provider,vehicle_key,vehicle_id,lat,lon,vehicle_type_id,is_reserved,is_disabled,current_range_meters,station_id,last_reported,fetched_at_utc,fetched_at_vancouver,feed_last_updated_utc,gbfs_version,source_gbfs_url,source_vehicle_feed_url,snapshot_time_utc,snapshot_time_vancouver
mobi_vancouver,mobi_vancouver_d25514f6-70f8-4b5d-ae67-bea7d3f46e01,d25514f6-70f8-4b5d-ae67-bea7d3f46e01,49.282214,-123.114101,1,FALSE,TRUE,0,0012,1783022725,2026-07-02T20:05:32Z,2026-07-02T20:05:32Z,2026-07-02T20:05:23Z,2.2,https://gbfs.kappa.fifteen.eu/gbfs/2.2/mobi/en/gbfs.json,https://gbfs.kappa.fifteen.eu/gbfs/2.2/mobi/en/free_bike_status.json,2026-07-02T20:05:31Z,2026-07-02T20:05:31Z
mobi_vancouver,mobi_vancouver_54e33576-47a7-475a-ae97-7a97e35199d0,54e33576-47a7-475a-ae97-7a97e35199d0,49.268269,-123.147885,1,FALSE,TRUE,0,0063,1783022725,2026-07-02T20:05:32Z,2026-07-02T20:05:32Z,2026-07-02T20:05:23Z,2.2,https://gbfs.kappa.fifteen.eu/gbfs/2.2/mobi/en/gbfs.json,https://gbfs.kappa.fifteen.eu/gbfs/2.2/mobi/en/free_bike_status.json,2026-07-02T20:05:31Z,2026-07-02T20:05:31Z
mobi_vancouver,mobi_vancouver_e50ced9b-65ec-4f1f-a014-dd5d4b16daae,e50ced9b-65ec-4f1f-a014-dd5d4b16daae,49.265336,-123.145823,1,FALSE,TRUE,0,0140,1783022725,2026-07-02T20:05:32Z,2026-07-02T20:05:32Z,2026-07-02T20:05:23Z,2.2,https://gbfs.kappa.fifteen.eu/gbfs/2.2/mobi/en/gbfs.json,https://gbfs.kappa.fifteen.eu/gbfs/2.2/mobi/en/free_bike_status.json,2026-07-02T20:05:31Z,2026-07-02T20:05:31Z
mobi_vancouver,mobi_vancouver_9412295a-219a-4966-97e7-8f69de7ea1a6,9412295a-219a-4966-97e7-8f69de7ea1a6,49.27713,-123.07583,2,FALSE,TRUE,0,,1783022725,2026-07-02T20:05:32Z,2026-07-02T20:05:32Z,2026-07-02T20:05:23Z,2.2,https://gbfs.kappa.fifteen.eu/gbfs/2.2/mobi/en/gbfs.json,https://gbfs.kappa.fifteen.eu/gbfs/2.2/mobi/en/free_bike_status.json,2026-07-02T20:05:31Z,2026-07-02T20:05:31Z
mobi_vancouver,mobi_vancouver_1e76ae13-d051-4a26-9626-b589e15df285,1e76ae13-d051-4a26-9626-b589e15df285,49.261736,-123.24648,1,FALSE,TRUE,1200,2136,1783022725,2026-07-02T20:05:32Z,2026-07-02T20:05:32Z,2026-07-02T20:05:23Z,2.2,https://gbfs.kappa.fifteen.eu/gbfs/2.2/mobi/en/gbfs.json,https://gbfs.kappa.fifteen.eu/gbfs/2.2/mobi/en/free_bike_status.json,2026-07-02T20:05:31Z,2026-07-02T20:05:31Z
mobi_vancouver,mobi_vancouver_ea249e21-b463-412c-96c0-6447ff02cfbb,ea249e21-b463-412c-96c0-6447ff02cfbb,49.287528,-123.142139,1,FALSE,TRUE,2000,0028,1783022725,2026-07-02T20:05:32Z,2026-07-02T20:05:32Z,2026-07-02T20:05:23Z,2.2,https://gbfs.kappa.fifteen.eu/gbfs/2.2/mobi/en/gbfs.json,https://gbfs.kappa.fifteen.eu/gbfs/2.2/mobi/en/free_bike_status.json,2026-07-02T20:05:31Z,2026-07-02T20:05:31Z
mobi_vancouver,mobi_vancouver_e39054a2-c56e-4a0f-bfda-3a1ea71fa89c,e39054a2-c56e-4a0f-bfda-3a1ea71fa89c,49.27808,-123.130557,2,FALSE,FALSE,3600,0089,1783022725,2026-07-02T20:05:32Z,2026-07-02T20:05:32Z,2026-07-02T20:05:23Z,2.2,https://gbfs.kappa.fifteen.eu/gbfs/2.2/mobi/en/gbfs.json,https://gbfs.kappa.fifteen.eu/gbfs/2.2/mobi/en/free_bike_status.json,2026-07-02T20:05:31Z,2026-07-02T20:05:31Z
mobi_vancouver,mobi_vancouver_bfaff4b9-ffaf-4c4d-9a70-d924678de54c,bfaff4b9-ffaf-4c4d-9a70-d924678de54c,49.283227,-123.120523,2,FALSE,FALSE,3600,0099,1783022725,2026-07-02T20:05:32Z,2026-07-02T20:05:32Z,2026-07-02T20:05:23Z,2.2,https://gbfs.kappa.fifteen.eu/gbfs/2.2/mobi/en/gbfs.json,https://gbfs.kappa.fifteen.eu/gbfs/2.2/mobi/en/free_bike_status.json,2026-07-02T20:05:31Z,2026-07-02T20:05:31Z
mobi_vancouver,mobi_vancouver_476db968-08d1-4a67-a084-c2ee357a3958,476db968-08d1-4a67-a084-c2ee357a3958,49.270684,-123.073562,2,FALSE,FALSE,3600,0252,1783022725,2026-07-02T20:05:32Z,2026-07-02T20:05:32Z,2026-07-02T20:05:23Z,2.2,https://gbfs.kappa.fifteen.eu/gbfs/2.2/mobi/en/gbfs.json,https://gbfs.kappa.fifteen.eu/gbfs/2.2/mobi/en/free_bike_status.json,2026-07-02T20:05:31Z,2026-07-02T20:05:31Z
mobi_vancouver,mobi_vancouver_09026422-0978-4754-beca-0e49d4e84a26,09026422-0978-4754-beca-0e49d4e84a26,49.261122,-123.097571,2,FALSE,FALSE,4000,0179,1783022725,2026-07-02T20:05:32Z,2026-07-02T20:05:32Z,2026-07-02T20:05:23Z,2.2,https://gbfs.kappa.fifteen.eu/gbfs/2.2/mobi/en/gbfs.json,https://gbfs.kappa.fifteen.eu/gbfs/2.2/mobi/en/free_bike_status.json,2026-07-02T20:05:31Z,2026-07-02T20:05:31Z
mobi_vancouver,mobi_vancouver_1bc3e6e0-75bb-493e-8ba1-98bd23ba2b2d,1bc3e6e0-75bb-493e-8ba1-98bd23ba2b2d,49.271741,-123.155421,2,FALSE,FALSE,4000,0124,1783022725,2026-07-02T20:05:32Z,2026-07-02T20:05:32Z,2026-07-02T20:05:23Z,2.2,https://gbfs.kappa.fifteen.eu/gbfs/2.2/mobi/en/gbfs.json,https://gbfs.kappa.fifteen.eu/gbfs/2.2/mobi/en/free_bike_status.json,2026-07-02T20:05:31Z,2026-07-02T20:05:31Z
mobi_vancouver,mobi_vancouver_8062dc68-69a3-4b6c-81f2-e6b285ec431e,8062dc68-69a3-4b6c-81f2-e6b285ec431e,49.26213,-123.11989,2,FALSE,FALSE,4000,0121,1783022725,2026-07-02T20:05:32Z,2026-07-02T20:05:32Z,2026-07-02T20:05:23Z,2.2,https://gbfs.kappa.fifteen.eu/gbfs/2.2/mobi/en/gbfs.json,https://gbfs.kappa.fifteen.eu/gbfs/2.2/mobi/en/free_bike_status.json,2026-07-02T20:05:31Z,2026-07-02T20:05:31Z
mobi_vancouver,mobi_vancouver_039b70cc-6b78-438b-8594-53b1290de2f6,039b70cc-6b78-438b-8594-53b1290de2f6,49.270905,-123.126006,2,FALSE,FALSE,4400,0136,1783022725,2026-07-02T20:05:32Z,2026-07-02T20:05:32Z,2026-07-02T20:05:23Z,2.2,https://gbfs.kappa.fifteen.eu/gbfs/2.2/mobi/en/gbfs.json,https://gbfs.kappa.fifteen.eu/gbfs/2.2/mobi/en/free_bike_status.json,2026-07-02T20:05:31Z,2026-07-02T20:05:31Z
mobi_vancouver,mobi_vancouver_6005d47e-89b7-4eb5-8b42-f70a0b501f07,6005d47e-89b7-4eb5-8b42-f70a0b501f07,49.261403,-123.070102,2,FALSE,FALSE,4400,0244,1783022725,2026-07-02T20:05:32Z,2026-07-02T20:05:32Z,2026-07-02T20:05:23Z,2.2,https://gbfs.kappa.fifteen.eu/gbfs/2.2/mobi/en/gbfs.json,https://gbfs.kappa.fifteen.eu/gbfs/2.2/mobi/en/free_bike_status.json,2026-07-02T20:05:31Z,2026-07-02T20:05:31Z
mobi_vancouver,mobi_vancouver_c2925571-4aa6-4a15-8258-2a059d2b3385,c2925571-4aa6-4a15-8258-2a059d2b3385,49.261122,-123.097571,2,FALSE,FALSE,4400,0179,1783022725,2026-07-02T20:05:32Z,2026-07-02T20:05:32Z,2026-07-02T20:05:23Z,2.2,https://gbfs.kappa.fifteen.eu/gbfs/2.2/mobi/en/gbfs.json,https://gbfs.kappa.fifteen.eu/gbfs/2.2/mobi/en/free_bike_status.json,2026-07-02T20:05:31Z,2026-07-02T20:05:31Z
mobi_vancouver,mobi_vancouver_f2975e18-c105-4d31-87d0-e7d27f9a9f0c,f2975e18-c105-4d31-87d0-e7d27f9a9f0c,49.286646,-123.129232,2,FALSE,FALSE,4400,0310,1783022725,2026-07-02T20:05:32Z,2026-07-02T20:05:32Z,2026-07-02T20:05:23Z,2.2,https://gbfs.kappa.fifteen.eu/gbfs/2.2/mobi/en/gbfs.json,https://gbfs.kappa.fifteen.eu/gbfs/2.2/mobi/en/free_bike_status.json,2026-07-02T20:05:31Z,2026-07-02T20:05:31Z
mobi_vancouver,mobi_vancouver_6ab0e57b-4133-4b50-8cf0-d8f9a3736cbe,6ab0e57b-4133-4b50-8cf0-d8f9a3736cbe,49.26213,-123.11989,2,FALSE,FALSE,4400,0121,1783022725,2026-07-02T20:05:32Z,2026-07-02T20:05:32Z,2026-07-02T20:05:23Z,2.2,https://gbfs.kappa.fifteen.eu/gbfs/2.2/mobi/en/gbfs.json,https://gbfs.kappa.fifteen.eu/gbfs/2.2/mobi/en/free_bike_status.json,2026-07-02T20:05:31Z,2026-07-02T20:05:31Z
mobi_vancouver,mobi_vancouver_586a5cc2-ea68-4ed3-b3c2-b851ef320c50,586a5cc2-ea68-4ed3-b3c2-b851ef320c50,49.28725,-123.11298,2,FALSE,FALSE,4800,0014,1783022725,2026-07-02T20:05:32Z,2026-07-02T20:05:32Z,2026-07-02T20:05:23Z,2.2,https://gbfs.kappa.fifteen.eu/gbfs/2.2/mobi/en/gbfs.json,https://gbfs.kappa.fifteen.eu/gbfs/2.2/mobi/en/free_bike_status.json,2026-07-02T20:05:31Z,2026-07-02T20:05:31Z
mobi_vancouver,mobi_vancouver_4c0daf75-b1ce-4f95-b63e-adf627392c67,4c0daf75-b1ce-4f95-b63e-adf627392c67,49.28616,-123.12675,2,FALSE,FALSE,4800,0036,1783022725,2026-07-02T20:05:32Z,2026-07-02T20:05:32Z,2026-07-02T20:05:23Z,2.2,https://gbfs.kappa.fifteen.eu/gbfs/2.2/mobi/en/gbfs.json,https://gbfs.kappa.fifteen.eu/gbfs/2.2/mobi/en/free_bike_status.json,2026-07-02T20:05:31Z,2026-07-02T20:05:31Z
mobi_vancouver,mobi_vancouver_8927cdb8-4a9e-49a8-b4c3-c7b1befccb5b,8927cdb8-4a9e-49a8-b4c3-c7b1befccb5b,49.285253,-123.134356,2,FALSE,FALSE,4800,0048,1783022725,2026-07-02T20:05:32Z,2026-07-02T20:05:32Z,2026-07-02T20:05:23Z,2.2,https://gbfs.kappa.fifteen.eu/gbfs/2.2/mobi/en/gbfs.json,https://gbfs.kappa.fifteen.eu/gbfs/2.2/mobi/en/free_bike_status.json,2026-07-02T20:05:31Z,2026-07-02T20:05:31Z
mobi_vancouver,mobi_vancouver_9ce3ecb4-7731-4eb3-8468-d48ce8cabaaa,9ce3ecb4-7731-4eb3-8468-d48ce8cabaaa,49.257654,-123.153212,2,FALSE,FALSE,4800,0113,1783022725,2026-07-02T20:05:32Z,2026-07-02T20:05:32Z,2026-07-02T20:05:23Z,2.2,https://gbfs.kappa.fifteen.eu/gbfs/2.2/mobi/en/gbfs.json,https://gbfs.kappa.fifteen.eu/gbfs/2.2/mobi/en/free_bike_status.json,2026-07-02T20:05:31Z,2026-07-02T20:05:31Z
mobi_vancouver,mobi_vancouver_bcd5b478-e842-4403-b30f-b52105287121,bcd5b478-e842-4403-b30f-b52105287121,49.258924,-123.152591,2,FALSE,FALSE,4800,0152,1783022725,2026-07-02T20:05:32Z,2026-07-02T20:05:32Z,2026-07-02T20:05:23Z,2.2,https://gbfs.kappa.fifteen.eu/gbfs/2.2/mobi/en/gbfs.json,https://gbfs.kappa.fifteen.eu/gbfs/2.2/mobi/en/free_bike_status.json,2026-07-02T20:05:31Z,2026-07-02T20:05:31Z
mobi_vancouver,mobi_vancouver_05905501-7f7a-4309-bcc2-36031860d618,05905501-7f7a-4309-bcc2-36031860d618,49.262822,-123.14338,2,FALSE,FALSE,4800,0205,1783022725,2026-07-02T20:05:32Z,2026-07-02T20:05:32Z,2026-07-02T20:05:23Z,2.2,https://gbfs.kappa.fifteen.eu/gbfs/2.2/mobi/en/gbfs.json,https://gbfs.kappa.fifteen.eu/gbfs/2.2/mobi/en/free_bike_status.json,2026-07-02T20:05:31Z,2026-07-02T20:05:31Z
mobi_vancouver,mobi_vancouver_d4d14e7f-5805-4fa7-add7-035da306b12f,d4d14e7f-5805-4fa7-add7-035da306b12f,49.28567,-123.112543,2,FALSE,FALSE,4800,0021,1783022725,2026-07-02T20:05:32Z,2026-07-02T20:05:32Z,2026-07-02T20:05:23Z,2.2,https://gbfs.kappa.fifteen.eu/gbfs/2.2/mobi/en/gbfs.json,https://gbfs.kappa.fifteen.eu/gbfs/2.2/mobi/en/free_bike_status.json,2026-07-02T20:05:31Z,2026-07-02T20:05:31Z
mobi_vancouver,mobi_vancouver_f0f16237-5b80-46a1-8db3-f22954d1ffd9,f0f16237-5b80-46a1-8db3-f22954d1ffd9,49.27033,-123.10275,1,FALSE,FALSE,4800,0177,1783022725,2026-07-02T20:05:32Z,2026-07-02T20:05:32Z,2026-07-02T20:05:23Z,2.2,https://gbfs.kappa.fifteen.eu/gbfs/2.2/mobi/en/gbfs.json,https://gbfs.kappa.fifteen.eu/gbfs/2.2/mobi/en/free_bike_status.json,2026-07-02T20:05:31Z,2026-07-02T20:05:31Z
mobi_vancouver,mobi_vancouver_a82f4320-eefc-49c7-83f6-b6575ccc9e2f,a82f4320-eefc-49c7-83f6-b6575ccc9e2f,49.279764,-123.110154,2,FALSE,FALSE,5200,0005,1783022725,2026-07-02T20:05:32Z,2026-07-02T20:05:32Z,2026-07-02T20:05:23Z,2.2,https://gbfs.kappa.fifteen.eu/gbfs/2.2/mobi/en/gbfs.json,https://gbfs.kappa.fifteen.eu/gbfs/2.2/mobi/en/free_bike_status.json,2026-07-02T20:05:31Z,2026-07-02T20:05:31Z
mobi_vancouver,mobi_vancouver_658453ed-d361-4e2f-850f-50d3607e3c2a,658453ed-d361-4e2f-850f-50d3607e3c2a,49.280216,-123.117639,2,FALSE,FALSE,5200,0129,1783022725,2026-07-02T20:05:32Z,2026-07-02T20:05:32Z,2026-07-02T20:05:23Z,2.2,https://gbfs.kappa.fifteen.eu/gbfs/2.2/mobi/en/gbfs.json,https://gbfs.kappa.fifteen.eu/gbfs/2.2/mobi/en/free_bike_status.json,2026-07-02T20:05:31Z,2026-07-02T20:05:31Z
mobi_vancouver,mobi_vancouver_654d3232-0440-4fe5-b85f-873f3411826f,654d3232-0440-4fe5-b85f-873f3411826f,49.27023,-123.10651,2,FALSE,FALSE,5200,0174,1783022725,2026-07-02T20:05:32Z,2026-07-02T20:05:32Z,2026-07-02T20:05:23Z,2.2,https://gbfs.kappa.fifteen.eu/gbfs/2.2/mobi/en/gbfs.json,https://gbfs.kappa.fifteen.eu/gbfs/2.2/mobi/en/free_bike_status.json,2026-07-02T20:05:31Z,2026-07-02T20:05:31Z
mobi_vancouver,mobi_vancouver_a49277d6-f6a9-4434-929d-8b395ff059bb,a49277d6-f6a9-4434-929d-8b395ff059bb,49.277141,-123.122589,2,FALSE,FALSE,5200,0138,1783022725,2026-07-02T20:05:32Z,2026-07-02T20:05:32Z,2026-07-02T20:05:23Z,2.2,https://gbfs.kappa.fifteen.eu/gbfs/2.2/mobi/en/gbfs.json,https://gbfs.kappa.fifteen.eu/gbfs/2.2/mobi/en/free_bike_status.json,2026-07-02T20:05:31Z,2026-07-02T20:05:31Z
mobi_vancouver,mobi_vancouver_a07e8944-9c41-49d7-ad5f-465f1b61a320,a07e8944-9c41-49d7-ad5f-465f1b61a320,49.261353,-123.085333,2,FALSE,FALSE,5200,0265,1783022725,2026-07-02T20:05:32Z,2026-07-02T20:05:32Z,2026-07-02T20:05:23Z,2.2,https://gbfs.kappa.fifteen.eu/gbfs/2.2/mobi/en/gbfs.json,https://gbfs.kappa.fifteen.eu/gbfs/2.2/mobi/en/free_bike_status.json,2026-07-02T20:05:31Z,2026-07-02T20:05:31Z
mobi_vancouver,mobi_vancouver_746c8526-b9d2-4216-920d-c582b5ab4ac3,746c8526-b9d2-4216-920d-c582b5ab4ac3,49.279235,-123.087528,2,FALSE,FALSE,5200,0228,1783022725,2026-07-02T20:05:32Z,2026-07-02T20:05:32Z,2026-07-02T20:05:23Z,2.2,https://gbfs.kappa.fifteen.eu/gbfs/2.2/mobi/en/gbfs.json,https://gbfs.kappa.fifteen.eu/gbfs/2.2/mobi/en/free_bike_status.json,2026-07-02T20:05:31Z,2026-07-02T20:05:31Z
mobi_vancouver,mobi_vancouver_b2b60c51-d07e-4154-9f08-1e2006eb9d1e,b2b60c51-d07e-4154-9f08-1e2006eb9d1e,49.27029,-123.135025,2,FALSE,FALSE,5200,0189,1783022725,2026-07-02T20:05:32Z,2026-07-02T20:05:32Z,2026-07-02T20:05:23Z,2.2,https://gbfs.kappa.fifteen.eu/gbfs/2.2/mobi/en/gbfs.json,https://gbfs.kappa.fifteen.eu/gbfs/2.2/mobi/en/free_bike_status.json,2026-07-02T20:05:31Z,2026-07-02T20:05:31Z
mobi_vancouver,mobi_vancouver_51d6b7a2-5c1d-414a-9f02-f937177cd403,51d6b7a2-5c1d-414a-9f02-f937177cd403,49.265442,-123.187738,2,FALSE,FALSE,5200,0403,1783022725,2026-07-02T20:05:32Z,2026-07-02T20:05:32Z,2026-07-02T20:05:23Z,2.2,https://gbfs.kappa.fifteen.eu/gbfs/2.2/mobi/en/gbfs.json,https://gbfs.kappa.fifteen.eu/gbfs/2.2/mobi/en/free_bike_status.json,2026-07-02T20:05:31Z,2026-07-02T20:05:31Z
mobi_vancouver,mobi_vancouver_1a54ae55-2f51-45d2-8f4f-b7230ec4cae6,1a54ae55-2f51-45d2-8f4f-b7230ec4cae6,49.28725,-123.11298,2,FALSE,FALSE,5600,0014,1783022725,2026-07-02T20:05:32Z,2026-07-02T20:05:32Z,2026-07-02T20:05:23Z,2.2,https://gbfs.kappa.fifteen.eu/gbfs/2.2/mobi/en/gbfs.json,https://gbfs.kappa.fifteen.eu/gbfs/2.2/mobi/en/free_bike_status.json,2026-07-02T20:05:31Z,2026-07-02T20:05:31Z
mobi_vancouver,mobi_vancouver_88cfa92f-b8c2-4f29-8ece-5b827dd51ee7,88cfa92f-b8c2-4f29-8ece-5b827dd51ee7,49.280852,-123.084746,2,FALSE,FALSE,5600,0227,1783022725,2026-07-02T20:05:32Z,2026-07-02T20:05:32Z,2026-07-02T20:05:23Z,2.2,https://gbfs.kappa.fifteen.eu/gbfs/2.2/mobi/en/gbfs.json,https://gbfs.kappa.fifteen.eu/gbfs/2.2/mobi/en/free_bike_status.json,2026-07-02T20:05:31Z,2026-07-02T20:05:31Z
mobi_vancouver,mobi_vancouver_b490fe80-9b25-4ace-8ab7-4f9433c15cf8,b490fe80-9b25-4ace-8ab7-4f9433c15cf8,49.265242,-123.095577,2,FALSE,FALSE,5600,0297,1783022725,2026-07-02T20:05:32Z,2026-07-02T20:05:32Z,2026-07-02T20:05:23Z,2.2,https://gbfs.kappa.fifteen.eu/gbfs/2.2/mobi/en/gbfs.json,https://gbfs.kappa.fifteen.eu/gbfs/2.2/mobi/en/free_bike_status.json,2026-07-02T20:05:31Z,2026-07-02T20:05:31Z
mobi_vancouver,mobi_vancouver_1c3ea9ae-a209-4c00-be36-eefb8d1de435,1c3ea9ae-a209-4c00-be36-eefb8d1de435,49.249184,-123.116141,2,FALSE,FALSE,5600,0524,1783022725,2026-07-02T20:05:32Z,2026-07-02T20:05:32Z,2026-07-02T20:05:23Z,2.2,https://gbfs.kappa.fifteen.eu/gbfs/2.2/mobi/en/gbfs.json,https://gbfs.kappa.fifteen.eu/gbfs/2.2/mobi/en/free_bike_status.json,2026-07-02T20:05:31Z,2026-07-02T20:05:31Z
mobi_vancouver,mobi_vancouver_43798bac-847c-44b5-affe-15a3d208d68b,43798bac-847c-44b5-affe-15a3d208d68b,49.238105,-123.154966,2,FALSE,FALSE,5600,0482,1783022725,2026-07-02T20:05:32Z,2026-07-02T20:05:32Z,2026-07-02T20:05:23Z,2.2,https://gbfs.kappa.fifteen.eu/gbfs/2.2/mobi/en/gbfs.json,https://gbfs.kappa.fifteen.eu/gbfs/2.2/mobi/en/free_bike_status.json,2026-07-02T20:05:31Z,2026-07-02T20:05:31Z
mobi_vancouver,mobi_vancouver_5b24c6bf-b194-4bbb-90fa-637dfe047a69,5b24c6bf-b194-4bbb-90fa-637dfe047a69,49.279938,-123.127478,2,FALSE,FALSE,6000,0039,1783022725,2026-07-02T20:05:32Z,2026-07-02T20:05:32Z,2026-07-02T20:05:23Z,2.2,https://gbfs.kappa.fifteen.eu/gbfs/2.2/mobi/en/gbfs.json,https://gbfs.kappa.fifteen.eu/gbfs/2.2/mobi/en/free_bike_status.json,2026-07-02T20:05:31Z,2026-07-02T20:05:31Z
mobi_vancouver,mobi_vancouver_1b99b5c8-a8d1-4f73-bdd5-555d84cda67c,1b99b5c8-a8d1-4f73-bdd5-555d84cda67c,49.28567,-123.112543,2,FALSE,FALSE,6000,0021,1783022725,2026-07-02T20:05:32Z,2026-07-02T20:05:32Z,2026-07-02T20:05:23Z,2.2,https://gbfs.kappa.fifteen.eu/gbfs/2.2/mobi/en/gbfs.json,https://gbfs.kappa.fifteen.eu/gbfs/2.2/mobi/en/free_bike_status.json,2026-07-02T20:05:31Z,2026-07-02T20:05:31Z
mobi_vancouver,mobi_vancouver_bb9e29d5-a954-4f1c-92ba-9f8eac345ee1,bb9e29d5-a954-4f1c-92ba-9f8eac345ee1,49.254818,-123.114785,1,FALSE,FALSE,6000,0531,1783022725,2026-07-02T20:05:32Z,2026-07-02T20:05:32Z,2026-07-02T20:05:23Z,2.2,https://gbfs.kappa.fifteen.eu/gbfs/2.2/mobi/en/gbfs.json,https://gbfs.kappa.fifteen.eu/gbfs/2.2/mobi/en/free_bike_status.json,2026-07-02T20:05:31Z,2026-07-02T20:05:31Z
mobi_vancouver,mobi_vancouver_5a764cd9-c268-4d42-959c-91fbb8d9cb93,5a764cd9-c268-4d42-959c-91fbb8d9cb93,49.2658,-123.20596,2,FALSE,FALSE,6000,0715,1783022725,2026-07-02T20:05:32Z,2026-07-02T20:05:32Z,2026-07-02T20:05:23Z,2.2,https://gbfs.kappa.fifteen.eu/gbfs/2.2/mobi/en/gbfs.json,https://gbfs.kappa.fifteen.eu/gbfs/2.2/mobi/en/free_bike_status.json,2026-07-02T20:05:31Z,2026-07-02T20:05:31Z
mobi_vancouver,mobi_vancouver_7af49891-f936-464d-99cb-f0218e7ef580,7af49891-f936-464d-99cb-f0218e7ef580,49.265442,-123.187738,2,FALSE,FALSE,6000,0403,1783022725,2026-07-02T20:05:32Z,2026-07-02T20:05:32Z,2026-07-02T20:05:23Z,2.2,https://gbfs.kappa.fifteen.eu/gbfs/2.2/mobi/en/gbfs.json,https://gbfs.kappa.fifteen.eu/gbfs/2.2/mobi/en/free_bike_status.json,2026-07-02T20:05:31Z,2026-07-02T20:05:31Z
mobi_vancouver,mobi_vancouver_98410c95-96a2-4bc7-be14-a9e65c03fc73,98410c95-96a2-4bc7-be14-a9e65c03fc73,49.271221,-123.191133,1,FALSE,FALSE,6400,0400,1783022725,2026-07-02T20:05:32Z,2026-07-02T20:05:32Z,2026-07-02T20:05:23Z,2.2,https://gbfs.kappa.fifteen.eu/gbfs/2.2/mobi/en/gbfs.json,https://gbfs.kappa.fifteen.eu/gbfs/2.2/mobi/en/free_bike_status.json,2026-07-02T20:05:31Z,2026-07-02T20:05:31Z
mobi_vancouver,mobi_vancouver_e121b025-bc99-48e5-9e48-3ca832192bbe,e121b025-bc99-48e5-9e48-3ca832192bbe,49.283992,-123.091206,2,FALSE,FALSE,6800,0230,1783022725,2026-07-02T20:05:32Z,2026-07-02T20:05:32Z,2026-07-02T20:05:23Z,2.2,https://gbfs.kappa.fifteen.eu/gbfs/2.2/mobi/en/gbfs.json,https://gbfs.kappa.fifteen.eu/gbfs/2.2/mobi/en/free_bike_status.json,2026-07-02T20:05:31Z,2026-07-02T20:05:31Z
mobi_vancouver,mobi_vancouver_26533c24-33ac-494d-ba83-69ccd7c6bad6,26533c24-33ac-494d-ba83-69ccd7c6bad6,49.265071,-123.123864,2,FALSE,FALSE,6800,0191,1783022725,2026-07-02T20:05:32Z,2026-07-02T20:05:32Z,2026-07-02T20:05:23Z,2.2,https://gbfs.kappa.fifteen.eu/gbfs/2.2/mobi/en/gbfs.json,https://gbfs.kappa.fifteen.eu/gbfs/2.2/mobi/en/free_bike_status.json,2026-07-02T20:05:31Z,2026-07-02T20:05:31Z
mobi_vancouver,mobi_vancouver_a3fc39ad-b589-4bf3-824f-356fbccd6fff,a3fc39ad-b589-4bf3-824f-356fbccd6fff,49.262487,-123.114397,2,FALSE,FALSE,7200,0001,1783022725,2026-07-02T20:05:32Z,2026-07-02T20:05:32Z,2026-07-02T20:05:23Z,2.2,https://gbfs.kappa.fifteen.eu/gbfs/2.2/mobi/en/gbfs.json,https://gbfs.kappa.fifteen.eu/gbfs/2.2/mobi/en/free_bike_status.json,2026-07-02T20:05:31Z,2026-07-02T20:05:31Z
mobi_vancouver,mobi_vancouver_7565f4b7-94c9-41a8-81cd-723e67b46e79,7565f4b7-94c9-41a8-81cd-723e67b46e79,49.279739,-123.116251,2,FALSE,FALSE,7200,0025,1783022725,2026-07-02T20:05:32Z,2026-07-02T20:05:32Z,2026-07-02T20:05:23Z,2.2,https://gbfs.kappa.fifteen.eu/gbfs/2.2/mobi/en/gbfs.json,https://gbfs.kappa.fifteen.eu/gbfs/2.2/mobi/en/free_bike_status.json,2026-07-02T20:05:31Z,2026-07-02T20:05:31Z
mobi_vancouver,mobi_vancouver_f8833723-a9ce-43c7-8bfc-63599bf9ce1c,f8833723-a9ce-43c7-8bfc-63599bf9ce1c,49.284605,-123.108662,2,FALSE,FALSE,7200,0052,1783022725,2026-07-02T20:05:32Z,2026-07-02T20:05:32Z,2026-07-02T20:05:23Z,2.2,https://gbfs.kappa.fifteen.eu/gbfs/2.2/mobi/en/gbfs.json,https://gbfs.kappa.fifteen.eu/gbfs/2.2/mobi/en/free_bike_status.json,2026-07-02T20:05:31Z,2026-07-02T20:05:31Z
mobi_vancouver,mobi_vancouver_9f6c8ee5-3cae-424f-a431-ee7cee6940ae,9f6c8ee5-3cae-424f-a431-ee7cee6940ae,49.267222,-123.153157,2,FALSE,FALSE,7200,0110,1783022725,2026-07-02T20:05:32Z,2026-07-02T20:05:32Z,2026-07-02T20:05:23Z,2.2,https://gbfs.kappa.fifteen.eu/gbfs/2.2/mobi/en/gbfs.json,https://gbfs.kappa.fifteen.eu/gbfs/2.2/mobi/en/free_bike_status.json,2026-07-02T20:05:31Z,2026-07-02T20:05:31Z
mobi_vancouver,mobi_vancouver_2e1d6cb8-189a-48e6-b1f5-1c1c7f4d13ad,2e1d6cb8-189a-48e6-b1f5-1c1c7f4d13ad,49.280284,-123.097052,2,FALSE,FALSE,7200,0213,1783022725,2026-07-02T20:05:32Z,2026-07-02T20:05:32Z,2026-07-02T20:05:23Z,2.2,https://gbfs.kappa.fifteen.eu/gbfs/2.2/mobi/en/gbfs.json,https://gbfs.kappa.fifteen.eu/gbfs/2.2/mobi/en/free_bike_status.json,2026-07-02T20:05:31Z,2026-07-02T20:05:31Z
mobi_vancouver,mobi_vancouver_f94d931d-af78-4259-9ba1-00fdf2c16ad0,f94d931d-af78-4259-9ba1-00fdf2c16ad0,49.276768,-123.075636,2,FALSE,FALSE,7200,,1783022725,2026-07-02T20:05:32Z,2026-07-02T20:05:32Z,2026-07-02T20:05:23Z,2.2,https://gbfs.kappa.fifteen.eu/gbfs/2.2/mobi/en/gbfs.json,https://gbfs.kappa.fifteen.eu/gbfs/2.2/mobi/en/free_bike_status.json,2026-07-02T20:05:31Z,2026-07-02T20:05:31Z
mobi_vancouver,mobi_vancouver_d14ecc06-726c-4d00-ba12-5851241e6627,d14ecc06-726c-4d00-ba12-5851241e6627,49.284605,-123.108662,1,FALSE,FALSE,7600,0052,1783022725,2026-07-02T20:05:32Z,2026-07-02T20:05:32Z,2026-07-02T20:05:23Z,2.2,https://gbfs.kappa.fifteen.eu/gbfs/2.2/mobi/en/gbfs.json,https://gbfs.kappa.fifteen.eu/gbfs/2.2/mobi/en/free_bike_status.json,2026-07-02T20:05:31Z,2026-07-02T20:05:31Z
mobi_vancouver,mobi_vancouver_376f1c35-e1aa-4dd9-99c6-1c8230cb1501,376f1c35-e1aa-4dd9-99c6-1c8230cb1501,49.274566,-123.121817,2,FALSE,FALSE,7600,0004,1783022725,2026-07-02T20:05:32Z,2026-07-02T20:05:32Z,2026-07-02T20:05:23Z,2.2,https://gbfs.kappa.fifteen.eu/gbfs/2.2/mobi/en/gbfs.json,https://gbfs.kappa.fifteen.eu/gbfs/2.2/mobi/en/free_bike_status.json,2026-07-02T20:05:31Z,2026-07-02T20:05:31Z
mobi_vancouver,mobi_vancouver_2271cd79-2ce6-431c-8c0d-221056af3d95,2271cd79-2ce6-431c-8c0d-221056af3d95,49.272969,-123.164325,1,FALSE,FALSE,7600,0460,1783022725,2026-07-02T20:05:32Z,2026-07-02T20:05:32Z,2026-07-02T20:05:23Z,2.2,https://gbfs.kappa.fifteen.eu/gbfs/2.2/mobi/en/gbfs.json,https://gbfs.kappa.fifteen.eu/gbfs/2.2/mobi/en/free_bike_status.json,2026-07-02T20:05:31Z,2026-07-02T20:05:31Z
mobi_vancouver,mobi_vancouver_48c7f1b3-0d99-4502-83a4-4099b65a0a6e,48c7f1b3-0d99-4502-83a4-4099b65a0a6e,49.238105,-123.154966,2,FALSE,FALSE,7600,0482,1783022725,2026-07-02T20:05:32Z,2026-07-02T20:05:32Z,2026-07-02T20:05:23Z,2.2,https://gbfs.kappa.fifteen.eu/gbfs/2.2/mobi/en/gbfs.json,https://gbfs.kappa.fifteen.eu/gbfs/2.2/mobi/en/free_bike_status.json,2026-07-02T20:05:31Z,2026-07-02T20:05:31Z
mobi_vancouver,mobi_vancouver_daab633f-8878-4d1a-9869-1375e3b27287,daab633f-8878-4d1a-9869-1375e3b27287,49.283482,-123.103738,2,FALSE,FALSE,7600,0013,1783022725,2026-07-02T20:05:32Z,2026-07-02T20:05:32Z,2026-07-02T20:05:23Z,2.2,https://gbfs.kappa.fifteen.eu/gbfs/2.2/mobi/en/gbfs.json,https://gbfs.kappa.fifteen.eu/gbfs/2.2/mobi/en/free_bike_status.json,2026-07-02T20:05:31Z,2026-07-02T20:05:31Z
mobi_vancouver,mobi_vancouver_3f5ce986-3f0f-49ae-9a67-a4735312558b,3f5ce986-3f0f-49ae-9a67-a4735312558b,49.279259,-123.119145,2,FALSE,FALSE,8000,0058,1783022725,2026-07-02T20:05:32Z,2026-07-02T20:05:32Z,2026-07-02T20:05:23Z,2.2,https://gbfs.kappa.fifteen.eu/gbfs/2.2/mobi/en/gbfs.json,https://gbfs.kappa.fifteen.eu/gbfs/2.2/mobi/en/free_bike_status.json,2026-07-02T20:05:31Z,2026-07-02T20:05:31Z
mobi_vancouver,mobi_vancouver_2a9f42cc-f2ee-45f6-9b43-94cc2509238d,2a9f42cc-f2ee-45f6-9b43-94cc2509238d,49.28526,-123.141809,2,FALSE,FALSE,8000,0060,1783022725,2026-07-02T20:05:32Z,2026-07-02T20:05:32Z,2026-07-02T20:05:23Z,2.2,https://gbfs.kappa.fifteen.eu/gbfs/2.2/mobi/en/gbfs.json,https://gbfs.kappa.fifteen.eu/gbfs/2.2/mobi/en/free_bike_status.json,2026-07-02T20:05:31Z,2026-07-02T20:05:31Z
mobi_vancouver,mobi_vancouver_3b37c431-a145-41c5-abd2-38dc86883007,3b37c431-a145-41c5-abd2-38dc86883007,49.287097,-123.118551,2,FALSE,FALSE,8000,0016,1783022725,2026-07-02T20:05:32Z,2026-07-02T20:05:32Z,2026-07-02T20:05:23Z,2.2,https://gbfs.kappa.fifteen.eu/gbfs/2.2/mobi/en/gbfs.json,https://gbfs.kappa.fifteen.eu/gbfs/2.2/mobi/en/free_bike_status.json,2026-07-02T20:05:31Z,2026-07-02T20:05:31Z
mobi_vancouver,mobi_vancouver_a94d420d-aca6-41d0-9829-47bc069ed8f0,a94d420d-aca6-41d0-9829-47bc069ed8f0,49.261742,-123.13148,1,FALSE,FALSE,8000,0166,1783022725,2026-07-02T20:05:32Z,2026-07-02T20:05:32Z,2026-07-02T20:05:23Z,2.2,https://gbfs.kappa.fifteen.eu/gbfs/2.2/mobi/en/gbfs.json,https://gbfs.kappa.fifteen.eu/gbfs/2.2/mobi/en/free_bike_status.json,2026-07-02T20:05:31Z,2026-07-02T20:05:31Z
mobi_vancouver,mobi_vancouver_1be7c97b-3965-4a44-ab40-51fc7257dce9,1be7c97b-3965-4a44-ab40-51fc7257dce9,49.276897,-123.101746,2,FALSE,FALSE,8000,0801,1783022725,2026-07-02T20:05:32Z,2026-07-02T20:05:32Z,2026-07-02T20:05:23Z,2.2,https://gbfs.kappa.fifteen.eu/gbfs/2.2/mobi/en/gbfs.json,https://gbfs.kappa.fifteen.eu/gbfs/2.2/mobi/en/free_bike_status.json,2026-07-02T20:05:31Z,2026-07-02T20:05:31Z
mobi_vancouver,mobi_vancouver_de9cfc7a-55e9-4ba4-8ddb-aa21a3282e86,de9cfc7a-55e9-4ba4-8ddb-aa21a3282e86,49.261403,-123.070102,2,FALSE,FALSE,8000,0244,1783022725,2026-07-02T20:05:32Z,2026-07-02T20:05:32Z,2026-07-02T20:05:23Z,2.2,https://gbfs.kappa.fifteen.eu/gbfs/2.2/mobi/en/gbfs.json,https://gbfs.kappa.fifteen.eu/gbfs/2.2/mobi/en/free_bike_status.json,2026-07-02T20:05:31Z,2026-07-02T20:05:31Z
mobi_vancouver,mobi_vancouver_6f747224-7eb9-4c0c-a47a-f874c02747b3,6f747224-7eb9-4c0c-a47a-f874c02747b3,49.261973,-123.09725,2,FALSE,FALSE,8000,0186,1783022725,2026-07-02T20:05:32Z,2026-07-02T20:05:32Z,2026-07-02T20:05:23Z,2.2,https://gbfs.kappa.fifteen.eu/gbfs/2.2/mobi/en/gbfs.json,https://gbfs.kappa.fifteen.eu/gbfs/2.2/mobi/en/free_bike_status.json,2026-07-02T20:05:31Z,2026-07-02T20:05:31Z
mobi_vancouver,mobi_vancouver_2af46b0d-72e6-44cb-94ee-af4e6baf7f7c,2af46b0d-72e6-44cb-94ee-af4e6baf7f7c,49.261122,-123.097571,2,FALSE,FALSE,8000,0179,1783022725,2026-07-02T20:05:32Z,2026-07-02T20:05:32Z,2026-07-02T20:05:23Z,2.2,https://gbfs.kappa.fifteen.eu/gbfs/2.2/mobi/en/gbfs.json,https://gbfs.kappa.fifteen.eu/gbfs/2.2/mobi/en/free_bike_status.json,2026-07-02T20:05:31Z,2026-07-02T20:05:31Z
mobi_vancouver,mobi_vancouver_6a8de171-087b-4ee7-8efa-7115c458eb5b,6a8de171-087b-4ee7-8efa-7115c458eb5b,49.271044,-123.170661,1,FALSE,FALSE,8000,0450,1783022725,2026-07-02T20:05:32Z,2026-07-02T20:05:32Z,2026-07-02T20:05:23Z,2.2,https://gbfs.kappa.fifteen.eu/gbfs/2.2/mobi/en/gbfs.json,https://gbfs.kappa.fifteen.eu/gbfs/2.2/mobi/en/free_bike_status.json,2026-07-02T20:05:31Z,2026-07-02T20:05:31Z
mobi_vancouver,mobi_vancouver_7cf1e1a5-54c8-4e0b-814a-18001e666591,7cf1e1a5-54c8-4e0b-814a-18001e666591,49.270721,-123.146175,2,FALSE,FALSE,8000,0464,1783022725,2026-07-02T20:05:32Z,2026-07-02T20:05:32Z,2026-07-02T20:05:23Z,2.2,https://gbfs.kappa.fifteen.eu/gbfs/2.2/mobi/en/gbfs.json,https://gbfs.kappa.fifteen.eu/gbfs/2.2/mobi/en/free_bike_status.json,2026-07-02T20:05:31Z,2026-07-02T20:05:31Z
mobi_vancouver,mobi_vancouver_5cc704df-de2f-45ce-8d88-7fedd84d3cce,5cc704df-de2f-45ce-8d88-7fedd84d3cce,49.261736,-123.24648,2,FALSE,FALSE,8000,2136,1783022725,2026-07-02T20:05:32Z,2026-07-02T20:05:32Z,2026-07-02T20:05:23Z,2.2,https://gbfs.kappa.fifteen.eu/gbfs/2.2/mobi/en/gbfs.json,https://gbfs.kappa.fifteen.eu/gbfs/2.2/mobi/en/free_bike_status.json,2026-07-02T20:05:31Z,2026-07-02T20:05:31Z
mobi_vancouver,mobi_vancouver_e7c528c7-d8c9-4ff9-8299-bba0852988a8,e7c528c7-d8c9-4ff9-8299-bba0852988a8,49.266969,-123.069936,2,FALSE,FALSE,8400,0241,1783022725,2026-07-02T20:05:32Z,2026-07-02T20:05:32Z,2026-07-02T20:05:23Z,2.2,https://gbfs.kappa.fifteen.eu/gbfs/2.2/mobi/en/gbfs.json,https://gbfs.kappa.fifteen.eu/gbfs/2.2/mobi/en/free_bike_status.json,2026-07-02T20:05:31Z,2026-07-02T20:05:31Z
mobi_vancouver,mobi_vancouver_abd83e07-66ca-4880-aed2-774b7e87f4bd,abd83e07-66ca-4880-aed2-774b7e87f4bd,49.28668,-123.04457,2,FALSE,FALSE,8400,0643,1783022725,2026-07-02T20:05:32Z,2026-07-02T20:05:32Z,2026-07-02T20:05:23Z,2.2,https://gbfs.kappa.fifteen.eu/gbfs/2.2/mobi/en/gbfs.json,https://gbfs.kappa.fifteen.eu/gbfs/2.2/mobi/en/free_bike_status.json,2026-07-02T20:05:31Z,2026-07-02T20:05:31Z
mobi_vancouver,mobi_vancouver_8ead9290-575f-4859-85ef-0049ef0762c8,8ead9290-575f-4859-85ef-0049ef0762c8,49.285512,-123.1384,2,FALSE,FALSE,8800,0040,1783022725,2026-07-02T20:05:32Z,2026-07-02T20:05:32Z,2026-07-02T20:05:23Z,2.2,https://gbfs.kappa.fifteen.eu/gbfs/2.2/mobi/en/gbfs.json,https://gbfs.kappa.fifteen.eu/gbfs/2.2/mobi/en/free_bike_status.json,2026-07-02T20:05:31Z,2026-07-02T20:05:31Z
mobi_vancouver,mobi_vancouver_62afac46-eb94-4eed-aefc-8a401339d4c7,62afac46-eb94-4eed-aefc-8a401339d4c7,49.249184,-123.116141,2,FALSE,FALSE,8800,0074,1783022725,2026-07-02T20:05:32Z,2026-07-02T20:05:32Z,2026-07-02T20:05:23Z,2.2,https://gbfs.kappa.fifteen.eu/gbfs/2.2/mobi/en/gbfs.json,https://gbfs.kappa.fifteen.eu/gbfs/2.2/mobi/en/free_bike_status.json,2026-07-02T20:05:31Z,2026-07-02T20:05:31Z
mobi_vancouver,mobi_vancouver_3db6912b-1521-4144-87b0-f455791fdbfa,3db6912b-1521-4144-87b0-f455791fdbfa,49.274881,-123.069323,1,FALSE,FALSE,8800,0224,1783022725,2026-07-02T20:05:32Z,2026-07-02T20:05:32Z,2026-07-02T20:05:23Z,2.2,https://gbfs.kappa.fifteen.eu/gbfs/2.2/mobi/en/gbfs.json,https://gbfs.kappa.fifteen.eu/gbfs/2.2/mobi/en/free_bike_status.json,2026-07-02T20:05:31Z,2026-07-02T20:05:31Z
mobi_vancouver,mobi_vancouver_891c8730-c911-42a2-86ad-a8807f093b0f,891c8730-c911-42a2-86ad-a8807f093b0f,49.257985,-123.083366,1,FALSE,FALSE,8800,0281,1783022725,2026-07-02T20:05:32Z,2026-07-02T20:05:32Z,2026-07-02T20:05:23Z,2.2,https://gbfs.kappa.fifteen.eu/gbfs/2.2/mobi/en/gbfs.json,https://gbfs.kappa.fifteen.eu/gbfs/2.2/mobi/en/free_bike_status.json,2026-07-02T20:05:31Z,2026-07-02T20:05:31Z
mobi_vancouver,mobi_vancouver_ff63df66-91ba-4941-9b1a-4a3e29edcffa,ff63df66-91ba-4941-9b1a-4a3e29edcffa,49.285575,-123.061575,2,FALSE,FALSE,8800,0124,1783022725,2026-07-02T20:05:32Z,2026-07-02T20:05:32Z,2026-07-02T20:05:23Z,2.2,https://gbfs.kappa.fifteen.eu/gbfs/2.2/mobi/en/gbfs.json,https://gbfs.kappa.fifteen.eu/gbfs/2.2/mobi/en/free_bike_status.json,2026-07-02T20:05:31Z,2026-07-02T20:05:31Z
mobi_vancouver,mobi_vancouver_7fd5faa5-d06e-4d74-ad19-7f3e88af54c2,7fd5faa5-d06e-4d74-ad19-7f3e88af54c2,49.247854,-123.153422,2,FALSE,FALSE,8800,0480,1783022725,2026-07-02T20:05:32Z,2026-07-02T20:05:32Z,2026-07-02T20:05:23Z,2.2,https://gbfs.kappa.fifteen.eu/gbfs/2.2/mobi/en/gbfs.json,https://gbfs.kappa.fifteen.eu/gbfs/2.2/mobi/en/free_bike_status.json,2026-07-02T20:05:31Z,2026-07-02T20:05:31Z
mobi_vancouver,mobi_vancouver_686045fc-b3b6-4c12-8fc0-ee099f80ff1e,686045fc-b3b6-4c12-8fc0-ee099f80ff1e,49.285871,-123.12105,2,FALSE,FALSE,9200,0002,1783022725,2026-07-02T20:05:32Z,2026-07-02T20:05:32Z,2026-07-02T20:05:23Z,2.2,https://gbfs.kappa.fifteen.eu/gbfs/2.2/mobi/en/gbfs.json,https://gbfs.kappa.fifteen.eu/gbfs/2.2/mobi/en/free_bike_status.json,2026-07-02T20:05:31Z,2026-07-02T20:05:31Z
mobi_vancouver,mobi_vancouver_f0d4cf51-349a-4a22-8d7d-35a2988d9fab,f0d4cf51-349a-4a22-8d7d-35a2988d9fab,49.28725,-123.11298,2,FALSE,FALSE,9200,0014,1783022725,2026-07-02T20:05:32Z,2026-07-02T20:05:32Z,2026-07-02T20:05:23Z,2.2,https://gbfs.kappa.fifteen.eu/gbfs/2.2/mobi/en/gbfs.json,https://gbfs.kappa.fifteen.eu/gbfs/2.2/mobi/en/free_bike_status.json,2026-07-02T20:05:31Z,2026-07-02T20:05:31Z
mobi_vancouver,mobi_vancouver_ea679a9a-f689-4298-b539-a58e35e1428a,ea679a9a-f689-4298-b539-a58e35e1428a,49.28725,-123.11298,2,FALSE,FALSE,9200,0014,1783022725,2026-07-02T20:05:32Z,2026-07-02T20:05:32Z,2026-07-02T20:05:23Z,2.2,https://gbfs.kappa.fifteen.eu/gbfs/2.2/mobi/en/gbfs.json,https://gbfs.kappa.fifteen.eu/gbfs/2.2/mobi/en/free_bike_status.json,2026-07-02T20:05:31Z,2026-07-02T20:05:31Z
mobi_vancouver,mobi_vancouver_a7b164a5-bb28-47b3-9ee2-f9b7834811b3,a7b164a5-bb28-47b3-9ee2-f9b7834811b3,49.28725,-123.11298,2,FALSE,FALSE,9200,0014,1783022725,2026-07-02T20:05:32Z,2026-07-02T20:05:32Z,2026-07-02T20:05:23Z,2.2,https://gbfs.kappa.fifteen.eu/gbfs/2.2/mobi/en/gbfs.json,https://gbfs.kappa.fifteen.eu/gbfs/2.2/mobi/en/free_bike_status.json,2026-07-02T20:05:31Z,2026-07-02T20:05:31Z
mobi_vancouver,mobi_vancouver_613eb9c7-f6ae-4e13-ac20-3381b944545e,613eb9c7-f6ae-4e13-ac20-3381b944545e,49.265939,-123.1129,2,FALSE,FALSE,9200,0171,1783022725,2026-07-02T20:05:32Z,2026-07-02T20:05:32Z,2026-07-02T20:05:23Z,2.2,https://gbfs.kappa.fifteen.eu/gbfs/2.2/mobi/en/gbfs.json,https://gbfs.kappa.fifteen.eu/gbfs/2.2/mobi/en/free_bike_status.json,2026-07-02T20:05:31Z,2026-07-02T20:05:31Z
mobi_vancouver,mobi_vancouver_d3a8ab94-1dcc-4aa5-9756-f10c95a889a0,d3a8ab94-1dcc-4aa5-9756-f10c95a889a0,49.279235,-123.087528,2,FALSE,FALSE,9200,0228,1783022725,2026-07-02T20:05:32Z,2026-07-02T20:05:32Z,2026-07-02T20:05:23Z,2.2,https://gbfs.kappa.fifteen.eu/gbfs/2.2/mobi/en/gbfs.json,https://gbfs.kappa.fifteen.eu/gbfs/2.2/mobi/en/free_bike_status.json,2026-07-02T20:05:31Z,2026-07-02T20:05:31Z
mobi_vancouver,mobi_vancouver_b008bc6f-8de5-4481-b299-c54c9910c162,b008bc6f-8de5-4481-b299-c54c9910c162,49.245535,-123.120496,2,FALSE,FALSE,9200,0516,1783022725,2026-07-02T20:05:32Z,2026-07-02T20:05:32Z,2026-07-02T20:05:23Z,2.2,https://gbfs.kappa.fifteen.eu/gbfs/2.2/mobi/en/gbfs.json,https://gbfs.kappa.fifteen.eu/gbfs/2.2/mobi/en/free_bike_status.json,2026-07-02T20:05:31Z,2026-07-02T20:05:31Z
mobi_vancouver,mobi_vancouver_3060c312-a569-42ed-a29e-019065123380,3060c312-a569-42ed-a29e-019065123380,49.28725,-123.11298,1,FALSE,FALSE,9600,0014,1783022725,2026-07-02T20:05:32Z,2026-07-02T20:05:32Z,2026-07-02T20:05:23Z,2.2,https://gbfs.kappa.fifteen.eu/gbfs/2.2/mobi/en/gbfs.json,https://gbfs.kappa.fifteen.eu/gbfs/2.2/mobi/en/free_bike_status.json,2026-07-02T20:05:31Z,2026-07-02T20:05:31Z
mobi_vancouver,mobi_vancouver_cc5e4306-57e3-4429-b4f3-72ca3425e9de,cc5e4306-57e3-4429-b4f3-72ca3425e9de,49.28803,-123.142135,2,FALSE,FALSE,9600,0031,1783022725,2026-07-02T20:05:32Z,2026-07-02T20:05:32Z,2026-07-02T20:05:23Z,2.2,https://gbfs.kappa.fifteen.eu/gbfs/2.2/mobi/en/gbfs.json,https://gbfs.kappa.fifteen.eu/gbfs/2.2/mobi/en/free_bike_status.json,2026-07-02T20:05:31Z,2026-07-02T20:05:31Z
mobi_vancouver,mobi_vancouver_94263562-b65a-43a0-8374-121ff25abe6e,94263562-b65a-43a0-8374-121ff25abe6e,49.28803,-123.142135,2,FALSE,FALSE,9600,0031,1783022725,2026-07-02T20:05:32Z,2026-07-02T20:05:32Z,2026-07-02T20:05:23Z,2.2,https://gbfs.kappa.fifteen.eu/gbfs/2.2/mobi/en/gbfs.json,https://gbfs.kappa.fifteen.eu/gbfs/2.2/mobi/en/free_bike_status.json,2026-07-02T20:05:31Z,2026-07-02T20:05:31Z
mobi_vancouver,mobi_vancouver_e37497bb-b00e-4c2f-ad98-860935826d35,e37497bb-b00e-4c2f-ad98-860935826d35,49.266314,-123.116011,2,FALSE,FALSE,9600,0006,1783022725,2026-07-02T20:05:32Z,2026-07-02T20:05:32Z,2026-07-02T20:05:23Z,2.2,https://gbfs.kappa.fifteen.eu/gbfs/2.2/mobi/en/gbfs.json,https://gbfs.kappa.fifteen.eu/gbfs/2.2/mobi/en/free_bike_status.json,2026-07-02T20:05:31Z,2026-07-02T20:05:31Z
mobi_vancouver,mobi_vancouver_111377d8-87f0-4747-be8c-558b293f1638,111377d8-87f0-4747-be8c-558b293f1638,49.273355,-123.154493,1,FALSE,FALSE,9600,0154,1783022725,2026-07-02T20:05:32Z,2026-07-02T20:05:32Z,2026-07-02T20:05:23Z,2.2,https://gbfs.kappa.fifteen.eu/gbfs/2.2/mobi/en/gbfs.json,https://gbfs.kappa.fifteen.eu/gbfs/2.2/mobi/en/free_bike_status.json,2026-07-02T20:05:31Z,2026-07-02T20:05:31Z
mobi_vancouver,mobi_vancouver_982eed54-fdd9-4c2c-9752-7e17bda17135,982eed54-fdd9-4c2c-9752-7e17bda17135,49.266774,-123.141135,2,FALSE,FALSE,9600,0153,1783022725,2026-07-02T20:05:32Z,2026-07-02T20:05:32Z,2026-07-02T20:05:23Z,2.2,https://gbfs.kappa.fifteen.eu/gbfs/2.2/mobi/en/gbfs.json,https://gbfs.kappa.fifteen.eu/gbfs/2.2/mobi/en/free_bike_status.json,2026-07-02T20:05:31Z,2026-07-02T20:05:31Z
mobi_vancouver,mobi_vancouver_6968b61e-422e-4531-8d67-cfc9232f0167,6968b61e-422e-4531-8d67-cfc9232f0167,49.283298,-123.142288,2,FALSE,FALSE,9600,0142,1783022725,2026-07-02T20:05:32Z,2026-07-02T20:05:32Z,2026-07-02T20:05:23Z,2.2,https://gbfs.kappa.fifteen.eu/gbfs/2.2/mobi/en/gbfs.json,https://gbfs.kappa.fifteen.eu/gbfs/2.2/mobi/en/free_bike_status.json,2026-07-02T20:05:31Z,2026-07-02T20:05:31Z
mobi_vancouver,mobi_vancouver_9022af92-9c1e-4a3b-be68-ca27f8f7e826,9022af92-9c1e-4a3b-be68-ca27f8f7e826,49.247854,-123.153422,2,FALSE,FALSE,9600,0480,1783022725,2026-07-02T20:05:32Z,2026-07-02T20:05:32Z,2026-07-02T20:05:23Z,2.2,https://gbfs.kappa.fifteen.eu/gbfs/2.2/mobi/en/gbfs.json,https://gbfs.kappa.fifteen.eu/gbfs/2.2/mobi/en/free_bike_status.json,2026-07-02T20:05:31Z,2026-07-02T20:05:31Z
mobi_vancouver,mobi_vancouver_8e25edc6-d2f4-4c21-844d-a498cd73258b,8e25edc6-d2f4-4c21-844d-a498cd73258b,49.238105,-123.154966,2,FALSE,FALSE,9600,0482,1783022725,2026-07-02T20:05:32Z,2026-07-02T20:05:32Z,2026-07-02T20:05:23Z,2.2,https://gbfs.kappa.fifteen.eu/gbfs/2.2/mobi/en/gbfs.json,https://gbfs.kappa.fifteen.eu/gbfs/2.2/mobi/en/free_bike_status.json,2026-07-02T20:05:31Z,2026-07-02T20:05:31Z
mobi_vancouver,mobi_vancouver_59ccf9df-49c3-41cb-a04f-5287c47f56fd,59ccf9df-49c3-41cb-a04f-5287c47f56fd,49.246243,-123.124373,2,FALSE,FALSE,9600,0505,1783022725,2026-07-02T20:05:32Z,2026-07-02T20:05:32Z,2026-07-02T20:05:23Z,2.2,https://gbfs.kappa.fifteen.eu/gbfs/2.2/mobi/en/gbfs.json,https://gbfs.kappa.fifteen.eu/gbfs/2.2/mobi/en/free_bike_status.json,2026-07-02T20:05:31Z,2026-07-02T20:05:31Z
mobi_vancouver,mobi_vancouver_38894235-ae42-418f-866f-ec2975ef7764,38894235-ae42-418f-866f-ec2975ef7764,49.269172,-123.25279,2,FALSE,FALSE,9600,2131,1783022725,2026-07-02T20:05:32Z,2026-07-02T20:05:32Z,2026-07-02T20:05:23Z,2.2,https://gbfs.kappa.fifteen.eu/gbfs/2.2/mobi/en/gbfs.json,https://gbfs.kappa.fifteen.eu/gbfs/2.2/mobi/en/free_bike_status.json,2026-07-02T20:05:31Z,2026-07-02T20:05:31Z
mobi_vancouver,mobi_vancouver_b7615b2a-01f6-4285-8c40-5a43d0fd741c,b7615b2a-01f6-4285-8c40-5a43d0fd741c,49.2585,-123.2521,1,FALSE,FALSE,9600,2117,1783022725,2026-07-02T20:05:32Z,2026-07-02T20:05:32Z,2026-07-02T20:05:23Z,2.2,https://gbfs.kappa.fifteen.eu/gbfs/2.2/mobi/en/gbfs.json,https://gbfs.kappa.fifteen.eu/gbfs/2.2/mobi/en/free_bike_status.json,2026-07-02T20:05:31Z,2026-07-02T20:05:31Z
mobi_vancouver,mobi_vancouver_919d8b57-e7b2-4244-b719-a9a87b299464,919d8b57-e7b2-4244-b719-a9a87b299464,49.28725,-123.11298,2,FALSE,FALSE,10000,0014,1783022725,2026-07-02T20:05:32Z,2026-07-02T20:05:32Z,2026-07-02T20:05:23Z,2.2,https://gbfs.kappa.fifteen.eu/gbfs/2.2/mobi/en/gbfs.json,https://gbfs.kappa.fifteen.eu/gbfs/2.2/mobi/en/free_bike_status.json,2026-07-02T20:05:31Z,2026-07-02T20:05:31Z
mobi_vancouver,mobi_vancouver_ae005088-473a-4848-9d0e-3775befb3dee,ae005088-473a-4848-9d0e-3775befb3dee,49.273833,-123.114373,2,FALSE,FALSE,10000,0057,1783022725,2026-07-02T20:05:32Z,2026-07-02T20:05:32Z,2026-07-02T20:05:23Z,2.2,https://gbfs.kappa.fifteen.eu/gbfs/2.2/mobi/en/gbfs.json,https://gbfs.kappa.fifteen.eu/gbfs/2.2/mobi/en/free_bike_status.json,2026-07-02T20:05:31Z,2026-07-02T20:05:31Z
mobi_vancouver,mobi_vancouver_066e5d71-564d-4047-b64f-62eb94e4ae50,066e5d71-564d-4047-b64f-62eb94e4ae50,49.27023,-123.10651,2,FALSE,FALSE,10000,0174,1783022725,2026-07-02T20:05:32Z,2026-07-02T20:05:32Z,2026-07-02T20:05:23Z,2.2,https://gbfs.kappa.fifteen.eu/gbfs/2.2/mobi/en/gbfs.json,https://gbfs.kappa.fifteen.eu/gbfs/2.2/mobi/en/free_bike_status.json,2026-07-02T20:05:31Z,2026-07-02T20:05:31Z
mobi_vancouver,mobi_vancouver_46bce3c3-e5cb-43b2-a6cc-6f643dad2848,46bce3c3-e5cb-43b2-a6cc-6f643dad2848,49.267222,-123.153157,1,FALSE,FALSE,10000,0110,1783022725,2026-07-02T20:05:32Z,2026-07-02T20:05:32Z,2026-07-02T20:05:23Z,2.2,https://gbfs.kappa.fifteen.eu/gbfs/2.2/mobi/en/gbfs.json,https://gbfs.kappa.fifteen.eu/gbfs/2.2/mobi/en/free_bike_status.json,2026-07-02T20:05:31Z,2026-07-02T20:05:31Z
mobi_vancouver,mobi_vancouver_35c742b1-7427-42c4-a565-91141d2a805d,35c742b1-7427-42c4-a565-91141d2a805d,49.280852,-123.084746,1,FALSE,FALSE,10000,0227,1783022725,2026-07-02T20:05:32Z,2026-07-02T20:05:32Z,2026-07-02T20:05:23Z,2.2,https://gbfs.kappa.fifteen.eu/gbfs/2.2/mobi/en/gbfs.json,https://gbfs.kappa.fifteen.eu/gbfs/2.2/mobi/en/free_bike_status.json,2026-07-02T20:05:31Z,2026-07-02T20:05:31Z
mobi_vancouver,mobi_vancouver_eca76985-b78e-4948-8c34-042b57a01714,eca76985-b78e-4948-8c34-042b57a01714,49.265198,-123.131043,1,FALSE,FALSE,10000,0192,1783022725,2026-07-02T20:05:32Z,2026-07-02T20:05:32Z,2026-07-02T20:05:23Z,2.2,https://gbfs.kappa.fifteen.eu/gbfs/2.2/mobi/en/gbfs.json,https://gbfs.kappa.fifteen.eu/gbfs/2.2/mobi/en/free_bike_status.json,2026-07-02T20:05:31Z,2026-07-02T20:05:31Z
mobi_vancouver,mobi_vancouver_2149ef31-8f4c-47f8-bdff-29023c2b6c2c,2149ef31-8f4c-47f8-bdff-29023c2b6c2c,49.277333,-123.087359,1,FALSE,FALSE,10000,0219,1783022725,2026-07-02T20:05:32Z,2026-07-02T20:05:32Z,2026-07-02T20:05:23Z,2.2,https://gbfs.kappa.fifteen.eu/gbfs/2.2/mobi/en/gbfs.json,https://gbfs.kappa.fifteen.eu/gbfs/2.2/mobi/en/free_bike_status.json,2026-07-02T20:05:31Z,2026-07-02T20:05:31Z
mobi_vancouver,mobi_vancouver_942cd52d-d833-4cbd-8c1d-20593a9387b9,942cd52d-d833-4cbd-8c1d-20593a9387b9,49.282503,-123.124697,1,FALSE,FALSE,10000,0217,1783022725,2026-07-02T20:05:32Z,2026-07-02T20:05:32Z,2026-07-02T20:05:23Z,2.2,https://gbfs.kappa.fifteen.eu/gbfs/2.2/mobi/en/gbfs.json,https://gbfs.kappa.fifteen.eu/gbfs/2.2/mobi/en/free_bike_status.json,2026-07-02T20:05:31Z,2026-07-02T20:05:31Z
mobi_vancouver,mobi_vancouver_409aa46e-b3af-41bd-a3e9-6f0dcb0ae653,409aa46e-b3af-41bd-a3e9-6f0dcb0ae653,49.249184,-123.116141,2,FALSE,FALSE,10000,0524,1783022725,2026-07-02T20:05:32Z,2026-07-02T20:05:32Z,2026-07-02T20:05:23Z,2.2,https://gbfs.kappa.fifteen.eu/gbfs/2.2/mobi/en/gbfs.json,https://gbfs.kappa.fifteen.eu/gbfs/2.2/mobi/en/free_bike_status.json,2026-07-02T20:05:31Z,2026-07-02T20:05:31Z
mobi_vancouver,mobi_vancouver_70797f42-896c-4d0f-b1dd-2e6a70dd37e4,70797f42-896c-4d0f-b1dd-2e6a70dd37e4,49.246243,-123.124373,2,FALSE,FALSE,10000,0505,1783022725,2026-07-02T20:05:32Z,2026-07-02T20:05:32Z,2026-07-02T20:05:23Z,2.2,https://gbfs.kappa.fifteen.eu/gbfs/2.2/mobi/en/gbfs.json,https://gbfs.kappa.fifteen.eu/gbfs/2.2/mobi/en/free_bike_status.json,2026-07-02T20:05:31Z,2026-07-02T20:05:31Z
mobi_vancouver,mobi_vancouver_4d40478c-2b92-489f-a78e-23703d3b2e66,4d40478c-2b92-489f-a78e-23703d3b2e66,49.279938,-123.127478,2,FALSE,FALSE,10400,0039,1783022725,2026-07-02T20:05:32Z,2026-07-02T20:05:32Z,2026-07-02T20:05:23Z,2.2,https://gbfs.kappa.fifteen.eu/gbfs/2.2/mobi/en/gbfs.json,https://gbfs.kappa.fifteen.eu/gbfs/2.2/mobi/en/free_bike_status.json,2026-07-02T20:05:31Z,2026-07-02T20:05:31Z
mobi_vancouver,mobi_vancouver_574e8eab-7004-4653-b8f7-9f22154734ff,574e8eab-7004-4653-b8f7-9f22154734ff,49.266774,-123.141135,2,FALSE,FALSE,10400,0153,1783022725,2026-07-02T20:05:32Z,2026-07-02T20:05:32Z,2026-07-02T20:05:23Z,2.2,https://gbfs.kappa.fifteen.eu/gbfs/2.2/mobi/en/gbfs.json,https://gbfs.kappa.fifteen.eu/gbfs/2.2/mobi/en/free_bike_status.json,2026-07-02T20:05:31Z,2026-07-02T20:05:31Z
mobi_vancouver,mobi_vancouver_97315c1b-da98-4bb8-bbd0-c2a7448acd0a,97315c1b-da98-4bb8-bbd0-c2a7448acd0a,49.283227,-123.120523,2,FALSE,FALSE,10400,0099,1783022725,2026-07-02T20:05:32Z,2026-07-02T20:05:32Z,2026-07-02T20:05:23Z,2.2,https://gbfs.kappa.fifteen.eu/gbfs/2.2/mobi/en/gbfs.json,https://gbfs.kappa.fifteen.eu/gbfs/2.2/mobi/en/free_bike_status.json,2026-07-02T20:05:31Z,2026-07-02T20:05:31Z
mobi_vancouver,mobi_vancouver_5c2c17e0-1eb4-4177-a378-86236faacc7d,5c2c17e0-1eb4-4177-a378-86236faacc7d,49.268616,-123.069908,1,FALSE,FALSE,10400,0240,1783022725,2026-07-02T20:05:32Z,2026-07-02T20:05:32Z,2026-07-02T20:05:23Z,2.2,https://gbfs.kappa.fifteen.eu/gbfs/2.2/mobi/en/gbfs.json,https://gbfs.kappa.fifteen.eu/gbfs/2.2/mobi/en/free_bike_status.json,2026-07-02T20:05:31Z,2026-07-02T20:05:31Z
mobi_vancouver,mobi_vancouver_8f211a8c-f537-40c6-a66b-abe9d7c0da06,8f211a8c-f537-40c6-a66b-abe9d7c0da06,49.273103,-123.069892,1,FALSE,FALSE,10400,0235,1783022725,2026-07-02T20:05:32Z,2026-07-02T20:05:32Z,2026-07-02T20:05:23Z,2.2,https://gbfs.kappa.fifteen.eu/gbfs/2.2/mobi/en/gbfs.json,https://gbfs.kappa.fifteen.eu/gbfs/2.2/mobi/en/free_bike_status.json,2026-07-02T20:05:31Z,2026-07-02T20:05:31Z
mobi_vancouver,mobi_vancouver_d680347a-f29c-4a10-a6a4-ac0e276fcd25,d680347a-f29c-4a10-a6a4-ac0e276fcd25,49.277665,-123.073653,1,FALSE,FALSE,10400,0222,1783022725,2026-07-02T20:05:32Z,2026-07-02T20:05:32Z,2026-07-02T20:05:23Z,2.2,https://gbfs.kappa.fifteen.eu/gbfs/2.2/mobi/en/gbfs.json,https://gbfs.kappa.fifteen.eu/gbfs/2.2/mobi/en/free_bike_status.json,2026-07-02T20:05:31Z,2026-07-02T20:05:31Z
mobi_vancouver,mobi_vancouver_e05b812e-7b36-4516-974f-1b4ba31f2e5e,e05b812e-7b36-4516-974f-1b4ba31f2e5e,49.290587,-123.13625,1,FALSE,FALSE,10400,0122,1783022725,2026-07-02T20:05:32Z,2026-07-02T20:05:32Z,2026-07-02T20:05:23Z,2.2,https://gbfs.kappa.fifteen.eu/gbfs/2.2/mobi/en/gbfs.json,https://gbfs.kappa.fifteen.eu/gbfs/2.2/mobi/en/free_bike_status.json,2026-07-02T20:05:31Z,2026-07-02T20:05:31Z
mobi_vancouver,mobi_vancouver_ac3b23b3-5815-4a6b-8b15-dc874461af6f,ac3b23b3-5815-4a6b-8b15-dc874461af6f,49.269172,-123.25279,2,FALSE,FALSE,10400,2131,1783022725,2026-07-02T20:05:32Z,2026-07-02T20:05:32Z,2026-07-02T20:05:23Z,2.2,https://gbfs.kappa.fifteen.eu/gbfs/2.2/mobi/en/gbfs.json,https://gbfs.kappa.fifteen.eu/gbfs/2.2/mobi/en/free_bike_status.json,2026-07-02T20:05:31Z,2026-07-02T20:05:31Z
mobi_vancouver,mobi_vancouver_2789d532-906e-488e-86ba-b6ae7cc7814e,2789d532-906e-488e-86ba-b6ae7cc7814e,49.270877,-123.115103,2,FALSE,FALSE,10800,0009,1783022725,2026-07-02T20:05:32Z,2026-07-02T20:05:32Z,2026-07-02T20:05:23Z,2.2,https://gbfs.kappa.fifteen.eu/gbfs/2.2/mobi/en/gbfs.json,https://gbfs.kappa.fifteen.eu/gbfs/2.2/mobi/en/free_bike_status.json,2026-07-02T20:05:31Z,2026-07-02T20:05:31Z
mobi_vancouver,mobi_vancouver_863f1454-5ac4-4ff6-ab93-547529d87bdb,863f1454-5ac4-4ff6-ab93-547529d87bdb,49.247854,-123.153422,1,FALSE,FALSE,10800,0480,1783022725,2026-07-02T20:05:32Z,2026-07-02T20:05:32Z,2026-07-02T20:05:23Z,2.2,https://gbfs.kappa.fifteen.eu/gbfs/2.2/mobi/en/gbfs.json,https://gbfs.kappa.fifteen.eu/gbfs/2.2/mobi/en/free_bike_status.json,2026-07-02T20:05:31Z,2026-07-02T20:05:31Z
mobi_vancouver,mobi_vancouver_cbbe4f0b-2972-4590-a9fe-9ef75e626ee4,cbbe4f0b-2972-4590-a9fe-9ef75e626ee4,49.275717,-123.142564,1,FALSE,FALSE,11200,0077,1783022725,2026-07-02T20:05:32Z,2026-07-02T20:05:32Z,2026-07-02T20:05:23Z,2.2,https://gbfs.kappa.fifteen.eu/gbfs/2.2/mobi/en/gbfs.json,https://gbfs.kappa.fifteen.eu/gbfs/2.2/mobi/en/free_bike_status.json,2026-07-02T20:05:31Z,2026-07-02T20:05:31Z
mobi_vancouver,mobi_vancouver_c27401c2-20ab-4a68-854e-518d345b3645,c27401c2-20ab-4a68-854e-518d345b3645,49.2653,-123.13811,1,FALSE,FALSE,11200,0069,1783022725,2026-07-02T20:05:32Z,2026-07-02T20:05:32Z,2026-07-02T20:05:23Z,2.2,https://gbfs.kappa.fifteen.eu/gbfs/2.2/mobi/en/gbfs.json,https://gbfs.kappa.fifteen.eu/gbfs/2.2/mobi/en/free_bike_status.json,2026-07-02T20:05:31Z,2026-07-02T20:05:31Z
mobi_vancouver,mobi_vancouver_be08fff7-a6d7-49c0-8df0-18709889c352,be08fff7-a6d7-49c0-8df0-18709889c352,49.274566,-123.121817,2,FALSE,FALSE,11200,0004,1783022725,2026-07-02T20:05:32Z,2026-07-02T20:05:32Z,2026-07-02T20:05:23Z,2.2,https://gbfs.kappa.fifteen.eu/gbfs/2.2/mobi/en/gbfs.json,https://gbfs.kappa.fifteen.eu/gbfs/2.2/mobi/en/free_bike_status.json,2026-07-02T20:05:31Z,2026-07-02T20:05:31Z
mobi_vancouver,mobi_vancouver_96887526-fe7e-4feb-b3b0-923af154a44f,96887526-fe7e-4feb-b3b0-923af154a44f,49.26151,-123.089413,2,FALSE,FALSE,11200,0260,1783022725,2026-07-02T20:05:32Z,2026-07-02T20:05:32Z,2026-07-02T20:05:23Z,2.2,https://gbfs.kappa.fifteen.eu/gbfs/2.2/mobi/en/gbfs.json,https://gbfs.kappa.fifteen.eu/gbfs/2.2/mobi/en/free_bike_status.json,2026-07-02T20:05:31Z,2026-07-02T20:05:31Z
mobi_vancouver,mobi_vancouver_46aeb214-d69c-41f7-8bd5-5eb0a44438a2,46aeb214-d69c-41f7-8bd5-5eb0a44438a2,49.289124,-123.12196,1,FALSE,FALSE,11200,0034,1783022725,2026-07-02T20:05:32Z,2026-07-02T20:05:32Z,2026-07-02T20:05:23Z,2.2,https://gbfs.kappa.fifteen.eu/gbfs/2.2/mobi/en/gbfs.json,https://gbfs.kappa.fifteen.eu/gbfs/2.2/mobi/en/free_bike_status.json,2026-07-02T20:05:31Z,2026-07-02T20:05:31Z
mobi_vancouver,mobi_vancouver_e1fce40b-8a5a-4dbd-8b7c-a0ab1b25db80,e1fce40b-8a5a-4dbd-8b7c-a0ab1b25db80,49.277333,-123.087359,1,FALSE,FALSE,11200,0219,1783022725,2026-07-02T20:05:32Z,2026-07-02T20:05:32Z,2026-07-02T20:05:23Z,2.2,https://gbfs.kappa.fifteen.eu/gbfs/2.2/mobi/en/gbfs.json,https://gbfs.kappa.fifteen.eu/gbfs/2.2/mobi/en/free_bike_status.json,2026-07-02T20:05:31Z,2026-07-02T20:05:31Z
mobi_vancouver,mobi_vancouver_843cad1b-fa7b-4f82-b27e-b0a91a4eecea,843cad1b-fa7b-4f82-b27e-b0a91a4eecea,49.247854,-123.153422,2,FALSE,FALSE,11200,0480,1783022725,2026-07-02T20:05:32Z,2026-07-02T20:05:32Z,2026-07-02T20:05:23Z,2.2,https://gbfs.kappa.fifteen.eu/gbfs/2.2/mobi/en/gbfs.json,https://gbfs.kappa.fifteen.eu/gbfs/2.2/mobi/en/free_bike_status.json,2026-07-02T20:05:31Z,2026-07-02T20:05:31Z
mobi_vancouver,mobi_vancouver_5a469a0d-56e8-4218-bbfe-fbd34b685632,5a469a0d-56e8-4218-bbfe-fbd34b685632,49.282087,-123.056909,2,FALSE,FALSE,11200,0642,1783022725,2026-07-02T20:05:32Z,2026-07-02T20:05:32Z,2026-07-02T20:05:23Z,2.2,https://gbfs.kappa.fifteen.eu/gbfs/2.2/mobi/en/gbfs.json,https://gbfs.kappa.fifteen.eu/gbfs/2.2/mobi/en/free_bike_status.json,2026-07-02T20:05:31Z,2026-07-02T20:05:31Z
mobi_vancouver,mobi_vancouver_c581b994-fd4e-48eb-bfb6-995fbefdd2a6,c581b994-fd4e-48eb-bfb6-995fbefdd2a6,49.270877,-123.115103,1,FALSE,FALSE,11600,0009,1783022725,2026-07-02T20:05:32Z,2026-07-02T20:05:32Z,2026-07-02T20:05:23Z,2.2,https://gbfs.kappa.fifteen.eu/gbfs/2.2/mobi/en/gbfs.json,https://gbfs.kappa.fifteen.eu/gbfs/2.2/mobi/en/free_bike_status.json,2026-07-02T20:05:31Z,2026-07-02T20:05:31Z
mobi_vancouver,mobi_vancouver_2d8f3b7f-938c-46c7-9223-3a61ef327322,2d8f3b7f-938c-46c7-9223-3a61ef327322,49.283343,-123.131099,2,FALSE,FALSE,11600,0050,1783022725,2026-07-02T20:05:32Z,2026-07-02T20:05:32Z,2026-07-02T20:05:23Z,2.2,https://gbfs.kappa.fifteen.eu/gbfs/2.2/mobi/en/gbfs.json,https://gbfs.kappa.fifteen.eu/gbfs/2.2/mobi/en/free_bike_status.json,2026-07-02T20:05:31Z,2026-07-02T20:05:31Z
mobi_vancouver,mobi_vancouver_df80d6f1-5678-43b3-ae74-4c2ed9fe5c81,df80d6f1-5678-43b3-ae74-4c2ed9fe5c81,49.302577,-123.155616,2,FALSE,FALSE,11600,0028,1783022725,2026-07-02T20:05:32Z,2026-07-02T20:05:32Z,2026-07-02T20:05:23Z,2.2,https://gbfs.kappa.fifteen.eu/gbfs/2.2/mobi/en/gbfs.json,https://gbfs.kappa.fifteen.eu/gbfs/2.2/mobi/en/free_bike_status.json,2026-07-02T20:05:31Z,2026-07-02T20:05:31Z
mobi_vancouver,mobi_vancouver_f426e60a-3a4e-4c59-adc1-8f0096f7daa4,f426e60a-3a4e-4c59-adc1-8f0096f7daa4,49.266774,-123.141135,1,FALSE,FALSE,11600,0153,1783022725,2026-07-02T20:05:32Z,2026-07-02T20:05:32Z,2026-07-02T20:05:23Z,2.2,https://gbfs.kappa.fifteen.eu/gbfs/2.2/mobi/en/gbfs.json,https://gbfs.kappa.fifteen.eu/gbfs/2.2/mobi/en/free_bike_status.json,2026-07-02T20:05:31Z,2026-07-02T20:05:31Z
mobi_vancouver,mobi_vancouver_8785dde1-b7af-43db-af6b-d3e34be11cef,8785dde1-b7af-43db-af6b-d3e34be11cef,49.263242,-123.070521,1,FALSE,FALSE,11600,0242,1783022725,2026-07-02T20:05:32Z,2026-07-02T20:05:32Z,2026-07-02T20:05:23Z,2.2,https://gbfs.kappa.fifteen.eu/gbfs/2.2/mobi/en/gbfs.json,https://gbfs.kappa.fifteen.eu/gbfs/2.2/mobi/en/free_bike_status.json,2026-07-02T20:05:31Z,2026-07-02T20:05:31Z
mobi_vancouver,mobi_vancouver_242b46cc-e768-49e0-999b-95e8260045dd,242b46cc-e768-49e0-999b-95e8260045dd,49.263962,-123.112621,1,FALSE,FALSE,11600,0170,1783022725,2026-07-02T20:05:32Z,2026-07-02T20:05:32Z,2026-07-02T20:05:23Z,2.2,https://gbfs.kappa.fifteen.eu/gbfs/2.2/mobi/en/gbfs.json,https://gbfs.kappa.fifteen.eu/gbfs/2.2/mobi/en/free_bike_status.json,2026-07-02T20:05:31Z,2026-07-02T20:05:31Z
mobi_vancouver,mobi_vancouver_49f94ab2-a5ab-48db-9dc6-1e8fffdc6b6e,49f94ab2-a5ab-48db-9dc6-1e8fffdc6b6e,49.27029,-123.135025,1,FALSE,FALSE,11600,0189,1783022725,2026-07-02T20:05:32Z,2026-07-02T20:05:32Z,2026-07-02T20:05:23Z,2.2,https://gbfs.kappa.fifteen.eu/gbfs/2.2/mobi/en/gbfs.json,https://gbfs.kappa.fifteen.eu/gbfs/2.2/mobi/en/free_bike_status.json,2026-07-02T20:05:31Z,2026-07-02T20:05:31Z
mobi_vancouver,mobi_vancouver_86924701-cc49-485f-9782-d03c6e02a650,86924701-cc49-485f-9782-d03c6e02a650,49.246243,-123.124373,2,FALSE,FALSE,11600,0505,1783022725,2026-07-02T20:05:32Z,2026-07-02T20:05:32Z,2026-07-02T20:05:23Z,2.2,https://gbfs.kappa.fifteen.eu/gbfs/2.2/mobi/en/gbfs.json,https://gbfs.kappa.fifteen.eu/gbfs/2.2/mobi/en/free_bike_status.json,2026-07-02T20:05:31Z,2026-07-02T20:05:31Z
mobi_vancouver,mobi_vancouver_a3e77b3b-01b4-4521-a2ce-7257181ef34e,a3e77b3b-01b4-4521-a2ce-7257181ef34e,49.276865,-123.075823,1,FALSE,FALSE,11600,0642,1783022725,2026-07-02T20:05:32Z,2026-07-02T20:05:32Z,2026-07-02T20:05:23Z,2.2,https://gbfs.kappa.fifteen.eu/gbfs/2.2/mobi/en/gbfs.json,https://gbfs.kappa.fifteen.eu/gbfs/2.2/mobi/en/free_bike_status.json,2026-07-02T20:05:31Z,2026-07-02T20:05:31Z
mobi_vancouver,mobi_vancouver_eee340bd-e2fb-4f36-a9b0-99222f978b72,eee340bd-e2fb-4f36-a9b0-99222f978b72,49.264215,-123.117772,2,FALSE,FALSE,12000,0008,1783022725,2026-07-02T20:05:32Z,2026-07-02T20:05:32Z,2026-07-02T20:05:23Z,2.2,https://gbfs.kappa.fifteen.eu/gbfs/2.2/mobi/en/gbfs.json,https://gbfs.kappa.fifteen.eu/gbfs/2.2/mobi/en/free_bike_status.json,2026-07-02T20:05:31Z,2026-07-02T20:05:31Z
mobi_vancouver,mobi_vancouver_af15f0c8-5104-4852-95c9-8fe2edb12872,af15f0c8-5104-4852-95c9-8fe2edb12872,49.282409,-123.118541,2,FALSE,FALSE,12000,0015,1783022725,2026-07-02T20:05:32Z,2026-07-02T20:05:32Z,2026-07-02T20:05:23Z,2.2,https://gbfs.kappa.fifteen.eu/gbfs/2.2/mobi/en/gbfs.json,https://gbfs.kappa.fifteen.eu/gbfs/2.2/mobi/en/free_bike_status.json,2026-07-02T20:05:31Z,2026-07-02T20:05:31Z
mobi_vancouver,mobi_vancouver_71262e2f-27d2-480e-8cfb-1a796b8d7c5b,71262e2f-27d2-480e-8cfb-1a796b8d7c5b,49.275679,-123.116963,2,FALSE,FALSE,12000,0027,1783022725,2026-07-02T20:05:32Z,2026-07-02T20:05:32Z,2026-07-02T20:05:23Z,2.2,https://gbfs.kappa.fifteen.eu/gbfs/2.2/mobi/en/gbfs.json,https://gbfs.kappa.fifteen.eu/gbfs/2.2/mobi/en/free_bike_status.json,2026-07-02T20:05:31Z,2026-07-02T20:05:31Z
mobi_vancouver,mobi_vancouver_509a1152-d9ed-46de-b8b3-a4df32b58d7b,509a1152-d9ed-46de-b8b3-a4df32b58d7b,49.263635,-123.099236,2,FALSE,FALSE,12000,0206,1783022725,2026-07-02T20:05:32Z,2026-07-02T20:05:32Z,2026-07-02T20:05:23Z,2.2,https://gbfs.kappa.fifteen.eu/gbfs/2.2/mobi/en/gbfs.json,https://gbfs.kappa.fifteen.eu/gbfs/2.2/mobi/en/free_bike_status.json,2026-07-02T20:05:31Z,2026-07-02T20:05:31Z
mobi_vancouver,mobi_vancouver_8560797e-65db-4575-b2c5-03460dc23595,8560797e-65db-4575-b2c5-03460dc23595,49.266774,-123.141135,1,FALSE,FALSE,12000,0153,1783022725,2026-07-02T20:05:32Z,2026-07-02T20:05:32Z,2026-07-02T20:05:23Z,2.2,https://gbfs.kappa.fifteen.eu/gbfs/2.2/mobi/en/gbfs.json,https://gbfs.kappa.fifteen.eu/gbfs/2.2/mobi/en/free_bike_status.json,2026-07-02T20:05:31Z,2026-07-02T20:05:31Z
mobi_vancouver,mobi_vancouver_f3ec36ef-5553-4c6a-b6e5-ebbda37db43f,f3ec36ef-5553-4c6a-b6e5-ebbda37db43f,49.283227,-123.120523,2,FALSE,FALSE,12000,0099,1783022725,2026-07-02T20:05:32Z,2026-07-02T20:05:32Z,2026-07-02T20:05:23Z,2.2,https://gbfs.kappa.fifteen.eu/gbfs/2.2/mobi/en/gbfs.json,https://gbfs.kappa.fifteen.eu/gbfs/2.2/mobi/en/free_bike_status.json,2026-07-02T20:05:31Z,2026-07-02T20:05:31Z
mobi_vancouver,mobi_vancouver_77dcdbfb-761c-464f-85c2-5bcf009854ac,77dcdbfb-761c-464f-85c2-5bcf009854ac,49.284554,-123.111031,1,FALSE,FALSE,12000,0124,1783022725,2026-07-02T20:05:32Z,2026-07-02T20:05:32Z,2026-07-02T20:05:23Z,2.2,https://gbfs.kappa.fifteen.eu/gbfs/2.2/mobi/en/gbfs.json,https://gbfs.kappa.fifteen.eu/gbfs/2.2/mobi/en/free_bike_status.json,2026-07-02T20:05:31Z,2026-07-02T20:05:31Z
mobi_vancouver,mobi_vancouver_16cfe3f5-e032-442f-b41c-b09e87019876,16cfe3f5-e032-442f-b41c-b09e87019876,49.282087,-123.056909,1,FALSE,FALSE,12000,0642,1783022725,2026-07-02T20:05:32Z,2026-07-02T20:05:32Z,2026-07-02T20:05:23Z,2.2,https://gbfs.kappa.fifteen.eu/gbfs/2.2/mobi/en/gbfs.json,https://gbfs.kappa.fifteen.eu/gbfs/2.2/mobi/en/free_bike_status.json,2026-07-02T20:05:31Z,2026-07-02T20:05:31Z
mobi_vancouver,mobi_vancouver_d410e1c1-1e3b-43c8-b637-acc1aa52c80c,d410e1c1-1e3b-43c8-b637-acc1aa52c80c,49.282214,-123.114101,2,FALSE,FALSE,12400,0012,1783022725,2026-07-02T20:05:32Z,2026-07-02T20:05:32Z,2026-07-02T20:05:23Z,2.2,https://gbfs.kappa.fifteen.eu/gbfs/2.2/mobi/en/gbfs.json,https://gbfs.kappa.fifteen.eu/gbfs/2.2/mobi/en/free_bike_status.json,2026-07-02T20:05:31Z,2026-07-02T20:05:31Z
mobi_vancouver,mobi_vancouver_4129901c-fdbb-47eb-acf7-6c4baf15ee4a,4129901c-fdbb-47eb-acf7-6c4baf15ee4a,49.264215,-123.117772,1,FALSE,FALSE,12400,0008,1783022725,2026-07-02T20:05:32Z,2026-07-02T20:05:32Z,2026-07-02T20:05:23Z,2.2,https://gbfs.kappa.fifteen.eu/gbfs/2.2/mobi/en/gbfs.json,https://gbfs.kappa.fifteen.eu/gbfs/2.2/mobi/en/free_bike_status.json,2026-07-02T20:05:31Z,2026-07-02T20:05:31Z
mobi_vancouver,mobi_vancouver_19fc611f-c83f-4abc-b4c5-d93b167f733b,19fc611f-c83f-4abc-b4c5-d93b167f733b,49.273833,-123.114373,1,FALSE,FALSE,12400,0057,1783022725,2026-07-02T20:05:32Z,2026-07-02T20:05:32Z,2026-07-02T20:05:23Z,2.2,https://gbfs.kappa.fifteen.eu/gbfs/2.2/mobi/en/gbfs.json,https://gbfs.kappa.fifteen.eu/gbfs/2.2/mobi/en/free_bike_status.json,2026-07-02T20:05:31Z,2026-07-02T20:05:31Z
mobi_vancouver,mobi_vancouver_c8dd7017-9a01-4aa3-a3e0-16c8704ed119,c8dd7017-9a01-4aa3-a3e0-16c8704ed119,49.268216,-123.103168,1,FALSE,FALSE,12400,0119,1783022725,2026-07-02T20:05:32Z,2026-07-02T20:05:32Z,2026-07-02T20:05:23Z,2.2,https://gbfs.kappa.fifteen.eu/gbfs/2.2/mobi/en/gbfs.json,https://gbfs.kappa.fifteen.eu/gbfs/2.2/mobi/en/free_bike_status.json,2026-07-02T20:05:31Z,2026-07-02T20:05:31Z
mobi_vancouver,mobi_vancouver_5e2be61c-e6ef-4615-8f41-77265c9c148c,5e2be61c-e6ef-4615-8f41-77265c9c148c,49.278529,-123.100017,1,FALSE,FALSE,12400,0199,1783022725,2026-07-02T20:05:32Z,2026-07-02T20:05:32Z,2026-07-02T20:05:23Z,2.2,https://gbfs.kappa.fifteen.eu/gbfs/2.2/mobi/en/gbfs.json,https://gbfs.kappa.fifteen.eu/gbfs/2.2/mobi/en/free_bike_status.json,2026-07-02T20:05:31Z,2026-07-02T20:05:31Z
mobi_vancouver,mobi_vancouver_6fcf778d-8943-4240-a05c-786c5c7703be,6fcf778d-8943-4240-a05c-786c5c7703be,49.283227,-123.120523,1,FALSE,FALSE,12400,0099,1783022725,2026-07-02T20:05:32Z,2026-07-02T20:05:32Z,2026-07-02T20:05:23Z,2.2,https://gbfs.kappa.fifteen.eu/gbfs/2.2/mobi/en/gbfs.json,https://gbfs.kappa.fifteen.eu/gbfs/2.2/mobi/en/free_bike_status.json,2026-07-02T20:05:31Z,2026-07-02T20:05:31Z
mobi_vancouver,mobi_vancouver_dab49600-4182-4980-8c2f-ffb12098767f,dab49600-4182-4980-8c2f-ffb12098767f,49.261122,-123.097571,2,FALSE,FALSE,12400,0179,1783022725,2026-07-02T20:05:32Z,2026-07-02T20:05:32Z,2026-07-02T20:05:23Z,2.2,https://gbfs.kappa.fifteen.eu/gbfs/2.2/mobi/en/gbfs.json,https://gbfs.kappa.fifteen.eu/gbfs/2.2/mobi/en/free_bike_status.json,2026-07-02T20:05:31Z,2026-07-02T20:05:31Z
mobi_vancouver,mobi_vancouver_eb41dcd5-8cae-445e-a17d-6f7154498ade,eb41dcd5-8cae-445e-a17d-6f7154498ade,49.280852,-123.084746,2,FALSE,FALSE,12400,0124,1783022725,2026-07-02T20:05:32Z,2026-07-02T20:05:32Z,2026-07-02T20:05:23Z,2.2,https://gbfs.kappa.fifteen.eu/gbfs/2.2/mobi/en/gbfs.json,https://gbfs.kappa.fifteen.eu/gbfs/2.2/mobi/en/free_bike_status.json,2026-07-02T20:05:31Z,2026-07-02T20:05:31Z
mobi_vancouver,mobi_vancouver_923d2ccd-2831-4e22-a4bf-8f27d93601a9,923d2ccd-2831-4e22-a4bf-8f27d93601a9,49.27029,-123.135025,2,FALSE,FALSE,12400,0189,1783022725,2026-07-02T20:05:32Z,2026-07-02T20:05:32Z,2026-07-02T20:05:23Z,2.2,https://gbfs.kappa.fifteen.eu/gbfs/2.2/mobi/en/gbfs.json,https://gbfs.kappa.fifteen.eu/gbfs/2.2/mobi/en/free_bike_status.json,2026-07-02T20:05:31Z,2026-07-02T20:05:31Z
mobi_vancouver,mobi_vancouver_9ff2ccec-2baa-4377-ad34-cef618c0377f,9ff2ccec-2baa-4377-ad34-cef618c0377f,49.254818,-123.114785,1,FALSE,FALSE,12400,0531,1783022725,2026-07-02T20:05:32Z,2026-07-02T20:05:32Z,2026-07-02T20:05:23Z,2.2,https://gbfs.kappa.fifteen.eu/gbfs/2.2/mobi/en/gbfs.json,https://gbfs.kappa.fifteen.eu/gbfs/2.2/mobi/en/free_bike_status.json,2026-07-02T20:05:31Z,2026-07-02T20:05:31Z
mobi_vancouver,mobi_vancouver_828ba7ce-c576-418d-b4aa-86f4b7bd2e4f,828ba7ce-c576-418d-b4aa-86f4b7bd2e4f,49.285575,-123.061575,1,FALSE,FALSE,12400,0621,1783022725,2026-07-02T20:05:32Z,2026-07-02T20:05:32Z,2026-07-02T20:05:23Z,2.2,https://gbfs.kappa.fifteen.eu/gbfs/2.2/mobi/en/gbfs.json,https://gbfs.kappa.fifteen.eu/gbfs/2.2/mobi/en/free_bike_status.json,2026-07-02T20:05:31Z,2026-07-02T20:05:31Z
mobi_vancouver,mobi_vancouver_78025e7e-8fc6-43a1-8d9e-e2ce9c3ff44c,78025e7e-8fc6-43a1-8d9e-e2ce9c3ff44c,49.271721,-123.104207,1,FALSE,FALSE,12800,0011,1783022725,2026-07-02T20:05:32Z,2026-07-02T20:05:32Z,2026-07-02T20:05:23Z,2.2,https://gbfs.kappa.fifteen.eu/gbfs/2.2/mobi/en/gbfs.json,https://gbfs.kappa.fifteen.eu/gbfs/2.2/mobi/en/free_bike_status.json,2026-07-02T20:05:31Z,2026-07-02T20:05:31Z
mobi_vancouver,mobi_vancouver_d18e67aa-bf4b-4bd0-98f8-0b2c29585a60,d18e67aa-bf4b-4bd0-98f8-0b2c29585a60,49.28725,-123.11298,2,FALSE,FALSE,12800,0014,1783022725,2026-07-02T20:05:32Z,2026-07-02T20:05:32Z,2026-07-02T20:05:23Z,2.2,https://gbfs.kappa.fifteen.eu/gbfs/2.2/mobi/en/gbfs.json,https://gbfs.kappa.fifteen.eu/gbfs/2.2/mobi/en/free_bike_status.json,2026-07-02T20:05:31Z,2026-07-02T20:05:31Z
mobi_vancouver,mobi_vancouver_4de7871c-4027-4f1e-a53d-4fa057bd9b3f,4de7871c-4027-4f1e-a53d-4fa057bd9b3f,49.285512,-123.1384,2,FALSE,FALSE,12800,0040,1783022725,2026-07-02T20:05:32Z,2026-07-02T20:05:32Z,2026-07-02T20:05:23Z,2.2,https://gbfs.kappa.fifteen.eu/gbfs/2.2/mobi/en/gbfs.json,https://gbfs.kappa.fifteen.eu/gbfs/2.2/mobi/en/free_bike_status.json,2026-07-02T20:05:31Z,2026-07-02T20:05:31Z
mobi_vancouver,mobi_vancouver_eb5cb15e-3a43-4bac-ab36-f5c20b627e6a,eb5cb15e-3a43-4bac-ab36-f5c20b627e6a,49.285512,-123.1384,2,FALSE,FALSE,12800,0040,1783022725,2026-07-02T20:05:32Z,2026-07-02T20:05:32Z,2026-07-02T20:05:23Z,2.2,https://gbfs.kappa.fifteen.eu/gbfs/2.2/mobi/en/gbfs.json,https://gbfs.kappa.fifteen.eu/gbfs/2.2/mobi/en/free_bike_status.json,2026-07-02T20:05:31Z,2026-07-02T20:05:31Z
mobi_vancouver,mobi_vancouver_13756a3d-59a3-48c7-a279-673a844c0e5a,13756a3d-59a3-48c7-a279-673a844c0e5a,49.293257,-123.138563,1,FALSE,FALSE,12800,0093,1783022725,2026-07-02T20:05:32Z,2026-07-02T20:05:32Z,2026-07-02T20:05:23Z,2.2,https://gbfs.kappa.fifteen.eu/gbfs/2.2/mobi/en/gbfs.json,https://gbfs.kappa.fifteen.eu/gbfs/2.2/mobi/en/free_bike_status.json,2026-07-02T20:05:31Z,2026-07-02T20:05:31Z
mobi_vancouver,mobi_vancouver_7f1a961d-601e-46f4-a100-e9fe1bac1d5f,7f1a961d-601e-46f4-a100-e9fe1bac1d5f,49.266456,-123.100324,2,FALSE,FALSE,12800,0198,1783022725,2026-07-02T20:05:32Z,2026-07-02T20:05:32Z,2026-07-02T20:05:23Z,2.2,https://gbfs.kappa.fifteen.eu/gbfs/2.2/mobi/en/gbfs.json,https://gbfs.kappa.fifteen.eu/gbfs/2.2/mobi/en/free_bike_status.json,2026-07-02T20:05:31Z,2026-07-02T20:05:31Z
mobi_vancouver,mobi_vancouver_bfc7d807-6abd-43f1-bac1-56d6d06cc90c,bfc7d807-6abd-43f1-bac1-56d6d06cc90c,49.276897,-123.101746,2,FALSE,FALSE,12800,0801,1783022725,2026-07-02T20:05:32Z,2026-07-02T20:05:32Z,2026-07-02T20:05:23Z,2.2,https://gbfs.kappa.fifteen.eu/gbfs/2.2/mobi/en/gbfs.json,https://gbfs.kappa.fifteen.eu/gbfs/2.2/mobi/en/free_bike_status.json,2026-07-02T20:05:31Z,2026-07-02T20:05:31Z
mobi_vancouver,mobi_vancouver_312305c6-831b-49dc-a1c3-62112f7a9d6d,312305c6-831b-49dc-a1c3-62112f7a9d6d,49.267859,-123.145782,1,FALSE,FALSE,12800,0139,1783022725,2026-07-02T20:05:32Z,2026-07-02T20:05:32Z,2026-07-02T20:05:23Z,2.2,https://gbfs.kappa.fifteen.eu/gbfs/2.2/mobi/en/gbfs.json,https://gbfs.kappa.fifteen.eu/gbfs/2.2/mobi/en/free_bike_status.json,2026-07-02T20:05:31Z,2026-07-02T20:05:31Z
mobi_vancouver,mobi_vancouver_c927fdd6-7257-4da9-b24c-83ab30024bcc,c927fdd6-7257-4da9-b24c-83ab30024bcc,49.267628,-123.127698,1,FALSE,FALSE,12800,0143,1783022725,2026-07-02T20:05:32Z,2026-07-02T20:05:32Z,2026-07-02T20:05:23Z,2.2,https://gbfs.kappa.fifteen.eu/gbfs/2.2/mobi/en/gbfs.json,https://gbfs.kappa.fifteen.eu/gbfs/2.2/mobi/en/free_bike_status.json,2026-07-02T20:05:31Z,2026-07-02T20:05:31Z
mobi_vancouver,mobi_vancouver_9ae30efa-88e3-4bb7-b791-974c0e17bbeb,9ae30efa-88e3-4bb7-b791-974c0e17bbeb,49.264251,-123.073853,1,FALSE,FALSE,12800,0249,1783022725,2026-07-02T20:05:32Z,2026-07-02T20:05:32Z,2026-07-02T20:05:23Z,2.2,https://gbfs.kappa.fifteen.eu/gbfs/2.2/mobi/en/gbfs.json,https://gbfs.kappa.fifteen.eu/gbfs/2.2/mobi/en/free_bike_status.json,2026-07-02T20:05:31Z,2026-07-02T20:05:31Z
mobi_vancouver,mobi_vancouver_069985e4-b653-4ffe-8024-23393da8bc44,069985e4-b653-4ffe-8024-23393da8bc44,49.280332,-123.070068,1,FALSE,FALSE,12800,0224,1783022725,2026-07-02T20:05:32Z,2026-07-02T20:05:32Z,2026-07-02T20:05:23Z,2.2,https://gbfs.kappa.fifteen.eu/gbfs/2.2/mobi/en/gbfs.json,https://gbfs.kappa.fifteen.eu/gbfs/2.2/mobi/en/free_bike_status.json,2026-07-02T20:05:31Z,2026-07-02T20:05:31Z
mobi_vancouver,mobi_vancouver_fbea902a-a34a-4683-a4f3-c2b18d24be50,fbea902a-a34a-4683-a4f3-c2b18d24be50,49.265071,-123.123864,1,FALSE,FALSE,12800,0191,1783022725,2026-07-02T20:05:32Z,2026-07-02T20:05:32Z,2026-07-02T20:05:23Z,2.2,https://gbfs.kappa.fifteen.eu/gbfs/2.2/mobi/en/gbfs.json,https://gbfs.kappa.fifteen.eu/gbfs/2.2/mobi/en/free_bike_status.json,2026-07-02T20:05:31Z,2026-07-02T20:05:31Z
mobi_vancouver,mobi_vancouver_1e65e537-bd34-4995-8f0c-8489e84314bd,1e65e537-bd34-4995-8f0c-8489e84314bd,49.284554,-123.111031,1,FALSE,FALSE,12800,0124,1783022725,2026-07-02T20:05:32Z,2026-07-02T20:05:32Z,2026-07-02T20:05:23Z,2.2,https://gbfs.kappa.fifteen.eu/gbfs/2.2/mobi/en/gbfs.json,https://gbfs.kappa.fifteen.eu/gbfs/2.2/mobi/en/free_bike_status.json,2026-07-02T20:05:31Z,2026-07-02T20:05:31Z
mobi_vancouver,mobi_vancouver_e373a1cb-8ce8-4481-96d0-194bcfa8ee9f,e373a1cb-8ce8-4481-96d0-194bcfa8ee9f,49.25976,-123.2479,1,FALSE,FALSE,12800,2127,1783022725,2026-07-02T20:05:32Z,2026-07-02T20:05:32Z,2026-07-02T20:05:23Z,2.2,https://gbfs.kappa.fifteen.eu/gbfs/2.2/mobi/en/gbfs.json,https://gbfs.kappa.fifteen.eu/gbfs/2.2/mobi/en/free_bike_status.json,2026-07-02T20:05:31Z,2026-07-02T20:05:31Z
mobi_vancouver,mobi_vancouver_38ab62e7-a60d-473d-af78-d6a2c4acf41a,38ab62e7-a60d-473d-af78-d6a2c4acf41a,49.27549,-123.12882,1,FALSE,FALSE,12800,0318,1783022725,2026-07-02T20:05:32Z,2026-07-02T20:05:32Z,2026-07-02T20:05:23Z,2.2,https://gbfs.kappa.fifteen.eu/gbfs/2.2/mobi/en/gbfs.json,https://gbfs.kappa.fifteen.eu/gbfs/2.2/mobi/en/free_bike_status.json,2026-07-02T20:05:31Z,2026-07-02T20:05:31Z
mobi_vancouver,mobi_vancouver_b442b8e5-0caf-496d-820e-8dcbad4e5921,b442b8e5-0caf-496d-820e-8dcbad4e5921,49.279938,-123.127478,1,FALSE,FALSE,13200,0039,1783022725,2026-07-02T20:05:32Z,2026-07-02T20:05:32Z,2026-07-02T20:05:23Z,2.2,https://gbfs.kappa.fifteen.eu/gbfs/2.2/mobi/en/gbfs.json,https://gbfs.kappa.fifteen.eu/gbfs/2.2/mobi/en/free_bike_status.json,2026-07-02T20:05:31Z,2026-07-02T20:05:31Z
mobi_vancouver,mobi_vancouver_00b40aaa-9539-482f-ab95-66b82a0a29e3,00b40aaa-9539-482f-ab95-66b82a0a29e3,49.28725,-123.11298,1,FALSE,FALSE,13200,0014,1783022725,2026-07-02T20:05:32Z,2026-07-02T20:05:32Z,2026-07-02T20:05:23Z,2.2,https://gbfs.kappa.fifteen.eu/gbfs/2.2/mobi/en/gbfs.json,https://gbfs.kappa.fifteen.eu/gbfs/2.2/mobi/en/free_bike_status.json,2026-07-02T20:05:31Z,2026-07-02T20:05:31Z
mobi_vancouver,mobi_vancouver_89520953-6365-4c3d-8cf0-bfe16726e339,89520953-6365-4c3d-8cf0-bfe16726e339,49.284157,-123.099917,1,FALSE,FALSE,13200,0150,1783022725,2026-07-02T20:05:32Z,2026-07-02T20:05:32Z,2026-07-02T20:05:23Z,2.2,https://gbfs.kappa.fifteen.eu/gbfs/2.2/mobi/en/gbfs.json,https://gbfs.kappa.fifteen.eu/gbfs/2.2/mobi/en/free_bike_status.json,2026-07-02T20:05:31Z,2026-07-02T20:05:31Z
mobi_vancouver,mobi_vancouver_8d8db23c-2373-4382-9986-bb65b04a46fd,8d8db23c-2373-4382-9986-bb65b04a46fd,49.28117,-123.104419,1,FALSE,FALSE,13200,0098,1783022725,2026-07-02T20:05:32Z,2026-07-02T20:05:32Z,2026-07-02T20:05:23Z,2.2,https://gbfs.kappa.fifteen.eu/gbfs/2.2/mobi/en/gbfs.json,https://gbfs.kappa.fifteen.eu/gbfs/2.2/mobi/en/free_bike_status.json,2026-07-02T20:05:31Z,2026-07-02T20:05:31Z
mobi_vancouver,mobi_vancouver_cba81449-e763-472c-b3d4-bdc12ecb63b1,cba81449-e763-472c-b3d4-bdc12ecb63b1,49.280284,-123.097052,1,FALSE,FALSE,13200,0213,1783022725,2026-07-02T20:05:32Z,2026-07-02T20:05:32Z,2026-07-02T20:05:23Z,2.2,https://gbfs.kappa.fifteen.eu/gbfs/2.2/mobi/en/gbfs.json,https://gbfs.kappa.fifteen.eu/gbfs/2.2/mobi/en/free_bike_status.json,2026-07-02T20:05:31Z,2026-07-02T20:05:31Z
mobi_vancouver,mobi_vancouver_c677b83d-a59a-4be6-aab6-a091db697072,c677b83d-a59a-4be6-aab6-a091db697072,49.264483,-123.173926,1,FALSE,FALSE,13200,0444,1783022725,2026-07-02T20:05:32Z,2026-07-02T20:05:32Z,2026-07-02T20:05:23Z,2.2,https://gbfs.kappa.fifteen.eu/gbfs/2.2/mobi/en/gbfs.json,https://gbfs.kappa.fifteen.eu/gbfs/2.2/mobi/en/free_bike_status.json,2026-07-02T20:05:31Z,2026-07-02T20:05:31Z
mobi_vancouver,mobi_vancouver_c0a897a3-f83c-4a28-8dcc-5c8856fc92d1,c0a897a3-f83c-4a28-8dcc-5c8856fc92d1,49.247854,-123.153422,1,FALSE,FALSE,13200,0480,1783022725,2026-07-02T20:05:32Z,2026-07-02T20:05:32Z,2026-07-02T20:05:23Z,2.2,https://gbfs.kappa.fifteen.eu/gbfs/2.2/mobi/en/gbfs.json,https://gbfs.kappa.fifteen.eu/gbfs/2.2/mobi/en/free_bike_status.json,2026-07-02T20:05:31Z,2026-07-02T20:05:31Z
mobi_vancouver,mobi_vancouver_af386eaf-6df9-4725-84de-eb54cc4055db,af386eaf-6df9-4725-84de-eb54cc4055db,49.264019,-123.209176,1,FALSE,FALSE,13200,0716,1783022725,2026-07-02T20:05:32Z,2026-07-02T20:05:32Z,2026-07-02T20:05:23Z,2.2,https://gbfs.kappa.fifteen.eu/gbfs/2.2/mobi/en/gbfs.json,https://gbfs.kappa.fifteen.eu/gbfs/2.2/mobi/en/free_bike_status.json,2026-07-02T20:05:31Z,2026-07-02T20:05:31Z
mobi_vancouver,mobi_vancouver_f6253e84-e313-45bb-97e6-d9cb7f839ced,f6253e84-e313-45bb-97e6-d9cb7f839ced,49.25976,-123.2479,2,FALSE,FALSE,13200,2127,1783022725,2026-07-02T20:05:32Z,2026-07-02T20:05:32Z,2026-07-02T20:05:23Z,2.2,https://gbfs.kappa.fifteen.eu/gbfs/2.2/mobi/en/gbfs.json,https://gbfs.kappa.fifteen.eu/gbfs/2.2/mobi/en/free_bike_status.json,2026-07-02T20:05:31Z,2026-07-02T20:05:31Z
mobi_vancouver,mobi_vancouver_87a598cd-4282-4746-9114-7dd385305b04,87a598cd-4282-4746-9114-7dd385305b04,49.2585,-123.2521,1,FALSE,FALSE,13200,2117,1783022725,2026-07-02T20:05:32Z,2026-07-02T20:05:32Z,2026-07-02T20:05:23Z,2.2,https://gbfs.kappa.fifteen.eu/gbfs/2.2/mobi/en/gbfs.json,https://gbfs.kappa.fifteen.eu/gbfs/2.2/mobi/en/free_bike_status.json,2026-07-02T20:05:31Z,2026-07-02T20:05:31Z
mobi_vancouver,mobi_vancouver_08f56403-85d8-48c8-a9ef-a1a32d3056d7,08f56403-85d8-48c8-a9ef-a1a32d3056d7,49.282055,-123.133045,1,FALSE,FALSE,13600,0187,1783022725,2026-07-02T20:05:32Z,2026-07-02T20:05:32Z,2026-07-02T20:05:23Z,2.2,https://gbfs.kappa.fifteen.eu/gbfs/2.2/mobi/en/gbfs.json,https://gbfs.kappa.fifteen.eu/gbfs/2.2/mobi/en/free_bike_status.json,2026-07-02T20:05:31Z,2026-07-02T20:05:31Z
mobi_vancouver,mobi_vancouver_391e9abe-276d-41eb-83ac-46827b776a09,391e9abe-276d-41eb-83ac-46827b776a09,49.262487,-123.114397,1,FALSE,FALSE,13600,0001,1783022725,2026-07-02T20:05:32Z,2026-07-02T20:05:32Z,2026-07-02T20:05:23Z,2.2,https://gbfs.kappa.fifteen.eu/gbfs/2.2/mobi/en/gbfs.json,https://gbfs.kappa.fifteen.eu/gbfs/2.2/mobi/en/free_bike_status.json,2026-07-02T20:05:31Z,2026-07-02T20:05:31Z
mobi_vancouver,mobi_vancouver_03ccf7f4-9a3e-4455-b9ae-21d54974616b,03ccf7f4-9a3e-4455-b9ae-21d54974616b,49.288444,-123.139203,1,FALSE,FALSE,13600,0032,1783022725,2026-07-02T20:05:32Z,2026-07-02T20:05:32Z,2026-07-02T20:05:23Z,2.2,https://gbfs.kappa.fifteen.eu/gbfs/2.2/mobi/en/gbfs.json,https://gbfs.kappa.fifteen.eu/gbfs/2.2/mobi/en/free_bike_status.json,2026-07-02T20:05:31Z,2026-07-02T20:05:31Z
mobi_vancouver,mobi_vancouver_149ba309-2768-4eb8-87e2-7e0ccbcb20eb,149ba309-2768-4eb8-87e2-7e0ccbcb20eb,49.279821,-123.10802,1,FALSE,FALSE,13600,0053,1783022725,2026-07-02T20:05:32Z,2026-07-02T20:05:32Z,2026-07-02T20:05:23Z,2.2,https://gbfs.kappa.fifteen.eu/gbfs/2.2/mobi/en/gbfs.json,https://gbfs.kappa.fifteen.eu/gbfs/2.2/mobi/en/free_bike_status.json,2026-07-02T20:05:31Z,2026-07-02T20:05:31Z
mobi_vancouver,mobi_vancouver_d027991c-7815-4bed-9211-f2111621e0d8,d027991c-7815-4bed-9211-f2111621e0d8,49.279821,-123.10802,1,FALSE,FALSE,13600,0053,1783022725,2026-07-02T20:05:32Z,2026-07-02T20:05:32Z,2026-07-02T20:05:23Z,2.2,https://gbfs.kappa.fifteen.eu/gbfs/2.2/mobi/en/gbfs.json,https://gbfs.kappa.fifteen.eu/gbfs/2.2/mobi/en/free_bike_status.json,2026-07-02T20:05:31Z,2026-07-02T20:05:31Z
mobi_vancouver,mobi_vancouver_566371b6-c0b2-4fc3-8bab-539223133599,566371b6-c0b2-4fc3-8bab-539223133599,49.265605,-123.152566,1,FALSE,FALSE,13600,0109,1783022725,2026-07-02T20:05:32Z,2026-07-02T20:05:32Z,2026-07-02T20:05:23Z,2.2,https://gbfs.kappa.fifteen.eu/gbfs/2.2/mobi/en/gbfs.json,https://gbfs.kappa.fifteen.eu/gbfs/2.2/mobi/en/free_bike_status.json,2026-07-02T20:05:31Z,2026-07-02T20:05:31Z
mobi_vancouver,mobi_vancouver_2e10f5a6-48a6-4b05-9db4-2a5df80d481c,2e10f5a6-48a6-4b05-9db4-2a5df80d481c,49.262062,-123.104656,2,FALSE,FALSE,13600,0176,1783022725,2026-07-02T20:05:32Z,2026-07-02T20:05:32Z,2026-07-02T20:05:23Z,2.2,https://gbfs.kappa.fifteen.eu/gbfs/2.2/mobi/en/gbfs.json,https://gbfs.kappa.fifteen.eu/gbfs/2.2/mobi/en/free_bike_status.json,2026-07-02T20:05:31Z,2026-07-02T20:05:31Z
mobi_vancouver,mobi_vancouver_56232cb8-1ebe-4a44-954f-b0ab0be8eb36,56232cb8-1ebe-4a44-954f-b0ab0be8eb36,49.262822,-123.14338,1,FALSE,FALSE,13600,0205,1783022725,2026-07-02T20:05:32Z,2026-07-02T20:05:32Z,2026-07-02T20:05:23Z,2.2,https://gbfs.kappa.fifteen.eu/gbfs/2.2/mobi/en/gbfs.json,https://gbfs.kappa.fifteen.eu/gbfs/2.2/mobi/en/free_bike_status.json,2026-07-02T20:05:31Z,2026-07-02T20:05:31Z
mobi_vancouver,mobi_vancouver_c80ba423-36c7-4fd3-a329-3840e0cfe780,c80ba423-36c7-4fd3-a329-3840e0cfe780,49.262242,-123.081459,1,FALSE,FALSE,13600,0246,1783022725,2026-07-02T20:05:32Z,2026-07-02T20:05:32Z,2026-07-02T20:05:23Z,2.2,https://gbfs.kappa.fifteen.eu/gbfs/2.2/mobi/en/gbfs.json,https://gbfs.kappa.fifteen.eu/gbfs/2.2/mobi/en/free_bike_status.json,2026-07-02T20:05:31Z,2026-07-02T20:05:31Z
mobi_vancouver,mobi_vancouver_686e31c7-6272-4e82-a09f-2ee53b129fbe,686e31c7-6272-4e82-a09f-2ee53b129fbe,49.284062,-123.095097,2,FALSE,FALSE,13600,0161,1783022725,2026-07-02T20:05:32Z,2026-07-02T20:05:32Z,2026-07-02T20:05:23Z,2.2,https://gbfs.kappa.fifteen.eu/gbfs/2.2/mobi/en/gbfs.json,https://gbfs.kappa.fifteen.eu/gbfs/2.2/mobi/en/free_bike_status.json,2026-07-02T20:05:31Z,2026-07-02T20:05:31Z
mobi_vancouver,mobi_vancouver_bfdc281f-7b03-494e-b960-4158ee772bd2,bfdc281f-7b03-494e-b960-4158ee772bd2,49.275882,-123.071865,1,FALSE,FALSE,13600,0232,1783022725,2026-07-02T20:05:32Z,2026-07-02T20:05:32Z,2026-07-02T20:05:23Z,2.2,https://gbfs.kappa.fifteen.eu/gbfs/2.2/mobi/en/gbfs.json,https://gbfs.kappa.fifteen.eu/gbfs/2.2/mobi/en/free_bike_status.json,2026-07-02T20:05:31Z,2026-07-02T20:05:31Z
mobi_vancouver,mobi_vancouver_46e22e69-f887-4ccd-b74d-5d92de9a8f4b,46e22e69-f887-4ccd-b74d-5d92de9a8f4b,49.256496,-123.075426,1,FALSE,FALSE,13600,0283,1783022725,2026-07-02T20:05:32Z,2026-07-02T20:05:32Z,2026-07-02T20:05:23Z,2.2,https://gbfs.kappa.fifteen.eu/gbfs/2.2/mobi/en/gbfs.json,https://gbfs.kappa.fifteen.eu/gbfs/2.2/mobi/en/free_bike_status.json,2026-07-02T20:05:31Z,2026-07-02T20:05:31Z
mobi_vancouver,mobi_vancouver_160267a4-4f54-4f30-a07c-bdfa4f20aa16,160267a4-4f54-4f30-a07c-bdfa4f20aa16,49.270684,-123.073562,1,FALSE,FALSE,13600,0252,1783022725,2026-07-02T20:05:32Z,2026-07-02T20:05:32Z,2026-07-02T20:05:23Z,2.2,https://gbfs.kappa.fifteen.eu/gbfs/2.2/mobi/en/gbfs.json,https://gbfs.kappa.fifteen.eu/gbfs/2.2/mobi/en/free_bike_status.json,2026-07-02T20:05:31Z,2026-07-02T20:05:31Z
mobi_vancouver,mobi_vancouver_ea15f7b3-804b-4e0f-be77-331289dfd723,ea15f7b3-804b-4e0f-be77-331289dfd723,49.302577,-123.155616,2,FALSE,FALSE,13600,0103,1783022725,2026-07-02T20:05:32Z,2026-07-02T20:05:32Z,2026-07-02T20:05:23Z,2.2,https://gbfs.kappa.fifteen.eu/gbfs/2.2/mobi/en/gbfs.json,https://gbfs.kappa.fifteen.eu/gbfs/2.2/mobi/en/free_bike_status.json,2026-07-02T20:05:31Z,2026-07-02T20:05:31Z
mobi_vancouver,mobi_vancouver_a9a44e35-0c04-4651-a41e-57566a084974,a9a44e35-0c04-4651-a41e-57566a084974,49.277615,-123.091654,2,FALSE,FALSE,13600,0215,1783022725,2026-07-02T20:05:32Z,2026-07-02T20:05:32Z,2026-07-02T20:05:23Z,2.2,https://gbfs.kappa.fifteen.eu/gbfs/2.2/mobi/en/gbfs.json,https://gbfs.kappa.fifteen.eu/gbfs/2.2/mobi/en/free_bike_status.json,2026-07-02T20:05:31Z,2026-07-02T20:05:31Z
mobi_vancouver,mobi_vancouver_effed5c8-bcfa-42c4-93bf-ab9de875a6a1,effed5c8-bcfa-42c4-93bf-ab9de875a6a1,49.285575,-123.061575,1,FALSE,FALSE,13600,0621,1783022725,2026-07-02T20:05:32Z,2026-07-02T20:05:32Z,2026-07-02T20:05:23Z,2.2,https://gbfs.kappa.fifteen.eu/gbfs/2.2/mobi/en/gbfs.json,https://gbfs.kappa.fifteen.eu/gbfs/2.2/mobi/en/free_bike_status.json,2026-07-02T20:05:31Z,2026-07-02T20:05:31Z
mobi_vancouver,mobi_vancouver_01a360b5-2cd5-4a3f-aaae-0cbf66f7690d,01a360b5-2cd5-4a3f-aaae-0cbf66f7690d,49.245535,-123.120496,1,FALSE,FALSE,13600,0516,1783022725,2026-07-02T20:05:32Z,2026-07-02T20:05:32Z,2026-07-02T20:05:23Z,2.2,https://gbfs.kappa.fifteen.eu/gbfs/2.2/mobi/en/gbfs.json,https://gbfs.kappa.fifteen.eu/gbfs/2.2/mobi/en/free_bike_status.json,2026-07-02T20:05:31Z,2026-07-02T20:05:31Z
mobi_vancouver,mobi_vancouver_4bf394bc-64e4-4e09-b983-d963078da87c,4bf394bc-64e4-4e09-b983-d963078da87c,49.271721,-123.104207,1,FALSE,FALSE,14000,0011,1783022725,2026-07-02T20:05:32Z,2026-07-02T20:05:32Z,2026-07-02T20:05:23Z,2.2,https://gbfs.kappa.fifteen.eu/gbfs/2.2/mobi/en/gbfs.json,https://gbfs.kappa.fifteen.eu/gbfs/2.2/mobi/en/free_bike_status.json,2026-07-02T20:05:31Z,2026-07-02T20:05:31Z
mobi_vancouver,mobi_vancouver_cd082a43-3bbb-409b-94de-8f314ead7c1f,cd082a43-3bbb-409b-94de-8f314ead7c1f,49.262487,-123.114397,1,FALSE,FALSE,14000,0001,1783022725,2026-07-02T20:05:32Z,2026-07-02T20:05:32Z,2026-07-02T20:05:23Z,2.2,https://gbfs.kappa.fifteen.eu/gbfs/2.2/mobi/en/gbfs.json,https://gbfs.kappa.fifteen.eu/gbfs/2.2/mobi/en/free_bike_status.json,2026-07-02T20:05:31Z,2026-07-02T20:05:31Z
mobi_vancouver,mobi_vancouver_f665ee3b-d26a-45b3-89cc-09e88ca0c192,f665ee3b-d26a-45b3-89cc-09e88ca0c192,49.275679,-123.116963,1,FALSE,FALSE,14000,0027,1783022725,2026-07-02T20:05:32Z,2026-07-02T20:05:32Z,2026-07-02T20:05:23Z,2.2,https://gbfs.kappa.fifteen.eu/gbfs/2.2/mobi/en/gbfs.json,https://gbfs.kappa.fifteen.eu/gbfs/2.2/mobi/en/free_bike_status.json,2026-07-02T20:05:31Z,2026-07-02T20:05:31Z
mobi_vancouver,mobi_vancouver_13881a5d-9161-44b8-8694-dd1bd46aadb0,13881a5d-9161-44b8-8694-dd1bd46aadb0,49.273833,-123.114373,1,FALSE,FALSE,14000,0057,1783022725,2026-07-02T20:05:32Z,2026-07-02T20:05:32Z,2026-07-02T20:05:23Z,2.2,https://gbfs.kappa.fifteen.eu/gbfs/2.2/mobi/en/gbfs.json,https://gbfs.kappa.fifteen.eu/gbfs/2.2/mobi/en/free_bike_status.json,2026-07-02T20:05:31Z,2026-07-02T20:05:31Z
mobi_vancouver,mobi_vancouver_cb9e5cdb-b50e-4985-99e4-2411ba765bff,cb9e5cdb-b50e-4985-99e4-2411ba765bff,49.268503,-123.097501,1,FALSE,FALSE,14000,0197,1783022725,2026-07-02T20:05:32Z,2026-07-02T20:05:32Z,2026-07-02T20:05:23Z,2.2,https://gbfs.kappa.fifteen.eu/gbfs/2.2/mobi/en/gbfs.json,https://gbfs.kappa.fifteen.eu/gbfs/2.2/mobi/en/free_bike_status.json,2026-07-02T20:05:31Z,2026-07-02T20:05:31Z
mobi_vancouver,mobi_vancouver_ff6d9c50-4fc2-430e-ab4f-c094cc2d056e,ff6d9c50-4fc2-430e-ab4f-c094cc2d056e,49.283227,-123.120523,2,FALSE,FALSE,14000,0099,1783022725,2026-07-02T20:05:32Z,2026-07-02T20:05:32Z,2026-07-02T20:05:23Z,2.2,https://gbfs.kappa.fifteen.eu/gbfs/2.2/mobi/en/gbfs.json,https://gbfs.kappa.fifteen.eu/gbfs/2.2/mobi/en/free_bike_status.json,2026-07-02T20:05:31Z,2026-07-02T20:05:31Z
mobi_vancouver,mobi_vancouver_9cf1e1e7-a688-4988-8637-3d52a4d3fe27,9cf1e1e7-a688-4988-8637-3d52a4d3fe27,49.266725,-123.065925,1,FALSE,FALSE,14000,0273,1783022725,2026-07-02T20:05:32Z,2026-07-02T20:05:32Z,2026-07-02T20:05:23Z,2.2,https://gbfs.kappa.fifteen.eu/gbfs/2.2/mobi/en/gbfs.json,https://gbfs.kappa.fifteen.eu/gbfs/2.2/mobi/en/free_bike_status.json,2026-07-02T20:05:31Z,2026-07-02T20:05:31Z
mobi_vancouver,mobi_vancouver_4000c0b7-55fc-4336-af96-ef381b41b5c1,4000c0b7-55fc-4336-af96-ef381b41b5c1,49.259579,-123.114769,1,FALSE,FALSE,14000,0311,1783022725,2026-07-02T20:05:32Z,2026-07-02T20:05:32Z,2026-07-02T20:05:23Z,2.2,https://gbfs.kappa.fifteen.eu/gbfs/2.2/mobi/en/gbfs.json,https://gbfs.kappa.fifteen.eu/gbfs/2.2/mobi/en/free_bike_status.json,2026-07-02T20:05:31Z,2026-07-02T20:05:31Z
mobi_vancouver,mobi_vancouver_553f4d54-b7cc-45c1-a9d5-d2e75763aa28,553f4d54-b7cc-45c1-a9d5-d2e75763aa28,49.26213,-123.11989,2,FALSE,FALSE,14000,0121,1783022725,2026-07-02T20:05:32Z,2026-07-02T20:05:32Z,2026-07-02T20:05:23Z,2.2,https://gbfs.kappa.fifteen.eu/gbfs/2.2/mobi/en/gbfs.json,https://gbfs.kappa.fifteen.eu/gbfs/2.2/mobi/en/free_bike_status.json,2026-07-02T20:05:31Z,2026-07-02T20:05:31Z
mobi_vancouver,mobi_vancouver_d7942472-33eb-477e-86b1-3abaa6255619,d7942472-33eb-477e-86b1-3abaa6255619,49.26213,-123.11989,2,FALSE,FALSE,14000,0121,1783022725,2026-07-02T20:05:32Z,2026-07-02T20:05:32Z,2026-07-02T20:05:23Z,2.2,https://gbfs.kappa.fifteen.eu/gbfs/2.2/mobi/en/gbfs.json,https://gbfs.kappa.fifteen.eu/gbfs/2.2/mobi/en/free_bike_status.json,2026-07-02T20:05:31Z,2026-07-02T20:05:31Z
mobi_vancouver,mobi_vancouver_b9ab2d5a-0b1c-433e-8314-9b5709a0f3ac,b9ab2d5a-0b1c-433e-8314-9b5709a0f3ac,49.2749,-123.12898,1,FALSE,FALSE,14000,0319,1783022725,2026-07-02T20:05:32Z,2026-07-02T20:05:32Z,2026-07-02T20:05:23Z,2.2,https://gbfs.kappa.fifteen.eu/gbfs/2.2/mobi/en/gbfs.json,https://gbfs.kappa.fifteen.eu/gbfs/2.2/mobi/en/free_bike_status.json,2026-07-02T20:05:31Z,2026-07-02T20:05:31Z
mobi_vancouver,mobi_vancouver_9cc804c5-9bcb-43cb-9583-016018717b70,9cc804c5-9bcb-43cb-9583-016018717b70,49.2506,-123.23238,2,FALSE,FALSE,14000,2255,1783022725,2026-07-02T20:05:32Z,2026-07-02T20:05:32Z,2026-07-02T20:05:23Z,2.2,https://gbfs.kappa.fifteen.eu/gbfs/2.2/mobi/en/gbfs.json,https://gbfs.kappa.fifteen.eu/gbfs/2.2/mobi/en/free_bike_status.json,2026-07-02T20:05:31Z,2026-07-02T20:05:31Z
mobi_vancouver,mobi_vancouver_61168e10-c0ea-4431-8b9e-52d7612fc8ea,61168e10-c0ea-4431-8b9e-52d7612fc8ea,49.269361,-123.13782,1,FALSE,FALSE,14400,0066,1783022725,2026-07-02T20:05:32Z,2026-07-02T20:05:32Z,2026-07-02T20:05:23Z,2.2,https://gbfs.kappa.fifteen.eu/gbfs/2.2/mobi/en/gbfs.json,https://gbfs.kappa.fifteen.eu/gbfs/2.2/mobi/en/free_bike_status.json,2026-07-02T20:05:31Z,2026-07-02T20:05:31Z
mobi_vancouver,mobi_vancouver_7087f93b-26cb-484a-be4b-0b4c3d927d45,7087f93b-26cb-484a-be4b-0b4c3d927d45,49.265089,-123.119425,1,FALSE,FALSE,14400,0081,1783022725,2026-07-02T20:05:32Z,2026-07-02T20:05:32Z,2026-07-02T20:05:23Z,2.2,https://gbfs.kappa.fifteen.eu/gbfs/2.2/mobi/en/gbfs.json,https://gbfs.kappa.fifteen.eu/gbfs/2.2/mobi/en/free_bike_status.json,2026-07-02T20:05:31Z,2026-07-02T20:05:31Z
mobi_vancouver,mobi_vancouver_03f0d3d8-ccfc-4a33-a0ba-732f700c03e5,03f0d3d8-ccfc-4a33-a0ba-732f700c03e5,49.284605,-123.108662,1,FALSE,FALSE,14400,0052,1783022725,2026-07-02T20:05:32Z,2026-07-02T20:05:32Z,2026-07-02T20:05:23Z,2.2,https://gbfs.kappa.fifteen.eu/gbfs/2.2/mobi/en/gbfs.json,https://gbfs.kappa.fifteen.eu/gbfs/2.2/mobi/en/free_bike_status.json,2026-07-02T20:05:31Z,2026-07-02T20:05:31Z
mobi_vancouver,mobi_vancouver_9ab5dfab-8854-4096-a455-ecd489f92218,9ab5dfab-8854-4096-a455-ecd489f92218,49.266314,-123.116011,1,FALSE,FALSE,14400,0006,1783022725,2026-07-02T20:05:32Z,2026-07-02T20:05:32Z,2026-07-02T20:05:23Z,2.2,https://gbfs.kappa.fifteen.eu/gbfs/2.2/mobi/en/gbfs.json,https://gbfs.kappa.fifteen.eu/gbfs/2.2/mobi/en/free_bike_status.json,2026-07-02T20:05:31Z,2026-07-02T20:05:31Z
mobi_vancouver,mobi_vancouver_8dec3414-47a5-4fc7-81e4-ba77e12fb7c3,8dec3414-47a5-4fc7-81e4-ba77e12fb7c3,49.262822,-123.14338,2,FALSE,FALSE,14400,0205,1783022725,2026-07-02T20:05:32Z,2026-07-02T20:05:32Z,2026-07-02T20:05:23Z,2.2,https://gbfs.kappa.fifteen.eu/gbfs/2.2/mobi/en/gbfs.json,https://gbfs.kappa.fifteen.eu/gbfs/2.2/mobi/en/free_bike_status.json,2026-07-02T20:05:31Z,2026-07-02T20:05:31Z
mobi_vancouver,mobi_vancouver_fb06c046-20a3-4234-a288-4eb7cdc47f09,fb06c046-20a3-4234-a288-4eb7cdc47f09,49.297933,-123.130758,1,FALSE,FALSE,14400,0209,1783022725,2026-07-02T20:05:32Z,2026-07-02T20:05:32Z,2026-07-02T20:05:23Z,2.2,https://gbfs.kappa.fifteen.eu/gbfs/2.2/mobi/en/gbfs.json,https://gbfs.kappa.fifteen.eu/gbfs/2.2/mobi/en/free_bike_status.json,2026-07-02T20:05:31Z,2026-07-02T20:05:31Z
mobi_vancouver,mobi_vancouver_eb638111-3399-4e07-b35d-b5fe5a455f81,eb638111-3399-4e07-b35d-b5fe5a455f81,49.258819,-123.131317,1,FALSE,FALSE,14400,0211,1783022725,2026-07-02T20:05:32Z,2026-07-02T20:05:32Z,2026-07-02T20:05:23Z,2.2,https://gbfs.kappa.fifteen.eu/gbfs/2.2/mobi/en/gbfs.json,https://gbfs.kappa.fifteen.eu/gbfs/2.2/mobi/en/free_bike_status.json,2026-07-02T20:05:31Z,2026-07-02T20:05:31Z
mobi_vancouver,mobi_vancouver_a6ec3740-4f86-4f09-bf4e-c484560cd3b9,a6ec3740-4f86-4f09-bf4e-c484560cd3b9,49.266774,-123.141135,2,FALSE,FALSE,14400,0153,1783022725,2026-07-02T20:05:32Z,2026-07-02T20:05:32Z,2026-07-02T20:05:23Z,2.2,https://gbfs.kappa.fifteen.eu/gbfs/2.2/mobi/en/gbfs.json,https://gbfs.kappa.fifteen.eu/gbfs/2.2/mobi/en/free_bike_status.json,2026-07-02T20:05:31Z,2026-07-02T20:05:31Z
mobi_vancouver,mobi_vancouver_1b363251-bf0b-4ba5-a6be-737f7f97cdc8,1b363251-bf0b-4ba5-a6be-737f7f97cdc8,49.263746,-123.069892,1,FALSE,FALSE,14400,0254,1783022725,2026-07-02T20:05:32Z,2026-07-02T20:05:32Z,2026-07-02T20:05:23Z,2.2,https://gbfs.kappa.fifteen.eu/gbfs/2.2/mobi/en/gbfs.json,https://gbfs.kappa.fifteen.eu/gbfs/2.2/mobi/en/free_bike_status.json,2026-07-02T20:05:31Z,2026-07-02T20:05:31Z
mobi_vancouver,mobi_vancouver_2ef0aa4b-9ba1-4145-afe8-382340b4fd90,2ef0aa4b-9ba1-4145-afe8-382340b4fd90,0,0,1,FALSE,FALSE,14400,0262,1783022725,2026-07-02T20:05:32Z,2026-07-02T20:05:32Z,2026-07-02T20:05:23Z,2.2,https://gbfs.kappa.fifteen.eu/gbfs/2.2/mobi/en/gbfs.json,https://gbfs.kappa.fifteen.eu/gbfs/2.2/mobi/en/free_bike_status.json,2026-07-02T20:05:31Z,2026-07-02T20:05:31Z
mobi_vancouver,mobi_vancouver_8b4ab05f-5f60-4582-b152-1b9e4e4cdbee,8b4ab05f-5f60-4582-b152-1b9e4e4cdbee,49.258817,-123.092797,1,FALSE,FALSE,14400,0258,1783022725,2026-07-02T20:05:32Z,2026-07-02T20:05:32Z,2026-07-02T20:05:23Z,2.2,https://gbfs.kappa.fifteen.eu/gbfs/2.2/mobi/en/gbfs.json,https://gbfs.kappa.fifteen.eu/gbfs/2.2/mobi/en/free_bike_status.json,2026-07-02T20:05:31Z,2026-07-02T20:05:31Z
mobi_vancouver,mobi_vancouver_6560f14d-0a66-4c3d-8e21-9b040221b58a,6560f14d-0a66-4c3d-8e21-9b040221b58a,49.2731,-123.0732,1,FALSE,FALSE,14400,0253,1783022725,2026-07-02T20:05:32Z,2026-07-02T20:05:32Z,2026-07-02T20:05:23Z,2.2,https://gbfs.kappa.fifteen.eu/gbfs/2.2/mobi/en/gbfs.json,https://gbfs.kappa.fifteen.eu/gbfs/2.2/mobi/en/free_bike_status.json,2026-07-02T20:05:31Z,2026-07-02T20:05:31Z
mobi_vancouver,mobi_vancouver_c134bb36-f62b-4e47-b215-5414fca6de06,c134bb36-f62b-4e47-b215-5414fca6de06,49.302577,-123.155616,2,FALSE,FALSE,14400,0103,1783022725,2026-07-02T20:05:32Z,2026-07-02T20:05:32Z,2026-07-02T20:05:23Z,2.2,https://gbfs.kappa.fifteen.eu/gbfs/2.2/mobi/en/gbfs.json,https://gbfs.kappa.fifteen.eu/gbfs/2.2/mobi/en/free_bike_status.json,2026-07-02T20:05:31Z,2026-07-02T20:05:31Z
mobi_vancouver,mobi_vancouver_03066307-90de-4d94-bf4c-d59052bb5fc5,03066307-90de-4d94-bf4c-d59052bb5fc5,49.249184,-123.116141,2,FALSE,FALSE,14400,0524,1783022725,2026-07-02T20:05:32Z,2026-07-02T20:05:32Z,2026-07-02T20:05:23Z,2.2,https://gbfs.kappa.fifteen.eu/gbfs/2.2/mobi/en/gbfs.json,https://gbfs.kappa.fifteen.eu/gbfs/2.2/mobi/en/free_bike_status.json,2026-07-02T20:05:31Z,2026-07-02T20:05:31Z
mobi_vancouver,mobi_vancouver_f3317b8c-5699-4d81-a9e0-953231b068ad,f3317b8c-5699-4d81-a9e0-953231b068ad,49.287464,-123.060771,1,FALSE,FALSE,14400,0611,1783022725,2026-07-02T20:05:32Z,2026-07-02T20:05:32Z,2026-07-02T20:05:23Z,2.2,https://gbfs.kappa.fifteen.eu/gbfs/2.2/mobi/en/gbfs.json,https://gbfs.kappa.fifteen.eu/gbfs/2.2/mobi/en/free_bike_status.json,2026-07-02T20:05:31Z,2026-07-02T20:05:31Z
mobi_vancouver,mobi_vancouver_30a6e00b-8800-4237-a808-6d74cd59e382,30a6e00b-8800-4237-a808-6d74cd59e382,49.282214,-123.114101,2,FALSE,FALSE,14800,0012,1783022725,2026-07-02T20:05:32Z,2026-07-02T20:05:32Z,2026-07-02T20:05:23Z,2.2,https://gbfs.kappa.fifteen.eu/gbfs/2.2/mobi/en/gbfs.json,https://gbfs.kappa.fifteen.eu/gbfs/2.2/mobi/en/free_bike_status.json,2026-07-02T20:05:31Z,2026-07-02T20:05:31Z
mobi_vancouver,mobi_vancouver_4de6afa0-29fe-489f-9d69-5803315251ad,4de6afa0-29fe-489f-9d69-5803315251ad,49.289255,-123.132677,1,FALSE,FALSE,14800,0041,1783022725,2026-07-02T20:05:32Z,2026-07-02T20:05:32Z,2026-07-02T20:05:23Z,2.2,https://gbfs.kappa.fifteen.eu/gbfs/2.2/mobi/en/gbfs.json,https://gbfs.kappa.fifteen.eu/gbfs/2.2/mobi/en/free_bike_status.json,2026-07-02T20:05:31Z,2026-07-02T20:05:31Z
mobi_vancouver,mobi_vancouver_f0fd289c-7964-4be0-a616-2f02f42225b3,f0fd289c-7964-4be0-a616-2f02f42225b3,49.269361,-123.13782,1,FALSE,FALSE,14800,0066,1783022725,2026-07-02T20:05:32Z,2026-07-02T20:05:32Z,2026-07-02T20:05:23Z,2.2,https://gbfs.kappa.fifteen.eu/gbfs/2.2/mobi/en/gbfs.json,https://gbfs.kappa.fifteen.eu/gbfs/2.2/mobi/en/free_bike_status.json,2026-07-02T20:05:31Z,2026-07-02T20:05:31Z
mobi_vancouver,mobi_vancouver_c23e710c-f9d0-48c0-b718-0b84d71c5378,c23e710c-f9d0-48c0-b718-0b84d71c5378,49.28062,-123.12482,1,FALSE,FALSE,14800,0037,1783022725,2026-07-02T20:05:32Z,2026-07-02T20:05:32Z,2026-07-02T20:05:23Z,2.2,https://gbfs.kappa.fifteen.eu/gbfs/2.2/mobi/en/gbfs.json,https://gbfs.kappa.fifteen.eu/gbfs/2.2/mobi/en/free_bike_status.json,2026-07-02T20:05:31Z,2026-07-02T20:05:31Z
mobi_vancouver,mobi_vancouver_90876d0a-4761-4a21-8f1d-0cb2b057ad59,90876d0a-4761-4a21-8f1d-0cb2b057ad59,49.269969,-123.109623,1,FALSE,FALSE,14800,0173,1783022725,2026-07-02T20:05:32Z,2026-07-02T20:05:32Z,2026-07-02T20:05:23Z,2.2,https://gbfs.kappa.fifteen.eu/gbfs/2.2/mobi/en/gbfs.json,https://gbfs.kappa.fifteen.eu/gbfs/2.2/mobi/en/free_bike_status.json,2026-07-02T20:05:31Z,2026-07-02T20:05:31Z
mobi_vancouver,mobi_vancouver_0b01bfc0-502a-4824-8876-6d9493b2723d,0b01bfc0-502a-4824-8876-6d9493b2723d,49.2653,-123.13811,1,FALSE,FALSE,14800,0069,1783022725,2026-07-02T20:05:32Z,2026-07-02T20:05:32Z,2026-07-02T20:05:23Z,2.2,https://gbfs.kappa.fifteen.eu/gbfs/2.2/mobi/en/gbfs.json,https://gbfs.kappa.fifteen.eu/gbfs/2.2/mobi/en/free_bike_status.json,2026-07-02T20:05:31Z,2026-07-02T20:05:31Z
mobi_vancouver,mobi_vancouver_49c9a2ca-2c1f-402f-b74c-7a6bdaaca067,49c9a2ca-2c1f-402f-b74c-7a6bdaaca067,49.268339,-123.157443,1,FALSE,FALSE,14800,0159,1783022725,2026-07-02T20:05:32Z,2026-07-02T20:05:32Z,2026-07-02T20:05:23Z,2.2,https://gbfs.kappa.fifteen.eu/gbfs/2.2/mobi/en/gbfs.json,https://gbfs.kappa.fifteen.eu/gbfs/2.2/mobi/en/free_bike_status.json,2026-07-02T20:05:31Z,2026-07-02T20:05:31Z
mobi_vancouver,mobi_vancouver_9481576d-4ee9-45ba-8f52-7321f3a99628,9481576d-4ee9-45ba-8f52-7321f3a99628,49.262062,-123.104656,1,FALSE,FALSE,14800,0176,1783022725,2026-07-02T20:05:32Z,2026-07-02T20:05:32Z,2026-07-02T20:05:23Z,2.2,https://gbfs.kappa.fifteen.eu/gbfs/2.2/mobi/en/gbfs.json,https://gbfs.kappa.fifteen.eu/gbfs/2.2/mobi/en/free_bike_status.json,2026-07-02T20:05:31Z,2026-07-02T20:05:31Z
mobi_vancouver,mobi_vancouver_03056424-ee3f-441b-89c0-0151575e37c8,03056424-ee3f-441b-89c0-0151575e37c8,49.267859,-123.145782,1,FALSE,FALSE,14800,0139,1783022725,2026-07-02T20:05:32Z,2026-07-02T20:05:32Z,2026-07-02T20:05:23Z,2.2,https://gbfs.kappa.fifteen.eu/gbfs/2.2/mobi/en/gbfs.json,https://gbfs.kappa.fifteen.eu/gbfs/2.2/mobi/en/free_bike_status.json,2026-07-02T20:05:31Z,2026-07-02T20:05:31Z
mobi_vancouver,mobi_vancouver_2ac3f6a5-cd23-40f6-8f94-477213fd899a,2ac3f6a5-cd23-40f6-8f94-477213fd899a,49.265005,-123.079481,1,FALSE,FALSE,14800,0236,1783022725,2026-07-02T20:05:32Z,2026-07-02T20:05:32Z,2026-07-02T20:05:23Z,2.2,https://gbfs.kappa.fifteen.eu/gbfs/2.2/mobi/en/gbfs.json,https://gbfs.kappa.fifteen.eu/gbfs/2.2/mobi/en/free_bike_status.json,2026-07-02T20:05:31Z,2026-07-02T20:05:31Z
mobi_vancouver,mobi_vancouver_1d0db0e3-f783-48b9-bc45-6250f8fb3855,1d0db0e3-f783-48b9-bc45-6250f8fb3855,49.287782,-123.12395,2,FALSE,FALSE,14800,0190,1783022725,2026-07-02T20:05:32Z,2026-07-02T20:05:32Z,2026-07-02T20:05:23Z,2.2,https://gbfs.kappa.fifteen.eu/gbfs/2.2/mobi/en/gbfs.json,https://gbfs.kappa.fifteen.eu/gbfs/2.2/mobi/en/free_bike_status.json,2026-07-02T20:05:31Z,2026-07-02T20:05:31Z
mobi_vancouver,mobi_vancouver_843a1a66-8ee8-4d91-98b0-7d1dcd9b2610,843a1a66-8ee8-4d91-98b0-7d1dcd9b2610,49.284554,-123.111031,1,FALSE,FALSE,14800,0124,1783022725,2026-07-02T20:05:32Z,2026-07-02T20:05:32Z,2026-07-02T20:05:23Z,2.2,https://gbfs.kappa.fifteen.eu/gbfs/2.2/mobi/en/gbfs.json,https://gbfs.kappa.fifteen.eu/gbfs/2.2/mobi/en/free_bike_status.json,2026-07-02T20:05:31Z,2026-07-02T20:05:31Z
mobi_vancouver,mobi_vancouver_1bbf79d1-b1d7-48a9-abdc-29a549ca713d,1bbf79d1-b1d7-48a9-abdc-29a549ca713d,49.264483,-123.173926,1,FALSE,FALSE,14800,0444,1783022725,2026-07-02T20:05:32Z,2026-07-02T20:05:32Z,2026-07-02T20:05:23Z,2.2,https://gbfs.kappa.fifteen.eu/gbfs/2.2/mobi/en/gbfs.json,https://gbfs.kappa.fifteen.eu/gbfs/2.2/mobi/en/free_bike_status.json,2026-07-02T20:05:31Z,2026-07-02T20:05:31Z
mobi_vancouver,mobi_vancouver_10870b73-64f1-4100-8a90-bc894ed7dfba,10870b73-64f1-4100-8a90-bc894ed7dfba,49.266636,-123.183661,2,FALSE,FALSE,14800,0414,1783022725,2026-07-02T20:05:32Z,2026-07-02T20:05:32Z,2026-07-02T20:05:23Z,2.2,https://gbfs.kappa.fifteen.eu/gbfs/2.2/mobi/en/gbfs.json,https://gbfs.kappa.fifteen.eu/gbfs/2.2/mobi/en/free_bike_status.json,2026-07-02T20:05:31Z,2026-07-02T20:05:31Z
mobi_vancouver,mobi_vancouver_a8e00244-e8b7-4c2a-8149-37899d1f6206,a8e00244-e8b7-4c2a-8149-37899d1f6206,49.28602,-123.116624,1,FALSE,FALSE,15200,0024,1783022725,2026-07-02T20:05:32Z,2026-07-02T20:05:32Z,2026-07-02T20:05:23Z,2.2,https://gbfs.kappa.fifteen.eu/gbfs/2.2/mobi/en/gbfs.json,https://gbfs.kappa.fifteen.eu/gbfs/2.2/mobi/en/free_bike_status.json,2026-07-02T20:05:31Z,2026-07-02T20:05:31Z
mobi_vancouver,mobi_vancouver_c195e2bd-a64d-4f7b-9f09-ba1bf38bddb8,c195e2bd-a64d-4f7b-9f09-ba1bf38bddb8,49.28616,-123.12675,2,FALSE,FALSE,15200,0036,1783022725,2026-07-02T20:05:32Z,2026-07-02T20:05:32Z,2026-07-02T20:05:23Z,2.2,https://gbfs.kappa.fifteen.eu/gbfs/2.2/mobi/en/gbfs.json,https://gbfs.kappa.fifteen.eu/gbfs/2.2/mobi/en/free_bike_status.json,2026-07-02T20:05:31Z,2026-07-02T20:05:31Z
mobi_vancouver,mobi_vancouver_9bf1f880-345b-42a3-ab3c-8f0194dae2b8,9bf1f880-345b-42a3-ab3c-8f0194dae2b8,49.287528,-123.142139,1,FALSE,FALSE,15200,0028,1783022725,2026-07-02T20:05:32Z,2026-07-02T20:05:32Z,2026-07-02T20:05:23Z,2.2,https://gbfs.kappa.fifteen.eu/gbfs/2.2/mobi/en/gbfs.json,https://gbfs.kappa.fifteen.eu/gbfs/2.2/mobi/en/free_bike_status.json,2026-07-02T20:05:31Z,2026-07-02T20:05:31Z
mobi_vancouver,mobi_vancouver_5cfaf73b-8550-4b1a-be6b-2bb5e6d7b076,5cfaf73b-8550-4b1a-be6b-2bb5e6d7b076,49.268269,-123.147885,1,FALSE,FALSE,15200,0076,1783022725,2026-07-02T20:05:32Z,2026-07-02T20:05:32Z,2026-07-02T20:05:23Z,2.2,https://gbfs.kappa.fifteen.eu/gbfs/2.2/mobi/en/gbfs.json,https://gbfs.kappa.fifteen.eu/gbfs/2.2/mobi/en/free_bike_status.json,2026-07-02T20:05:31Z,2026-07-02T20:05:31Z
mobi_vancouver,mobi_vancouver_2a58fc5c-7328-4e1d-a2ee-5cba2e53881e,2a58fc5c-7328-4e1d-a2ee-5cba2e53881e,49.275683,-123.124388,1,FALSE,FALSE,15200,0082,1783022725,2026-07-02T20:05:32Z,2026-07-02T20:05:32Z,2026-07-02T20:05:23Z,2.2,https://gbfs.kappa.fifteen.eu/gbfs/2.2/mobi/en/gbfs.json,https://gbfs.kappa.fifteen.eu/gbfs/2.2/mobi/en/free_bike_status.json,2026-07-02T20:05:31Z,2026-07-02T20:05:31Z
mobi_vancouver,mobi_vancouver_56f22d12-e62a-4856-a932-ca118a448a94,56f22d12-e62a-4856-a932-ca118a448a94,49.272827,-123.147744,1,FALSE,FALSE,15200,0065,1783022725,2026-07-02T20:05:32Z,2026-07-02T20:05:32Z,2026-07-02T20:05:23Z,2.2,https://gbfs.kappa.fifteen.eu/gbfs/2.2/mobi/en/gbfs.json,https://gbfs.kappa.fifteen.eu/gbfs/2.2/mobi/en/free_bike_status.json,2026-07-02T20:05:31Z,2026-07-02T20:05:31Z
mobi_vancouver,mobi_vancouver_b842560c-7d97-423a-8afc-5825d5265b53,b842560c-7d97-423a-8afc-5825d5265b53,49.273355,-123.154493,1,FALSE,FALSE,15200,0154,1783022725,2026-07-02T20:05:32Z,2026-07-02T20:05:32Z,2026-07-02T20:05:23Z,2.2,https://gbfs.kappa.fifteen.eu/gbfs/2.2/mobi/en/gbfs.json,https://gbfs.kappa.fifteen.eu/gbfs/2.2/mobi/en/free_bike_status.json,2026-07-02T20:05:31Z,2026-07-02T20:05:31Z
mobi_vancouver,mobi_vancouver_fb8e28fa-af54-48cb-9216-5d613f744f30,fb8e28fa-af54-48cb-9216-5d613f744f30,49.262062,-123.104656,1,FALSE,FALSE,15200,0176,1783022725,2026-07-02T20:05:32Z,2026-07-02T20:05:32Z,2026-07-02T20:05:23Z,2.2,https://gbfs.kappa.fifteen.eu/gbfs/2.2/mobi/en/gbfs.json,https://gbfs.kappa.fifteen.eu/gbfs/2.2/mobi/en/free_bike_status.json,2026-07-02T20:05:31Z,2026-07-02T20:05:31Z
mobi_vancouver,mobi_vancouver_b56e28cd-0695-414e-9f1d-cedc89419fe3,b56e28cd-0695-414e-9f1d-cedc89419fe3,49.263746,-123.069892,1,FALSE,FALSE,15200,0254,1783022725,2026-07-02T20:05:32Z,2026-07-02T20:05:32Z,2026-07-02T20:05:23Z,2.2,https://gbfs.kappa.fifteen.eu/gbfs/2.2/mobi/en/gbfs.json,https://gbfs.kappa.fifteen.eu/gbfs/2.2/mobi/en/free_bike_status.json,2026-07-02T20:05:31Z,2026-07-02T20:05:31Z
mobi_vancouver,mobi_vancouver_8e27dea7-b8be-41df-aa16-1a29c383647d,8e27dea7-b8be-41df-aa16-1a29c383647d,49.268616,-123.069908,1,FALSE,FALSE,15200,0240,1783022725,2026-07-02T20:05:32Z,2026-07-02T20:05:32Z,2026-07-02T20:05:23Z,2.2,https://gbfs.kappa.fifteen.eu/gbfs/2.2/mobi/en/gbfs.json,https://gbfs.kappa.fifteen.eu/gbfs/2.2/mobi/en/free_bike_status.json,2026-07-02T20:05:31Z,2026-07-02T20:05:31Z
mobi_vancouver,mobi_vancouver_a08e1dc6-43eb-4e0f-87d7-2f73f55a0279,a08e1dc6-43eb-4e0f-87d7-2f73f55a0279,49.28117,-123.104419,1,FALSE,FALSE,15200,0098,1783022725,2026-07-02T20:05:32Z,2026-07-02T20:05:32Z,2026-07-02T20:05:23Z,2.2,https://gbfs.kappa.fifteen.eu/gbfs/2.2/mobi/en/gbfs.json,https://gbfs.kappa.fifteen.eu/gbfs/2.2/mobi/en/free_bike_status.json,2026-07-02T20:05:31Z,2026-07-02T20:05:31Z
mobi_vancouver,mobi_vancouver_e661660e-83cd-46ed-9e4c-884727d69849,e661660e-83cd-46ed-9e4c-884727d69849,49.280332,-123.070068,1,FALSE,FALSE,15200,0224,1783022725,2026-07-02T20:05:32Z,2026-07-02T20:05:32Z,2026-07-02T20:05:23Z,2.2,https://gbfs.kappa.fifteen.eu/gbfs/2.2/mobi/en/gbfs.json,https://gbfs.kappa.fifteen.eu/gbfs/2.2/mobi/en/free_bike_status.json,2026-07-02T20:05:31Z,2026-07-02T20:05:31Z
mobi_vancouver,mobi_vancouver_e5d92d49-4904-420e-a3d4-90a29f57ba0e,e5d92d49-4904-420e-a3d4-90a29f57ba0e,49.265198,-123.131043,1,FALSE,FALSE,15200,0192,1783022725,2026-07-02T20:05:32Z,2026-07-02T20:05:32Z,2026-07-02T20:05:23Z,2.2,https://gbfs.kappa.fifteen.eu/gbfs/2.2/mobi/en/gbfs.json,https://gbfs.kappa.fifteen.eu/gbfs/2.2/mobi/en/free_bike_status.json,2026-07-02T20:05:31Z,2026-07-02T20:05:31Z
mobi_vancouver,mobi_vancouver_fd6f9f98-3afb-44fd-85c0-c59005ef42c3,fd6f9f98-3afb-44fd-85c0-c59005ef42c3,49.249722,-123.104991,1,FALSE,FALSE,15200,0554,1783022725,2026-07-02T20:05:32Z,2026-07-02T20:05:32Z,2026-07-02T20:05:23Z,2.2,https://gbfs.kappa.fifteen.eu/gbfs/2.2/mobi/en/gbfs.json,https://gbfs.kappa.fifteen.eu/gbfs/2.2/mobi/en/free_bike_status.json,2026-07-02T20:05:31Z,2026-07-02T20:05:31Z
mobi_vancouver,mobi_vancouver_a0fb0c44-1829-442e-bb86-64e77178b05f,a0fb0c44-1829-442e-bb86-64e77178b05f,49.264019,-123.209176,1,FALSE,FALSE,15200,0716,1783022725,2026-07-02T20:05:32Z,2026-07-02T20:05:32Z,2026-07-02T20:05:23Z,2.2,https://gbfs.kappa.fifteen.eu/gbfs/2.2/mobi/en/gbfs.json,https://gbfs.kappa.fifteen.eu/gbfs/2.2/mobi/en/free_bike_status.json,2026-07-02T20:05:31Z,2026-07-02T20:05:31Z
mobi_vancouver,mobi_vancouver_cd1268e7-ef4f-4777-9285-74d6aa0c33a7,cd1268e7-ef4f-4777-9285-74d6aa0c33a7,49.265207,-123.250139,1,FALSE,FALSE,15200,2134,1783022725,2026-07-02T20:05:32Z,2026-07-02T20:05:32Z,2026-07-02T20:05:23Z,2.2,https://gbfs.kappa.fifteen.eu/gbfs/2.2/mobi/en/gbfs.json,https://gbfs.kappa.fifteen.eu/gbfs/2.2/mobi/en/free_bike_status.json,2026-07-02T20:05:31Z,2026-07-02T20:05:31Z
mobi_vancouver,mobi_vancouver_4ec39708-9151-43ad-b2f9-ce83fc1d1670,4ec39708-9151-43ad-b2f9-ce83fc1d1670,49.271721,-123.104207,1,FALSE,FALSE,15600,0011,1783022725,2026-07-02T20:05:32Z,2026-07-02T20:05:32Z,2026-07-02T20:05:23Z,2.2,https://gbfs.kappa.fifteen.eu/gbfs/2.2/mobi/en/gbfs.json,https://gbfs.kappa.fifteen.eu/gbfs/2.2/mobi/en/free_bike_status.json,2026-07-02T20:05:31Z,2026-07-02T20:05:31Z
mobi_vancouver,mobi_vancouver_7964a306-f665-4809-8e2f-af4ddf52dc8b,7964a306-f665-4809-8e2f-af4ddf52dc8b,49.275717,-123.142564,1,FALSE,FALSE,15600,0077,1783022725,2026-07-02T20:05:32Z,2026-07-02T20:05:32Z,2026-07-02T20:05:23Z,2.2,https://gbfs.kappa.fifteen.eu/gbfs/2.2/mobi/en/gbfs.json,https://gbfs.kappa.fifteen.eu/gbfs/2.2/mobi/en/free_bike_status.json,2026-07-02T20:05:31Z,2026-07-02T20:05:31Z
mobi_vancouver,mobi_vancouver_df6e73f7-2455-41dc-9660-e9ad51019747,df6e73f7-2455-41dc-9660-e9ad51019747,49.28526,-123.141809,1,FALSE,FALSE,15600,0060,1783022725,2026-07-02T20:05:32Z,2026-07-02T20:05:32Z,2026-07-02T20:05:23Z,2.2,https://gbfs.kappa.fifteen.eu/gbfs/2.2/mobi/en/gbfs.json,https://gbfs.kappa.fifteen.eu/gbfs/2.2/mobi/en/free_bike_status.json,2026-07-02T20:05:31Z,2026-07-02T20:05:31Z
mobi_vancouver,mobi_vancouver_e250ec9d-3922-4b8a-9062-fc4d30bcb803,e250ec9d-3922-4b8a-9062-fc4d30bcb803,49.273471,-123.118016,2,FALSE,FALSE,15600,0017,1783022725,2026-07-02T20:05:32Z,2026-07-02T20:05:32Z,2026-07-02T20:05:23Z,2.2,https://gbfs.kappa.fifteen.eu/gbfs/2.2/mobi/en/gbfs.json,https://gbfs.kappa.fifteen.eu/gbfs/2.2/mobi/en/free_bike_status.json,2026-07-02T20:05:31Z,2026-07-02T20:05:31Z
mobi_vancouver,mobi_vancouver_7d044699-342c-484f-9c02-a51696de2dd4,7d044699-342c-484f-9c02-a51696de2dd4,49.263837,-123.105173,1,FALSE,FALSE,15600,0107,1783022725,2026-07-02T20:05:32Z,2026-07-02T20:05:32Z,2026-07-02T20:05:23Z,2.2,https://gbfs.kappa.fifteen.eu/gbfs/2.2/mobi/en/gbfs.json,https://gbfs.kappa.fifteen.eu/gbfs/2.2/mobi/en/free_bike_status.json,2026-07-02T20:05:31Z,2026-07-02T20:05:31Z
mobi_vancouver,mobi_vancouver_184e7728-c3b7-4aba-9208-064c5b84fd19,184e7728-c3b7-4aba-9208-064c5b84fd19,49.256825,-123.105234,1,FALSE,FALSE,15600,0133,1783022725,2026-07-02T20:05:32Z,2026-07-02T20:05:32Z,2026-07-02T20:05:23Z,2.2,https://gbfs.kappa.fifteen.eu/gbfs/2.2/mobi/en/gbfs.json,https://gbfs.kappa.fifteen.eu/gbfs/2.2/mobi/en/free_bike_status.json,2026-07-02T20:05:31Z,2026-07-02T20:05:31Z
mobi_vancouver,mobi_vancouver_286a4d9a-3d16-4dd6-a391-ae37e51782c0,286a4d9a-3d16-4dd6-a391-ae37e51782c0,49.270721,-123.146175,1,FALSE,FALSE,15600,0108,1783022725,2026-07-02T20:05:32Z,2026-07-02T20:05:32Z,2026-07-02T20:05:23Z,2.2,https://gbfs.kappa.fifteen.eu/gbfs/2.2/mobi/en/gbfs.json,https://gbfs.kappa.fifteen.eu/gbfs/2.2/mobi/en/free_bike_status.json,2026-07-02T20:05:31Z,2026-07-02T20:05:31Z
mobi_vancouver,mobi_vancouver_0c169dc2-3444-4a7d-a105-b76426197dc3,0c169dc2-3444-4a7d-a105-b76426197dc3,49.261263,-123.073707,1,FALSE,FALSE,15600,0245,1783022725,2026-07-02T20:05:32Z,2026-07-02T20:05:32Z,2026-07-02T20:05:23Z,2.2,https://gbfs.kappa.fifteen.eu/gbfs/2.2/mobi/en/gbfs.json,https://gbfs.kappa.fifteen.eu/gbfs/2.2/mobi/en/free_bike_status.json,2026-07-02T20:05:31Z,2026-07-02T20:05:31Z
mobi_vancouver,mobi_vancouver_f89619a0-d4e4-4762-8baf-e28228bc969c,f89619a0-d4e4-4762-8baf-e28228bc969c,49.257939,-123.089531,1,FALSE,FALSE,15600,0282,1783022725,2026-07-02T20:05:32Z,2026-07-02T20:05:32Z,2026-07-02T20:05:23Z,2.2,https://gbfs.kappa.fifteen.eu/gbfs/2.2/mobi/en/gbfs.json,https://gbfs.kappa.fifteen.eu/gbfs/2.2/mobi/en/free_bike_status.json,2026-07-02T20:05:31Z,2026-07-02T20:05:31Z
mobi_vancouver,mobi_vancouver_08009fac-2f68-4aa3-a665-f1257a7083c6,08009fac-2f68-4aa3-a665-f1257a7083c6,49.263962,-123.112621,1,FALSE,FALSE,15600,0170,1783022725,2026-07-02T20:05:32Z,2026-07-02T20:05:32Z,2026-07-02T20:05:23Z,2.2,https://gbfs.kappa.fifteen.eu/gbfs/2.2/mobi/en/gbfs.json,https://gbfs.kappa.fifteen.eu/gbfs/2.2/mobi/en/free_bike_status.json,2026-07-02T20:05:31Z,2026-07-02T20:05:31Z
mobi_vancouver,mobi_vancouver_07282d46-21b8-497f-b294-dc8423a47c17,07282d46-21b8-497f-b294-dc8423a47c17,49.271221,-123.191133,1,FALSE,FALSE,15600,0400,1783022725,2026-07-02T20:05:32Z,2026-07-02T20:05:32Z,2026-07-02T20:05:23Z,2.2,https://gbfs.kappa.fifteen.eu/gbfs/2.2/mobi/en/gbfs.json,https://gbfs.kappa.fifteen.eu/gbfs/2.2/mobi/en/free_bike_status.json,2026-07-02T20:05:31Z,2026-07-02T20:05:31Z
mobi_vancouver,mobi_vancouver_e6ba050c-8620-45fd-87c8-a3578d53ba71,e6ba050c-8620-45fd-87c8-a3578d53ba71,49.271044,-123.170661,1,FALSE,FALSE,15600,0450,1783022725,2026-07-02T20:05:32Z,2026-07-02T20:05:32Z,2026-07-02T20:05:23Z,2.2,https://gbfs.kappa.fifteen.eu/gbfs/2.2/mobi/en/gbfs.json,https://gbfs.kappa.fifteen.eu/gbfs/2.2/mobi/en/free_bike_status.json,2026-07-02T20:05:31Z,2026-07-02T20:05:31Z
mobi_vancouver,mobi_vancouver_60208033-be40-4be7-bcde-299dfd99e1fb,60208033-be40-4be7-bcde-299dfd99e1fb,49.285575,-123.061575,1,FALSE,FALSE,15600,0621,1783022725,2026-07-02T20:05:32Z,2026-07-02T20:05:32Z,2026-07-02T20:05:23Z,2.2,https://gbfs.kappa.fifteen.eu/gbfs/2.2/mobi/en/gbfs.json,https://gbfs.kappa.fifteen.eu/gbfs/2.2/mobi/en/free_bike_status.json,2026-07-02T20:05:31Z,2026-07-02T20:05:31Z
mobi_vancouver,mobi_vancouver_49a6e675-2cef-4bd2-907f-93c82cd9e0eb,49a6e675-2cef-4bd2-907f-93c82cd9e0eb,49.27751,-123.061429,1,FALSE,FALSE,15600,0617,1783022725,2026-07-02T20:05:32Z,2026-07-02T20:05:32Z,2026-07-02T20:05:23Z,2.2,https://gbfs.kappa.fifteen.eu/gbfs/2.2/mobi/en/gbfs.json,https://gbfs.kappa.fifteen.eu/gbfs/2.2/mobi/en/free_bike_status.json,2026-07-02T20:05:31Z,2026-07-02T20:05:31Z
mobi_vancouver,mobi_vancouver_2354166b-0e5a-4e30-ba31-82167fa81977,2354166b-0e5a-4e30-ba31-82167fa81977,49.270877,-123.115103,1,FALSE,FALSE,16000,0009,1783022725,2026-07-02T20:05:32Z,2026-07-02T20:05:32Z,2026-07-02T20:05:23Z,2.2,https://gbfs.kappa.fifteen.eu/gbfs/2.2/mobi/en/gbfs.json,https://gbfs.kappa.fifteen.eu/gbfs/2.2/mobi/en/free_bike_status.json,2026-07-02T20:05:31Z,2026-07-02T20:05:31Z
mobi_vancouver,mobi_vancouver_330189d9-3be0-48e4-be9e-a4c8e8e9027f,330189d9-3be0-48e4-be9e-a4c8e8e9027f,49.279821,-123.10802,1,FALSE,FALSE,16000,0053,1783022725,2026-07-02T20:05:32Z,2026-07-02T20:05:32Z,2026-07-02T20:05:23Z,2.2,https://gbfs.kappa.fifteen.eu/gbfs/2.2/mobi/en/gbfs.json,https://gbfs.kappa.fifteen.eu/gbfs/2.2/mobi/en/free_bike_status.json,2026-07-02T20:05:31Z,2026-07-02T20:05:31Z
mobi_vancouver,mobi_vancouver_501dcc07-2b97-4f12-97ce-4d13a0d48ee5,501dcc07-2b97-4f12-97ce-4d13a0d48ee5,49.263837,-123.105173,2,FALSE,FALSE,16000,0107,1783022725,2026-07-02T20:05:32Z,2026-07-02T20:05:32Z,2026-07-02T20:05:23Z,2.2,https://gbfs.kappa.fifteen.eu/gbfs/2.2/mobi/en/gbfs.json,https://gbfs.kappa.fifteen.eu/gbfs/2.2/mobi/en/free_bike_status.json,2026-07-02T20:05:31Z,2026-07-02T20:05:31Z
mobi_vancouver,mobi_vancouver_11b4458c-e576-43c0-a9f8-6a1c7d855db0,11b4458c-e576-43c0-a9f8-6a1c7d855db0,49.274566,-123.121817,1,FALSE,FALSE,16000,0004,1783022725,2026-07-02T20:05:32Z,2026-07-02T20:05:32Z,2026-07-02T20:05:23Z,2.2,https://gbfs.kappa.fifteen.eu/gbfs/2.2/mobi/en/gbfs.json,https://gbfs.kappa.fifteen.eu/gbfs/2.2/mobi/en/free_bike_status.json,2026-07-02T20:05:31Z,2026-07-02T20:05:31Z
mobi_vancouver,mobi_vancouver_9883261c-583b-406b-b2ee-f48538aa3f68,9883261c-583b-406b-b2ee-f48538aa3f68,49.266456,-123.100324,1,FALSE,FALSE,16000,0198,1783022725,2026-07-02T20:05:32Z,2026-07-02T20:05:32Z,2026-07-02T20:05:23Z,2.2,https://gbfs.kappa.fifteen.eu/gbfs/2.2/mobi/en/gbfs.json,https://gbfs.kappa.fifteen.eu/gbfs/2.2/mobi/en/free_bike_status.json,2026-07-02T20:05:31Z,2026-07-02T20:05:31Z
mobi_vancouver,mobi_vancouver_954b843c-ea22-40e6-88ef-2aa104be79e6,954b843c-ea22-40e6-88ef-2aa104be79e6,49.278529,-123.100017,1,FALSE,FALSE,16000,0199,1783022725,2026-07-02T20:05:32Z,2026-07-02T20:05:32Z,2026-07-02T20:05:23Z,2.2,https://gbfs.kappa.fifteen.eu/gbfs/2.2/mobi/en/gbfs.json,https://gbfs.kappa.fifteen.eu/gbfs/2.2/mobi/en/free_bike_status.json,2026-07-02T20:05:31Z,2026-07-02T20:05:31Z
mobi_vancouver,mobi_vancouver_e4b65e02-0a8a-4ad3-a140-0b5779601f6b,e4b65e02-0a8a-4ad3-a140-0b5779601f6b,49.283227,-123.120523,1,FALSE,FALSE,16000,0099,1783022725,2026-07-02T20:05:32Z,2026-07-02T20:05:32Z,2026-07-02T20:05:23Z,2.2,https://gbfs.kappa.fifteen.eu/gbfs/2.2/mobi/en/gbfs.json,https://gbfs.kappa.fifteen.eu/gbfs/2.2/mobi/en/free_bike_status.json,2026-07-02T20:05:31Z,2026-07-02T20:05:31Z
mobi_vancouver,mobi_vancouver_a93522a0-0d3e-4866-8929-779b97b003f4,a93522a0-0d3e-4866-8929-779b97b003f4,49.265005,-123.079481,1,FALSE,FALSE,16000,0236,1783022725,2026-07-02T20:05:32Z,2026-07-02T20:05:32Z,2026-07-02T20:05:23Z,2.2,https://gbfs.kappa.fifteen.eu/gbfs/2.2/mobi/en/gbfs.json,https://gbfs.kappa.fifteen.eu/gbfs/2.2/mobi/en/free_bike_status.json,2026-07-02T20:05:31Z,2026-07-02T20:05:31Z
mobi_vancouver,mobi_vancouver_6a344acc-e6b6-446b-b3c6-a011d7032bb7,6a344acc-e6b6-446b-b3c6-a011d7032bb7,49.261403,-123.070102,2,FALSE,FALSE,16000,0244,1783022725,2026-07-02T20:05:32Z,2026-07-02T20:05:32Z,2026-07-02T20:05:23Z,2.2,https://gbfs.kappa.fifteen.eu/gbfs/2.2/mobi/en/gbfs.json,https://gbfs.kappa.fifteen.eu/gbfs/2.2/mobi/en/free_bike_status.json,2026-07-02T20:05:31Z,2026-07-02T20:05:31Z
mobi_vancouver,mobi_vancouver_62947e13-cd97-4971-b45a-ed1db677db7d,62947e13-cd97-4971-b45a-ed1db677db7d,49.280852,-123.084746,1,FALSE,FALSE,16000,0227,1783022725,2026-07-02T20:05:32Z,2026-07-02T20:05:32Z,2026-07-02T20:05:23Z,2.2,https://gbfs.kappa.fifteen.eu/gbfs/2.2/mobi/en/gbfs.json,https://gbfs.kappa.fifteen.eu/gbfs/2.2/mobi/en/free_bike_status.json,2026-07-02T20:05:31Z,2026-07-02T20:05:31Z
mobi_vancouver,mobi_vancouver_ccc67356-ea4a-4a9b-b077-0857a96a053e,ccc67356-ea4a-4a9b-b077-0857a96a053e,49.302577,-123.155616,2,FALSE,FALSE,16000,0103,1783022725,2026-07-02T20:05:32Z,2026-07-02T20:05:32Z,2026-07-02T20:05:23Z,2.2,https://gbfs.kappa.fifteen.eu/gbfs/2.2/mobi/en/gbfs.json,https://gbfs.kappa.fifteen.eu/gbfs/2.2/mobi/en/free_bike_status.json,2026-07-02T20:05:31Z,2026-07-02T20:05:31Z
mobi_vancouver,mobi_vancouver_a70f8ca9-6d1e-40c6-b095-4c6d1535054d,a70f8ca9-6d1e-40c6-b095-4c6d1535054d,49.267725,-123.11311,1,FALSE,FALSE,16000,0144,1783022725,2026-07-02T20:05:32Z,2026-07-02T20:05:32Z,2026-07-02T20:05:23Z,2.2,https://gbfs.kappa.fifteen.eu/gbfs/2.2/mobi/en/gbfs.json,https://gbfs.kappa.fifteen.eu/gbfs/2.2/mobi/en/free_bike_status.json,2026-07-02T20:05:31Z,2026-07-02T20:05:31Z
mobi_vancouver,mobi_vancouver_839dfb1d-1dab-405b-8b0f-b0f3074f5f65,839dfb1d-1dab-405b-8b0f-b0f3074f5f65,49.266636,-123.183661,1,FALSE,FALSE,16000,0414,1783022725,2026-07-02T20:05:32Z,2026-07-02T20:05:32Z,2026-07-02T20:05:23Z,2.2,https://gbfs.kappa.fifteen.eu/gbfs/2.2/mobi/en/gbfs.json,https://gbfs.kappa.fifteen.eu/gbfs/2.2/mobi/en/free_bike_status.json,2026-07-02T20:05:31Z,2026-07-02T20:05:31Z
mobi_vancouver,mobi_vancouver_d9b0674b-d7be-436a-a4c0-c56c03024413,d9b0674b-d7be-436a-a4c0-c56c03024413,49.285575,-123.061575,1,FALSE,FALSE,16000,0621,1783022725,2026-07-02T20:05:32Z,2026-07-02T20:05:32Z,2026-07-02T20:05:23Z,2.2,https://gbfs.kappa.fifteen.eu/gbfs/2.2/mobi/en/gbfs.json,https://gbfs.kappa.fifteen.eu/gbfs/2.2/mobi/en/free_bike_status.json,2026-07-02T20:05:31Z,2026-07-02T20:05:31Z
mobi_vancouver,mobi_vancouver_31c7d499-3265-405b-859f-8b5e581c36bf,31c7d499-3265-405b-859f-8b5e581c36bf,49.26262,-123.2431,1,FALSE,FALSE,16000,2156,1783022725,2026-07-02T20:05:32Z,2026-07-02T20:05:32Z,2026-07-02T20:05:23Z,2.2,https://gbfs.kappa.fifteen.eu/gbfs/2.2/mobi/en/gbfs.json,https://gbfs.kappa.fifteen.eu/gbfs/2.2/mobi/en/free_bike_status.json,2026-07-02T20:05:31Z,2026-07-02T20:05:31Z
mobi_vancouver,mobi_vancouver_d57d3e4b-e333-4673-b64a-6ac0fabbe487,d57d3e4b-e333-4673-b64a-6ac0fabbe487,49.2661,-123.24568,1,FALSE,FALSE,16000,2154,1783022725,2026-07-02T20:05:32Z,2026-07-02T20:05:32Z,2026-07-02T20:05:23Z,2.2,https://gbfs.kappa.fifteen.eu/gbfs/2.2/mobi/en/gbfs.json,https://gbfs.kappa.fifteen.eu/gbfs/2.2/mobi/en/free_bike_status.json,2026-07-02T20:05:31Z,2026-07-02T20:05:31Z
mobi_vancouver,mobi_vancouver_239354fa-2587-43e5-8897-9c1245369fd4,239354fa-2587-43e5-8897-9c1245369fd4,49.293264,-123.132861,1,FALSE,FALSE,16000,0181,1783022725,2026-07-02T20:05:32Z,2026-07-02T20:05:32Z,2026-07-02T20:05:23Z,2.2,https://gbfs.kappa.fifteen.eu/gbfs/2.2/mobi/en/gbfs.json,https://gbfs.kappa.fifteen.eu/gbfs/2.2/mobi/en/free_bike_status.json,2026-07-02T20:05:31Z,2026-07-02T20:05:31Z
mobi_vancouver,mobi_vancouver_559cb709-2962-4c19-bb2c-f63429f408da,559cb709-2962-4c19-bb2c-f63429f408da,49.2585,-123.2521,1,FALSE,FALSE,16000,2117,1783022725,2026-07-02T20:05:32Z,2026-07-02T20:05:32Z,2026-07-02T20:05:23Z,2.2,https://gbfs.kappa.fifteen.eu/gbfs/2.2/mobi/en/gbfs.json,https://gbfs.kappa.fifteen.eu/gbfs/2.2/mobi/en/free_bike_status.json,2026-07-02T20:05:31Z,2026-07-02T20:05:31Z
mobi_vancouver,mobi_vancouver_09a14cea-e47b-414c-b54c-907bf71c6f94,09a14cea-e47b-414c-b54c-907bf71c6f94,49.28668,-123.04457,1,FALSE,FALSE,16000,0643,1783022725,2026-07-02T20:05:32Z,2026-07-02T20:05:32Z,2026-07-02T20:05:23Z,2.2,https://gbfs.kappa.fifteen.eu/gbfs/2.2/mobi/en/gbfs.json,https://gbfs.kappa.fifteen.eu/gbfs/2.2/mobi/en/free_bike_status.json,2026-07-02T20:05:31Z,2026-07-02T20:05:31Z
mobi_vancouver,mobi_vancouver_36cabc66-0730-4a93-b8e6-3f296bce1700,36cabc66-0730-4a93-b8e6-3f296bce1700,49.28616,-123.12675,1,FALSE,FALSE,16400,0036,1783022725,2026-07-02T20:05:32Z,2026-07-02T20:05:32Z,2026-07-02T20:05:23Z,2.2,https://gbfs.kappa.fifteen.eu/gbfs/2.2/mobi/en/gbfs.json,https://gbfs.kappa.fifteen.eu/gbfs/2.2/mobi/en/free_bike_status.json,2026-07-02T20:05:31Z,2026-07-02T20:05:31Z
mobi_vancouver,mobi_vancouver_ce4193ed-3bc1-4e93-8bb3-29e1197412ef,ce4193ed-3bc1-4e93-8bb3-29e1197412ef,49.269361,-123.13782,1,FALSE,FALSE,16400,0066,1783022725,2026-07-02T20:05:32Z,2026-07-02T20:05:32Z,2026-07-02T20:05:23Z,2.2,https://gbfs.kappa.fifteen.eu/gbfs/2.2/mobi/en/gbfs.json,https://gbfs.kappa.fifteen.eu/gbfs/2.2/mobi/en/free_bike_status.json,2026-07-02T20:05:31Z,2026-07-02T20:05:31Z
mobi_vancouver,mobi_vancouver_f74207bb-8cae-428e-956d-34a5dc3d20ba,f74207bb-8cae-428e-956d-34a5dc3d20ba,49.279259,-123.119145,1,FALSE,FALSE,16400,0058,1783022725,2026-07-02T20:05:32Z,2026-07-02T20:05:32Z,2026-07-02T20:05:23Z,2.2,https://gbfs.kappa.fifteen.eu/gbfs/2.2/mobi/en/gbfs.json,https://gbfs.kappa.fifteen.eu/gbfs/2.2/mobi/en/free_bike_status.json,2026-07-02T20:05:31Z,2026-07-02T20:05:31Z
mobi_vancouver,mobi_vancouver_a5608e48-7946-4572-9ba3-f4545904cdb5,a5608e48-7946-4572-9ba3-f4545904cdb5,49.285253,-123.134356,1,FALSE,FALSE,16400,0048,1783022725,2026-07-02T20:05:32Z,2026-07-02T20:05:32Z,2026-07-02T20:05:23Z,2.2,https://gbfs.kappa.fifteen.eu/gbfs/2.2/mobi/en/gbfs.json,https://gbfs.kappa.fifteen.eu/gbfs/2.2/mobi/en/free_bike_status.json,2026-07-02T20:05:31Z,2026-07-02T20:05:31Z
mobi_vancouver,mobi_vancouver_b23f36bc-7ef3-46df-8e83-85493d3488aa,b23f36bc-7ef3-46df-8e83-85493d3488aa,49.279739,-123.116251,1,FALSE,FALSE,16400,0025,1783022725,2026-07-02T20:05:32Z,2026-07-02T20:05:32Z,2026-07-02T20:05:23Z,2.2,https://gbfs.kappa.fifteen.eu/gbfs/2.2/mobi/en/gbfs.json,https://gbfs.kappa.fifteen.eu/gbfs/2.2/mobi/en/free_bike_status.json,2026-07-02T20:05:31Z,2026-07-02T20:05:31Z
mobi_vancouver,mobi_vancouver_3128d7de-19ac-4413-a7f7-f314359cefc5,3128d7de-19ac-4413-a7f7-f314359cefc5,49.281506,-123.120101,1,FALSE,FALSE,16400,0063,1783022725,2026-07-02T20:05:32Z,2026-07-02T20:05:32Z,2026-07-02T20:05:23Z,2.2,https://gbfs.kappa.fifteen.eu/gbfs/2.2/mobi/en/gbfs.json,https://gbfs.kappa.fifteen.eu/gbfs/2.2/mobi/en/free_bike_status.json,2026-07-02T20:05:31Z,2026-07-02T20:05:31Z
mobi_vancouver,mobi_vancouver_0d6224a9-bf74-4661-aaa9-b73f22e0e5c8,0d6224a9-bf74-4661-aaa9-b73f22e0e5c8,49.270905,-123.126006,1,FALSE,FALSE,16400,0136,1783022725,2026-07-02T20:05:32Z,2026-07-02T20:05:32Z,2026-07-02T20:05:23Z,2.2,https://gbfs.kappa.fifteen.eu/gbfs/2.2/mobi/en/gbfs.json,https://gbfs.kappa.fifteen.eu/gbfs/2.2/mobi/en/free_bike_status.json,2026-07-02T20:05:31Z,2026-07-02T20:05:31Z
mobi_vancouver,mobi_vancouver_11e2e344-ffee-4f93-8c7b-03f2605d6704,11e2e344-ffee-4f93-8c7b-03f2605d6704,49.256496,-123.075426,1,FALSE,FALSE,16400,0283,1783022725,2026-07-02T20:05:32Z,2026-07-02T20:05:32Z,2026-07-02T20:05:23Z,2.2,https://gbfs.kappa.fifteen.eu/gbfs/2.2/mobi/en/gbfs.json,https://gbfs.kappa.fifteen.eu/gbfs/2.2/mobi/en/free_bike_status.json,2026-07-02T20:05:31Z,2026-07-02T20:05:31Z
mobi_vancouver,mobi_vancouver_6999050d-ad7a-478e-8b4f-c58535f22780,6999050d-ad7a-478e-8b4f-c58535f22780,49.266751,-123.073501,1,FALSE,FALSE,16400,0250,1783022725,2026-07-02T20:05:32Z,2026-07-02T20:05:32Z,2026-07-02T20:05:23Z,2.2,https://gbfs.kappa.fifteen.eu/gbfs/2.2/mobi/en/gbfs.json,https://gbfs.kappa.fifteen.eu/gbfs/2.2/mobi/en/free_bike_status.json,2026-07-02T20:05:31Z,2026-07-02T20:05:31Z
mobi_vancouver,mobi_vancouver_2fb5521d-9908-4183-8523-d4a8fcd4e9bc,2fb5521d-9908-4183-8523-d4a8fcd4e9bc,49.254667,-123.101389,1,FALSE,FALSE,16400,0255,1783022725,2026-07-02T20:05:32Z,2026-07-02T20:05:32Z,2026-07-02T20:05:23Z,2.2,https://gbfs.kappa.fifteen.eu/gbfs/2.2/mobi/en/gbfs.json,https://gbfs.kappa.fifteen.eu/gbfs/2.2/mobi/en/free_bike_status.json,2026-07-02T20:05:31Z,2026-07-02T20:05:31Z
mobi_vancouver,mobi_vancouver_eb9ef3fd-50e3-41a9-bc99-039bad583acc,eb9ef3fd-50e3-41a9-bc99-039bad583acc,49.280332,-123.070068,1,FALSE,FALSE,16400,0224,1783022725,2026-07-02T20:05:32Z,2026-07-02T20:05:32Z,2026-07-02T20:05:23Z,2.2,https://gbfs.kappa.fifteen.eu/gbfs/2.2/mobi/en/gbfs.json,https://gbfs.kappa.fifteen.eu/gbfs/2.2/mobi/en/free_bike_status.json,2026-07-02T20:05:31Z,2026-07-02T20:05:31Z
mobi_vancouver,mobi_vancouver_9b4a52bc-4439-4ea9-b9ea-c6c0ee480eb1,9b4a52bc-4439-4ea9-b9ea-c6c0ee480eb1,49.283986,-123.065264,1,FALSE,FALSE,16400,0280,1783022725,2026-07-02T20:05:32Z,2026-07-02T20:05:32Z,2026-07-02T20:05:23Z,2.2,https://gbfs.kappa.fifteen.eu/gbfs/2.2/mobi/en/gbfs.json,https://gbfs.kappa.fifteen.eu/gbfs/2.2/mobi/en/free_bike_status.json,2026-07-02T20:05:31Z,2026-07-02T20:05:31Z
mobi_vancouver,mobi_vancouver_9f3556e0-712f-4308-9694-016810c3b137,9f3556e0-712f-4308-9694-016810c3b137,49.256694,-123.096579,1,FALSE,FALSE,16400,0256,1783022725,2026-07-02T20:05:32Z,2026-07-02T20:05:32Z,2026-07-02T20:05:23Z,2.2,https://gbfs.kappa.fifteen.eu/gbfs/2.2/mobi/en/gbfs.json,https://gbfs.kappa.fifteen.eu/gbfs/2.2/mobi/en/free_bike_status.json,2026-07-02T20:05:31Z,2026-07-02T20:05:31Z
mobi_vancouver,mobi_vancouver_430317ea-9d54-47df-9ce6-fb512dfec1fe,430317ea-9d54-47df-9ce6-fb512dfec1fe,49.286646,-123.129232,1,FALSE,FALSE,16400,0310,1783022725,2026-07-02T20:05:32Z,2026-07-02T20:05:32Z,2026-07-02T20:05:23Z,2.2,https://gbfs.kappa.fifteen.eu/gbfs/2.2/mobi/en/gbfs.json,https://gbfs.kappa.fifteen.eu/gbfs/2.2/mobi/en/free_bike_status.json,2026-07-02T20:05:31Z,2026-07-02T20:05:31Z
mobi_vancouver,mobi_vancouver_676e3af7-d773-4e3e-bda6-efe0aceb4efc,676e3af7-d773-4e3e-bda6-efe0aceb4efc,49.264579,-123.18373,1,FALSE,FALSE,16400,0415,1783022725,2026-07-02T20:05:32Z,2026-07-02T20:05:32Z,2026-07-02T20:05:23Z,2.2,https://gbfs.kappa.fifteen.eu/gbfs/2.2/mobi/en/gbfs.json,https://gbfs.kappa.fifteen.eu/gbfs/2.2/mobi/en/free_bike_status.json,2026-07-02T20:05:31Z,2026-07-02T20:05:31Z
mobi_vancouver,mobi_vancouver_02e5f410-cd7e-4fb3-9a1f-1f3b12e7bc33,02e5f410-cd7e-4fb3-9a1f-1f3b12e7bc33,49.265442,-123.187738,1,FALSE,FALSE,16400,0403,1783022725,2026-07-02T20:05:32Z,2026-07-02T20:05:32Z,2026-07-02T20:05:23Z,2.2,https://gbfs.kappa.fifteen.eu/gbfs/2.2/mobi/en/gbfs.json,https://gbfs.kappa.fifteen.eu/gbfs/2.2/mobi/en/free_bike_status.json,2026-07-02T20:05:31Z,2026-07-02T20:05:31Z
mobi_vancouver,mobi_vancouver_d918d097-e469-49a2-9eb8-e0cde3fc6520,d918d097-e469-49a2-9eb8-e0cde3fc6520,49.26875,-123.25004,1,FALSE,FALSE,16400,2142,1783022725,2026-07-02T20:05:32Z,2026-07-02T20:05:32Z,2026-07-02T20:05:23Z,2.2,https://gbfs.kappa.fifteen.eu/gbfs/2.2/mobi/en/gbfs.json,https://gbfs.kappa.fifteen.eu/gbfs/2.2/mobi/en/free_bike_status.json,2026-07-02T20:05:31Z,2026-07-02T20:05:31Z
mobi_vancouver,mobi_vancouver_550f4508-521e-474e-ac03-98377fce8df9,550f4508-521e-474e-ac03-98377fce8df9,49.27549,-123.12882,1,FALSE,FALSE,16400,0318,1783022725,2026-07-02T20:05:32Z,2026-07-02T20:05:32Z,2026-07-02T20:05:23Z,2.2,https://gbfs.kappa.fifteen.eu/gbfs/2.2/mobi/en/gbfs.json,https://gbfs.kappa.fifteen.eu/gbfs/2.2/mobi/en/free_bike_status.json,2026-07-02T20:05:31Z,2026-07-02T20:05:31Z
mobi_vancouver,mobi_vancouver_d1bfe7ae-648a-4033-b116-087eb7a5eae2,d1bfe7ae-648a-4033-b116-087eb7a5eae2,49.28668,-123.04457,1,FALSE,FALSE,16400,0643,1783022725,2026-07-02T20:05:32Z,2026-07-02T20:05:32Z,2026-07-02T20:05:23Z,2.2,https://gbfs.kappa.fifteen.eu/gbfs/2.2/mobi/en/gbfs.json,https://gbfs.kappa.fifteen.eu/gbfs/2.2/mobi/en/free_bike_status.json,2026-07-02T20:05:31Z,2026-07-02T20:05:31Z
mobi_vancouver,mobi_vancouver_6f5be8c5-9e66-46ed-b862-f88af25dda43,6f5be8c5-9e66-46ed-b862-f88af25dda43,49.28725,-123.11298,1,FALSE,FALSE,16800,0014,1783022725,2026-07-02T20:05:32Z,2026-07-02T20:05:32Z,2026-07-02T20:05:23Z,2.2,https://gbfs.kappa.fifteen.eu/gbfs/2.2/mobi/en/gbfs.json,https://gbfs.kappa.fifteen.eu/gbfs/2.2/mobi/en/free_bike_status.json,2026-07-02T20:05:31Z,2026-07-02T20:05:31Z
mobi_vancouver,mobi_vancouver_8fa896bd-9b14-45cb-ac5f-9fbda27a5076,8fa896bd-9b14-45cb-ac5f-9fbda27a5076,49.269969,-123.109623,1,FALSE,FALSE,16800,0173,1783022725,2026-07-02T20:05:32Z,2026-07-02T20:05:32Z,2026-07-02T20:05:23Z,2.2,https://gbfs.kappa.fifteen.eu/gbfs/2.2/mobi/en/gbfs.json,https://gbfs.kappa.fifteen.eu/gbfs/2.2/mobi/en/free_bike_status.json,2026-07-02T20:05:31Z,2026-07-02T20:05:31Z
mobi_vancouver,mobi_vancouver_bc6f6b60-1ca5-4596-9e7c-dfdde537d70c,bc6f6b60-1ca5-4596-9e7c-dfdde537d70c,49.25845,-123.100377,1,FALSE,FALSE,16800,0134,1783022725,2026-07-02T20:05:32Z,2026-07-02T20:05:32Z,2026-07-02T20:05:23Z,2.2,https://gbfs.kappa.fifteen.eu/gbfs/2.2/mobi/en/gbfs.json,https://gbfs.kappa.fifteen.eu/gbfs/2.2/mobi/en/free_bike_status.json,2026-07-02T20:05:31Z,2026-07-02T20:05:31Z
mobi_vancouver,mobi_vancouver_a079d537-7d1f-4d44-b123-7d7c5abd5fa9,a079d537-7d1f-4d44-b123-7d7c5abd5fa9,49.275938,-123.145939,1,FALSE,FALSE,16800,0147,1783022725,2026-07-02T20:05:32Z,2026-07-02T20:05:32Z,2026-07-02T20:05:23Z,2.2,https://gbfs.kappa.fifteen.eu/gbfs/2.2/mobi/en/gbfs.json,https://gbfs.kappa.fifteen.eu/gbfs/2.2/mobi/en/free_bike_status.json,2026-07-02T20:05:31Z,2026-07-02T20:05:31Z
mobi_vancouver,mobi_vancouver_9bb0be30-b8d6-410e-b646-6ecfc213de91,9bb0be30-b8d6-410e-b646-6ecfc213de91,49.267222,-123.153157,1,FALSE,FALSE,16800,0110,1783022725,2026-07-02T20:05:32Z,2026-07-02T20:05:32Z,2026-07-02T20:05:23Z,2.2,https://gbfs.kappa.fifteen.eu/gbfs/2.2/mobi/en/gbfs.json,https://gbfs.kappa.fifteen.eu/gbfs/2.2/mobi/en/free_bike_status.json,2026-07-02T20:05:31Z,2026-07-02T20:05:31Z
mobi_vancouver,mobi_vancouver_2ecf9221-021d-43ea-906a-ce2457d5f95d,2ecf9221-021d-43ea-906a-ce2457d5f95d,49.298657,-123.121176,1,FALSE,FALSE,16800,0105,1783022725,2026-07-02T20:05:32Z,2026-07-02T20:05:32Z,2026-07-02T20:05:23Z,2.2,https://gbfs.kappa.fifteen.eu/gbfs/2.2/mobi/en/gbfs.json,https://gbfs.kappa.fifteen.eu/gbfs/2.2/mobi/en/free_bike_status.json,2026-07-02T20:05:31Z,2026-07-02T20:05:31Z
mobi_vancouver,mobi_vancouver_0c947759-7cdb-4ba5-adbe-e8fba2655071,0c947759-7cdb-4ba5-adbe-e8fba2655071,49.266774,-123.141135,1,FALSE,FALSE,16800,0153,1783022725,2026-07-02T20:05:32Z,2026-07-02T20:05:32Z,2026-07-02T20:05:23Z,2.2,https://gbfs.kappa.fifteen.eu/gbfs/2.2/mobi/en/gbfs.json,https://gbfs.kappa.fifteen.eu/gbfs/2.2/mobi/en/free_bike_status.json,2026-07-02T20:05:31Z,2026-07-02T20:05:31Z
mobi_vancouver,mobi_vancouver_04bcc097-1e7b-4fb0-bc37-3c8b00db1ef2,04bcc097-1e7b-4fb0-bc37-3c8b00db1ef2,49.267859,-123.145782,1,FALSE,FALSE,16800,0139,1783022725,2026-07-02T20:05:32Z,2026-07-02T20:05:32Z,2026-07-02T20:05:23Z,2.2,https://gbfs.kappa.fifteen.eu/gbfs/2.2/mobi/en/gbfs.json,https://gbfs.kappa.fifteen.eu/gbfs/2.2/mobi/en/free_bike_status.json,2026-07-02T20:05:31Z,2026-07-02T20:05:31Z
mobi_vancouver,mobi_vancouver_1cc635af-e5c0-48a1-b2a4-9de74abf53d2,1cc635af-e5c0-48a1-b2a4-9de74abf53d2,49.268616,-123.069908,1,FALSE,FALSE,16800,0240,1783022725,2026-07-02T20:05:32Z,2026-07-02T20:05:32Z,2026-07-02T20:05:23Z,2.2,https://gbfs.kappa.fifteen.eu/gbfs/2.2/mobi/en/gbfs.json,https://gbfs.kappa.fifteen.eu/gbfs/2.2/mobi/en/free_bike_status.json,2026-07-02T20:05:31Z,2026-07-02T20:05:31Z
mobi_vancouver,mobi_vancouver_345613a5-ce1c-4aef-8b53-2b7d943a38f2,345613a5-ce1c-4aef-8b53-2b7d943a38f2,49.280284,-123.097052,1,FALSE,FALSE,16800,0213,1783022725,2026-07-02T20:05:32Z,2026-07-02T20:05:32Z,2026-07-02T20:05:23Z,2.2,https://gbfs.kappa.fifteen.eu/gbfs/2.2/mobi/en/gbfs.json,https://gbfs.kappa.fifteen.eu/gbfs/2.2/mobi/en/free_bike_status.json,2026-07-02T20:05:31Z,2026-07-02T20:05:31Z
mobi_vancouver,mobi_vancouver_6e6d286f-b26f-4a67-8e4f-3de92fe898e6,6e6d286f-b26f-4a67-8e4f-3de92fe898e6,49.280332,-123.070068,1,FALSE,FALSE,16800,0224,1783022725,2026-07-02T20:05:32Z,2026-07-02T20:05:32Z,2026-07-02T20:05:23Z,2.2,https://gbfs.kappa.fifteen.eu/gbfs/2.2/mobi/en/gbfs.json,https://gbfs.kappa.fifteen.eu/gbfs/2.2/mobi/en/free_bike_status.json,2026-07-02T20:05:31Z,2026-07-02T20:05:31Z
mobi_vancouver,mobi_vancouver_1e312ae6-1dca-4501-8f2e-6ff5b9845590,1e312ae6-1dca-4501-8f2e-6ff5b9845590,49.283986,-123.065264,1,FALSE,FALSE,16800,0280,1783022725,2026-07-02T20:05:32Z,2026-07-02T20:05:32Z,2026-07-02T20:05:23Z,2.2,https://gbfs.kappa.fifteen.eu/gbfs/2.2/mobi/en/gbfs.json,https://gbfs.kappa.fifteen.eu/gbfs/2.2/mobi/en/free_bike_status.json,2026-07-02T20:05:31Z,2026-07-02T20:05:31Z
mobi_vancouver,mobi_vancouver_0b43cc5b-c031-4267-b5f6-3c280c768354,0b43cc5b-c031-4267-b5f6-3c280c768354,49.273777,-123.092723,1,FALSE,FALSE,16800,0233,1783022725,2026-07-02T20:05:32Z,2026-07-02T20:05:32Z,2026-07-02T20:05:23Z,2.2,https://gbfs.kappa.fifteen.eu/gbfs/2.2/mobi/en/gbfs.json,https://gbfs.kappa.fifteen.eu/gbfs/2.2/mobi/en/free_bike_status.json,2026-07-02T20:05:31Z,2026-07-02T20:05:31Z
mobi_vancouver,mobi_vancouver_f5ec981e-d691-48ad-a621-d510fcef6963,f5ec981e-d691-48ad-a621-d510fcef6963,49.284893,-123.128685,1,FALSE,FALSE,16800,0300,1783022725,2026-07-02T20:05:32Z,2026-07-02T20:05:32Z,2026-07-02T20:05:23Z,2.2,https://gbfs.kappa.fifteen.eu/gbfs/2.2/mobi/en/gbfs.json,https://gbfs.kappa.fifteen.eu/gbfs/2.2/mobi/en/free_bike_status.json,2026-07-02T20:05:31Z,2026-07-02T20:05:31Z
mobi_vancouver,mobi_vancouver_e70b6a09-4559-449d-9a00-07c3387f9cf3,e70b6a09-4559-449d-9a00-07c3387f9cf3,49.26262,-123.2431,1,FALSE,FALSE,16800,2156,1783022725,2026-07-02T20:05:32Z,2026-07-02T20:05:32Z,2026-07-02T20:05:23Z,2.2,https://gbfs.kappa.fifteen.eu/gbfs/2.2/mobi/en/gbfs.json,https://gbfs.kappa.fifteen.eu/gbfs/2.2/mobi/en/free_bike_status.json,2026-07-02T20:05:31Z,2026-07-02T20:05:31Z
mobi_vancouver,mobi_vancouver_07c6c238-cccd-440d-a6d1-9746440aa26f,07c6c238-cccd-440d-a6d1-9746440aa26f,49.28725,-123.11298,1,FALSE,FALSE,17200,0014,1783022725,2026-07-02T20:05:32Z,2026-07-02T20:05:32Z,2026-07-02T20:05:23Z,2.2,https://gbfs.kappa.fifteen.eu/gbfs/2.2/mobi/en/gbfs.json,https://gbfs.kappa.fifteen.eu/gbfs/2.2/mobi/en/free_bike_status.json,2026-07-02T20:05:31Z,2026-07-02T20:05:31Z
mobi_vancouver,mobi_vancouver_bf0b8b82-42ee-4e0a-9055-bb51b016d009,bf0b8b82-42ee-4e0a-9055-bb51b016d009,49.279739,-123.116251,1,FALSE,FALSE,17200,0025,1783022725,2026-07-02T20:05:32Z,2026-07-02T20:05:32Z,2026-07-02T20:05:23Z,2.2,https://gbfs.kappa.fifteen.eu/gbfs/2.2/mobi/en/gbfs.json,https://gbfs.kappa.fifteen.eu/gbfs/2.2/mobi/en/free_bike_status.json,2026-07-02T20:05:31Z,2026-07-02T20:05:31Z
mobi_vancouver,mobi_vancouver_a02c2247-61cb-4aed-bd01-110f684a7b59,a02c2247-61cb-4aed-bd01-110f684a7b59,49.279821,-123.10802,1,FALSE,FALSE,17200,0053,1783022725,2026-07-02T20:05:32Z,2026-07-02T20:05:32Z,2026-07-02T20:05:23Z,2.2,https://gbfs.kappa.fifteen.eu/gbfs/2.2/mobi/en/gbfs.json,https://gbfs.kappa.fifteen.eu/gbfs/2.2/mobi/en/free_bike_status.json,2026-07-02T20:05:31Z,2026-07-02T20:05:31Z
mobi_vancouver,mobi_vancouver_2d6785f7-2c81-4162-bc24-db97ce342737,2d6785f7-2c81-4162-bc24-db97ce342737,49.279821,-123.10802,1,FALSE,FALSE,17200,0053,1783022725,2026-07-02T20:05:32Z,2026-07-02T20:05:32Z,2026-07-02T20:05:23Z,2.2,https://gbfs.kappa.fifteen.eu/gbfs/2.2/mobi/en/gbfs.json,https://gbfs.kappa.fifteen.eu/gbfs/2.2/mobi/en/free_bike_status.json,2026-07-02T20:05:31Z,2026-07-02T20:05:31Z
mobi_vancouver,mobi_vancouver_68d170b2-0eea-4788-b781-442a88502eb7,68d170b2-0eea-4788-b781-442a88502eb7,49.28026,-123.135244,1,FALSE,FALSE,17200,0088,1783022725,2026-07-02T20:05:32Z,2026-07-02T20:05:32Z,2026-07-02T20:05:23Z,2.2,https://gbfs.kappa.fifteen.eu/gbfs/2.2/mobi/en/gbfs.json,https://gbfs.kappa.fifteen.eu/gbfs/2.2/mobi/en/free_bike_status.json,2026-07-02T20:05:31Z,2026-07-02T20:05:31Z
mobi_vancouver,mobi_vancouver_dc9c0102-ed0d-4686-ba82-00b4c4589057,dc9c0102-ed0d-4686-ba82-00b4c4589057,49.287097,-123.118551,1,FALSE,FALSE,17200,0016,1783022725,2026-07-02T20:05:32Z,2026-07-02T20:05:32Z,2026-07-02T20:05:23Z,2.2,https://gbfs.kappa.fifteen.eu/gbfs/2.2/mobi/en/gbfs.json,https://gbfs.kappa.fifteen.eu/gbfs/2.2/mobi/en/free_bike_status.json,2026-07-02T20:05:31Z,2026-07-02T20:05:31Z
mobi_vancouver,mobi_vancouver_042a2189-492c-44bd-bf70-b96ed688a58a,042a2189-492c-44bd-bf70-b96ed688a58a,49.284605,-123.108662,1,FALSE,FALSE,17200,0052,1783022725,2026-07-02T20:05:32Z,2026-07-02T20:05:32Z,2026-07-02T20:05:23Z,2.2,https://gbfs.kappa.fifteen.eu/gbfs/2.2/mobi/en/gbfs.json,https://gbfs.kappa.fifteen.eu/gbfs/2.2/mobi/en/free_bike_status.json,2026-07-02T20:05:31Z,2026-07-02T20:05:31Z
mobi_vancouver,mobi_vancouver_208bb57c-35af-49c3-b4bc-5f140085e594,208bb57c-35af-49c3-b4bc-5f140085e594,49.27821,-123.136972,2,FALSE,FALSE,17200,0083,1783022725,2026-07-02T20:05:32Z,2026-07-02T20:05:32Z,2026-07-02T20:05:23Z,2.2,https://gbfs.kappa.fifteen.eu/gbfs/2.2/mobi/en/gbfs.json,https://gbfs.kappa.fifteen.eu/gbfs/2.2/mobi/en/free_bike_status.json,2026-07-02T20:05:31Z,2026-07-02T20:05:31Z
mobi_vancouver,mobi_vancouver_7a751896-cc26-423e-b6f3-63d257624a9a,7a751896-cc26-423e-b6f3-63d257624a9a,49.281506,-123.120101,1,FALSE,FALSE,17200,0063,1783022725,2026-07-02T20:05:32Z,2026-07-02T20:05:32Z,2026-07-02T20:05:23Z,2.2,https://gbfs.kappa.fifteen.eu/gbfs/2.2/mobi/en/gbfs.json,https://gbfs.kappa.fifteen.eu/gbfs/2.2/mobi/en/free_bike_status.json,2026-07-02T20:05:31Z,2026-07-02T20:05:31Z
mobi_vancouver,mobi_vancouver_7cf44b83-5bd0-4b0b-8a64-ba179e95ef33,7cf44b83-5bd0-4b0b-8a64-ba179e95ef33,49.279342,-123.101822,1,FALSE,FALSE,17200,0055,1783022725,2026-07-02T20:05:32Z,2026-07-02T20:05:32Z,2026-07-02T20:05:23Z,2.2,https://gbfs.kappa.fifteen.eu/gbfs/2.2/mobi/en/gbfs.json,https://gbfs.kappa.fifteen.eu/gbfs/2.2/mobi/en/free_bike_status.json,2026-07-02T20:05:31Z,2026-07-02T20:05:31Z
mobi_vancouver,mobi_vancouver_9348b246-5492-46ac-a969-81adb0b987ec,9348b246-5492-46ac-a969-81adb0b987ec,49.268503,-123.097501,1,FALSE,FALSE,17200,0197,1783022725,2026-07-02T20:05:32Z,2026-07-02T20:05:32Z,2026-07-02T20:05:23Z,2.2,https://gbfs.kappa.fifteen.eu/gbfs/2.2/mobi/en/gbfs.json,https://gbfs.kappa.fifteen.eu/gbfs/2.2/mobi/en/free_bike_status.json,2026-07-02T20:05:31Z,2026-07-02T20:05:31Z
mobi_vancouver,mobi_vancouver_1e464f5b-6ad0-477a-a562-134b1aca3941,1e464f5b-6ad0-477a-a562-134b1aca3941,49.262822,-123.14338,1,FALSE,FALSE,17200,0205,1783022725,2026-07-02T20:05:32Z,2026-07-02T20:05:32Z,2026-07-02T20:05:23Z,2.2,https://gbfs.kappa.fifteen.eu/gbfs/2.2/mobi/en/gbfs.json,https://gbfs.kappa.fifteen.eu/gbfs/2.2/mobi/en/free_bike_status.json,2026-07-02T20:05:31Z,2026-07-02T20:05:31Z
mobi_vancouver,mobi_vancouver_6d6d5bb7-f0af-4525-966b-962dcc3f7938,6d6d5bb7-f0af-4525-966b-962dcc3f7938,49.261403,-123.070102,1,FALSE,FALSE,17200,0244,1783022725,2026-07-02T20:05:32Z,2026-07-02T20:05:32Z,2026-07-02T20:05:23Z,2.2,https://gbfs.kappa.fifteen.eu/gbfs/2.2/mobi/en/gbfs.json,https://gbfs.kappa.fifteen.eu/gbfs/2.2/mobi/en/free_bike_status.json,2026-07-02T20:05:31Z,2026-07-02T20:05:31Z
mobi_vancouver,mobi_vancouver_e944b2a9-8b13-45a2-a263-1159d8a00018,e944b2a9-8b13-45a2-a263-1159d8a00018,49.263242,-123.070521,1,FALSE,FALSE,17200,0242,1783022725,2026-07-02T20:05:32Z,2026-07-02T20:05:32Z,2026-07-02T20:05:23Z,2.2,https://gbfs.kappa.fifteen.eu/gbfs/2.2/mobi/en/gbfs.json,https://gbfs.kappa.fifteen.eu/gbfs/2.2/mobi/en/free_bike_status.json,2026-07-02T20:05:31Z,2026-07-02T20:05:31Z
mobi_vancouver,mobi_vancouver_0cb5b1a6-244e-4386-9db8-8c8586cad720,0cb5b1a6-244e-4386-9db8-8c8586cad720,49.263242,-123.070521,1,FALSE,FALSE,17200,0242,1783022725,2026-07-02T20:05:32Z,2026-07-02T20:05:32Z,2026-07-02T20:05:23Z,2.2,https://gbfs.kappa.fifteen.eu/gbfs/2.2/mobi/en/gbfs.json,https://gbfs.kappa.fifteen.eu/gbfs/2.2/mobi/en/free_bike_status.json,2026-07-02T20:05:31Z,2026-07-02T20:05:31Z
mobi_vancouver,mobi_vancouver_d13707a6-0fae-4df1-b7f0-4545eea8ec85,d13707a6-0fae-4df1-b7f0-4545eea8ec85,49.273103,-123.069892,1,FALSE,FALSE,17200,0235,1783022725,2026-07-02T20:05:32Z,2026-07-02T20:05:32Z,2026-07-02T20:05:23Z,2.2,https://gbfs.kappa.fifteen.eu/gbfs/2.2/mobi/en/gbfs.json,https://gbfs.kappa.fifteen.eu/gbfs/2.2/mobi/en/free_bike_status.json,2026-07-02T20:05:31Z,2026-07-02T20:05:31Z
mobi_vancouver,mobi_vancouver_c3f8bb3a-fcd5-4afd-b4f8-dc52b7094871,c3f8bb3a-fcd5-4afd-b4f8-dc52b7094871,49.277469,-123.081315,1,FALSE,FALSE,17200,0221,1783022725,2026-07-02T20:05:32Z,2026-07-02T20:05:32Z,2026-07-02T20:05:23Z,2.2,https://gbfs.kappa.fifteen.eu/gbfs/2.2/mobi/en/gbfs.json,https://gbfs.kappa.fifteen.eu/gbfs/2.2/mobi/en/free_bike_status.json,2026-07-02T20:05:31Z,2026-07-02T20:05:31Z
mobi_vancouver,mobi_vancouver_5f716411-51fc-43e7-a211-8554d5dbb137,5f716411-51fc-43e7-a211-8554d5dbb137,49.263382,-123.088837,1,FALSE,FALSE,17200,0261,1783022725,2026-07-02T20:05:32Z,2026-07-02T20:05:32Z,2026-07-02T20:05:23Z,2.2,https://gbfs.kappa.fifteen.eu/gbfs/2.2/mobi/en/gbfs.json,https://gbfs.kappa.fifteen.eu/gbfs/2.2/mobi/en/free_bike_status.json,2026-07-02T20:05:31Z,2026-07-02T20:05:31Z
mobi_vancouver,mobi_vancouver_7b081089-4f72-4147-8161-3e98ee9353ce,7b081089-4f72-4147-8161-3e98ee9353ce,49.267266,-123.090786,1,FALSE,FALSE,17200,0287,1783022725,2026-07-02T20:05:32Z,2026-07-02T20:05:32Z,2026-07-02T20:05:23Z,2.2,https://gbfs.kappa.fifteen.eu/gbfs/2.2/mobi/en/gbfs.json,https://gbfs.kappa.fifteen.eu/gbfs/2.2/mobi/en/free_bike_status.json,2026-07-02T20:05:31Z,2026-07-02T20:05:31Z
mobi_vancouver,mobi_vancouver_bc1f0e9b-d6d1-4ec3-afdf-62cea84e9612,bc1f0e9b-d6d1-4ec3-afdf-62cea84e9612,49.266725,-123.065925,1,FALSE,FALSE,17200,0273,1783022725,2026-07-02T20:05:32Z,2026-07-02T20:05:32Z,2026-07-02T20:05:23Z,2.2,https://gbfs.kappa.fifteen.eu/gbfs/2.2/mobi/en/gbfs.json,https://gbfs.kappa.fifteen.eu/gbfs/2.2/mobi/en/free_bike_status.json,2026-07-02T20:05:31Z,2026-07-02T20:05:31Z
mobi_vancouver,mobi_vancouver_37c9d52a-0573-4cb6-b2f6-ec1994737535,37c9d52a-0573-4cb6-b2f6-ec1994737535,49.265071,-123.123864,1,FALSE,FALSE,17200,0191,1783022725,2026-07-02T20:05:32Z,2026-07-02T20:05:32Z,2026-07-02T20:05:23Z,2.2,https://gbfs.kappa.fifteen.eu/gbfs/2.2/mobi/en/gbfs.json,https://gbfs.kappa.fifteen.eu/gbfs/2.2/mobi/en/free_bike_status.json,2026-07-02T20:05:31Z,2026-07-02T20:05:31Z
mobi_vancouver,mobi_vancouver_e8d3eb30-df82-4221-8c1e-c5321a9ec2da,e8d3eb30-df82-4221-8c1e-c5321a9ec2da,49.266636,-123.183661,1,FALSE,FALSE,17200,0414,1783022725,2026-07-02T20:05:32Z,2026-07-02T20:05:32Z,2026-07-02T20:05:23Z,2.2,https://gbfs.kappa.fifteen.eu/gbfs/2.2/mobi/en/gbfs.json,https://gbfs.kappa.fifteen.eu/gbfs/2.2/mobi/en/free_bike_status.json,2026-07-02T20:05:31Z,2026-07-02T20:05:31Z
mobi_vancouver,mobi_vancouver_9306ca14-355b-48cd-8424-d1d521c84306,9306ca14-355b-48cd-8424-d1d521c84306,49.246243,-123.124373,1,FALSE,FALSE,17200,0505,1783022725,2026-07-02T20:05:32Z,2026-07-02T20:05:32Z,2026-07-02T20:05:23Z,2.2,https://gbfs.kappa.fifteen.eu/gbfs/2.2/mobi/en/gbfs.json,https://gbfs.kappa.fifteen.eu/gbfs/2.2/mobi/en/free_bike_status.json,2026-07-02T20:05:31Z,2026-07-02T20:05:31Z
mobi_vancouver,mobi_vancouver_7329e95d-9a32-420a-ab26-2050dec8fbac,7329e95d-9a32-420a-ab26-2050dec8fbac,49.243375,-123.104978,1,FALSE,FALSE,17200,0557,1783022725,2026-07-02T20:05:32Z,2026-07-02T20:05:32Z,2026-07-02T20:05:23Z,2.2,https://gbfs.kappa.fifteen.eu/gbfs/2.2/mobi/en/gbfs.json,https://gbfs.kappa.fifteen.eu/gbfs/2.2/mobi/en/free_bike_status.json,2026-07-02T20:05:31Z,2026-07-02T20:05:31Z
mobi_vancouver,mobi_vancouver_197f01fb-127a-4535-8522-30ff5d17202f,197f01fb-127a-4535-8522-30ff5d17202f,49.27751,-123.061429,1,FALSE,FALSE,17200,0617,1783022725,2026-07-02T20:05:32Z,2026-07-02T20:05:32Z,2026-07-02T20:05:23Z,2.2,https://gbfs.kappa.fifteen.eu/gbfs/2.2/mobi/en/gbfs.json,https://gbfs.kappa.fifteen.eu/gbfs/2.2/mobi/en/free_bike_status.json,2026-07-02T20:05:31Z,2026-07-02T20:05:31Z
mobi_vancouver,mobi_vancouver_7470505f-98d1-4a8f-9e90-8335e65c1106,7470505f-98d1-4a8f-9e90-8335e65c1106,49.275679,-123.116963,1,FALSE,FALSE,17600,0027,1783022725,2026-07-02T20:05:32Z,2026-07-02T20:05:32Z,2026-07-02T20:05:23Z,2.2,https://gbfs.kappa.fifteen.eu/gbfs/2.2/mobi/en/gbfs.json,https://gbfs.kappa.fifteen.eu/gbfs/2.2/mobi/en/free_bike_status.json,2026-07-02T20:05:31Z,2026-07-02T20:05:31Z
mobi_vancouver,mobi_vancouver_ec81fef6-5cac-47ed-b1cc-b174f1b5bf85,ec81fef6-5cac-47ed-b1cc-b174f1b5bf85,49.258763,-123.115392,1,FALSE,FALSE,17600,0072,1783022725,2026-07-02T20:05:32Z,2026-07-02T20:05:32Z,2026-07-02T20:05:23Z,2.2,https://gbfs.kappa.fifteen.eu/gbfs/2.2/mobi/en/gbfs.json,https://gbfs.kappa.fifteen.eu/gbfs/2.2/mobi/en/free_bike_status.json,2026-07-02T20:05:31Z,2026-07-02T20:05:31Z
mobi_vancouver,mobi_vancouver_9c40f1d9-80fc-4d62-8035-54799d84eed4,9c40f1d9-80fc-4d62-8035-54799d84eed4,49.291909,-123.140713,1,FALSE,FALSE,17600,0092,1783022725,2026-07-02T20:05:32Z,2026-07-02T20:05:32Z,2026-07-02T20:05:23Z,2.2,https://gbfs.kappa.fifteen.eu/gbfs/2.2/mobi/en/gbfs.json,https://gbfs.kappa.fifteen.eu/gbfs/2.2/mobi/en/free_bike_status.json,2026-07-02T20:05:31Z,2026-07-02T20:05:31Z
mobi_vancouver,mobi_vancouver_311a5cd9-7aa5-4823-9737-9671c9fa0cd1,311a5cd9-7aa5-4823-9737-9671c9fa0cd1,49.291909,-123.140713,2,FALSE,FALSE,17600,0092,1783022725,2026-07-02T20:05:32Z,2026-07-02T20:05:32Z,2026-07-02T20:05:23Z,2.2,https://gbfs.kappa.fifteen.eu/gbfs/2.2/mobi/en/gbfs.json,https://gbfs.kappa.fifteen.eu/gbfs/2.2/mobi/en/free_bike_status.json,2026-07-02T20:05:31Z,2026-07-02T20:05:31Z
mobi_vancouver,mobi_vancouver_c3f3d438-a10c-422f-a0c7-c0c12d0d1f91,c3f3d438-a10c-422f-a0c7-c0c12d0d1f91,49.27023,-123.10651,2,FALSE,FALSE,17600,0174,1783022725,2026-07-02T20:05:32Z,2026-07-02T20:05:32Z,2026-07-02T20:05:23Z,2.2,https://gbfs.kappa.fifteen.eu/gbfs/2.2/mobi/en/gbfs.json,https://gbfs.kappa.fifteen.eu/gbfs/2.2/mobi/en/free_bike_status.json,2026-07-02T20:05:31Z,2026-07-02T20:05:31Z
mobi_vancouver,mobi_vancouver_b8f4971f-aba7-48b7-9cdd-060e407aa211,b8f4971f-aba7-48b7-9cdd-060e407aa211,49.27821,-123.136972,1,FALSE,FALSE,17600,0083,1783022725,2026-07-02T20:05:32Z,2026-07-02T20:05:32Z,2026-07-02T20:05:23Z,2.2,https://gbfs.kappa.fifteen.eu/gbfs/2.2/mobi/en/gbfs.json,https://gbfs.kappa.fifteen.eu/gbfs/2.2/mobi/en/free_bike_status.json,2026-07-02T20:05:31Z,2026-07-02T20:05:31Z
mobi_vancouver,mobi_vancouver_36259823-690a-401e-a5b3-151cbcb5a5b7,36259823-690a-401e-a5b3-151cbcb5a5b7,49.284157,-123.099917,1,FALSE,FALSE,17600,0150,1783022725,2026-07-02T20:05:32Z,2026-07-02T20:05:32Z,2026-07-02T20:05:23Z,2.2,https://gbfs.kappa.fifteen.eu/gbfs/2.2/mobi/en/gbfs.json,https://gbfs.kappa.fifteen.eu/gbfs/2.2/mobi/en/free_bike_status.json,2026-07-02T20:05:31Z,2026-07-02T20:05:31Z
mobi_vancouver,mobi_vancouver_948b625c-316a-425f-beb9-6e8ed82e4537,948b625c-316a-425f-beb9-6e8ed82e4537,49.287528,-123.142139,2,FALSE,FALSE,17600,0063,1783022725,2026-07-02T20:05:32Z,2026-07-02T20:05:32Z,2026-07-02T20:05:23Z,2.2,https://gbfs.kappa.fifteen.eu/gbfs/2.2/mobi/en/gbfs.json,https://gbfs.kappa.fifteen.eu/gbfs/2.2/mobi/en/free_bike_status.json,2026-07-02T20:05:31Z,2026-07-02T20:05:31Z
mobi_vancouver,mobi_vancouver_5f902bae-7b08-4e6e-80b2-0a65d07fef42,5f902bae-7b08-4e6e-80b2-0a65d07fef42,49.290112,-123.127062,1,FALSE,FALSE,17600,0035,1783022725,2026-07-02T20:05:32Z,2026-07-02T20:05:32Z,2026-07-02T20:05:23Z,2.2,https://gbfs.kappa.fifteen.eu/gbfs/2.2/mobi/en/gbfs.json,https://gbfs.kappa.fifteen.eu/gbfs/2.2/mobi/en/free_bike_status.json,2026-07-02T20:05:31Z,2026-07-02T20:05:31Z
mobi_vancouver,mobi_vancouver_63c63144-00aa-4a41-a34c-40dc93dc4d8e,63c63144-00aa-4a41-a34c-40dc93dc4d8e,49.267859,-123.145782,1,FALSE,FALSE,17600,0139,1783022725,2026-07-02T20:05:32Z,2026-07-02T20:05:32Z,2026-07-02T20:05:23Z,2.2,https://gbfs.kappa.fifteen.eu/gbfs/2.2/mobi/en/gbfs.json,https://gbfs.kappa.fifteen.eu/gbfs/2.2/mobi/en/free_bike_status.json,2026-07-02T20:05:31Z,2026-07-02T20:05:31Z
mobi_vancouver,mobi_vancouver_112a988f-5fdb-425e-9f4a-129588768076,112a988f-5fdb-425e-9f4a-129588768076,49.277665,-123.073653,1,FALSE,FALSE,17600,0222,1783022725,2026-07-02T20:05:32Z,2026-07-02T20:05:32Z,2026-07-02T20:05:23Z,2.2,https://gbfs.kappa.fifteen.eu/gbfs/2.2/mobi/en/gbfs.json,https://gbfs.kappa.fifteen.eu/gbfs/2.2/mobi/en/free_bike_status.json,2026-07-02T20:05:31Z,2026-07-02T20:05:31Z
mobi_vancouver,mobi_vancouver_1c00efc4-3f25-4845-82a3-673840970c4d,1c00efc4-3f25-4845-82a3-673840970c4d,49.277436,-123.070427,1,FALSE,FALSE,17600,0223,1783022725,2026-07-02T20:05:32Z,2026-07-02T20:05:32Z,2026-07-02T20:05:23Z,2.2,https://gbfs.kappa.fifteen.eu/gbfs/2.2/mobi/en/gbfs.json,https://gbfs.kappa.fifteen.eu/gbfs/2.2/mobi/en/free_bike_status.json,2026-07-02T20:05:31Z,2026-07-02T20:05:31Z
mobi_vancouver,mobi_vancouver_1ff2f1a4-39e4-4326-8924-ee6da7084b9a,1ff2f1a4-39e4-4326-8924-ee6da7084b9a,49.277469,-123.081315,1,FALSE,FALSE,17600,0221,1783022725,2026-07-02T20:05:32Z,2026-07-02T20:05:32Z,2026-07-02T20:05:23Z,2.2,https://gbfs.kappa.fifteen.eu/gbfs/2.2/mobi/en/gbfs.json,https://gbfs.kappa.fifteen.eu/gbfs/2.2/mobi/en/free_bike_status.json,2026-07-02T20:05:31Z,2026-07-02T20:05:31Z
mobi_vancouver,mobi_vancouver_ef79825b-b51b-46ab-ab91-88819e1a38c1,ef79825b-b51b-46ab-ab91-88819e1a38c1,49.256496,-123.075426,1,FALSE,FALSE,17600,0283,1783022725,2026-07-02T20:05:32Z,2026-07-02T20:05:32Z,2026-07-02T20:05:23Z,2.2,https://gbfs.kappa.fifteen.eu/gbfs/2.2/mobi/en/gbfs.json,https://gbfs.kappa.fifteen.eu/gbfs/2.2/mobi/en/free_bike_status.json,2026-07-02T20:05:31Z,2026-07-02T20:05:31Z
mobi_vancouver,mobi_vancouver_0efc4009-db51-406b-9f83-8b4a3e360668,0efc4009-db51-406b-9f83-8b4a3e360668,49.280197,-123.065859,1,FALSE,FALSE,17600,0272,1783022725,2026-07-02T20:05:32Z,2026-07-02T20:05:32Z,2026-07-02T20:05:23Z,2.2,https://gbfs.kappa.fifteen.eu/gbfs/2.2/mobi/en/gbfs.json,https://gbfs.kappa.fifteen.eu/gbfs/2.2/mobi/en/free_bike_status.json,2026-07-02T20:05:31Z,2026-07-02T20:05:31Z
mobi_vancouver,mobi_vancouver_29c7e7ff-21e7-4a00-84ee-1b253cfb972d,29c7e7ff-21e7-4a00-84ee-1b253cfb972d,49.270684,-123.073562,1,FALSE,FALSE,17600,0252,1783022725,2026-07-02T20:05:32Z,2026-07-02T20:05:32Z,2026-07-02T20:05:23Z,2.2,https://gbfs.kappa.fifteen.eu/gbfs/2.2/mobi/en/gbfs.json,https://gbfs.kappa.fifteen.eu/gbfs/2.2/mobi/en/free_bike_status.json,2026-07-02T20:05:31Z,2026-07-02T20:05:31Z
mobi_vancouver,mobi_vancouver_306e8de5-2daa-43d1-8555-c1211340ae48,306e8de5-2daa-43d1-8555-c1211340ae48,49.265242,-123.095577,2,FALSE,FALSE,17600,0297,1783022725,2026-07-02T20:05:32Z,2026-07-02T20:05:32Z,2026-07-02T20:05:23Z,2.2,https://gbfs.kappa.fifteen.eu/gbfs/2.2/mobi/en/gbfs.json,https://gbfs.kappa.fifteen.eu/gbfs/2.2/mobi/en/free_bike_status.json,2026-07-02T20:05:31Z,2026-07-02T20:05:31Z
mobi_vancouver,mobi_vancouver_52601b56-a54e-4fed-add1-5867dc1859ae,52601b56-a54e-4fed-add1-5867dc1859ae,49.256857,-123.065646,1,FALSE,FALSE,17600,0278,1783022725,2026-07-02T20:05:32Z,2026-07-02T20:05:32Z,2026-07-02T20:05:23Z,2.2,https://gbfs.kappa.fifteen.eu/gbfs/2.2/mobi/en/gbfs.json,https://gbfs.kappa.fifteen.eu/gbfs/2.2/mobi/en/free_bike_status.json,2026-07-02T20:05:31Z,2026-07-02T20:05:31Z
mobi_vancouver,mobi_vancouver_1f4765a4-7a85-4da6-b2dc-8531e9bf1d11,1f4765a4-7a85-4da6-b2dc-8531e9bf1d11,49.256857,-123.065646,1,FALSE,FALSE,17600,0278,1783022725,2026-07-02T20:05:32Z,2026-07-02T20:05:32Z,2026-07-02T20:05:23Z,2.2,https://gbfs.kappa.fifteen.eu/gbfs/2.2/mobi/en/gbfs.json,https://gbfs.kappa.fifteen.eu/gbfs/2.2/mobi/en/free_bike_status.json,2026-07-02T20:05:31Z,2026-07-02T20:05:31Z
mobi_vancouver,mobi_vancouver_e208a279-917d-47d3-b927-c0877ea0bf79,e208a279-917d-47d3-b927-c0877ea0bf79,49.277333,-123.087359,1,FALSE,FALSE,17600,0219,1783022725,2026-07-02T20:05:32Z,2026-07-02T20:05:32Z,2026-07-02T20:05:23Z,2.2,https://gbfs.kappa.fifteen.eu/gbfs/2.2/mobi/en/gbfs.json,https://gbfs.kappa.fifteen.eu/gbfs/2.2/mobi/en/free_bike_status.json,2026-07-02T20:05:31Z,2026-07-02T20:05:31Z
mobi_vancouver,mobi_vancouver_6feadc51-15b1-4714-b7ad-4dec2393d35b,6feadc51-15b1-4714-b7ad-4dec2393d35b,49.262835,-123.152626,1,FALSE,FALSE,17600,0075,1783022725,2026-07-02T20:05:32Z,2026-07-02T20:05:32Z,2026-07-02T20:05:23Z,2.2,https://gbfs.kappa.fifteen.eu/gbfs/2.2/mobi/en/gbfs.json,https://gbfs.kappa.fifteen.eu/gbfs/2.2/mobi/en/free_bike_status.json,2026-07-02T20:05:31Z,2026-07-02T20:05:31Z
mobi_vancouver,mobi_vancouver_816dbbb9-41e9-486a-9bf4-86d392e1265d,816dbbb9-41e9-486a-9bf4-86d392e1265d,49.286646,-123.129232,1,FALSE,FALSE,17600,0310,1783022725,2026-07-02T20:05:32Z,2026-07-02T20:05:32Z,2026-07-02T20:05:23Z,2.2,https://gbfs.kappa.fifteen.eu/gbfs/2.2/mobi/en/gbfs.json,https://gbfs.kappa.fifteen.eu/gbfs/2.2/mobi/en/free_bike_status.json,2026-07-02T20:05:31Z,2026-07-02T20:05:31Z
mobi_vancouver,mobi_vancouver_03dac49e-8edf-4342-b0f0-c7f42ca2dd5f,03dac49e-8edf-4342-b0f0-c7f42ca2dd5f,49.264928,-123.168068,1,FALSE,FALSE,17600,0452,1783022725,2026-07-02T20:05:32Z,2026-07-02T20:05:32Z,2026-07-02T20:05:23Z,2.2,https://gbfs.kappa.fifteen.eu/gbfs/2.2/mobi/en/gbfs.json,https://gbfs.kappa.fifteen.eu/gbfs/2.2/mobi/en/free_bike_status.json,2026-07-02T20:05:31Z,2026-07-02T20:05:31Z
mobi_vancouver,mobi_vancouver_e640d497-e0af-4631-ae04-1d1bf98a54b3,e640d497-e0af-4631-ae04-1d1bf98a54b3,49.268837,-123.177633,1,FALSE,FALSE,17600,0431,1783022725,2026-07-02T20:05:32Z,2026-07-02T20:05:32Z,2026-07-02T20:05:23Z,2.2,https://gbfs.kappa.fifteen.eu/gbfs/2.2/mobi/en/gbfs.json,https://gbfs.kappa.fifteen.eu/gbfs/2.2/mobi/en/free_bike_status.json,2026-07-02T20:05:31Z,2026-07-02T20:05:31Z
mobi_vancouver,mobi_vancouver_1ad71ccc-e9fa-42c5-8fdc-5afe63031629,1ad71ccc-e9fa-42c5-8fdc-5afe63031629,49.249722,-123.104991,1,FALSE,FALSE,17600,0554,1783022725,2026-07-02T20:05:32Z,2026-07-02T20:05:32Z,2026-07-02T20:05:23Z,2.2,https://gbfs.kappa.fifteen.eu/gbfs/2.2/mobi/en/gbfs.json,https://gbfs.kappa.fifteen.eu/gbfs/2.2/mobi/en/free_bike_status.json,2026-07-02T20:05:31Z,2026-07-02T20:05:31Z
mobi_vancouver,mobi_vancouver_8a1fec90-9246-4d55-8248-51dda616f5ea,8a1fec90-9246-4d55-8248-51dda616f5ea,49.266579,-123.248549,1,FALSE,FALSE,17600,2143,1783022725,2026-07-02T20:05:32Z,2026-07-02T20:05:32Z,2026-07-02T20:05:23Z,2.2,https://gbfs.kappa.fifteen.eu/gbfs/2.2/mobi/en/gbfs.json,https://gbfs.kappa.fifteen.eu/gbfs/2.2/mobi/en/free_bike_status.json,2026-07-02T20:05:31Z,2026-07-02T20:05:31Z
mobi_vancouver,mobi_vancouver_f3b6da7b-b518-4011-9445-84eb364dba86,f3b6da7b-b518-4011-9445-84eb364dba86,49.25478,-123.23621,1,FALSE,FALSE,17600,2252,1783022725,2026-07-02T20:05:32Z,2026-07-02T20:05:32Z,2026-07-02T20:05:23Z,2.2,https://gbfs.kappa.fifteen.eu/gbfs/2.2/mobi/en/gbfs.json,https://gbfs.kappa.fifteen.eu/gbfs/2.2/mobi/en/free_bike_status.json,2026-07-02T20:05:31Z,2026-07-02T20:05:31Z
mobi_vancouver,mobi_vancouver_97082167-b1cd-4b21-850b-59bb7f8189f2,97082167-b1cd-4b21-850b-59bb7f8189f2,49.269172,-123.25279,1,FALSE,FALSE,17600,2131,1783022725,2026-07-02T20:05:32Z,2026-07-02T20:05:32Z,2026-07-02T20:05:23Z,2.2,https://gbfs.kappa.fifteen.eu/gbfs/2.2/mobi/en/gbfs.json,https://gbfs.kappa.fifteen.eu/gbfs/2.2/mobi/en/free_bike_status.json,2026-07-02T20:05:31Z,2026-07-02T20:05:31Z
mobi_vancouver,mobi_vancouver_5c259296-b9cd-4111-b199-f4217ead598b,5c259296-b9cd-4111-b199-f4217ead598b,49.269172,-123.25279,1,FALSE,FALSE,17600,2131,1783022725,2026-07-02T20:05:32Z,2026-07-02T20:05:32Z,2026-07-02T20:05:23Z,2.2,https://gbfs.kappa.fifteen.eu/gbfs/2.2/mobi/en/gbfs.json,https://gbfs.kappa.fifteen.eu/gbfs/2.2/mobi/en/free_bike_status.json,2026-07-02T20:05:31Z,2026-07-02T20:05:31Z
mobi_vancouver,mobi_vancouver_6777b54b-3134-4fda-bd5a-b250d426c876,6777b54b-3134-4fda-bd5a-b250d426c876,49.261736,-123.24648,2,FALSE,FALSE,17600,2136,1783022725,2026-07-02T20:05:32Z,2026-07-02T20:05:32Z,2026-07-02T20:05:23Z,2.2,https://gbfs.kappa.fifteen.eu/gbfs/2.2/mobi/en/gbfs.json,https://gbfs.kappa.fifteen.eu/gbfs/2.2/mobi/en/free_bike_status.json,2026-07-02T20:05:31Z,2026-07-02T20:05:31Z
mobi_vancouver,mobi_vancouver_0e7df2d0-c629-4695-8f74-eb103cab46b1,0e7df2d0-c629-4695-8f74-eb103cab46b1,49.282055,-123.133045,1,FALSE,FALSE,18000,0187,1783022725,2026-07-02T20:05:32Z,2026-07-02T20:05:32Z,2026-07-02T20:05:23Z,2.2,https://gbfs.kappa.fifteen.eu/gbfs/2.2/mobi/en/gbfs.json,https://gbfs.kappa.fifteen.eu/gbfs/2.2/mobi/en/free_bike_status.json,2026-07-02T20:05:31Z,2026-07-02T20:05:31Z
mobi_vancouver,mobi_vancouver_d1517d72-c0fe-4af9-9711-01e153795732,d1517d72-c0fe-4af9-9711-01e153795732,49.271721,-123.104207,1,FALSE,FALSE,18000,0011,1783022725,2026-07-02T20:05:32Z,2026-07-02T20:05:32Z,2026-07-02T20:05:23Z,2.2,https://gbfs.kappa.fifteen.eu/gbfs/2.2/mobi/en/gbfs.json,https://gbfs.kappa.fifteen.eu/gbfs/2.2/mobi/en/free_bike_status.json,2026-07-02T20:05:31Z,2026-07-02T20:05:31Z
mobi_vancouver,mobi_vancouver_6eded182-6a92-4b3b-9894-e46130569844,6eded182-6a92-4b3b-9894-e46130569844,49.282409,-123.118541,1,FALSE,FALSE,18000,0015,1783022725,2026-07-02T20:05:32Z,2026-07-02T20:05:32Z,2026-07-02T20:05:23Z,2.2,https://gbfs.kappa.fifteen.eu/gbfs/2.2/mobi/en/gbfs.json,https://gbfs.kappa.fifteen.eu/gbfs/2.2/mobi/en/free_bike_status.json,2026-07-02T20:05:31Z,2026-07-02T20:05:31Z
mobi_vancouver,mobi_vancouver_3085ae56-da3d-4818-af8a-c98ae20203c8,3085ae56-da3d-4818-af8a-c98ae20203c8,49.273833,-123.114373,1,FALSE,FALSE,18000,0057,1783022725,2026-07-02T20:05:32Z,2026-07-02T20:05:32Z,2026-07-02T20:05:23Z,2.2,https://gbfs.kappa.fifteen.eu/gbfs/2.2/mobi/en/gbfs.json,https://gbfs.kappa.fifteen.eu/gbfs/2.2/mobi/en/free_bike_status.json,2026-07-02T20:05:31Z,2026-07-02T20:05:31Z
mobi_vancouver,mobi_vancouver_1d1f9327-a7f0-4fdf-88e6-2fc697a09de9,1d1f9327-a7f0-4fdf-88e6-2fc697a09de9,49.279821,-123.10802,1,FALSE,FALSE,18000,0053,1783022725,2026-07-02T20:05:32Z,2026-07-02T20:05:32Z,2026-07-02T20:05:23Z,2.2,https://gbfs.kappa.fifteen.eu/gbfs/2.2/mobi/en/gbfs.json,https://gbfs.kappa.fifteen.eu/gbfs/2.2/mobi/en/free_bike_status.json,2026-07-02T20:05:31Z,2026-07-02T20:05:31Z
mobi_vancouver,mobi_vancouver_187ffcad-f10b-4955-a6c2-13297102f5e7,187ffcad-f10b-4955-a6c2-13297102f5e7,49.282759,-123.106955,1,FALSE,FALSE,18000,0030,1783022725,2026-07-02T20:05:32Z,2026-07-02T20:05:32Z,2026-07-02T20:05:23Z,2.2,https://gbfs.kappa.fifteen.eu/gbfs/2.2/mobi/en/gbfs.json,https://gbfs.kappa.fifteen.eu/gbfs/2.2/mobi/en/free_bike_status.json,2026-07-02T20:05:31Z,2026-07-02T20:05:31Z
mobi_vancouver,mobi_vancouver_04436a49-404f-4e23-8997-867f3f87e595,04436a49-404f-4e23-8997-867f3f87e595,49.287528,-123.142139,1,FALSE,FALSE,18000,0028,1783022725,2026-07-02T20:05:32Z,2026-07-02T20:05:32Z,2026-07-02T20:05:23Z,2.2,https://gbfs.kappa.fifteen.eu/gbfs/2.2/mobi/en/gbfs.json,https://gbfs.kappa.fifteen.eu/gbfs/2.2/mobi/en/free_bike_status.json,2026-07-02T20:05:31Z,2026-07-02T20:05:31Z
mobi_vancouver,mobi_vancouver_4c97a006-02e3-43a3-b663-028b637bb854,4c97a006-02e3-43a3-b663-028b637bb854,49.268269,-123.147885,1,FALSE,FALSE,18000,0076,1783022725,2026-07-02T20:05:32Z,2026-07-02T20:05:32Z,2026-07-02T20:05:23Z,2.2,https://gbfs.kappa.fifteen.eu/gbfs/2.2/mobi/en/gbfs.json,https://gbfs.kappa.fifteen.eu/gbfs/2.2/mobi/en/free_bike_status.json,2026-07-02T20:05:31Z,2026-07-02T20:05:31Z
mobi_vancouver,mobi_vancouver_82d395ac-3457-4632-ad37-b7ef6fbf564c,82d395ac-3457-4632-ad37-b7ef6fbf564c,49.287097,-123.118551,1,FALSE,FALSE,18000,0016,1783022725,2026-07-02T20:05:32Z,2026-07-02T20:05:32Z,2026-07-02T20:05:23Z,2.2,https://gbfs.kappa.fifteen.eu/gbfs/2.2/mobi/en/gbfs.json,https://gbfs.kappa.fifteen.eu/gbfs/2.2/mobi/en/free_bike_status.json,2026-07-02T20:05:31Z,2026-07-02T20:05:31Z
mobi_vancouver,mobi_vancouver_8ceaa790-e44e-4863-a651-ea9fa7236aee,8ceaa790-e44e-4863-a651-ea9fa7236aee,49.266476,-123.109389,1,FALSE,FALSE,18000,0165,1783022725,2026-07-02T20:05:32Z,2026-07-02T20:05:32Z,2026-07-02T20:05:23Z,2.2,https://gbfs.kappa.fifteen.eu/gbfs/2.2/mobi/en/gbfs.json,https://gbfs.kappa.fifteen.eu/gbfs/2.2/mobi/en/free_bike_status.json,2026-07-02T20:05:31Z,2026-07-02T20:05:31Z
mobi_vancouver,mobi_vancouver_3506cd21-9f7e-46c3-beaf-c8d06a26a96b,3506cd21-9f7e-46c3-beaf-c8d06a26a96b,49.266314,-123.116011,1,FALSE,FALSE,18000,0006,1783022725,2026-07-02T20:05:32Z,2026-07-02T20:05:32Z,2026-07-02T20:05:23Z,2.2,https://gbfs.kappa.fifteen.eu/gbfs/2.2/mobi/en/gbfs.json,https://gbfs.kappa.fifteen.eu/gbfs/2.2/mobi/en/free_bike_status.json,2026-07-02T20:05:31Z,2026-07-02T20:05:31Z
mobi_vancouver,mobi_vancouver_5bcdb471-285a-48b9-9fb5-ddf3ad36a63d,5bcdb471-285a-48b9-9fb5-ddf3ad36a63d,49.276292,-123.150592,1,FALSE,FALSE,18000,0155,1783022725,2026-07-02T20:05:32Z,2026-07-02T20:05:32Z,2026-07-02T20:05:23Z,2.2,https://gbfs.kappa.fifteen.eu/gbfs/2.2/mobi/en/gbfs.json,https://gbfs.kappa.fifteen.eu/gbfs/2.2/mobi/en/free_bike_status.json,2026-07-02T20:05:31Z,2026-07-02T20:05:31Z
mobi_vancouver,mobi_vancouver_95575978-fdca-4d08-bb97-1e104064b5c4,95575978-fdca-4d08-bb97-1e104064b5c4,49.262944,-123.148109,1,FALSE,FALSE,18000,0068,1783022725,2026-07-02T20:05:32Z,2026-07-02T20:05:32Z,2026-07-02T20:05:23Z,2.2,https://gbfs.kappa.fifteen.eu/gbfs/2.2/mobi/en/gbfs.json,https://gbfs.kappa.fifteen.eu/gbfs/2.2/mobi/en/free_bike_status.json,2026-07-02T20:05:31Z,2026-07-02T20:05:31Z
mobi_vancouver,mobi_vancouver_2508a12e-d9c2-47bb-9ff7-db88e9892aaa,2508a12e-d9c2-47bb-9ff7-db88e9892aaa,49.274566,-123.121817,1,FALSE,FALSE,18000,0004,1783022725,2026-07-02T20:05:32Z,2026-07-02T20:05:32Z,2026-07-02T20:05:23Z,2.2,https://gbfs.kappa.fifteen.eu/gbfs/2.2/mobi/en/gbfs.json,https://gbfs.kappa.fifteen.eu/gbfs/2.2/mobi/en/free_bike_status.json,2026-07-02T20:05:31Z,2026-07-02T20:05:31Z
mobi_vancouver,mobi_vancouver_4c504a4a-f8f4-464a-8023-473c21c3149f,4c504a4a-f8f4-464a-8023-473c21c3149f,49.274566,-123.121817,1,FALSE,FALSE,18000,0004,1783022725,2026-07-02T20:05:32Z,2026-07-02T20:05:32Z,2026-07-02T20:05:23Z,2.2,https://gbfs.kappa.fifteen.eu/gbfs/2.2/mobi/en/gbfs.json,https://gbfs.kappa.fifteen.eu/gbfs/2.2/mobi/en/free_bike_status.json,2026-07-02T20:05:31Z,2026-07-02T20:05:31Z
mobi_vancouver,mobi_vancouver_6b8dd66f-d958-48bd-8432-807b6c334d8d,6b8dd66f-d958-48bd-8432-807b6c334d8d,49.268216,-123.103168,1,FALSE,FALSE,18000,0119,1783022725,2026-07-02T20:05:32Z,2026-07-02T20:05:32Z,2026-07-02T20:05:23Z,2.2,https://gbfs.kappa.fifteen.eu/gbfs/2.2/mobi/en/gbfs.json,https://gbfs.kappa.fifteen.eu/gbfs/2.2/mobi/en/free_bike_status.json,2026-07-02T20:05:31Z,2026-07-02T20:05:31Z
mobi_vancouver,mobi_vancouver_8367bb9d-5d67-42f1-b97b-907ba2ac4bbd,8367bb9d-5d67-42f1-b97b-907ba2ac4bbd,49.266456,-123.100324,1,FALSE,FALSE,18000,0198,1783022725,2026-07-02T20:05:32Z,2026-07-02T20:05:32Z,2026-07-02T20:05:23Z,2.2,https://gbfs.kappa.fifteen.eu/gbfs/2.2/mobi/en/gbfs.json,https://gbfs.kappa.fifteen.eu/gbfs/2.2/mobi/en/free_bike_status.json,2026-07-02T20:05:31Z,2026-07-02T20:05:31Z
mobi_vancouver,mobi_vancouver_11e742b5-9360-4c50-a298-c3f32c701d2b,11e742b5-9360-4c50-a298-c3f32c701d2b,49.258819,-123.131317,1,FALSE,FALSE,18000,0211,1783022725,2026-07-02T20:05:32Z,2026-07-02T20:05:32Z,2026-07-02T20:05:23Z,2.2,https://gbfs.kappa.fifteen.eu/gbfs/2.2/mobi/en/gbfs.json,https://gbfs.kappa.fifteen.eu/gbfs/2.2/mobi/en/free_bike_status.json,2026-07-02T20:05:31Z,2026-07-02T20:05:31Z
mobi_vancouver,mobi_vancouver_d431d6e0-c390-436b-bf19-8df8dabec96d,d431d6e0-c390-436b-bf19-8df8dabec96d,49.258819,-123.131317,1,FALSE,FALSE,18000,0211,1783022725,2026-07-02T20:05:32Z,2026-07-02T20:05:32Z,2026-07-02T20:05:23Z,2.2,https://gbfs.kappa.fifteen.eu/gbfs/2.2/mobi/en/gbfs.json,https://gbfs.kappa.fifteen.eu/gbfs/2.2/mobi/en/free_bike_status.json,2026-07-02T20:05:31Z,2026-07-02T20:05:31Z
mobi_vancouver,mobi_vancouver_c69a9871-b5c0-4b80-b4a2-8bb312e23cbd,c69a9871-b5c0-4b80-b4a2-8bb312e23cbd,49.270905,-123.126006,1,FALSE,FALSE,18000,0136,1783022725,2026-07-02T20:05:32Z,2026-07-02T20:05:32Z,2026-07-02T20:05:23Z,2.2,https://gbfs.kappa.fifteen.eu/gbfs/2.2/mobi/en/gbfs.json,https://gbfs.kappa.fifteen.eu/gbfs/2.2/mobi/en/free_bike_status.json,2026-07-02T20:05:31Z,2026-07-02T20:05:31Z
mobi_vancouver,mobi_vancouver_5a492ec8-fb3c-4b10-b054-f636c6e921cf,5a492ec8-fb3c-4b10-b054-f636c6e921cf,49.283992,-123.091206,1,FALSE,FALSE,18000,0230,1783022725,2026-07-02T20:05:32Z,2026-07-02T20:05:32Z,2026-07-02T20:05:23Z,2.2,https://gbfs.kappa.fifteen.eu/gbfs/2.2/mobi/en/gbfs.json,https://gbfs.kappa.fifteen.eu/gbfs/2.2/mobi/en/free_bike_status.json,2026-07-02T20:05:31Z,2026-07-02T20:05:31Z
mobi_vancouver,mobi_vancouver_876909d9-92bb-42fa-96d8-94358bea9f26,876909d9-92bb-42fa-96d8-94358bea9f26,49.283992,-123.091206,1,FALSE,FALSE,18000,0230,1783022725,2026-07-02T20:05:32Z,2026-07-02T20:05:32Z,2026-07-02T20:05:23Z,2.2,https://gbfs.kappa.fifteen.eu/gbfs/2.2/mobi/en/gbfs.json,https://gbfs.kappa.fifteen.eu/gbfs/2.2/mobi/en/free_bike_status.json,2026-07-02T20:05:31Z,2026-07-02T20:05:31Z
mobi_vancouver,mobi_vancouver_8c32e8d5-6744-4e8e-9f84-17f60eb8f184,8c32e8d5-6744-4e8e-9f84-17f60eb8f184,49.263382,-123.088837,1,FALSE,FALSE,18000,0261,1783022725,2026-07-02T20:05:32Z,2026-07-02T20:05:32Z,2026-07-02T20:05:23Z,2.2,https://gbfs.kappa.fifteen.eu/gbfs/2.2/mobi/en/gbfs.json,https://gbfs.kappa.fifteen.eu/gbfs/2.2/mobi/en/free_bike_status.json,2026-07-02T20:05:31Z,2026-07-02T20:05:31Z
mobi_vancouver,mobi_vancouver_706a6c2b-63cc-40c4-b1a1-2e4b099a4250,706a6c2b-63cc-40c4-b1a1-2e4b099a4250,49.263518,-123.09568,1,FALSE,FALSE,18000,0262,1783022725,2026-07-02T20:05:32Z,2026-07-02T20:05:32Z,2026-07-02T20:05:23Z,2.2,https://gbfs.kappa.fifteen.eu/gbfs/2.2/mobi/en/gbfs.json,https://gbfs.kappa.fifteen.eu/gbfs/2.2/mobi/en/free_bike_status.json,2026-07-02T20:05:31Z,2026-07-02T20:05:31Z
mobi_vancouver,mobi_vancouver_8a65f0b9-6170-43ce-b3f8-d36ca667da2e,8a65f0b9-6170-43ce-b3f8-d36ca667da2e,49.280332,-123.070068,1,FALSE,FALSE,18000,0224,1783022725,2026-07-02T20:05:32Z,2026-07-02T20:05:32Z,2026-07-02T20:05:23Z,2.2,https://gbfs.kappa.fifteen.eu/gbfs/2.2/mobi/en/gbfs.json,https://gbfs.kappa.fifteen.eu/gbfs/2.2/mobi/en/free_bike_status.json,2026-07-02T20:05:31Z,2026-07-02T20:05:31Z
mobi_vancouver,mobi_vancouver_7dbd6c23-3759-4a26-aa11-6e1ca16eacd3,7dbd6c23-3759-4a26-aa11-6e1ca16eacd3,49.266725,-123.065925,1,FALSE,FALSE,18000,0273,1783022725,2026-07-02T20:05:32Z,2026-07-02T20:05:32Z,2026-07-02T20:05:23Z,2.2,https://gbfs.kappa.fifteen.eu/gbfs/2.2/mobi/en/gbfs.json,https://gbfs.kappa.fifteen.eu/gbfs/2.2/mobi/en/free_bike_status.json,2026-07-02T20:05:31Z,2026-07-02T20:05:31Z
mobi_vancouver,mobi_vancouver_59ce424e-fa70-42fa-9b30-bf8e10116b96,59ce424e-fa70-42fa-9b30-bf8e10116b96,49.280881,-123.130672,1,FALSE,FALSE,18000,0126,1783022725,2026-07-02T20:05:32Z,2026-07-02T20:05:32Z,2026-07-02T20:05:23Z,2.2,https://gbfs.kappa.fifteen.eu/gbfs/2.2/mobi/en/gbfs.json,https://gbfs.kappa.fifteen.eu/gbfs/2.2/mobi/en/free_bike_status.json,2026-07-02T20:05:31Z,2026-07-02T20:05:31Z
mobi_vancouver,mobi_vancouver_e9051a5d-218d-46c8-9978-1cb196f7172b,e9051a5d-218d-46c8-9978-1cb196f7172b,49.261973,-123.09725,1,FALSE,FALSE,18000,0186,1783022725,2026-07-02T20:05:32Z,2026-07-02T20:05:32Z,2026-07-02T20:05:23Z,2.2,https://gbfs.kappa.fifteen.eu/gbfs/2.2/mobi/en/gbfs.json,https://gbfs.kappa.fifteen.eu/gbfs/2.2/mobi/en/free_bike_status.json,2026-07-02T20:05:31Z,2026-07-02T20:05:31Z
mobi_vancouver,mobi_vancouver_8bc76142-eaee-466a-800c-a07ca1a90e46,8bc76142-eaee-466a-800c-a07ca1a90e46,49.257985,-123.083366,1,FALSE,FALSE,18000,0281,1783022725,2026-07-02T20:05:32Z,2026-07-02T20:05:32Z,2026-07-02T20:05:23Z,2.2,https://gbfs.kappa.fifteen.eu/gbfs/2.2/mobi/en/gbfs.json,https://gbfs.kappa.fifteen.eu/gbfs/2.2/mobi/en/free_bike_status.json,2026-07-02T20:05:31Z,2026-07-02T20:05:31Z
mobi_vancouver,mobi_vancouver_e12e94ad-8417-4c70-9251-6879bed48642,e12e94ad-8417-4c70-9251-6879bed48642,49.27551,-123.13307,1,FALSE,FALSE,18000,0045,1783022725,2026-07-02T20:05:32Z,2026-07-02T20:05:32Z,2026-07-02T20:05:23Z,2.2,https://gbfs.kappa.fifteen.eu/gbfs/2.2/mobi/en/gbfs.json,https://gbfs.kappa.fifteen.eu/gbfs/2.2/mobi/en/free_bike_status.json,2026-07-02T20:05:31Z,2026-07-02T20:05:31Z
mobi_vancouver,mobi_vancouver_cde459a6-1c62-43a5-8ea7-a2f7c7bea454,cde459a6-1c62-43a5-8ea7-a2f7c7bea454,49.283298,-123.142288,1,FALSE,FALSE,18000,0142,1783022725,2026-07-02T20:05:32Z,2026-07-02T20:05:32Z,2026-07-02T20:05:23Z,2.2,https://gbfs.kappa.fifteen.eu/gbfs/2.2/mobi/en/gbfs.json,https://gbfs.kappa.fifteen.eu/gbfs/2.2/mobi/en/free_bike_status.json,2026-07-02T20:05:31Z,2026-07-02T20:05:31Z
mobi_vancouver,mobi_vancouver_59e27a18-22dd-46db-b3f9-c1372f612602,59e27a18-22dd-46db-b3f9-c1372f612602,49.286646,-123.129232,1,FALSE,FALSE,18000,0310,1783022725,2026-07-02T20:05:32Z,2026-07-02T20:05:32Z,2026-07-02T20:05:23Z,2.2,https://gbfs.kappa.fifteen.eu/gbfs/2.2/mobi/en/gbfs.json,https://gbfs.kappa.fifteen.eu/gbfs/2.2/mobi/en/free_bike_status.json,2026-07-02T20:05:31Z,2026-07-02T20:05:31Z
mobi_vancouver,mobi_vancouver_d352e8bb-bcbc-408d-aa77-2effb0e7b284,d352e8bb-bcbc-408d-aa77-2effb0e7b284,49.271044,-123.170661,1,FALSE,FALSE,18000,0450,1783022725,2026-07-02T20:05:32Z,2026-07-02T20:05:32Z,2026-07-02T20:05:23Z,2.2,https://gbfs.kappa.fifteen.eu/gbfs/2.2/mobi/en/gbfs.json,https://gbfs.kappa.fifteen.eu/gbfs/2.2/mobi/en/free_bike_status.json,2026-07-02T20:05:31Z,2026-07-02T20:05:31Z
mobi_vancouver,mobi_vancouver_4a015764-9b66-428a-b566-91627bcfcc5d,4a015764-9b66-428a-b566-91627bcfcc5d,49.272172,-123.097978,1,FALSE,FALSE,18000,0354,1783022725,2026-07-02T20:05:32Z,2026-07-02T20:05:32Z,2026-07-02T20:05:23Z,2.2,https://gbfs.kappa.fifteen.eu/gbfs/2.2/mobi/en/gbfs.json,https://gbfs.kappa.fifteen.eu/gbfs/2.2/mobi/en/free_bike_status.json,2026-07-02T20:05:31Z,2026-07-02T20:05:31Z
mobi_vancouver,mobi_vancouver_c66c2233-6b04-4add-a844-458f6c30f57f,c66c2233-6b04-4add-a844-458f6c30f57f,49.247854,-123.153422,2,FALSE,FALSE,18000,0480,1783022725,2026-07-02T20:05:32Z,2026-07-02T20:05:32Z,2026-07-02T20:05:23Z,2.2,https://gbfs.kappa.fifteen.eu/gbfs/2.2/mobi/en/gbfs.json,https://gbfs.kappa.fifteen.eu/gbfs/2.2/mobi/en/free_bike_status.json,2026-07-02T20:05:31Z,2026-07-02T20:05:31Z
mobi_vancouver,mobi_vancouver_e805e594-3365-4810-ad7a-0dec40c220bf,e805e594-3365-4810-ad7a-0dec40c220bf,49.245135,-123.116098,1,FALSE,FALSE,18000,0526,1783022725,2026-07-02T20:05:32Z,2026-07-02T20:05:32Z,2026-07-02T20:05:23Z,2.2,https://gbfs.kappa.fifteen.eu/gbfs/2.2/mobi/en/gbfs.json,https://gbfs.kappa.fifteen.eu/gbfs/2.2/mobi/en/free_bike_status.json,2026-07-02T20:05:31Z,2026-07-02T20:05:31Z
mobi_vancouver,mobi_vancouver_09e58691-ce0d-457d-966a-e960665d26af,09e58691-ce0d-457d-966a-e960665d26af,49.245535,-123.120496,1,FALSE,FALSE,18000,0516,1783022725,2026-07-02T20:05:32Z,2026-07-02T20:05:32Z,2026-07-02T20:05:23Z,2.2,https://gbfs.kappa.fifteen.eu/gbfs/2.2/mobi/en/gbfs.json,https://gbfs.kappa.fifteen.eu/gbfs/2.2/mobi/en/free_bike_status.json,2026-07-02T20:05:31Z,2026-07-02T20:05:31Z
mobi_vancouver,mobi_vancouver_6133bde9-209f-482e-8d8a-e36b86df1b58,6133bde9-209f-482e-8d8a-e36b86df1b58,49.267561,-123.252261,1,FALSE,FALSE,18000,2132,1783022725,2026-07-02T20:05:32Z,2026-07-02T20:05:32Z,2026-07-02T20:05:23Z,2.2,https://gbfs.kappa.fifteen.eu/gbfs/2.2/mobi/en/gbfs.json,https://gbfs.kappa.fifteen.eu/gbfs/2.2/mobi/en/free_bike_status.json,2026-07-02T20:05:31Z,2026-07-02T20:05:31Z
mobi_vancouver,mobi_vancouver_22a050cd-d57f-41df-8345-330259154016,22a050cd-d57f-41df-8345-330259154016,49.26262,-123.2431,1,FALSE,FALSE,18000,2156,1783022725,2026-07-02T20:05:32Z,2026-07-02T20:05:32Z,2026-07-02T20:05:23Z,2.2,https://gbfs.kappa.fifteen.eu/gbfs/2.2/mobi/en/gbfs.json,https://gbfs.kappa.fifteen.eu/gbfs/2.2/mobi/en/free_bike_status.json,2026-07-02T20:05:31Z,2026-07-02T20:05:31Z
mobi_vancouver,mobi_vancouver_9a0c78b6-bbea-4680-b568-556683d3a75f,9a0c78b6-bbea-4680-b568-556683d3a75f,49.2506,-123.23238,1,FALSE,FALSE,18000,2255,1783022725,2026-07-02T20:05:32Z,2026-07-02T20:05:32Z,2026-07-02T20:05:23Z,2.2,https://gbfs.kappa.fifteen.eu/gbfs/2.2/mobi/en/gbfs.json,https://gbfs.kappa.fifteen.eu/gbfs/2.2/mobi/en/free_bike_status.json,2026-07-02T20:05:31Z,2026-07-02T20:05:31Z
mobi_vancouver,mobi_vancouver_f321ce12-5681-468d-8ade-781e82712dba,f321ce12-5681-468d-8ade-781e82712dba,49.2506,-123.23238,1,FALSE,FALSE,18000,2255,1783022725,2026-07-02T20:05:32Z,2026-07-02T20:05:32Z,2026-07-02T20:05:23Z,2.2,https://gbfs.kappa.fifteen.eu/gbfs/2.2/mobi/en/gbfs.json,https://gbfs.kappa.fifteen.eu/gbfs/2.2/mobi/en/free_bike_status.json,2026-07-02T20:05:31Z,2026-07-02T20:05:31Z
mobi_vancouver,mobi_vancouver_e01bf2ac-f2e8-4102-b2db-e7197b6430c9,e01bf2ac-f2e8-4102-b2db-e7197b6430c9,49.262487,-123.114397,1,FALSE,FALSE,18400,0001,1783022725,2026-07-02T20:05:32Z,2026-07-02T20:05:32Z,2026-07-02T20:05:23Z,2.2,https://gbfs.kappa.fifteen.eu/gbfs/2.2/mobi/en/gbfs.json,https://gbfs.kappa.fifteen.eu/gbfs/2.2/mobi/en/free_bike_status.json,2026-07-02T20:05:31Z,2026-07-02T20:05:31Z
mobi_vancouver,mobi_vancouver_2cb0e622-9818-419b-bd36-dd7689e00b04,2cb0e622-9818-419b-bd36-dd7689e00b04,49.279764,-123.110154,1,FALSE,FALSE,18400,0005,1783022725,2026-07-02T20:05:32Z,2026-07-02T20:05:32Z,2026-07-02T20:05:23Z,2.2,https://gbfs.kappa.fifteen.eu/gbfs/2.2/mobi/en/gbfs.json,https://gbfs.kappa.fifteen.eu/gbfs/2.2/mobi/en/free_bike_status.json,2026-07-02T20:05:31Z,2026-07-02T20:05:31Z
mobi_vancouver,mobi_vancouver_7ffdc867-fb3a-468b-86dc-74decd1a0018,7ffdc867-fb3a-468b-86dc-74decd1a0018,49.28602,-123.116624,1,FALSE,FALSE,18400,0024,1783022725,2026-07-02T20:05:32Z,2026-07-02T20:05:32Z,2026-07-02T20:05:23Z,2.2,https://gbfs.kappa.fifteen.eu/gbfs/2.2/mobi/en/gbfs.json,https://gbfs.kappa.fifteen.eu/gbfs/2.2/mobi/en/free_bike_status.json,2026-07-02T20:05:31Z,2026-07-02T20:05:31Z
mobi_vancouver,mobi_vancouver_29735cd0-bea2-4efe-affc-f7d222c69598,29735cd0-bea2-4efe-affc-f7d222c69598,49.279259,-123.119145,1,FALSE,FALSE,18400,0058,1783022725,2026-07-02T20:05:32Z,2026-07-02T20:05:32Z,2026-07-02T20:05:23Z,2.2,https://gbfs.kappa.fifteen.eu/gbfs/2.2/mobi/en/gbfs.json,https://gbfs.kappa.fifteen.eu/gbfs/2.2/mobi/en/free_bike_status.json,2026-07-02T20:05:31Z,2026-07-02T20:05:31Z
mobi_vancouver,mobi_vancouver_a9a4cbde-a8c7-4b80-a75a-54cfc78c9410,a9a4cbde-a8c7-4b80-a75a-54cfc78c9410,49.280216,-123.117639,2,FALSE,FALSE,18400,0129,1783022725,2026-07-02T20:05:32Z,2026-07-02T20:05:32Z,2026-07-02T20:05:23Z,2.2,https://gbfs.kappa.fifteen.eu/gbfs/2.2/mobi/en/gbfs.json,https://gbfs.kappa.fifteen.eu/gbfs/2.2/mobi/en/free_bike_status.json,2026-07-02T20:05:31Z,2026-07-02T20:05:31Z
mobi_vancouver,mobi_vancouver_60d4c8ab-8f8a-471c-ad55-db62b063ef42,60d4c8ab-8f8a-471c-ad55-db62b063ef42,49.272827,-123.147744,1,FALSE,FALSE,18400,0065,1783022725,2026-07-02T20:05:32Z,2026-07-02T20:05:32Z,2026-07-02T20:05:23Z,2.2,https://gbfs.kappa.fifteen.eu/gbfs/2.2/mobi/en/gbfs.json,https://gbfs.kappa.fifteen.eu/gbfs/2.2/mobi/en/free_bike_status.json,2026-07-02T20:05:31Z,2026-07-02T20:05:31Z
mobi_vancouver,mobi_vancouver_fdca501b-9e47-4882-a88e-813ea1c717ce,fdca501b-9e47-4882-a88e-813ea1c717ce,49.284605,-123.108662,1,FALSE,FALSE,18400,0052,1783022725,2026-07-02T20:05:32Z,2026-07-02T20:05:32Z,2026-07-02T20:05:23Z,2.2,https://gbfs.kappa.fifteen.eu/gbfs/2.2/mobi/en/gbfs.json,https://gbfs.kappa.fifteen.eu/gbfs/2.2/mobi/en/free_bike_status.json,2026-07-02T20:05:31Z,2026-07-02T20:05:31Z
mobi_vancouver,mobi_vancouver_fd9b56ba-abf1-4d68-92df-56a54c0a44e2,fd9b56ba-abf1-4d68-92df-56a54c0a44e2,49.269969,-123.109623,1,FALSE,FALSE,18400,0173,1783022725,2026-07-02T20:05:32Z,2026-07-02T20:05:32Z,2026-07-02T20:05:23Z,2.2,https://gbfs.kappa.fifteen.eu/gbfs/2.2/mobi/en/gbfs.json,https://gbfs.kappa.fifteen.eu/gbfs/2.2/mobi/en/free_bike_status.json,2026-07-02T20:05:31Z,2026-07-02T20:05:31Z
mobi_vancouver,mobi_vancouver_425bcfd4-a4f5-47b2-a668-40c3aeecc83d,425bcfd4-a4f5-47b2-a668-40c3aeecc83d,49.284157,-123.099917,1,FALSE,FALSE,18400,0150,1783022725,2026-07-02T20:05:32Z,2026-07-02T20:05:32Z,2026-07-02T20:05:23Z,2.2,https://gbfs.kappa.fifteen.eu/gbfs/2.2/mobi/en/gbfs.json,https://gbfs.kappa.fifteen.eu/gbfs/2.2/mobi/en/free_bike_status.json,2026-07-02T20:05:31Z,2026-07-02T20:05:31Z
mobi_vancouver,mobi_vancouver_d3d338ac-4c3d-4f43-9805-10e4a34b00e3,d3d338ac-4c3d-4f43-9805-10e4a34b00e3,49.265939,-123.1129,1,FALSE,FALSE,18400,0171,1783022725,2026-07-02T20:05:32Z,2026-07-02T20:05:32Z,2026-07-02T20:05:23Z,2.2,https://gbfs.kappa.fifteen.eu/gbfs/2.2/mobi/en/gbfs.json,https://gbfs.kappa.fifteen.eu/gbfs/2.2/mobi/en/free_bike_status.json,2026-07-02T20:05:31Z,2026-07-02T20:05:31Z
mobi_vancouver,mobi_vancouver_e5ffaf05-c0f2-4b41-8567-a3f2a481aaff,e5ffaf05-c0f2-4b41-8567-a3f2a481aaff,49.276292,-123.150592,1,FALSE,FALSE,18400,0155,1783022725,2026-07-02T20:05:32Z,2026-07-02T20:05:32Z,2026-07-02T20:05:23Z,2.2,https://gbfs.kappa.fifteen.eu/gbfs/2.2/mobi/en/gbfs.json,https://gbfs.kappa.fifteen.eu/gbfs/2.2/mobi/en/free_bike_status.json,2026-07-02T20:05:31Z,2026-07-02T20:05:31Z
mobi_vancouver,mobi_vancouver_26fd50ff-9d5b-4d5a-8574-1ef38f613398,26fd50ff-9d5b-4d5a-8574-1ef38f613398,49.276292,-123.150592,1,FALSE,FALSE,18400,0155,1783022725,2026-07-02T20:05:32Z,2026-07-02T20:05:32Z,2026-07-02T20:05:23Z,2.2,https://gbfs.kappa.fifteen.eu/gbfs/2.2/mobi/en/gbfs.json,https://gbfs.kappa.fifteen.eu/gbfs/2.2/mobi/en/free_bike_status.json,2026-07-02T20:05:31Z,2026-07-02T20:05:31Z
mobi_vancouver,mobi_vancouver_f7226b58-3547-412b-9d2e-47b40a4c0296,f7226b58-3547-412b-9d2e-47b40a4c0296,49.273355,-123.154493,1,FALSE,FALSE,18400,0154,1783022725,2026-07-02T20:05:32Z,2026-07-02T20:05:32Z,2026-07-02T20:05:23Z,2.2,https://gbfs.kappa.fifteen.eu/gbfs/2.2/mobi/en/gbfs.json,https://gbfs.kappa.fifteen.eu/gbfs/2.2/mobi/en/free_bike_status.json,2026-07-02T20:05:31Z,2026-07-02T20:05:31Z
mobi_vancouver,mobi_vancouver_051c75e6-2fd5-4ac1-bd83-fbdd3d85be21,051c75e6-2fd5-4ac1-bd83-fbdd3d85be21,49.268216,-123.103168,1,FALSE,FALSE,18400,0119,1783022725,2026-07-02T20:05:32Z,2026-07-02T20:05:32Z,2026-07-02T20:05:23Z,2.2,https://gbfs.kappa.fifteen.eu/gbfs/2.2/mobi/en/gbfs.json,https://gbfs.kappa.fifteen.eu/gbfs/2.2/mobi/en/free_bike_status.json,2026-07-02T20:05:31Z,2026-07-02T20:05:31Z
mobi_vancouver,mobi_vancouver_d2934b87-9166-42a3-b536-edd9db10549c,d2934b87-9166-42a3-b536-edd9db10549c,49.278529,-123.100017,1,FALSE,FALSE,18400,0199,1783022725,2026-07-02T20:05:32Z,2026-07-02T20:05:32Z,2026-07-02T20:05:23Z,2.2,https://gbfs.kappa.fifteen.eu/gbfs/2.2/mobi/en/gbfs.json,https://gbfs.kappa.fifteen.eu/gbfs/2.2/mobi/en/free_bike_status.json,2026-07-02T20:05:31Z,2026-07-02T20:05:31Z
mobi_vancouver,mobi_vancouver_025e86f9-a12f-46d0-9b16-5ea18572b691,025e86f9-a12f-46d0-9b16-5ea18572b691,49.261403,-123.070102,1,FALSE,FALSE,18400,0244,1783022725,2026-07-02T20:05:32Z,2026-07-02T20:05:32Z,2026-07-02T20:05:23Z,2.2,https://gbfs.kappa.fifteen.eu/gbfs/2.2/mobi/en/gbfs.json,https://gbfs.kappa.fifteen.eu/gbfs/2.2/mobi/en/free_bike_status.json,2026-07-02T20:05:31Z,2026-07-02T20:05:31Z
mobi_vancouver,mobi_vancouver_9e076de3-5e3d-4047-95f7-d82abda213f6,9e076de3-5e3d-4047-95f7-d82abda213f6,49.264466,-123.085183,1,FALSE,FALSE,18400,0266,1783022725,2026-07-02T20:05:32Z,2026-07-02T20:05:32Z,2026-07-02T20:05:23Z,2.2,https://gbfs.kappa.fifteen.eu/gbfs/2.2/mobi/en/gbfs.json,https://gbfs.kappa.fifteen.eu/gbfs/2.2/mobi/en/free_bike_status.json,2026-07-02T20:05:31Z,2026-07-02T20:05:31Z
mobi_vancouver,mobi_vancouver_33af835f-5659-4688-9303-cb0e335e81dd,33af835f-5659-4688-9303-cb0e335e81dd,49.261188,-123.066009,1,FALSE,FALSE,18400,0274,1783022725,2026-07-02T20:05:32Z,2026-07-02T20:05:32Z,2026-07-02T20:05:23Z,2.2,https://gbfs.kappa.fifteen.eu/gbfs/2.2/mobi/en/gbfs.json,https://gbfs.kappa.fifteen.eu/gbfs/2.2/mobi/en/free_bike_status.json,2026-07-02T20:05:31Z,2026-07-02T20:05:31Z
mobi_vancouver,mobi_vancouver_6f11bf0a-fecf-40a2-932f-c152acd30b50,6f11bf0a-fecf-40a2-932f-c152acd30b50,49.282503,-123.124697,1,FALSE,FALSE,18400,0217,1783022725,2026-07-02T20:05:32Z,2026-07-02T20:05:32Z,2026-07-02T20:05:23Z,2.2,https://gbfs.kappa.fifteen.eu/gbfs/2.2/mobi/en/gbfs.json,https://gbfs.kappa.fifteen.eu/gbfs/2.2/mobi/en/free_bike_status.json,2026-07-02T20:05:31Z,2026-07-02T20:05:31Z
mobi_vancouver,mobi_vancouver_507b446f-87ad-4a59-a1f3-9fc31455098f,507b446f-87ad-4a59-a1f3-9fc31455098f,49.284893,-123.128685,1,FALSE,FALSE,18400,0300,1783022725,2026-07-02T20:05:32Z,2026-07-02T20:05:32Z,2026-07-02T20:05:23Z,2.2,https://gbfs.kappa.fifteen.eu/gbfs/2.2/mobi/en/gbfs.json,https://gbfs.kappa.fifteen.eu/gbfs/2.2/mobi/en/free_bike_status.json,2026-07-02T20:05:31Z,2026-07-02T20:05:31Z
mobi_vancouver,mobi_vancouver_659e9292-bf60-4a73-a3fb-8f1e5256ce0c,659e9292-bf60-4a73-a3fb-8f1e5256ce0c,49.283298,-123.142288,1,FALSE,FALSE,18400,0142,1783022725,2026-07-02T20:05:32Z,2026-07-02T20:05:32Z,2026-07-02T20:05:23Z,2.2,https://gbfs.kappa.fifteen.eu/gbfs/2.2/mobi/en/gbfs.json,https://gbfs.kappa.fifteen.eu/gbfs/2.2/mobi/en/free_bike_status.json,2026-07-02T20:05:31Z,2026-07-02T20:05:31Z
mobi_vancouver,mobi_vancouver_a3f32eb7-bb67-4866-b022-b89d1020448e,a3f32eb7-bb67-4866-b022-b89d1020448e,49.267725,-123.11311,1,FALSE,FALSE,18400,0144,1783022725,2026-07-02T20:05:32Z,2026-07-02T20:05:32Z,2026-07-02T20:05:23Z,2.2,https://gbfs.kappa.fifteen.eu/gbfs/2.2/mobi/en/gbfs.json,https://gbfs.kappa.fifteen.eu/gbfs/2.2/mobi/en/free_bike_status.json,2026-07-02T20:05:31Z,2026-07-02T20:05:31Z
mobi_vancouver,mobi_vancouver_a4357c24-414e-4ecc-a1fb-b8e42fca62cd,a4357c24-414e-4ecc-a1fb-b8e42fca62cd,49.286646,-123.129232,1,FALSE,FALSE,18400,0310,1783022725,2026-07-02T20:05:32Z,2026-07-02T20:05:32Z,2026-07-02T20:05:23Z,2.2,https://gbfs.kappa.fifteen.eu/gbfs/2.2/mobi/en/gbfs.json,https://gbfs.kappa.fifteen.eu/gbfs/2.2/mobi/en/free_bike_status.json,2026-07-02T20:05:31Z,2026-07-02T20:05:31Z
mobi_vancouver,mobi_vancouver_362d01c6-dd63-4976-95af-208559352d3d,362d01c6-dd63-4976-95af-208559352d3d,49.272969,-123.164325,1,FALSE,FALSE,18400,0460,1783022725,2026-07-02T20:05:32Z,2026-07-02T20:05:32Z,2026-07-02T20:05:23Z,2.2,https://gbfs.kappa.fifteen.eu/gbfs/2.2/mobi/en/gbfs.json,https://gbfs.kappa.fifteen.eu/gbfs/2.2/mobi/en/free_bike_status.json,2026-07-02T20:05:31Z,2026-07-02T20:05:31Z
mobi_vancouver,mobi_vancouver_3670d83d-4502-4cdf-84f9-ae0ac06e5479,3670d83d-4502-4cdf-84f9-ae0ac06e5479,49.264579,-123.18373,1,FALSE,FALSE,18400,0415,1783022725,2026-07-02T20:05:32Z,2026-07-02T20:05:32Z,2026-07-02T20:05:23Z,2.2,https://gbfs.kappa.fifteen.eu/gbfs/2.2/mobi/en/gbfs.json,https://gbfs.kappa.fifteen.eu/gbfs/2.2/mobi/en/free_bike_status.json,2026-07-02T20:05:31Z,2026-07-02T20:05:31Z
mobi_vancouver,mobi_vancouver_48fa18b1-166a-43c9-97ad-263b79974f06,48fa18b1-166a-43c9-97ad-263b79974f06,49.264326,-123.164725,1,FALSE,FALSE,18400,0464,1783022725,2026-07-02T20:05:32Z,2026-07-02T20:05:32Z,2026-07-02T20:05:23Z,2.2,https://gbfs.kappa.fifteen.eu/gbfs/2.2/mobi/en/gbfs.json,https://gbfs.kappa.fifteen.eu/gbfs/2.2/mobi/en/free_bike_status.json,2026-07-02T20:05:31Z,2026-07-02T20:05:31Z
mobi_vancouver,mobi_vancouver_5757c424-8e18-4844-bcda-c78a5dd8392d,5757c424-8e18-4844-bcda-c78a5dd8392d,49.245135,-123.116098,1,FALSE,FALSE,18400,0526,1783022725,2026-07-02T20:05:32Z,2026-07-02T20:05:32Z,2026-07-02T20:05:23Z,2.2,https://gbfs.kappa.fifteen.eu/gbfs/2.2/mobi/en/gbfs.json,https://gbfs.kappa.fifteen.eu/gbfs/2.2/mobi/en/free_bike_status.json,2026-07-02T20:05:31Z,2026-07-02T20:05:31Z
mobi_vancouver,mobi_vancouver_ee27ad14-f71d-4078-a923-eb51f05e71f8,ee27ad14-f71d-4078-a923-eb51f05e71f8,49.287464,-123.060771,1,FALSE,FALSE,18400,0611,1783022725,2026-07-02T20:05:32Z,2026-07-02T20:05:32Z,2026-07-02T20:05:23Z,2.2,https://gbfs.kappa.fifteen.eu/gbfs/2.2/mobi/en/gbfs.json,https://gbfs.kappa.fifteen.eu/gbfs/2.2/mobi/en/free_bike_status.json,2026-07-02T20:05:31Z,2026-07-02T20:05:31Z
mobi_vancouver,mobi_vancouver_518d87ac-f137-4dc0-8c2b-1edc574ccce7,518d87ac-f137-4dc0-8c2b-1edc574ccce7,49.251358,-123.115637,1,FALSE,FALSE,18400,0532,1783022725,2026-07-02T20:05:32Z,2026-07-02T20:05:32Z,2026-07-02T20:05:23Z,2.2,https://gbfs.kappa.fifteen.eu/gbfs/2.2/mobi/en/gbfs.json,https://gbfs.kappa.fifteen.eu/gbfs/2.2/mobi/en/free_bike_status.json,2026-07-02T20:05:31Z,2026-07-02T20:05:31Z
mobi_vancouver,mobi_vancouver_248483fd-045a-4f03-9b21-d096b8365169,248483fd-045a-4f03-9b21-d096b8365169,49.25478,-123.23621,1,FALSE,FALSE,18400,2252,1783022725,2026-07-02T20:05:32Z,2026-07-02T20:05:32Z,2026-07-02T20:05:23Z,2.2,https://gbfs.kappa.fifteen.eu/gbfs/2.2/mobi/en/gbfs.json,https://gbfs.kappa.fifteen.eu/gbfs/2.2/mobi/en/free_bike_status.json,2026-07-02T20:05:31Z,2026-07-02T20:05:31Z
mobi_vancouver,mobi_vancouver_bcd1a4b9-0df5-4c00-a95f-1ab7cbb0449b,bcd1a4b9-0df5-4c00-a95f-1ab7cbb0449b,49.27549,-123.12882,1,FALSE,FALSE,18400,0318,1783022725,2026-07-02T20:05:32Z,2026-07-02T20:05:32Z,2026-07-02T20:05:23Z,2.2,https://gbfs.kappa.fifteen.eu/gbfs/2.2/mobi/en/gbfs.json,https://gbfs.kappa.fifteen.eu/gbfs/2.2/mobi/en/free_bike_status.json,2026-07-02T20:05:31Z,2026-07-02T20:05:31Z
mobi_vancouver,mobi_vancouver_85d8210b-8c56-4454-9f6d-92bd8c1bd8ab,85d8210b-8c56-4454-9f6d-92bd8c1bd8ab,49.282055,-123.133045,1,FALSE,FALSE,18800,0187,1783022725,2026-07-02T20:05:32Z,2026-07-02T20:05:32Z,2026-07-02T20:05:23Z,2.2,https://gbfs.kappa.fifteen.eu/gbfs/2.2/mobi/en/gbfs.json,https://gbfs.kappa.fifteen.eu/gbfs/2.2/mobi/en/free_bike_status.json,2026-07-02T20:05:31Z,2026-07-02T20:05:31Z
mobi_vancouver,mobi_vancouver_ace4891c-0092-44ad-b1bb-05238fa5eb7d,ace4891c-0092-44ad-b1bb-05238fa5eb7d,49.262487,-123.114397,2,FALSE,FALSE,18800,0001,1783022725,2026-07-02T20:05:32Z,2026-07-02T20:05:32Z,2026-07-02T20:05:23Z,2.2,https://gbfs.kappa.fifteen.eu/gbfs/2.2/mobi/en/gbfs.json,https://gbfs.kappa.fifteen.eu/gbfs/2.2/mobi/en/free_bike_status.json,2026-07-02T20:05:31Z,2026-07-02T20:05:31Z
mobi_vancouver,mobi_vancouver_55c78497-b0b2-4f84-84d8-168e72a3ca29,55c78497-b0b2-4f84-84d8-168e72a3ca29,49.269361,-123.13782,1,FALSE,FALSE,18800,0066,1783022725,2026-07-02T20:05:32Z,2026-07-02T20:05:32Z,2026-07-02T20:05:23Z,2.2,https://gbfs.kappa.fifteen.eu/gbfs/2.2/mobi/en/gbfs.json,https://gbfs.kappa.fifteen.eu/gbfs/2.2/mobi/en/free_bike_status.json,2026-07-02T20:05:31Z,2026-07-02T20:05:31Z
mobi_vancouver,mobi_vancouver_67c3171e-9919-469e-81b3-8d0431cb47dd,67c3171e-9919-469e-81b3-8d0431cb47dd,49.265089,-123.119425,1,FALSE,FALSE,18800,0081,1783022725,2026-07-02T20:05:32Z,2026-07-02T20:05:32Z,2026-07-02T20:05:23Z,2.2,https://gbfs.kappa.fifteen.eu/gbfs/2.2/mobi/en/gbfs.json,https://gbfs.kappa.fifteen.eu/gbfs/2.2/mobi/en/free_bike_status.json,2026-07-02T20:05:31Z,2026-07-02T20:05:31Z
mobi_vancouver,mobi_vancouver_a22640e0-a3fb-4257-9e06-8a50ed2b5fe2,a22640e0-a3fb-4257-9e06-8a50ed2b5fe2,49.27808,-123.130557,1,FALSE,FALSE,18800,0089,1783022725,2026-07-02T20:05:32Z,2026-07-02T20:05:32Z,2026-07-02T20:05:23Z,2.2,https://gbfs.kappa.fifteen.eu/gbfs/2.2/mobi/en/gbfs.json,https://gbfs.kappa.fifteen.eu/gbfs/2.2/mobi/en/free_bike_status.json,2026-07-02T20:05:31Z,2026-07-02T20:05:31Z
mobi_vancouver,mobi_vancouver_f1049a63-218d-492b-a52d-881e73da67d9,f1049a63-218d-492b-a52d-881e73da67d9,49.285253,-123.134356,1,FALSE,FALSE,18800,0048,1783022725,2026-07-02T20:05:32Z,2026-07-02T20:05:32Z,2026-07-02T20:05:23Z,2.2,https://gbfs.kappa.fifteen.eu/gbfs/2.2/mobi/en/gbfs.json,https://gbfs.kappa.fifteen.eu/gbfs/2.2/mobi/en/free_bike_status.json,2026-07-02T20:05:31Z,2026-07-02T20:05:31Z
mobi_vancouver,mobi_vancouver_5dac4a87-bc61-4c97-ab81-651fa6600af7,5dac4a87-bc61-4c97-ab81-651fa6600af7,49.265605,-123.152566,1,FALSE,FALSE,18800,0109,1783022725,2026-07-02T20:05:32Z,2026-07-02T20:05:32Z,2026-07-02T20:05:23Z,2.2,https://gbfs.kappa.fifteen.eu/gbfs/2.2/mobi/en/gbfs.json,https://gbfs.kappa.fifteen.eu/gbfs/2.2/mobi/en/free_bike_status.json,2026-07-02T20:05:31Z,2026-07-02T20:05:31Z
mobi_vancouver,mobi_vancouver_756cd074-0884-4e76-bba5-eeaec140f6dd,756cd074-0884-4e76-bba5-eeaec140f6dd,49.28026,-123.135244,1,FALSE,FALSE,18800,0088,1783022725,2026-07-02T20:05:32Z,2026-07-02T20:05:32Z,2026-07-02T20:05:23Z,2.2,https://gbfs.kappa.fifteen.eu/gbfs/2.2/mobi/en/gbfs.json,https://gbfs.kappa.fifteen.eu/gbfs/2.2/mobi/en/free_bike_status.json,2026-07-02T20:05:31Z,2026-07-02T20:05:31Z
mobi_vancouver,mobi_vancouver_c5f3b055-74c0-4b63-b9b0-a7018035b14e,c5f3b055-74c0-4b63-b9b0-a7018035b14e,49.266724,-123.104824,1,FALSE,FALSE,18800,0073,1783022725,2026-07-02T20:05:32Z,2026-07-02T20:05:32Z,2026-07-02T20:05:23Z,2.2,https://gbfs.kappa.fifteen.eu/gbfs/2.2/mobi/en/gbfs.json,https://gbfs.kappa.fifteen.eu/gbfs/2.2/mobi/en/free_bike_status.json,2026-07-02T20:05:31Z,2026-07-02T20:05:31Z
mobi_vancouver,mobi_vancouver_aea5a495-f823-4c32-a526-ce898bd842dd,aea5a495-f823-4c32-a526-ce898bd842dd,49.270721,-123.146175,1,FALSE,FALSE,18800,0108,1783022725,2026-07-02T20:05:32Z,2026-07-02T20:05:32Z,2026-07-02T20:05:23Z,2.2,https://gbfs.kappa.fifteen.eu/gbfs/2.2/mobi/en/gbfs.json,https://gbfs.kappa.fifteen.eu/gbfs/2.2/mobi/en/free_bike_status.json,2026-07-02T20:05:31Z,2026-07-02T20:05:31Z
mobi_vancouver,mobi_vancouver_14bed095-4628-4436-b719-2c6ab32a053b,14bed095-4628-4436-b719-2c6ab32a053b,49.276292,-123.150592,2,FALSE,FALSE,18800,0155,1783022725,2026-07-02T20:05:32Z,2026-07-02T20:05:32Z,2026-07-02T20:05:23Z,2.2,https://gbfs.kappa.fifteen.eu/gbfs/2.2/mobi/en/gbfs.json,https://gbfs.kappa.fifteen.eu/gbfs/2.2/mobi/en/free_bike_status.json,2026-07-02T20:05:31Z,2026-07-02T20:05:31Z
mobi_vancouver,mobi_vancouver_cb3082d4-a61e-4b0b-9033-40f53f3a29c2,cb3082d4-a61e-4b0b-9033-40f53f3a29c2,49.275938,-123.145939,1,FALSE,FALSE,18800,0147,1783022725,2026-07-02T20:05:32Z,2026-07-02T20:05:32Z,2026-07-02T20:05:23Z,2.2,https://gbfs.kappa.fifteen.eu/gbfs/2.2/mobi/en/gbfs.json,https://gbfs.kappa.fifteen.eu/gbfs/2.2/mobi/en/free_bike_status.json,2026-07-02T20:05:31Z,2026-07-02T20:05:31Z
mobi_vancouver,mobi_vancouver_22fd0598-9e10-436b-b3e6-885ec1d8fd83,22fd0598-9e10-436b-b3e6-885ec1d8fd83,49.279342,-123.101822,1,FALSE,FALSE,18800,0055,1783022725,2026-07-02T20:05:32Z,2026-07-02T20:05:32Z,2026-07-02T20:05:23Z,2.2,https://gbfs.kappa.fifteen.eu/gbfs/2.2/mobi/en/gbfs.json,https://gbfs.kappa.fifteen.eu/gbfs/2.2/mobi/en/free_bike_status.json,2026-07-02T20:05:31Z,2026-07-02T20:05:31Z
mobi_vancouver,mobi_vancouver_2e817e88-13cb-4c99-8932-9aafb6dcc702,2e817e88-13cb-4c99-8932-9aafb6dcc702,49.273355,-123.154493,1,FALSE,FALSE,18800,0154,1783022725,2026-07-02T20:05:32Z,2026-07-02T20:05:32Z,2026-07-02T20:05:23Z,2.2,https://gbfs.kappa.fifteen.eu/gbfs/2.2/mobi/en/gbfs.json,https://gbfs.kappa.fifteen.eu/gbfs/2.2/mobi/en/free_bike_status.json,2026-07-02T20:05:31Z,2026-07-02T20:05:31Z
mobi_vancouver,mobi_vancouver_34320ebf-9568-4206-ad59-436427164e92,34320ebf-9568-4206-ad59-436427164e92,49.262822,-123.14338,1,FALSE,FALSE,18800,0205,1783022725,2026-07-02T20:05:32Z,2026-07-02T20:05:32Z,2026-07-02T20:05:23Z,2.2,https://gbfs.kappa.fifteen.eu/gbfs/2.2/mobi/en/gbfs.json,https://gbfs.kappa.fifteen.eu/gbfs/2.2/mobi/en/free_bike_status.json,2026-07-02T20:05:31Z,2026-07-02T20:05:31Z
mobi_vancouver,mobi_vancouver_27a1276e-6444-42df-8fc9-85b39a66cc41,27a1276e-6444-42df-8fc9-85b39a66cc41,49.281301,-123.139108,1,FALSE,FALSE,18800,0084,1783022725,2026-07-02T20:05:32Z,2026-07-02T20:05:32Z,2026-07-02T20:05:23Z,2.2,https://gbfs.kappa.fifteen.eu/gbfs/2.2/mobi/en/gbfs.json,https://gbfs.kappa.fifteen.eu/gbfs/2.2/mobi/en/free_bike_status.json,2026-07-02T20:05:31Z,2026-07-02T20:05:31Z
mobi_vancouver,mobi_vancouver_132898fc-34ad-4a4a-869e-57dd1326e6e6,132898fc-34ad-4a4a-869e-57dd1326e6e6,49.278529,-123.100017,1,FALSE,FALSE,18800,0199,1783022725,2026-07-02T20:05:32Z,2026-07-02T20:05:32Z,2026-07-02T20:05:23Z,2.2,https://gbfs.kappa.fifteen.eu/gbfs/2.2/mobi/en/gbfs.json,https://gbfs.kappa.fifteen.eu/gbfs/2.2/mobi/en/free_bike_status.json,2026-07-02T20:05:31Z,2026-07-02T20:05:31Z
mobi_vancouver,mobi_vancouver_c61d632d-10b6-44eb-afa3-99d00c305c40,c61d632d-10b6-44eb-afa3-99d00c305c40,49.283227,-123.120523,1,FALSE,FALSE,18800,0099,1783022725,2026-07-02T20:05:32Z,2026-07-02T20:05:32Z,2026-07-02T20:05:23Z,2.2,https://gbfs.kappa.fifteen.eu/gbfs/2.2/mobi/en/gbfs.json,https://gbfs.kappa.fifteen.eu/gbfs/2.2/mobi/en/free_bike_status.json,2026-07-02T20:05:31Z,2026-07-02T20:05:31Z
mobi_vancouver,mobi_vancouver_d661f826-0460-4de4-866c-0d0c2b7af8cf,d661f826-0460-4de4-866c-0d0c2b7af8cf,49.265005,-123.079481,1,FALSE,FALSE,18800,0236,1783022725,2026-07-02T20:05:32Z,2026-07-02T20:05:32Z,2026-07-02T20:05:23Z,2.2,https://gbfs.kappa.fifteen.eu/gbfs/2.2/mobi/en/gbfs.json,https://gbfs.kappa.fifteen.eu/gbfs/2.2/mobi/en/free_bike_status.json,2026-07-02T20:05:31Z,2026-07-02T20:05:31Z
mobi_vancouver,mobi_vancouver_7dce08a7-bc82-4b59-a968-7ac5df1c8997,7dce08a7-bc82-4b59-a968-7ac5df1c8997,49.274881,-123.069323,1,FALSE,FALSE,18800,0231,1783022725,2026-07-02T20:05:32Z,2026-07-02T20:05:32Z,2026-07-02T20:05:23Z,2.2,https://gbfs.kappa.fifteen.eu/gbfs/2.2/mobi/en/gbfs.json,https://gbfs.kappa.fifteen.eu/gbfs/2.2/mobi/en/free_bike_status.json,2026-07-02T20:05:31Z,2026-07-02T20:05:31Z
mobi_vancouver,mobi_vancouver_18a2619d-ff3e-4afc-8cf2-8ee54792c96d,18a2619d-ff3e-4afc-8cf2-8ee54792c96d,49.277665,-123.073653,1,FALSE,FALSE,18800,0222,1783022725,2026-07-02T20:05:32Z,2026-07-02T20:05:32Z,2026-07-02T20:05:23Z,2.2,https://gbfs.kappa.fifteen.eu/gbfs/2.2/mobi/en/gbfs.json,https://gbfs.kappa.fifteen.eu/gbfs/2.2/mobi/en/free_bike_status.json,2026-07-02T20:05:31Z,2026-07-02T20:05:31Z
mobi_vancouver,mobi_vancouver_4ad960a0-24e8-4770-977a-0bde7c95e4c8,4ad960a0-24e8-4770-977a-0bde7c95e4c8,49.266751,-123.073501,1,FALSE,FALSE,18800,0250,1783022725,2026-07-02T20:05:32Z,2026-07-02T20:05:32Z,2026-07-02T20:05:23Z,2.2,https://gbfs.kappa.fifteen.eu/gbfs/2.2/mobi/en/gbfs.json,https://gbfs.kappa.fifteen.eu/gbfs/2.2/mobi/en/free_bike_status.json,2026-07-02T20:05:31Z,2026-07-02T20:05:31Z
mobi_vancouver,mobi_vancouver_9367ac39-52d0-4993-93a7-72a758c83e9f,9367ac39-52d0-4993-93a7-72a758c83e9f,49.280197,-123.065859,1,FALSE,FALSE,18800,0272,1783022725,2026-07-02T20:05:32Z,2026-07-02T20:05:32Z,2026-07-02T20:05:23Z,2.2,https://gbfs.kappa.fifteen.eu/gbfs/2.2/mobi/en/gbfs.json,https://gbfs.kappa.fifteen.eu/gbfs/2.2/mobi/en/free_bike_status.json,2026-07-02T20:05:31Z,2026-07-02T20:05:31Z
mobi_vancouver,mobi_vancouver_e5067460-7c20-42b8-aa25-315c5a914494,e5067460-7c20-42b8-aa25-315c5a914494,49.283986,-123.065264,1,FALSE,FALSE,18800,0280,1783022725,2026-07-02T20:05:32Z,2026-07-02T20:05:32Z,2026-07-02T20:05:23Z,2.2,https://gbfs.kappa.fifteen.eu/gbfs/2.2/mobi/en/gbfs.json,https://gbfs.kappa.fifteen.eu/gbfs/2.2/mobi/en/free_bike_status.json,2026-07-02T20:05:31Z,2026-07-02T20:05:31Z
mobi_vancouver,mobi_vancouver_4b9f67e2-4995-46da-96c3-b280f3b3c12c,4b9f67e2-4995-46da-96c3-b280f3b3c12c,49.283236,-123.070443,1,FALSE,FALSE,18800,0285,1783022725,2026-07-02T20:05:32Z,2026-07-02T20:05:32Z,2026-07-02T20:05:23Z,2.2,https://gbfs.kappa.fifteen.eu/gbfs/2.2/mobi/en/gbfs.json,https://gbfs.kappa.fifteen.eu/gbfs/2.2/mobi/en/free_bike_status.json,2026-07-02T20:05:31Z,2026-07-02T20:05:31Z
mobi_vancouver,mobi_vancouver_114e3414-3815-4454-b964-0c341054d338,114e3414-3815-4454-b964-0c341054d338,49.283236,-123.070443,1,FALSE,FALSE,18800,0285,1783022725,2026-07-02T20:05:32Z,2026-07-02T20:05:32Z,2026-07-02T20:05:23Z,2.2,https://gbfs.kappa.fifteen.eu/gbfs/2.2/mobi/en/gbfs.json,https://gbfs.kappa.fifteen.eu/gbfs/2.2/mobi/en/free_bike_status.json,2026-07-02T20:05:31Z,2026-07-02T20:05:31Z
mobi_vancouver,mobi_vancouver_007b6401-5ec8-4bc0-9551-9f9844f75fd1,007b6401-5ec8-4bc0-9551-9f9844f75fd1,49.258902,-123.109596,1,FALSE,FALSE,18800,0180,1783022725,2026-07-02T20:05:32Z,2026-07-02T20:05:32Z,2026-07-02T20:05:23Z,2.2,https://gbfs.kappa.fifteen.eu/gbfs/2.2/mobi/en/gbfs.json,https://gbfs.kappa.fifteen.eu/gbfs/2.2/mobi/en/free_bike_status.json,2026-07-02T20:05:31Z,2026-07-02T20:05:31Z
mobi_vancouver,mobi_vancouver_c9c43447-3823-4dbe-87a5-7297bbb77cf5,c9c43447-3823-4dbe-87a5-7297bbb77cf5,49.277333,-123.087359,1,FALSE,FALSE,18800,0219,1783022725,2026-07-02T20:05:32Z,2026-07-02T20:05:32Z,2026-07-02T20:05:23Z,2.2,https://gbfs.kappa.fifteen.eu/gbfs/2.2/mobi/en/gbfs.json,https://gbfs.kappa.fifteen.eu/gbfs/2.2/mobi/en/free_bike_status.json,2026-07-02T20:05:31Z,2026-07-02T20:05:31Z
mobi_vancouver,mobi_vancouver_e38bf15c-80fb-461e-8a9d-9cbe5c8f60f2,e38bf15c-80fb-461e-8a9d-9cbe5c8f60f2,49.277615,-123.091654,1,FALSE,FALSE,18800,0215,1783022725,2026-07-02T20:05:32Z,2026-07-02T20:05:32Z,2026-07-02T20:05:23Z,2.2,https://gbfs.kappa.fifteen.eu/gbfs/2.2/mobi/en/gbfs.json,https://gbfs.kappa.fifteen.eu/gbfs/2.2/mobi/en/free_bike_status.json,2026-07-02T20:05:31Z,2026-07-02T20:05:31Z
mobi_vancouver,mobi_vancouver_100cad2e-a986-4811-a92d-70a71b4150df,100cad2e-a986-4811-a92d-70a71b4150df,49.284893,-123.128685,1,FALSE,FALSE,18800,0300,1783022725,2026-07-02T20:05:32Z,2026-07-02T20:05:32Z,2026-07-02T20:05:23Z,2.2,https://gbfs.kappa.fifteen.eu/gbfs/2.2/mobi/en/gbfs.json,https://gbfs.kappa.fifteen.eu/gbfs/2.2/mobi/en/free_bike_status.json,2026-07-02T20:05:31Z,2026-07-02T20:05:31Z
mobi_vancouver,mobi_vancouver_3cc1bf54-ae9f-4cf0-9fd6-acf82ecb4504,3cc1bf54-ae9f-4cf0-9fd6-acf82ecb4504,49.279821,-123.10802,1,FALSE,FALSE,18800,0142,1783022725,2026-07-02T20:05:32Z,2026-07-02T20:05:32Z,2026-07-02T20:05:23Z,2.2,https://gbfs.kappa.fifteen.eu/gbfs/2.2/mobi/en/gbfs.json,https://gbfs.kappa.fifteen.eu/gbfs/2.2/mobi/en/free_bike_status.json,2026-07-02T20:05:31Z,2026-07-02T20:05:31Z
mobi_vancouver,mobi_vancouver_bebec217-bf07-49e3-9d73-15854389b1c7,bebec217-bf07-49e3-9d73-15854389b1c7,49.27029,-123.135025,1,FALSE,FALSE,18800,0189,1783022725,2026-07-02T20:05:32Z,2026-07-02T20:05:32Z,2026-07-02T20:05:23Z,2.2,https://gbfs.kappa.fifteen.eu/gbfs/2.2/mobi/en/gbfs.json,https://gbfs.kappa.fifteen.eu/gbfs/2.2/mobi/en/free_bike_status.json,2026-07-02T20:05:31Z,2026-07-02T20:05:31Z
mobi_vancouver,mobi_vancouver_897ea8d7-a56c-4aa7-88bf-2856edc65004,897ea8d7-a56c-4aa7-88bf-2856edc65004,49.262835,-123.152626,1,FALSE,FALSE,18800,0075,1783022725,2026-07-02T20:05:32Z,2026-07-02T20:05:32Z,2026-07-02T20:05:23Z,2.2,https://gbfs.kappa.fifteen.eu/gbfs/2.2/mobi/en/gbfs.json,https://gbfs.kappa.fifteen.eu/gbfs/2.2/mobi/en/free_bike_status.json,2026-07-02T20:05:31Z,2026-07-02T20:05:31Z
mobi_vancouver,mobi_vancouver_0355d2ff-3eee-4c32-b999-2381c0d3978e,0355d2ff-3eee-4c32-b999-2381c0d3978e,49.286646,-123.129232,1,FALSE,FALSE,18800,0310,1783022725,2026-07-02T20:05:32Z,2026-07-02T20:05:32Z,2026-07-02T20:05:23Z,2.2,https://gbfs.kappa.fifteen.eu/gbfs/2.2/mobi/en/gbfs.json,https://gbfs.kappa.fifteen.eu/gbfs/2.2/mobi/en/free_bike_status.json,2026-07-02T20:05:31Z,2026-07-02T20:05:31Z
mobi_vancouver,mobi_vancouver_6e632b7e-2bb0-411a-80d0-8d947350cacc,6e632b7e-2bb0-411a-80d0-8d947350cacc,49.264483,-123.173926,1,FALSE,FALSE,18800,0444,1783022725,2026-07-02T20:05:32Z,2026-07-02T20:05:32Z,2026-07-02T20:05:23Z,2.2,https://gbfs.kappa.fifteen.eu/gbfs/2.2/mobi/en/gbfs.json,https://gbfs.kappa.fifteen.eu/gbfs/2.2/mobi/en/free_bike_status.json,2026-07-02T20:05:31Z,2026-07-02T20:05:31Z
mobi_vancouver,mobi_vancouver_93e3e8be-b255-4b29-bd53-61617a03bfc5,93e3e8be-b255-4b29-bd53-61617a03bfc5,49.287464,-123.060771,1,FALSE,FALSE,18800,0611,1783022725,2026-07-02T20:05:32Z,2026-07-02T20:05:32Z,2026-07-02T20:05:23Z,2.2,https://gbfs.kappa.fifteen.eu/gbfs/2.2/mobi/en/gbfs.json,https://gbfs.kappa.fifteen.eu/gbfs/2.2/mobi/en/free_bike_status.json,2026-07-02T20:05:31Z,2026-07-02T20:05:31Z
mobi_vancouver,mobi_vancouver_dd07bd96-5839-4b89-8b34-dcc1ea54f9bd,dd07bd96-5839-4b89-8b34-dcc1ea54f9bd,49.287464,-123.060771,1,FALSE,FALSE,18800,0611,1783022725,2026-07-02T20:05:32Z,2026-07-02T20:05:32Z,2026-07-02T20:05:23Z,2.2,https://gbfs.kappa.fifteen.eu/gbfs/2.2/mobi/en/gbfs.json,https://gbfs.kappa.fifteen.eu/gbfs/2.2/mobi/en/free_bike_status.json,2026-07-02T20:05:31Z,2026-07-02T20:05:31Z
mobi_vancouver,mobi_vancouver_fd1bd5ed-bce6-4fb5-b4ba-652a427c8582,fd1bd5ed-bce6-4fb5-b4ba-652a427c8582,49.27751,-123.061429,1,FALSE,FALSE,18800,0617,1783022725,2026-07-02T20:05:32Z,2026-07-02T20:05:32Z,2026-07-02T20:05:23Z,2.2,https://gbfs.kappa.fifteen.eu/gbfs/2.2/mobi/en/gbfs.json,https://gbfs.kappa.fifteen.eu/gbfs/2.2/mobi/en/free_bike_status.json,2026-07-02T20:05:31Z,2026-07-02T20:05:31Z
mobi_vancouver,mobi_vancouver_ec94f8ef-2564-4b92-91fe-34fcb56db92e,ec94f8ef-2564-4b92-91fe-34fcb56db92e,49.2661,-123.24568,1,FALSE,FALSE,18800,2154,1783022725,2026-07-02T20:05:32Z,2026-07-02T20:05:32Z,2026-07-02T20:05:23Z,2.2,https://gbfs.kappa.fifteen.eu/gbfs/2.2/mobi/en/gbfs.json,https://gbfs.kappa.fifteen.eu/gbfs/2.2/mobi/en/free_bike_status.json,2026-07-02T20:05:31Z,2026-07-02T20:05:31Z
mobi_vancouver,mobi_vancouver_9b41a356-8937-4492-aa33-fa7ca074b07b,9b41a356-8937-4492-aa33-fa7ca074b07b,49.2506,-123.23238,1,FALSE,FALSE,18800,2255,1783022725,2026-07-02T20:05:32Z,2026-07-02T20:05:32Z,2026-07-02T20:05:23Z,2.2,https://gbfs.kappa.fifteen.eu/gbfs/2.2/mobi/en/gbfs.json,https://gbfs.kappa.fifteen.eu/gbfs/2.2/mobi/en/free_bike_status.json,2026-07-02T20:05:31Z,2026-07-02T20:05:31Z
mobi_vancouver,mobi_vancouver_5340bac2-0a8c-4d3d-b92a-0159c42e0e1b,5340bac2-0a8c-4d3d-b92a-0159c42e0e1b,49.28668,-123.04457,2,FALSE,FALSE,18800,0643,1783022725,2026-07-02T20:05:32Z,2026-07-02T20:05:32Z,2026-07-02T20:05:23Z,2.2,https://gbfs.kappa.fifteen.eu/gbfs/2.2/mobi/en/gbfs.json,https://gbfs.kappa.fifteen.eu/gbfs/2.2/mobi/en/free_bike_status.json,2026-07-02T20:05:31Z,2026-07-02T20:05:31Z
mobi_vancouver,mobi_vancouver_f6b78946-5036-4b8a-9335-2c5949282564,f6b78946-5036-4b8a-9335-2c5949282564,49.271721,-123.104207,1,FALSE,FALSE,19200,0011,1783022725,2026-07-02T20:05:32Z,2026-07-02T20:05:32Z,2026-07-02T20:05:23Z,2.2,https://gbfs.kappa.fifteen.eu/gbfs/2.2/mobi/en/gbfs.json,https://gbfs.kappa.fifteen.eu/gbfs/2.2/mobi/en/free_bike_status.json,2026-07-02T20:05:31Z,2026-07-02T20:05:31Z
mobi_vancouver,mobi_vancouver_a9e87737-b4c2-4c79-9bcb-d675094dfa26,a9e87737-b4c2-4c79-9bcb-d675094dfa26,49.262487,-123.114397,1,FALSE,FALSE,19200,0001,1783022725,2026-07-02T20:05:32Z,2026-07-02T20:05:32Z,2026-07-02T20:05:23Z,2.2,https://gbfs.kappa.fifteen.eu/gbfs/2.2/mobi/en/gbfs.json,https://gbfs.kappa.fifteen.eu/gbfs/2.2/mobi/en/free_bike_status.json,2026-07-02T20:05:31Z,2026-07-02T20:05:31Z
mobi_vancouver,mobi_vancouver_10a9be04-66b3-49c1-85c9-af4784f70c14,10a9be04-66b3-49c1-85c9-af4784f70c14,49.282409,-123.118541,1,FALSE,FALSE,19200,0015,1783022725,2026-07-02T20:05:32Z,2026-07-02T20:05:32Z,2026-07-02T20:05:23Z,2.2,https://gbfs.kappa.fifteen.eu/gbfs/2.2/mobi/en/gbfs.json,https://gbfs.kappa.fifteen.eu/gbfs/2.2/mobi/en/free_bike_status.json,2026-07-02T20:05:31Z,2026-07-02T20:05:31Z
mobi_vancouver,mobi_vancouver_03edc6d7-f649-45ac-92ef-0e3448edf128,03edc6d7-f649-45ac-92ef-0e3448edf128,49.282409,-123.118541,1,FALSE,FALSE,19200,0015,1783022725,2026-07-02T20:05:32Z,2026-07-02T20:05:32Z,2026-07-02T20:05:23Z,2.2,https://gbfs.kappa.fifteen.eu/gbfs/2.2/mobi/en/gbfs.json,https://gbfs.kappa.fifteen.eu/gbfs/2.2/mobi/en/free_bike_status.json,2026-07-02T20:05:31Z,2026-07-02T20:05:31Z
mobi_vancouver,mobi_vancouver_a17eebb2-ffc8-495d-b827-481891e8a4f2,a17eebb2-ffc8-495d-b827-481891e8a4f2,49.288444,-123.139203,1,FALSE,FALSE,19200,0032,1783022725,2026-07-02T20:05:32Z,2026-07-02T20:05:32Z,2026-07-02T20:05:23Z,2.2,https://gbfs.kappa.fifteen.eu/gbfs/2.2/mobi/en/gbfs.json,https://gbfs.kappa.fifteen.eu/gbfs/2.2/mobi/en/free_bike_status.json,2026-07-02T20:05:31Z,2026-07-02T20:05:31Z
mobi_vancouver,mobi_vancouver_8cb07cba-f8d0-4de5-b3bd-2a9cbf53df51,8cb07cba-f8d0-4de5-b3bd-2a9cbf53df51,49.289255,-123.132677,1,FALSE,FALSE,19200,0041,1783022725,2026-07-02T20:05:32Z,2026-07-02T20:05:32Z,2026-07-02T20:05:23Z,2.2,https://gbfs.kappa.fifteen.eu/gbfs/2.2/mobi/en/gbfs.json,https://gbfs.kappa.fifteen.eu/gbfs/2.2/mobi/en/free_bike_status.json,2026-07-02T20:05:31Z,2026-07-02T20:05:31Z
mobi_vancouver,mobi_vancouver_fcc750cc-42ae-48ce-824b-42b132927c78,fcc750cc-42ae-48ce-824b-42b132927c78,49.289255,-123.132677,1,FALSE,FALSE,19200,0041,1783022725,2026-07-02T20:05:32Z,2026-07-02T20:05:32Z,2026-07-02T20:05:23Z,2.2,https://gbfs.kappa.fifteen.eu/gbfs/2.2/mobi/en/gbfs.json,https://gbfs.kappa.fifteen.eu/gbfs/2.2/mobi/en/free_bike_status.json,2026-07-02T20:05:31Z,2026-07-02T20:05:31Z
mobi_vancouver,mobi_vancouver_fa8a54f1-5bc7-44c4-a1c9-dd421319fef6,fa8a54f1-5bc7-44c4-a1c9-dd421319fef6,49.289255,-123.132677,1,FALSE,FALSE,19200,0041,1783022725,2026-07-02T20:05:32Z,2026-07-02T20:05:32Z,2026-07-02T20:05:23Z,2.2,https://gbfs.kappa.fifteen.eu/gbfs/2.2/mobi/en/gbfs.json,https://gbfs.kappa.fifteen.eu/gbfs/2.2/mobi/en/free_bike_status.json,2026-07-02T20:05:31Z,2026-07-02T20:05:31Z
mobi_vancouver,mobi_vancouver_236bebed-a6b6-4914-9361-badb94ebb3c7,236bebed-a6b6-4914-9361-badb94ebb3c7,49.269361,-123.13782,1,FALSE,FALSE,19200,0066,1783022725,2026-07-02T20:05:32Z,2026-07-02T20:05:32Z,2026-07-02T20:05:23Z,2.2,https://gbfs.kappa.fifteen.eu/gbfs/2.2/mobi/en/gbfs.json,https://gbfs.kappa.fifteen.eu/gbfs/2.2/mobi/en/free_bike_status.json,2026-07-02T20:05:31Z,2026-07-02T20:05:31Z
mobi_vancouver,mobi_vancouver_3e5a596e-91c9-46e7-b9fb-30f4c2b1a198,3e5a596e-91c9-46e7-b9fb-30f4c2b1a198,49.269361,-123.13782,1,FALSE,FALSE,19200,0066,1783022725,2026-07-02T20:05:32Z,2026-07-02T20:05:32Z,2026-07-02T20:05:23Z,2.2,https://gbfs.kappa.fifteen.eu/gbfs/2.2/mobi/en/gbfs.json,https://gbfs.kappa.fifteen.eu/gbfs/2.2/mobi/en/free_bike_status.json,2026-07-02T20:05:31Z,2026-07-02T20:05:31Z
mobi_vancouver,mobi_vancouver_8460cc16-48c1-4825-88f4-ff518c26ffef,8460cc16-48c1-4825-88f4-ff518c26ffef,49.273833,-123.114373,1,FALSE,FALSE,19200,0057,1783022725,2026-07-02T20:05:32Z,2026-07-02T20:05:32Z,2026-07-02T20:05:23Z,2.2,https://gbfs.kappa.fifteen.eu/gbfs/2.2/mobi/en/gbfs.json,https://gbfs.kappa.fifteen.eu/gbfs/2.2/mobi/en/free_bike_status.json,2026-07-02T20:05:31Z,2026-07-02T20:05:31Z
mobi_vancouver,mobi_vancouver_b7a0f09b-ebae-4302-b640-d67eacc46f8e,b7a0f09b-ebae-4302-b640-d67eacc46f8e,49.273833,-123.114373,1,FALSE,FALSE,19200,0057,1783022725,2026-07-02T20:05:32Z,2026-07-02T20:05:32Z,2026-07-02T20:05:23Z,2.2,https://gbfs.kappa.fifteen.eu/gbfs/2.2/mobi/en/gbfs.json,https://gbfs.kappa.fifteen.eu/gbfs/2.2/mobi/en/free_bike_status.json,2026-07-02T20:05:31Z,2026-07-02T20:05:31Z
mobi_vancouver,mobi_vancouver_2feae71f-18b6-4f43-92db-dff69b3ad0f9,2feae71f-18b6-4f43-92db-dff69b3ad0f9,49.279821,-123.10802,1,FALSE,FALSE,19200,0053,1783022725,2026-07-02T20:05:32Z,2026-07-02T20:05:32Z,2026-07-02T20:05:23Z,2.2,https://gbfs.kappa.fifteen.eu/gbfs/2.2/mobi/en/gbfs.json,https://gbfs.kappa.fifteen.eu/gbfs/2.2/mobi/en/free_bike_status.json,2026-07-02T20:05:31Z,2026-07-02T20:05:31Z
mobi_vancouver,mobi_vancouver_81d84139-a38d-4b7a-8bcf-5715f07fd394,81d84139-a38d-4b7a-8bcf-5715f07fd394,49.265605,-123.152566,1,FALSE,FALSE,19200,0109,1783022725,2026-07-02T20:05:32Z,2026-07-02T20:05:32Z,2026-07-02T20:05:23Z,2.2,https://gbfs.kappa.fifteen.eu/gbfs/2.2/mobi/en/gbfs.json,https://gbfs.kappa.fifteen.eu/gbfs/2.2/mobi/en/free_bike_status.json,2026-07-02T20:05:31Z,2026-07-02T20:05:31Z
mobi_vancouver,mobi_vancouver_5f893ceb-42ae-48ba-97d1-ae5a5d150f68,5f893ceb-42ae-48ba-97d1-ae5a5d150f68,49.280216,-123.117639,1,FALSE,FALSE,19200,0129,1783022725,2026-07-02T20:05:32Z,2026-07-02T20:05:32Z,2026-07-02T20:05:23Z,2.2,https://gbfs.kappa.fifteen.eu/gbfs/2.2/mobi/en/gbfs.json,https://gbfs.kappa.fifteen.eu/gbfs/2.2/mobi/en/free_bike_status.json,2026-07-02T20:05:31Z,2026-07-02T20:05:31Z
mobi_vancouver,mobi_vancouver_32b9ccac-5a89-4199-9ec7-489985e06382,32b9ccac-5a89-4199-9ec7-489985e06382,49.276436,-123.11877,1,FALSE,FALSE,19200,0078,1783022725,2026-07-02T20:05:32Z,2026-07-02T20:05:32Z,2026-07-02T20:05:23Z,2.2,https://gbfs.kappa.fifteen.eu/gbfs/2.2/mobi/en/gbfs.json,https://gbfs.kappa.fifteen.eu/gbfs/2.2/mobi/en/free_bike_status.json,2026-07-02T20:05:31Z,2026-07-02T20:05:31Z
mobi_vancouver,mobi_vancouver_df035dec-e276-44e4-92bf-c0c90284ff01,df035dec-e276-44e4-92bf-c0c90284ff01,49.275717,-123.142564,1,FALSE,FALSE,19200,0077,1783022725,2026-07-02T20:05:32Z,2026-07-02T20:05:32Z,2026-07-02T20:05:23Z,2.2,https://gbfs.kappa.fifteen.eu/gbfs/2.2/mobi/en/gbfs.json,https://gbfs.kappa.fifteen.eu/gbfs/2.2/mobi/en/free_bike_status.json,2026-07-02T20:05:31Z,2026-07-02T20:05:31Z
mobi_vancouver,mobi_vancouver_a6fa2dfd-18b6-4baf-9ed0-3f98a456c4af,a6fa2dfd-18b6-4baf-9ed0-3f98a456c4af,49.266724,-123.104824,1,FALSE,FALSE,19200,0073,1783022725,2026-07-02T20:05:32Z,2026-07-02T20:05:32Z,2026-07-02T20:05:23Z,2.2,https://gbfs.kappa.fifteen.eu/gbfs/2.2/mobi/en/gbfs.json,https://gbfs.kappa.fifteen.eu/gbfs/2.2/mobi/en/free_bike_status.json,2026-07-02T20:05:31Z,2026-07-02T20:05:31Z
mobi_vancouver,mobi_vancouver_9a6ed650-84a6-4237-b1f3-b4885b54bb1a,9a6ed650-84a6-4237-b1f3-b4885b54bb1a,49.291909,-123.140713,1,FALSE,FALSE,19200,0092,1783022725,2026-07-02T20:05:32Z,2026-07-02T20:05:32Z,2026-07-02T20:05:23Z,2.2,https://gbfs.kappa.fifteen.eu/gbfs/2.2/mobi/en/gbfs.json,https://gbfs.kappa.fifteen.eu/gbfs/2.2/mobi/en/free_bike_status.json,2026-07-02T20:05:31Z,2026-07-02T20:05:31Z
mobi_vancouver,mobi_vancouver_5353f15d-b9b4-436e-8aa5-70ee2f958918,5353f15d-b9b4-436e-8aa5-70ee2f958918,49.287097,-123.118551,1,FALSE,FALSE,19200,0016,1783022725,2026-07-02T20:05:32Z,2026-07-02T20:05:32Z,2026-07-02T20:05:23Z,2.2,https://gbfs.kappa.fifteen.eu/gbfs/2.2/mobi/en/gbfs.json,https://gbfs.kappa.fifteen.eu/gbfs/2.2/mobi/en/free_bike_status.json,2026-07-02T20:05:31Z,2026-07-02T20:05:31Z
mobi_vancouver,mobi_vancouver_9f56e665-4d83-41fa-9225-87a6ad762637,9f56e665-4d83-41fa-9225-87a6ad762637,49.287097,-123.118551,1,FALSE,FALSE,19200,0016,1783022725,2026-07-02T20:05:32Z,2026-07-02T20:05:32Z,2026-07-02T20:05:23Z,2.2,https://gbfs.kappa.fifteen.eu/gbfs/2.2/mobi/en/gbfs.json,https://gbfs.kappa.fifteen.eu/gbfs/2.2/mobi/en/free_bike_status.json,2026-07-02T20:05:31Z,2026-07-02T20:05:31Z
mobi_vancouver,mobi_vancouver_33da63b3-73dc-44c8-8198-10904b2f1c38,33da63b3-73dc-44c8-8198-10904b2f1c38,49.269969,-123.109623,1,FALSE,FALSE,19200,0173,1783022725,2026-07-02T20:05:32Z,2026-07-02T20:05:32Z,2026-07-02T20:05:23Z,2.2,https://gbfs.kappa.fifteen.eu/gbfs/2.2/mobi/en/gbfs.json,https://gbfs.kappa.fifteen.eu/gbfs/2.2/mobi/en/free_bike_status.json,2026-07-02T20:05:31Z,2026-07-02T20:05:31Z
mobi_vancouver,mobi_vancouver_701cf505-dc8e-497e-8b61-3f73e079a8db,701cf505-dc8e-497e-8b61-3f73e079a8db,49.256825,-123.105234,1,FALSE,FALSE,19200,0133,1783022725,2026-07-02T20:05:32Z,2026-07-02T20:05:32Z,2026-07-02T20:05:23Z,2.2,https://gbfs.kappa.fifteen.eu/gbfs/2.2/mobi/en/gbfs.json,https://gbfs.kappa.fifteen.eu/gbfs/2.2/mobi/en/free_bike_status.json,2026-07-02T20:05:31Z,2026-07-02T20:05:31Z
mobi_vancouver,mobi_vancouver_f8b77e98-a3f5-4fbe-a79d-47bc9360e4b7,f8b77e98-a3f5-4fbe-a79d-47bc9360e4b7,49.270721,-123.146175,1,FALSE,FALSE,19200,0108,1783022725,2026-07-02T20:05:32Z,2026-07-02T20:05:32Z,2026-07-02T20:05:23Z,2.2,https://gbfs.kappa.fifteen.eu/gbfs/2.2/mobi/en/gbfs.json,https://gbfs.kappa.fifteen.eu/gbfs/2.2/mobi/en/free_bike_status.json,2026-07-02T20:05:31Z,2026-07-02T20:05:31Z
mobi_vancouver,mobi_vancouver_6f238021-658e-4df4-afc2-da4ca9353989,6f238021-658e-4df4-afc2-da4ca9353989,49.262206,-123.109091,1,FALSE,FALSE,19200,0172,1783022725,2026-07-02T20:05:32Z,2026-07-02T20:05:32Z,2026-07-02T20:05:23Z,2.2,https://gbfs.kappa.fifteen.eu/gbfs/2.2/mobi/en/gbfs.json,https://gbfs.kappa.fifteen.eu/gbfs/2.2/mobi/en/free_bike_status.json,2026-07-02T20:05:31Z,2026-07-02T20:05:31Z
mobi_vancouver,mobi_vancouver_3a0aafd7-2723-4a9d-8e1a-3795f76ddcf3,3a0aafd7-2723-4a9d-8e1a-3795f76ddcf3,49.271741,-123.155421,1,FALSE,FALSE,19200,0204,1783022725,2026-07-02T20:05:32Z,2026-07-02T20:05:32Z,2026-07-02T20:05:23Z,2.2,https://gbfs.kappa.fifteen.eu/gbfs/2.2/mobi/en/gbfs.json,https://gbfs.kappa.fifteen.eu/gbfs/2.2/mobi/en/free_bike_status.json,2026-07-02T20:05:31Z,2026-07-02T20:05:31Z
mobi_vancouver,mobi_vancouver_9bb4683c-386d-4922-bd4f-29e2f54b5719,9bb4683c-386d-4922-bd4f-29e2f54b5719,49.262822,-123.14338,1,FALSE,FALSE,19200,0205,1783022725,2026-07-02T20:05:32Z,2026-07-02T20:05:32Z,2026-07-02T20:05:23Z,2.2,https://gbfs.kappa.fifteen.eu/gbfs/2.2/mobi/en/gbfs.json,https://gbfs.kappa.fifteen.eu/gbfs/2.2/mobi/en/free_bike_status.json,2026-07-02T20:05:31Z,2026-07-02T20:05:31Z
mobi_vancouver,mobi_vancouver_7ccaa3f8-feec-4d2f-9595-76b19b542795,7ccaa3f8-feec-4d2f-9595-76b19b542795,49.277595,-123.09583,1,FALSE,FALSE,19200,0212,1783022725,2026-07-02T20:05:32Z,2026-07-02T20:05:32Z,2026-07-02T20:05:23Z,2.2,https://gbfs.kappa.fifteen.eu/gbfs/2.2/mobi/en/gbfs.json,https://gbfs.kappa.fifteen.eu/gbfs/2.2/mobi/en/free_bike_status.json,2026-07-02T20:05:31Z,2026-07-02T20:05:31Z
mobi_vancouver,mobi_vancouver_25294970-090b-43b1-9523-6622167283ba,25294970-090b-43b1-9523-6622167283ba,49.283227,-123.120523,1,FALSE,FALSE,19200,0099,1783022725,2026-07-02T20:05:32Z,2026-07-02T20:05:32Z,2026-07-02T20:05:23Z,2.2,https://gbfs.kappa.fifteen.eu/gbfs/2.2/mobi/en/gbfs.json,https://gbfs.kappa.fifteen.eu/gbfs/2.2/mobi/en/free_bike_status.json,2026-07-02T20:05:31Z,2026-07-02T20:05:31Z
mobi_vancouver,mobi_vancouver_0e5cbc29-e181-4929-a5d0-1cdeb9183545,0e5cbc29-e181-4929-a5d0-1cdeb9183545,49.267628,-123.127698,1,FALSE,FALSE,19200,0143,1783022725,2026-07-02T20:05:32Z,2026-07-02T20:05:32Z,2026-07-02T20:05:23Z,2.2,https://gbfs.kappa.fifteen.eu/gbfs/2.2/mobi/en/gbfs.json,https://gbfs.kappa.fifteen.eu/gbfs/2.2/mobi/en/free_bike_status.json,2026-07-02T20:05:31Z,2026-07-02T20:05:31Z
mobi_vancouver,mobi_vancouver_00ef84fa-714d-479d-903c-22452aaac514,00ef84fa-714d-479d-903c-22452aaac514,49.261403,-123.070102,1,FALSE,FALSE,19200,0244,1783022725,2026-07-02T20:05:32Z,2026-07-02T20:05:32Z,2026-07-02T20:05:23Z,2.2,https://gbfs.kappa.fifteen.eu/gbfs/2.2/mobi/en/gbfs.json,https://gbfs.kappa.fifteen.eu/gbfs/2.2/mobi/en/free_bike_status.json,2026-07-02T20:05:31Z,2026-07-02T20:05:31Z
mobi_vancouver,mobi_vancouver_69ba941b-7460-443f-a3bf-c5643618e24d,69ba941b-7460-443f-a3bf-c5643618e24d,49.268616,-123.069908,1,FALSE,FALSE,19200,0240,1783022725,2026-07-02T20:05:32Z,2026-07-02T20:05:32Z,2026-07-02T20:05:23Z,2.2,https://gbfs.kappa.fifteen.eu/gbfs/2.2/mobi/en/gbfs.json,https://gbfs.kappa.fifteen.eu/gbfs/2.2/mobi/en/free_bike_status.json,2026-07-02T20:05:31Z,2026-07-02T20:05:31Z
mobi_vancouver,mobi_vancouver_c169fb0d-510e-46b1-8d61-cd2b26e3a03e,c169fb0d-510e-46b1-8d61-cd2b26e3a03e,49.277665,-123.073653,1,FALSE,FALSE,19200,0222,1783022725,2026-07-02T20:05:32Z,2026-07-02T20:05:32Z,2026-07-02T20:05:23Z,2.2,https://gbfs.kappa.fifteen.eu/gbfs/2.2/mobi/en/gbfs.json,https://gbfs.kappa.fifteen.eu/gbfs/2.2/mobi/en/free_bike_status.json,2026-07-02T20:05:31Z,2026-07-02T20:05:31Z
mobi_vancouver,mobi_vancouver_8bfe14c8-c28b-480d-952a-94fbc92af6fb,8bfe14c8-c28b-480d-952a-94fbc92af6fb,49.287782,-123.12395,1,FALSE,FALSE,19200,0190,1783022725,2026-07-02T20:05:32Z,2026-07-02T20:05:32Z,2026-07-02T20:05:23Z,2.2,https://gbfs.kappa.fifteen.eu/gbfs/2.2/mobi/en/gbfs.json,https://gbfs.kappa.fifteen.eu/gbfs/2.2/mobi/en/free_bike_status.json,2026-07-02T20:05:31Z,2026-07-02T20:05:31Z
mobi_vancouver,mobi_vancouver_5feba112-7eca-40fa-bf35-36dd8d23e265,5feba112-7eca-40fa-bf35-36dd8d23e265,49.287782,-123.12395,1,FALSE,FALSE,19200,0190,1783022725,2026-07-02T20:05:32Z,2026-07-02T20:05:32Z,2026-07-02T20:05:23Z,2.2,https://gbfs.kappa.fifteen.eu/gbfs/2.2/mobi/en/gbfs.json,https://gbfs.kappa.fifteen.eu/gbfs/2.2/mobi/en/free_bike_status.json,2026-07-02T20:05:31Z,2026-07-02T20:05:31Z
mobi_vancouver,mobi_vancouver_c3d41502-ca62-4ea1-b772-fa0780be5f0e,c3d41502-ca62-4ea1-b772-fa0780be5f0e,49.287782,-123.12395,1,FALSE,FALSE,19200,0190,1783022725,2026-07-02T20:05:32Z,2026-07-02T20:05:32Z,2026-07-02T20:05:23Z,2.2,https://gbfs.kappa.fifteen.eu/gbfs/2.2/mobi/en/gbfs.json,https://gbfs.kappa.fifteen.eu/gbfs/2.2/mobi/en/free_bike_status.json,2026-07-02T20:05:31Z,2026-07-02T20:05:31Z
mobi_vancouver,mobi_vancouver_cb6f7d53-7444-41bf-aee6-6a8a1b7968b0,cb6f7d53-7444-41bf-aee6-6a8a1b7968b0,49.283992,-123.091206,1,FALSE,FALSE,19200,0230,1783022725,2026-07-02T20:05:32Z,2026-07-02T20:05:32Z,2026-07-02T20:05:23Z,2.2,https://gbfs.kappa.fifteen.eu/gbfs/2.2/mobi/en/gbfs.json,https://gbfs.kappa.fifteen.eu/gbfs/2.2/mobi/en/free_bike_status.json,2026-07-02T20:05:31Z,2026-07-02T20:05:31Z
mobi_vancouver,mobi_vancouver_afa6bae7-66c1-42b9-8d49-8ffbc68f94ce,afa6bae7-66c1-42b9-8d49-8ffbc68f94ce,49.283992,-123.091206,1,FALSE,FALSE,19200,0230,1783022725,2026-07-02T20:05:32Z,2026-07-02T20:05:32Z,2026-07-02T20:05:23Z,2.2,https://gbfs.kappa.fifteen.eu/gbfs/2.2/mobi/en/gbfs.json,https://gbfs.kappa.fifteen.eu/gbfs/2.2/mobi/en/free_bike_status.json,2026-07-02T20:05:31Z,2026-07-02T20:05:31Z
mobi_vancouver,mobi_vancouver_92219248-cedd-4bab-94e3-2afc42fa8dbb,92219248-cedd-4bab-94e3-2afc42fa8dbb,49.279369,-123.091241,1,FALSE,FALSE,19200,0229,1783022725,2026-07-02T20:05:32Z,2026-07-02T20:05:32Z,2026-07-02T20:05:23Z,2.2,https://gbfs.kappa.fifteen.eu/gbfs/2.2/mobi/en/gbfs.json,https://gbfs.kappa.fifteen.eu/gbfs/2.2/mobi/en/free_bike_status.json,2026-07-02T20:05:31Z,2026-07-02T20:05:31Z
mobi_vancouver,mobi_vancouver_91c39e75-3378-420d-8744-23565fc26a1b,91c39e75-3378-420d-8744-23565fc26a1b,49.275882,-123.071865,1,FALSE,FALSE,19200,0232,1783022725,2026-07-02T20:05:32Z,2026-07-02T20:05:32Z,2026-07-02T20:05:23Z,2.2,https://gbfs.kappa.fifteen.eu/gbfs/2.2/mobi/en/gbfs.json,https://gbfs.kappa.fifteen.eu/gbfs/2.2/mobi/en/free_bike_status.json,2026-07-02T20:05:31Z,2026-07-02T20:05:31Z
mobi_vancouver,mobi_vancouver_b6b2c528-94c9-411e-8dbf-1fb82042de12,b6b2c528-94c9-411e-8dbf-1fb82042de12,49.275882,-123.071865,1,FALSE,FALSE,19200,0232,1783022725,2026-07-02T20:05:32Z,2026-07-02T20:05:32Z,2026-07-02T20:05:23Z,2.2,https://gbfs.kappa.fifteen.eu/gbfs/2.2/mobi/en/gbfs.json,https://gbfs.kappa.fifteen.eu/gbfs/2.2/mobi/en/free_bike_status.json,2026-07-02T20:05:31Z,2026-07-02T20:05:31Z
mobi_vancouver,mobi_vancouver_24116b0e-82ae-4c14-8dfe-a8d9b8a28e0c,24116b0e-82ae-4c14-8dfe-a8d9b8a28e0c,49.28567,-123.112543,1,FALSE,FALSE,19200,0021,1783022725,2026-07-02T20:05:32Z,2026-07-02T20:05:32Z,2026-07-02T20:05:23Z,2.2,https://gbfs.kappa.fifteen.eu/gbfs/2.2/mobi/en/gbfs.json,https://gbfs.kappa.fifteen.eu/gbfs/2.2/mobi/en/free_bike_status.json,2026-07-02T20:05:31Z,2026-07-02T20:05:31Z
mobi_vancouver,mobi_vancouver_bc38c723-7873-49d0-9fe0-f5146c0374aa,bc38c723-7873-49d0-9fe0-f5146c0374aa,49.264466,-123.085183,1,FALSE,FALSE,19200,0266,1783022725,2026-07-02T20:05:32Z,2026-07-02T20:05:32Z,2026-07-02T20:05:23Z,2.2,https://gbfs.kappa.fifteen.eu/gbfs/2.2/mobi/en/gbfs.json,https://gbfs.kappa.fifteen.eu/gbfs/2.2/mobi/en/free_bike_status.json,2026-07-02T20:05:31Z,2026-07-02T20:05:31Z
mobi_vancouver,mobi_vancouver_053ec196-9673-4081-a27b-8bf51a03eb42,053ec196-9673-4081-a27b-8bf51a03eb42,49.267266,-123.090786,1,FALSE,FALSE,19200,0287,1783022725,2026-07-02T20:05:32Z,2026-07-02T20:05:32Z,2026-07-02T20:05:23Z,2.2,https://gbfs.kappa.fifteen.eu/gbfs/2.2/mobi/en/gbfs.json,https://gbfs.kappa.fifteen.eu/gbfs/2.2/mobi/en/free_bike_status.json,2026-07-02T20:05:31Z,2026-07-02T20:05:31Z
mobi_vancouver,mobi_vancouver_dd05c8af-82fb-443f-a4f1-166418f907ee,dd05c8af-82fb-443f-a4f1-166418f907ee,49.2731,-123.0732,1,FALSE,FALSE,19200,0253,1783022725,2026-07-02T20:05:32Z,2026-07-02T20:05:32Z,2026-07-02T20:05:23Z,2.2,https://gbfs.kappa.fifteen.eu/gbfs/2.2/mobi/en/gbfs.json,https://gbfs.kappa.fifteen.eu/gbfs/2.2/mobi/en/free_bike_status.json,2026-07-02T20:05:31Z,2026-07-02T20:05:31Z
mobi_vancouver,mobi_vancouver_dc6a5cc5-894b-4104-8f1d-cd84e1243db4,dc6a5cc5-894b-4104-8f1d-cd84e1243db4,49.273103,-123.069892,1,FALSE,FALSE,19200,0225,1783022725,2026-07-02T20:05:32Z,2026-07-02T20:05:32Z,2026-07-02T20:05:23Z,2.2,https://gbfs.kappa.fifteen.eu/gbfs/2.2/mobi/en/gbfs.json,https://gbfs.kappa.fifteen.eu/gbfs/2.2/mobi/en/free_bike_status.json,2026-07-02T20:05:31Z,2026-07-02T20:05:31Z
mobi_vancouver,mobi_vancouver_3b78d040-32cb-4c6d-90f5-7423709ce2e7,3b78d040-32cb-4c6d-90f5-7423709ce2e7,49.280427,-123.074082,1,FALSE,FALSE,19200,0225,1783022725,2026-07-02T20:05:32Z,2026-07-02T20:05:32Z,2026-07-02T20:05:23Z,2.2,https://gbfs.kappa.fifteen.eu/gbfs/2.2/mobi/en/gbfs.json,https://gbfs.kappa.fifteen.eu/gbfs/2.2/mobi/en/free_bike_status.json,2026-07-02T20:05:31Z,2026-07-02T20:05:31Z
mobi_vancouver,mobi_vancouver_38eaa2c3-fc0f-46ac-805c-2f8b0ef5df43,38eaa2c3-fc0f-46ac-805c-2f8b0ef5df43,49.277333,-123.087359,1,FALSE,FALSE,19200,0219,1783022725,2026-07-02T20:05:32Z,2026-07-02T20:05:32Z,2026-07-02T20:05:23Z,2.2,https://gbfs.kappa.fifteen.eu/gbfs/2.2/mobi/en/gbfs.json,https://gbfs.kappa.fifteen.eu/gbfs/2.2/mobi/en/free_bike_status.json,2026-07-02T20:05:31Z,2026-07-02T20:05:31Z
mobi_vancouver,mobi_vancouver_e21a52f2-2d1b-4e3c-b72b-f30e36b19c15,e21a52f2-2d1b-4e3c-b72b-f30e36b19c15,49.284893,-123.128685,1,FALSE,FALSE,19200,0300,1783022725,2026-07-02T20:05:32Z,2026-07-02T20:05:32Z,2026-07-02T20:05:23Z,2.2,https://gbfs.kappa.fifteen.eu/gbfs/2.2/mobi/en/gbfs.json,https://gbfs.kappa.fifteen.eu/gbfs/2.2/mobi/en/free_bike_status.json,2026-07-02T20:05:31Z,2026-07-02T20:05:31Z
mobi_vancouver,mobi_vancouver_1160a5cc-cd31-46a2-9aa8-99e0a0e2233a,1160a5cc-cd31-46a2-9aa8-99e0a0e2233a,49.263962,-123.112621,1,FALSE,FALSE,19200,0170,1783022725,2026-07-02T20:05:32Z,2026-07-02T20:05:32Z,2026-07-02T20:05:23Z,2.2,https://gbfs.kappa.fifteen.eu/gbfs/2.2/mobi/en/gbfs.json,https://gbfs.kappa.fifteen.eu/gbfs/2.2/mobi/en/free_bike_status.json,2026-07-02T20:05:31Z,2026-07-02T20:05:31Z
mobi_vancouver,mobi_vancouver_1bddecdd-2994-4a75-a091-9b015c43906c,1bddecdd-2994-4a75-a091-9b015c43906c,49.267725,-123.11311,1,FALSE,FALSE,19200,0144,1783022725,2026-07-02T20:05:32Z,2026-07-02T20:05:32Z,2026-07-02T20:05:23Z,2.2,https://gbfs.kappa.fifteen.eu/gbfs/2.2/mobi/en/gbfs.json,https://gbfs.kappa.fifteen.eu/gbfs/2.2/mobi/en/free_bike_status.json,2026-07-02T20:05:31Z,2026-07-02T20:05:31Z
mobi_vancouver,mobi_vancouver_2e3443b4-23e7-4ddc-a79c-eeee1f5f3b54,2e3443b4-23e7-4ddc-a79c-eeee1f5f3b54,49.272969,-123.164325,1,FALSE,FALSE,19200,0460,1783022725,2026-07-02T20:05:32Z,2026-07-02T20:05:32Z,2026-07-02T20:05:23Z,2.2,https://gbfs.kappa.fifteen.eu/gbfs/2.2/mobi/en/gbfs.json,https://gbfs.kappa.fifteen.eu/gbfs/2.2/mobi/en/free_bike_status.json,2026-07-02T20:05:31Z,2026-07-02T20:05:31Z
mobi_vancouver,mobi_vancouver_b157010d-4ee2-4540-a639-ac658f651029,b157010d-4ee2-4540-a639-ac658f651029,49.264928,-123.168068,1,FALSE,FALSE,19200,0452,1783022725,2026-07-02T20:05:32Z,2026-07-02T20:05:32Z,2026-07-02T20:05:23Z,2.2,https://gbfs.kappa.fifteen.eu/gbfs/2.2/mobi/en/gbfs.json,https://gbfs.kappa.fifteen.eu/gbfs/2.2/mobi/en/free_bike_status.json,2026-07-02T20:05:31Z,2026-07-02T20:05:31Z
mobi_vancouver,mobi_vancouver_dc8a8416-06b6-477d-afe2-fa90a84d1abc,dc8a8416-06b6-477d-afe2-fa90a84d1abc,49.252691,-123.101289,1,FALSE,FALSE,19200,0561,1783022725,2026-07-02T20:05:32Z,2026-07-02T20:05:32Z,2026-07-02T20:05:23Z,2.2,https://gbfs.kappa.fifteen.eu/gbfs/2.2/mobi/en/gbfs.json,https://gbfs.kappa.fifteen.eu/gbfs/2.2/mobi/en/free_bike_status.json,2026-07-02T20:05:31Z,2026-07-02T20:05:31Z
mobi_vancouver,mobi_vancouver_96cdf56d-6cfa-4ad6-b905-3a899e946deb,96cdf56d-6cfa-4ad6-b905-3a899e946deb,49.274232,-123.129998,1,FALSE,FALSE,19200,0314,1783022725,2026-07-02T20:05:32Z,2026-07-02T20:05:32Z,2026-07-02T20:05:23Z,2.2,https://gbfs.kappa.fifteen.eu/gbfs/2.2/mobi/en/gbfs.json,https://gbfs.kappa.fifteen.eu/gbfs/2.2/mobi/en/free_bike_status.json,2026-07-02T20:05:31Z,2026-07-02T20:05:31Z
mobi_vancouver,mobi_vancouver_9ed5062b-5eb7-41b5-9424-f0e4161e1198,9ed5062b-5eb7-41b5-9424-f0e4161e1198,49.243375,-123.104978,1,FALSE,FALSE,19200,0557,1783022725,2026-07-02T20:05:32Z,2026-07-02T20:05:32Z,2026-07-02T20:05:23Z,2.2,https://gbfs.kappa.fifteen.eu/gbfs/2.2/mobi/en/gbfs.json,https://gbfs.kappa.fifteen.eu/gbfs/2.2/mobi/en/free_bike_status.json,2026-07-02T20:05:31Z,2026-07-02T20:05:31Z
mobi_vancouver,mobi_vancouver_9ec49394-e6aa-4be2-8569-d95755fb1322,9ec49394-e6aa-4be2-8569-d95755fb1322,49.285575,-123.061575,1,FALSE,FALSE,19200,0621,1783022725,2026-07-02T20:05:32Z,2026-07-02T20:05:32Z,2026-07-02T20:05:23Z,2.2,https://gbfs.kappa.fifteen.eu/gbfs/2.2/mobi/en/gbfs.json,https://gbfs.kappa.fifteen.eu/gbfs/2.2/mobi/en/free_bike_status.json,2026-07-02T20:05:31Z,2026-07-02T20:05:31Z
mobi_vancouver,mobi_vancouver_489c026a-ba49-4ac7-906f-771e77a980c0,489c026a-ba49-4ac7-906f-771e77a980c0,49.285575,-123.061575,1,FALSE,FALSE,19200,0621,1783022725,2026-07-02T20:05:32Z,2026-07-02T20:05:32Z,2026-07-02T20:05:23Z,2.2,https://gbfs.kappa.fifteen.eu/gbfs/2.2/mobi/en/gbfs.json,https://gbfs.kappa.fifteen.eu/gbfs/2.2/mobi/en/free_bike_status.json,2026-07-02T20:05:31Z,2026-07-02T20:05:31Z
mobi_vancouver,mobi_vancouver_5b10a58d-89e6-439a-a78f-3a0bd8fb8553,5b10a58d-89e6-439a-a78f-3a0bd8fb8553,49.251358,-123.115637,1,FALSE,FALSE,19200,0532,1783022725,2026-07-02T20:05:32Z,2026-07-02T20:05:32Z,2026-07-02T20:05:23Z,2.2,https://gbfs.kappa.fifteen.eu/gbfs/2.2/mobi/en/gbfs.json,https://gbfs.kappa.fifteen.eu/gbfs/2.2/mobi/en/free_bike_status.json,2026-07-02T20:05:31Z,2026-07-02T20:05:31Z
mobi_vancouver,mobi_vancouver_316d7078-6186-4350-8c0f-a9d8a3771f6b,316d7078-6186-4350-8c0f-a9d8a3771f6b,49.27751,-123.061429,1,FALSE,FALSE,19200,0617,1783022725,2026-07-02T20:05:32Z,2026-07-02T20:05:32Z,2026-07-02T20:05:23Z,2.2,https://gbfs.kappa.fifteen.eu/gbfs/2.2/mobi/en/gbfs.json,https://gbfs.kappa.fifteen.eu/gbfs/2.2/mobi/en/free_bike_status.json,2026-07-02T20:05:31Z,2026-07-02T20:05:31Z
mobi_vancouver,mobi_vancouver_f8dee746-d726-435e-b22e-99e30de7bc3e,f8dee746-d726-435e-b22e-99e30de7bc3e,49.25976,-123.2479,1,FALSE,FALSE,19200,2127,1783022725,2026-07-02T20:05:32Z,2026-07-02T20:05:32Z,2026-07-02T20:05:23Z,2.2,https://gbfs.kappa.fifteen.eu/gbfs/2.2/mobi/en/gbfs.json,https://gbfs.kappa.fifteen.eu/gbfs/2.2/mobi/en/free_bike_status.json,2026-07-02T20:05:31Z,2026-07-02T20:05:31Z
mobi_vancouver,mobi_vancouver_a1a2b55e-55bc-4afe-8134-0f883f1799e8,a1a2b55e-55bc-4afe-8134-0f883f1799e8,49.28668,-123.04457,1,FALSE,FALSE,19200,0643,1783022725,2026-07-02T20:05:32Z,2026-07-02T20:05:32Z,2026-07-02T20:05:23Z,2.2,https://gbfs.kappa.fifteen.eu/gbfs/2.2/mobi/en/gbfs.json,https://gbfs.kappa.fifteen.eu/gbfs/2.2/mobi/en/free_bike_status.json,2026-07-02T20:05:31Z,2026-07-02T20:05:31Z
mobi_vancouver,mobi_vancouver_895aa79d-d677-4019-a0d7-76d2cf21148f,895aa79d-d677-4019-a0d7-76d2cf21148f,49.282409,-123.118541,1,FALSE,FALSE,19600,0015,1783022725,2026-07-02T20:05:32Z,2026-07-02T20:05:32Z,2026-07-02T20:05:23Z,2.2,https://gbfs.kappa.fifteen.eu/gbfs/2.2/mobi/en/gbfs.json,https://gbfs.kappa.fifteen.eu/gbfs/2.2/mobi/en/free_bike_status.json,2026-07-02T20:05:31Z,2026-07-02T20:05:31Z
mobi_vancouver,mobi_vancouver_81082724-b0f8-4759-8a3f-7b9a7459416a,81082724-b0f8-4759-8a3f-7b9a7459416a,49.28602,-123.116624,1,FALSE,FALSE,19600,0024,1783022725,2026-07-02T20:05:32Z,2026-07-02T20:05:32Z,2026-07-02T20:05:23Z,2.2,https://gbfs.kappa.fifteen.eu/gbfs/2.2/mobi/en/gbfs.json,https://gbfs.kappa.fifteen.eu/gbfs/2.2/mobi/en/free_bike_status.json,2026-07-02T20:05:31Z,2026-07-02T20:05:31Z
mobi_vancouver,mobi_vancouver_96815885-e5e6-472a-9462-ea86201174ff,96815885-e5e6-472a-9462-ea86201174ff,49.28602,-123.116624,1,FALSE,FALSE,19600,0024,1783022725,2026-07-02T20:05:32Z,2026-07-02T20:05:32Z,2026-07-02T20:05:23Z,2.2,https://gbfs.kappa.fifteen.eu/gbfs/2.2/mobi/en/gbfs.json,https://gbfs.kappa.fifteen.eu/gbfs/2.2/mobi/en/free_bike_status.json,2026-07-02T20:05:31Z,2026-07-02T20:05:31Z
mobi_vancouver,mobi_vancouver_11b601c4-93ad-4ada-adde-56cc13b116b2,11b601c4-93ad-4ada-adde-56cc13b116b2,49.28602,-123.116624,1,FALSE,FALSE,19600,0024,1783022725,2026-07-02T20:05:32Z,2026-07-02T20:05:32Z,2026-07-02T20:05:23Z,2.2,https://gbfs.kappa.fifteen.eu/gbfs/2.2/mobi/en/gbfs.json,https://gbfs.kappa.fifteen.eu/gbfs/2.2/mobi/en/free_bike_status.json,2026-07-02T20:05:31Z,2026-07-02T20:05:31Z
mobi_vancouver,mobi_vancouver_ccaf42cb-59a8-4781-a010-34eddb8738c3,ccaf42cb-59a8-4781-a010-34eddb8738c3,49.28725,-123.11298,1,FALSE,FALSE,19600,0014,1783022725,2026-07-02T20:05:32Z,2026-07-02T20:05:32Z,2026-07-02T20:05:23Z,2.2,https://gbfs.kappa.fifteen.eu/gbfs/2.2/mobi/en/gbfs.json,https://gbfs.kappa.fifteen.eu/gbfs/2.2/mobi/en/free_bike_status.json,2026-07-02T20:05:31Z,2026-07-02T20:05:31Z
mobi_vancouver,mobi_vancouver_5fdf5ae6-bb89-4a97-a139-95ba4d7d414a,5fdf5ae6-bb89-4a97-a139-95ba4d7d414a,49.275679,-123.116963,1,FALSE,FALSE,19600,0027,1783022725,2026-07-02T20:05:32Z,2026-07-02T20:05:32Z,2026-07-02T20:05:23Z,2.2,https://gbfs.kappa.fifteen.eu/gbfs/2.2/mobi/en/gbfs.json,https://gbfs.kappa.fifteen.eu/gbfs/2.2/mobi/en/free_bike_status.json,2026-07-02T20:05:31Z,2026-07-02T20:05:31Z
mobi_vancouver,mobi_vancouver_d9d9aeb3-b589-4ad9-882b-1d19026dd46e,d9d9aeb3-b589-4ad9-882b-1d19026dd46e,49.28803,-123.142135,2,FALSE,FALSE,19600,0031,1783022725,2026-07-02T20:05:32Z,2026-07-02T20:05:32Z,2026-07-02T20:05:23Z,2.2,https://gbfs.kappa.fifteen.eu/gbfs/2.2/mobi/en/gbfs.json,https://gbfs.kappa.fifteen.eu/gbfs/2.2/mobi/en/free_bike_status.json,2026-07-02T20:05:31Z,2026-07-02T20:05:31Z
mobi_vancouver,mobi_vancouver_4e141c0c-eabf-4cb4-afeb-fe42571b4056,4e141c0c-eabf-4cb4-afeb-fe42571b4056,49.289255,-123.132677,1,FALSE,FALSE,19600,0041,1783022725,2026-07-02T20:05:32Z,2026-07-02T20:05:32Z,2026-07-02T20:05:23Z,2.2,https://gbfs.kappa.fifteen.eu/gbfs/2.2/mobi/en/gbfs.json,https://gbfs.kappa.fifteen.eu/gbfs/2.2/mobi/en/free_bike_status.json,2026-07-02T20:05:31Z,2026-07-02T20:05:31Z
mobi_vancouver,mobi_vancouver_1c8bee87-be66-4d83-b069-c52527ea3311,1c8bee87-be66-4d83-b069-c52527ea3311,49.265089,-123.119425,1,FALSE,FALSE,19600,0081,1783022725,2026-07-02T20:05:32Z,2026-07-02T20:05:32Z,2026-07-02T20:05:23Z,2.2,https://gbfs.kappa.fifteen.eu/gbfs/2.2/mobi/en/gbfs.json,https://gbfs.kappa.fifteen.eu/gbfs/2.2/mobi/en/free_bike_status.json,2026-07-02T20:05:31Z,2026-07-02T20:05:31Z
mobi_vancouver,mobi_vancouver_1142ad72-06e4-4f64-a13a-eea3385cbc77,1142ad72-06e4-4f64-a13a-eea3385cbc77,49.276436,-123.11877,1,FALSE,FALSE,19600,0078,1783022725,2026-07-02T20:05:32Z,2026-07-02T20:05:32Z,2026-07-02T20:05:23Z,2.2,https://gbfs.kappa.fifteen.eu/gbfs/2.2/mobi/en/gbfs.json,https://gbfs.kappa.fifteen.eu/gbfs/2.2/mobi/en/free_bike_status.json,2026-07-02T20:05:31Z,2026-07-02T20:05:31Z
mobi_vancouver,mobi_vancouver_928393f9-1f73-46f0-abc1-dd3165bac655,928393f9-1f73-46f0-abc1-dd3165bac655,49.266724,-123.104824,1,FALSE,FALSE,19600,0073,1783022725,2026-07-02T20:05:32Z,2026-07-02T20:05:32Z,2026-07-02T20:05:23Z,2.2,https://gbfs.kappa.fifteen.eu/gbfs/2.2/mobi/en/gbfs.json,https://gbfs.kappa.fifteen.eu/gbfs/2.2/mobi/en/free_bike_status.json,2026-07-02T20:05:31Z,2026-07-02T20:05:31Z
mobi_vancouver,mobi_vancouver_d155a010-2566-493d-ae01-d992bf635410,d155a010-2566-493d-ae01-d992bf635410,49.266724,-123.104824,1,FALSE,FALSE,19600,0073,1783022725,2026-07-02T20:05:32Z,2026-07-02T20:05:32Z,2026-07-02T20:05:23Z,2.2,https://gbfs.kappa.fifteen.eu/gbfs/2.2/mobi/en/gbfs.json,https://gbfs.kappa.fifteen.eu/gbfs/2.2/mobi/en/free_bike_status.json,2026-07-02T20:05:31Z,2026-07-02T20:05:31Z
mobi_vancouver,mobi_vancouver_834adbab-a873-4586-9fa4-b94ddb68cfef,834adbab-a873-4586-9fa4-b94ddb68cfef,49.291909,-123.140713,1,FALSE,FALSE,19600,0092,1783022725,2026-07-02T20:05:32Z,2026-07-02T20:05:32Z,2026-07-02T20:05:23Z,2.2,https://gbfs.kappa.fifteen.eu/gbfs/2.2/mobi/en/gbfs.json,https://gbfs.kappa.fifteen.eu/gbfs/2.2/mobi/en/free_bike_status.json,2026-07-02T20:05:31Z,2026-07-02T20:05:31Z
mobi_vancouver,mobi_vancouver_debb41af-6c1b-4d34-99ab-180a3f64ce29,debb41af-6c1b-4d34-99ab-180a3f64ce29,49.272827,-123.147744,1,FALSE,FALSE,19600,0065,1783022725,2026-07-02T20:05:32Z,2026-07-02T20:05:32Z,2026-07-02T20:05:23Z,2.2,https://gbfs.kappa.fifteen.eu/gbfs/2.2/mobi/en/gbfs.json,https://gbfs.kappa.fifteen.eu/gbfs/2.2/mobi/en/free_bike_status.json,2026-07-02T20:05:31Z,2026-07-02T20:05:31Z
mobi_vancouver,mobi_vancouver_1ac132ef-40dc-4076-be5d-369ad418bf49,1ac132ef-40dc-4076-be5d-369ad418bf49,49.272827,-123.147744,1,FALSE,FALSE,19600,0065,1783022725,2026-07-02T20:05:32Z,2026-07-02T20:05:32Z,2026-07-02T20:05:23Z,2.2,https://gbfs.kappa.fifteen.eu/gbfs/2.2/mobi/en/gbfs.json,https://gbfs.kappa.fifteen.eu/gbfs/2.2/mobi/en/free_bike_status.json,2026-07-02T20:05:31Z,2026-07-02T20:05:31Z
mobi_vancouver,mobi_vancouver_9683aa11-abe3-4033-a371-fd1b99beb0ec,9683aa11-abe3-4033-a371-fd1b99beb0ec,49.272827,-123.147744,1,FALSE,FALSE,19600,0065,1783022725,2026-07-02T20:05:32Z,2026-07-02T20:05:32Z,2026-07-02T20:05:23Z,2.2,https://gbfs.kappa.fifteen.eu/gbfs/2.2/mobi/en/gbfs.json,https://gbfs.kappa.fifteen.eu/gbfs/2.2/mobi/en/free_bike_status.json,2026-07-02T20:05:31Z,2026-07-02T20:05:31Z
mobi_vancouver,mobi_vancouver_b25b35d9-03da-4149-b194-82a6db53753e,b25b35d9-03da-4149-b194-82a6db53753e,49.293257,-123.138563,1,FALSE,FALSE,19600,0093,1783022725,2026-07-02T20:05:32Z,2026-07-02T20:05:32Z,2026-07-02T20:05:23Z,2.2,https://gbfs.kappa.fifteen.eu/gbfs/2.2/mobi/en/gbfs.json,https://gbfs.kappa.fifteen.eu/gbfs/2.2/mobi/en/free_bike_status.json,2026-07-02T20:05:31Z,2026-07-02T20:05:31Z
mobi_vancouver,mobi_vancouver_5e62f8b9-8f39-4101-9c92-973160bb5164,5e62f8b9-8f39-4101-9c92-973160bb5164,49.293257,-123.138563,1,FALSE,FALSE,19600,0093,1783022725,2026-07-02T20:05:32Z,2026-07-02T20:05:32Z,2026-07-02T20:05:23Z,2.2,https://gbfs.kappa.fifteen.eu/gbfs/2.2/mobi/en/gbfs.json,https://gbfs.kappa.fifteen.eu/gbfs/2.2/mobi/en/free_bike_status.json,2026-07-02T20:05:31Z,2026-07-02T20:05:31Z
mobi_vancouver,mobi_vancouver_11ffbf34-1a98-419f-9aeb-1129b7063bc6,11ffbf34-1a98-419f-9aeb-1129b7063bc6,49.287097,-123.118551,1,FALSE,FALSE,19600,0016,1783022725,2026-07-02T20:05:32Z,2026-07-02T20:05:32Z,2026-07-02T20:05:23Z,2.2,https://gbfs.kappa.fifteen.eu/gbfs/2.2/mobi/en/gbfs.json,https://gbfs.kappa.fifteen.eu/gbfs/2.2/mobi/en/free_bike_status.json,2026-07-02T20:05:31Z,2026-07-02T20:05:31Z
mobi_vancouver,mobi_vancouver_d1e4c374-f1aa-4e18-b3d6-9112ac742464,d1e4c374-f1aa-4e18-b3d6-9112ac742464,49.257654,-123.153212,2,FALSE,FALSE,19600,0113,1783022725,2026-07-02T20:05:32Z,2026-07-02T20:05:32Z,2026-07-02T20:05:23Z,2.2,https://gbfs.kappa.fifteen.eu/gbfs/2.2/mobi/en/gbfs.json,https://gbfs.kappa.fifteen.eu/gbfs/2.2/mobi/en/free_bike_status.json,2026-07-02T20:05:31Z,2026-07-02T20:05:31Z
mobi_vancouver,mobi_vancouver_b1957195-f044-4a09-9953-6300e37e3f09,b1957195-f044-4a09-9953-6300e37e3f09,49.256825,-123.105234,1,FALSE,FALSE,19600,0133,1783022725,2026-07-02T20:05:32Z,2026-07-02T20:05:32Z,2026-07-02T20:05:23Z,2.2,https://gbfs.kappa.fifteen.eu/gbfs/2.2/mobi/en/gbfs.json,https://gbfs.kappa.fifteen.eu/gbfs/2.2/mobi/en/free_bike_status.json,2026-07-02T20:05:31Z,2026-07-02T20:05:31Z
mobi_vancouver,mobi_vancouver_5e53cf6f-19c8-4c67-a9dd-f8e23e5aa3eb,5e53cf6f-19c8-4c67-a9dd-f8e23e5aa3eb,49.266476,-123.109389,1,FALSE,FALSE,19600,0165,1783022725,2026-07-02T20:05:32Z,2026-07-02T20:05:32Z,2026-07-02T20:05:23Z,2.2,https://gbfs.kappa.fifteen.eu/gbfs/2.2/mobi/en/gbfs.json,https://gbfs.kappa.fifteen.eu/gbfs/2.2/mobi/en/free_bike_status.json,2026-07-02T20:05:31Z,2026-07-02T20:05:31Z
mobi_vancouver,mobi_vancouver_97216efd-f80f-4df6-ba78-787f3b9e7ed6,97216efd-f80f-4df6-ba78-787f3b9e7ed6,49.266314,-123.116011,1,FALSE,FALSE,19600,0006,1783022725,2026-07-02T20:05:32Z,2026-07-02T20:05:32Z,2026-07-02T20:05:23Z,2.2,https://gbfs.kappa.fifteen.eu/gbfs/2.2/mobi/en/gbfs.json,https://gbfs.kappa.fifteen.eu/gbfs/2.2/mobi/en/free_bike_status.json,2026-07-02T20:05:31Z,2026-07-02T20:05:31Z
mobi_vancouver,mobi_vancouver_9b4663e0-fceb-4ef2-905a-4027670c0b20,9b4663e0-fceb-4ef2-905a-4027670c0b20,49.266314,-123.116011,1,FALSE,FALSE,19600,0006,1783022725,2026-07-02T20:05:32Z,2026-07-02T20:05:32Z,2026-07-02T20:05:23Z,2.2,https://gbfs.kappa.fifteen.eu/gbfs/2.2/mobi/en/gbfs.json,https://gbfs.kappa.fifteen.eu/gbfs/2.2/mobi/en/free_bike_status.json,2026-07-02T20:05:31Z,2026-07-02T20:05:31Z
mobi_vancouver,mobi_vancouver_835bbfde-831c-4c6e-b9d8-4d269f5ec0f2,835bbfde-831c-4c6e-b9d8-4d269f5ec0f2,49.276292,-123.150592,1,FALSE,FALSE,19600,0155,1783022725,2026-07-02T20:05:32Z,2026-07-02T20:05:32Z,2026-07-02T20:05:23Z,2.2,https://gbfs.kappa.fifteen.eu/gbfs/2.2/mobi/en/gbfs.json,https://gbfs.kappa.fifteen.eu/gbfs/2.2/mobi/en/free_bike_status.json,2026-07-02T20:05:31Z,2026-07-02T20:05:31Z
mobi_vancouver,mobi_vancouver_577204fa-4b01-48f6-857e-cd61e93f509c,577204fa-4b01-48f6-857e-cd61e93f509c,49.275938,-123.145939,1,FALSE,FALSE,19600,0147,1783022725,2026-07-02T20:05:32Z,2026-07-02T20:05:32Z,2026-07-02T20:05:23Z,2.2,https://gbfs.kappa.fifteen.eu/gbfs/2.2/mobi/en/gbfs.json,https://gbfs.kappa.fifteen.eu/gbfs/2.2/mobi/en/free_bike_status.json,2026-07-02T20:05:31Z,2026-07-02T20:05:31Z
mobi_vancouver,mobi_vancouver_a4e9a6e4-d8fa-4118-9275-b70ef655765a,a4e9a6e4-d8fa-4118-9275-b70ef655765a,49.262944,-123.148109,1,FALSE,FALSE,19600,0068,1783022725,2026-07-02T20:05:32Z,2026-07-02T20:05:32Z,2026-07-02T20:05:23Z,2.2,https://gbfs.kappa.fifteen.eu/gbfs/2.2/mobi/en/gbfs.json,https://gbfs.kappa.fifteen.eu/gbfs/2.2/mobi/en/free_bike_status.json,2026-07-02T20:05:31Z,2026-07-02T20:05:31Z
mobi_vancouver,mobi_vancouver_946aad11-4dba-456a-a064-977701f3f284,946aad11-4dba-456a-a064-977701f3f284,49.25849,-123.104799,1,FALSE,FALSE,19600,0132,1783022725,2026-07-02T20:05:32Z,2026-07-02T20:05:32Z,2026-07-02T20:05:23Z,2.2,https://gbfs.kappa.fifteen.eu/gbfs/2.2/mobi/en/gbfs.json,https://gbfs.kappa.fifteen.eu/gbfs/2.2/mobi/en/free_bike_status.json,2026-07-02T20:05:31Z,2026-07-02T20:05:31Z
mobi_vancouver,mobi_vancouver_f98d00bd-a04e-4327-991a-9936ad367995,f98d00bd-a04e-4327-991a-9936ad367995,49.294318,-123.148808,1,FALSE,FALSE,19600,0104,1783022725,2026-07-02T20:05:32Z,2026-07-02T20:05:32Z,2026-07-02T20:05:23Z,2.2,https://gbfs.kappa.fifteen.eu/gbfs/2.2/mobi/en/gbfs.json,https://gbfs.kappa.fifteen.eu/gbfs/2.2/mobi/en/free_bike_status.json,2026-07-02T20:05:31Z,2026-07-02T20:05:31Z
mobi_vancouver,mobi_vancouver_eebdd573-216d-4874-9bad-fc7a86756132,eebdd573-216d-4874-9bad-fc7a86756132,49.265005,-123.079481,1,FALSE,FALSE,19600,0236,1783022725,2026-07-02T20:05:32Z,2026-07-02T20:05:32Z,2026-07-02T20:05:23Z,2.2,https://gbfs.kappa.fifteen.eu/gbfs/2.2/mobi/en/gbfs.json,https://gbfs.kappa.fifteen.eu/gbfs/2.2/mobi/en/free_bike_status.json,2026-07-02T20:05:31Z,2026-07-02T20:05:31Z
mobi_vancouver,mobi_vancouver_75fed4af-480f-4353-be78-9579732966bd,75fed4af-480f-4353-be78-9579732966bd,49.261403,-123.070102,1,FALSE,FALSE,19600,0244,1783022725,2026-07-02T20:05:32Z,2026-07-02T20:05:32Z,2026-07-02T20:05:23Z,2.2,https://gbfs.kappa.fifteen.eu/gbfs/2.2/mobi/en/gbfs.json,https://gbfs.kappa.fifteen.eu/gbfs/2.2/mobi/en/free_bike_status.json,2026-07-02T20:05:31Z,2026-07-02T20:05:31Z
mobi_vancouver,mobi_vancouver_2900e263-3584-4b79-b3fd-e1be42aa6b41,2900e263-3584-4b79-b3fd-e1be42aa6b41,49.261403,-123.070102,1,FALSE,FALSE,19600,0244,1783022725,2026-07-02T20:05:32Z,2026-07-02T20:05:32Z,2026-07-02T20:05:23Z,2.2,https://gbfs.kappa.fifteen.eu/gbfs/2.2/mobi/en/gbfs.json,https://gbfs.kappa.fifteen.eu/gbfs/2.2/mobi/en/free_bike_status.json,2026-07-02T20:05:31Z,2026-07-02T20:05:31Z
mobi_vancouver,mobi_vancouver_a45e84c7-b32e-41f1-837e-124e990cd5f3,a45e84c7-b32e-41f1-837e-124e990cd5f3,49.274881,-123.069323,1,FALSE,FALSE,19600,0231,1783022725,2026-07-02T20:05:32Z,2026-07-02T20:05:32Z,2026-07-02T20:05:23Z,2.2,https://gbfs.kappa.fifteen.eu/gbfs/2.2/mobi/en/gbfs.json,https://gbfs.kappa.fifteen.eu/gbfs/2.2/mobi/en/free_bike_status.json,2026-07-02T20:05:31Z,2026-07-02T20:05:31Z
mobi_vancouver,mobi_vancouver_7a0218ff-156b-4117-9a72-ebdfe9ad804e,7a0218ff-156b-4117-9a72-ebdfe9ad804e,49.279369,-123.091241,1,FALSE,FALSE,19600,0229,1783022725,2026-07-02T20:05:32Z,2026-07-02T20:05:32Z,2026-07-02T20:05:23Z,2.2,https://gbfs.kappa.fifteen.eu/gbfs/2.2/mobi/en/gbfs.json,https://gbfs.kappa.fifteen.eu/gbfs/2.2/mobi/en/free_bike_status.json,2026-07-02T20:05:31Z,2026-07-02T20:05:31Z
mobi_vancouver,mobi_vancouver_48ad4d08-68e2-4cfd-9db7-3984c989eb16,48ad4d08-68e2-4cfd-9db7-3984c989eb16,49.275882,-123.071865,1,FALSE,FALSE,19600,0232,1783022725,2026-07-02T20:05:32Z,2026-07-02T20:05:32Z,2026-07-02T20:05:23Z,2.2,https://gbfs.kappa.fifteen.eu/gbfs/2.2/mobi/en/gbfs.json,https://gbfs.kappa.fifteen.eu/gbfs/2.2/mobi/en/free_bike_status.json,2026-07-02T20:05:31Z,2026-07-02T20:05:31Z
mobi_vancouver,mobi_vancouver_accd53b8-00ff-4e0e-b997-941269688c15,accd53b8-00ff-4e0e-b997-941269688c15,49.256496,-123.075426,1,FALSE,FALSE,19600,0283,1783022725,2026-07-02T20:05:32Z,2026-07-02T20:05:32Z,2026-07-02T20:05:23Z,2.2,https://gbfs.kappa.fifteen.eu/gbfs/2.2/mobi/en/gbfs.json,https://gbfs.kappa.fifteen.eu/gbfs/2.2/mobi/en/free_bike_status.json,2026-07-02T20:05:31Z,2026-07-02T20:05:31Z
mobi_vancouver,mobi_vancouver_58f456ea-efff-4a73-8db9-f72ec2a8b715,58f456ea-efff-4a73-8db9-f72ec2a8b715,49.280284,-123.097052,1,FALSE,FALSE,19600,0213,1783022725,2026-07-02T20:05:32Z,2026-07-02T20:05:32Z,2026-07-02T20:05:23Z,2.2,https://gbfs.kappa.fifteen.eu/gbfs/2.2/mobi/en/gbfs.json,https://gbfs.kappa.fifteen.eu/gbfs/2.2/mobi/en/free_bike_status.json,2026-07-02T20:05:31Z,2026-07-02T20:05:31Z
mobi_vancouver,mobi_vancouver_fc4df93e-6f73-49a9-90cb-6a6c908c3165,fc4df93e-6f73-49a9-90cb-6a6c908c3165,49.28763,-123.127245,1,FALSE,FALSE,19600,0207,1783022725,2026-07-02T20:05:32Z,2026-07-02T20:05:32Z,2026-07-02T20:05:23Z,2.2,https://gbfs.kappa.fifteen.eu/gbfs/2.2/mobi/en/gbfs.json,https://gbfs.kappa.fifteen.eu/gbfs/2.2/mobi/en/free_bike_status.json,2026-07-02T20:05:31Z,2026-07-02T20:05:31Z
mobi_vancouver,mobi_vancouver_000ab272-9ba1-40b3-b705-c1268956146d,000ab272-9ba1-40b3-b705-c1268956146d,49.266751,-123.073501,1,FALSE,FALSE,19600,0250,1783022725,2026-07-02T20:05:32Z,2026-07-02T20:05:32Z,2026-07-02T20:05:23Z,2.2,https://gbfs.kappa.fifteen.eu/gbfs/2.2/mobi/en/gbfs.json,https://gbfs.kappa.fifteen.eu/gbfs/2.2/mobi/en/free_bike_status.json,2026-07-02T20:05:31Z,2026-07-02T20:05:31Z
mobi_vancouver,mobi_vancouver_068e0795-8fc2-4dfa-8cf0-70376f120fd1,068e0795-8fc2-4dfa-8cf0-70376f120fd1,49.280881,-123.130672,1,FALSE,FALSE,19600,0126,1783022725,2026-07-02T20:05:32Z,2026-07-02T20:05:32Z,2026-07-02T20:05:23Z,2.2,https://gbfs.kappa.fifteen.eu/gbfs/2.2/mobi/en/gbfs.json,https://gbfs.kappa.fifteen.eu/gbfs/2.2/mobi/en/free_bike_status.json,2026-07-02T20:05:31Z,2026-07-02T20:05:31Z
mobi_vancouver,mobi_vancouver_eef0a1b8-c6f6-4e00-b79d-d2be87817dfd,eef0a1b8-c6f6-4e00-b79d-d2be87817dfd,49.270684,-123.073562,1,FALSE,FALSE,19600,0252,1783022725,2026-07-02T20:05:32Z,2026-07-02T20:05:32Z,2026-07-02T20:05:23Z,2.2,https://gbfs.kappa.fifteen.eu/gbfs/2.2/mobi/en/gbfs.json,https://gbfs.kappa.fifteen.eu/gbfs/2.2/mobi/en/free_bike_status.json,2026-07-02T20:05:31Z,2026-07-02T20:05:31Z
mobi_vancouver,mobi_vancouver_2b2f4c62-c07f-47f1-a564-ddd4ccd0f59d,2b2f4c62-c07f-47f1-a564-ddd4ccd0f59d,49.256694,-123.096579,1,FALSE,FALSE,19600,0256,1783022725,2026-07-02T20:05:32Z,2026-07-02T20:05:32Z,2026-07-02T20:05:23Z,2.2,https://gbfs.kappa.fifteen.eu/gbfs/2.2/mobi/en/gbfs.json,https://gbfs.kappa.fifteen.eu/gbfs/2.2/mobi/en/free_bike_status.json,2026-07-02T20:05:31Z,2026-07-02T20:05:31Z
mobi_vancouver,mobi_vancouver_c051b70e-dda9-433e-ab8a-a804a3051534,c051b70e-dda9-433e-ab8a-a804a3051534,49.257985,-123.083366,1,FALSE,FALSE,19600,0281,1783022725,2026-07-02T20:05:32Z,2026-07-02T20:05:32Z,2026-07-02T20:05:23Z,2.2,https://gbfs.kappa.fifteen.eu/gbfs/2.2/mobi/en/gbfs.json,https://gbfs.kappa.fifteen.eu/gbfs/2.2/mobi/en/free_bike_status.json,2026-07-02T20:05:31Z,2026-07-02T20:05:31Z
mobi_vancouver,mobi_vancouver_eeaeef43-b9ba-4319-b9ab-538ef747e400,eeaeef43-b9ba-4319-b9ab-538ef747e400,49.27551,-123.13307,1,FALSE,FALSE,19600,0045,1783022725,2026-07-02T20:05:32Z,2026-07-02T20:05:32Z,2026-07-02T20:05:23Z,2.2,https://gbfs.kappa.fifteen.eu/gbfs/2.2/mobi/en/gbfs.json,https://gbfs.kappa.fifteen.eu/gbfs/2.2/mobi/en/free_bike_status.json,2026-07-02T20:05:31Z,2026-07-02T20:05:31Z
mobi_vancouver,mobi_vancouver_68203a57-c830-4972-b3ab-d9816ccb022b,68203a57-c830-4972-b3ab-d9816ccb022b,49.282503,-123.124697,2,FALSE,FALSE,19600,0217,1783022725,2026-07-02T20:05:32Z,2026-07-02T20:05:32Z,2026-07-02T20:05:23Z,2.2,https://gbfs.kappa.fifteen.eu/gbfs/2.2/mobi/en/gbfs.json,https://gbfs.kappa.fifteen.eu/gbfs/2.2/mobi/en/free_bike_status.json,2026-07-02T20:05:31Z,2026-07-02T20:05:31Z
mobi_vancouver,mobi_vancouver_44f11e80-f17e-476a-bb89-6b01bb9b701f,44f11e80-f17e-476a-bb89-6b01bb9b701f,49.284893,-123.128685,1,FALSE,FALSE,19600,0300,1783022725,2026-07-02T20:05:32Z,2026-07-02T20:05:32Z,2026-07-02T20:05:23Z,2.2,https://gbfs.kappa.fifteen.eu/gbfs/2.2/mobi/en/gbfs.json,https://gbfs.kappa.fifteen.eu/gbfs/2.2/mobi/en/free_bike_status.json,2026-07-02T20:05:31Z,2026-07-02T20:05:31Z
mobi_vancouver,mobi_vancouver_436f1da7-9492-4b9e-af3c-64f158d3142d,436f1da7-9492-4b9e-af3c-64f158d3142d,49.267725,-123.11311,1,FALSE,FALSE,19600,0144,1783022725,2026-07-02T20:05:32Z,2026-07-02T20:05:32Z,2026-07-02T20:05:23Z,2.2,https://gbfs.kappa.fifteen.eu/gbfs/2.2/mobi/en/gbfs.json,https://gbfs.kappa.fifteen.eu/gbfs/2.2/mobi/en/free_bike_status.json,2026-07-02T20:05:31Z,2026-07-02T20:05:31Z
mobi_vancouver,mobi_vancouver_23e5d842-1170-49bc-b7c8-5316135518ce,23e5d842-1170-49bc-b7c8-5316135518ce,49.286646,-123.129232,1,FALSE,FALSE,19600,0310,1783022725,2026-07-02T20:05:32Z,2026-07-02T20:05:32Z,2026-07-02T20:05:23Z,2.2,https://gbfs.kappa.fifteen.eu/gbfs/2.2/mobi/en/gbfs.json,https://gbfs.kappa.fifteen.eu/gbfs/2.2/mobi/en/free_bike_status.json,2026-07-02T20:05:31Z,2026-07-02T20:05:31Z
mobi_vancouver,mobi_vancouver_f656fbd0-7f44-4443-b45e-59c04c79a194,f656fbd0-7f44-4443-b45e-59c04c79a194,49.255034,-123.120226,1,FALSE,FALSE,19600,0511,1783022725,2026-07-02T20:05:32Z,2026-07-02T20:05:32Z,2026-07-02T20:05:23Z,2.2,https://gbfs.kappa.fifteen.eu/gbfs/2.2/mobi/en/gbfs.json,https://gbfs.kappa.fifteen.eu/gbfs/2.2/mobi/en/free_bike_status.json,2026-07-02T20:05:31Z,2026-07-02T20:05:31Z
mobi_vancouver,mobi_vancouver_06946dbd-d977-46ee-92d0-6fbe35cc3db1,06946dbd-d977-46ee-92d0-6fbe35cc3db1,49.252691,-123.101289,1,FALSE,FALSE,19600,0561,1783022725,2026-07-02T20:05:32Z,2026-07-02T20:05:32Z,2026-07-02T20:05:23Z,2.2,https://gbfs.kappa.fifteen.eu/gbfs/2.2/mobi/en/gbfs.json,https://gbfs.kappa.fifteen.eu/gbfs/2.2/mobi/en/free_bike_status.json,2026-07-02T20:05:31Z,2026-07-02T20:05:31Z
mobi_vancouver,mobi_vancouver_62c0effb-aea9-4237-a8e4-ae92d620e940,62c0effb-aea9-4237-a8e4-ae92d620e940,49.252691,-123.101289,2,FALSE,FALSE,19600,0561,1783022725,2026-07-02T20:05:32Z,2026-07-02T20:05:32Z,2026-07-02T20:05:23Z,2.2,https://gbfs.kappa.fifteen.eu/gbfs/2.2/mobi/en/gbfs.json,https://gbfs.kappa.fifteen.eu/gbfs/2.2/mobi/en/free_bike_status.json,2026-07-02T20:05:31Z,2026-07-02T20:05:31Z
mobi_vancouver,mobi_vancouver_9e94ba30-e97f-435f-ba61-fb7626a2bd76,9e94ba30-e97f-435f-ba61-fb7626a2bd76,49.272172,-123.097978,1,FALSE,FALSE,19600,0354,1783022725,2026-07-02T20:05:32Z,2026-07-02T20:05:32Z,2026-07-02T20:05:23Z,2.2,https://gbfs.kappa.fifteen.eu/gbfs/2.2/mobi/en/gbfs.json,https://gbfs.kappa.fifteen.eu/gbfs/2.2/mobi/en/free_bike_status.json,2026-07-02T20:05:31Z,2026-07-02T20:05:31Z
mobi_vancouver,mobi_vancouver_001b0e06-2ab2-4169-b750-5f6b853166ea,001b0e06-2ab2-4169-b750-5f6b853166ea,49.247854,-123.153422,1,FALSE,FALSE,19600,0480,1783022725,2026-07-02T20:05:32Z,2026-07-02T20:05:32Z,2026-07-02T20:05:23Z,2.2,https://gbfs.kappa.fifteen.eu/gbfs/2.2/mobi/en/gbfs.json,https://gbfs.kappa.fifteen.eu/gbfs/2.2/mobi/en/free_bike_status.json,2026-07-02T20:05:31Z,2026-07-02T20:05:31Z
mobi_vancouver,mobi_vancouver_30155676-3b9a-4811-8c4a-63306ba4be4c,30155676-3b9a-4811-8c4a-63306ba4be4c,49.243375,-123.104978,1,FALSE,FALSE,19600,0557,1783022725,2026-07-02T20:05:32Z,2026-07-02T20:05:32Z,2026-07-02T20:05:23Z,2.2,https://gbfs.kappa.fifteen.eu/gbfs/2.2/mobi/en/gbfs.json,https://gbfs.kappa.fifteen.eu/gbfs/2.2/mobi/en/free_bike_status.json,2026-07-02T20:05:31Z,2026-07-02T20:05:31Z
mobi_vancouver,mobi_vancouver_2556e662-1a4b-4889-8896-882b406e5e7c,2556e662-1a4b-4889-8896-882b406e5e7c,49.282087,-123.056909,1,FALSE,FALSE,19600,0642,1783022725,2026-07-02T20:05:32Z,2026-07-02T20:05:32Z,2026-07-02T20:05:23Z,2.2,https://gbfs.kappa.fifteen.eu/gbfs/2.2/mobi/en/gbfs.json,https://gbfs.kappa.fifteen.eu/gbfs/2.2/mobi/en/free_bike_status.json,2026-07-02T20:05:31Z,2026-07-02T20:05:31Z
mobi_vancouver,mobi_vancouver_68df971e-8371-4e90-a756-58caf95bb749,68df971e-8371-4e90-a756-58caf95bb749,49.252656,-123.067965,1,FALSE,FALSE,19600,0352,1783022725,2026-07-02T20:05:32Z,2026-07-02T20:05:32Z,2026-07-02T20:05:23Z,2.2,https://gbfs.kappa.fifteen.eu/gbfs/2.2/mobi/en/gbfs.json,https://gbfs.kappa.fifteen.eu/gbfs/2.2/mobi/en/free_bike_status.json,2026-07-02T20:05:31Z,2026-07-02T20:05:31Z
mobi_vancouver,mobi_vancouver_ee36e3f5-b091-4adb-a8ec-ef95dd8a86a9,ee36e3f5-b091-4adb-a8ec-ef95dd8a86a9,49.27751,-123.061429,1,FALSE,FALSE,19600,0617,1783022725,2026-07-02T20:05:32Z,2026-07-02T20:05:32Z,2026-07-02T20:05:23Z,2.2,https://gbfs.kappa.fifteen.eu/gbfs/2.2/mobi/en/gbfs.json,https://gbfs.kappa.fifteen.eu/gbfs/2.2/mobi/en/free_bike_status.json,2026-07-02T20:05:31Z,2026-07-02T20:05:31Z
mobi_vancouver,mobi_vancouver_3902697d-8350-4591-ae7f-ca1d6591f8e0,3902697d-8350-4591-ae7f-ca1d6591f8e0,49.265442,-123.187738,1,FALSE,FALSE,19600,0403,1783022725,2026-07-02T20:05:32Z,2026-07-02T20:05:32Z,2026-07-02T20:05:23Z,2.2,https://gbfs.kappa.fifteen.eu/gbfs/2.2/mobi/en/gbfs.json,https://gbfs.kappa.fifteen.eu/gbfs/2.2/mobi/en/free_bike_status.json,2026-07-02T20:05:31Z,2026-07-02T20:05:31Z
mobi_vancouver,mobi_vancouver_b85e3c8c-ec03-4198-84cf-09809c38b9b9,b85e3c8c-ec03-4198-84cf-09809c38b9b9,49.263073,-123.254307,1,FALSE,FALSE,19600,2114,1783022725,2026-07-02T20:05:32Z,2026-07-02T20:05:32Z,2026-07-02T20:05:23Z,2.2,https://gbfs.kappa.fifteen.eu/gbfs/2.2/mobi/en/gbfs.json,https://gbfs.kappa.fifteen.eu/gbfs/2.2/mobi/en/free_bike_status.json,2026-07-02T20:05:31Z,2026-07-02T20:05:31Z
mobi_vancouver,mobi_vancouver_cde0d0ba-72ba-413e-ae87-232b7d0f7e60,cde0d0ba-72ba-413e-ae87-232b7d0f7e60,49.283482,-123.103738,1,FALSE,FALSE,19600,0013,1783022725,2026-07-02T20:05:32Z,2026-07-02T20:05:32Z,2026-07-02T20:05:23Z,2.2,https://gbfs.kappa.fifteen.eu/gbfs/2.2/mobi/en/gbfs.json,https://gbfs.kappa.fifteen.eu/gbfs/2.2/mobi/en/free_bike_status.json,2026-07-02T20:05:31Z,2026-07-02T20:05:31Z
mobi_vancouver,mobi_vancouver_a583ac33-d1d7-40bb-9879-31a6269169c2,a583ac33-d1d7-40bb-9879-31a6269169c2,49.261655,-123.241924,1,FALSE,FALSE,19600,2157,1783022725,2026-07-02T20:05:32Z,2026-07-02T20:05:32Z,2026-07-02T20:05:23Z,2.2,https://gbfs.kappa.fifteen.eu/gbfs/2.2/mobi/en/gbfs.json,https://gbfs.kappa.fifteen.eu/gbfs/2.2/mobi/en/free_bike_status.json,2026-07-02T20:05:31Z,2026-07-02T20:05:31Z
mobi_vancouver,mobi_vancouver_04362eb8-84d2-47fa-8cb6-e58c68ffadf8,04362eb8-84d2-47fa-8cb6-e58c68ffadf8,49.2749,-123.12898,1,FALSE,FALSE,19600,0319,1783022725,2026-07-02T20:05:32Z,2026-07-02T20:05:32Z,2026-07-02T20:05:23Z,2.2,https://gbfs.kappa.fifteen.eu/gbfs/2.2/mobi/en/gbfs.json,https://gbfs.kappa.fifteen.eu/gbfs/2.2/mobi/en/free_bike_status.json,2026-07-02T20:05:31Z,2026-07-02T20:05:31Z
mobi_vancouver,mobi_vancouver_597e1a77-491d-45bc-afb7-6779642fb7ef,597e1a77-491d-45bc-afb7-6779642fb7ef,49.262487,-123.114397,1,FALSE,FALSE,20000,0001,1783022725,2026-07-02T20:05:32Z,2026-07-02T20:05:32Z,2026-07-02T20:05:23Z,2.2,https://gbfs.kappa.fifteen.eu/gbfs/2.2/mobi/en/gbfs.json,https://gbfs.kappa.fifteen.eu/gbfs/2.2/mobi/en/free_bike_status.json,2026-07-02T20:05:31Z,2026-07-02T20:05:31Z
mobi_vancouver,mobi_vancouver_8fb6cd89-7993-4cf8-b09f-5fdb9455dff1,8fb6cd89-7993-4cf8-b09f-5fdb9455dff1,49.279764,-123.110154,1,FALSE,FALSE,20000,0005,1783022725,2026-07-02T20:05:32Z,2026-07-02T20:05:32Z,2026-07-02T20:05:23Z,2.2,https://gbfs.kappa.fifteen.eu/gbfs/2.2/mobi/en/gbfs.json,https://gbfs.kappa.fifteen.eu/gbfs/2.2/mobi/en/free_bike_status.json,2026-07-02T20:05:31Z,2026-07-02T20:05:31Z
mobi_vancouver,mobi_vancouver_2090e473-55f7-42cb-8e09-0487b46e8dc2,2090e473-55f7-42cb-8e09-0487b46e8dc2,49.289255,-123.132677,1,FALSE,FALSE,20000,0041,1783022725,2026-07-02T20:05:32Z,2026-07-02T20:05:32Z,2026-07-02T20:05:23Z,2.2,https://gbfs.kappa.fifteen.eu/gbfs/2.2/mobi/en/gbfs.json,https://gbfs.kappa.fifteen.eu/gbfs/2.2/mobi/en/free_bike_status.json,2026-07-02T20:05:31Z,2026-07-02T20:05:31Z
mobi_vancouver,mobi_vancouver_b891ba6e-5580-4fa3-855a-ff175d98ca2b,b891ba6e-5580-4fa3-855a-ff175d98ca2b,49.265089,-123.119425,1,FALSE,FALSE,20000,0081,1783022725,2026-07-02T20:05:32Z,2026-07-02T20:05:32Z,2026-07-02T20:05:23Z,2.2,https://gbfs.kappa.fifteen.eu/gbfs/2.2/mobi/en/gbfs.json,https://gbfs.kappa.fifteen.eu/gbfs/2.2/mobi/en/free_bike_status.json,2026-07-02T20:05:31Z,2026-07-02T20:05:31Z
mobi_vancouver,mobi_vancouver_6da2b515-b999-47da-b32c-15245c727c77,6da2b515-b999-47da-b32c-15245c727c77,49.283343,-123.131099,1,FALSE,FALSE,20000,0050,1783022725,2026-07-02T20:05:32Z,2026-07-02T20:05:32Z,2026-07-02T20:05:23Z,2.2,https://gbfs.kappa.fifteen.eu/gbfs/2.2/mobi/en/gbfs.json,https://gbfs.kappa.fifteen.eu/gbfs/2.2/mobi/en/free_bike_status.json,2026-07-02T20:05:31Z,2026-07-02T20:05:31Z
mobi_vancouver,mobi_vancouver_4424c406-c391-4494-b224-633f1a58bbe9,4424c406-c391-4494-b224-633f1a58bbe9,49.283343,-123.131099,1,FALSE,FALSE,20000,0050,1783022725,2026-07-02T20:05:32Z,2026-07-02T20:05:32Z,2026-07-02T20:05:23Z,2.2,https://gbfs.kappa.fifteen.eu/gbfs/2.2/mobi/en/gbfs.json,https://gbfs.kappa.fifteen.eu/gbfs/2.2/mobi/en/free_bike_status.json,2026-07-02T20:05:31Z,2026-07-02T20:05:31Z
mobi_vancouver,mobi_vancouver_b1ee162e-34bf-41fb-88c9-5a784cc968d5,b1ee162e-34bf-41fb-88c9-5a784cc968d5,49.282759,-123.106955,1,FALSE,FALSE,20000,0030,1783022725,2026-07-02T20:05:32Z,2026-07-02T20:05:32Z,2026-07-02T20:05:23Z,2.2,https://gbfs.kappa.fifteen.eu/gbfs/2.2/mobi/en/gbfs.json,https://gbfs.kappa.fifteen.eu/gbfs/2.2/mobi/en/free_bike_status.json,2026-07-02T20:05:31Z,2026-07-02T20:05:31Z
mobi_vancouver,mobi_vancouver_810ca023-3abc-474e-9815-55b409957945,810ca023-3abc-474e-9815-55b409957945,49.265605,-123.152566,1,FALSE,FALSE,20000,0109,1783022725,2026-07-02T20:05:32Z,2026-07-02T20:05:32Z,2026-07-02T20:05:23Z,2.2,https://gbfs.kappa.fifteen.eu/gbfs/2.2/mobi/en/gbfs.json,https://gbfs.kappa.fifteen.eu/gbfs/2.2/mobi/en/free_bike_status.json,2026-07-02T20:05:31Z,2026-07-02T20:05:31Z
mobi_vancouver,mobi_vancouver_01bccce0-927f-4728-b7b4-5757b2cf7c95,01bccce0-927f-4728-b7b4-5757b2cf7c95,49.265605,-123.152566,1,FALSE,FALSE,20000,0109,1783022725,2026-07-02T20:05:32Z,2026-07-02T20:05:32Z,2026-07-02T20:05:23Z,2.2,https://gbfs.kappa.fifteen.eu/gbfs/2.2/mobi/en/gbfs.json,https://gbfs.kappa.fifteen.eu/gbfs/2.2/mobi/en/free_bike_status.json,2026-07-02T20:05:31Z,2026-07-02T20:05:31Z
mobi_vancouver,mobi_vancouver_dfd602f1-a383-40f4-97cc-01fd8385426b,dfd602f1-a383-40f4-97cc-01fd8385426b,49.268269,-123.147885,1,FALSE,FALSE,20000,0076,1783022725,2026-07-02T20:05:32Z,2026-07-02T20:05:32Z,2026-07-02T20:05:23Z,2.2,https://gbfs.kappa.fifteen.eu/gbfs/2.2/mobi/en/gbfs.json,https://gbfs.kappa.fifteen.eu/gbfs/2.2/mobi/en/free_bike_status.json,2026-07-02T20:05:31Z,2026-07-02T20:05:31Z
mobi_vancouver,mobi_vancouver_05af7720-04ad-4cf7-9972-78a289960412,05af7720-04ad-4cf7-9972-78a289960412,49.266724,-123.104824,1,FALSE,FALSE,20000,0073,1783022725,2026-07-02T20:05:32Z,2026-07-02T20:05:32Z,2026-07-02T20:05:23Z,2.2,https://gbfs.kappa.fifteen.eu/gbfs/2.2/mobi/en/gbfs.json,https://gbfs.kappa.fifteen.eu/gbfs/2.2/mobi/en/free_bike_status.json,2026-07-02T20:05:31Z,2026-07-02T20:05:31Z
mobi_vancouver,mobi_vancouver_34eaf693-71bd-423d-a4a3-3c7bf0252eb2,34eaf693-71bd-423d-a4a3-3c7bf0252eb2,49.287097,-123.118551,1,FALSE,FALSE,20000,0016,1783022725,2026-07-02T20:05:32Z,2026-07-02T20:05:32Z,2026-07-02T20:05:23Z,2.2,https://gbfs.kappa.fifteen.eu/gbfs/2.2/mobi/en/gbfs.json,https://gbfs.kappa.fifteen.eu/gbfs/2.2/mobi/en/free_bike_status.json,2026-07-02T20:05:31Z,2026-07-02T20:05:31Z
mobi_vancouver,mobi_vancouver_b7a4b2d3-0647-4a45-974f-7fbef060a171,b7a4b2d3-0647-4a45-974f-7fbef060a171,49.287097,-123.118551,1,FALSE,FALSE,20000,0016,1783022725,2026-07-02T20:05:32Z,2026-07-02T20:05:32Z,2026-07-02T20:05:23Z,2.2,https://gbfs.kappa.fifteen.eu/gbfs/2.2/mobi/en/gbfs.json,https://gbfs.kappa.fifteen.eu/gbfs/2.2/mobi/en/free_bike_status.json,2026-07-02T20:05:31Z,2026-07-02T20:05:31Z
mobi_vancouver,mobi_vancouver_5f82b4d5-54d2-4ad3-a49e-9d0b908b3658,5f82b4d5-54d2-4ad3-a49e-9d0b908b3658,49.257654,-123.153212,1,FALSE,FALSE,20000,0113,1783022725,2026-07-02T20:05:32Z,2026-07-02T20:05:32Z,2026-07-02T20:05:23Z,2.2,https://gbfs.kappa.fifteen.eu/gbfs/2.2/mobi/en/gbfs.json,https://gbfs.kappa.fifteen.eu/gbfs/2.2/mobi/en/free_bike_status.json,2026-07-02T20:05:31Z,2026-07-02T20:05:31Z
mobi_vancouver,mobi_vancouver_39216ed6-6570-425f-9d1f-af32501ad5c5,39216ed6-6570-425f-9d1f-af32501ad5c5,49.273663,-123.127075,1,FALSE,FALSE,20000,0044,1783022725,2026-07-02T20:05:32Z,2026-07-02T20:05:32Z,2026-07-02T20:05:23Z,2.2,https://gbfs.kappa.fifteen.eu/gbfs/2.2/mobi/en/gbfs.json,https://gbfs.kappa.fifteen.eu/gbfs/2.2/mobi/en/free_bike_status.json,2026-07-02T20:05:31Z,2026-07-02T20:05:31Z
mobi_vancouver,mobi_vancouver_a5ee71fa-21cc-48b8-9ef5-0775599c2b1c,a5ee71fa-21cc-48b8-9ef5-0775599c2b1c,49.269969,-123.109623,1,FALSE,FALSE,20000,0173,1783022725,2026-07-02T20:05:32Z,2026-07-02T20:05:32Z,2026-07-02T20:05:23Z,2.2,https://gbfs.kappa.fifteen.eu/gbfs/2.2/mobi/en/gbfs.json,https://gbfs.kappa.fifteen.eu/gbfs/2.2/mobi/en/free_bike_status.json,2026-07-02T20:05:31Z,2026-07-02T20:05:31Z
mobi_vancouver,mobi_vancouver_3c45a6a0-3532-494e-b0e1-7f6b63616b3f,3c45a6a0-3532-494e-b0e1-7f6b63616b3f,49.258429,-123.101766,1,FALSE,FALSE,20000,0134,1783022725,2026-07-02T20:05:32Z,2026-07-02T20:05:32Z,2026-07-02T20:05:23Z,2.2,https://gbfs.kappa.fifteen.eu/gbfs/2.2/mobi/en/gbfs.json,https://gbfs.kappa.fifteen.eu/gbfs/2.2/mobi/en/free_bike_status.json,2026-07-02T20:05:31Z,2026-07-02T20:05:31Z
mobi_vancouver,mobi_vancouver_49b8c04a-4d2c-4538-9b82-019df3b56878,49b8c04a-4d2c-4538-9b82-019df3b56878,49.266476,-123.109389,1,FALSE,FALSE,20000,0165,1783022725,2026-07-02T20:05:32Z,2026-07-02T20:05:32Z,2026-07-02T20:05:23Z,2.2,https://gbfs.kappa.fifteen.eu/gbfs/2.2/mobi/en/gbfs.json,https://gbfs.kappa.fifteen.eu/gbfs/2.2/mobi/en/free_bike_status.json,2026-07-02T20:05:31Z,2026-07-02T20:05:31Z
mobi_vancouver,mobi_vancouver_e950866c-cfaf-4fb8-a734-01bfa26297d7,e950866c-cfaf-4fb8-a734-01bfa26297d7,49.27023,-123.10651,1,FALSE,FALSE,20000,0174,1783022725,2026-07-02T20:05:32Z,2026-07-02T20:05:32Z,2026-07-02T20:05:23Z,2.2,https://gbfs.kappa.fifteen.eu/gbfs/2.2/mobi/en/gbfs.json,https://gbfs.kappa.fifteen.eu/gbfs/2.2/mobi/en/free_bike_status.json,2026-07-02T20:05:31Z,2026-07-02T20:05:31Z
mobi_vancouver,mobi_vancouver_6467a230-213d-4399-81c6-d2483686ab89,6467a230-213d-4399-81c6-d2483686ab89,49.27821,-123.136972,1,FALSE,FALSE,20000,0083,1783022725,2026-07-02T20:05:32Z,2026-07-02T20:05:32Z,2026-07-02T20:05:23Z,2.2,https://gbfs.kappa.fifteen.eu/gbfs/2.2/mobi/en/gbfs.json,https://gbfs.kappa.fifteen.eu/gbfs/2.2/mobi/en/free_bike_status.json,2026-07-02T20:05:31Z,2026-07-02T20:05:31Z
mobi_vancouver,mobi_vancouver_8a82aabc-7c6d-4d8e-97e3-5eaae484ee91,8a82aabc-7c6d-4d8e-97e3-5eaae484ee91,49.284157,-123.099917,1,FALSE,FALSE,20000,0150,1783022725,2026-07-02T20:05:32Z,2026-07-02T20:05:32Z,2026-07-02T20:05:23Z,2.2,https://gbfs.kappa.fifteen.eu/gbfs/2.2/mobi/en/gbfs.json,https://gbfs.kappa.fifteen.eu/gbfs/2.2/mobi/en/free_bike_status.json,2026-07-02T20:05:31Z,2026-07-02T20:05:31Z
mobi_vancouver,mobi_vancouver_bf1721b7-0314-4f07-944f-e2ed479e049b,bf1721b7-0314-4f07-944f-e2ed479e049b,49.284157,-123.099917,1,FALSE,FALSE,20000,0150,1783022725,2026-07-02T20:05:32Z,2026-07-02T20:05:32Z,2026-07-02T20:05:23Z,2.2,https://gbfs.kappa.fifteen.eu/gbfs/2.2/mobi/en/gbfs.json,https://gbfs.kappa.fifteen.eu/gbfs/2.2/mobi/en/free_bike_status.json,2026-07-02T20:05:31Z,2026-07-02T20:05:31Z
mobi_vancouver,mobi_vancouver_970f4904-270f-4958-8db0-b4b334c956d2,970f4904-270f-4958-8db0-b4b334c956d2,49.282758,-123.122092,1,FALSE,FALSE,20000,0019,1783022725,2026-07-02T20:05:32Z,2026-07-02T20:05:32Z,2026-07-02T20:05:23Z,2.2,https://gbfs.kappa.fifteen.eu/gbfs/2.2/mobi/en/gbfs.json,https://gbfs.kappa.fifteen.eu/gbfs/2.2/mobi/en/free_bike_status.json,2026-07-02T20:05:31Z,2026-07-02T20:05:31Z
mobi_vancouver,mobi_vancouver_2cf107ba-14b3-42a2-922b-4d4ed3fdab82,2cf107ba-14b3-42a2-922b-4d4ed3fdab82,49.281301,-123.139108,1,FALSE,FALSE,20000,0084,1783022725,2026-07-02T20:05:32Z,2026-07-02T20:05:32Z,2026-07-02T20:05:23Z,2.2,https://gbfs.kappa.fifteen.eu/gbfs/2.2/mobi/en/gbfs.json,https://gbfs.kappa.fifteen.eu/gbfs/2.2/mobi/en/free_bike_status.json,2026-07-02T20:05:31Z,2026-07-02T20:05:31Z
mobi_vancouver,mobi_vancouver_07e74766-3e35-441f-8ec7-85bd98169bf8,07e74766-3e35-441f-8ec7-85bd98169bf8,49.281301,-123.139108,1,FALSE,FALSE,20000,0084,1783022725,2026-07-02T20:05:32Z,2026-07-02T20:05:32Z,2026-07-02T20:05:23Z,2.2,https://gbfs.kappa.fifteen.eu/gbfs/2.2/mobi/en/gbfs.json,https://gbfs.kappa.fifteen.eu/gbfs/2.2/mobi/en/free_bike_status.json,2026-07-02T20:05:31Z,2026-07-02T20:05:31Z
mobi_vancouver,mobi_vancouver_dab9483a-2bea-47b5-a881-c8f737a1dc39,dab9483a-2bea-47b5-a881-c8f737a1dc39,49.266774,-123.141135,1,FALSE,FALSE,20000,0153,1783022725,2026-07-02T20:05:32Z,2026-07-02T20:05:32Z,2026-07-02T20:05:23Z,2.2,https://gbfs.kappa.fifteen.eu/gbfs/2.2/mobi/en/gbfs.json,https://gbfs.kappa.fifteen.eu/gbfs/2.2/mobi/en/free_bike_status.json,2026-07-02T20:05:31Z,2026-07-02T20:05:31Z
mobi_vancouver,mobi_vancouver_8be4f61d-cbaa-456c-a638-712bad431b83,8be4f61d-cbaa-456c-a638-712bad431b83,49.276897,-123.101746,2,FALSE,FALSE,20000,0801,1783022725,2026-07-02T20:05:32Z,2026-07-02T20:05:32Z,2026-07-02T20:05:23Z,2.2,https://gbfs.kappa.fifteen.eu/gbfs/2.2/mobi/en/gbfs.json,https://gbfs.kappa.fifteen.eu/gbfs/2.2/mobi/en/free_bike_status.json,2026-07-02T20:05:31Z,2026-07-02T20:05:31Z
mobi_vancouver,mobi_vancouver_3c14df4e-3f92-41ef-b83e-dfeb6e87d5ba,3c14df4e-3f92-41ef-b83e-dfeb6e87d5ba,49.267859,-123.145782,1,FALSE,FALSE,20000,0139,1783022725,2026-07-02T20:05:32Z,2026-07-02T20:05:32Z,2026-07-02T20:05:23Z,2.2,https://gbfs.kappa.fifteen.eu/gbfs/2.2/mobi/en/gbfs.json,https://gbfs.kappa.fifteen.eu/gbfs/2.2/mobi/en/free_bike_status.json,2026-07-02T20:05:31Z,2026-07-02T20:05:31Z
mobi_vancouver,mobi_vancouver_53ce9ac7-704d-49fb-9e65-27f7027167dc,53ce9ac7-704d-49fb-9e65-27f7027167dc,49.267859,-123.145782,1,FALSE,FALSE,20000,0139,1783022725,2026-07-02T20:05:32Z,2026-07-02T20:05:32Z,2026-07-02T20:05:23Z,2.2,https://gbfs.kappa.fifteen.eu/gbfs/2.2/mobi/en/gbfs.json,https://gbfs.kappa.fifteen.eu/gbfs/2.2/mobi/en/free_bike_status.json,2026-07-02T20:05:31Z,2026-07-02T20:05:31Z
mobi_vancouver,mobi_vancouver_ac403eae-7672-46ee-88cf-0524725997e1,ac403eae-7672-46ee-88cf-0524725997e1,49.265005,-123.079481,1,FALSE,FALSE,20000,0236,1783022725,2026-07-02T20:05:32Z,2026-07-02T20:05:32Z,2026-07-02T20:05:23Z,2.2,https://gbfs.kappa.fifteen.eu/gbfs/2.2/mobi/en/gbfs.json,https://gbfs.kappa.fifteen.eu/gbfs/2.2/mobi/en/free_bike_status.json,2026-07-02T20:05:31Z,2026-07-02T20:05:31Z
mobi_vancouver,mobi_vancouver_8a3288b7-27b9-40de-9406-7f3a38a62794,8a3288b7-27b9-40de-9406-7f3a38a62794,49.263242,-123.070521,1,FALSE,FALSE,20000,0242,1783022725,2026-07-02T20:05:32Z,2026-07-02T20:05:32Z,2026-07-02T20:05:23Z,2.2,https://gbfs.kappa.fifteen.eu/gbfs/2.2/mobi/en/gbfs.json,https://gbfs.kappa.fifteen.eu/gbfs/2.2/mobi/en/free_bike_status.json,2026-07-02T20:05:31Z,2026-07-02T20:05:31Z
mobi_vancouver,mobi_vancouver_5f289465-bcc5-484d-b9a4-9c44e9569fab,5f289465-bcc5-484d-b9a4-9c44e9569fab,49.268616,-123.069908,1,FALSE,FALSE,20000,0240,1783022725,2026-07-02T20:05:32Z,2026-07-02T20:05:32Z,2026-07-02T20:05:23Z,2.2,https://gbfs.kappa.fifteen.eu/gbfs/2.2/mobi/en/gbfs.json,https://gbfs.kappa.fifteen.eu/gbfs/2.2/mobi/en/free_bike_status.json,2026-07-02T20:05:31Z,2026-07-02T20:05:31Z
mobi_vancouver,mobi_vancouver_3abc9c8a-ea5e-4015-af96-387b2909f0fb,3abc9c8a-ea5e-4015-af96-387b2909f0fb,49.277665,-123.073653,1,FALSE,FALSE,20000,0222,1783022725,2026-07-02T20:05:32Z,2026-07-02T20:05:32Z,2026-07-02T20:05:23Z,2.2,https://gbfs.kappa.fifteen.eu/gbfs/2.2/mobi/en/gbfs.json,https://gbfs.kappa.fifteen.eu/gbfs/2.2/mobi/en/free_bike_status.json,2026-07-02T20:05:31Z,2026-07-02T20:05:31Z
mobi_vancouver,mobi_vancouver_918260f1-8ecb-4047-843a-4d0d6d8ca677,918260f1-8ecb-4047-843a-4d0d6d8ca677,49.277665,-123.073653,1,FALSE,FALSE,20000,0222,1783022725,2026-07-02T20:05:32Z,2026-07-02T20:05:32Z,2026-07-02T20:05:23Z,2.2,https://gbfs.kappa.fifteen.eu/gbfs/2.2/mobi/en/gbfs.json,https://gbfs.kappa.fifteen.eu/gbfs/2.2/mobi/en/free_bike_status.json,2026-07-02T20:05:31Z,2026-07-02T20:05:31Z
mobi_vancouver,mobi_vancouver_74ab15f0-6458-4144-93a0-35dcf985d82d,74ab15f0-6458-4144-93a0-35dcf985d82d,49.284062,-123.095097,1,FALSE,FALSE,20000,0161,1783022725,2026-07-02T20:05:32Z,2026-07-02T20:05:32Z,2026-07-02T20:05:23Z,2.2,https://gbfs.kappa.fifteen.eu/gbfs/2.2/mobi/en/gbfs.json,https://gbfs.kappa.fifteen.eu/gbfs/2.2/mobi/en/free_bike_status.json,2026-07-02T20:05:31Z,2026-07-02T20:05:31Z
mobi_vancouver,mobi_vancouver_80d118f9-9de6-4b51-97c1-254e03e3cdee,80d118f9-9de6-4b51-97c1-254e03e3cdee,49.283992,-123.091206,1,FALSE,FALSE,20000,0230,1783022725,2026-07-02T20:05:32Z,2026-07-02T20:05:32Z,2026-07-02T20:05:23Z,2.2,https://gbfs.kappa.fifteen.eu/gbfs/2.2/mobi/en/gbfs.json,https://gbfs.kappa.fifteen.eu/gbfs/2.2/mobi/en/free_bike_status.json,2026-07-02T20:05:31Z,2026-07-02T20:05:31Z
mobi_vancouver,mobi_vancouver_3c636d4d-1db9-4b92-a85c-f3745e33e4eb,3c636d4d-1db9-4b92-a85c-f3745e33e4eb,49.279369,-123.091241,1,FALSE,FALSE,20000,0229,1783022725,2026-07-02T20:05:32Z,2026-07-02T20:05:32Z,2026-07-02T20:05:23Z,2.2,https://gbfs.kappa.fifteen.eu/gbfs/2.2/mobi/en/gbfs.json,https://gbfs.kappa.fifteen.eu/gbfs/2.2/mobi/en/free_bike_status.json,2026-07-02T20:05:31Z,2026-07-02T20:05:31Z
mobi_vancouver,mobi_vancouver_77119ccc-435c-4a3c-894c-d14d4dd2ef61,77119ccc-435c-4a3c-894c-d14d4dd2ef61,49.277469,-123.081315,1,FALSE,FALSE,20000,0221,1783022725,2026-07-02T20:05:32Z,2026-07-02T20:05:32Z,2026-07-02T20:05:23Z,2.2,https://gbfs.kappa.fifteen.eu/gbfs/2.2/mobi/en/gbfs.json,https://gbfs.kappa.fifteen.eu/gbfs/2.2/mobi/en/free_bike_status.json,2026-07-02T20:05:31Z,2026-07-02T20:05:31Z
mobi_vancouver,mobi_vancouver_d420f6c8-75c0-4f2a-99f9-fa71442a08c1,d420f6c8-75c0-4f2a-99f9-fa71442a08c1,49.277469,-123.081315,1,FALSE,FALSE,20000,0221,1783022725,2026-07-02T20:05:32Z,2026-07-02T20:05:32Z,2026-07-02T20:05:23Z,2.2,https://gbfs.kappa.fifteen.eu/gbfs/2.2/mobi/en/gbfs.json,https://gbfs.kappa.fifteen.eu/gbfs/2.2/mobi/en/free_bike_status.json,2026-07-02T20:05:31Z,2026-07-02T20:05:31Z
mobi_vancouver,mobi_vancouver_38db5c34-e5d9-4780-ac5e-ddc6edf6f2c4,38db5c34-e5d9-4780-ac5e-ddc6edf6f2c4,49.264466,-123.085183,1,FALSE,FALSE,20000,0266,1783022725,2026-07-02T20:05:32Z,2026-07-02T20:05:32Z,2026-07-02T20:05:23Z,2.2,https://gbfs.kappa.fifteen.eu/gbfs/2.2/mobi/en/gbfs.json,https://gbfs.kappa.fifteen.eu/gbfs/2.2/mobi/en/free_bike_status.json,2026-07-02T20:05:31Z,2026-07-02T20:05:31Z
mobi_vancouver,mobi_vancouver_af25acda-86c7-49ba-8218-9fe920c16336,af25acda-86c7-49ba-8218-9fe920c16336,49.264466,-123.085183,1,FALSE,FALSE,20000,0266,1783022725,2026-07-02T20:05:32Z,2026-07-02T20:05:32Z,2026-07-02T20:05:23Z,2.2,https://gbfs.kappa.fifteen.eu/gbfs/2.2/mobi/en/gbfs.json,https://gbfs.kappa.fifteen.eu/gbfs/2.2/mobi/en/free_bike_status.json,2026-07-02T20:05:31Z,2026-07-02T20:05:31Z
mobi_vancouver,mobi_vancouver_0ed42f49-0681-4484-8f8b-e9655e18d74b,0ed42f49-0681-4484-8f8b-e9655e18d74b,49.264466,-123.085183,1,FALSE,FALSE,20000,0266,1783022725,2026-07-02T20:05:32Z,2026-07-02T20:05:32Z,2026-07-02T20:05:23Z,2.2,https://gbfs.kappa.fifteen.eu/gbfs/2.2/mobi/en/gbfs.json,https://gbfs.kappa.fifteen.eu/gbfs/2.2/mobi/en/free_bike_status.json,2026-07-02T20:05:31Z,2026-07-02T20:05:31Z
mobi_vancouver,mobi_vancouver_9db99d7c-e9d6-4544-84b2-058f9bd7355d,9db99d7c-e9d6-4544-84b2-058f9bd7355d,49.267266,-123.090786,1,FALSE,FALSE,20000,0287,1783022725,2026-07-02T20:05:32Z,2026-07-02T20:05:32Z,2026-07-02T20:05:23Z,2.2,https://gbfs.kappa.fifteen.eu/gbfs/2.2/mobi/en/gbfs.json,https://gbfs.kappa.fifteen.eu/gbfs/2.2/mobi/en/free_bike_status.json,2026-07-02T20:05:31Z,2026-07-02T20:05:31Z
mobi_vancouver,mobi_vancouver_8de551c6-6727-40ea-842b-294a47811fa7,8de551c6-6727-40ea-842b-294a47811fa7,49.280332,-123.070068,1,FALSE,FALSE,20000,0224,1783022725,2026-07-02T20:05:32Z,2026-07-02T20:05:32Z,2026-07-02T20:05:23Z,2.2,https://gbfs.kappa.fifteen.eu/gbfs/2.2/mobi/en/gbfs.json,https://gbfs.kappa.fifteen.eu/gbfs/2.2/mobi/en/free_bike_status.json,2026-07-02T20:05:31Z,2026-07-02T20:05:31Z
mobi_vancouver,mobi_vancouver_29477622-c9ab-40e1-96c2-b4b446e45ecb,29477622-c9ab-40e1-96c2-b4b446e45ecb,49.283236,-123.070443,1,FALSE,FALSE,20000,0285,1783022725,2026-07-02T20:05:32Z,2026-07-02T20:05:32Z,2026-07-02T20:05:23Z,2.2,https://gbfs.kappa.fifteen.eu/gbfs/2.2/mobi/en/gbfs.json,https://gbfs.kappa.fifteen.eu/gbfs/2.2/mobi/en/free_bike_status.json,2026-07-02T20:05:31Z,2026-07-02T20:05:31Z
mobi_vancouver,mobi_vancouver_7424b2ee-7e82-472b-a489-ebd253a04452,7424b2ee-7e82-472b-a489-ebd253a04452,49.256694,-123.096579,1,FALSE,FALSE,20000,0256,1783022725,2026-07-02T20:05:32Z,2026-07-02T20:05:32Z,2026-07-02T20:05:23Z,2.2,https://gbfs.kappa.fifteen.eu/gbfs/2.2/mobi/en/gbfs.json,https://gbfs.kappa.fifteen.eu/gbfs/2.2/mobi/en/free_bike_status.json,2026-07-02T20:05:31Z,2026-07-02T20:05:31Z
mobi_vancouver,mobi_vancouver_e5dc87db-114f-40e2-a7d2-427987d8bb5c,e5dc87db-114f-40e2-a7d2-427987d8bb5c,49.265213,-123.090785,1,FALSE,FALSE,20000,0298,1783022725,2026-07-02T20:05:32Z,2026-07-02T20:05:32Z,2026-07-02T20:05:23Z,2.2,https://gbfs.kappa.fifteen.eu/gbfs/2.2/mobi/en/gbfs.json,https://gbfs.kappa.fifteen.eu/gbfs/2.2/mobi/en/free_bike_status.json,2026-07-02T20:05:31Z,2026-07-02T20:05:31Z
mobi_vancouver,mobi_vancouver_999992d1-0350-4097-a69e-ead7a7660dcc,999992d1-0350-4097-a69e-ead7a7660dcc,49.256857,-123.065646,1,FALSE,FALSE,20000,0278,1783022725,2026-07-02T20:05:32Z,2026-07-02T20:05:32Z,2026-07-02T20:05:23Z,2.2,https://gbfs.kappa.fifteen.eu/gbfs/2.2/mobi/en/gbfs.json,https://gbfs.kappa.fifteen.eu/gbfs/2.2/mobi/en/free_bike_status.json,2026-07-02T20:05:31Z,2026-07-02T20:05:31Z
mobi_vancouver,mobi_vancouver_43052b6f-0965-41b1-a3dc-fa17490137dc,43052b6f-0965-41b1-a3dc-fa17490137dc,49.27033,-123.10275,1,FALSE,FALSE,20000,0177,1783022725,2026-07-02T20:05:32Z,2026-07-02T20:05:32Z,2026-07-02T20:05:23Z,2.2,https://gbfs.kappa.fifteen.eu/gbfs/2.2/mobi/en/gbfs.json,https://gbfs.kappa.fifteen.eu/gbfs/2.2/mobi/en/free_bike_status.json,2026-07-02T20:05:31Z,2026-07-02T20:05:31Z
mobi_vancouver,mobi_vancouver_cb798ce5-4bb1-4ddc-9cae-b4a91d5437f6,cb798ce5-4bb1-4ddc-9cae-b4a91d5437f6,49.302577,-123.155616,1,FALSE,FALSE,20000,0103,1783022725,2026-07-02T20:05:32Z,2026-07-02T20:05:32Z,2026-07-02T20:05:23Z,2.2,https://gbfs.kappa.fifteen.eu/gbfs/2.2/mobi/en/gbfs.json,https://gbfs.kappa.fifteen.eu/gbfs/2.2/mobi/en/free_bike_status.json,2026-07-02T20:05:31Z,2026-07-02T20:05:31Z
mobi_vancouver,mobi_vancouver_b291b485-aabd-41c6-acd3-e15823b4bffd,b291b485-aabd-41c6-acd3-e15823b4bffd,49.277615,-123.091654,1,FALSE,FALSE,20000,0215,1783022725,2026-07-02T20:05:32Z,2026-07-02T20:05:32Z,2026-07-02T20:05:23Z,2.2,https://gbfs.kappa.fifteen.eu/gbfs/2.2/mobi/en/gbfs.json,https://gbfs.kappa.fifteen.eu/gbfs/2.2/mobi/en/free_bike_status.json,2026-07-02T20:05:31Z,2026-07-02T20:05:31Z
mobi_vancouver,mobi_vancouver_6521e709-0519-41c4-bcd3-4ca6a863c52e,6521e709-0519-41c4-bcd3-4ca6a863c52e,49.28512,-123.11242,1,FALSE,FALSE,20000,0308,1783022725,2026-07-02T20:05:32Z,2026-07-02T20:05:32Z,2026-07-02T20:05:23Z,2.2,https://gbfs.kappa.fifteen.eu/gbfs/2.2/mobi/en/gbfs.json,https://gbfs.kappa.fifteen.eu/gbfs/2.2/mobi/en/free_bike_status.json,2026-07-02T20:05:31Z,2026-07-02T20:05:31Z
mobi_vancouver,mobi_vancouver_c3e4431d-9e67-4acc-8a42-e2e2168b4059,c3e4431d-9e67-4acc-8a42-e2e2168b4059,49.272969,-123.164325,1,FALSE,FALSE,20000,0460,1783022725,2026-07-02T20:05:32Z,2026-07-02T20:05:32Z,2026-07-02T20:05:23Z,2.2,https://gbfs.kappa.fifteen.eu/gbfs/2.2/mobi/en/gbfs.json,https://gbfs.kappa.fifteen.eu/gbfs/2.2/mobi/en/free_bike_status.json,2026-07-02T20:05:31Z,2026-07-02T20:05:31Z
mobi_vancouver,mobi_vancouver_6b54428a-d78f-42de-9cb1-e0cc5b60a8a4,6b54428a-d78f-42de-9cb1-e0cc5b60a8a4,49.264928,-123.168068,1,FALSE,FALSE,20000,0452,1783022725,2026-07-02T20:05:32Z,2026-07-02T20:05:32Z,2026-07-02T20:05:23Z,2.2,https://gbfs.kappa.fifteen.eu/gbfs/2.2/mobi/en/gbfs.json,https://gbfs.kappa.fifteen.eu/gbfs/2.2/mobi/en/free_bike_status.json,2026-07-02T20:05:31Z,2026-07-02T20:05:31Z
mobi_vancouver,mobi_vancouver_60eb3627-9ff6-41a5-937f-0e02ac5c50d4,60eb3627-9ff6-41a5-937f-0e02ac5c50d4,49.273011,-123.159663,1,FALSE,FALSE,20000,0470,1783022725,2026-07-02T20:05:32Z,2026-07-02T20:05:32Z,2026-07-02T20:05:23Z,2.2,https://gbfs.kappa.fifteen.eu/gbfs/2.2/mobi/en/gbfs.json,https://gbfs.kappa.fifteen.eu/gbfs/2.2/mobi/en/free_bike_status.json,2026-07-02T20:05:31Z,2026-07-02T20:05:31Z
mobi_vancouver,mobi_vancouver_1e21f4d1-7a7f-4d83-bb4c-c3bc5edc779e,1e21f4d1-7a7f-4d83-bb4c-c3bc5edc779e,49.243375,-123.104978,1,FALSE,FALSE,20000,0557,1783022725,2026-07-02T20:05:32Z,2026-07-02T20:05:32Z,2026-07-02T20:05:23Z,2.2,https://gbfs.kappa.fifteen.eu/gbfs/2.2/mobi/en/gbfs.json,https://gbfs.kappa.fifteen.eu/gbfs/2.2/mobi/en/free_bike_status.json,2026-07-02T20:05:31Z,2026-07-02T20:05:31Z
mobi_vancouver,mobi_vancouver_a0209a3d-bbd0-439f-a707-59afd99e19fe,a0209a3d-bbd0-439f-a707-59afd99e19fe,49.283968,-123.061615,1,FALSE,FALSE,20000,0631,1783022725,2026-07-02T20:05:32Z,2026-07-02T20:05:32Z,2026-07-02T20:05:23Z,2.2,https://gbfs.kappa.fifteen.eu/gbfs/2.2/mobi/en/gbfs.json,https://gbfs.kappa.fifteen.eu/gbfs/2.2/mobi/en/free_bike_status.json,2026-07-02T20:05:31Z,2026-07-02T20:05:31Z
mobi_vancouver,mobi_vancouver_e9202c0a-311e-4d52-be94-91b819c2f0fe,e9202c0a-311e-4d52-be94-91b819c2f0fe,49.285575,-123.061575,1,FALSE,FALSE,20000,0621,1783022725,2026-07-02T20:05:32Z,2026-07-02T20:05:32Z,2026-07-02T20:05:23Z,2.2,https://gbfs.kappa.fifteen.eu/gbfs/2.2/mobi/en/gbfs.json,https://gbfs.kappa.fifteen.eu/gbfs/2.2/mobi/en/free_bike_status.json,2026-07-02T20:05:31Z,2026-07-02T20:05:31Z
mobi_vancouver,mobi_vancouver_b162d650-54b5-4d34-8ffa-22b96be85a7d,b162d650-54b5-4d34-8ffa-22b96be85a7d,49.25478,-123.23621,1,FALSE,FALSE,20000,2252,1783022725,2026-07-02T20:05:32Z,2026-07-02T20:05:32Z,2026-07-02T20:05:23Z,2.2,https://gbfs.kappa.fifteen.eu/gbfs/2.2/mobi/en/gbfs.json,https://gbfs.kappa.fifteen.eu/gbfs/2.2/mobi/en/free_bike_status.json,2026-07-02T20:05:31Z,2026-07-02T20:05:31Z
mobi_vancouver,mobi_vancouver_03a83454-661e-452f-9e08-06b43d0a6f7f,03a83454-661e-452f-9e08-06b43d0a6f7f,49.283482,-123.103738,1,FALSE,FALSE,20000,0013,1783022725,2026-07-02T20:05:32Z,2026-07-02T20:05:32Z,2026-07-02T20:05:23Z,2.2,https://gbfs.kappa.fifteen.eu/gbfs/2.2/mobi/en/gbfs.json,https://gbfs.kappa.fifteen.eu/gbfs/2.2/mobi/en/free_bike_status.json,2026-07-02T20:05:31Z,2026-07-02T20:05:31Z
mobi_vancouver,mobi_vancouver_8b11fb26-949a-4817-9cf8-90573ff9887b,8b11fb26-949a-4817-9cf8-90573ff9887b,49.26518,-123.25868,1,FALSE,FALSE,20000,2112,1783022725,2026-07-02T20:05:32Z,2026-07-02T20:05:32Z,2026-07-02T20:05:23Z,2.2,https://gbfs.kappa.fifteen.eu/gbfs/2.2/mobi/en/gbfs.json,https://gbfs.kappa.fifteen.eu/gbfs/2.2/mobi/en/free_bike_status.json,2026-07-02T20:05:31Z,2026-07-02T20:05:31Z
mobi_vancouver,mobi_vancouver_e39df1c2-ea89-4c41-adfb-f19ed3957418,e39df1c2-ea89-4c41-adfb-f19ed3957418,49.26213,-123.11989,1,FALSE,FALSE,20000,0121,1783022725,2026-07-02T20:05:32Z,2026-07-02T20:05:32Z,2026-07-02T20:05:23Z,2.2,https://gbfs.kappa.fifteen.eu/gbfs/2.2/mobi/en/gbfs.json,https://gbfs.kappa.fifteen.eu/gbfs/2.2/mobi/en/free_bike_status.json,2026-07-02T20:05:31Z,2026-07-02T20:05:31Z
mobi_vancouver,mobi_vancouver_5f0e9d60-6699-4d4d-a319-e9aac77772e8,5f0e9d60-6699-4d4d-a319-e9aac77772e8,49.2506,-123.23238,1,FALSE,FALSE,20000,2255,1783022725,2026-07-02T20:05:32Z,2026-07-02T20:05:32Z,2026-07-02T20:05:23Z,2.2,https://gbfs.kappa.fifteen.eu/gbfs/2.2/mobi/en/gbfs.json,https://gbfs.kappa.fifteen.eu/gbfs/2.2/mobi/en/free_bike_status.json,2026-07-02T20:05:31Z,2026-07-02T20:05:31Z
mobi_vancouver,mobi_vancouver_2bf01ec3-731b-4ba8-8335-7d50201fac35,2bf01ec3-731b-4ba8-8335-7d50201fac35,49.262487,-123.114397,1,FALSE,FALSE,20400,0001,1783022725,2026-07-02T20:05:32Z,2026-07-02T20:05:32Z,2026-07-02T20:05:23Z,2.2,https://gbfs.kappa.fifteen.eu/gbfs/2.2/mobi/en/gbfs.json,https://gbfs.kappa.fifteen.eu/gbfs/2.2/mobi/en/free_bike_status.json,2026-07-02T20:05:31Z,2026-07-02T20:05:31Z
mobi_vancouver,mobi_vancouver_680e71c8-5f2a-48ff-8373-6ed90bface6c,680e71c8-5f2a-48ff-8373-6ed90bface6c,49.282409,-123.118541,1,FALSE,FALSE,20400,0015,1783022725,2026-07-02T20:05:32Z,2026-07-02T20:05:32Z,2026-07-02T20:05:23Z,2.2,https://gbfs.kappa.fifteen.eu/gbfs/2.2/mobi/en/gbfs.json,https://gbfs.kappa.fifteen.eu/gbfs/2.2/mobi/en/free_bike_status.json,2026-07-02T20:05:31Z,2026-07-02T20:05:31Z
mobi_vancouver,mobi_vancouver_5e680ddc-15dc-4e25-8bce-dfe3407b047a,5e680ddc-15dc-4e25-8bce-dfe3407b047a,49.28725,-123.11298,1,FALSE,FALSE,20400,0014,1783022725,2026-07-02T20:05:32Z,2026-07-02T20:05:32Z,2026-07-02T20:05:23Z,2.2,https://gbfs.kappa.fifteen.eu/gbfs/2.2/mobi/en/gbfs.json,https://gbfs.kappa.fifteen.eu/gbfs/2.2/mobi/en/free_bike_status.json,2026-07-02T20:05:31Z,2026-07-02T20:05:31Z
mobi_vancouver,mobi_vancouver_c7a06e5d-5cc2-4231-9716-1f71e2a6d8db,c7a06e5d-5cc2-4231-9716-1f71e2a6d8db,49.275679,-123.116963,1,FALSE,FALSE,20400,0027,1783022725,2026-07-02T20:05:32Z,2026-07-02T20:05:32Z,2026-07-02T20:05:23Z,2.2,https://gbfs.kappa.fifteen.eu/gbfs/2.2/mobi/en/gbfs.json,https://gbfs.kappa.fifteen.eu/gbfs/2.2/mobi/en/free_bike_status.json,2026-07-02T20:05:31Z,2026-07-02T20:05:31Z
mobi_vancouver,mobi_vancouver_ae052f30-a63d-43e8-b12d-505453d6b7f9,ae052f30-a63d-43e8-b12d-505453d6b7f9,49.289255,-123.132677,1,FALSE,FALSE,20400,0041,1783022725,2026-07-02T20:05:32Z,2026-07-02T20:05:32Z,2026-07-02T20:05:23Z,2.2,https://gbfs.kappa.fifteen.eu/gbfs/2.2/mobi/en/gbfs.json,https://gbfs.kappa.fifteen.eu/gbfs/2.2/mobi/en/free_bike_status.json,2026-07-02T20:05:31Z,2026-07-02T20:05:31Z
mobi_vancouver,mobi_vancouver_09a4852b-4f19-454f-aa98-7aff1ec5f23e,09a4852b-4f19-454f-aa98-7aff1ec5f23e,49.265089,-123.119425,1,FALSE,FALSE,20400,0081,1783022725,2026-07-02T20:05:32Z,2026-07-02T20:05:32Z,2026-07-02T20:05:23Z,2.2,https://gbfs.kappa.fifteen.eu/gbfs/2.2/mobi/en/gbfs.json,https://gbfs.kappa.fifteen.eu/gbfs/2.2/mobi/en/free_bike_status.json,2026-07-02T20:05:31Z,2026-07-02T20:05:31Z
mobi_vancouver,mobi_vancouver_398c8548-dc10-4ff4-8f7c-5624c75a1c9e,398c8548-dc10-4ff4-8f7c-5624c75a1c9e,49.283343,-123.131099,1,FALSE,FALSE,20400,0050,1783022725,2026-07-02T20:05:32Z,2026-07-02T20:05:32Z,2026-07-02T20:05:23Z,2.2,https://gbfs.kappa.fifteen.eu/gbfs/2.2/mobi/en/gbfs.json,https://gbfs.kappa.fifteen.eu/gbfs/2.2/mobi/en/free_bike_status.json,2026-07-02T20:05:31Z,2026-07-02T20:05:31Z
mobi_vancouver,mobi_vancouver_aea5bc37-26ee-4a22-b843-a1391930ec14,aea5bc37-26ee-4a22-b843-a1391930ec14,49.284605,-123.108662,1,FALSE,FALSE,20400,0052,1783022725,2026-07-02T20:05:32Z,2026-07-02T20:05:32Z,2026-07-02T20:05:23Z,2.2,https://gbfs.kappa.fifteen.eu/gbfs/2.2/mobi/en/gbfs.json,https://gbfs.kappa.fifteen.eu/gbfs/2.2/mobi/en/free_bike_status.json,2026-07-02T20:05:31Z,2026-07-02T20:05:31Z
mobi_vancouver,mobi_vancouver_d47d24eb-b50c-4307-aaf4-2ec754ae503c,d47d24eb-b50c-4307-aaf4-2ec754ae503c,49.273471,-123.118016,1,FALSE,FALSE,20400,0017,1783022725,2026-07-02T20:05:32Z,2026-07-02T20:05:32Z,2026-07-02T20:05:23Z,2.2,https://gbfs.kappa.fifteen.eu/gbfs/2.2/mobi/en/gbfs.json,https://gbfs.kappa.fifteen.eu/gbfs/2.2/mobi/en/free_bike_status.json,2026-07-02T20:05:31Z,2026-07-02T20:05:31Z
mobi_vancouver,mobi_vancouver_39e7c900-e724-4be9-a679-3a457c832b67,39e7c900-e724-4be9-a679-3a457c832b67,49.256825,-123.105234,1,FALSE,FALSE,20400,0133,1783022725,2026-07-02T20:05:32Z,2026-07-02T20:05:32Z,2026-07-02T20:05:23Z,2.2,https://gbfs.kappa.fifteen.eu/gbfs/2.2/mobi/en/gbfs.json,https://gbfs.kappa.fifteen.eu/gbfs/2.2/mobi/en/free_bike_status.json,2026-07-02T20:05:31Z,2026-07-02T20:05:31Z
mobi_vancouver,mobi_vancouver_008bbb0e-2977-4c33-b5d2-ca0135cbec10,008bbb0e-2977-4c33-b5d2-ca0135cbec10,49.27821,-123.136972,2,FALSE,FALSE,20400,0083,1783022725,2026-07-02T20:05:32Z,2026-07-02T20:05:32Z,2026-07-02T20:05:23Z,2.2,https://gbfs.kappa.fifteen.eu/gbfs/2.2/mobi/en/gbfs.json,https://gbfs.kappa.fifteen.eu/gbfs/2.2/mobi/en/free_bike_status.json,2026-07-02T20:05:31Z,2026-07-02T20:05:31Z
mobi_vancouver,mobi_vancouver_3ef15501-fa7f-4a51-8ea1-3e452cd23dac,3ef15501-fa7f-4a51-8ea1-3e452cd23dac,49.256845,-123.120071,1,FALSE,FALSE,20400,0130,1783022725,2026-07-02T20:05:32Z,2026-07-02T20:05:32Z,2026-07-02T20:05:23Z,2.2,https://gbfs.kappa.fifteen.eu/gbfs/2.2/mobi/en/gbfs.json,https://gbfs.kappa.fifteen.eu/gbfs/2.2/mobi/en/free_bike_status.json,2026-07-02T20:05:31Z,2026-07-02T20:05:31Z
mobi_vancouver,mobi_vancouver_f6beb5a8-691e-45c4-9e88-5fdf45d1aed5,f6beb5a8-691e-45c4-9e88-5fdf45d1aed5,49.284157,-123.099917,1,FALSE,FALSE,20400,0150,1783022725,2026-07-02T20:05:32Z,2026-07-02T20:05:32Z,2026-07-02T20:05:23Z,2.2,https://gbfs.kappa.fifteen.eu/gbfs/2.2/mobi/en/gbfs.json,https://gbfs.kappa.fifteen.eu/gbfs/2.2/mobi/en/free_bike_status.json,2026-07-02T20:05:31Z,2026-07-02T20:05:31Z
mobi_vancouver,mobi_vancouver_43711118-3e14-4bba-8426-2d49d2896962,43711118-3e14-4bba-8426-2d49d2896962,49.281506,-123.120101,1,FALSE,FALSE,20400,0063,1783022725,2026-07-02T20:05:32Z,2026-07-02T20:05:32Z,2026-07-02T20:05:23Z,2.2,https://gbfs.kappa.fifteen.eu/gbfs/2.2/mobi/en/gbfs.json,https://gbfs.kappa.fifteen.eu/gbfs/2.2/mobi/en/free_bike_status.json,2026-07-02T20:05:31Z,2026-07-02T20:05:31Z
mobi_vancouver,mobi_vancouver_fc4a4d5e-4747-423a-a075-3a09656084d3,fc4a4d5e-4747-423a-a075-3a09656084d3,49.267222,-123.153157,1,FALSE,FALSE,20400,0110,1783022725,2026-07-02T20:05:32Z,2026-07-02T20:05:32Z,2026-07-02T20:05:23Z,2.2,https://gbfs.kappa.fifteen.eu/gbfs/2.2/mobi/en/gbfs.json,https://gbfs.kappa.fifteen.eu/gbfs/2.2/mobi/en/free_bike_status.json,2026-07-02T20:05:31Z,2026-07-02T20:05:31Z
mobi_vancouver,mobi_vancouver_0e004774-dbf5-4794-9217-c8793ea8c6c1,0e004774-dbf5-4794-9217-c8793ea8c6c1,49.262598,-123.138921,1,FALSE,FALSE,20400,0070,1783022725,2026-07-02T20:05:32Z,2026-07-02T20:05:32Z,2026-07-02T20:05:23Z,2.2,https://gbfs.kappa.fifteen.eu/gbfs/2.2/mobi/en/gbfs.json,https://gbfs.kappa.fifteen.eu/gbfs/2.2/mobi/en/free_bike_status.json,2026-07-02T20:05:31Z,2026-07-02T20:05:31Z
mobi_vancouver,mobi_vancouver_9f332261-411c-4b8c-aca1-fa85a0e7ce4d,9f332261-411c-4b8c-aca1-fa85a0e7ce4d,49.268216,-123.103168,1,FALSE,FALSE,20400,0119,1783022725,2026-07-02T20:05:32Z,2026-07-02T20:05:32Z,2026-07-02T20:05:23Z,2.2,https://gbfs.kappa.fifteen.eu/gbfs/2.2/mobi/en/gbfs.json,https://gbfs.kappa.fifteen.eu/gbfs/2.2/mobi/en/free_bike_status.json,2026-07-02T20:05:31Z,2026-07-02T20:05:31Z
mobi_vancouver,mobi_vancouver_ee43501b-b8fa-43a7-aa30-be8fd4fd02d9,ee43501b-b8fa-43a7-aa30-be8fd4fd02d9,49.268216,-123.103168,1,FALSE,FALSE,20400,0119,1783022725,2026-07-02T20:05:32Z,2026-07-02T20:05:32Z,2026-07-02T20:05:23Z,2.2,https://gbfs.kappa.fifteen.eu/gbfs/2.2/mobi/en/gbfs.json,https://gbfs.kappa.fifteen.eu/gbfs/2.2/mobi/en/free_bike_status.json,2026-07-02T20:05:31Z,2026-07-02T20:05:31Z
mobi_vancouver,mobi_vancouver_b3a88bf3-aac9-4ca8-a2ef-5ba0b8cb5c43,b3a88bf3-aac9-4ca8-a2ef-5ba0b8cb5c43,49.262822,-123.14338,1,FALSE,FALSE,20400,0205,1783022725,2026-07-02T20:05:32Z,2026-07-02T20:05:32Z,2026-07-02T20:05:23Z,2.2,https://gbfs.kappa.fifteen.eu/gbfs/2.2/mobi/en/gbfs.json,https://gbfs.kappa.fifteen.eu/gbfs/2.2/mobi/en/free_bike_status.json,2026-07-02T20:05:31Z,2026-07-02T20:05:31Z
mobi_vancouver,mobi_vancouver_1afc1c68-dd9c-40cd-b826-9553878e02dc,1afc1c68-dd9c-40cd-b826-9553878e02dc,49.294318,-123.148808,1,FALSE,FALSE,20400,0104,1783022725,2026-07-02T20:05:32Z,2026-07-02T20:05:32Z,2026-07-02T20:05:23Z,2.2,https://gbfs.kappa.fifteen.eu/gbfs/2.2/mobi/en/gbfs.json,https://gbfs.kappa.fifteen.eu/gbfs/2.2/mobi/en/free_bike_status.json,2026-07-02T20:05:31Z,2026-07-02T20:05:31Z
mobi_vancouver,mobi_vancouver_57004b13-6951-4b63-ab69-dc4b1d4aa55d,57004b13-6951-4b63-ab69-dc4b1d4aa55d,49.278529,-123.100017,1,FALSE,FALSE,20400,0199,1783022725,2026-07-02T20:05:32Z,2026-07-02T20:05:32Z,2026-07-02T20:05:23Z,2.2,https://gbfs.kappa.fifteen.eu/gbfs/2.2/mobi/en/gbfs.json,https://gbfs.kappa.fifteen.eu/gbfs/2.2/mobi/en/free_bike_status.json,2026-07-02T20:05:31Z,2026-07-02T20:05:31Z
mobi_vancouver,mobi_vancouver_1d161a9d-cfeb-4531-9476-a1c53078eb4e,1d161a9d-cfeb-4531-9476-a1c53078eb4e,49.283227,-123.120523,1,FALSE,FALSE,20400,0099,1783022725,2026-07-02T20:05:32Z,2026-07-02T20:05:32Z,2026-07-02T20:05:23Z,2.2,https://gbfs.kappa.fifteen.eu/gbfs/2.2/mobi/en/gbfs.json,https://gbfs.kappa.fifteen.eu/gbfs/2.2/mobi/en/free_bike_status.json,2026-07-02T20:05:31Z,2026-07-02T20:05:31Z
mobi_vancouver,mobi_vancouver_404d754a-99b9-41ef-82af-049d17472829,404d754a-99b9-41ef-82af-049d17472829,49.268616,-123.069908,1,FALSE,FALSE,20400,0240,1783022725,2026-07-02T20:05:32Z,2026-07-02T20:05:32Z,2026-07-02T20:05:23Z,2.2,https://gbfs.kappa.fifteen.eu/gbfs/2.2/mobi/en/gbfs.json,https://gbfs.kappa.fifteen.eu/gbfs/2.2/mobi/en/free_bike_status.json,2026-07-02T20:05:31Z,2026-07-02T20:05:31Z
mobi_vancouver,mobi_vancouver_bcf91126-04c5-422f-a16f-11c4f280f7ef,bcf91126-04c5-422f-a16f-11c4f280f7ef,49.283992,-123.091206,1,FALSE,FALSE,20400,0230,1783022725,2026-07-02T20:05:32Z,2026-07-02T20:05:32Z,2026-07-02T20:05:23Z,2.2,https://gbfs.kappa.fifteen.eu/gbfs/2.2/mobi/en/gbfs.json,https://gbfs.kappa.fifteen.eu/gbfs/2.2/mobi/en/free_bike_status.json,2026-07-02T20:05:31Z,2026-07-02T20:05:31Z
mobi_vancouver,mobi_vancouver_ec009558-c419-4a5e-ac81-5b3a31036d32,ec009558-c419-4a5e-ac81-5b3a31036d32,49.277469,-123.081315,1,FALSE,FALSE,20400,0221,1783022725,2026-07-02T20:05:32Z,2026-07-02T20:05:32Z,2026-07-02T20:05:23Z,2.2,https://gbfs.kappa.fifteen.eu/gbfs/2.2/mobi/en/gbfs.json,https://gbfs.kappa.fifteen.eu/gbfs/2.2/mobi/en/free_bike_status.json,2026-07-02T20:05:31Z,2026-07-02T20:05:31Z
mobi_vancouver,mobi_vancouver_ff261fc1-696a-4889-a723-5f1aa0af164a,ff261fc1-696a-4889-a723-5f1aa0af164a,49.280852,-123.084746,1,FALSE,FALSE,20400,0227,1783022725,2026-07-02T20:05:32Z,2026-07-02T20:05:32Z,2026-07-02T20:05:23Z,2.2,https://gbfs.kappa.fifteen.eu/gbfs/2.2/mobi/en/gbfs.json,https://gbfs.kappa.fifteen.eu/gbfs/2.2/mobi/en/free_bike_status.json,2026-07-02T20:05:31Z,2026-07-02T20:05:31Z
mobi_vancouver,mobi_vancouver_35576a72-9257-4a15-a0e2-01a9736938c1,35576a72-9257-4a15-a0e2-01a9736938c1,49.264251,-123.073853,1,FALSE,FALSE,20400,0249,1783022725,2026-07-02T20:05:32Z,2026-07-02T20:05:32Z,2026-07-02T20:05:23Z,2.2,https://gbfs.kappa.fifteen.eu/gbfs/2.2/mobi/en/gbfs.json,https://gbfs.kappa.fifteen.eu/gbfs/2.2/mobi/en/free_bike_status.json,2026-07-02T20:05:31Z,2026-07-02T20:05:31Z
mobi_vancouver,mobi_vancouver_86f6692c-1109-4cc4-94d2-92be92bf723c,86f6692c-1109-4cc4-94d2-92be92bf723c,49.280332,-123.070068,1,FALSE,FALSE,20400,0224,1783022725,2026-07-02T20:05:32Z,2026-07-02T20:05:32Z,2026-07-02T20:05:23Z,2.2,https://gbfs.kappa.fifteen.eu/gbfs/2.2/mobi/en/gbfs.json,https://gbfs.kappa.fifteen.eu/gbfs/2.2/mobi/en/free_bike_status.json,2026-07-02T20:05:31Z,2026-07-02T20:05:31Z
mobi_vancouver,mobi_vancouver_729aa5bd-a88b-4675-b42f-aed223447673,729aa5bd-a88b-4675-b42f-aed223447673,49.280332,-123.070068,1,FALSE,FALSE,20400,0224,1783022725,2026-07-02T20:05:32Z,2026-07-02T20:05:32Z,2026-07-02T20:05:23Z,2.2,https://gbfs.kappa.fifteen.eu/gbfs/2.2/mobi/en/gbfs.json,https://gbfs.kappa.fifteen.eu/gbfs/2.2/mobi/en/free_bike_status.json,2026-07-02T20:05:31Z,2026-07-02T20:05:31Z
mobi_vancouver,mobi_vancouver_7ed83c48-9c1b-4b81-a130-9c1dc81fd0a2,7ed83c48-9c1b-4b81-a130-9c1dc81fd0a2,49.280197,-123.065859,1,FALSE,FALSE,20400,0272,1783022725,2026-07-02T20:05:32Z,2026-07-02T20:05:32Z,2026-07-02T20:05:23Z,2.2,https://gbfs.kappa.fifteen.eu/gbfs/2.2/mobi/en/gbfs.json,https://gbfs.kappa.fifteen.eu/gbfs/2.2/mobi/en/free_bike_status.json,2026-07-02T20:05:31Z,2026-07-02T20:05:31Z
mobi_vancouver,mobi_vancouver_8c9519ec-f082-44a1-8e68-0999f6086bc1,8c9519ec-f082-44a1-8e68-0999f6086bc1,49.261188,-123.066009,1,FALSE,FALSE,20400,0274,1783022725,2026-07-02T20:05:32Z,2026-07-02T20:05:32Z,2026-07-02T20:05:23Z,2.2,https://gbfs.kappa.fifteen.eu/gbfs/2.2/mobi/en/gbfs.json,https://gbfs.kappa.fifteen.eu/gbfs/2.2/mobi/en/free_bike_status.json,2026-07-02T20:05:31Z,2026-07-02T20:05:31Z
mobi_vancouver,mobi_vancouver_3916f752-925d-47b7-b8f6-f5226729513c,3916f752-925d-47b7-b8f6-f5226729513c,49.280881,-123.130672,1,FALSE,FALSE,20400,0126,1783022725,2026-07-02T20:05:32Z,2026-07-02T20:05:32Z,2026-07-02T20:05:23Z,2.2,https://gbfs.kappa.fifteen.eu/gbfs/2.2/mobi/en/gbfs.json,https://gbfs.kappa.fifteen.eu/gbfs/2.2/mobi/en/free_bike_status.json,2026-07-02T20:05:31Z,2026-07-02T20:05:31Z
mobi_vancouver,mobi_vancouver_974bcf00-1b05-4f95-ac06-82a848b8477a,974bcf00-1b05-4f95-ac06-82a848b8477a,49.283986,-123.065264,1,FALSE,FALSE,20400,0280,1783022725,2026-07-02T20:05:32Z,2026-07-02T20:05:32Z,2026-07-02T20:05:23Z,2.2,https://gbfs.kappa.fifteen.eu/gbfs/2.2/mobi/en/gbfs.json,https://gbfs.kappa.fifteen.eu/gbfs/2.2/mobi/en/free_bike_status.json,2026-07-02T20:05:31Z,2026-07-02T20:05:31Z
mobi_vancouver,mobi_vancouver_3ace8d7b-4959-41ce-9f37-f58d4e015a6b,3ace8d7b-4959-41ce-9f37-f58d4e015a6b,49.258352,-123.096337,1,FALSE,FALSE,20400,0257,1783022725,2026-07-02T20:05:32Z,2026-07-02T20:05:32Z,2026-07-02T20:05:23Z,2.2,https://gbfs.kappa.fifteen.eu/gbfs/2.2/mobi/en/gbfs.json,https://gbfs.kappa.fifteen.eu/gbfs/2.2/mobi/en/free_bike_status.json,2026-07-02T20:05:31Z,2026-07-02T20:05:31Z
mobi_vancouver,mobi_vancouver_b76d636b-ad81-4f1f-a793-dd1e97c1f13d,b76d636b-ad81-4f1f-a793-dd1e97c1f13d,49.27033,-123.10275,1,FALSE,FALSE,20400,0177,1783022725,2026-07-02T20:05:32Z,2026-07-02T20:05:32Z,2026-07-02T20:05:23Z,2.2,https://gbfs.kappa.fifteen.eu/gbfs/2.2/mobi/en/gbfs.json,https://gbfs.kappa.fifteen.eu/gbfs/2.2/mobi/en/free_bike_status.json,2026-07-02T20:05:31Z,2026-07-02T20:05:31Z
mobi_vancouver,mobi_vancouver_9446e731-b235-46a7-82ca-af7f160365a5,9446e731-b235-46a7-82ca-af7f160365a5,49.277333,-123.087359,1,FALSE,FALSE,20400,0219,1783022725,2026-07-02T20:05:32Z,2026-07-02T20:05:32Z,2026-07-02T20:05:23Z,2.2,https://gbfs.kappa.fifteen.eu/gbfs/2.2/mobi/en/gbfs.json,https://gbfs.kappa.fifteen.eu/gbfs/2.2/mobi/en/free_bike_status.json,2026-07-02T20:05:31Z,2026-07-02T20:05:31Z
mobi_vancouver,mobi_vancouver_08ddb912-e5fe-44f5-9b19-a51f0850181c,08ddb912-e5fe-44f5-9b19-a51f0850181c,49.277615,-123.091654,1,FALSE,FALSE,20400,0215,1783022725,2026-07-02T20:05:32Z,2026-07-02T20:05:32Z,2026-07-02T20:05:23Z,2.2,https://gbfs.kappa.fifteen.eu/gbfs/2.2/mobi/en/gbfs.json,https://gbfs.kappa.fifteen.eu/gbfs/2.2/mobi/en/free_bike_status.json,2026-07-02T20:05:31Z,2026-07-02T20:05:31Z
mobi_vancouver,mobi_vancouver_39499006-6eed-4ee5-a172-5ac2303e9c4c,39499006-6eed-4ee5-a172-5ac2303e9c4c,49.27247,-123.185643,1,FALSE,FALSE,20400,0410,1783022725,2026-07-02T20:05:32Z,2026-07-02T20:05:32Z,2026-07-02T20:05:23Z,2.2,https://gbfs.kappa.fifteen.eu/gbfs/2.2/mobi/en/gbfs.json,https://gbfs.kappa.fifteen.eu/gbfs/2.2/mobi/en/free_bike_status.json,2026-07-02T20:05:31Z,2026-07-02T20:05:31Z
mobi_vancouver,mobi_vancouver_2ad51f20-5f67-4d93-bdb8-c920c94aec54,2ad51f20-5f67-4d93-bdb8-c920c94aec54,49.264928,-123.168068,1,FALSE,FALSE,20400,0452,1783022725,2026-07-02T20:05:32Z,2026-07-02T20:05:32Z,2026-07-02T20:05:23Z,2.2,https://gbfs.kappa.fifteen.eu/gbfs/2.2/mobi/en/gbfs.json,https://gbfs.kappa.fifteen.eu/gbfs/2.2/mobi/en/free_bike_status.json,2026-07-02T20:05:31Z,2026-07-02T20:05:31Z
mobi_vancouver,mobi_vancouver_175838dc-2de5-46a9-9062-478567ef9f24,175838dc-2de5-46a9-9062-478567ef9f24,49.264326,-123.164725,1,FALSE,FALSE,20400,0464,1783022725,2026-07-02T20:05:32Z,2026-07-02T20:05:32Z,2026-07-02T20:05:23Z,2.2,https://gbfs.kappa.fifteen.eu/gbfs/2.2/mobi/en/gbfs.json,https://gbfs.kappa.fifteen.eu/gbfs/2.2/mobi/en/free_bike_status.json,2026-07-02T20:05:31Z,2026-07-02T20:05:31Z
mobi_vancouver,mobi_vancouver_efb651e9-3763-4787-8643-f97e1870f42d,efb651e9-3763-4787-8643-f97e1870f42d,49.279259,-123.119145,1,FALSE,FALSE,20400,0354,1783022725,2026-07-02T20:05:32Z,2026-07-02T20:05:32Z,2026-07-02T20:05:23Z,2.2,https://gbfs.kappa.fifteen.eu/gbfs/2.2/mobi/en/gbfs.json,https://gbfs.kappa.fifteen.eu/gbfs/2.2/mobi/en/free_bike_status.json,2026-07-02T20:05:31Z,2026-07-02T20:05:31Z
mobi_vancouver,mobi_vancouver_76b6219a-235d-4c2f-b13f-a2ea85bd0c11,76b6219a-235d-4c2f-b13f-a2ea85bd0c11,49.266924,-123.173849,1,FALSE,FALSE,20400,0443,1783022725,2026-07-02T20:05:32Z,2026-07-02T20:05:32Z,2026-07-02T20:05:23Z,2.2,https://gbfs.kappa.fifteen.eu/gbfs/2.2/mobi/en/gbfs.json,https://gbfs.kappa.fifteen.eu/gbfs/2.2/mobi/en/free_bike_status.json,2026-07-02T20:05:31Z,2026-07-02T20:05:31Z
mobi_vancouver,mobi_vancouver_548659db-588c-4c0d-857d-1cba546dc36a,548659db-588c-4c0d-857d-1cba546dc36a,49.243375,-123.104978,1,FALSE,FALSE,20400,0557,1783022725,2026-07-02T20:05:32Z,2026-07-02T20:05:32Z,2026-07-02T20:05:23Z,2.2,https://gbfs.kappa.fifteen.eu/gbfs/2.2/mobi/en/gbfs.json,https://gbfs.kappa.fifteen.eu/gbfs/2.2/mobi/en/free_bike_status.json,2026-07-02T20:05:31Z,2026-07-02T20:05:31Z
mobi_vancouver,mobi_vancouver_d191f8c3-bcff-4c7a-b9c2-7c2aa40e127f,d191f8c3-bcff-4c7a-b9c2-7c2aa40e127f,49.283968,-123.061615,1,FALSE,FALSE,20400,0631,1783022725,2026-07-02T20:05:32Z,2026-07-02T20:05:32Z,2026-07-02T20:05:23Z,2.2,https://gbfs.kappa.fifteen.eu/gbfs/2.2/mobi/en/gbfs.json,https://gbfs.kappa.fifteen.eu/gbfs/2.2/mobi/en/free_bike_status.json,2026-07-02T20:05:31Z,2026-07-02T20:05:31Z
mobi_vancouver,mobi_vancouver_93034653-e6e0-400f-a4f0-53e1d237a240,93034653-e6e0-400f-a4f0-53e1d237a240,49.287464,-123.060771,1,FALSE,FALSE,20400,0611,1783022725,2026-07-02T20:05:32Z,2026-07-02T20:05:32Z,2026-07-02T20:05:23Z,2.2,https://gbfs.kappa.fifteen.eu/gbfs/2.2/mobi/en/gbfs.json,https://gbfs.kappa.fifteen.eu/gbfs/2.2/mobi/en/free_bike_status.json,2026-07-02T20:05:31Z,2026-07-02T20:05:31Z
mobi_vancouver,mobi_vancouver_7beec090-4463-495c-9e37-95dcdd186bec,7beec090-4463-495c-9e37-95dcdd186bec,49.285575,-123.061575,1,FALSE,FALSE,20400,0621,1783022725,2026-07-02T20:05:32Z,2026-07-02T20:05:32Z,2026-07-02T20:05:23Z,2.2,https://gbfs.kappa.fifteen.eu/gbfs/2.2/mobi/en/gbfs.json,https://gbfs.kappa.fifteen.eu/gbfs/2.2/mobi/en/free_bike_status.json,2026-07-02T20:05:31Z,2026-07-02T20:05:31Z
mobi_vancouver,mobi_vancouver_31184d5b-a178-4449-a2c8-2260c323f21b,31184d5b-a178-4449-a2c8-2260c323f21b,49.264019,-123.209176,1,FALSE,FALSE,20400,0716,1783022725,2026-07-02T20:05:32Z,2026-07-02T20:05:32Z,2026-07-02T20:05:23Z,2.2,https://gbfs.kappa.fifteen.eu/gbfs/2.2/mobi/en/gbfs.json,https://gbfs.kappa.fifteen.eu/gbfs/2.2/mobi/en/free_bike_status.json,2026-07-02T20:05:31Z,2026-07-02T20:05:31Z
mobi_vancouver,mobi_vancouver_e4f2cf18-0c6a-4dae-9695-24a6fd4b2069,e4f2cf18-0c6a-4dae-9695-24a6fd4b2069,49.2658,-123.20596,1,FALSE,FALSE,20400,0715,1783022725,2026-07-02T20:05:32Z,2026-07-02T20:05:32Z,2026-07-02T20:05:23Z,2.2,https://gbfs.kappa.fifteen.eu/gbfs/2.2/mobi/en/gbfs.json,https://gbfs.kappa.fifteen.eu/gbfs/2.2/mobi/en/free_bike_status.json,2026-07-02T20:05:31Z,2026-07-02T20:05:31Z
mobi_vancouver,mobi_vancouver_446a5e92-7de5-4e7d-9248-7276dc83d4ab,446a5e92-7de5-4e7d-9248-7276dc83d4ab,49.266579,-123.248549,1,FALSE,FALSE,20400,2143,1783022725,2026-07-02T20:05:32Z,2026-07-02T20:05:32Z,2026-07-02T20:05:23Z,2.2,https://gbfs.kappa.fifteen.eu/gbfs/2.2/mobi/en/gbfs.json,https://gbfs.kappa.fifteen.eu/gbfs/2.2/mobi/en/free_bike_status.json,2026-07-02T20:05:31Z,2026-07-02T20:05:31Z
mobi_vancouver,mobi_vancouver_844e3afd-1069-426f-a153-e20bee4e337e,844e3afd-1069-426f-a153-e20bee4e337e,49.293264,-123.132861,1,FALSE,FALSE,20400,0181,1783022725,2026-07-02T20:05:32Z,2026-07-02T20:05:32Z,2026-07-02T20:05:23Z,2.2,https://gbfs.kappa.fifteen.eu/gbfs/2.2/mobi/en/gbfs.json,https://gbfs.kappa.fifteen.eu/gbfs/2.2/mobi/en/free_bike_status.json,2026-07-02T20:05:31Z,2026-07-02T20:05:31Z
mobi_vancouver,mobi_vancouver_dd657f58-3151-466b-810c-2a4e29815c17,dd657f58-3151-466b-810c-2a4e29815c17,49.25976,-123.2479,1,FALSE,FALSE,20400,2127,1783022725,2026-07-02T20:05:32Z,2026-07-02T20:05:32Z,2026-07-02T20:05:23Z,2.2,https://gbfs.kappa.fifteen.eu/gbfs/2.2/mobi/en/gbfs.json,https://gbfs.kappa.fifteen.eu/gbfs/2.2/mobi/en/free_bike_status.json,2026-07-02T20:05:31Z,2026-07-02T20:05:31Z
mobi_vancouver,mobi_vancouver_4c7c65df-525d-485e-8bfd-e6c98c5396d9,4c7c65df-525d-485e-8bfd-e6c98c5396d9,49.26518,-123.25868,1,FALSE,FALSE,20400,2112,1783022725,2026-07-02T20:05:32Z,2026-07-02T20:05:32Z,2026-07-02T20:05:23Z,2.2,https://gbfs.kappa.fifteen.eu/gbfs/2.2/mobi/en/gbfs.json,https://gbfs.kappa.fifteen.eu/gbfs/2.2/mobi/en/free_bike_status.json,2026-07-02T20:05:31Z,2026-07-02T20:05:31Z
mobi_vancouver,mobi_vancouver_a0f19fbd-cfe7-465d-84e6-852a4e8b7f4d,a0f19fbd-cfe7-465d-84e6-852a4e8b7f4d,49.26518,-123.25868,1,FALSE,FALSE,20400,2112,1783022725,2026-07-02T20:05:32Z,2026-07-02T20:05:32Z,2026-07-02T20:05:23Z,2.2,https://gbfs.kappa.fifteen.eu/gbfs/2.2/mobi/en/gbfs.json,https://gbfs.kappa.fifteen.eu/gbfs/2.2/mobi/en/free_bike_status.json,2026-07-02T20:05:31Z,2026-07-02T20:05:31Z
mobi_vancouver,mobi_vancouver_e8671a38-b27a-4600-9341-1767bf665acf,e8671a38-b27a-4600-9341-1767bf665acf,49.28668,-123.04457,1,FALSE,FALSE,20400,0643,1783022725,2026-07-02T20:05:32Z,2026-07-02T20:05:32Z,2026-07-02T20:05:23Z,2.2,https://gbfs.kappa.fifteen.eu/gbfs/2.2/mobi/en/gbfs.json,https://gbfs.kappa.fifteen.eu/gbfs/2.2/mobi/en/free_bike_status.json,2026-07-02T20:05:31Z,2026-07-02T20:05:31Z
mobi_vancouver,mobi_vancouver_e49ddda8-9315-48a3-94e5-f7f7392e9a8e,e49ddda8-9315-48a3-94e5-f7f7392e9a8e,49.262487,-123.114397,1,FALSE,FALSE,20800,0001,1783022725,2026-07-02T20:05:32Z,2026-07-02T20:05:32Z,2026-07-02T20:05:23Z,2.2,https://gbfs.kappa.fifteen.eu/gbfs/2.2/mobi/en/gbfs.json,https://gbfs.kappa.fifteen.eu/gbfs/2.2/mobi/en/free_bike_status.json,2026-07-02T20:05:31Z,2026-07-02T20:05:31Z
mobi_vancouver,mobi_vancouver_556aed9d-678e-4fe8-91c0-c46a21a83a8f,556aed9d-678e-4fe8-91c0-c46a21a83a8f,49.262487,-123.114397,1,FALSE,FALSE,20800,0001,1783022725,2026-07-02T20:05:32Z,2026-07-02T20:05:32Z,2026-07-02T20:05:23Z,2.2,https://gbfs.kappa.fifteen.eu/gbfs/2.2/mobi/en/gbfs.json,https://gbfs.kappa.fifteen.eu/gbfs/2.2/mobi/en/free_bike_status.json,2026-07-02T20:05:31Z,2026-07-02T20:05:31Z
mobi_vancouver,mobi_vancouver_e6c3272d-0a00-48f1-a855-72be38b21e18,e6c3272d-0a00-48f1-a855-72be38b21e18,49.262487,-123.114397,1,FALSE,FALSE,20800,0001,1783022725,2026-07-02T20:05:32Z,2026-07-02T20:05:32Z,2026-07-02T20:05:23Z,2.2,https://gbfs.kappa.fifteen.eu/gbfs/2.2/mobi/en/gbfs.json,https://gbfs.kappa.fifteen.eu/gbfs/2.2/mobi/en/free_bike_status.json,2026-07-02T20:05:31Z,2026-07-02T20:05:31Z
mobi_vancouver,mobi_vancouver_c26e7975-c497-43d5-aa49-1829b1fcc430,c26e7975-c497-43d5-aa49-1829b1fcc430,49.282214,-123.114101,1,FALSE,FALSE,20800,0012,1783022725,2026-07-02T20:05:32Z,2026-07-02T20:05:32Z,2026-07-02T20:05:23Z,2.2,https://gbfs.kappa.fifteen.eu/gbfs/2.2/mobi/en/gbfs.json,https://gbfs.kappa.fifteen.eu/gbfs/2.2/mobi/en/free_bike_status.json,2026-07-02T20:05:31Z,2026-07-02T20:05:31Z
mobi_vancouver,mobi_vancouver_293d7086-3e04-4052-b9d9-5c960fa76e4b,293d7086-3e04-4052-b9d9-5c960fa76e4b,49.28602,-123.116624,1,FALSE,FALSE,20800,0024,1783022725,2026-07-02T20:05:32Z,2026-07-02T20:05:32Z,2026-07-02T20:05:23Z,2.2,https://gbfs.kappa.fifteen.eu/gbfs/2.2/mobi/en/gbfs.json,https://gbfs.kappa.fifteen.eu/gbfs/2.2/mobi/en/free_bike_status.json,2026-07-02T20:05:31Z,2026-07-02T20:05:31Z
mobi_vancouver,mobi_vancouver_b8f7dc49-0df0-42a1-9ea7-380ce511f542,b8f7dc49-0df0-42a1-9ea7-380ce511f542,49.28602,-123.116624,1,FALSE,FALSE,20800,0024,1783022725,2026-07-02T20:05:32Z,2026-07-02T20:05:32Z,2026-07-02T20:05:23Z,2.2,https://gbfs.kappa.fifteen.eu/gbfs/2.2/mobi/en/gbfs.json,https://gbfs.kappa.fifteen.eu/gbfs/2.2/mobi/en/free_bike_status.json,2026-07-02T20:05:31Z,2026-07-02T20:05:31Z
mobi_vancouver,mobi_vancouver_58beab84-d24e-4957-a754-cc708d46b97f,58beab84-d24e-4957-a754-cc708d46b97f,49.285871,-123.12105,1,FALSE,FALSE,20800,0002,1783022725,2026-07-02T20:05:32Z,2026-07-02T20:05:32Z,2026-07-02T20:05:23Z,2.2,https://gbfs.kappa.fifteen.eu/gbfs/2.2/mobi/en/gbfs.json,https://gbfs.kappa.fifteen.eu/gbfs/2.2/mobi/en/free_bike_status.json,2026-07-02T20:05:31Z,2026-07-02T20:05:31Z
mobi_vancouver,mobi_vancouver_c3c3caaf-b352-4281-8aeb-8185ce92b78c,c3c3caaf-b352-4281-8aeb-8185ce92b78c,49.28725,-123.11298,1,FALSE,FALSE,20800,0014,1783022725,2026-07-02T20:05:32Z,2026-07-02T20:05:32Z,2026-07-02T20:05:23Z,2.2,https://gbfs.kappa.fifteen.eu/gbfs/2.2/mobi/en/gbfs.json,https://gbfs.kappa.fifteen.eu/gbfs/2.2/mobi/en/free_bike_status.json,2026-07-02T20:05:31Z,2026-07-02T20:05:31Z
mobi_vancouver,mobi_vancouver_65bc3b0a-e24b-412c-adbf-e72232fc62c8,65bc3b0a-e24b-412c-adbf-e72232fc62c8,49.275679,-123.116963,1,FALSE,FALSE,20800,0027,1783022725,2026-07-02T20:05:32Z,2026-07-02T20:05:32Z,2026-07-02T20:05:23Z,2.2,https://gbfs.kappa.fifteen.eu/gbfs/2.2/mobi/en/gbfs.json,https://gbfs.kappa.fifteen.eu/gbfs/2.2/mobi/en/free_bike_status.json,2026-07-02T20:05:31Z,2026-07-02T20:05:31Z
mobi_vancouver,mobi_vancouver_e98e8ec7-360c-4bdd-9b2f-3c8f0d44deec,e98e8ec7-360c-4bdd-9b2f-3c8f0d44deec,49.275679,-123.116963,1,FALSE,FALSE,20800,0027,1783022725,2026-07-02T20:05:32Z,2026-07-02T20:05:32Z,2026-07-02T20:05:23Z,2.2,https://gbfs.kappa.fifteen.eu/gbfs/2.2/mobi/en/gbfs.json,https://gbfs.kappa.fifteen.eu/gbfs/2.2/mobi/en/free_bike_status.json,2026-07-02T20:05:31Z,2026-07-02T20:05:31Z
mobi_vancouver,mobi_vancouver_5dc9d0f6-0cc7-4707-bf24-bcfd9e5e2a36,5dc9d0f6-0cc7-4707-bf24-bcfd9e5e2a36,49.288444,-123.139203,1,FALSE,FALSE,20800,0032,1783022725,2026-07-02T20:05:32Z,2026-07-02T20:05:32Z,2026-07-02T20:05:23Z,2.2,https://gbfs.kappa.fifteen.eu/gbfs/2.2/mobi/en/gbfs.json,https://gbfs.kappa.fifteen.eu/gbfs/2.2/mobi/en/free_bike_status.json,2026-07-02T20:05:31Z,2026-07-02T20:05:31Z
mobi_vancouver,mobi_vancouver_49e3a0ac-e53a-4125-aae5-187987ac9d4f,49e3a0ac-e53a-4125-aae5-187987ac9d4f,49.288444,-123.139203,1,FALSE,FALSE,20800,0032,1783022725,2026-07-02T20:05:32Z,2026-07-02T20:05:32Z,2026-07-02T20:05:23Z,2.2,https://gbfs.kappa.fifteen.eu/gbfs/2.2/mobi/en/gbfs.json,https://gbfs.kappa.fifteen.eu/gbfs/2.2/mobi/en/free_bike_status.json,2026-07-02T20:05:31Z,2026-07-02T20:05:31Z
mobi_vancouver,mobi_vancouver_c6516589-1f3d-4add-bfd2-019357b54fa6,c6516589-1f3d-4add-bfd2-019357b54fa6,49.289255,-123.132677,1,FALSE,FALSE,20800,0041,1783022725,2026-07-02T20:05:32Z,2026-07-02T20:05:32Z,2026-07-02T20:05:23Z,2.2,https://gbfs.kappa.fifteen.eu/gbfs/2.2/mobi/en/gbfs.json,https://gbfs.kappa.fifteen.eu/gbfs/2.2/mobi/en/free_bike_status.json,2026-07-02T20:05:31Z,2026-07-02T20:05:31Z
mobi_vancouver,mobi_vancouver_aa6a205a-d9fe-477c-81d1-f98eb647f72f,aa6a205a-d9fe-477c-81d1-f98eb647f72f,49.265089,-123.119425,1,FALSE,FALSE,20800,0081,1783022725,2026-07-02T20:05:32Z,2026-07-02T20:05:32Z,2026-07-02T20:05:23Z,2.2,https://gbfs.kappa.fifteen.eu/gbfs/2.2/mobi/en/gbfs.json,https://gbfs.kappa.fifteen.eu/gbfs/2.2/mobi/en/free_bike_status.json,2026-07-02T20:05:31Z,2026-07-02T20:05:31Z
mobi_vancouver,mobi_vancouver_c8841ecb-95e7-41a2-bb67-426ba58aec03,c8841ecb-95e7-41a2-bb67-426ba58aec03,49.265089,-123.119425,1,FALSE,FALSE,20800,0081,1783022725,2026-07-02T20:05:32Z,2026-07-02T20:05:32Z,2026-07-02T20:05:23Z,2.2,https://gbfs.kappa.fifteen.eu/gbfs/2.2/mobi/en/gbfs.json,https://gbfs.kappa.fifteen.eu/gbfs/2.2/mobi/en/free_bike_status.json,2026-07-02T20:05:31Z,2026-07-02T20:05:31Z
mobi_vancouver,mobi_vancouver_8fec48fa-a22e-4867-aa2f-39ce64fda813,8fec48fa-a22e-4867-aa2f-39ce64fda813,49.283343,-123.131099,1,FALSE,FALSE,20800,0050,1783022725,2026-07-02T20:05:32Z,2026-07-02T20:05:32Z,2026-07-02T20:05:23Z,2.2,https://gbfs.kappa.fifteen.eu/gbfs/2.2/mobi/en/gbfs.json,https://gbfs.kappa.fifteen.eu/gbfs/2.2/mobi/en/free_bike_status.json,2026-07-02T20:05:31Z,2026-07-02T20:05:31Z
mobi_vancouver,mobi_vancouver_391417e7-ea8a-4c35-b4ce-e542153ff8b1,391417e7-ea8a-4c35-b4ce-e542153ff8b1,49.279821,-123.10802,1,FALSE,FALSE,20800,0053,1783022725,2026-07-02T20:05:32Z,2026-07-02T20:05:32Z,2026-07-02T20:05:23Z,2.2,https://gbfs.kappa.fifteen.eu/gbfs/2.2/mobi/en/gbfs.json,https://gbfs.kappa.fifteen.eu/gbfs/2.2/mobi/en/free_bike_status.json,2026-07-02T20:05:31Z,2026-07-02T20:05:31Z
mobi_vancouver,mobi_vancouver_141b9c60-9185-4edc-983c-55cc85108600,141b9c60-9185-4edc-983c-55cc85108600,49.279821,-123.10802,1,FALSE,FALSE,20800,0053,1783022725,2026-07-02T20:05:32Z,2026-07-02T20:05:32Z,2026-07-02T20:05:23Z,2.2,https://gbfs.kappa.fifteen.eu/gbfs/2.2/mobi/en/gbfs.json,https://gbfs.kappa.fifteen.eu/gbfs/2.2/mobi/en/free_bike_status.json,2026-07-02T20:05:31Z,2026-07-02T20:05:31Z
mobi_vancouver,mobi_vancouver_511b2bd0-7864-431f-b236-8250b4ef1d91,511b2bd0-7864-431f-b236-8250b4ef1d91,49.265605,-123.152566,1,FALSE,FALSE,20800,0109,1783022725,2026-07-02T20:05:32Z,2026-07-02T20:05:32Z,2026-07-02T20:05:23Z,2.2,https://gbfs.kappa.fifteen.eu/gbfs/2.2/mobi/en/gbfs.json,https://gbfs.kappa.fifteen.eu/gbfs/2.2/mobi/en/free_bike_status.json,2026-07-02T20:05:31Z,2026-07-02T20:05:31Z
mobi_vancouver,mobi_vancouver_409b9c3b-23c2-413f-aed8-136a7c8d5d8a,409b9c3b-23c2-413f-aed8-136a7c8d5d8a,49.265605,-123.152566,1,FALSE,FALSE,20800,0109,1783022725,2026-07-02T20:05:32Z,2026-07-02T20:05:32Z,2026-07-02T20:05:23Z,2.2,https://gbfs.kappa.fifteen.eu/gbfs/2.2/mobi/en/gbfs.json,https://gbfs.kappa.fifteen.eu/gbfs/2.2/mobi/en/free_bike_status.json,2026-07-02T20:05:31Z,2026-07-02T20:05:31Z
mobi_vancouver,mobi_vancouver_1cd747e3-146b-4c4c-89b5-a5d5c161d324,1cd747e3-146b-4c4c-89b5-a5d5c161d324,49.28026,-123.135244,1,FALSE,FALSE,20800,0088,1783022725,2026-07-02T20:05:32Z,2026-07-02T20:05:32Z,2026-07-02T20:05:23Z,2.2,https://gbfs.kappa.fifteen.eu/gbfs/2.2/mobi/en/gbfs.json,https://gbfs.kappa.fifteen.eu/gbfs/2.2/mobi/en/free_bike_status.json,2026-07-02T20:05:31Z,2026-07-02T20:05:31Z
mobi_vancouver,mobi_vancouver_caccd91d-1802-462c-a434-63edb7d5f2be,caccd91d-1802-462c-a434-63edb7d5f2be,49.276436,-123.11877,1,FALSE,FALSE,20800,0078,1783022725,2026-07-02T20:05:32Z,2026-07-02T20:05:32Z,2026-07-02T20:05:23Z,2.2,https://gbfs.kappa.fifteen.eu/gbfs/2.2/mobi/en/gbfs.json,https://gbfs.kappa.fifteen.eu/gbfs/2.2/mobi/en/free_bike_status.json,2026-07-02T20:05:31Z,2026-07-02T20:05:31Z
mobi_vancouver,mobi_vancouver_5696e5cc-798b-48aa-acb0-53bd74632c72,5696e5cc-798b-48aa-acb0-53bd74632c72,49.28526,-123.141809,1,FALSE,FALSE,20800,0060,1783022725,2026-07-02T20:05:32Z,2026-07-02T20:05:32Z,2026-07-02T20:05:23Z,2.2,https://gbfs.kappa.fifteen.eu/gbfs/2.2/mobi/en/gbfs.json,https://gbfs.kappa.fifteen.eu/gbfs/2.2/mobi/en/free_bike_status.json,2026-07-02T20:05:31Z,2026-07-02T20:05:31Z
mobi_vancouver,mobi_vancouver_c477e7f9-50c0-44c4-8ee1-d0937bfa8ca2,c477e7f9-50c0-44c4-8ee1-d0937bfa8ca2,49.28526,-123.141809,1,FALSE,FALSE,20800,0060,1783022725,2026-07-02T20:05:32Z,2026-07-02T20:05:32Z,2026-07-02T20:05:23Z,2.2,https://gbfs.kappa.fifteen.eu/gbfs/2.2/mobi/en/gbfs.json,https://gbfs.kappa.fifteen.eu/gbfs/2.2/mobi/en/free_bike_status.json,2026-07-02T20:05:31Z,2026-07-02T20:05:31Z
mobi_vancouver,mobi_vancouver_d06e6230-117d-4f81-8352-e2822f5959f3,d06e6230-117d-4f81-8352-e2822f5959f3,49.272827,-123.147744,1,FALSE,FALSE,20800,0065,1783022725,2026-07-02T20:05:32Z,2026-07-02T20:05:32Z,2026-07-02T20:05:23Z,2.2,https://gbfs.kappa.fifteen.eu/gbfs/2.2/mobi/en/gbfs.json,https://gbfs.kappa.fifteen.eu/gbfs/2.2/mobi/en/free_bike_status.json,2026-07-02T20:05:31Z,2026-07-02T20:05:31Z
mobi_vancouver,mobi_vancouver_a788a718-3604-46ed-8220-15a01259c7e0,a788a718-3604-46ed-8220-15a01259c7e0,49.273568,-123.129935,1,FALSE,FALSE,20800,0137,1783022725,2026-07-02T20:05:32Z,2026-07-02T20:05:32Z,2026-07-02T20:05:23Z,2.2,https://gbfs.kappa.fifteen.eu/gbfs/2.2/mobi/en/gbfs.json,https://gbfs.kappa.fifteen.eu/gbfs/2.2/mobi/en/free_bike_status.json,2026-07-02T20:05:31Z,2026-07-02T20:05:31Z
mobi_vancouver,mobi_vancouver_e6a419d6-cfb8-47a8-86c4-e5fcc89752f3,e6a419d6-cfb8-47a8-86c4-e5fcc89752f3,49.257654,-123.153212,1,FALSE,FALSE,20800,0113,1783022725,2026-07-02T20:05:32Z,2026-07-02T20:05:32Z,2026-07-02T20:05:23Z,2.2,https://gbfs.kappa.fifteen.eu/gbfs/2.2/mobi/en/gbfs.json,https://gbfs.kappa.fifteen.eu/gbfs/2.2/mobi/en/free_bike_status.json,2026-07-02T20:05:31Z,2026-07-02T20:05:31Z
mobi_vancouver,mobi_vancouver_03d770fd-969d-4052-8938-0ec12100b1fd,03d770fd-969d-4052-8938-0ec12100b1fd,49.269969,-123.109623,1,FALSE,FALSE,20800,0173,1783022725,2026-07-02T20:05:32Z,2026-07-02T20:05:32Z,2026-07-02T20:05:23Z,2.2,https://gbfs.kappa.fifteen.eu/gbfs/2.2/mobi/en/gbfs.json,https://gbfs.kappa.fifteen.eu/gbfs/2.2/mobi/en/free_bike_status.json,2026-07-02T20:05:31Z,2026-07-02T20:05:31Z
mobi_vancouver,mobi_vancouver_ea4bb8d1-9ae1-42fe-8c0b-83bebe7f4c11,ea4bb8d1-9ae1-42fe-8c0b-83bebe7f4c11,49.258429,-123.101766,1,FALSE,FALSE,20800,0134,1783022725,2026-07-02T20:05:32Z,2026-07-02T20:05:32Z,2026-07-02T20:05:23Z,2.2,https://gbfs.kappa.fifteen.eu/gbfs/2.2/mobi/en/gbfs.json,https://gbfs.kappa.fifteen.eu/gbfs/2.2/mobi/en/free_bike_status.json,2026-07-02T20:05:31Z,2026-07-02T20:05:31Z
mobi_vancouver,mobi_vancouver_b544f740-7934-48df-ac5d-fba1cc1c7496,b544f740-7934-48df-ac5d-fba1cc1c7496,49.266314,-123.116011,1,FALSE,FALSE,20800,0006,1783022725,2026-07-02T20:05:32Z,2026-07-02T20:05:32Z,2026-07-02T20:05:23Z,2.2,https://gbfs.kappa.fifteen.eu/gbfs/2.2/mobi/en/gbfs.json,https://gbfs.kappa.fifteen.eu/gbfs/2.2/mobi/en/free_bike_status.json,2026-07-02T20:05:31Z,2026-07-02T20:05:31Z
mobi_vancouver,mobi_vancouver_48ff6c53-ca8e-4977-a0ac-5c5a8d010c4b,48ff6c53-ca8e-4977-a0ac-5c5a8d010c4b,49.266314,-123.116011,1,FALSE,FALSE,20800,0006,1783022725,2026-07-02T20:05:32Z,2026-07-02T20:05:32Z,2026-07-02T20:05:23Z,2.2,https://gbfs.kappa.fifteen.eu/gbfs/2.2/mobi/en/gbfs.json,https://gbfs.kappa.fifteen.eu/gbfs/2.2/mobi/en/free_bike_status.json,2026-07-02T20:05:31Z,2026-07-02T20:05:31Z
mobi_vancouver,mobi_vancouver_5b226272-605f-4f75-9c07-9ec82412c78a,5b226272-605f-4f75-9c07-9ec82412c78a,49.27023,-123.10651,1,FALSE,FALSE,20800,0174,1783022725,2026-07-02T20:05:32Z,2026-07-02T20:05:32Z,2026-07-02T20:05:23Z,2.2,https://gbfs.kappa.fifteen.eu/gbfs/2.2/mobi/en/gbfs.json,https://gbfs.kappa.fifteen.eu/gbfs/2.2/mobi/en/free_bike_status.json,2026-07-02T20:05:31Z,2026-07-02T20:05:31Z
mobi_vancouver,mobi_vancouver_c10d7aaf-d4d6-47fb-83a2-5e3b542fdff1,c10d7aaf-d4d6-47fb-83a2-5e3b542fdff1,49.27023,-123.10651,1,FALSE,FALSE,20800,0174,1783022725,2026-07-02T20:05:32Z,2026-07-02T20:05:32Z,2026-07-02T20:05:23Z,2.2,https://gbfs.kappa.fifteen.eu/gbfs/2.2/mobi/en/gbfs.json,https://gbfs.kappa.fifteen.eu/gbfs/2.2/mobi/en/free_bike_status.json,2026-07-02T20:05:31Z,2026-07-02T20:05:31Z
mobi_vancouver,mobi_vancouver_ba70f0a9-5bf6-470b-bcb9-6e024035d11e,ba70f0a9-5bf6-470b-bcb9-6e024035d11e,49.270721,-123.146175,1,FALSE,FALSE,20800,0108,1783022725,2026-07-02T20:05:32Z,2026-07-02T20:05:32Z,2026-07-02T20:05:23Z,2.2,https://gbfs.kappa.fifteen.eu/gbfs/2.2/mobi/en/gbfs.json,https://gbfs.kappa.fifteen.eu/gbfs/2.2/mobi/en/free_bike_status.json,2026-07-02T20:05:31Z,2026-07-02T20:05:31Z
mobi_vancouver,mobi_vancouver_e0854176-e072-4b89-a4d6-d61629c84647,e0854176-e072-4b89-a4d6-d61629c84647,49.302577,-123.155616,1,FALSE,FALSE,20800,0083,1783022725,2026-07-02T20:05:32Z,2026-07-02T20:05:32Z,2026-07-02T20:05:23Z,2.2,https://gbfs.kappa.fifteen.eu/gbfs/2.2/mobi/en/gbfs.json,https://gbfs.kappa.fifteen.eu/gbfs/2.2/mobi/en/free_bike_status.json,2026-07-02T20:05:31Z,2026-07-02T20:05:31Z
mobi_vancouver,mobi_vancouver_ccd83d6f-bf41-47c6-b82a-e19b2f9cf144,ccd83d6f-bf41-47c6-b82a-e19b2f9cf144,49.268503,-123.097501,1,FALSE,FALSE,20800,0197,1783022725,2026-07-02T20:05:32Z,2026-07-02T20:05:32Z,2026-07-02T20:05:23Z,2.2,https://gbfs.kappa.fifteen.eu/gbfs/2.2/mobi/en/gbfs.json,https://gbfs.kappa.fifteen.eu/gbfs/2.2/mobi/en/free_bike_status.json,2026-07-02T20:05:31Z,2026-07-02T20:05:31Z
mobi_vancouver,mobi_vancouver_a2d1e3b7-d80d-4d47-9dbc-10b229838e23,a2d1e3b7-d80d-4d47-9dbc-10b229838e23,49.262822,-123.14338,1,FALSE,FALSE,20800,0205,1783022725,2026-07-02T20:05:32Z,2026-07-02T20:05:32Z,2026-07-02T20:05:23Z,2.2,https://gbfs.kappa.fifteen.eu/gbfs/2.2/mobi/en/gbfs.json,https://gbfs.kappa.fifteen.eu/gbfs/2.2/mobi/en/free_bike_status.json,2026-07-02T20:05:31Z,2026-07-02T20:05:31Z
mobi_vancouver,mobi_vancouver_f887fc72-5fb5-4695-b689-e049b654f4bc,f887fc72-5fb5-4695-b689-e049b654f4bc,49.262822,-123.14338,1,FALSE,FALSE,20800,0205,1783022725,2026-07-02T20:05:32Z,2026-07-02T20:05:32Z,2026-07-02T20:05:23Z,2.2,https://gbfs.kappa.fifteen.eu/gbfs/2.2/mobi/en/gbfs.json,https://gbfs.kappa.fifteen.eu/gbfs/2.2/mobi/en/free_bike_status.json,2026-07-02T20:05:31Z,2026-07-02T20:05:31Z
mobi_vancouver,mobi_vancouver_5eafd233-b299-41ca-9fd5-ea4568df179e,5eafd233-b299-41ca-9fd5-ea4568df179e,49.299292,-123.130281,1,FALSE,FALSE,20800,0101,1783022725,2026-07-02T20:05:32Z,2026-07-02T20:05:32Z,2026-07-02T20:05:23Z,2.2,https://gbfs.kappa.fifteen.eu/gbfs/2.2/mobi/en/gbfs.json,https://gbfs.kappa.fifteen.eu/gbfs/2.2/mobi/en/free_bike_status.json,2026-07-02T20:05:31Z,2026-07-02T20:05:31Z
mobi_vancouver,mobi_vancouver_90cc167b-fa96-42d9-80b1-6b8d4ba22312,90cc167b-fa96-42d9-80b1-6b8d4ba22312,49.266456,-123.100324,1,FALSE,FALSE,20800,0198,1783022725,2026-07-02T20:05:32Z,2026-07-02T20:05:32Z,2026-07-02T20:05:23Z,2.2,https://gbfs.kappa.fifteen.eu/gbfs/2.2/mobi/en/gbfs.json,https://gbfs.kappa.fifteen.eu/gbfs/2.2/mobi/en/free_bike_status.json,2026-07-02T20:05:31Z,2026-07-02T20:05:31Z
mobi_vancouver,mobi_vancouver_1894f2e2-9899-47f6-b5bb-d8ec03b6e452,1894f2e2-9899-47f6-b5bb-d8ec03b6e452,49.266456,-123.100324,1,FALSE,FALSE,20800,0198,1783022725,2026-07-02T20:05:32Z,2026-07-02T20:05:32Z,2026-07-02T20:05:23Z,2.2,https://gbfs.kappa.fifteen.eu/gbfs/2.2/mobi/en/gbfs.json,https://gbfs.kappa.fifteen.eu/gbfs/2.2/mobi/en/free_bike_status.json,2026-07-02T20:05:31Z,2026-07-02T20:05:31Z
mobi_vancouver,mobi_vancouver_5cf66a82-fd43-4f8d-8f02-7d64468e0a0b,5cf66a82-fd43-4f8d-8f02-7d64468e0a0b,49.266774,-123.141135,1,FALSE,FALSE,20800,0153,1783022725,2026-07-02T20:05:32Z,2026-07-02T20:05:32Z,2026-07-02T20:05:23Z,2.2,https://gbfs.kappa.fifteen.eu/gbfs/2.2/mobi/en/gbfs.json,https://gbfs.kappa.fifteen.eu/gbfs/2.2/mobi/en/free_bike_status.json,2026-07-02T20:05:31Z,2026-07-02T20:05:31Z
mobi_vancouver,mobi_vancouver_d2d7bf29-8d8b-40f4-a748-7a018345f122,d2d7bf29-8d8b-40f4-a748-7a018345f122,49.266774,-123.141135,1,FALSE,FALSE,20800,0153,1783022725,2026-07-02T20:05:32Z,2026-07-02T20:05:32Z,2026-07-02T20:05:23Z,2.2,https://gbfs.kappa.fifteen.eu/gbfs/2.2/mobi/en/gbfs.json,https://gbfs.kappa.fifteen.eu/gbfs/2.2/mobi/en/free_bike_status.json,2026-07-02T20:05:31Z,2026-07-02T20:05:31Z
mobi_vancouver,mobi_vancouver_0b9dcc25-c74b-4fb6-8479-722b15782b1c,0b9dcc25-c74b-4fb6-8479-722b15782b1c,49.278529,-123.100017,1,FALSE,FALSE,20800,0199,1783022725,2026-07-02T20:05:32Z,2026-07-02T20:05:32Z,2026-07-02T20:05:23Z,2.2,https://gbfs.kappa.fifteen.eu/gbfs/2.2/mobi/en/gbfs.json,https://gbfs.kappa.fifteen.eu/gbfs/2.2/mobi/en/free_bike_status.json,2026-07-02T20:05:31Z,2026-07-02T20:05:31Z
mobi_vancouver,mobi_vancouver_4064965c-43ad-4bbb-9cc2-cfce503a15cb,4064965c-43ad-4bbb-9cc2-cfce503a15cb,49.270905,-123.126006,1,FALSE,FALSE,20800,0136,1783022725,2026-07-02T20:05:32Z,2026-07-02T20:05:32Z,2026-07-02T20:05:23Z,2.2,https://gbfs.kappa.fifteen.eu/gbfs/2.2/mobi/en/gbfs.json,https://gbfs.kappa.fifteen.eu/gbfs/2.2/mobi/en/free_bike_status.json,2026-07-02T20:05:31Z,2026-07-02T20:05:31Z
mobi_vancouver,mobi_vancouver_f9cc2d8a-3bf6-4e12-b460-552ab9b39154,f9cc2d8a-3bf6-4e12-b460-552ab9b39154,49.267859,-123.145782,1,FALSE,FALSE,20800,0139,1783022725,2026-07-02T20:05:32Z,2026-07-02T20:05:32Z,2026-07-02T20:05:23Z,2.2,https://gbfs.kappa.fifteen.eu/gbfs/2.2/mobi/en/gbfs.json,https://gbfs.kappa.fifteen.eu/gbfs/2.2/mobi/en/free_bike_status.json,2026-07-02T20:05:31Z,2026-07-02T20:05:31Z
mobi_vancouver,mobi_vancouver_8b2303f0-24b0-440d-96d7-0035fe8575e2,8b2303f0-24b0-440d-96d7-0035fe8575e2,49.265005,-123.079481,1,FALSE,FALSE,20800,0236,1783022725,2026-07-02T20:05:32Z,2026-07-02T20:05:32Z,2026-07-02T20:05:23Z,2.2,https://gbfs.kappa.fifteen.eu/gbfs/2.2/mobi/en/gbfs.json,https://gbfs.kappa.fifteen.eu/gbfs/2.2/mobi/en/free_bike_status.json,2026-07-02T20:05:31Z,2026-07-02T20:05:31Z
mobi_vancouver,mobi_vancouver_75ef8b82-fe74-40a0-bf4e-f4218edcb8b1,75ef8b82-fe74-40a0-bf4e-f4218edcb8b1,49.263242,-123.070521,1,FALSE,FALSE,20800,0242,1783022725,2026-07-02T20:05:32Z,2026-07-02T20:05:32Z,2026-07-02T20:05:23Z,2.2,https://gbfs.kappa.fifteen.eu/gbfs/2.2/mobi/en/gbfs.json,https://gbfs.kappa.fifteen.eu/gbfs/2.2/mobi/en/free_bike_status.json,2026-07-02T20:05:31Z,2026-07-02T20:05:31Z
mobi_vancouver,mobi_vancouver_3f534a48-f34f-4d97-8192-93414cad3558,3f534a48-f34f-4d97-8192-93414cad3558,49.263242,-123.070521,1,FALSE,FALSE,20800,0242,1783022725,2026-07-02T20:05:32Z,2026-07-02T20:05:32Z,2026-07-02T20:05:23Z,2.2,https://gbfs.kappa.fifteen.eu/gbfs/2.2/mobi/en/gbfs.json,https://gbfs.kappa.fifteen.eu/gbfs/2.2/mobi/en/free_bike_status.json,2026-07-02T20:05:31Z,2026-07-02T20:05:31Z
mobi_vancouver,mobi_vancouver_b4766fa5-9ba5-4a31-8dbe-2a418df5ce87,b4766fa5-9ba5-4a31-8dbe-2a418df5ce87,49.273103,-123.069892,1,FALSE,FALSE,20800,0235,1783022725,2026-07-02T20:05:32Z,2026-07-02T20:05:32Z,2026-07-02T20:05:23Z,2.2,https://gbfs.kappa.fifteen.eu/gbfs/2.2/mobi/en/gbfs.json,https://gbfs.kappa.fifteen.eu/gbfs/2.2/mobi/en/free_bike_status.json,2026-07-02T20:05:31Z,2026-07-02T20:05:31Z
mobi_vancouver,mobi_vancouver_62158c33-f6dc-4ed9-b2c5-e2f065b9b11e,62158c33-f6dc-4ed9-b2c5-e2f065b9b11e,49.273103,-123.069892,1,FALSE,FALSE,20800,0235,1783022725,2026-07-02T20:05:32Z,2026-07-02T20:05:32Z,2026-07-02T20:05:23Z,2.2,https://gbfs.kappa.fifteen.eu/gbfs/2.2/mobi/en/gbfs.json,https://gbfs.kappa.fifteen.eu/gbfs/2.2/mobi/en/free_bike_status.json,2026-07-02T20:05:31Z,2026-07-02T20:05:31Z
mobi_vancouver,mobi_vancouver_55e6c5f8-6009-49ad-92de-b3fe2fe3c8e5,55e6c5f8-6009-49ad-92de-b3fe2fe3c8e5,49.287782,-123.12395,1,FALSE,FALSE,20800,0190,1783022725,2026-07-02T20:05:32Z,2026-07-02T20:05:32Z,2026-07-02T20:05:23Z,2.2,https://gbfs.kappa.fifteen.eu/gbfs/2.2/mobi/en/gbfs.json,https://gbfs.kappa.fifteen.eu/gbfs/2.2/mobi/en/free_bike_status.json,2026-07-02T20:05:31Z,2026-07-02T20:05:31Z
mobi_vancouver,mobi_vancouver_b31bb224-ad14-4a5f-a76c-04460996371d,b31bb224-ad14-4a5f-a76c-04460996371d,49.28117,-123.104419,1,FALSE,FALSE,20800,0098,1783022725,2026-07-02T20:05:32Z,2026-07-02T20:05:32Z,2026-07-02T20:05:23Z,2.2,https://gbfs.kappa.fifteen.eu/gbfs/2.2/mobi/en/gbfs.json,https://gbfs.kappa.fifteen.eu/gbfs/2.2/mobi/en/free_bike_status.json,2026-07-02T20:05:31Z,2026-07-02T20:05:31Z
mobi_vancouver,mobi_vancouver_7e145204-e8c8-41a3-8a00-a19a8e711b0a,7e145204-e8c8-41a3-8a00-a19a8e711b0a,49.256496,-123.075426,1,FALSE,FALSE,20800,0283,1783022725,2026-07-02T20:05:32Z,2026-07-02T20:05:32Z,2026-07-02T20:05:23Z,2.2,https://gbfs.kappa.fifteen.eu/gbfs/2.2/mobi/en/gbfs.json,https://gbfs.kappa.fifteen.eu/gbfs/2.2/mobi/en/free_bike_status.json,2026-07-02T20:05:31Z,2026-07-02T20:05:31Z
mobi_vancouver,mobi_vancouver_3e8c2814-8d15-401b-9a98-ef3ade8f3777,3e8c2814-8d15-401b-9a98-ef3ade8f3777,49.280284,-123.097052,1,FALSE,FALSE,20800,0213,1783022725,2026-07-02T20:05:32Z,2026-07-02T20:05:32Z,2026-07-02T20:05:23Z,2.2,https://gbfs.kappa.fifteen.eu/gbfs/2.2/mobi/en/gbfs.json,https://gbfs.kappa.fifteen.eu/gbfs/2.2/mobi/en/free_bike_status.json,2026-07-02T20:05:31Z,2026-07-02T20:05:31Z
mobi_vancouver,mobi_vancouver_142b83fe-3fd9-40ef-89b2-c8f4d6d85668,142b83fe-3fd9-40ef-89b2-c8f4d6d85668,49.258761,-123.127071,1,FALSE,FALSE,20800,0202,1783022725,2026-07-02T20:05:32Z,2026-07-02T20:05:32Z,2026-07-02T20:05:23Z,2.2,https://gbfs.kappa.fifteen.eu/gbfs/2.2/mobi/en/gbfs.json,https://gbfs.kappa.fifteen.eu/gbfs/2.2/mobi/en/free_bike_status.json,2026-07-02T20:05:31Z,2026-07-02T20:05:31Z
mobi_vancouver,mobi_vancouver_0645a3f6-a691-4f01-9ba9-04771bbec812,0645a3f6-a691-4f01-9ba9-04771bbec812,49.258817,-123.092797,1,FALSE,FALSE,20800,0258,1783022725,2026-07-02T20:05:32Z,2026-07-02T20:05:32Z,2026-07-02T20:05:23Z,2.2,https://gbfs.kappa.fifteen.eu/gbfs/2.2/mobi/en/gbfs.json,https://gbfs.kappa.fifteen.eu/gbfs/2.2/mobi/en/free_bike_status.json,2026-07-02T20:05:31Z,2026-07-02T20:05:31Z
mobi_vancouver,mobi_vancouver_b4027737-0692-40ab-8543-0040244c08f4,b4027737-0692-40ab-8543-0040244c08f4,49.254667,-123.101389,1,FALSE,FALSE,20800,0255,1783022725,2026-07-02T20:05:32Z,2026-07-02T20:05:32Z,2026-07-02T20:05:23Z,2.2,https://gbfs.kappa.fifteen.eu/gbfs/2.2/mobi/en/gbfs.json,https://gbfs.kappa.fifteen.eu/gbfs/2.2/mobi/en/free_bike_status.json,2026-07-02T20:05:31Z,2026-07-02T20:05:31Z
mobi_vancouver,mobi_vancouver_b983d129-bb03-4a89-99df-362407baa796,b983d129-bb03-4a89-99df-362407baa796,49.280332,-123.070068,1,FALSE,FALSE,20800,0224,1783022725,2026-07-02T20:05:32Z,2026-07-02T20:05:32Z,2026-07-02T20:05:23Z,2.2,https://gbfs.kappa.fifteen.eu/gbfs/2.2/mobi/en/gbfs.json,https://gbfs.kappa.fifteen.eu/gbfs/2.2/mobi/en/free_bike_status.json,2026-07-02T20:05:31Z,2026-07-02T20:05:31Z
mobi_vancouver,mobi_vancouver_6cf20d86-2185-46b9-8dbe-9c5cd9a75581,6cf20d86-2185-46b9-8dbe-9c5cd9a75581,49.280197,-123.065859,1,FALSE,FALSE,20800,0272,1783022725,2026-07-02T20:05:32Z,2026-07-02T20:05:32Z,2026-07-02T20:05:23Z,2.2,https://gbfs.kappa.fifteen.eu/gbfs/2.2/mobi/en/gbfs.json,https://gbfs.kappa.fifteen.eu/gbfs/2.2/mobi/en/free_bike_status.json,2026-07-02T20:05:31Z,2026-07-02T20:05:31Z
mobi_vancouver,mobi_vancouver_c7c405ff-897d-4ebc-8acd-0325cbc9d5b4,c7c405ff-897d-4ebc-8acd-0325cbc9d5b4,49.280427,-123.074082,1,FALSE,FALSE,20800,0225,1783022725,2026-07-02T20:05:32Z,2026-07-02T20:05:32Z,2026-07-02T20:05:23Z,2.2,https://gbfs.kappa.fifteen.eu/gbfs/2.2/mobi/en/gbfs.json,https://gbfs.kappa.fifteen.eu/gbfs/2.2/mobi/en/free_bike_status.json,2026-07-02T20:05:31Z,2026-07-02T20:05:31Z
mobi_vancouver,mobi_vancouver_6ff48ba8-d200-459a-9946-f32be2c8e7f7,6ff48ba8-d200-459a-9946-f32be2c8e7f7,49.302577,-123.155616,1,FALSE,FALSE,20800,0103,1783022725,2026-07-02T20:05:32Z,2026-07-02T20:05:32Z,2026-07-02T20:05:23Z,2.2,https://gbfs.kappa.fifteen.eu/gbfs/2.2/mobi/en/gbfs.json,https://gbfs.kappa.fifteen.eu/gbfs/2.2/mobi/en/free_bike_status.json,2026-07-02T20:05:31Z,2026-07-02T20:05:31Z
mobi_vancouver,mobi_vancouver_0869f88d-1222-4f3d-a6aa-f688bb4baaa3,0869f88d-1222-4f3d-a6aa-f688bb4baaa3,49.262835,-123.152626,1,FALSE,FALSE,20800,0075,1783022725,2026-07-02T20:05:32Z,2026-07-02T20:05:32Z,2026-07-02T20:05:23Z,2.2,https://gbfs.kappa.fifteen.eu/gbfs/2.2/mobi/en/gbfs.json,https://gbfs.kappa.fifteen.eu/gbfs/2.2/mobi/en/free_bike_status.json,2026-07-02T20:05:31Z,2026-07-02T20:05:31Z
mobi_vancouver,mobi_vancouver_f85e8600-7f43-4039-b30a-192600a9c1e7,f85e8600-7f43-4039-b30a-192600a9c1e7,49.262835,-123.152626,1,FALSE,FALSE,20800,0075,1783022725,2026-07-02T20:05:32Z,2026-07-02T20:05:32Z,2026-07-02T20:05:23Z,2.2,https://gbfs.kappa.fifteen.eu/gbfs/2.2/mobi/en/gbfs.json,https://gbfs.kappa.fifteen.eu/gbfs/2.2/mobi/en/free_bike_status.json,2026-07-02T20:05:31Z,2026-07-02T20:05:31Z
mobi_vancouver,mobi_vancouver_e2c2d464-0851-4511-89e5-1f0ddd4197a8,e2c2d464-0851-4511-89e5-1f0ddd4197a8,49.271221,-123.191133,1,FALSE,FALSE,20800,0400,1783022725,2026-07-02T20:05:32Z,2026-07-02T20:05:32Z,2026-07-02T20:05:23Z,2.2,https://gbfs.kappa.fifteen.eu/gbfs/2.2/mobi/en/gbfs.json,https://gbfs.kappa.fifteen.eu/gbfs/2.2/mobi/en/free_bike_status.json,2026-07-02T20:05:31Z,2026-07-02T20:05:31Z
mobi_vancouver,mobi_vancouver_cef65600-69d7-4eb0-8d4d-3c62943d4112,cef65600-69d7-4eb0-8d4d-3c62943d4112,49.271044,-123.170661,1,FALSE,FALSE,20800,0450,1783022725,2026-07-02T20:05:32Z,2026-07-02T20:05:32Z,2026-07-02T20:05:23Z,2.2,https://gbfs.kappa.fifteen.eu/gbfs/2.2/mobi/en/gbfs.json,https://gbfs.kappa.fifteen.eu/gbfs/2.2/mobi/en/free_bike_status.json,2026-07-02T20:05:31Z,2026-07-02T20:05:31Z
mobi_vancouver,mobi_vancouver_93855498-a4b2-42fe-a6cb-d5325dbea226,93855498-a4b2-42fe-a6cb-d5325dbea226,49.255034,-123.120226,1,FALSE,FALSE,20800,0511,1783022725,2026-07-02T20:05:32Z,2026-07-02T20:05:32Z,2026-07-02T20:05:23Z,2.2,https://gbfs.kappa.fifteen.eu/gbfs/2.2/mobi/en/gbfs.json,https://gbfs.kappa.fifteen.eu/gbfs/2.2/mobi/en/free_bike_status.json,2026-07-02T20:05:31Z,2026-07-02T20:05:31Z
mobi_vancouver,mobi_vancouver_de3938a6-c905-4133-b879-5310460af75d,de3938a6-c905-4133-b879-5310460af75d,49.272172,-123.097978,1,FALSE,FALSE,20800,0354,1783022725,2026-07-02T20:05:32Z,2026-07-02T20:05:32Z,2026-07-02T20:05:23Z,2.2,https://gbfs.kappa.fifteen.eu/gbfs/2.2/mobi/en/gbfs.json,https://gbfs.kappa.fifteen.eu/gbfs/2.2/mobi/en/free_bike_status.json,2026-07-02T20:05:31Z,2026-07-02T20:05:31Z
mobi_vancouver,mobi_vancouver_1d056da9-1800-4812-a994-d78b2b027181,1d056da9-1800-4812-a994-d78b2b027181,49.266636,-123.183661,1,FALSE,FALSE,20800,0414,1783022725,2026-07-02T20:05:32Z,2026-07-02T20:05:32Z,2026-07-02T20:05:23Z,2.2,https://gbfs.kappa.fifteen.eu/gbfs/2.2/mobi/en/gbfs.json,https://gbfs.kappa.fifteen.eu/gbfs/2.2/mobi/en/free_bike_status.json,2026-07-02T20:05:31Z,2026-07-02T20:05:31Z
mobi_vancouver,mobi_vancouver_28445395-5c11-4431-9943-ebfbf996438c,28445395-5c11-4431-9943-ebfbf996438c,49.245135,-123.116098,1,FALSE,FALSE,20800,0526,1783022725,2026-07-02T20:05:32Z,2026-07-02T20:05:32Z,2026-07-02T20:05:23Z,2.2,https://gbfs.kappa.fifteen.eu/gbfs/2.2/mobi/en/gbfs.json,https://gbfs.kappa.fifteen.eu/gbfs/2.2/mobi/en/free_bike_status.json,2026-07-02T20:05:31Z,2026-07-02T20:05:31Z
mobi_vancouver,mobi_vancouver_f4961eec-bf7d-4f64-ac96-383f7d70889a,f4961eec-bf7d-4f64-ac96-383f7d70889a,49.25094,-123.101306,1,FALSE,FALSE,20800,0563,1783022725,2026-07-02T20:05:32Z,2026-07-02T20:05:32Z,2026-07-02T20:05:23Z,2.2,https://gbfs.kappa.fifteen.eu/gbfs/2.2/mobi/en/gbfs.json,https://gbfs.kappa.fifteen.eu/gbfs/2.2/mobi/en/free_bike_status.json,2026-07-02T20:05:31Z,2026-07-02T20:05:31Z
mobi_vancouver,mobi_vancouver_6270bfe6-ea00-447c-bce9-0283bfca2feb,6270bfe6-ea00-447c-bce9-0283bfca2feb,49.264019,-123.209176,1,FALSE,FALSE,20800,0716,1783022725,2026-07-02T20:05:32Z,2026-07-02T20:05:32Z,2026-07-02T20:05:23Z,2.2,https://gbfs.kappa.fifteen.eu/gbfs/2.2/mobi/en/gbfs.json,https://gbfs.kappa.fifteen.eu/gbfs/2.2/mobi/en/free_bike_status.json,2026-07-02T20:05:31Z,2026-07-02T20:05:31Z
mobi_vancouver,mobi_vancouver_6216b861-9558-4b63-a40d-b927123e7c15,6216b861-9558-4b63-a40d-b927123e7c15,49.264019,-123.209176,1,FALSE,FALSE,20800,0716,1783022725,2026-07-02T20:05:32Z,2026-07-02T20:05:32Z,2026-07-02T20:05:23Z,2.2,https://gbfs.kappa.fifteen.eu/gbfs/2.2/mobi/en/gbfs.json,https://gbfs.kappa.fifteen.eu/gbfs/2.2/mobi/en/free_bike_status.json,2026-07-02T20:05:31Z,2026-07-02T20:05:31Z
mobi_vancouver,mobi_vancouver_cc7788cc-6101-4104-8f7e-ab02216ece23,cc7788cc-6101-4104-8f7e-ab02216ece23,49.263073,-123.254307,1,FALSE,FALSE,20800,2114,1783022725,2026-07-02T20:05:32Z,2026-07-02T20:05:32Z,2026-07-02T20:05:23Z,2.2,https://gbfs.kappa.fifteen.eu/gbfs/2.2/mobi/en/gbfs.json,https://gbfs.kappa.fifteen.eu/gbfs/2.2/mobi/en/free_bike_status.json,2026-07-02T20:05:31Z,2026-07-02T20:05:31Z
mobi_vancouver,mobi_vancouver_4f540647-860a-4cee-b5a9-1aa1cd09f068,4f540647-860a-4cee-b5a9-1aa1cd09f068,49.25478,-123.23621,1,FALSE,FALSE,20800,2252,1783022725,2026-07-02T20:05:32Z,2026-07-02T20:05:32Z,2026-07-02T20:05:23Z,2.2,https://gbfs.kappa.fifteen.eu/gbfs/2.2/mobi/en/gbfs.json,https://gbfs.kappa.fifteen.eu/gbfs/2.2/mobi/en/free_bike_status.json,2026-07-02T20:05:31Z,2026-07-02T20:05:31Z
mobi_vancouver,mobi_vancouver_01d07807-4bbe-44dc-9a98-9198bcc2e6d8,01d07807-4bbe-44dc-9a98-9198bcc2e6d8,49.26875,-123.25004,1,FALSE,FALSE,20800,2142,1783022725,2026-07-02T20:05:32Z,2026-07-02T20:05:32Z,2026-07-02T20:05:23Z,2.2,https://gbfs.kappa.fifteen.eu/gbfs/2.2/mobi/en/gbfs.json,https://gbfs.kappa.fifteen.eu/gbfs/2.2/mobi/en/free_bike_status.json,2026-07-02T20:05:31Z,2026-07-02T20:05:31Z
mobi_vancouver,mobi_vancouver_a0d3583c-a7c0-4059-8a6e-3a2e888ab045,a0d3583c-a7c0-4059-8a6e-3a2e888ab045,49.282055,-123.133045,1,FALSE,FALSE,21200,0187,1783022725,2026-07-02T20:05:32Z,2026-07-02T20:05:32Z,2026-07-02T20:05:23Z,2.2,https://gbfs.kappa.fifteen.eu/gbfs/2.2/mobi/en/gbfs.json,https://gbfs.kappa.fifteen.eu/gbfs/2.2/mobi/en/free_bike_status.json,2026-07-02T20:05:31Z,2026-07-02T20:05:31Z
mobi_vancouver,mobi_vancouver_f88736cb-7736-481f-801e-f0e31382ec4f,f88736cb-7736-481f-801e-f0e31382ec4f,49.25894,-123.139272,1,FALSE,FALSE,21200,0071,1783022725,2026-07-02T20:05:32Z,2026-07-02T20:05:32Z,2026-07-02T20:05:23Z,2.2,https://gbfs.kappa.fifteen.eu/gbfs/2.2/mobi/en/gbfs.json,https://gbfs.kappa.fifteen.eu/gbfs/2.2/mobi/en/free_bike_status.json,2026-07-02T20:05:31Z,2026-07-02T20:05:31Z
mobi_vancouver,mobi_vancouver_c991407b-a0cc-4914-96a8-dcfe59dd5707,c991407b-a0cc-4914-96a8-dcfe59dd5707,49.28602,-123.116624,1,FALSE,FALSE,21200,0024,1783022725,2026-07-02T20:05:32Z,2026-07-02T20:05:32Z,2026-07-02T20:05:23Z,2.2,https://gbfs.kappa.fifteen.eu/gbfs/2.2/mobi/en/gbfs.json,https://gbfs.kappa.fifteen.eu/gbfs/2.2/mobi/en/free_bike_status.json,2026-07-02T20:05:31Z,2026-07-02T20:05:31Z
mobi_vancouver,mobi_vancouver_9f645012-4246-4c51-bf78-2542efb2f1eb,9f645012-4246-4c51-bf78-2542efb2f1eb,49.285871,-123.12105,1,FALSE,FALSE,21200,0002,1783022725,2026-07-02T20:05:32Z,2026-07-02T20:05:32Z,2026-07-02T20:05:23Z,2.2,https://gbfs.kappa.fifteen.eu/gbfs/2.2/mobi/en/gbfs.json,https://gbfs.kappa.fifteen.eu/gbfs/2.2/mobi/en/free_bike_status.json,2026-07-02T20:05:31Z,2026-07-02T20:05:31Z
mobi_vancouver,mobi_vancouver_bb9481d2-55fe-4fc2-9539-05f63e3712ad,bb9481d2-55fe-4fc2-9539-05f63e3712ad,49.28725,-123.11298,1,FALSE,FALSE,21200,0014,1783022725,2026-07-02T20:05:32Z,2026-07-02T20:05:32Z,2026-07-02T20:05:23Z,2.2,https://gbfs.kappa.fifteen.eu/gbfs/2.2/mobi/en/gbfs.json,https://gbfs.kappa.fifteen.eu/gbfs/2.2/mobi/en/free_bike_status.json,2026-07-02T20:05:31Z,2026-07-02T20:05:31Z
mobi_vancouver,mobi_vancouver_34959ef2-d5b8-461e-96d7-b33f7ccce72c,34959ef2-d5b8-461e-96d7-b33f7ccce72c,49.28725,-123.11298,1,FALSE,FALSE,21200,0014,1783022725,2026-07-02T20:05:32Z,2026-07-02T20:05:32Z,2026-07-02T20:05:23Z,2.2,https://gbfs.kappa.fifteen.eu/gbfs/2.2/mobi/en/gbfs.json,https://gbfs.kappa.fifteen.eu/gbfs/2.2/mobi/en/free_bike_status.json,2026-07-02T20:05:31Z,2026-07-02T20:05:31Z
mobi_vancouver,mobi_vancouver_f24a7508-4ff7-4262-82af-12935dde87cf,f24a7508-4ff7-4262-82af-12935dde87cf,49.26893,-123.11813,1,FALSE,FALSE,21200,0010,1783022725,2026-07-02T20:05:32Z,2026-07-02T20:05:32Z,2026-07-02T20:05:23Z,2.2,https://gbfs.kappa.fifteen.eu/gbfs/2.2/mobi/en/gbfs.json,https://gbfs.kappa.fifteen.eu/gbfs/2.2/mobi/en/free_bike_status.json,2026-07-02T20:05:31Z,2026-07-02T20:05:31Z
mobi_vancouver,mobi_vancouver_7803ae3f-ee7b-4672-8818-7e41cd2a611c,7803ae3f-ee7b-4672-8818-7e41cd2a611c,49.289255,-123.132677,1,FALSE,FALSE,21200,0041,1783022725,2026-07-02T20:05:32Z,2026-07-02T20:05:32Z,2026-07-02T20:05:23Z,2.2,https://gbfs.kappa.fifteen.eu/gbfs/2.2/mobi/en/gbfs.json,https://gbfs.kappa.fifteen.eu/gbfs/2.2/mobi/en/free_bike_status.json,2026-07-02T20:05:31Z,2026-07-02T20:05:31Z
mobi_vancouver,mobi_vancouver_88e02c08-42fa-46db-bb56-5b2eb4724491,88e02c08-42fa-46db-bb56-5b2eb4724491,49.269361,-123.13782,1,FALSE,FALSE,21200,0066,1783022725,2026-07-02T20:05:32Z,2026-07-02T20:05:32Z,2026-07-02T20:05:23Z,2.2,https://gbfs.kappa.fifteen.eu/gbfs/2.2/mobi/en/gbfs.json,https://gbfs.kappa.fifteen.eu/gbfs/2.2/mobi/en/free_bike_status.json,2026-07-02T20:05:31Z,2026-07-02T20:05:31Z
mobi_vancouver,mobi_vancouver_256d7c29-59f3-4f36-9444-36884b8cfb40,256d7c29-59f3-4f36-9444-36884b8cfb40,49.265089,-123.119425,1,FALSE,FALSE,21200,0081,1783022725,2026-07-02T20:05:32Z,2026-07-02T20:05:32Z,2026-07-02T20:05:23Z,2.2,https://gbfs.kappa.fifteen.eu/gbfs/2.2/mobi/en/gbfs.json,https://gbfs.kappa.fifteen.eu/gbfs/2.2/mobi/en/free_bike_status.json,2026-07-02T20:05:31Z,2026-07-02T20:05:31Z
mobi_vancouver,mobi_vancouver_0a82af69-43b7-43a8-a651-6cba9f292950,0a82af69-43b7-43a8-a651-6cba9f292950,49.279739,-123.116251,1,FALSE,FALSE,21200,0025,1783022725,2026-07-02T20:05:32Z,2026-07-02T20:05:32Z,2026-07-02T20:05:23Z,2.2,https://gbfs.kappa.fifteen.eu/gbfs/2.2/mobi/en/gbfs.json,https://gbfs.kappa.fifteen.eu/gbfs/2.2/mobi/en/free_bike_status.json,2026-07-02T20:05:31Z,2026-07-02T20:05:31Z
mobi_vancouver,mobi_vancouver_0e2f123b-d64c-45e2-bf56-4f66dc3cd7c9,0e2f123b-d64c-45e2-bf56-4f66dc3cd7c9,49.273833,-123.114373,1,FALSE,FALSE,21200,0057,1783022725,2026-07-02T20:05:32Z,2026-07-02T20:05:32Z,2026-07-02T20:05:23Z,2.2,https://gbfs.kappa.fifteen.eu/gbfs/2.2/mobi/en/gbfs.json,https://gbfs.kappa.fifteen.eu/gbfs/2.2/mobi/en/free_bike_status.json,2026-07-02T20:05:31Z,2026-07-02T20:05:31Z
mobi_vancouver,mobi_vancouver_c5b1f622-6ad6-4e2e-9423-c8bc59d34a1d,c5b1f622-6ad6-4e2e-9423-c8bc59d34a1d,49.282759,-123.106955,1,FALSE,FALSE,21200,0030,1783022725,2026-07-02T20:05:32Z,2026-07-02T20:05:32Z,2026-07-02T20:05:23Z,2.2,https://gbfs.kappa.fifteen.eu/gbfs/2.2/mobi/en/gbfs.json,https://gbfs.kappa.fifteen.eu/gbfs/2.2/mobi/en/free_bike_status.json,2026-07-02T20:05:31Z,2026-07-02T20:05:31Z
mobi_vancouver,mobi_vancouver_547b04f6-1202-4b47-877e-e4ab1768a1fa,547b04f6-1202-4b47-877e-e4ab1768a1fa,49.266724,-123.104824,1,FALSE,FALSE,21200,0073,1783022725,2026-07-02T20:05:32Z,2026-07-02T20:05:32Z,2026-07-02T20:05:23Z,2.2,https://gbfs.kappa.fifteen.eu/gbfs/2.2/mobi/en/gbfs.json,https://gbfs.kappa.fifteen.eu/gbfs/2.2/mobi/en/free_bike_status.json,2026-07-02T20:05:31Z,2026-07-02T20:05:31Z
mobi_vancouver,mobi_vancouver_d19b2d1d-bab4-4030-ae26-9791e2c6f40e,d19b2d1d-bab4-4030-ae26-9791e2c6f40e,49.284605,-123.108662,1,FALSE,FALSE,21200,0052,1783022725,2026-07-02T20:05:32Z,2026-07-02T20:05:32Z,2026-07-02T20:05:23Z,2.2,https://gbfs.kappa.fifteen.eu/gbfs/2.2/mobi/en/gbfs.json,https://gbfs.kappa.fifteen.eu/gbfs/2.2/mobi/en/free_bike_status.json,2026-07-02T20:05:31Z,2026-07-02T20:05:31Z
mobi_vancouver,mobi_vancouver_dda53f8c-597f-49e3-8317-c28f115101fd,dda53f8c-597f-49e3-8317-c28f115101fd,49.257654,-123.153212,1,FALSE,FALSE,21200,0113,1783022725,2026-07-02T20:05:32Z,2026-07-02T20:05:32Z,2026-07-02T20:05:23Z,2.2,https://gbfs.kappa.fifteen.eu/gbfs/2.2/mobi/en/gbfs.json,https://gbfs.kappa.fifteen.eu/gbfs/2.2/mobi/en/free_bike_status.json,2026-07-02T20:05:31Z,2026-07-02T20:05:31Z
mobi_vancouver,mobi_vancouver_bd0cd7cf-3ad1-4015-86ab-b254678a9119,bd0cd7cf-3ad1-4015-86ab-b254678a9119,49.273471,-123.118016,1,FALSE,FALSE,21200,0017,1783022725,2026-07-02T20:05:32Z,2026-07-02T20:05:32Z,2026-07-02T20:05:23Z,2.2,https://gbfs.kappa.fifteen.eu/gbfs/2.2/mobi/en/gbfs.json,https://gbfs.kappa.fifteen.eu/gbfs/2.2/mobi/en/free_bike_status.json,2026-07-02T20:05:31Z,2026-07-02T20:05:31Z
mobi_vancouver,mobi_vancouver_c74baf48-4856-48dd-a36d-f56d95db3c8c,c74baf48-4856-48dd-a36d-f56d95db3c8c,49.269969,-123.109623,1,FALSE,FALSE,21200,0173,1783022725,2026-07-02T20:05:32Z,2026-07-02T20:05:32Z,2026-07-02T20:05:23Z,2.2,https://gbfs.kappa.fifteen.eu/gbfs/2.2/mobi/en/gbfs.json,https://gbfs.kappa.fifteen.eu/gbfs/2.2/mobi/en/free_bike_status.json,2026-07-02T20:05:31Z,2026-07-02T20:05:31Z
mobi_vancouver,mobi_vancouver_6f41d8d0-9b77-4297-8d77-70030a0fae04,6f41d8d0-9b77-4297-8d77-70030a0fae04,49.256825,-123.105234,1,FALSE,FALSE,21200,0133,1783022725,2026-07-02T20:05:32Z,2026-07-02T20:05:32Z,2026-07-02T20:05:23Z,2.2,https://gbfs.kappa.fifteen.eu/gbfs/2.2/mobi/en/gbfs.json,https://gbfs.kappa.fifteen.eu/gbfs/2.2/mobi/en/free_bike_status.json,2026-07-02T20:05:31Z,2026-07-02T20:05:31Z
mobi_vancouver,mobi_vancouver_fa6ebed3-a0f3-47b5-a486-3d65db290475,fa6ebed3-a0f3-47b5-a486-3d65db290475,49.25845,-123.100377,1,FALSE,FALSE,21200,0134,1783022725,2026-07-02T20:05:32Z,2026-07-02T20:05:32Z,2026-07-02T20:05:23Z,2.2,https://gbfs.kappa.fifteen.eu/gbfs/2.2/mobi/en/gbfs.json,https://gbfs.kappa.fifteen.eu/gbfs/2.2/mobi/en/free_bike_status.json,2026-07-02T20:05:31Z,2026-07-02T20:05:31Z
mobi_vancouver,mobi_vancouver_30958a20-aff3-4939-89dc-876f42561c7d,30958a20-aff3-4939-89dc-876f42561c7d,49.258429,-123.101766,1,FALSE,FALSE,21200,0134,1783022725,2026-07-02T20:05:32Z,2026-07-02T20:05:32Z,2026-07-02T20:05:23Z,2.2,https://gbfs.kappa.fifteen.eu/gbfs/2.2/mobi/en/gbfs.json,https://gbfs.kappa.fifteen.eu/gbfs/2.2/mobi/en/free_bike_status.json,2026-07-02T20:05:31Z,2026-07-02T20:05:31Z
mobi_vancouver,mobi_vancouver_cbe95e96-0305-4bd0-8837-4ed41d8bcb51,cbe95e96-0305-4bd0-8837-4ed41d8bcb51,49.266314,-123.116011,1,FALSE,FALSE,21200,0006,1783022725,2026-07-02T20:05:32Z,2026-07-02T20:05:32Z,2026-07-02T20:05:23Z,2.2,https://gbfs.kappa.fifteen.eu/gbfs/2.2/mobi/en/gbfs.json,https://gbfs.kappa.fifteen.eu/gbfs/2.2/mobi/en/free_bike_status.json,2026-07-02T20:05:31Z,2026-07-02T20:05:31Z
mobi_vancouver,mobi_vancouver_d208a869-5bab-426e-8747-f626aae257cf,d208a869-5bab-426e-8747-f626aae257cf,49.27023,-123.10651,1,FALSE,FALSE,21200,0174,1783022725,2026-07-02T20:05:32Z,2026-07-02T20:05:32Z,2026-07-02T20:05:23Z,2.2,https://gbfs.kappa.fifteen.eu/gbfs/2.2/mobi/en/gbfs.json,https://gbfs.kappa.fifteen.eu/gbfs/2.2/mobi/en/free_bike_status.json,2026-07-02T20:05:31Z,2026-07-02T20:05:31Z
mobi_vancouver,mobi_vancouver_c44f45b0-af3d-438e-a0ed-e877b4814745,c44f45b0-af3d-438e-a0ed-e877b4814745,49.256845,-123.120071,1,FALSE,FALSE,21200,0130,1783022725,2026-07-02T20:05:32Z,2026-07-02T20:05:32Z,2026-07-02T20:05:23Z,2.2,https://gbfs.kappa.fifteen.eu/gbfs/2.2/mobi/en/gbfs.json,https://gbfs.kappa.fifteen.eu/gbfs/2.2/mobi/en/free_bike_status.json,2026-07-02T20:05:31Z,2026-07-02T20:05:31Z
mobi_vancouver,mobi_vancouver_38914a01-40a0-49d9-bbc2-069f8d68e696,38914a01-40a0-49d9-bbc2-069f8d68e696,49.284157,-123.099917,1,FALSE,FALSE,21200,0150,1783022725,2026-07-02T20:05:32Z,2026-07-02T20:05:32Z,2026-07-02T20:05:23Z,2.2,https://gbfs.kappa.fifteen.eu/gbfs/2.2/mobi/en/gbfs.json,https://gbfs.kappa.fifteen.eu/gbfs/2.2/mobi/en/free_bike_status.json,2026-07-02T20:05:31Z,2026-07-02T20:05:31Z
mobi_vancouver,mobi_vancouver_06834318-140d-45db-9452-f525249c8999,06834318-140d-45db-9452-f525249c8999,49.265939,-123.1129,1,FALSE,FALSE,21200,0171,1783022725,2026-07-02T20:05:32Z,2026-07-02T20:05:32Z,2026-07-02T20:05:23Z,2.2,https://gbfs.kappa.fifteen.eu/gbfs/2.2/mobi/en/gbfs.json,https://gbfs.kappa.fifteen.eu/gbfs/2.2/mobi/en/free_bike_status.json,2026-07-02T20:05:31Z,2026-07-02T20:05:31Z
mobi_vancouver,mobi_vancouver_dcfefd10-5c4b-4b39-a7d2-a98c77a08df4,dcfefd10-5c4b-4b39-a7d2-a98c77a08df4,49.276292,-123.150592,1,FALSE,FALSE,21200,0155,1783022725,2026-07-02T20:05:32Z,2026-07-02T20:05:32Z,2026-07-02T20:05:23Z,2.2,https://gbfs.kappa.fifteen.eu/gbfs/2.2/mobi/en/gbfs.json,https://gbfs.kappa.fifteen.eu/gbfs/2.2/mobi/en/free_bike_status.json,2026-07-02T20:05:31Z,2026-07-02T20:05:31Z
mobi_vancouver,mobi_vancouver_de06e597-83a2-4181-8095-450bb8273e7e,de06e597-83a2-4181-8095-450bb8273e7e,49.275938,-123.145939,1,FALSE,FALSE,21200,0147,1783022725,2026-07-02T20:05:32Z,2026-07-02T20:05:32Z,2026-07-02T20:05:23Z,2.2,https://gbfs.kappa.fifteen.eu/gbfs/2.2/mobi/en/gbfs.json,https://gbfs.kappa.fifteen.eu/gbfs/2.2/mobi/en/free_bike_status.json,2026-07-02T20:05:31Z,2026-07-02T20:05:31Z
mobi_vancouver,mobi_vancouver_eceb3c9e-3861-4405-a891-13833c5dd96d,eceb3c9e-3861-4405-a891-13833c5dd96d,49.282758,-123.122092,1,FALSE,FALSE,21200,0019,1783022725,2026-07-02T20:05:32Z,2026-07-02T20:05:32Z,2026-07-02T20:05:23Z,2.2,https://gbfs.kappa.fifteen.eu/gbfs/2.2/mobi/en/gbfs.json,https://gbfs.kappa.fifteen.eu/gbfs/2.2/mobi/en/free_bike_status.json,2026-07-02T20:05:31Z,2026-07-02T20:05:31Z
mobi_vancouver,mobi_vancouver_84757891-a595-4cc3-9aa6-0db7bd39ec70,84757891-a595-4cc3-9aa6-0db7bd39ec70,49.274566,-123.121817,1,FALSE,FALSE,21200,0004,1783022725,2026-07-02T20:05:32Z,2026-07-02T20:05:32Z,2026-07-02T20:05:23Z,2.2,https://gbfs.kappa.fifteen.eu/gbfs/2.2/mobi/en/gbfs.json,https://gbfs.kappa.fifteen.eu/gbfs/2.2/mobi/en/free_bike_status.json,2026-07-02T20:05:31Z,2026-07-02T20:05:31Z
mobi_vancouver,mobi_vancouver_7b69b328-8299-45e3-9185-963841cc47fb,7b69b328-8299-45e3-9185-963841cc47fb,49.274566,-123.121817,1,FALSE,FALSE,21200,0004,1783022725,2026-07-02T20:05:32Z,2026-07-02T20:05:32Z,2026-07-02T20:05:23Z,2.2,https://gbfs.kappa.fifteen.eu/gbfs/2.2/mobi/en/gbfs.json,https://gbfs.kappa.fifteen.eu/gbfs/2.2/mobi/en/free_bike_status.json,2026-07-02T20:05:31Z,2026-07-02T20:05:31Z
mobi_vancouver,mobi_vancouver_919460be-408e-4a1d-9607-0bed55f68022,919460be-408e-4a1d-9607-0bed55f68022,49.279342,-123.101822,1,FALSE,FALSE,21200,0055,1783022725,2026-07-02T20:05:32Z,2026-07-02T20:05:32Z,2026-07-02T20:05:23Z,2.2,https://gbfs.kappa.fifteen.eu/gbfs/2.2/mobi/en/gbfs.json,https://gbfs.kappa.fifteen.eu/gbfs/2.2/mobi/en/free_bike_status.json,2026-07-02T20:05:31Z,2026-07-02T20:05:31Z
mobi_vancouver,mobi_vancouver_99e8961b-1a4f-4af6-83da-dfdfdbbe283a,99e8961b-1a4f-4af6-83da-dfdfdbbe283a,49.262206,-123.109091,1,FALSE,FALSE,21200,0172,1783022725,2026-07-02T20:05:32Z,2026-07-02T20:05:32Z,2026-07-02T20:05:23Z,2.2,https://gbfs.kappa.fifteen.eu/gbfs/2.2/mobi/en/gbfs.json,https://gbfs.kappa.fifteen.eu/gbfs/2.2/mobi/en/free_bike_status.json,2026-07-02T20:05:31Z,2026-07-02T20:05:31Z
mobi_vancouver,mobi_vancouver_edbcbee0-0396-4ac7-b8bf-f437ded7cb67,edbcbee0-0396-4ac7-b8bf-f437ded7cb67,49.262822,-123.14338,1,FALSE,FALSE,21200,0205,1783022725,2026-07-02T20:05:32Z,2026-07-02T20:05:32Z,2026-07-02T20:05:23Z,2.2,https://gbfs.kappa.fifteen.eu/gbfs/2.2/mobi/en/gbfs.json,https://gbfs.kappa.fifteen.eu/gbfs/2.2/mobi/en/free_bike_status.json,2026-07-02T20:05:31Z,2026-07-02T20:05:31Z
mobi_vancouver,mobi_vancouver_29f77abe-77a8-461b-b957-07e7b0a9a9d6,29f77abe-77a8-461b-b957-07e7b0a9a9d6,49.281301,-123.139108,1,FALSE,FALSE,21200,0084,1783022725,2026-07-02T20:05:32Z,2026-07-02T20:05:32Z,2026-07-02T20:05:23Z,2.2,https://gbfs.kappa.fifteen.eu/gbfs/2.2/mobi/en/gbfs.json,https://gbfs.kappa.fifteen.eu/gbfs/2.2/mobi/en/free_bike_status.json,2026-07-02T20:05:31Z,2026-07-02T20:05:31Z
mobi_vancouver,mobi_vancouver_5c711862-192b-4e3c-8be5-014944bbcd8e,5c711862-192b-4e3c-8be5-014944bbcd8e,49.265336,-123.145823,1,FALSE,FALSE,21200,0140,1783022725,2026-07-02T20:05:32Z,2026-07-02T20:05:32Z,2026-07-02T20:05:23Z,2.2,https://gbfs.kappa.fifteen.eu/gbfs/2.2/mobi/en/gbfs.json,https://gbfs.kappa.fifteen.eu/gbfs/2.2/mobi/en/free_bike_status.json,2026-07-02T20:05:31Z,2026-07-02T20:05:31Z
mobi_vancouver,mobi_vancouver_9843e120-d250-4cbc-8957-4ca43a46c845,9843e120-d250-4cbc-8957-4ca43a46c845,49.277595,-123.09583,1,FALSE,FALSE,21200,0212,1783022725,2026-07-02T20:05:32Z,2026-07-02T20:05:32Z,2026-07-02T20:05:23Z,2.2,https://gbfs.kappa.fifteen.eu/gbfs/2.2/mobi/en/gbfs.json,https://gbfs.kappa.fifteen.eu/gbfs/2.2/mobi/en/free_bike_status.json,2026-07-02T20:05:31Z,2026-07-02T20:05:31Z
mobi_vancouver,mobi_vancouver_867f2455-df6b-404d-b1b1-4925d624ff94,867f2455-df6b-404d-b1b1-4925d624ff94,49.276897,-123.101746,1,FALSE,FALSE,21200,0801,1783022725,2026-07-02T20:05:32Z,2026-07-02T20:05:32Z,2026-07-02T20:05:23Z,2.2,https://gbfs.kappa.fifteen.eu/gbfs/2.2/mobi/en/gbfs.json,https://gbfs.kappa.fifteen.eu/gbfs/2.2/mobi/en/free_bike_status.json,2026-07-02T20:05:31Z,2026-07-02T20:05:31Z
mobi_vancouver,mobi_vancouver_482c1031-0c8a-43bc-b60d-343d1ea01255,482c1031-0c8a-43bc-b60d-343d1ea01255,49.261403,-123.070102,1,FALSE,FALSE,21200,0244,1783022725,2026-07-02T20:05:32Z,2026-07-02T20:05:32Z,2026-07-02T20:05:23Z,2.2,https://gbfs.kappa.fifteen.eu/gbfs/2.2/mobi/en/gbfs.json,https://gbfs.kappa.fifteen.eu/gbfs/2.2/mobi/en/free_bike_status.json,2026-07-02T20:05:31Z,2026-07-02T20:05:31Z
mobi_vancouver,mobi_vancouver_9e5fc101-7887-4b43-a813-57dd9211ebcb,9e5fc101-7887-4b43-a813-57dd9211ebcb,49.268616,-123.069908,1,FALSE,FALSE,21200,0240,1783022725,2026-07-02T20:05:32Z,2026-07-02T20:05:32Z,2026-07-02T20:05:23Z,2.2,https://gbfs.kappa.fifteen.eu/gbfs/2.2/mobi/en/gbfs.json,https://gbfs.kappa.fifteen.eu/gbfs/2.2/mobi/en/free_bike_status.json,2026-07-02T20:05:31Z,2026-07-02T20:05:31Z
mobi_vancouver,mobi_vancouver_fb6d16d6-95e0-46ea-b219-5fc3b03bbb78,fb6d16d6-95e0-46ea-b219-5fc3b03bbb78,49.28117,-123.104419,1,FALSE,FALSE,21200,0098,1783022725,2026-07-02T20:05:32Z,2026-07-02T20:05:32Z,2026-07-02T20:05:23Z,2.2,https://gbfs.kappa.fifteen.eu/gbfs/2.2/mobi/en/gbfs.json,https://gbfs.kappa.fifteen.eu/gbfs/2.2/mobi/en/free_bike_status.json,2026-07-02T20:05:31Z,2026-07-02T20:05:31Z
mobi_vancouver,mobi_vancouver_62564d86-ff7f-4380-9f4b-dbf8dd6744f0,62564d86-ff7f-4380-9f4b-dbf8dd6744f0,49.284062,-123.095097,1,FALSE,FALSE,21200,0161,1783022725,2026-07-02T20:05:32Z,2026-07-02T20:05:32Z,2026-07-02T20:05:23Z,2.2,https://gbfs.kappa.fifteen.eu/gbfs/2.2/mobi/en/gbfs.json,https://gbfs.kappa.fifteen.eu/gbfs/2.2/mobi/en/free_bike_status.json,2026-07-02T20:05:31Z,2026-07-02T20:05:31Z
mobi_vancouver,mobi_vancouver_fb7aa21d-33d7-4c6e-8417-c068d8f67762,fb7aa21d-33d7-4c6e-8417-c068d8f67762,49.263382,-123.088837,1,FALSE,FALSE,21200,0261,1783022725,2026-07-02T20:05:32Z,2026-07-02T20:05:32Z,2026-07-02T20:05:23Z,2.2,https://gbfs.kappa.fifteen.eu/gbfs/2.2/mobi/en/gbfs.json,https://gbfs.kappa.fifteen.eu/gbfs/2.2/mobi/en/free_bike_status.json,2026-07-02T20:05:31Z,2026-07-02T20:05:31Z
mobi_vancouver,mobi_vancouver_9c21ad6e-4a79-4212-b8cf-ed5b6bde4a8f,9c21ad6e-4a79-4212-b8cf-ed5b6bde4a8f,49.275882,-123.071865,1,FALSE,FALSE,21200,0232,1783022725,2026-07-02T20:05:32Z,2026-07-02T20:05:32Z,2026-07-02T20:05:23Z,2.2,https://gbfs.kappa.fifteen.eu/gbfs/2.2/mobi/en/gbfs.json,https://gbfs.kappa.fifteen.eu/gbfs/2.2/mobi/en/free_bike_status.json,2026-07-02T20:05:31Z,2026-07-02T20:05:31Z
mobi_vancouver,mobi_vancouver_3f85bc15-c6dd-40a3-81ac-484bc64dbbed,3f85bc15-c6dd-40a3-81ac-484bc64dbbed,49.267266,-123.090786,1,FALSE,FALSE,21200,0287,1783022725,2026-07-02T20:05:32Z,2026-07-02T20:05:32Z,2026-07-02T20:05:23Z,2.2,https://gbfs.kappa.fifteen.eu/gbfs/2.2/mobi/en/gbfs.json,https://gbfs.kappa.fifteen.eu/gbfs/2.2/mobi/en/free_bike_status.json,2026-07-02T20:05:31Z,2026-07-02T20:05:31Z
mobi_vancouver,mobi_vancouver_d59f16db-8a50-4076-b292-69ea3ed11fc6,d59f16db-8a50-4076-b292-69ea3ed11fc6,49.266751,-123.073501,1,FALSE,FALSE,21200,0250,1783022725,2026-07-02T20:05:32Z,2026-07-02T20:05:32Z,2026-07-02T20:05:23Z,2.2,https://gbfs.kappa.fifteen.eu/gbfs/2.2/mobi/en/gbfs.json,https://gbfs.kappa.fifteen.eu/gbfs/2.2/mobi/en/free_bike_status.json,2026-07-02T20:05:31Z,2026-07-02T20:05:31Z
mobi_vancouver,mobi_vancouver_49ba34f5-ca5a-452f-9d19-7439280b4130,49ba34f5-ca5a-452f-9d19-7439280b4130,49.254667,-123.101389,1,FALSE,FALSE,21200,0255,1783022725,2026-07-02T20:05:32Z,2026-07-02T20:05:32Z,2026-07-02T20:05:23Z,2.2,https://gbfs.kappa.fifteen.eu/gbfs/2.2/mobi/en/gbfs.json,https://gbfs.kappa.fifteen.eu/gbfs/2.2/mobi/en/free_bike_status.json,2026-07-02T20:05:31Z,2026-07-02T20:05:31Z
mobi_vancouver,mobi_vancouver_2eae7905-fb3c-469f-b19f-ed3a2d64c97e,2eae7905-fb3c-469f-b19f-ed3a2d64c97e,49.283236,-123.070443,1,FALSE,FALSE,21200,0285,1783022725,2026-07-02T20:05:32Z,2026-07-02T20:05:32Z,2026-07-02T20:05:23Z,2.2,https://gbfs.kappa.fifteen.eu/gbfs/2.2/mobi/en/gbfs.json,https://gbfs.kappa.fifteen.eu/gbfs/2.2/mobi/en/free_bike_status.json,2026-07-02T20:05:31Z,2026-07-02T20:05:31Z
mobi_vancouver,mobi_vancouver_2fe4fdba-5945-447e-b8b6-68e500c8a80c,2fe4fdba-5945-447e-b8b6-68e500c8a80c,49.283236,-123.070443,1,FALSE,FALSE,21200,0285,1783022725,2026-07-02T20:05:32Z,2026-07-02T20:05:32Z,2026-07-02T20:05:23Z,2.2,https://gbfs.kappa.fifteen.eu/gbfs/2.2/mobi/en/gbfs.json,https://gbfs.kappa.fifteen.eu/gbfs/2.2/mobi/en/free_bike_status.json,2026-07-02T20:05:31Z,2026-07-02T20:05:31Z
mobi_vancouver,mobi_vancouver_f7024cec-c08d-4a49-ab92-ac74e25b82b8,f7024cec-c08d-4a49-ab92-ac74e25b82b8,49.256694,-123.096579,1,FALSE,FALSE,21200,0256,1783022725,2026-07-02T20:05:32Z,2026-07-02T20:05:32Z,2026-07-02T20:05:23Z,2.2,https://gbfs.kappa.fifteen.eu/gbfs/2.2/mobi/en/gbfs.json,https://gbfs.kappa.fifteen.eu/gbfs/2.2/mobi/en/free_bike_status.json,2026-07-02T20:05:31Z,2026-07-02T20:05:31Z
mobi_vancouver,mobi_vancouver_cc059b87-8d17-4259-ae98-fba905627e38,cc059b87-8d17-4259-ae98-fba905627e38,49.273777,-123.092723,1,FALSE,FALSE,21200,0233,1783022725,2026-07-02T20:05:32Z,2026-07-02T20:05:32Z,2026-07-02T20:05:23Z,2.2,https://gbfs.kappa.fifteen.eu/gbfs/2.2/mobi/en/gbfs.json,https://gbfs.kappa.fifteen.eu/gbfs/2.2/mobi/en/free_bike_status.json,2026-07-02T20:05:31Z,2026-07-02T20:05:31Z
mobi_vancouver,mobi_vancouver_2a1a837c-e869-4217-aacd-db21f2816323,2a1a837c-e869-4217-aacd-db21f2816323,49.27033,-123.10275,1,FALSE,FALSE,21200,0177,1783022725,2026-07-02T20:05:32Z,2026-07-02T20:05:32Z,2026-07-02T20:05:23Z,2.2,https://gbfs.kappa.fifteen.eu/gbfs/2.2/mobi/en/gbfs.json,https://gbfs.kappa.fifteen.eu/gbfs/2.2/mobi/en/free_bike_status.json,2026-07-02T20:05:31Z,2026-07-02T20:05:31Z
mobi_vancouver,mobi_vancouver_99daeb2e-5d86-4a8f-ab0c-49a92820ec60,99daeb2e-5d86-4a8f-ab0c-49a92820ec60,49.257939,-123.089531,1,FALSE,FALSE,21200,0282,1783022725,2026-07-02T20:05:32Z,2026-07-02T20:05:32Z,2026-07-02T20:05:23Z,2.2,https://gbfs.kappa.fifteen.eu/gbfs/2.2/mobi/en/gbfs.json,https://gbfs.kappa.fifteen.eu/gbfs/2.2/mobi/en/free_bike_status.json,2026-07-02T20:05:31Z,2026-07-02T20:05:31Z
mobi_vancouver,mobi_vancouver_0ce79030-bbe0-43fd-b942-3c643a55c655,0ce79030-bbe0-43fd-b942-3c643a55c655,49.258902,-123.109596,1,FALSE,FALSE,21200,0180,1783022725,2026-07-02T20:05:32Z,2026-07-02T20:05:32Z,2026-07-02T20:05:23Z,2.2,https://gbfs.kappa.fifteen.eu/gbfs/2.2/mobi/en/gbfs.json,https://gbfs.kappa.fifteen.eu/gbfs/2.2/mobi/en/free_bike_status.json,2026-07-02T20:05:31Z,2026-07-02T20:05:31Z
mobi_vancouver,mobi_vancouver_67d205fd-50d3-442f-affc-00948f8cba75,67d205fd-50d3-442f-affc-00948f8cba75,49.265198,-123.131043,1,FALSE,FALSE,21200,0192,1783022725,2026-07-02T20:05:32Z,2026-07-02T20:05:32Z,2026-07-02T20:05:23Z,2.2,https://gbfs.kappa.fifteen.eu/gbfs/2.2/mobi/en/gbfs.json,https://gbfs.kappa.fifteen.eu/gbfs/2.2/mobi/en/free_bike_status.json,2026-07-02T20:05:31Z,2026-07-02T20:05:31Z
mobi_vancouver,mobi_vancouver_76aff965-35fe-4abf-b512-4a53c239d693,76aff965-35fe-4abf-b512-4a53c239d693,49.27551,-123.13307,1,FALSE,FALSE,21200,0045,1783022725,2026-07-02T20:05:32Z,2026-07-02T20:05:32Z,2026-07-02T20:05:23Z,2.2,https://gbfs.kappa.fifteen.eu/gbfs/2.2/mobi/en/gbfs.json,https://gbfs.kappa.fifteen.eu/gbfs/2.2/mobi/en/free_bike_status.json,2026-07-02T20:05:31Z,2026-07-02T20:05:31Z
mobi_vancouver,mobi_vancouver_eac12f61-94de-40b2-abae-a56eebac2eeb,eac12f61-94de-40b2-abae-a56eebac2eeb,49.277615,-123.091654,1,FALSE,FALSE,21200,0215,1783022725,2026-07-02T20:05:32Z,2026-07-02T20:05:32Z,2026-07-02T20:05:23Z,2.2,https://gbfs.kappa.fifteen.eu/gbfs/2.2/mobi/en/gbfs.json,https://gbfs.kappa.fifteen.eu/gbfs/2.2/mobi/en/free_bike_status.json,2026-07-02T20:05:31Z,2026-07-02T20:05:31Z
mobi_vancouver,mobi_vancouver_059d258b-0f92-4a67-9e2c-609d64783089,059d258b-0f92-4a67-9e2c-609d64783089,49.284893,-123.128685,1,FALSE,FALSE,21200,0300,1783022725,2026-07-02T20:05:32Z,2026-07-02T20:05:32Z,2026-07-02T20:05:23Z,2.2,https://gbfs.kappa.fifteen.eu/gbfs/2.2/mobi/en/gbfs.json,https://gbfs.kappa.fifteen.eu/gbfs/2.2/mobi/en/free_bike_status.json,2026-07-02T20:05:31Z,2026-07-02T20:05:31Z
mobi_vancouver,mobi_vancouver_84711b8c-4761-4e79-9c6d-9df844753b5d,84711b8c-4761-4e79-9c6d-9df844753b5d,49.263962,-123.112621,1,FALSE,FALSE,21200,0170,1783022725,2026-07-02T20:05:32Z,2026-07-02T20:05:32Z,2026-07-02T20:05:23Z,2.2,https://gbfs.kappa.fifteen.eu/gbfs/2.2/mobi/en/gbfs.json,https://gbfs.kappa.fifteen.eu/gbfs/2.2/mobi/en/free_bike_status.json,2026-07-02T20:05:31Z,2026-07-02T20:05:31Z
mobi_vancouver,mobi_vancouver_dae63441-cb7b-458c-bec2-b708a720fb65,dae63441-cb7b-458c-bec2-b708a720fb65,49.284554,-123.111031,1,FALSE,FALSE,21200,0124,1783022725,2026-07-02T20:05:32Z,2026-07-02T20:05:32Z,2026-07-02T20:05:23Z,2.2,https://gbfs.kappa.fifteen.eu/gbfs/2.2/mobi/en/gbfs.json,https://gbfs.kappa.fifteen.eu/gbfs/2.2/mobi/en/free_bike_status.json,2026-07-02T20:05:31Z,2026-07-02T20:05:31Z
mobi_vancouver,mobi_vancouver_c096b785-099a-4fe7-a9c9-6b5a1eca5134,c096b785-099a-4fe7-a9c9-6b5a1eca5134,49.277141,-123.122589,2,FALSE,FALSE,21200,0124,1783022725,2026-07-02T20:05:32Z,2026-07-02T20:05:32Z,2026-07-02T20:05:23Z,2.2,https://gbfs.kappa.fifteen.eu/gbfs/2.2/mobi/en/gbfs.json,https://gbfs.kappa.fifteen.eu/gbfs/2.2/mobi/en/free_bike_status.json,2026-07-02T20:05:31Z,2026-07-02T20:05:31Z
mobi_vancouver,mobi_vancouver_5918c243-fa65-444b-95e1-46dd4dd056e0,5918c243-fa65-444b-95e1-46dd4dd056e0,49.27029,-123.135025,1,FALSE,FALSE,21200,0189,1783022725,2026-07-02T20:05:32Z,2026-07-02T20:05:32Z,2026-07-02T20:05:23Z,2.2,https://gbfs.kappa.fifteen.eu/gbfs/2.2/mobi/en/gbfs.json,https://gbfs.kappa.fifteen.eu/gbfs/2.2/mobi/en/free_bike_status.json,2026-07-02T20:05:31Z,2026-07-02T20:05:31Z
mobi_vancouver,mobi_vancouver_a21ffe32-7250-49f6-8a53-bcc7d224d167,a21ffe32-7250-49f6-8a53-bcc7d224d167,49.272969,-123.164325,1,FALSE,FALSE,21200,0460,1783022725,2026-07-02T20:05:32Z,2026-07-02T20:05:32Z,2026-07-02T20:05:23Z,2.2,https://gbfs.kappa.fifteen.eu/gbfs/2.2/mobi/en/gbfs.json,https://gbfs.kappa.fifteen.eu/gbfs/2.2/mobi/en/free_bike_status.json,2026-07-02T20:05:31Z,2026-07-02T20:05:31Z
mobi_vancouver,mobi_vancouver_ec9179c5-4a72-4004-99bb-31434b3115a7,ec9179c5-4a72-4004-99bb-31434b3115a7,49.264483,-123.173926,1,FALSE,FALSE,21200,0444,1783022725,2026-07-02T20:05:32Z,2026-07-02T20:05:32Z,2026-07-02T20:05:23Z,2.2,https://gbfs.kappa.fifteen.eu/gbfs/2.2/mobi/en/gbfs.json,https://gbfs.kappa.fifteen.eu/gbfs/2.2/mobi/en/free_bike_status.json,2026-07-02T20:05:31Z,2026-07-02T20:05:31Z
mobi_vancouver,mobi_vancouver_7f3893eb-3812-4418-a335-882bc71d2081,7f3893eb-3812-4418-a335-882bc71d2081,49.264326,-123.164725,1,FALSE,FALSE,21200,0464,1783022725,2026-07-02T20:05:32Z,2026-07-02T20:05:32Z,2026-07-02T20:05:23Z,2.2,https://gbfs.kappa.fifteen.eu/gbfs/2.2/mobi/en/gbfs.json,https://gbfs.kappa.fifteen.eu/gbfs/2.2/mobi/en/free_bike_status.json,2026-07-02T20:05:31Z,2026-07-02T20:05:31Z
mobi_vancouver,mobi_vancouver_3bc0b625-2f09-49a3-877d-56218006274d,3bc0b625-2f09-49a3-877d-56218006274d,49.272172,-123.097978,1,FALSE,FALSE,21200,0354,1783022725,2026-07-02T20:05:32Z,2026-07-02T20:05:32Z,2026-07-02T20:05:23Z,2.2,https://gbfs.kappa.fifteen.eu/gbfs/2.2/mobi/en/gbfs.json,https://gbfs.kappa.fifteen.eu/gbfs/2.2/mobi/en/free_bike_status.json,2026-07-02T20:05:31Z,2026-07-02T20:05:31Z
mobi_vancouver,mobi_vancouver_b7cf748f-50ee-41c0-a2e2-614bb3ff81df,b7cf748f-50ee-41c0-a2e2-614bb3ff81df,49.245135,-123.116098,1,FALSE,FALSE,21200,0526,1783022725,2026-07-02T20:05:32Z,2026-07-02T20:05:32Z,2026-07-02T20:05:23Z,2.2,https://gbfs.kappa.fifteen.eu/gbfs/2.2/mobi/en/gbfs.json,https://gbfs.kappa.fifteen.eu/gbfs/2.2/mobi/en/free_bike_status.json,2026-07-02T20:05:31Z,2026-07-02T20:05:31Z
mobi_vancouver,mobi_vancouver_ad404f44-99d7-4d94-b067-31d95442ebee,ad404f44-99d7-4d94-b067-31d95442ebee,49.249722,-123.104991,1,FALSE,FALSE,21200,0554,1783022725,2026-07-02T20:05:32Z,2026-07-02T20:05:32Z,2026-07-02T20:05:23Z,2.2,https://gbfs.kappa.fifteen.eu/gbfs/2.2/mobi/en/gbfs.json,https://gbfs.kappa.fifteen.eu/gbfs/2.2/mobi/en/free_bike_status.json,2026-07-02T20:05:31Z,2026-07-02T20:05:31Z
mobi_vancouver,mobi_vancouver_e8f8f223-9a18-4e15-b81a-3eb70fccf0b8,e8f8f223-9a18-4e15-b81a-3eb70fccf0b8,49.282087,-123.056909,1,FALSE,FALSE,21200,0642,1783022725,2026-07-02T20:05:32Z,2026-07-02T20:05:32Z,2026-07-02T20:05:23Z,2.2,https://gbfs.kappa.fifteen.eu/gbfs/2.2/mobi/en/gbfs.json,https://gbfs.kappa.fifteen.eu/gbfs/2.2/mobi/en/free_bike_status.json,2026-07-02T20:05:31Z,2026-07-02T20:05:31Z
mobi_vancouver,mobi_vancouver_76186eb0-6af6-4cde-9b7e-bab649152bfa,76186eb0-6af6-4cde-9b7e-bab649152bfa,49.285575,-123.061575,1,FALSE,FALSE,21200,0621,1783022725,2026-07-02T20:05:32Z,2026-07-02T20:05:32Z,2026-07-02T20:05:23Z,2.2,https://gbfs.kappa.fifteen.eu/gbfs/2.2/mobi/en/gbfs.json,https://gbfs.kappa.fifteen.eu/gbfs/2.2/mobi/en/free_bike_status.json,2026-07-02T20:05:31Z,2026-07-02T20:05:31Z
mobi_vancouver,mobi_vancouver_843de92c-3031-4c06-8ad2-c60b215a47d2,843de92c-3031-4c06-8ad2-c60b215a47d2,49.2658,-123.20596,1,FALSE,FALSE,21200,0715,1783022725,2026-07-02T20:05:32Z,2026-07-02T20:05:32Z,2026-07-02T20:05:23Z,2.2,https://gbfs.kappa.fifteen.eu/gbfs/2.2/mobi/en/gbfs.json,https://gbfs.kappa.fifteen.eu/gbfs/2.2/mobi/en/free_bike_status.json,2026-07-02T20:05:31Z,2026-07-02T20:05:31Z
mobi_vancouver,mobi_vancouver_570c5dd4-314a-4a0d-a18b-e9e0fb8d459c,570c5dd4-314a-4a0d-a18b-e9e0fb8d459c,49.266579,-123.248549,1,FALSE,FALSE,21200,2143,1783022725,2026-07-02T20:05:32Z,2026-07-02T20:05:32Z,2026-07-02T20:05:23Z,2.2,https://gbfs.kappa.fifteen.eu/gbfs/2.2/mobi/en/gbfs.json,https://gbfs.kappa.fifteen.eu/gbfs/2.2/mobi/en/free_bike_status.json,2026-07-02T20:05:31Z,2026-07-02T20:05:31Z
mobi_vancouver,mobi_vancouver_dd690c5a-4009-4a62-9f73-1f5224477e3b,dd690c5a-4009-4a62-9f73-1f5224477e3b,49.26262,-123.2431,2,FALSE,FALSE,21200,2156,1783022725,2026-07-02T20:05:32Z,2026-07-02T20:05:32Z,2026-07-02T20:05:23Z,2.2,https://gbfs.kappa.fifteen.eu/gbfs/2.2/mobi/en/gbfs.json,https://gbfs.kappa.fifteen.eu/gbfs/2.2/mobi/en/free_bike_status.json,2026-07-02T20:05:31Z,2026-07-02T20:05:31Z
mobi_vancouver,mobi_vancouver_7efac226-6c1e-4f77-aaf7-fa76e557248b,7efac226-6c1e-4f77-aaf7-fa76e557248b,49.261655,-123.241924,1,FALSE,FALSE,21200,2157,1783022725,2026-07-02T20:05:32Z,2026-07-02T20:05:32Z,2026-07-02T20:05:23Z,2.2,https://gbfs.kappa.fifteen.eu/gbfs/2.2/mobi/en/gbfs.json,https://gbfs.kappa.fifteen.eu/gbfs/2.2/mobi/en/free_bike_status.json,2026-07-02T20:05:31Z,2026-07-02T20:05:31Z
mobi_vancouver,mobi_vancouver_ae00ceb9-6102-4cb0-8cd0-ef0f00a5ef58,ae00ceb9-6102-4cb0-8cd0-ef0f00a5ef58,49.261655,-123.241924,1,FALSE,FALSE,21200,2157,1783022725,2026-07-02T20:05:32Z,2026-07-02T20:05:32Z,2026-07-02T20:05:23Z,2.2,https://gbfs.kappa.fifteen.eu/gbfs/2.2/mobi/en/gbfs.json,https://gbfs.kappa.fifteen.eu/gbfs/2.2/mobi/en/free_bike_status.json,2026-07-02T20:05:31Z,2026-07-02T20:05:31Z
mobi_vancouver,mobi_vancouver_d8215e53-6bb9-4b7e-86ca-01fe3ab0d316,d8215e53-6bb9-4b7e-86ca-01fe3ab0d316,49.2661,-123.24568,1,FALSE,FALSE,21200,2154,1783022725,2026-07-02T20:05:32Z,2026-07-02T20:05:32Z,2026-07-02T20:05:23Z,2.2,https://gbfs.kappa.fifteen.eu/gbfs/2.2/mobi/en/gbfs.json,https://gbfs.kappa.fifteen.eu/gbfs/2.2/mobi/en/free_bike_status.json,2026-07-02T20:05:31Z,2026-07-02T20:05:31Z
mobi_vancouver,mobi_vancouver_a6583f7c-4766-4945-971e-975c4b491aee,a6583f7c-4766-4945-971e-975c4b491aee,49.282055,-123.133045,1,FALSE,FALSE,21600,0187,1783022725,2026-07-02T20:05:32Z,2026-07-02T20:05:32Z,2026-07-02T20:05:23Z,2.2,https://gbfs.kappa.fifteen.eu/gbfs/2.2/mobi/en/gbfs.json,https://gbfs.kappa.fifteen.eu/gbfs/2.2/mobi/en/free_bike_status.json,2026-07-02T20:05:31Z,2026-07-02T20:05:31Z
mobi_vancouver,mobi_vancouver_ed50a6c3-6cab-4fdf-bc5e-95a4fa0d9882,ed50a6c3-6cab-4fdf-bc5e-95a4fa0d9882,49.282055,-123.133045,1,FALSE,FALSE,21600,0187,1783022725,2026-07-02T20:05:32Z,2026-07-02T20:05:32Z,2026-07-02T20:05:23Z,2.2,https://gbfs.kappa.fifteen.eu/gbfs/2.2/mobi/en/gbfs.json,https://gbfs.kappa.fifteen.eu/gbfs/2.2/mobi/en/free_bike_status.json,2026-07-02T20:05:31Z,2026-07-02T20:05:31Z
mobi_vancouver,mobi_vancouver_f385809a-299f-4eb0-9cfd-689c8ed702da,f385809a-299f-4eb0-9cfd-689c8ed702da,49.282055,-123.133045,1,FALSE,FALSE,21600,0187,1783022725,2026-07-02T20:05:32Z,2026-07-02T20:05:32Z,2026-07-02T20:05:23Z,2.2,https://gbfs.kappa.fifteen.eu/gbfs/2.2/mobi/en/gbfs.json,https://gbfs.kappa.fifteen.eu/gbfs/2.2/mobi/en/free_bike_status.json,2026-07-02T20:05:31Z,2026-07-02T20:05:31Z
mobi_vancouver,mobi_vancouver_3be6b936-3d21-4759-ad76-824cb7ceb95d,3be6b936-3d21-4759-ad76-824cb7ceb95d,49.282055,-123.133045,1,FALSE,FALSE,21600,0187,1783022725,2026-07-02T20:05:32Z,2026-07-02T20:05:32Z,2026-07-02T20:05:23Z,2.2,https://gbfs.kappa.fifteen.eu/gbfs/2.2/mobi/en/gbfs.json,https://gbfs.kappa.fifteen.eu/gbfs/2.2/mobi/en/free_bike_status.json,2026-07-02T20:05:31Z,2026-07-02T20:05:31Z
mobi_vancouver,mobi_vancouver_1b186051-5bdf-4560-b9e0-6f28b4b083dc,1b186051-5bdf-4560-b9e0-6f28b4b083dc,49.271721,-123.104207,1,FALSE,FALSE,21600,0011,1783022725,2026-07-02T20:05:32Z,2026-07-02T20:05:32Z,2026-07-02T20:05:23Z,2.2,https://gbfs.kappa.fifteen.eu/gbfs/2.2/mobi/en/gbfs.json,https://gbfs.kappa.fifteen.eu/gbfs/2.2/mobi/en/free_bike_status.json,2026-07-02T20:05:31Z,2026-07-02T20:05:31Z
mobi_vancouver,mobi_vancouver_65beb4b7-8981-423e-8264-fccc0b6a35c0,65beb4b7-8981-423e-8264-fccc0b6a35c0,49.271721,-123.104207,1,FALSE,FALSE,21600,0011,1783022725,2026-07-02T20:05:32Z,2026-07-02T20:05:32Z,2026-07-02T20:05:23Z,2.2,https://gbfs.kappa.fifteen.eu/gbfs/2.2/mobi/en/gbfs.json,https://gbfs.kappa.fifteen.eu/gbfs/2.2/mobi/en/free_bike_status.json,2026-07-02T20:05:31Z,2026-07-02T20:05:31Z
mobi_vancouver,mobi_vancouver_55ea489b-7b2a-4461-bd6e-4f22e9b48282,55ea489b-7b2a-4461-bd6e-4f22e9b48282,49.271721,-123.104207,1,FALSE,FALSE,21600,0011,1783022725,2026-07-02T20:05:32Z,2026-07-02T20:05:32Z,2026-07-02T20:05:23Z,2.2,https://gbfs.kappa.fifteen.eu/gbfs/2.2/mobi/en/gbfs.json,https://gbfs.kappa.fifteen.eu/gbfs/2.2/mobi/en/free_bike_status.json,2026-07-02T20:05:31Z,2026-07-02T20:05:31Z
mobi_vancouver,mobi_vancouver_f91ea18c-d09b-410a-9914-a4c58bf9bc7b,f91ea18c-d09b-410a-9914-a4c58bf9bc7b,49.262487,-123.114397,1,FALSE,FALSE,21600,0001,1783022725,2026-07-02T20:05:32Z,2026-07-02T20:05:32Z,2026-07-02T20:05:23Z,2.2,https://gbfs.kappa.fifteen.eu/gbfs/2.2/mobi/en/gbfs.json,https://gbfs.kappa.fifteen.eu/gbfs/2.2/mobi/en/free_bike_status.json,2026-07-02T20:05:31Z,2026-07-02T20:05:31Z
mobi_vancouver,mobi_vancouver_0e1229dc-0cf2-45a7-b5ea-f15357098750,0e1229dc-0cf2-45a7-b5ea-f15357098750,49.279764,-123.110154,1,FALSE,FALSE,21600,0005,1783022725,2026-07-02T20:05:32Z,2026-07-02T20:05:32Z,2026-07-02T20:05:23Z,2.2,https://gbfs.kappa.fifteen.eu/gbfs/2.2/mobi/en/gbfs.json,https://gbfs.kappa.fifteen.eu/gbfs/2.2/mobi/en/free_bike_status.json,2026-07-02T20:05:31Z,2026-07-02T20:05:31Z
mobi_vancouver,mobi_vancouver_bad36040-7e0d-4418-a612-44ba29d54dd1,bad36040-7e0d-4418-a612-44ba29d54dd1,49.279764,-123.110154,1,FALSE,FALSE,21600,0005,1783022725,2026-07-02T20:05:32Z,2026-07-02T20:05:32Z,2026-07-02T20:05:23Z,2.2,https://gbfs.kappa.fifteen.eu/gbfs/2.2/mobi/en/gbfs.json,https://gbfs.kappa.fifteen.eu/gbfs/2.2/mobi/en/free_bike_status.json,2026-07-02T20:05:31Z,2026-07-02T20:05:31Z
mobi_vancouver,mobi_vancouver_337c011c-7908-4bbc-8634-d56d48b7a054,337c011c-7908-4bbc-8634-d56d48b7a054,49.279764,-123.110154,1,FALSE,FALSE,21600,0005,1783022725,2026-07-02T20:05:32Z,2026-07-02T20:05:32Z,2026-07-02T20:05:23Z,2.2,https://gbfs.kappa.fifteen.eu/gbfs/2.2/mobi/en/gbfs.json,https://gbfs.kappa.fifteen.eu/gbfs/2.2/mobi/en/free_bike_status.json,2026-07-02T20:05:31Z,2026-07-02T20:05:31Z
mobi_vancouver,mobi_vancouver_7401409b-1166-462d-8fb8-1ff744eaad1d,7401409b-1166-462d-8fb8-1ff744eaad1d,49.28602,-123.116624,1,FALSE,FALSE,21600,0024,1783022725,2026-07-02T20:05:32Z,2026-07-02T20:05:32Z,2026-07-02T20:05:23Z,2.2,https://gbfs.kappa.fifteen.eu/gbfs/2.2/mobi/en/gbfs.json,https://gbfs.kappa.fifteen.eu/gbfs/2.2/mobi/en/free_bike_status.json,2026-07-02T20:05:31Z,2026-07-02T20:05:31Z
mobi_vancouver,mobi_vancouver_3b1ad118-7f2f-4cf1-abc0-24c8106c50a0,3b1ad118-7f2f-4cf1-abc0-24c8106c50a0,49.285871,-123.12105,1,FALSE,FALSE,21600,0002,1783022725,2026-07-02T20:05:32Z,2026-07-02T20:05:32Z,2026-07-02T20:05:23Z,2.2,https://gbfs.kappa.fifteen.eu/gbfs/2.2/mobi/en/gbfs.json,https://gbfs.kappa.fifteen.eu/gbfs/2.2/mobi/en/free_bike_status.json,2026-07-02T20:05:31Z,2026-07-02T20:05:31Z
mobi_vancouver,mobi_vancouver_f7b14288-c396-4c88-af61-c6ebde84541d,f7b14288-c396-4c88-af61-c6ebde84541d,49.26893,-123.11813,1,FALSE,FALSE,21600,0010,1783022725,2026-07-02T20:05:32Z,2026-07-02T20:05:32Z,2026-07-02T20:05:23Z,2.2,https://gbfs.kappa.fifteen.eu/gbfs/2.2/mobi/en/gbfs.json,https://gbfs.kappa.fifteen.eu/gbfs/2.2/mobi/en/free_bike_status.json,2026-07-02T20:05:31Z,2026-07-02T20:05:31Z
mobi_vancouver,mobi_vancouver_bd50105e-84ce-4d00-b9f5-b5371ffb065e,bd50105e-84ce-4d00-b9f5-b5371ffb065e,49.275679,-123.116963,1,FALSE,FALSE,21600,0027,1783022725,2026-07-02T20:05:32Z,2026-07-02T20:05:32Z,2026-07-02T20:05:23Z,2.2,https://gbfs.kappa.fifteen.eu/gbfs/2.2/mobi/en/gbfs.json,https://gbfs.kappa.fifteen.eu/gbfs/2.2/mobi/en/free_bike_status.json,2026-07-02T20:05:31Z,2026-07-02T20:05:31Z
mobi_vancouver,mobi_vancouver_d7df1964-c4de-4a93-b069-8b8cca55f827,d7df1964-c4de-4a93-b069-8b8cca55f827,49.289255,-123.132677,1,FALSE,FALSE,21600,0041,1783022725,2026-07-02T20:05:32Z,2026-07-02T20:05:32Z,2026-07-02T20:05:23Z,2.2,https://gbfs.kappa.fifteen.eu/gbfs/2.2/mobi/en/gbfs.json,https://gbfs.kappa.fifteen.eu/gbfs/2.2/mobi/en/free_bike_status.json,2026-07-02T20:05:31Z,2026-07-02T20:05:31Z
mobi_vancouver,mobi_vancouver_c6d672d3-c048-400f-adfe-72834c522e4e,c6d672d3-c048-400f-adfe-72834c522e4e,49.269361,-123.13782,1,FALSE,FALSE,21600,0066,1783022725,2026-07-02T20:05:32Z,2026-07-02T20:05:32Z,2026-07-02T20:05:23Z,2.2,https://gbfs.kappa.fifteen.eu/gbfs/2.2/mobi/en/gbfs.json,https://gbfs.kappa.fifteen.eu/gbfs/2.2/mobi/en/free_bike_status.json,2026-07-02T20:05:31Z,2026-07-02T20:05:31Z
mobi_vancouver,mobi_vancouver_0126225f-074b-438d-b5cc-92babe29ea3d,0126225f-074b-438d-b5cc-92babe29ea3d,49.269361,-123.13782,1,FALSE,FALSE,21600,0066,1783022725,2026-07-02T20:05:32Z,2026-07-02T20:05:32Z,2026-07-02T20:05:23Z,2.2,https://gbfs.kappa.fifteen.eu/gbfs/2.2/mobi/en/gbfs.json,https://gbfs.kappa.fifteen.eu/gbfs/2.2/mobi/en/free_bike_status.json,2026-07-02T20:05:31Z,2026-07-02T20:05:31Z
mobi_vancouver,mobi_vancouver_d0213ae9-8ca3-4182-a772-bfdece5e7704,d0213ae9-8ca3-4182-a772-bfdece5e7704,49.265089,-123.119425,1,FALSE,FALSE,21600,0081,1783022725,2026-07-02T20:05:32Z,2026-07-02T20:05:32Z,2026-07-02T20:05:23Z,2.2,https://gbfs.kappa.fifteen.eu/gbfs/2.2/mobi/en/gbfs.json,https://gbfs.kappa.fifteen.eu/gbfs/2.2/mobi/en/free_bike_status.json,2026-07-02T20:05:31Z,2026-07-02T20:05:31Z
mobi_vancouver,mobi_vancouver_fef9566e-9ba8-4bf2-905f-30381335634c,fef9566e-9ba8-4bf2-905f-30381335634c,49.265089,-123.119425,1,FALSE,FALSE,21600,0081,1783022725,2026-07-02T20:05:32Z,2026-07-02T20:05:32Z,2026-07-02T20:05:23Z,2.2,https://gbfs.kappa.fifteen.eu/gbfs/2.2/mobi/en/gbfs.json,https://gbfs.kappa.fifteen.eu/gbfs/2.2/mobi/en/free_bike_status.json,2026-07-02T20:05:31Z,2026-07-02T20:05:31Z
mobi_vancouver,mobi_vancouver_329482cf-3b3d-48f7-8874-198a7dad8cd7,329482cf-3b3d-48f7-8874-198a7dad8cd7,49.27808,-123.130557,1,FALSE,FALSE,21600,0089,1783022725,2026-07-02T20:05:32Z,2026-07-02T20:05:32Z,2026-07-02T20:05:23Z,2.2,https://gbfs.kappa.fifteen.eu/gbfs/2.2/mobi/en/gbfs.json,https://gbfs.kappa.fifteen.eu/gbfs/2.2/mobi/en/free_bike_status.json,2026-07-02T20:05:31Z,2026-07-02T20:05:31Z
mobi_vancouver,mobi_vancouver_51900f55-5722-4218-9afa-fb11eae97003,51900f55-5722-4218-9afa-fb11eae97003,49.279739,-123.116251,1,FALSE,FALSE,21600,0025,1783022725,2026-07-02T20:05:32Z,2026-07-02T20:05:32Z,2026-07-02T20:05:23Z,2.2,https://gbfs.kappa.fifteen.eu/gbfs/2.2/mobi/en/gbfs.json,https://gbfs.kappa.fifteen.eu/gbfs/2.2/mobi/en/free_bike_status.json,2026-07-02T20:05:31Z,2026-07-02T20:05:31Z
mobi_vancouver,mobi_vancouver_5b10f588-bd3d-43ad-8958-c215df199df7,5b10f588-bd3d-43ad-8958-c215df199df7,49.273833,-123.114373,1,FALSE,FALSE,21600,0057,1783022725,2026-07-02T20:05:32Z,2026-07-02T20:05:32Z,2026-07-02T20:05:23Z,2.2,https://gbfs.kappa.fifteen.eu/gbfs/2.2/mobi/en/gbfs.json,https://gbfs.kappa.fifteen.eu/gbfs/2.2/mobi/en/free_bike_status.json,2026-07-02T20:05:31Z,2026-07-02T20:05:31Z
mobi_vancouver,mobi_vancouver_7b1ad9ce-b113-4212-9568-523942442c78,7b1ad9ce-b113-4212-9568-523942442c78,49.273833,-123.114373,1,FALSE,FALSE,21600,0057,1783022725,2026-07-02T20:05:32Z,2026-07-02T20:05:32Z,2026-07-02T20:05:23Z,2.2,https://gbfs.kappa.fifteen.eu/gbfs/2.2/mobi/en/gbfs.json,https://gbfs.kappa.fifteen.eu/gbfs/2.2/mobi/en/free_bike_status.json,2026-07-02T20:05:31Z,2026-07-02T20:05:31Z
mobi_vancouver,mobi_vancouver_21c4f1b9-9674-40be-ba2f-1cf9a5c730b4,21c4f1b9-9674-40be-ba2f-1cf9a5c730b4,49.273833,-123.114373,1,FALSE,FALSE,21600,0057,1783022725,2026-07-02T20:05:32Z,2026-07-02T20:05:32Z,2026-07-02T20:05:23Z,2.2,https://gbfs.kappa.fifteen.eu/gbfs/2.2/mobi/en/gbfs.json,https://gbfs.kappa.fifteen.eu/gbfs/2.2/mobi/en/free_bike_status.json,2026-07-02T20:05:31Z,2026-07-02T20:05:31Z
mobi_vancouver,mobi_vancouver_8a96735a-59b4-4663-bfb5-9cab905a2042,8a96735a-59b4-4663-bfb5-9cab905a2042,49.287528,-123.142139,1,FALSE,FALSE,21600,0028,1783022725,2026-07-02T20:05:32Z,2026-07-02T20:05:32Z,2026-07-02T20:05:23Z,2.2,https://gbfs.kappa.fifteen.eu/gbfs/2.2/mobi/en/gbfs.json,https://gbfs.kappa.fifteen.eu/gbfs/2.2/mobi/en/free_bike_status.json,2026-07-02T20:05:31Z,2026-07-02T20:05:31Z
mobi_vancouver,mobi_vancouver_04eb4cc5-945c-408d-8937-05334be22217,04eb4cc5-945c-408d-8937-05334be22217,49.268269,-123.147885,1,FALSE,FALSE,21600,0076,1783022725,2026-07-02T20:05:32Z,2026-07-02T20:05:32Z,2026-07-02T20:05:23Z,2.2,https://gbfs.kappa.fifteen.eu/gbfs/2.2/mobi/en/gbfs.json,https://gbfs.kappa.fifteen.eu/gbfs/2.2/mobi/en/free_bike_status.json,2026-07-02T20:05:31Z,2026-07-02T20:05:31Z
mobi_vancouver,mobi_vancouver_2545c0e7-520d-4768-b627-ce6af2f4e9e5,2545c0e7-520d-4768-b627-ce6af2f4e9e5,49.276436,-123.11877,1,FALSE,FALSE,21600,0078,1783022725,2026-07-02T20:05:32Z,2026-07-02T20:05:32Z,2026-07-02T20:05:23Z,2.2,https://gbfs.kappa.fifteen.eu/gbfs/2.2/mobi/en/gbfs.json,https://gbfs.kappa.fifteen.eu/gbfs/2.2/mobi/en/free_bike_status.json,2026-07-02T20:05:31Z,2026-07-02T20:05:31Z
mobi_vancouver,mobi_vancouver_79f4e2fd-8681-4816-958b-6cfadd9938cf,79f4e2fd-8681-4816-958b-6cfadd9938cf,49.28526,-123.141809,1,FALSE,FALSE,21600,0060,1783022725,2026-07-02T20:05:32Z,2026-07-02T20:05:32Z,2026-07-02T20:05:23Z,2.2,https://gbfs.kappa.fifteen.eu/gbfs/2.2/mobi/en/gbfs.json,https://gbfs.kappa.fifteen.eu/gbfs/2.2/mobi/en/free_bike_status.json,2026-07-02T20:05:31Z,2026-07-02T20:05:31Z
mobi_vancouver,mobi_vancouver_ab016b34-29aa-4ec8-b43f-4326df75c751,ab016b34-29aa-4ec8-b43f-4326df75c751,49.28526,-123.141809,1,FALSE,FALSE,21600,0060,1783022725,2026-07-02T20:05:32Z,2026-07-02T20:05:32Z,2026-07-02T20:05:23Z,2.2,https://gbfs.kappa.fifteen.eu/gbfs/2.2/mobi/en/gbfs.json,https://gbfs.kappa.fifteen.eu/gbfs/2.2/mobi/en/free_bike_status.json,2026-07-02T20:05:31Z,2026-07-02T20:05:31Z
mobi_vancouver,mobi_vancouver_f36ed5d3-78a9-4b15-afd7-de157f77707f,f36ed5d3-78a9-4b15-afd7-de157f77707f,49.287097,-123.118551,1,FALSE,FALSE,21600,0016,1783022725,2026-07-02T20:05:32Z,2026-07-02T20:05:32Z,2026-07-02T20:05:23Z,2.2,https://gbfs.kappa.fifteen.eu/gbfs/2.2/mobi/en/gbfs.json,https://gbfs.kappa.fifteen.eu/gbfs/2.2/mobi/en/free_bike_status.json,2026-07-02T20:05:31Z,2026-07-02T20:05:31Z
mobi_vancouver,mobi_vancouver_739d842d-c78f-4f46-bbca-a7200a6c3c41,739d842d-c78f-4f46-bbca-a7200a6c3c41,49.284605,-123.108662,1,FALSE,FALSE,21600,0052,1783022725,2026-07-02T20:05:32Z,2026-07-02T20:05:32Z,2026-07-02T20:05:23Z,2.2,https://gbfs.kappa.fifteen.eu/gbfs/2.2/mobi/en/gbfs.json,https://gbfs.kappa.fifteen.eu/gbfs/2.2/mobi/en/free_bike_status.json,2026-07-02T20:05:31Z,2026-07-02T20:05:31Z
mobi_vancouver,mobi_vancouver_7ff140be-ff90-4355-bd01-f85bffd5dc46,7ff140be-ff90-4355-bd01-f85bffd5dc46,49.257654,-123.153212,1,FALSE,FALSE,21600,0113,1783022725,2026-07-02T20:05:32Z,2026-07-02T20:05:32Z,2026-07-02T20:05:23Z,2.2,https://gbfs.kappa.fifteen.eu/gbfs/2.2/mobi/en/gbfs.json,https://gbfs.kappa.fifteen.eu/gbfs/2.2/mobi/en/free_bike_status.json,2026-07-02T20:05:31Z,2026-07-02T20:05:31Z
mobi_vancouver,mobi_vancouver_34fe5aa4-6336-49b3-81e2-b8c2167b5a05,34fe5aa4-6336-49b3-81e2-b8c2167b5a05,49.257654,-123.153212,1,FALSE,FALSE,21600,0113,1783022725,2026-07-02T20:05:32Z,2026-07-02T20:05:32Z,2026-07-02T20:05:23Z,2.2,https://gbfs.kappa.fifteen.eu/gbfs/2.2/mobi/en/gbfs.json,https://gbfs.kappa.fifteen.eu/gbfs/2.2/mobi/en/free_bike_status.json,2026-07-02T20:05:31Z,2026-07-02T20:05:31Z
mobi_vancouver,mobi_vancouver_671019fa-404c-43ce-a813-9b0534075eea,671019fa-404c-43ce-a813-9b0534075eea,49.25845,-123.100377,1,FALSE,FALSE,21600,0134,1783022725,2026-07-02T20:05:32Z,2026-07-02T20:05:32Z,2026-07-02T20:05:23Z,2.2,https://gbfs.kappa.fifteen.eu/gbfs/2.2/mobi/en/gbfs.json,https://gbfs.kappa.fifteen.eu/gbfs/2.2/mobi/en/free_bike_status.json,2026-07-02T20:05:31Z,2026-07-02T20:05:31Z
mobi_vancouver,mobi_vancouver_4a0811ba-ddbd-419c-a113-6436b750a8ca,4a0811ba-ddbd-419c-a113-6436b750a8ca,49.27023,-123.10651,1,FALSE,FALSE,21600,0174,1783022725,2026-07-02T20:05:32Z,2026-07-02T20:05:32Z,2026-07-02T20:05:23Z,2.2,https://gbfs.kappa.fifteen.eu/gbfs/2.2/mobi/en/gbfs.json,https://gbfs.kappa.fifteen.eu/gbfs/2.2/mobi/en/free_bike_status.json,2026-07-02T20:05:31Z,2026-07-02T20:05:31Z
mobi_vancouver,mobi_vancouver_3a40449a-b701-4438-ae89-1f6dae00776e,3a40449a-b701-4438-ae89-1f6dae00776e,49.27023,-123.10651,1,FALSE,FALSE,21600,0174,1783022725,2026-07-02T20:05:32Z,2026-07-02T20:05:32Z,2026-07-02T20:05:23Z,2.2,https://gbfs.kappa.fifteen.eu/gbfs/2.2/mobi/en/gbfs.json,https://gbfs.kappa.fifteen.eu/gbfs/2.2/mobi/en/free_bike_status.json,2026-07-02T20:05:31Z,2026-07-02T20:05:31Z
mobi_vancouver,mobi_vancouver_ed17f031-7a96-4f6f-a58c-b7d5f59beae4,ed17f031-7a96-4f6f-a58c-b7d5f59beae4,49.276292,-123.150592,1,FALSE,FALSE,21600,0155,1783022725,2026-07-02T20:05:32Z,2026-07-02T20:05:32Z,2026-07-02T20:05:23Z,2.2,https://gbfs.kappa.fifteen.eu/gbfs/2.2/mobi/en/gbfs.json,https://gbfs.kappa.fifteen.eu/gbfs/2.2/mobi/en/free_bike_status.json,2026-07-02T20:05:31Z,2026-07-02T20:05:31Z
mobi_vancouver,mobi_vancouver_8dc10311-23e0-45d5-93bb-37b013338588,8dc10311-23e0-45d5-93bb-37b013338588,49.268339,-123.157443,1,FALSE,FALSE,21600,0159,1783022725,2026-07-02T20:05:32Z,2026-07-02T20:05:32Z,2026-07-02T20:05:23Z,2.2,https://gbfs.kappa.fifteen.eu/gbfs/2.2/mobi/en/gbfs.json,https://gbfs.kappa.fifteen.eu/gbfs/2.2/mobi/en/free_bike_status.json,2026-07-02T20:05:31Z,2026-07-02T20:05:31Z
mobi_vancouver,mobi_vancouver_51d68347-c38b-4660-9e87-285b393954cb,51d68347-c38b-4660-9e87-285b393954cb,49.268339,-123.157443,1,FALSE,FALSE,21600,0159,1783022725,2026-07-02T20:05:32Z,2026-07-02T20:05:32Z,2026-07-02T20:05:23Z,2.2,https://gbfs.kappa.fifteen.eu/gbfs/2.2/mobi/en/gbfs.json,https://gbfs.kappa.fifteen.eu/gbfs/2.2/mobi/en/free_bike_status.json,2026-07-02T20:05:31Z,2026-07-02T20:05:31Z
mobi_vancouver,mobi_vancouver_3d2726e5-d6fb-4aa3-b611-09ed21e3c41b,3d2726e5-d6fb-4aa3-b611-09ed21e3c41b,49.282758,-123.122092,1,FALSE,FALSE,21600,0019,1783022725,2026-07-02T20:05:32Z,2026-07-02T20:05:32Z,2026-07-02T20:05:23Z,2.2,https://gbfs.kappa.fifteen.eu/gbfs/2.2/mobi/en/gbfs.json,https://gbfs.kappa.fifteen.eu/gbfs/2.2/mobi/en/free_bike_status.json,2026-07-02T20:05:31Z,2026-07-02T20:05:31Z
mobi_vancouver,mobi_vancouver_a50243a6-7e9d-4eee-89be-57a44cc19cf2,a50243a6-7e9d-4eee-89be-57a44cc19cf2,49.267222,-123.153157,1,FALSE,FALSE,21600,0110,1783022725,2026-07-02T20:05:32Z,2026-07-02T20:05:32Z,2026-07-02T20:05:23Z,2.2,https://gbfs.kappa.fifteen.eu/gbfs/2.2/mobi/en/gbfs.json,https://gbfs.kappa.fifteen.eu/gbfs/2.2/mobi/en/free_bike_status.json,2026-07-02T20:05:31Z,2026-07-02T20:05:31Z
mobi_vancouver,mobi_vancouver_870fa430-958b-41e0-aae5-1f79a4d413eb,870fa430-958b-41e0-aae5-1f79a4d413eb,49.279342,-123.101822,1,FALSE,FALSE,21600,0055,1783022725,2026-07-02T20:05:32Z,2026-07-02T20:05:32Z,2026-07-02T20:05:23Z,2.2,https://gbfs.kappa.fifteen.eu/gbfs/2.2/mobi/en/gbfs.json,https://gbfs.kappa.fifteen.eu/gbfs/2.2/mobi/en/free_bike_status.json,2026-07-02T20:05:31Z,2026-07-02T20:05:31Z
mobi_vancouver,mobi_vancouver_7e4da080-a808-44e2-a382-c0e1ba21bcf5,7e4da080-a808-44e2-a382-c0e1ba21bcf5,49.262206,-123.109091,1,FALSE,FALSE,21600,0172,1783022725,2026-07-02T20:05:32Z,2026-07-02T20:05:32Z,2026-07-02T20:05:23Z,2.2,https://gbfs.kappa.fifteen.eu/gbfs/2.2/mobi/en/gbfs.json,https://gbfs.kappa.fifteen.eu/gbfs/2.2/mobi/en/free_bike_status.json,2026-07-02T20:05:31Z,2026-07-02T20:05:31Z
mobi_vancouver,mobi_vancouver_7a15b446-fd8f-4f91-a561-ca9e1b357c61,7a15b446-fd8f-4f91-a561-ca9e1b357c61,49.273355,-123.154493,1,FALSE,FALSE,21600,0154,1783022725,2026-07-02T20:05:32Z,2026-07-02T20:05:32Z,2026-07-02T20:05:23Z,2.2,https://gbfs.kappa.fifteen.eu/gbfs/2.2/mobi/en/gbfs.json,https://gbfs.kappa.fifteen.eu/gbfs/2.2/mobi/en/free_bike_status.json,2026-07-02T20:05:31Z,2026-07-02T20:05:31Z
mobi_vancouver,mobi_vancouver_4240c525-82be-494d-b688-954227149fd7,4240c525-82be-494d-b688-954227149fd7,49.273355,-123.154493,1,FALSE,FALSE,21600,0154,1783022725,2026-07-02T20:05:32Z,2026-07-02T20:05:32Z,2026-07-02T20:05:23Z,2.2,https://gbfs.kappa.fifteen.eu/gbfs/2.2/mobi/en/gbfs.json,https://gbfs.kappa.fifteen.eu/gbfs/2.2/mobi/en/free_bike_status.json,2026-07-02T20:05:31Z,2026-07-02T20:05:31Z
mobi_vancouver,mobi_vancouver_a535f97c-72f6-4c12-8164-948466723d70,a535f97c-72f6-4c12-8164-948466723d70,49.258924,-123.152591,1,FALSE,FALSE,21600,0152,1783022725,2026-07-02T20:05:32Z,2026-07-02T20:05:32Z,2026-07-02T20:05:23Z,2.2,https://gbfs.kappa.fifteen.eu/gbfs/2.2/mobi/en/gbfs.json,https://gbfs.kappa.fifteen.eu/gbfs/2.2/mobi/en/free_bike_status.json,2026-07-02T20:05:31Z,2026-07-02T20:05:31Z
mobi_vancouver,mobi_vancouver_f383d7c7-f50b-454d-b22b-966be595b134,f383d7c7-f50b-454d-b22b-966be595b134,49.281301,-123.139108,1,FALSE,FALSE,21600,0084,1783022725,2026-07-02T20:05:32Z,2026-07-02T20:05:32Z,2026-07-02T20:05:23Z,2.2,https://gbfs.kappa.fifteen.eu/gbfs/2.2/mobi/en/gbfs.json,https://gbfs.kappa.fifteen.eu/gbfs/2.2/mobi/en/free_bike_status.json,2026-07-02T20:05:31Z,2026-07-02T20:05:31Z
mobi_vancouver,mobi_vancouver_28b59357-6116-4e37-992e-25bd4b9e63ad,28b59357-6116-4e37-992e-25bd4b9e63ad,49.294318,-123.148808,1,FALSE,FALSE,21600,0104,1783022725,2026-07-02T20:05:32Z,2026-07-02T20:05:32Z,2026-07-02T20:05:23Z,2.2,https://gbfs.kappa.fifteen.eu/gbfs/2.2/mobi/en/gbfs.json,https://gbfs.kappa.fifteen.eu/gbfs/2.2/mobi/en/free_bike_status.json,2026-07-02T20:05:31Z,2026-07-02T20:05:31Z
mobi_vancouver,mobi_vancouver_1d667b24-b236-40fa-8126-18f8620d6482,1d667b24-b236-40fa-8126-18f8620d6482,49.298657,-123.121176,1,FALSE,FALSE,21600,0105,1783022725,2026-07-02T20:05:32Z,2026-07-02T20:05:32Z,2026-07-02T20:05:23Z,2.2,https://gbfs.kappa.fifteen.eu/gbfs/2.2/mobi/en/gbfs.json,https://gbfs.kappa.fifteen.eu/gbfs/2.2/mobi/en/free_bike_status.json,2026-07-02T20:05:31Z,2026-07-02T20:05:31Z
mobi_vancouver,mobi_vancouver_f2395ab6-4fc0-4417-8717-8f70df2ab010,f2395ab6-4fc0-4417-8717-8f70df2ab010,49.266456,-123.100324,1,FALSE,FALSE,21600,0198,1783022725,2026-07-02T20:05:32Z,2026-07-02T20:05:32Z,2026-07-02T20:05:23Z,2.2,https://gbfs.kappa.fifteen.eu/gbfs/2.2/mobi/en/gbfs.json,https://gbfs.kappa.fifteen.eu/gbfs/2.2/mobi/en/free_bike_status.json,2026-07-02T20:05:31Z,2026-07-02T20:05:31Z
mobi_vancouver,mobi_vancouver_e2082448-6a27-433f-801c-fc93fa3c846e,e2082448-6a27-433f-801c-fc93fa3c846e,49.266774,-123.141135,1,FALSE,FALSE,21600,0153,1783022725,2026-07-02T20:05:32Z,2026-07-02T20:05:32Z,2026-07-02T20:05:23Z,2.2,https://gbfs.kappa.fifteen.eu/gbfs/2.2/mobi/en/gbfs.json,https://gbfs.kappa.fifteen.eu/gbfs/2.2/mobi/en/free_bike_status.json,2026-07-02T20:05:31Z,2026-07-02T20:05:31Z
mobi_vancouver,mobi_vancouver_3cdacb47-3d4a-40fb-90d1-611caa6540fe,3cdacb47-3d4a-40fb-90d1-611caa6540fe,49.261263,-123.073707,1,FALSE,FALSE,21600,0245,1783022725,2026-07-02T20:05:32Z,2026-07-02T20:05:32Z,2026-07-02T20:05:23Z,2.2,https://gbfs.kappa.fifteen.eu/gbfs/2.2/mobi/en/gbfs.json,https://gbfs.kappa.fifteen.eu/gbfs/2.2/mobi/en/free_bike_status.json,2026-07-02T20:05:31Z,2026-07-02T20:05:31Z
mobi_vancouver,mobi_vancouver_beceec61-5853-40f8-b81c-c460c39621ec,beceec61-5853-40f8-b81c-c460c39621ec,49.261263,-123.073707,1,FALSE,FALSE,21600,0245,1783022725,2026-07-02T20:05:32Z,2026-07-02T20:05:32Z,2026-07-02T20:05:23Z,2.2,https://gbfs.kappa.fifteen.eu/gbfs/2.2/mobi/en/gbfs.json,https://gbfs.kappa.fifteen.eu/gbfs/2.2/mobi/en/free_bike_status.json,2026-07-02T20:05:31Z,2026-07-02T20:05:31Z
mobi_vancouver,mobi_vancouver_c297b808-aa13-4812-a8ed-0721aad7a7d4,c297b808-aa13-4812-a8ed-0721aad7a7d4,49.266969,-123.069936,1,FALSE,FALSE,21600,0241,1783022725,2026-07-02T20:05:32Z,2026-07-02T20:05:32Z,2026-07-02T20:05:23Z,2.2,https://gbfs.kappa.fifteen.eu/gbfs/2.2/mobi/en/gbfs.json,https://gbfs.kappa.fifteen.eu/gbfs/2.2/mobi/en/free_bike_status.json,2026-07-02T20:05:31Z,2026-07-02T20:05:31Z
mobi_vancouver,mobi_vancouver_93f7fecf-64c2-4c3b-a087-d128acf8e4f9,93f7fecf-64c2-4c3b-a087-d128acf8e4f9,49.274881,-123.069323,1,FALSE,FALSE,21600,0231,1783022725,2026-07-02T20:05:32Z,2026-07-02T20:05:32Z,2026-07-02T20:05:23Z,2.2,https://gbfs.kappa.fifteen.eu/gbfs/2.2/mobi/en/gbfs.json,https://gbfs.kappa.fifteen.eu/gbfs/2.2/mobi/en/free_bike_status.json,2026-07-02T20:05:31Z,2026-07-02T20:05:31Z
mobi_vancouver,mobi_vancouver_a6ef2435-7a77-4fb8-bae8-4d9050c7d92d,a6ef2435-7a77-4fb8-bae8-4d9050c7d92d,49.277665,-123.073653,1,FALSE,FALSE,21600,0222,1783022725,2026-07-02T20:05:32Z,2026-07-02T20:05:32Z,2026-07-02T20:05:23Z,2.2,https://gbfs.kappa.fifteen.eu/gbfs/2.2/mobi/en/gbfs.json,https://gbfs.kappa.fifteen.eu/gbfs/2.2/mobi/en/free_bike_status.json,2026-07-02T20:05:31Z,2026-07-02T20:05:31Z
mobi_vancouver,mobi_vancouver_56533d27-74e5-44db-b736-4a5898600ad3,56533d27-74e5-44db-b736-4a5898600ad3,49.284062,-123.095097,1,FALSE,FALSE,21600,0161,1783022725,2026-07-02T20:05:32Z,2026-07-02T20:05:32Z,2026-07-02T20:05:23Z,2.2,https://gbfs.kappa.fifteen.eu/gbfs/2.2/mobi/en/gbfs.json,https://gbfs.kappa.fifteen.eu/gbfs/2.2/mobi/en/free_bike_status.json,2026-07-02T20:05:31Z,2026-07-02T20:05:31Z
mobi_vancouver,mobi_vancouver_aec3d1aa-751d-49d2-90ac-b2587902a997,aec3d1aa-751d-49d2-90ac-b2587902a997,49.280284,-123.097052,1,FALSE,FALSE,21600,0213,1783022725,2026-07-02T20:05:32Z,2026-07-02T20:05:32Z,2026-07-02T20:05:23Z,2.2,https://gbfs.kappa.fifteen.eu/gbfs/2.2/mobi/en/gbfs.json,https://gbfs.kappa.fifteen.eu/gbfs/2.2/mobi/en/free_bike_status.json,2026-07-02T20:05:31Z,2026-07-02T20:05:31Z
mobi_vancouver,mobi_vancouver_465caedf-23cb-4deb-9ad5-98b4535b4052,465caedf-23cb-4deb-9ad5-98b4535b4052,49.258817,-123.092797,1,FALSE,FALSE,21600,0258,1783022725,2026-07-02T20:05:32Z,2026-07-02T20:05:32Z,2026-07-02T20:05:23Z,2.2,https://gbfs.kappa.fifteen.eu/gbfs/2.2/mobi/en/gbfs.json,https://gbfs.kappa.fifteen.eu/gbfs/2.2/mobi/en/free_bike_status.json,2026-07-02T20:05:31Z,2026-07-02T20:05:31Z
mobi_vancouver,mobi_vancouver_a90a2d46-8020-4616-86e8-b3339eeabe83,a90a2d46-8020-4616-86e8-b3339eeabe83,49.258817,-123.092797,1,FALSE,FALSE,21600,0258,1783022725,2026-07-02T20:05:32Z,2026-07-02T20:05:32Z,2026-07-02T20:05:23Z,2.2,https://gbfs.kappa.fifteen.eu/gbfs/2.2/mobi/en/gbfs.json,https://gbfs.kappa.fifteen.eu/gbfs/2.2/mobi/en/free_bike_status.json,2026-07-02T20:05:31Z,2026-07-02T20:05:31Z
mobi_vancouver,mobi_vancouver_c6bea128-c2ad-482b-8558-cf04e13ddbef,c6bea128-c2ad-482b-8558-cf04e13ddbef,49.258817,-123.092797,1,FALSE,FALSE,21600,0258,1783022725,2026-07-02T20:05:32Z,2026-07-02T20:05:32Z,2026-07-02T20:05:23Z,2.2,https://gbfs.kappa.fifteen.eu/gbfs/2.2/mobi/en/gbfs.json,https://gbfs.kappa.fifteen.eu/gbfs/2.2/mobi/en/free_bike_status.json,2026-07-02T20:05:31Z,2026-07-02T20:05:31Z
mobi_vancouver,mobi_vancouver_a14c5c93-b706-4c3e-863b-5c030c9f2c8d,a14c5c93-b706-4c3e-863b-5c030c9f2c8d,49.267266,-123.090786,1,FALSE,FALSE,21600,0287,1783022725,2026-07-02T20:05:32Z,2026-07-02T20:05:32Z,2026-07-02T20:05:23Z,2.2,https://gbfs.kappa.fifteen.eu/gbfs/2.2/mobi/en/gbfs.json,https://gbfs.kappa.fifteen.eu/gbfs/2.2/mobi/en/free_bike_status.json,2026-07-02T20:05:31Z,2026-07-02T20:05:31Z
mobi_vancouver,mobi_vancouver_c8f2eff5-2e3d-43e5-afea-6c8edb93722d,c8f2eff5-2e3d-43e5-afea-6c8edb93722d,49.266751,-123.073501,1,FALSE,FALSE,21600,0250,1783022725,2026-07-02T20:05:32Z,2026-07-02T20:05:32Z,2026-07-02T20:05:23Z,2.2,https://gbfs.kappa.fifteen.eu/gbfs/2.2/mobi/en/gbfs.json,https://gbfs.kappa.fifteen.eu/gbfs/2.2/mobi/en/free_bike_status.json,2026-07-02T20:05:31Z,2026-07-02T20:05:31Z
mobi_vancouver,mobi_vancouver_40219768-3260-4ceb-8a93-7a16c8b82636,40219768-3260-4ceb-8a93-7a16c8b82636,49.280332,-123.070068,1,FALSE,FALSE,21600,0224,1783022725,2026-07-02T20:05:32Z,2026-07-02T20:05:32Z,2026-07-02T20:05:23Z,2.2,https://gbfs.kappa.fifteen.eu/gbfs/2.2/mobi/en/gbfs.json,https://gbfs.kappa.fifteen.eu/gbfs/2.2/mobi/en/free_bike_status.json,2026-07-02T20:05:31Z,2026-07-02T20:05:31Z
mobi_vancouver,mobi_vancouver_72626f00-e00e-45f2-a58a-d3843c151102,72626f00-e00e-45f2-a58a-d3843c151102,49.261188,-123.066009,1,FALSE,FALSE,21600,0274,1783022725,2026-07-02T20:05:32Z,2026-07-02T20:05:32Z,2026-07-02T20:05:23Z,2.2,https://gbfs.kappa.fifteen.eu/gbfs/2.2/mobi/en/gbfs.json,https://gbfs.kappa.fifteen.eu/gbfs/2.2/mobi/en/free_bike_status.json,2026-07-02T20:05:31Z,2026-07-02T20:05:31Z
mobi_vancouver,mobi_vancouver_ab6e913b-bb4e-4036-85de-ed9f54aa57e3,ab6e913b-bb4e-4036-85de-ed9f54aa57e3,49.263746,-123.069892,1,FALSE,FALSE,21600,0273,1783022725,2026-07-02T20:05:32Z,2026-07-02T20:05:32Z,2026-07-02T20:05:23Z,2.2,https://gbfs.kappa.fifteen.eu/gbfs/2.2/mobi/en/gbfs.json,https://gbfs.kappa.fifteen.eu/gbfs/2.2/mobi/en/free_bike_status.json,2026-07-02T20:05:31Z,2026-07-02T20:05:31Z
mobi_vancouver,mobi_vancouver_af3d06d5-fbd1-4da4-9065-1b12c374170e,af3d06d5-fbd1-4da4-9065-1b12c374170e,49.266725,-123.065925,1,FALSE,FALSE,21600,0273,1783022725,2026-07-02T20:05:32Z,2026-07-02T20:05:32Z,2026-07-02T20:05:23Z,2.2,https://gbfs.kappa.fifteen.eu/gbfs/2.2/mobi/en/gbfs.json,https://gbfs.kappa.fifteen.eu/gbfs/2.2/mobi/en/free_bike_status.json,2026-07-02T20:05:31Z,2026-07-02T20:05:31Z
mobi_vancouver,mobi_vancouver_574ed4c7-45c6-4a81-91d9-0dc35e8790ef,574ed4c7-45c6-4a81-91d9-0dc35e8790ef,49.280881,-123.130672,1,FALSE,FALSE,21600,0126,1783022725,2026-07-02T20:05:32Z,2026-07-02T20:05:32Z,2026-07-02T20:05:23Z,2.2,https://gbfs.kappa.fifteen.eu/gbfs/2.2/mobi/en/gbfs.json,https://gbfs.kappa.fifteen.eu/gbfs/2.2/mobi/en/free_bike_status.json,2026-07-02T20:05:31Z,2026-07-02T20:05:31Z
mobi_vancouver,mobi_vancouver_8b64eeed-62f4-4c86-99fd-84d569708cd5,8b64eeed-62f4-4c86-99fd-84d569708cd5,49.283986,-123.065264,1,FALSE,FALSE,21600,0280,1783022725,2026-07-02T20:05:32Z,2026-07-02T20:05:32Z,2026-07-02T20:05:23Z,2.2,https://gbfs.kappa.fifteen.eu/gbfs/2.2/mobi/en/gbfs.json,https://gbfs.kappa.fifteen.eu/gbfs/2.2/mobi/en/free_bike_status.json,2026-07-02T20:05:31Z,2026-07-02T20:05:31Z
mobi_vancouver,mobi_vancouver_4cf2d94a-4a38-42b8-9cfa-d4fc9d4df119,4cf2d94a-4a38-42b8-9cfa-d4fc9d4df119,49.283236,-123.070443,1,FALSE,FALSE,21600,0285,1783022725,2026-07-02T20:05:32Z,2026-07-02T20:05:32Z,2026-07-02T20:05:23Z,2.2,https://gbfs.kappa.fifteen.eu/gbfs/2.2/mobi/en/gbfs.json,https://gbfs.kappa.fifteen.eu/gbfs/2.2/mobi/en/free_bike_status.json,2026-07-02T20:05:31Z,2026-07-02T20:05:31Z
mobi_vancouver,mobi_vancouver_d4981571-bca6-4b5d-a67c-7bc4cb301b41,d4981571-bca6-4b5d-a67c-7bc4cb301b41,49.258352,-123.096337,1,FALSE,FALSE,21600,0257,1783022725,2026-07-02T20:05:32Z,2026-07-02T20:05:32Z,2026-07-02T20:05:23Z,2.2,https://gbfs.kappa.fifteen.eu/gbfs/2.2/mobi/en/gbfs.json,https://gbfs.kappa.fifteen.eu/gbfs/2.2/mobi/en/free_bike_status.json,2026-07-02T20:05:31Z,2026-07-02T20:05:31Z
mobi_vancouver,mobi_vancouver_5e591c8f-c1c6-45c2-855b-cbca2c4da158,5e591c8f-c1c6-45c2-855b-cbca2c4da158,49.256857,-123.065646,1,FALSE,FALSE,21600,0278,1783022725,2026-07-02T20:05:32Z,2026-07-02T20:05:32Z,2026-07-02T20:05:23Z,2.2,https://gbfs.kappa.fifteen.eu/gbfs/2.2/mobi/en/gbfs.json,https://gbfs.kappa.fifteen.eu/gbfs/2.2/mobi/en/free_bike_status.json,2026-07-02T20:05:31Z,2026-07-02T20:05:31Z
mobi_vancouver,mobi_vancouver_6bfd5abc-4760-40d1-b2c4-e3dc513e6904,6bfd5abc-4760-40d1-b2c4-e3dc513e6904,49.289124,-123.12196,1,FALSE,FALSE,21600,0034,1783022725,2026-07-02T20:05:32Z,2026-07-02T20:05:32Z,2026-07-02T20:05:23Z,2.2,https://gbfs.kappa.fifteen.eu/gbfs/2.2/mobi/en/gbfs.json,https://gbfs.kappa.fifteen.eu/gbfs/2.2/mobi/en/free_bike_status.json,2026-07-02T20:05:31Z,2026-07-02T20:05:31Z
mobi_vancouver,mobi_vancouver_3d10f680-5f1e-4a33-a2d8-ac9878360d19,3d10f680-5f1e-4a33-a2d8-ac9878360d19,49.261973,-123.09725,1,FALSE,FALSE,21600,0186,1783022725,2026-07-02T20:05:32Z,2026-07-02T20:05:32Z,2026-07-02T20:05:23Z,2.2,https://gbfs.kappa.fifteen.eu/gbfs/2.2/mobi/en/gbfs.json,https://gbfs.kappa.fifteen.eu/gbfs/2.2/mobi/en/free_bike_status.json,2026-07-02T20:05:31Z,2026-07-02T20:05:31Z
mobi_vancouver,mobi_vancouver_68c44479-261d-4dcd-bc68-8f9e6bfcb70e,68c44479-261d-4dcd-bc68-8f9e6bfcb70e,49.27033,-123.10275,1,FALSE,FALSE,21600,0177,1783022725,2026-07-02T20:05:32Z,2026-07-02T20:05:32Z,2026-07-02T20:05:23Z,2.2,https://gbfs.kappa.fifteen.eu/gbfs/2.2/mobi/en/gbfs.json,https://gbfs.kappa.fifteen.eu/gbfs/2.2/mobi/en/free_bike_status.json,2026-07-02T20:05:31Z,2026-07-02T20:05:31Z
mobi_vancouver,mobi_vancouver_e8c72918-6e00-4a45-b7c6-fe27d26ac7ce,e8c72918-6e00-4a45-b7c6-fe27d26ac7ce,49.257985,-123.083366,1,FALSE,FALSE,21600,0281,1783022725,2026-07-02T20:05:32Z,2026-07-02T20:05:32Z,2026-07-02T20:05:23Z,2.2,https://gbfs.kappa.fifteen.eu/gbfs/2.2/mobi/en/gbfs.json,https://gbfs.kappa.fifteen.eu/gbfs/2.2/mobi/en/free_bike_status.json,2026-07-02T20:05:31Z,2026-07-02T20:05:31Z
mobi_vancouver,mobi_vancouver_67f45cc1-33dd-4b59-a75a-6dcd65a08de9,67f45cc1-33dd-4b59-a75a-6dcd65a08de9,49.265198,-123.131043,1,FALSE,FALSE,21600,0192,1783022725,2026-07-02T20:05:32Z,2026-07-02T20:05:32Z,2026-07-02T20:05:23Z,2.2,https://gbfs.kappa.fifteen.eu/gbfs/2.2/mobi/en/gbfs.json,https://gbfs.kappa.fifteen.eu/gbfs/2.2/mobi/en/free_bike_status.json,2026-07-02T20:05:31Z,2026-07-02T20:05:31Z
mobi_vancouver,mobi_vancouver_bd01ce9f-4816-483d-9da5-5cf2209b3f40,bd01ce9f-4816-483d-9da5-5cf2209b3f40,49.302577,-123.155616,1,FALSE,FALSE,21600,0103,1783022725,2026-07-02T20:05:32Z,2026-07-02T20:05:32Z,2026-07-02T20:05:23Z,2.2,https://gbfs.kappa.fifteen.eu/gbfs/2.2/mobi/en/gbfs.json,https://gbfs.kappa.fifteen.eu/gbfs/2.2/mobi/en/free_bike_status.json,2026-07-02T20:05:31Z,2026-07-02T20:05:31Z
mobi_vancouver,mobi_vancouver_a6929e7d-92e9-4f08-9f8d-b3acf6f0aa27,a6929e7d-92e9-4f08-9f8d-b3acf6f0aa27,49.302577,-123.155616,1,FALSE,FALSE,21600,0103,1783022725,2026-07-02T20:05:32Z,2026-07-02T20:05:32Z,2026-07-02T20:05:23Z,2.2,https://gbfs.kappa.fifteen.eu/gbfs/2.2/mobi/en/gbfs.json,https://gbfs.kappa.fifteen.eu/gbfs/2.2/mobi/en/free_bike_status.json,2026-07-02T20:05:31Z,2026-07-02T20:05:31Z
mobi_vancouver,mobi_vancouver_c7f95b59-841e-4229-9712-8d953bb58f1c,c7f95b59-841e-4229-9712-8d953bb58f1c,49.279235,-123.087528,1,FALSE,FALSE,21600,0228,1783022725,2026-07-02T20:05:32Z,2026-07-02T20:05:32Z,2026-07-02T20:05:23Z,2.2,https://gbfs.kappa.fifteen.eu/gbfs/2.2/mobi/en/gbfs.json,https://gbfs.kappa.fifteen.eu/gbfs/2.2/mobi/en/free_bike_status.json,2026-07-02T20:05:31Z,2026-07-02T20:05:31Z
mobi_vancouver,mobi_vancouver_a0e2772a-394d-4ed8-bf70-e9e0e4a29f6c,a0e2772a-394d-4ed8-bf70-e9e0e4a29f6c,49.27551,-123.13307,1,FALSE,FALSE,21600,0045,1783022725,2026-07-02T20:05:32Z,2026-07-02T20:05:32Z,2026-07-02T20:05:23Z,2.2,https://gbfs.kappa.fifteen.eu/gbfs/2.2/mobi/en/gbfs.json,https://gbfs.kappa.fifteen.eu/gbfs/2.2/mobi/en/free_bike_status.json,2026-07-02T20:05:31Z,2026-07-02T20:05:31Z
mobi_vancouver,mobi_vancouver_0cc389e8-c49c-4956-9ebf-88a921416cdf,0cc389e8-c49c-4956-9ebf-88a921416cdf,49.27551,-123.13307,1,FALSE,FALSE,21600,0045,1783022725,2026-07-02T20:05:32Z,2026-07-02T20:05:32Z,2026-07-02T20:05:23Z,2.2,https://gbfs.kappa.fifteen.eu/gbfs/2.2/mobi/en/gbfs.json,https://gbfs.kappa.fifteen.eu/gbfs/2.2/mobi/en/free_bike_status.json,2026-07-02T20:05:31Z,2026-07-02T20:05:31Z
mobi_vancouver,mobi_vancouver_5e9d7650-5053-428f-8508-c68c0f1764f4,5e9d7650-5053-428f-8508-c68c0f1764f4,49.284893,-123.128685,1,FALSE,FALSE,21600,0300,1783022725,2026-07-02T20:05:32Z,2026-07-02T20:05:32Z,2026-07-02T20:05:23Z,2.2,https://gbfs.kappa.fifteen.eu/gbfs/2.2/mobi/en/gbfs.json,https://gbfs.kappa.fifteen.eu/gbfs/2.2/mobi/en/free_bike_status.json,2026-07-02T20:05:31Z,2026-07-02T20:05:31Z
mobi_vancouver,mobi_vancouver_0069ed7c-1514-45bc-b3a9-69c4652ffd77,0069ed7c-1514-45bc-b3a9-69c4652ffd77,49.284893,-123.128685,1,FALSE,FALSE,21600,0300,1783022725,2026-07-02T20:05:32Z,2026-07-02T20:05:32Z,2026-07-02T20:05:23Z,2.2,https://gbfs.kappa.fifteen.eu/gbfs/2.2/mobi/en/gbfs.json,https://gbfs.kappa.fifteen.eu/gbfs/2.2/mobi/en/free_bike_status.json,2026-07-02T20:05:31Z,2026-07-02T20:05:31Z
mobi_vancouver,mobi_vancouver_285ae8f1-2f79-479f-aa4f-d5eb76bbd53c,285ae8f1-2f79-479f-aa4f-d5eb76bbd53c,49.284893,-123.128685,1,FALSE,FALSE,21600,0300,1783022725,2026-07-02T20:05:32Z,2026-07-02T20:05:32Z,2026-07-02T20:05:23Z,2.2,https://gbfs.kappa.fifteen.eu/gbfs/2.2/mobi/en/gbfs.json,https://gbfs.kappa.fifteen.eu/gbfs/2.2/mobi/en/free_bike_status.json,2026-07-02T20:05:31Z,2026-07-02T20:05:31Z
mobi_vancouver,mobi_vancouver_dfaea0c6-181e-4051-877d-3c5fcf12973a,dfaea0c6-181e-4051-877d-3c5fcf12973a,49.283298,-123.142288,1,FALSE,FALSE,21600,0142,1783022725,2026-07-02T20:05:32Z,2026-07-02T20:05:32Z,2026-07-02T20:05:23Z,2.2,https://gbfs.kappa.fifteen.eu/gbfs/2.2/mobi/en/gbfs.json,https://gbfs.kappa.fifteen.eu/gbfs/2.2/mobi/en/free_bike_status.json,2026-07-02T20:05:31Z,2026-07-02T20:05:31Z
mobi_vancouver,mobi_vancouver_63097290-3534-43aa-aca2-df9497baad26,63097290-3534-43aa-aca2-df9497baad26,49.280787,-123.115271,1,FALSE,FALSE,21600,0305,1783022725,2026-07-02T20:05:32Z,2026-07-02T20:05:32Z,2026-07-02T20:05:23Z,2.2,https://gbfs.kappa.fifteen.eu/gbfs/2.2/mobi/en/gbfs.json,https://gbfs.kappa.fifteen.eu/gbfs/2.2/mobi/en/free_bike_status.json,2026-07-02T20:05:31Z,2026-07-02T20:05:31Z
mobi_vancouver,mobi_vancouver_ee5b8692-a9b0-4927-955b-0b21e030e3e8,ee5b8692-a9b0-4927-955b-0b21e030e3e8,49.267725,-123.11311,1,FALSE,FALSE,21600,0144,1783022725,2026-07-02T20:05:32Z,2026-07-02T20:05:32Z,2026-07-02T20:05:23Z,2.2,https://gbfs.kappa.fifteen.eu/gbfs/2.2/mobi/en/gbfs.json,https://gbfs.kappa.fifteen.eu/gbfs/2.2/mobi/en/free_bike_status.json,2026-07-02T20:05:31Z,2026-07-02T20:05:31Z
mobi_vancouver,mobi_vancouver_d1f95781-ad10-4957-9be8-42265d523b93,d1f95781-ad10-4957-9be8-42265d523b93,49.290587,-123.13625,1,FALSE,FALSE,21600,0122,1783022725,2026-07-02T20:05:32Z,2026-07-02T20:05:32Z,2026-07-02T20:05:23Z,2.2,https://gbfs.kappa.fifteen.eu/gbfs/2.2/mobi/en/gbfs.json,https://gbfs.kappa.fifteen.eu/gbfs/2.2/mobi/en/free_bike_status.json,2026-07-02T20:05:31Z,2026-07-02T20:05:31Z
mobi_vancouver,mobi_vancouver_5ee17457-f15b-411b-96ce-414c4403552d,5ee17457-f15b-411b-96ce-414c4403552d,49.262835,-123.152626,1,FALSE,FALSE,21600,0075,1783022725,2026-07-02T20:05:32Z,2026-07-02T20:05:32Z,2026-07-02T20:05:23Z,2.2,https://gbfs.kappa.fifteen.eu/gbfs/2.2/mobi/en/gbfs.json,https://gbfs.kappa.fifteen.eu/gbfs/2.2/mobi/en/free_bike_status.json,2026-07-02T20:05:31Z,2026-07-02T20:05:31Z
mobi_vancouver,mobi_vancouver_dce3afb5-696a-435d-a4a2-e93b3e7bb23c,dce3afb5-696a-435d-a4a2-e93b3e7bb23c,49.286646,-123.129232,1,FALSE,FALSE,21600,0310,1783022725,2026-07-02T20:05:32Z,2026-07-02T20:05:32Z,2026-07-02T20:05:23Z,2.2,https://gbfs.kappa.fifteen.eu/gbfs/2.2/mobi/en/gbfs.json,https://gbfs.kappa.fifteen.eu/gbfs/2.2/mobi/en/free_bike_status.json,2026-07-02T20:05:31Z,2026-07-02T20:05:31Z
mobi_vancouver,mobi_vancouver_922cfcf5-4fdc-4a1c-88d4-17e43a9b7b80,922cfcf5-4fdc-4a1c-88d4-17e43a9b7b80,49.27247,-123.185643,1,FALSE,FALSE,21600,0410,1783022725,2026-07-02T20:05:32Z,2026-07-02T20:05:32Z,2026-07-02T20:05:23Z,2.2,https://gbfs.kappa.fifteen.eu/gbfs/2.2/mobi/en/gbfs.json,https://gbfs.kappa.fifteen.eu/gbfs/2.2/mobi/en/free_bike_status.json,2026-07-02T20:05:31Z,2026-07-02T20:05:31Z
mobi_vancouver,mobi_vancouver_2eef0cc1-7e7a-49dd-b30c-59070aa93cdb,2eef0cc1-7e7a-49dd-b30c-59070aa93cdb,49.27247,-123.185643,1,FALSE,FALSE,21600,0410,1783022725,2026-07-02T20:05:32Z,2026-07-02T20:05:32Z,2026-07-02T20:05:23Z,2.2,https://gbfs.kappa.fifteen.eu/gbfs/2.2/mobi/en/gbfs.json,https://gbfs.kappa.fifteen.eu/gbfs/2.2/mobi/en/free_bike_status.json,2026-07-02T20:05:31Z,2026-07-02T20:05:31Z
mobi_vancouver,mobi_vancouver_c5bfec5b-2d90-4bb1-9469-5bd259b35b3c,c5bfec5b-2d90-4bb1-9469-5bd259b35b3c,49.272969,-123.164325,1,FALSE,FALSE,21600,0460,1783022725,2026-07-02T20:05:32Z,2026-07-02T20:05:32Z,2026-07-02T20:05:23Z,2.2,https://gbfs.kappa.fifteen.eu/gbfs/2.2/mobi/en/gbfs.json,https://gbfs.kappa.fifteen.eu/gbfs/2.2/mobi/en/free_bike_status.json,2026-07-02T20:05:31Z,2026-07-02T20:05:31Z
mobi_vancouver,mobi_vancouver_c8038274-b01c-471e-a229-272ebf265934,c8038274-b01c-471e-a229-272ebf265934,49.264483,-123.173926,1,FALSE,FALSE,21600,0444,1783022725,2026-07-02T20:05:32Z,2026-07-02T20:05:32Z,2026-07-02T20:05:23Z,2.2,https://gbfs.kappa.fifteen.eu/gbfs/2.2/mobi/en/gbfs.json,https://gbfs.kappa.fifteen.eu/gbfs/2.2/mobi/en/free_bike_status.json,2026-07-02T20:05:31Z,2026-07-02T20:05:31Z
mobi_vancouver,mobi_vancouver_b3145485-8c85-46cf-ab23-63f298959339,b3145485-8c85-46cf-ab23-63f298959339,49.255034,-123.120226,1,FALSE,FALSE,21600,0511,1783022725,2026-07-02T20:05:32Z,2026-07-02T20:05:32Z,2026-07-02T20:05:23Z,2.2,https://gbfs.kappa.fifteen.eu/gbfs/2.2/mobi/en/gbfs.json,https://gbfs.kappa.fifteen.eu/gbfs/2.2/mobi/en/free_bike_status.json,2026-07-02T20:05:31Z,2026-07-02T20:05:31Z
mobi_vancouver,mobi_vancouver_4a783005-80d5-4cc3-9198-f65eedf55384,4a783005-80d5-4cc3-9198-f65eedf55384,49.274232,-123.129998,1,FALSE,FALSE,21600,0314,1783022725,2026-07-02T20:05:32Z,2026-07-02T20:05:32Z,2026-07-02T20:05:23Z,2.2,https://gbfs.kappa.fifteen.eu/gbfs/2.2/mobi/en/gbfs.json,https://gbfs.kappa.fifteen.eu/gbfs/2.2/mobi/en/free_bike_status.json,2026-07-02T20:05:31Z,2026-07-02T20:05:31Z
mobi_vancouver,mobi_vancouver_b2154bb0-12ac-46d4-8509-a03a123825ec,b2154bb0-12ac-46d4-8509-a03a123825ec,49.246243,-123.124373,1,FALSE,FALSE,21600,0505,1783022725,2026-07-02T20:05:32Z,2026-07-02T20:05:32Z,2026-07-02T20:05:23Z,2.2,https://gbfs.kappa.fifteen.eu/gbfs/2.2/mobi/en/gbfs.json,https://gbfs.kappa.fifteen.eu/gbfs/2.2/mobi/en/free_bike_status.json,2026-07-02T20:05:31Z,2026-07-02T20:05:31Z
mobi_vancouver,mobi_vancouver_01724a67-54e2-4caa-bb93-81ae74958acf,01724a67-54e2-4caa-bb93-81ae74958acf,49.249722,-123.104991,1,FALSE,FALSE,21600,0554,1783022725,2026-07-02T20:05:32Z,2026-07-02T20:05:32Z,2026-07-02T20:05:23Z,2.2,https://gbfs.kappa.fifteen.eu/gbfs/2.2/mobi/en/gbfs.json,https://gbfs.kappa.fifteen.eu/gbfs/2.2/mobi/en/free_bike_status.json,2026-07-02T20:05:31Z,2026-07-02T20:05:31Z
mobi_vancouver,mobi_vancouver_6cbc45f9-7616-4dd1-b825-f0a7d4657bdf,6cbc45f9-7616-4dd1-b825-f0a7d4657bdf,49.243375,-123.104978,1,FALSE,FALSE,21600,0557,1783022725,2026-07-02T20:05:32Z,2026-07-02T20:05:32Z,2026-07-02T20:05:23Z,2.2,https://gbfs.kappa.fifteen.eu/gbfs/2.2/mobi/en/gbfs.json,https://gbfs.kappa.fifteen.eu/gbfs/2.2/mobi/en/free_bike_status.json,2026-07-02T20:05:31Z,2026-07-02T20:05:31Z
mobi_vancouver,mobi_vancouver_18d97ff7-53bb-43ca-98d5-28fce4cea72d,18d97ff7-53bb-43ca-98d5-28fce4cea72d,49.283968,-123.061615,1,FALSE,FALSE,21600,0631,1783022725,2026-07-02T20:05:32Z,2026-07-02T20:05:32Z,2026-07-02T20:05:23Z,2.2,https://gbfs.kappa.fifteen.eu/gbfs/2.2/mobi/en/gbfs.json,https://gbfs.kappa.fifteen.eu/gbfs/2.2/mobi/en/free_bike_status.json,2026-07-02T20:05:31Z,2026-07-02T20:05:31Z
mobi_vancouver,mobi_vancouver_2c6739ff-f34e-4ffb-bab0-bdf25c13c741,2c6739ff-f34e-4ffb-bab0-bdf25c13c741,49.287464,-123.060771,1,FALSE,FALSE,21600,0611,1783022725,2026-07-02T20:05:32Z,2026-07-02T20:05:32Z,2026-07-02T20:05:23Z,2.2,https://gbfs.kappa.fifteen.eu/gbfs/2.2/mobi/en/gbfs.json,https://gbfs.kappa.fifteen.eu/gbfs/2.2/mobi/en/free_bike_status.json,2026-07-02T20:05:31Z,2026-07-02T20:05:31Z
mobi_vancouver,mobi_vancouver_c2a6db02-058f-4dc8-8509-362ee4dbb961,c2a6db02-058f-4dc8-8509-362ee4dbb961,49.27751,-123.061429,1,FALSE,FALSE,21600,0617,1783022725,2026-07-02T20:05:32Z,2026-07-02T20:05:32Z,2026-07-02T20:05:23Z,2.2,https://gbfs.kappa.fifteen.eu/gbfs/2.2/mobi/en/gbfs.json,https://gbfs.kappa.fifteen.eu/gbfs/2.2/mobi/en/free_bike_status.json,2026-07-02T20:05:31Z,2026-07-02T20:05:31Z
mobi_vancouver,mobi_vancouver_e024a52c-949d-448c-85d0-72d9a9fad473,e024a52c-949d-448c-85d0-72d9a9fad473,49.264019,-123.209176,1,FALSE,FALSE,21600,0716,1783022725,2026-07-02T20:05:32Z,2026-07-02T20:05:32Z,2026-07-02T20:05:23Z,2.2,https://gbfs.kappa.fifteen.eu/gbfs/2.2/mobi/en/gbfs.json,https://gbfs.kappa.fifteen.eu/gbfs/2.2/mobi/en/free_bike_status.json,2026-07-02T20:05:31Z,2026-07-02T20:05:31Z
mobi_vancouver,mobi_vancouver_532845f4-901b-4a46-9156-9be49393e19e,532845f4-901b-4a46-9156-9be49393e19e,49.2658,-123.20596,1,FALSE,FALSE,21600,0715,1783022725,2026-07-02T20:05:32Z,2026-07-02T20:05:32Z,2026-07-02T20:05:23Z,2.2,https://gbfs.kappa.fifteen.eu/gbfs/2.2/mobi/en/gbfs.json,https://gbfs.kappa.fifteen.eu/gbfs/2.2/mobi/en/free_bike_status.json,2026-07-02T20:05:31Z,2026-07-02T20:05:31Z
mobi_vancouver,mobi_vancouver_adfcaad6-7b41-4887-aa04-89cb7529ff4d,adfcaad6-7b41-4887-aa04-89cb7529ff4d,49.265442,-123.187738,1,FALSE,FALSE,21600,0403,1783022725,2026-07-02T20:05:32Z,2026-07-02T20:05:32Z,2026-07-02T20:05:23Z,2.2,https://gbfs.kappa.fifteen.eu/gbfs/2.2/mobi/en/gbfs.json,https://gbfs.kappa.fifteen.eu/gbfs/2.2/mobi/en/free_bike_status.json,2026-07-02T20:05:31Z,2026-07-02T20:05:31Z
mobi_vancouver,mobi_vancouver_95baf7d0-eea6-4955-876e-fc16dc015765,95baf7d0-eea6-4955-876e-fc16dc015765,49.2661,-123.24568,1,FALSE,FALSE,21600,2154,1783022725,2026-07-02T20:05:32Z,2026-07-02T20:05:32Z,2026-07-02T20:05:23Z,2.2,https://gbfs.kappa.fifteen.eu/gbfs/2.2/mobi/en/gbfs.json,https://gbfs.kappa.fifteen.eu/gbfs/2.2/mobi/en/free_bike_status.json,2026-07-02T20:05:31Z,2026-07-02T20:05:31Z
mobi_vancouver,mobi_vancouver_6946c956-d22a-4dd9-9d8e-c858deb8fb19,6946c956-d22a-4dd9-9d8e-c858deb8fb19,49.2661,-123.24568,1,FALSE,FALSE,21600,2154,1783022725,2026-07-02T20:05:32Z,2026-07-02T20:05:32Z,2026-07-02T20:05:23Z,2.2,https://gbfs.kappa.fifteen.eu/gbfs/2.2/mobi/en/gbfs.json,https://gbfs.kappa.fifteen.eu/gbfs/2.2/mobi/en/free_bike_status.json,2026-07-02T20:05:31Z,2026-07-02T20:05:31Z
mobi_vancouver,mobi_vancouver_d18864ec-7ca7-4021-96f3-da2b8de5cac3,d18864ec-7ca7-4021-96f3-da2b8de5cac3,49.2661,-123.24568,1,FALSE,FALSE,21600,2154,1783022725,2026-07-02T20:05:32Z,2026-07-02T20:05:32Z,2026-07-02T20:05:23Z,2.2,https://gbfs.kappa.fifteen.eu/gbfs/2.2/mobi/en/gbfs.json,https://gbfs.kappa.fifteen.eu/gbfs/2.2/mobi/en/free_bike_status.json,2026-07-02T20:05:31Z,2026-07-02T20:05:31Z
mobi_vancouver,mobi_vancouver_8cbaf474-6a61-4eec-b3be-6cd86d60ef85,8cbaf474-6a61-4eec-b3be-6cd86d60ef85,49.261736,-123.24648,1,FALSE,FALSE,21600,2136,1783022725,2026-07-02T20:05:32Z,2026-07-02T20:05:32Z,2026-07-02T20:05:23Z,2.2,https://gbfs.kappa.fifteen.eu/gbfs/2.2/mobi/en/gbfs.json,https://gbfs.kappa.fifteen.eu/gbfs/2.2/mobi/en/free_bike_status.json,2026-07-02T20:05:31Z,2026-07-02T20:05:31Z
mobi_vancouver,mobi_vancouver_09c17783-c07c-4ef6-9892-2fa4bceba6e2,09c17783-c07c-4ef6-9892-2fa4bceba6e2,49.25976,-123.2479,1,FALSE,FALSE,21600,2127,1783022725,2026-07-02T20:05:32Z,2026-07-02T20:05:32Z,2026-07-02T20:05:23Z,2.2,https://gbfs.kappa.fifteen.eu/gbfs/2.2/mobi/en/gbfs.json,https://gbfs.kappa.fifteen.eu/gbfs/2.2/mobi/en/free_bike_status.json,2026-07-02T20:05:31Z,2026-07-02T20:05:31Z
mobi_vancouver,mobi_vancouver_04797c8d-325c-42d9-b25b-2dfbb43d5064,04797c8d-325c-42d9-b25b-2dfbb43d5064,49.27549,-123.12882,1,FALSE,FALSE,21600,0318,1783022725,2026-07-02T20:05:32Z,2026-07-02T20:05:32Z,2026-07-02T20:05:23Z,2.2,https://gbfs.kappa.fifteen.eu/gbfs/2.2/mobi/en/gbfs.json,https://gbfs.kappa.fifteen.eu/gbfs/2.2/mobi/en/free_bike_status.json,2026-07-02T20:05:31Z,2026-07-02T20:05:31Z
mobi_vancouver,mobi_vancouver_f67636b4-86f6-4f3a-a126-57816cafc6c5,f67636b4-86f6-4f3a-a126-57816cafc6c5,49.27549,-123.12882,1,FALSE,FALSE,21600,0318,1783022725,2026-07-02T20:05:32Z,2026-07-02T20:05:32Z,2026-07-02T20:05:23Z,2.2,https://gbfs.kappa.fifteen.eu/gbfs/2.2/mobi/en/gbfs.json,https://gbfs.kappa.fifteen.eu/gbfs/2.2/mobi/en/free_bike_status.json,2026-07-02T20:05:31Z,2026-07-02T20:05:31Z
mobi_vancouver,mobi_vancouver_d6d545ca-0f38-463b-9ead-804135ca761c,d6d545ca-0f38-463b-9ead-804135ca761c,49.288682,-123.11818,1,FALSE,FALSE,22000,0201,1783022725,2026-07-02T20:05:32Z,2026-07-02T20:05:32Z,2026-07-02T20:05:23Z,2.2,https://gbfs.kappa.fifteen.eu/gbfs/2.2/mobi/en/gbfs.json,https://gbfs.kappa.fifteen.eu/gbfs/2.2/mobi/en/free_bike_status.json,2026-07-02T20:05:31Z,2026-07-02T20:05:31Z
mobi_vancouver,mobi_vancouver_a142481a-c3aa-4cb7-b4bf-a138059308c7,a142481a-c3aa-4cb7-b4bf-a138059308c7,49.262487,-123.114397,1,FALSE,FALSE,22000,0001,1783022725,2026-07-02T20:05:32Z,2026-07-02T20:05:32Z,2026-07-02T20:05:23Z,2.2,https://gbfs.kappa.fifteen.eu/gbfs/2.2/mobi/en/gbfs.json,https://gbfs.kappa.fifteen.eu/gbfs/2.2/mobi/en/free_bike_status.json,2026-07-02T20:05:31Z,2026-07-02T20:05:31Z
mobi_vancouver,mobi_vancouver_0a392e38-4af8-4fbb-ae18-3ec10db73209,0a392e38-4af8-4fbb-ae18-3ec10db73209,49.262487,-123.114397,1,FALSE,FALSE,22000,0001,1783022725,2026-07-02T20:05:32Z,2026-07-02T20:05:32Z,2026-07-02T20:05:23Z,2.2,https://gbfs.kappa.fifteen.eu/gbfs/2.2/mobi/en/gbfs.json,https://gbfs.kappa.fifteen.eu/gbfs/2.2/mobi/en/free_bike_status.json,2026-07-02T20:05:31Z,2026-07-02T20:05:31Z
mobi_vancouver,mobi_vancouver_55f4c30e-1482-4325-a729-aaa60e596a29,55f4c30e-1482-4325-a729-aaa60e596a29,49.262487,-123.114397,1,FALSE,FALSE,22000,0001,1783022725,2026-07-02T20:05:32Z,2026-07-02T20:05:32Z,2026-07-02T20:05:23Z,2.2,https://gbfs.kappa.fifteen.eu/gbfs/2.2/mobi/en/gbfs.json,https://gbfs.kappa.fifteen.eu/gbfs/2.2/mobi/en/free_bike_status.json,2026-07-02T20:05:31Z,2026-07-02T20:05:31Z
mobi_vancouver,mobi_vancouver_1e1228f5-df2a-4030-aa2d-7e64d711b6fd,1e1228f5-df2a-4030-aa2d-7e64d711b6fd,49.28602,-123.116624,1,FALSE,FALSE,22000,0024,1783022725,2026-07-02T20:05:32Z,2026-07-02T20:05:32Z,2026-07-02T20:05:23Z,2.2,https://gbfs.kappa.fifteen.eu/gbfs/2.2/mobi/en/gbfs.json,https://gbfs.kappa.fifteen.eu/gbfs/2.2/mobi/en/free_bike_status.json,2026-07-02T20:05:31Z,2026-07-02T20:05:31Z
mobi_vancouver,mobi_vancouver_8dc836d4-b0dc-4aef-93af-1c91a39072d1,8dc836d4-b0dc-4aef-93af-1c91a39072d1,49.28602,-123.116624,1,FALSE,FALSE,22000,0024,1783022725,2026-07-02T20:05:32Z,2026-07-02T20:05:32Z,2026-07-02T20:05:23Z,2.2,https://gbfs.kappa.fifteen.eu/gbfs/2.2/mobi/en/gbfs.json,https://gbfs.kappa.fifteen.eu/gbfs/2.2/mobi/en/free_bike_status.json,2026-07-02T20:05:31Z,2026-07-02T20:05:31Z
mobi_vancouver,mobi_vancouver_f659ddfb-98a3-439a-8f7e-d62f747b70b2,f659ddfb-98a3-439a-8f7e-d62f747b70b2,49.26893,-123.11813,1,FALSE,FALSE,22000,0010,1783022725,2026-07-02T20:05:32Z,2026-07-02T20:05:32Z,2026-07-02T20:05:23Z,2.2,https://gbfs.kappa.fifteen.eu/gbfs/2.2/mobi/en/gbfs.json,https://gbfs.kappa.fifteen.eu/gbfs/2.2/mobi/en/free_bike_status.json,2026-07-02T20:05:31Z,2026-07-02T20:05:31Z
mobi_vancouver,mobi_vancouver_d944a5f6-ef00-40af-9788-90492068fb0e,d944a5f6-ef00-40af-9788-90492068fb0e,49.275679,-123.116963,1,FALSE,FALSE,22000,0027,1783022725,2026-07-02T20:05:32Z,2026-07-02T20:05:32Z,2026-07-02T20:05:23Z,2.2,https://gbfs.kappa.fifteen.eu/gbfs/2.2/mobi/en/gbfs.json,https://gbfs.kappa.fifteen.eu/gbfs/2.2/mobi/en/free_bike_status.json,2026-07-02T20:05:31Z,2026-07-02T20:05:31Z
mobi_vancouver,mobi_vancouver_53c054fe-5ab2-4d9f-b5f7-e78f24fc77e7,53c054fe-5ab2-4d9f-b5f7-e78f24fc77e7,49.275679,-123.116963,1,FALSE,FALSE,22000,0027,1783022725,2026-07-02T20:05:32Z,2026-07-02T20:05:32Z,2026-07-02T20:05:23Z,2.2,https://gbfs.kappa.fifteen.eu/gbfs/2.2/mobi/en/gbfs.json,https://gbfs.kappa.fifteen.eu/gbfs/2.2/mobi/en/free_bike_status.json,2026-07-02T20:05:31Z,2026-07-02T20:05:31Z
mobi_vancouver,mobi_vancouver_be120660-066d-4671-abbf-4a9724eca300,be120660-066d-4671-abbf-4a9724eca300,49.28803,-123.142135,1,FALSE,FALSE,22000,0031,1783022725,2026-07-02T20:05:32Z,2026-07-02T20:05:32Z,2026-07-02T20:05:23Z,2.2,https://gbfs.kappa.fifteen.eu/gbfs/2.2/mobi/en/gbfs.json,https://gbfs.kappa.fifteen.eu/gbfs/2.2/mobi/en/free_bike_status.json,2026-07-02T20:05:31Z,2026-07-02T20:05:31Z
mobi_vancouver,mobi_vancouver_6a102564-0f27-4f3e-bedc-cdbef6e3a30c,6a102564-0f27-4f3e-bedc-cdbef6e3a30c,49.288444,-123.139203,1,FALSE,FALSE,22000,0032,1783022725,2026-07-02T20:05:32Z,2026-07-02T20:05:32Z,2026-07-02T20:05:23Z,2.2,https://gbfs.kappa.fifteen.eu/gbfs/2.2/mobi/en/gbfs.json,https://gbfs.kappa.fifteen.eu/gbfs/2.2/mobi/en/free_bike_status.json,2026-07-02T20:05:31Z,2026-07-02T20:05:31Z
mobi_vancouver,mobi_vancouver_b8cadd21-4421-4c18-8a1e-d7f2d82bebfe,b8cadd21-4421-4c18-8a1e-d7f2d82bebfe,49.269361,-123.13782,1,FALSE,FALSE,22000,0066,1783022725,2026-07-02T20:05:32Z,2026-07-02T20:05:32Z,2026-07-02T20:05:23Z,2.2,https://gbfs.kappa.fifteen.eu/gbfs/2.2/mobi/en/gbfs.json,https://gbfs.kappa.fifteen.eu/gbfs/2.2/mobi/en/free_bike_status.json,2026-07-02T20:05:31Z,2026-07-02T20:05:31Z
mobi_vancouver,mobi_vancouver_25775375-eedf-4e35-920d-1b080936101d,25775375-eedf-4e35-920d-1b080936101d,49.269361,-123.13782,1,FALSE,FALSE,22000,0066,1783022725,2026-07-02T20:05:32Z,2026-07-02T20:05:32Z,2026-07-02T20:05:23Z,2.2,https://gbfs.kappa.fifteen.eu/gbfs/2.2/mobi/en/gbfs.json,https://gbfs.kappa.fifteen.eu/gbfs/2.2/mobi/en/free_bike_status.json,2026-07-02T20:05:31Z,2026-07-02T20:05:31Z
mobi_vancouver,mobi_vancouver_0b68bc16-0812-43f4-a114-f619914de0b7,0b68bc16-0812-43f4-a114-f619914de0b7,49.265089,-123.119425,1,FALSE,FALSE,22000,0081,1783022725,2026-07-02T20:05:32Z,2026-07-02T20:05:32Z,2026-07-02T20:05:23Z,2.2,https://gbfs.kappa.fifteen.eu/gbfs/2.2/mobi/en/gbfs.json,https://gbfs.kappa.fifteen.eu/gbfs/2.2/mobi/en/free_bike_status.json,2026-07-02T20:05:31Z,2026-07-02T20:05:31Z
mobi_vancouver,mobi_vancouver_c98bb52a-b4eb-49b8-a86c-2f6c42d0138a,c98bb52a-b4eb-49b8-a86c-2f6c42d0138a,49.279821,-123.10802,1,FALSE,FALSE,22000,0053,1783022725,2026-07-02T20:05:32Z,2026-07-02T20:05:32Z,2026-07-02T20:05:23Z,2.2,https://gbfs.kappa.fifteen.eu/gbfs/2.2/mobi/en/gbfs.json,https://gbfs.kappa.fifteen.eu/gbfs/2.2/mobi/en/free_bike_status.json,2026-07-02T20:05:31Z,2026-07-02T20:05:31Z
mobi_vancouver,mobi_vancouver_6fe96344-d941-4ea4-82ba-93b55c3bfe7c,6fe96344-d941-4ea4-82ba-93b55c3bfe7c,49.279821,-123.10802,1,FALSE,FALSE,22000,0053,1783022725,2026-07-02T20:05:32Z,2026-07-02T20:05:32Z,2026-07-02T20:05:23Z,2.2,https://gbfs.kappa.fifteen.eu/gbfs/2.2/mobi/en/gbfs.json,https://gbfs.kappa.fifteen.eu/gbfs/2.2/mobi/en/free_bike_status.json,2026-07-02T20:05:31Z,2026-07-02T20:05:31Z
mobi_vancouver,mobi_vancouver_d552a50c-9b29-4801-93c2-fac689986cab,d552a50c-9b29-4801-93c2-fac689986cab,49.265605,-123.152566,1,FALSE,FALSE,22000,0109,1783022725,2026-07-02T20:05:32Z,2026-07-02T20:05:32Z,2026-07-02T20:05:23Z,2.2,https://gbfs.kappa.fifteen.eu/gbfs/2.2/mobi/en/gbfs.json,https://gbfs.kappa.fifteen.eu/gbfs/2.2/mobi/en/free_bike_status.json,2026-07-02T20:05:31Z,2026-07-02T20:05:31Z
mobi_vancouver,mobi_vancouver_1f1a0a2b-6057-4b8b-bf80-0e8b23e49807,1f1a0a2b-6057-4b8b-bf80-0e8b23e49807,49.265605,-123.152566,1,FALSE,FALSE,22000,0109,1783022725,2026-07-02T20:05:32Z,2026-07-02T20:05:32Z,2026-07-02T20:05:23Z,2.2,https://gbfs.kappa.fifteen.eu/gbfs/2.2/mobi/en/gbfs.json,https://gbfs.kappa.fifteen.eu/gbfs/2.2/mobi/en/free_bike_status.json,2026-07-02T20:05:31Z,2026-07-02T20:05:31Z
mobi_vancouver,mobi_vancouver_b9c6ccd5-3174-4f74-861c-f34dfdc271b8,b9c6ccd5-3174-4f74-861c-f34dfdc271b8,49.287528,-123.142139,1,FALSE,FALSE,22000,0028,1783022725,2026-07-02T20:05:32Z,2026-07-02T20:05:32Z,2026-07-02T20:05:23Z,2.2,https://gbfs.kappa.fifteen.eu/gbfs/2.2/mobi/en/gbfs.json,https://gbfs.kappa.fifteen.eu/gbfs/2.2/mobi/en/free_bike_status.json,2026-07-02T20:05:31Z,2026-07-02T20:05:31Z
mobi_vancouver,mobi_vancouver_0fa80213-1746-47d6-b77f-a69dd0e607a5,0fa80213-1746-47d6-b77f-a69dd0e607a5,49.275717,-123.142564,1,FALSE,FALSE,22000,0077,1783022725,2026-07-02T20:05:32Z,2026-07-02T20:05:32Z,2026-07-02T20:05:23Z,2.2,https://gbfs.kappa.fifteen.eu/gbfs/2.2/mobi/en/gbfs.json,https://gbfs.kappa.fifteen.eu/gbfs/2.2/mobi/en/free_bike_status.json,2026-07-02T20:05:31Z,2026-07-02T20:05:31Z
mobi_vancouver,mobi_vancouver_86b70d74-32ce-46d8-a926-0b9822fce105,86b70d74-32ce-46d8-a926-0b9822fce105,49.266724,-123.104824,1,FALSE,FALSE,22000,0073,1783022725,2026-07-02T20:05:32Z,2026-07-02T20:05:32Z,2026-07-02T20:05:23Z,2.2,https://gbfs.kappa.fifteen.eu/gbfs/2.2/mobi/en/gbfs.json,https://gbfs.kappa.fifteen.eu/gbfs/2.2/mobi/en/free_bike_status.json,2026-07-02T20:05:31Z,2026-07-02T20:05:31Z
mobi_vancouver,mobi_vancouver_55312bfe-1b88-4378-af5d-f7d6bedbea96,55312bfe-1b88-4378-af5d-f7d6bedbea96,49.287097,-123.118551,1,FALSE,FALSE,22000,0016,1783022725,2026-07-02T20:05:32Z,2026-07-02T20:05:32Z,2026-07-02T20:05:23Z,2.2,https://gbfs.kappa.fifteen.eu/gbfs/2.2/mobi/en/gbfs.json,https://gbfs.kappa.fifteen.eu/gbfs/2.2/mobi/en/free_bike_status.json,2026-07-02T20:05:31Z,2026-07-02T20:05:31Z
mobi_vancouver,mobi_vancouver_3e52b309-4fdf-41f8-b436-fc33c27d4553,3e52b309-4fdf-41f8-b436-fc33c27d4553,49.273568,-123.129935,1,FALSE,FALSE,22000,0137,1783022725,2026-07-02T20:05:32Z,2026-07-02T20:05:32Z,2026-07-02T20:05:23Z,2.2,https://gbfs.kappa.fifteen.eu/gbfs/2.2/mobi/en/gbfs.json,https://gbfs.kappa.fifteen.eu/gbfs/2.2/mobi/en/free_bike_status.json,2026-07-02T20:05:31Z,2026-07-02T20:05:31Z
mobi_vancouver,mobi_vancouver_6ad6f5f9-1c09-4b08-bc8d-b1049921b81f,6ad6f5f9-1c09-4b08-bc8d-b1049921b81f,49.284605,-123.108662,1,FALSE,FALSE,22000,0052,1783022725,2026-07-02T20:05:32Z,2026-07-02T20:05:32Z,2026-07-02T20:05:23Z,2.2,https://gbfs.kappa.fifteen.eu/gbfs/2.2/mobi/en/gbfs.json,https://gbfs.kappa.fifteen.eu/gbfs/2.2/mobi/en/free_bike_status.json,2026-07-02T20:05:31Z,2026-07-02T20:05:31Z
mobi_vancouver,mobi_vancouver_b80df403-0795-4779-9ecc-774cace19167,b80df403-0795-4779-9ecc-774cace19167,49.284605,-123.108662,1,FALSE,FALSE,22000,0052,1783022725,2026-07-02T20:05:32Z,2026-07-02T20:05:32Z,2026-07-02T20:05:23Z,2.2,https://gbfs.kappa.fifteen.eu/gbfs/2.2/mobi/en/gbfs.json,https://gbfs.kappa.fifteen.eu/gbfs/2.2/mobi/en/free_bike_status.json,2026-07-02T20:05:31Z,2026-07-02T20:05:31Z
mobi_vancouver,mobi_vancouver_b183c9c6-6938-4018-87e4-9426213a2d71,b183c9c6-6938-4018-87e4-9426213a2d71,49.284605,-123.108662,1,FALSE,FALSE,22000,0052,1783022725,2026-07-02T20:05:32Z,2026-07-02T20:05:32Z,2026-07-02T20:05:23Z,2.2,https://gbfs.kappa.fifteen.eu/gbfs/2.2/mobi/en/gbfs.json,https://gbfs.kappa.fifteen.eu/gbfs/2.2/mobi/en/free_bike_status.json,2026-07-02T20:05:31Z,2026-07-02T20:05:31Z
mobi_vancouver,mobi_vancouver_76cf5915-056b-4eb4-88f6-39a3900cbdd4,76cf5915-056b-4eb4-88f6-39a3900cbdd4,49.257654,-123.153212,1,FALSE,FALSE,22000,0113,1783022725,2026-07-02T20:05:32Z,2026-07-02T20:05:32Z,2026-07-02T20:05:23Z,2.2,https://gbfs.kappa.fifteen.eu/gbfs/2.2/mobi/en/gbfs.json,https://gbfs.kappa.fifteen.eu/gbfs/2.2/mobi/en/free_bike_status.json,2026-07-02T20:05:31Z,2026-07-02T20:05:31Z
mobi_vancouver,mobi_vancouver_064b489e-fc1a-42c4-afff-2154f270fef5,064b489e-fc1a-42c4-afff-2154f270fef5,49.2653,-123.13811,1,FALSE,FALSE,22000,0069,1783022725,2026-07-02T20:05:32Z,2026-07-02T20:05:32Z,2026-07-02T20:05:23Z,2.2,https://gbfs.kappa.fifteen.eu/gbfs/2.2/mobi/en/gbfs.json,https://gbfs.kappa.fifteen.eu/gbfs/2.2/mobi/en/free_bike_status.json,2026-07-02T20:05:31Z,2026-07-02T20:05:31Z
mobi_vancouver,mobi_vancouver_11d0ebae-b039-4f6b-be93-75f4ccf043ed,11d0ebae-b039-4f6b-be93-75f4ccf043ed,49.258429,-123.101766,1,FALSE,FALSE,22000,0134,1783022725,2026-07-02T20:05:32Z,2026-07-02T20:05:32Z,2026-07-02T20:05:23Z,2.2,https://gbfs.kappa.fifteen.eu/gbfs/2.2/mobi/en/gbfs.json,https://gbfs.kappa.fifteen.eu/gbfs/2.2/mobi/en/free_bike_status.json,2026-07-02T20:05:31Z,2026-07-02T20:05:31Z
mobi_vancouver,mobi_vancouver_c4613c66-dea0-447f-8972-14dab45fb6df,c4613c66-dea0-447f-8972-14dab45fb6df,49.266476,-123.109389,1,FALSE,FALSE,22000,0165,1783022725,2026-07-02T20:05:32Z,2026-07-02T20:05:32Z,2026-07-02T20:05:23Z,2.2,https://gbfs.kappa.fifteen.eu/gbfs/2.2/mobi/en/gbfs.json,https://gbfs.kappa.fifteen.eu/gbfs/2.2/mobi/en/free_bike_status.json,2026-07-02T20:05:31Z,2026-07-02T20:05:31Z
mobi_vancouver,mobi_vancouver_6f586fe7-01db-4588-9a3b-b6432b418e4a,6f586fe7-01db-4588-9a3b-b6432b418e4a,49.266476,-123.109389,1,FALSE,FALSE,22000,0165,1783022725,2026-07-02T20:05:32Z,2026-07-02T20:05:32Z,2026-07-02T20:05:23Z,2.2,https://gbfs.kappa.fifteen.eu/gbfs/2.2/mobi/en/gbfs.json,https://gbfs.kappa.fifteen.eu/gbfs/2.2/mobi/en/free_bike_status.json,2026-07-02T20:05:31Z,2026-07-02T20:05:31Z
mobi_vancouver,mobi_vancouver_a64fdd35-77c0-4d41-a95a-3a8d75a45d15,a64fdd35-77c0-4d41-a95a-3a8d75a45d15,49.27023,-123.10651,1,FALSE,FALSE,22000,0174,1783022725,2026-07-02T20:05:32Z,2026-07-02T20:05:32Z,2026-07-02T20:05:23Z,2.2,https://gbfs.kappa.fifteen.eu/gbfs/2.2/mobi/en/gbfs.json,https://gbfs.kappa.fifteen.eu/gbfs/2.2/mobi/en/free_bike_status.json,2026-07-02T20:05:31Z,2026-07-02T20:05:31Z
mobi_vancouver,mobi_vancouver_e21fa324-0d0e-41ed-8aa4-7e253a841b0b,e21fa324-0d0e-41ed-8aa4-7e253a841b0b,49.27821,-123.136972,1,FALSE,FALSE,22000,0083,1783022725,2026-07-02T20:05:32Z,2026-07-02T20:05:32Z,2026-07-02T20:05:23Z,2.2,https://gbfs.kappa.fifteen.eu/gbfs/2.2/mobi/en/gbfs.json,https://gbfs.kappa.fifteen.eu/gbfs/2.2/mobi/en/free_bike_status.json,2026-07-02T20:05:31Z,2026-07-02T20:05:31Z
mobi_vancouver,mobi_vancouver_1be7c5d6-191e-42fb-82e6-cf0e0eedb5cc,1be7c5d6-191e-42fb-82e6-cf0e0eedb5cc,49.27821,-123.136972,1,FALSE,FALSE,22000,0083,1783022725,2026-07-02T20:05:32Z,2026-07-02T20:05:32Z,2026-07-02T20:05:23Z,2.2,https://gbfs.kappa.fifteen.eu/gbfs/2.2/mobi/en/gbfs.json,https://gbfs.kappa.fifteen.eu/gbfs/2.2/mobi/en/free_bike_status.json,2026-07-02T20:05:31Z,2026-07-02T20:05:31Z
mobi_vancouver,mobi_vancouver_32cc1131-291e-4497-bf59-dbf44f934261,32cc1131-291e-4497-bf59-dbf44f934261,49.276292,-123.150592,1,FALSE,FALSE,22000,0155,1783022725,2026-07-02T20:05:32Z,2026-07-02T20:05:32Z,2026-07-02T20:05:23Z,2.2,https://gbfs.kappa.fifteen.eu/gbfs/2.2/mobi/en/gbfs.json,https://gbfs.kappa.fifteen.eu/gbfs/2.2/mobi/en/free_bike_status.json,2026-07-02T20:05:31Z,2026-07-02T20:05:31Z
mobi_vancouver,mobi_vancouver_3bce618c-8757-4786-9dac-db999e22fb9b,3bce618c-8757-4786-9dac-db999e22fb9b,49.267222,-123.153157,1,FALSE,FALSE,22000,0110,1783022725,2026-07-02T20:05:32Z,2026-07-02T20:05:32Z,2026-07-02T20:05:23Z,2.2,https://gbfs.kappa.fifteen.eu/gbfs/2.2/mobi/en/gbfs.json,https://gbfs.kappa.fifteen.eu/gbfs/2.2/mobi/en/free_bike_status.json,2026-07-02T20:05:31Z,2026-07-02T20:05:31Z
mobi_vancouver,mobi_vancouver_07a41633-6eb9-44b6-8ac6-1794e1845832,07a41633-6eb9-44b6-8ac6-1794e1845832,49.279342,-123.101822,1,FALSE,FALSE,22000,0055,1783022725,2026-07-02T20:05:32Z,2026-07-02T20:05:32Z,2026-07-02T20:05:23Z,2.2,https://gbfs.kappa.fifteen.eu/gbfs/2.2/mobi/en/gbfs.json,https://gbfs.kappa.fifteen.eu/gbfs/2.2/mobi/en/free_bike_status.json,2026-07-02T20:05:31Z,2026-07-02T20:05:31Z
mobi_vancouver,mobi_vancouver_4829c189-306a-476e-93e2-51ba807745a4,4829c189-306a-476e-93e2-51ba807745a4,49.262598,-123.138921,1,FALSE,FALSE,22000,0070,1783022725,2026-07-02T20:05:32Z,2026-07-02T20:05:32Z,2026-07-02T20:05:23Z,2.2,https://gbfs.kappa.fifteen.eu/gbfs/2.2/mobi/en/gbfs.json,https://gbfs.kappa.fifteen.eu/gbfs/2.2/mobi/en/free_bike_status.json,2026-07-02T20:05:31Z,2026-07-02T20:05:31Z
mobi_vancouver,mobi_vancouver_46846953-c2d0-4589-9091-ac74fa937987,46846953-c2d0-4589-9091-ac74fa937987,49.273355,-123.154493,1,FALSE,FALSE,22000,0154,1783022725,2026-07-02T20:05:32Z,2026-07-02T20:05:32Z,2026-07-02T20:05:23Z,2.2,https://gbfs.kappa.fifteen.eu/gbfs/2.2/mobi/en/gbfs.json,https://gbfs.kappa.fifteen.eu/gbfs/2.2/mobi/en/free_bike_status.json,2026-07-02T20:05:31Z,2026-07-02T20:05:31Z
mobi_vancouver,mobi_vancouver_016d9419-03a5-48e5-9456-395f62cd0dea,016d9419-03a5-48e5-9456-395f62cd0dea,49.290112,-123.127062,1,FALSE,FALSE,22000,0035,1783022725,2026-07-02T20:05:32Z,2026-07-02T20:05:32Z,2026-07-02T20:05:23Z,2.2,https://gbfs.kappa.fifteen.eu/gbfs/2.2/mobi/en/gbfs.json,https://gbfs.kappa.fifteen.eu/gbfs/2.2/mobi/en/free_bike_status.json,2026-07-02T20:05:31Z,2026-07-02T20:05:31Z
mobi_vancouver,mobi_vancouver_1ae6ae55-3f14-4285-aea6-b45d91fa2d86,1ae6ae55-3f14-4285-aea6-b45d91fa2d86,49.266456,-123.100324,1,FALSE,FALSE,22000,0198,1783022725,2026-07-02T20:05:32Z,2026-07-02T20:05:32Z,2026-07-02T20:05:23Z,2.2,https://gbfs.kappa.fifteen.eu/gbfs/2.2/mobi/en/gbfs.json,https://gbfs.kappa.fifteen.eu/gbfs/2.2/mobi/en/free_bike_status.json,2026-07-02T20:05:31Z,2026-07-02T20:05:31Z
mobi_vancouver,mobi_vancouver_eefd85d7-31a4-4f69-8ca5-1ca8830d82ea,eefd85d7-31a4-4f69-8ca5-1ca8830d82ea,49.277595,-123.09583,1,FALSE,FALSE,22000,0212,1783022725,2026-07-02T20:05:32Z,2026-07-02T20:05:32Z,2026-07-02T20:05:23Z,2.2,https://gbfs.kappa.fifteen.eu/gbfs/2.2/mobi/en/gbfs.json,https://gbfs.kappa.fifteen.eu/gbfs/2.2/mobi/en/free_bike_status.json,2026-07-02T20:05:31Z,2026-07-02T20:05:31Z
mobi_vancouver,mobi_vancouver_20a451aa-c887-478f-b07a-b329fd66d61c,20a451aa-c887-478f-b07a-b329fd66d61c,49.270905,-123.126006,1,FALSE,FALSE,22000,0136,1783022725,2026-07-02T20:05:32Z,2026-07-02T20:05:32Z,2026-07-02T20:05:23Z,2.2,https://gbfs.kappa.fifteen.eu/gbfs/2.2/mobi/en/gbfs.json,https://gbfs.kappa.fifteen.eu/gbfs/2.2/mobi/en/free_bike_status.json,2026-07-02T20:05:31Z,2026-07-02T20:05:31Z
mobi_vancouver,mobi_vancouver_683711eb-d339-41af-b073-c19f8f3b524e,683711eb-d339-41af-b073-c19f8f3b524e,49.270905,-123.126006,1,FALSE,FALSE,22000,0136,1783022725,2026-07-02T20:05:32Z,2026-07-02T20:05:32Z,2026-07-02T20:05:23Z,2.2,https://gbfs.kappa.fifteen.eu/gbfs/2.2/mobi/en/gbfs.json,https://gbfs.kappa.fifteen.eu/gbfs/2.2/mobi/en/free_bike_status.json,2026-07-02T20:05:31Z,2026-07-02T20:05:31Z
mobi_vancouver,mobi_vancouver_920d4225-3a4c-4bcc-a51b-210260e47af4,920d4225-3a4c-4bcc-a51b-210260e47af4,49.267628,-123.127698,1,FALSE,FALSE,22000,0143,1783022725,2026-07-02T20:05:32Z,2026-07-02T20:05:32Z,2026-07-02T20:05:23Z,2.2,https://gbfs.kappa.fifteen.eu/gbfs/2.2/mobi/en/gbfs.json,https://gbfs.kappa.fifteen.eu/gbfs/2.2/mobi/en/free_bike_status.json,2026-07-02T20:05:31Z,2026-07-02T20:05:31Z
mobi_vancouver,mobi_vancouver_88271b3c-3ce3-4cbb-8e91-dc2918103775,88271b3c-3ce3-4cbb-8e91-dc2918103775,49.265005,-123.079481,1,FALSE,FALSE,22000,0236,1783022725,2026-07-02T20:05:32Z,2026-07-02T20:05:32Z,2026-07-02T20:05:23Z,2.2,https://gbfs.kappa.fifteen.eu/gbfs/2.2/mobi/en/gbfs.json,https://gbfs.kappa.fifteen.eu/gbfs/2.2/mobi/en/free_bike_status.json,2026-07-02T20:05:31Z,2026-07-02T20:05:31Z
mobi_vancouver,mobi_vancouver_27cebf37-22a1-4e8a-8a87-eb9758bfab46,27cebf37-22a1-4e8a-8a87-eb9758bfab46,49.266969,-123.069936,1,FALSE,FALSE,22000,0241,1783022725,2026-07-02T20:05:32Z,2026-07-02T20:05:32Z,2026-07-02T20:05:23Z,2.2,https://gbfs.kappa.fifteen.eu/gbfs/2.2/mobi/en/gbfs.json,https://gbfs.kappa.fifteen.eu/gbfs/2.2/mobi/en/free_bike_status.json,2026-07-02T20:05:31Z,2026-07-02T20:05:31Z
mobi_vancouver,mobi_vancouver_c7929041-65fd-4550-9ace-b8294c721a0f,c7929041-65fd-4550-9ace-b8294c721a0f,49.277665,-123.073653,1,FALSE,FALSE,22000,0222,1783022725,2026-07-02T20:05:32Z,2026-07-02T20:05:32Z,2026-07-02T20:05:23Z,2.2,https://gbfs.kappa.fifteen.eu/gbfs/2.2/mobi/en/gbfs.json,https://gbfs.kappa.fifteen.eu/gbfs/2.2/mobi/en/free_bike_status.json,2026-07-02T20:05:31Z,2026-07-02T20:05:31Z
mobi_vancouver,mobi_vancouver_3ee22855-4021-48c7-a7e2-096d875cfe0f,3ee22855-4021-48c7-a7e2-096d875cfe0f,49.283992,-123.091206,2,FALSE,FALSE,22000,0230,1783022725,2026-07-02T20:05:32Z,2026-07-02T20:05:32Z,2026-07-02T20:05:23Z,2.2,https://gbfs.kappa.fifteen.eu/gbfs/2.2/mobi/en/gbfs.json,https://gbfs.kappa.fifteen.eu/gbfs/2.2/mobi/en/free_bike_status.json,2026-07-02T20:05:31Z,2026-07-02T20:05:31Z
mobi_vancouver,mobi_vancouver_41eaec39-6d51-4b93-b4b5-0065deaff374,41eaec39-6d51-4b93-b4b5-0065deaff374,49.275882,-123.071865,1,FALSE,FALSE,22000,0232,1783022725,2026-07-02T20:05:32Z,2026-07-02T20:05:32Z,2026-07-02T20:05:23Z,2.2,https://gbfs.kappa.fifteen.eu/gbfs/2.2/mobi/en/gbfs.json,https://gbfs.kappa.fifteen.eu/gbfs/2.2/mobi/en/free_bike_status.json,2026-07-02T20:05:31Z,2026-07-02T20:05:31Z
mobi_vancouver,mobi_vancouver_4ee12485-1786-45dd-b4a8-c2c6378f47a3,4ee12485-1786-45dd-b4a8-c2c6378f47a3,49.262141,-123.101961,1,FALSE,FALSE,22000,0074,1783022725,2026-07-02T20:05:32Z,2026-07-02T20:05:32Z,2026-07-02T20:05:23Z,2.2,https://gbfs.kappa.fifteen.eu/gbfs/2.2/mobi/en/gbfs.json,https://gbfs.kappa.fifteen.eu/gbfs/2.2/mobi/en/free_bike_status.json,2026-07-02T20:05:31Z,2026-07-02T20:05:31Z
mobi_vancouver,mobi_vancouver_06178033-1984-467d-89f3-814a84d2078e,06178033-1984-467d-89f3-814a84d2078e,49.256496,-123.075426,1,FALSE,FALSE,22000,0283,1783022725,2026-07-02T20:05:32Z,2026-07-02T20:05:32Z,2026-07-02T20:05:23Z,2.2,https://gbfs.kappa.fifteen.eu/gbfs/2.2/mobi/en/gbfs.json,https://gbfs.kappa.fifteen.eu/gbfs/2.2/mobi/en/free_bike_status.json,2026-07-02T20:05:31Z,2026-07-02T20:05:31Z
mobi_vancouver,mobi_vancouver_d7938ab7-1d47-4520-9ad5-7a8108baccea,d7938ab7-1d47-4520-9ad5-7a8108baccea,49.280284,-123.097052,1,FALSE,FALSE,22000,0213,1783022725,2026-07-02T20:05:32Z,2026-07-02T20:05:32Z,2026-07-02T20:05:23Z,2.2,https://gbfs.kappa.fifteen.eu/gbfs/2.2/mobi/en/gbfs.json,https://gbfs.kappa.fifteen.eu/gbfs/2.2/mobi/en/free_bike_status.json,2026-07-02T20:05:31Z,2026-07-02T20:05:31Z
mobi_vancouver,mobi_vancouver_8e82d1b6-2500-4af2-9be3-a9c7d317bfe2,8e82d1b6-2500-4af2-9be3-a9c7d317bfe2,49.28763,-123.127245,1,FALSE,FALSE,22000,0207,1783022725,2026-07-02T20:05:32Z,2026-07-02T20:05:32Z,2026-07-02T20:05:23Z,2.2,https://gbfs.kappa.fifteen.eu/gbfs/2.2/mobi/en/gbfs.json,https://gbfs.kappa.fifteen.eu/gbfs/2.2/mobi/en/free_bike_status.json,2026-07-02T20:05:31Z,2026-07-02T20:05:31Z
mobi_vancouver,mobi_vancouver_fc6ce043-3c4e-4c92-b69c-83baae0b9c3d,fc6ce043-3c4e-4c92-b69c-83baae0b9c3d,49.28763,-123.127245,1,FALSE,FALSE,22000,0207,1783022725,2026-07-02T20:05:32Z,2026-07-02T20:05:32Z,2026-07-02T20:05:23Z,2.2,https://gbfs.kappa.fifteen.eu/gbfs/2.2/mobi/en/gbfs.json,https://gbfs.kappa.fifteen.eu/gbfs/2.2/mobi/en/free_bike_status.json,2026-07-02T20:05:31Z,2026-07-02T20:05:31Z
mobi_vancouver,mobi_vancouver_87c29848-57c8-4fc9-a48f-2cb74e7fd02a,87c29848-57c8-4fc9-a48f-2cb74e7fd02a,49.2731,-123.0732,1,FALSE,FALSE,22000,0253,1783022725,2026-07-02T20:05:32Z,2026-07-02T20:05:32Z,2026-07-02T20:05:23Z,2.2,https://gbfs.kappa.fifteen.eu/gbfs/2.2/mobi/en/gbfs.json,https://gbfs.kappa.fifteen.eu/gbfs/2.2/mobi/en/free_bike_status.json,2026-07-02T20:05:31Z,2026-07-02T20:05:31Z
mobi_vancouver,mobi_vancouver_7701803d-fe1d-49af-9cd8-7781d2cba202,7701803d-fe1d-49af-9cd8-7781d2cba202,49.264251,-123.073853,1,FALSE,FALSE,22000,0249,1783022725,2026-07-02T20:05:32Z,2026-07-02T20:05:32Z,2026-07-02T20:05:23Z,2.2,https://gbfs.kappa.fifteen.eu/gbfs/2.2/mobi/en/gbfs.json,https://gbfs.kappa.fifteen.eu/gbfs/2.2/mobi/en/free_bike_status.json,2026-07-02T20:05:31Z,2026-07-02T20:05:31Z
mobi_vancouver,mobi_vancouver_f993b06b-a377-4fff-8179-620faf6f575c,f993b06b-a377-4fff-8179-620faf6f575c,49.254667,-123.101389,1,FALSE,FALSE,22000,0255,1783022725,2026-07-02T20:05:32Z,2026-07-02T20:05:32Z,2026-07-02T20:05:23Z,2.2,https://gbfs.kappa.fifteen.eu/gbfs/2.2/mobi/en/gbfs.json,https://gbfs.kappa.fifteen.eu/gbfs/2.2/mobi/en/free_bike_status.json,2026-07-02T20:05:31Z,2026-07-02T20:05:31Z
mobi_vancouver,mobi_vancouver_0d8a5e86-a9b7-4c32-9f6a-cfb9f8c703eb,0d8a5e86-a9b7-4c32-9f6a-cfb9f8c703eb,49.280197,-123.065859,1,FALSE,FALSE,22000,0272,1783022725,2026-07-02T20:05:32Z,2026-07-02T20:05:32Z,2026-07-02T20:05:23Z,2.2,https://gbfs.kappa.fifteen.eu/gbfs/2.2/mobi/en/gbfs.json,https://gbfs.kappa.fifteen.eu/gbfs/2.2/mobi/en/free_bike_status.json,2026-07-02T20:05:31Z,2026-07-02T20:05:31Z
mobi_vancouver,mobi_vancouver_28890c33-93d2-4448-9047-6237fc9233a7,28890c33-93d2-4448-9047-6237fc9233a7,49.283986,-123.065264,1,FALSE,FALSE,22000,0280,1783022725,2026-07-02T20:05:32Z,2026-07-02T20:05:32Z,2026-07-02T20:05:23Z,2.2,https://gbfs.kappa.fifteen.eu/gbfs/2.2/mobi/en/gbfs.json,https://gbfs.kappa.fifteen.eu/gbfs/2.2/mobi/en/free_bike_status.json,2026-07-02T20:05:31Z,2026-07-02T20:05:31Z
mobi_vancouver,mobi_vancouver_1271b2a4-b2d1-4650-86e7-e9ffdba6e07b,1271b2a4-b2d1-4650-86e7-e9ffdba6e07b,49.283986,-123.065264,1,FALSE,FALSE,22000,0280,1783022725,2026-07-02T20:05:32Z,2026-07-02T20:05:32Z,2026-07-02T20:05:23Z,2.2,https://gbfs.kappa.fifteen.eu/gbfs/2.2/mobi/en/gbfs.json,https://gbfs.kappa.fifteen.eu/gbfs/2.2/mobi/en/free_bike_status.json,2026-07-02T20:05:31Z,2026-07-02T20:05:31Z
mobi_vancouver,mobi_vancouver_ddc1cbaa-5f08-4656-ab4e-479c72cbe1ee,ddc1cbaa-5f08-4656-ab4e-479c72cbe1ee,49.273777,-123.092723,1,FALSE,FALSE,22000,0233,1783022725,2026-07-02T20:05:32Z,2026-07-02T20:05:32Z,2026-07-02T20:05:23Z,2.2,https://gbfs.kappa.fifteen.eu/gbfs/2.2/mobi/en/gbfs.json,https://gbfs.kappa.fifteen.eu/gbfs/2.2/mobi/en/free_bike_status.json,2026-07-02T20:05:31Z,2026-07-02T20:05:31Z
mobi_vancouver,mobi_vancouver_b7de03a8-9430-43cb-b262-72af3c22c1e7,b7de03a8-9430-43cb-b262-72af3c22c1e7,49.302577,-123.155616,1,FALSE,FALSE,22000,0103,1783022725,2026-07-02T20:05:32Z,2026-07-02T20:05:32Z,2026-07-02T20:05:23Z,2.2,https://gbfs.kappa.fifteen.eu/gbfs/2.2/mobi/en/gbfs.json,https://gbfs.kappa.fifteen.eu/gbfs/2.2/mobi/en/free_bike_status.json,2026-07-02T20:05:31Z,2026-07-02T20:05:31Z
mobi_vancouver,mobi_vancouver_d985e4d2-60ce-4d8c-9828-e6d7b31b9f89,d985e4d2-60ce-4d8c-9828-e6d7b31b9f89,49.302577,-123.155616,1,FALSE,FALSE,22000,0103,1783022725,2026-07-02T20:05:32Z,2026-07-02T20:05:32Z,2026-07-02T20:05:23Z,2.2,https://gbfs.kappa.fifteen.eu/gbfs/2.2/mobi/en/gbfs.json,https://gbfs.kappa.fifteen.eu/gbfs/2.2/mobi/en/free_bike_status.json,2026-07-02T20:05:31Z,2026-07-02T20:05:31Z
mobi_vancouver,mobi_vancouver_0ade326b-ac72-4f5b-9fae-24be8186aa6c,0ade326b-ac72-4f5b-9fae-24be8186aa6c,49.277333,-123.087359,1,FALSE,FALSE,22000,0219,1783022725,2026-07-02T20:05:32Z,2026-07-02T20:05:32Z,2026-07-02T20:05:23Z,2.2,https://gbfs.kappa.fifteen.eu/gbfs/2.2/mobi/en/gbfs.json,https://gbfs.kappa.fifteen.eu/gbfs/2.2/mobi/en/free_bike_status.json,2026-07-02T20:05:31Z,2026-07-02T20:05:31Z
mobi_vancouver,mobi_vancouver_6cc2513d-0238-4a5f-b039-a183b5f596e9,6cc2513d-0238-4a5f-b039-a183b5f596e9,49.27551,-123.13307,1,FALSE,FALSE,22000,0045,1783022725,2026-07-02T20:05:32Z,2026-07-02T20:05:32Z,2026-07-02T20:05:23Z,2.2,https://gbfs.kappa.fifteen.eu/gbfs/2.2/mobi/en/gbfs.json,https://gbfs.kappa.fifteen.eu/gbfs/2.2/mobi/en/free_bike_status.json,2026-07-02T20:05:31Z,2026-07-02T20:05:31Z
mobi_vancouver,mobi_vancouver_b69d0dd5-fd9e-4b0c-bf72-1e39a5eb68e6,b69d0dd5-fd9e-4b0c-bf72-1e39a5eb68e6,49.27551,-123.13307,1,FALSE,FALSE,22000,0045,1783022725,2026-07-02T20:05:32Z,2026-07-02T20:05:32Z,2026-07-02T20:05:23Z,2.2,https://gbfs.kappa.fifteen.eu/gbfs/2.2/mobi/en/gbfs.json,https://gbfs.kappa.fifteen.eu/gbfs/2.2/mobi/en/free_bike_status.json,2026-07-02T20:05:31Z,2026-07-02T20:05:31Z
mobi_vancouver,mobi_vancouver_533f7ecf-b793-4d85-be0f-31cbd9b0fc01,533f7ecf-b793-4d85-be0f-31cbd9b0fc01,49.284893,-123.128685,1,FALSE,FALSE,22000,0300,1783022725,2026-07-02T20:05:32Z,2026-07-02T20:05:32Z,2026-07-02T20:05:23Z,2.2,https://gbfs.kappa.fifteen.eu/gbfs/2.2/mobi/en/gbfs.json,https://gbfs.kappa.fifteen.eu/gbfs/2.2/mobi/en/free_bike_status.json,2026-07-02T20:05:31Z,2026-07-02T20:05:31Z
mobi_vancouver,mobi_vancouver_aa2f7104-ce4b-44d8-8a39-e2c1139ab957,aa2f7104-ce4b-44d8-8a39-e2c1139ab957,49.267725,-123.11311,1,FALSE,FALSE,22000,0144,1783022725,2026-07-02T20:05:32Z,2026-07-02T20:05:32Z,2026-07-02T20:05:23Z,2.2,https://gbfs.kappa.fifteen.eu/gbfs/2.2/mobi/en/gbfs.json,https://gbfs.kappa.fifteen.eu/gbfs/2.2/mobi/en/free_bike_status.json,2026-07-02T20:05:31Z,2026-07-02T20:05:31Z
mobi_vancouver,mobi_vancouver_78e24248-2ee8-427e-898b-5ceaafeeaa2d,78e24248-2ee8-427e-898b-5ceaafeeaa2d,49.290587,-123.13625,1,FALSE,FALSE,22000,0122,1783022725,2026-07-02T20:05:32Z,2026-07-02T20:05:32Z,2026-07-02T20:05:23Z,2.2,https://gbfs.kappa.fifteen.eu/gbfs/2.2/mobi/en/gbfs.json,https://gbfs.kappa.fifteen.eu/gbfs/2.2/mobi/en/free_bike_status.json,2026-07-02T20:05:31Z,2026-07-02T20:05:31Z
mobi_vancouver,mobi_vancouver_87b4bcff-8ba4-4735-8261-ac2ae9d80dd6,87b4bcff-8ba4-4735-8261-ac2ae9d80dd6,49.262835,-123.152626,1,FALSE,FALSE,22000,0075,1783022725,2026-07-02T20:05:32Z,2026-07-02T20:05:32Z,2026-07-02T20:05:23Z,2.2,https://gbfs.kappa.fifteen.eu/gbfs/2.2/mobi/en/gbfs.json,https://gbfs.kappa.fifteen.eu/gbfs/2.2/mobi/en/free_bike_status.json,2026-07-02T20:05:31Z,2026-07-02T20:05:31Z
mobi_vancouver,mobi_vancouver_45f278dd-3626-4fc8-bc29-66ca99bbfd5a,45f278dd-3626-4fc8-bc29-66ca99bbfd5a,49.28512,-123.11242,1,FALSE,FALSE,22000,0308,1783022725,2026-07-02T20:05:32Z,2026-07-02T20:05:32Z,2026-07-02T20:05:23Z,2.2,https://gbfs.kappa.fifteen.eu/gbfs/2.2/mobi/en/gbfs.json,https://gbfs.kappa.fifteen.eu/gbfs/2.2/mobi/en/free_bike_status.json,2026-07-02T20:05:31Z,2026-07-02T20:05:31Z
mobi_vancouver,mobi_vancouver_140de09d-513e-4b54-b2e8-dc77bf6d701a,140de09d-513e-4b54-b2e8-dc77bf6d701a,49.272969,-123.164325,1,FALSE,FALSE,22000,0460,1783022725,2026-07-02T20:05:32Z,2026-07-02T20:05:32Z,2026-07-02T20:05:23Z,2.2,https://gbfs.kappa.fifteen.eu/gbfs/2.2/mobi/en/gbfs.json,https://gbfs.kappa.fifteen.eu/gbfs/2.2/mobi/en/free_bike_status.json,2026-07-02T20:05:31Z,2026-07-02T20:05:31Z
mobi_vancouver,mobi_vancouver_723e4b78-67ea-4885-b733-220411317df4,723e4b78-67ea-4885-b733-220411317df4,49.264483,-123.173926,1,FALSE,FALSE,22000,0444,1783022725,2026-07-02T20:05:32Z,2026-07-02T20:05:32Z,2026-07-02T20:05:23Z,2.2,https://gbfs.kappa.fifteen.eu/gbfs/2.2/mobi/en/gbfs.json,https://gbfs.kappa.fifteen.eu/gbfs/2.2/mobi/en/free_bike_status.json,2026-07-02T20:05:31Z,2026-07-02T20:05:31Z
mobi_vancouver,mobi_vancouver_1902d733-33c6-4cc4-81a7-ab34486444ff,1902d733-33c6-4cc4-81a7-ab34486444ff,49.255034,-123.120226,1,FALSE,FALSE,22000,0511,1783022725,2026-07-02T20:05:32Z,2026-07-02T20:05:32Z,2026-07-02T20:05:23Z,2.2,https://gbfs.kappa.fifteen.eu/gbfs/2.2/mobi/en/gbfs.json,https://gbfs.kappa.fifteen.eu/gbfs/2.2/mobi/en/free_bike_status.json,2026-07-02T20:05:31Z,2026-07-02T20:05:31Z
mobi_vancouver,mobi_vancouver_88c01e34-60b7-4211-8015-e52c2032ca09,88c01e34-60b7-4211-8015-e52c2032ca09,49.247854,-123.153422,1,FALSE,FALSE,22000,0480,1783022725,2026-07-02T20:05:32Z,2026-07-02T20:05:32Z,2026-07-02T20:05:23Z,2.2,https://gbfs.kappa.fifteen.eu/gbfs/2.2/mobi/en/gbfs.json,https://gbfs.kappa.fifteen.eu/gbfs/2.2/mobi/en/free_bike_status.json,2026-07-02T20:05:31Z,2026-07-02T20:05:31Z
mobi_vancouver,mobi_vancouver_17add98b-e7fd-48be-a105-289537985728,17add98b-e7fd-48be-a105-289537985728,49.246243,-123.124373,2,FALSE,FALSE,22000,0505,1783022725,2026-07-02T20:05:32Z,2026-07-02T20:05:32Z,2026-07-02T20:05:23Z,2.2,https://gbfs.kappa.fifteen.eu/gbfs/2.2/mobi/en/gbfs.json,https://gbfs.kappa.fifteen.eu/gbfs/2.2/mobi/en/free_bike_status.json,2026-07-02T20:05:31Z,2026-07-02T20:05:31Z
mobi_vancouver,mobi_vancouver_1863cca4-b3bb-42a7-b14a-b8fb3557c417,1863cca4-b3bb-42a7-b14a-b8fb3557c417,49.287464,-123.060771,1,FALSE,FALSE,22000,0611,1783022725,2026-07-02T20:05:32Z,2026-07-02T20:05:32Z,2026-07-02T20:05:23Z,2.2,https://gbfs.kappa.fifteen.eu/gbfs/2.2/mobi/en/gbfs.json,https://gbfs.kappa.fifteen.eu/gbfs/2.2/mobi/en/free_bike_status.json,2026-07-02T20:05:31Z,2026-07-02T20:05:31Z
mobi_vancouver,mobi_vancouver_2dcc51b3-3880-4d73-85c7-3ce37c27275e,2dcc51b3-3880-4d73-85c7-3ce37c27275e,49.285575,-123.061575,1,FALSE,FALSE,22000,0621,1783022725,2026-07-02T20:05:32Z,2026-07-02T20:05:32Z,2026-07-02T20:05:23Z,2.2,https://gbfs.kappa.fifteen.eu/gbfs/2.2/mobi/en/gbfs.json,https://gbfs.kappa.fifteen.eu/gbfs/2.2/mobi/en/free_bike_status.json,2026-07-02T20:05:31Z,2026-07-02T20:05:31Z
mobi_vancouver,mobi_vancouver_37d9e440-f132-4d00-8511-f22a6b93b51f,37d9e440-f132-4d00-8511-f22a6b93b51f,49.251358,-123.115637,1,FALSE,FALSE,22000,0532,1783022725,2026-07-02T20:05:32Z,2026-07-02T20:05:32Z,2026-07-02T20:05:23Z,2.2,https://gbfs.kappa.fifteen.eu/gbfs/2.2/mobi/en/gbfs.json,https://gbfs.kappa.fifteen.eu/gbfs/2.2/mobi/en/free_bike_status.json,2026-07-02T20:05:31Z,2026-07-02T20:05:31Z
mobi_vancouver,mobi_vancouver_e4c34941-b4e8-4dfb-a7d4-4d4571b0b55b,e4c34941-b4e8-4dfb-a7d4-4d4571b0b55b,49.291597,-123.129158,1,FALSE,FALSE,22000,0200,1783022725,2026-07-02T20:05:32Z,2026-07-02T20:05:32Z,2026-07-02T20:05:23Z,2.2,https://gbfs.kappa.fifteen.eu/gbfs/2.2/mobi/en/gbfs.json,https://gbfs.kappa.fifteen.eu/gbfs/2.2/mobi/en/free_bike_status.json,2026-07-02T20:05:31Z,2026-07-02T20:05:31Z
mobi_vancouver,mobi_vancouver_535e4f07-05d8-4ad7-94ac-0a9e299b1609,535e4f07-05d8-4ad7-94ac-0a9e299b1609,49.2658,-123.20596,1,FALSE,FALSE,22000,0715,1783022725,2026-07-02T20:05:32Z,2026-07-02T20:05:32Z,2026-07-02T20:05:23Z,2.2,https://gbfs.kappa.fifteen.eu/gbfs/2.2/mobi/en/gbfs.json,https://gbfs.kappa.fifteen.eu/gbfs/2.2/mobi/en/free_bike_status.json,2026-07-02T20:05:31Z,2026-07-02T20:05:31Z
mobi_vancouver,mobi_vancouver_ed63def1-2f3b-4fdf-a18b-81719978386f,ed63def1-2f3b-4fdf-a18b-81719978386f,49.25478,-123.23621,1,FALSE,FALSE,22000,2252,1783022725,2026-07-02T20:05:32Z,2026-07-02T20:05:32Z,2026-07-02T20:05:23Z,2.2,https://gbfs.kappa.fifteen.eu/gbfs/2.2/mobi/en/gbfs.json,https://gbfs.kappa.fifteen.eu/gbfs/2.2/mobi/en/free_bike_status.json,2026-07-02T20:05:31Z,2026-07-02T20:05:31Z
mobi_vancouver,mobi_vancouver_10450488-12ff-4648-9be0-98e6abfd7fbe,10450488-12ff-4648-9be0-98e6abfd7fbe,49.2506,-123.23238,1,FALSE,FALSE,22000,2255,1783022725,2026-07-02T20:05:32Z,2026-07-02T20:05:32Z,2026-07-02T20:05:23Z,2.2,https://gbfs.kappa.fifteen.eu/gbfs/2.2/mobi/en/gbfs.json,https://gbfs.kappa.fifteen.eu/gbfs/2.2/mobi/en/free_bike_status.json,2026-07-02T20:05:31Z,2026-07-02T20:05:31Z
mobi_vancouver,mobi_vancouver_578d5511-e0ee-4110-b58a-cd1e683d10c0,578d5511-e0ee-4110-b58a-cd1e683d10c0,49.282055,-123.133045,1,FALSE,FALSE,22400,0187,1783022725,2026-07-02T20:05:32Z,2026-07-02T20:05:32Z,2026-07-02T20:05:23Z,2.2,https://gbfs.kappa.fifteen.eu/gbfs/2.2/mobi/en/gbfs.json,https://gbfs.kappa.fifteen.eu/gbfs/2.2/mobi/en/free_bike_status.json,2026-07-02T20:05:31Z,2026-07-02T20:05:31Z
mobi_vancouver,mobi_vancouver_9c33c8dc-4fdb-43bf-b742-5cdc2ac02c19,9c33c8dc-4fdb-43bf-b742-5cdc2ac02c19,49.262487,-123.114397,1,FALSE,FALSE,22400,0001,1783022725,2026-07-02T20:05:32Z,2026-07-02T20:05:32Z,2026-07-02T20:05:23Z,2.2,https://gbfs.kappa.fifteen.eu/gbfs/2.2/mobi/en/gbfs.json,https://gbfs.kappa.fifteen.eu/gbfs/2.2/mobi/en/free_bike_status.json,2026-07-02T20:05:31Z,2026-07-02T20:05:31Z
mobi_vancouver,mobi_vancouver_a7212fe2-4bdb-4e9b-ac2d-8d5ad40a0440,a7212fe2-4bdb-4e9b-ac2d-8d5ad40a0440,49.262487,-123.114397,1,FALSE,FALSE,22400,0001,1783022725,2026-07-02T20:05:32Z,2026-07-02T20:05:32Z,2026-07-02T20:05:23Z,2.2,https://gbfs.kappa.fifteen.eu/gbfs/2.2/mobi/en/gbfs.json,https://gbfs.kappa.fifteen.eu/gbfs/2.2/mobi/en/free_bike_status.json,2026-07-02T20:05:31Z,2026-07-02T20:05:31Z
mobi_vancouver,mobi_vancouver_b80f28f7-11a7-459d-9f9d-6e4449eadad7,b80f28f7-11a7-459d-9f9d-6e4449eadad7,49.262487,-123.114397,1,FALSE,FALSE,22400,0001,1783022725,2026-07-02T20:05:32Z,2026-07-02T20:05:32Z,2026-07-02T20:05:23Z,2.2,https://gbfs.kappa.fifteen.eu/gbfs/2.2/mobi/en/gbfs.json,https://gbfs.kappa.fifteen.eu/gbfs/2.2/mobi/en/free_bike_status.json,2026-07-02T20:05:31Z,2026-07-02T20:05:31Z
mobi_vancouver,mobi_vancouver_6edc35eb-84d1-4a4d-9a10-130a52f694a5,6edc35eb-84d1-4a4d-9a10-130a52f694a5,49.279764,-123.110154,1,FALSE,FALSE,22400,0005,1783022725,2026-07-02T20:05:32Z,2026-07-02T20:05:32Z,2026-07-02T20:05:23Z,2.2,https://gbfs.kappa.fifteen.eu/gbfs/2.2/mobi/en/gbfs.json,https://gbfs.kappa.fifteen.eu/gbfs/2.2/mobi/en/free_bike_status.json,2026-07-02T20:05:31Z,2026-07-02T20:05:31Z
mobi_vancouver,mobi_vancouver_4bc1a8ae-a5c2-424e-9c15-328e21f6afa0,4bc1a8ae-a5c2-424e-9c15-328e21f6afa0,49.282214,-123.114101,1,FALSE,FALSE,22400,0012,1783022725,2026-07-02T20:05:32Z,2026-07-02T20:05:32Z,2026-07-02T20:05:23Z,2.2,https://gbfs.kappa.fifteen.eu/gbfs/2.2/mobi/en/gbfs.json,https://gbfs.kappa.fifteen.eu/gbfs/2.2/mobi/en/free_bike_status.json,2026-07-02T20:05:31Z,2026-07-02T20:05:31Z
mobi_vancouver,mobi_vancouver_81192550-2d36-4ba3-aabb-25f3c608159b,81192550-2d36-4ba3-aabb-25f3c608159b,49.282214,-123.114101,1,FALSE,FALSE,22400,0012,1783022725,2026-07-02T20:05:32Z,2026-07-02T20:05:32Z,2026-07-02T20:05:23Z,2.2,https://gbfs.kappa.fifteen.eu/gbfs/2.2/mobi/en/gbfs.json,https://gbfs.kappa.fifteen.eu/gbfs/2.2/mobi/en/free_bike_status.json,2026-07-02T20:05:31Z,2026-07-02T20:05:31Z
mobi_vancouver,mobi_vancouver_0a094041-fdbc-44ef-9340-6d60b8ea5ab7,0a094041-fdbc-44ef-9340-6d60b8ea5ab7,49.264215,-123.117772,1,FALSE,FALSE,22400,0008,1783022725,2026-07-02T20:05:32Z,2026-07-02T20:05:32Z,2026-07-02T20:05:23Z,2.2,https://gbfs.kappa.fifteen.eu/gbfs/2.2/mobi/en/gbfs.json,https://gbfs.kappa.fifteen.eu/gbfs/2.2/mobi/en/free_bike_status.json,2026-07-02T20:05:31Z,2026-07-02T20:05:31Z
mobi_vancouver,mobi_vancouver_34472c44-3e8e-443e-b151-9b77a57edaa6,34472c44-3e8e-443e-b151-9b77a57edaa6,49.264215,-123.117772,1,FALSE,FALSE,22400,0008,1783022725,2026-07-02T20:05:32Z,2026-07-02T20:05:32Z,2026-07-02T20:05:23Z,2.2,https://gbfs.kappa.fifteen.eu/gbfs/2.2/mobi/en/gbfs.json,https://gbfs.kappa.fifteen.eu/gbfs/2.2/mobi/en/free_bike_status.json,2026-07-02T20:05:31Z,2026-07-02T20:05:31Z
mobi_vancouver,mobi_vancouver_d0e30a49-f0dd-478d-9dd4-0b54518e0a91,d0e30a49-f0dd-478d-9dd4-0b54518e0a91,49.264215,-123.117772,1,FALSE,FALSE,22400,0008,1783022725,2026-07-02T20:05:32Z,2026-07-02T20:05:32Z,2026-07-02T20:05:23Z,2.2,https://gbfs.kappa.fifteen.eu/gbfs/2.2/mobi/en/gbfs.json,https://gbfs.kappa.fifteen.eu/gbfs/2.2/mobi/en/free_bike_status.json,2026-07-02T20:05:31Z,2026-07-02T20:05:31Z
mobi_vancouver,mobi_vancouver_323426ee-6c1f-423c-a50e-9900e549c374,323426ee-6c1f-423c-a50e-9900e549c374,49.264215,-123.117772,1,FALSE,FALSE,22400,0008,1783022725,2026-07-02T20:05:32Z,2026-07-02T20:05:32Z,2026-07-02T20:05:23Z,2.2,https://gbfs.kappa.fifteen.eu/gbfs/2.2/mobi/en/gbfs.json,https://gbfs.kappa.fifteen.eu/gbfs/2.2/mobi/en/free_bike_status.json,2026-07-02T20:05:31Z,2026-07-02T20:05:31Z
mobi_vancouver,mobi_vancouver_83ee4c03-eeb3-44af-b4ee-d84dc2469814,83ee4c03-eeb3-44af-b4ee-d84dc2469814,49.260599,-123.113504,1,FALSE,FALSE,22400,0007,1783022725,2026-07-02T20:05:32Z,2026-07-02T20:05:32Z,2026-07-02T20:05:23Z,2.2,https://gbfs.kappa.fifteen.eu/gbfs/2.2/mobi/en/gbfs.json,https://gbfs.kappa.fifteen.eu/gbfs/2.2/mobi/en/free_bike_status.json,2026-07-02T20:05:31Z,2026-07-02T20:05:31Z
mobi_vancouver,mobi_vancouver_3207be3f-3363-4be2-a425-b16932ef5be3,3207be3f-3363-4be2-a425-b16932ef5be3,49.28616,-123.12675,1,FALSE,FALSE,22400,0036,1783022725,2026-07-02T20:05:32Z,2026-07-02T20:05:32Z,2026-07-02T20:05:23Z,2.2,https://gbfs.kappa.fifteen.eu/gbfs/2.2/mobi/en/gbfs.json,https://gbfs.kappa.fifteen.eu/gbfs/2.2/mobi/en/free_bike_status.json,2026-07-02T20:05:31Z,2026-07-02T20:05:31Z
mobi_vancouver,mobi_vancouver_72e2fd65-b009-4ed0-b470-ee93047fdc45,72e2fd65-b009-4ed0-b470-ee93047fdc45,49.28062,-123.12482,1,FALSE,FALSE,22400,0037,1783022725,2026-07-02T20:05:32Z,2026-07-02T20:05:32Z,2026-07-02T20:05:23Z,2.2,https://gbfs.kappa.fifteen.eu/gbfs/2.2/mobi/en/gbfs.json,https://gbfs.kappa.fifteen.eu/gbfs/2.2/mobi/en/free_bike_status.json,2026-07-02T20:05:31Z,2026-07-02T20:05:31Z
mobi_vancouver,mobi_vancouver_e5f3478a-77c3-4f88-a987-968303295324,e5f3478a-77c3-4f88-a987-968303295324,49.285253,-123.134356,1,FALSE,FALSE,22400,0048,1783022725,2026-07-02T20:05:32Z,2026-07-02T20:05:32Z,2026-07-02T20:05:23Z,2.2,https://gbfs.kappa.fifteen.eu/gbfs/2.2/mobi/en/gbfs.json,https://gbfs.kappa.fifteen.eu/gbfs/2.2/mobi/en/free_bike_status.json,2026-07-02T20:05:31Z,2026-07-02T20:05:31Z
mobi_vancouver,mobi_vancouver_a774b64a-f184-42a5-a119-d6599693d75e,a774b64a-f184-42a5-a119-d6599693d75e,49.285253,-123.134356,1,FALSE,FALSE,22400,0048,1783022725,2026-07-02T20:05:32Z,2026-07-02T20:05:32Z,2026-07-02T20:05:23Z,2.2,https://gbfs.kappa.fifteen.eu/gbfs/2.2/mobi/en/gbfs.json,https://gbfs.kappa.fifteen.eu/gbfs/2.2/mobi/en/free_bike_status.json,2026-07-02T20:05:31Z,2026-07-02T20:05:31Z
mobi_vancouver,mobi_vancouver_502f0c16-b332-4f88-bd85-8d3d0a99e1f9,502f0c16-b332-4f88-bd85-8d3d0a99e1f9,49.283343,-123.131099,1,FALSE,FALSE,22400,0050,1783022725,2026-07-02T20:05:32Z,2026-07-02T20:05:32Z,2026-07-02T20:05:23Z,2.2,https://gbfs.kappa.fifteen.eu/gbfs/2.2/mobi/en/gbfs.json,https://gbfs.kappa.fifteen.eu/gbfs/2.2/mobi/en/free_bike_status.json,2026-07-02T20:05:31Z,2026-07-02T20:05:31Z
mobi_vancouver,mobi_vancouver_e8b96db3-fe2c-46af-a6fa-7427ca4530d3,e8b96db3-fe2c-46af-a6fa-7427ca4530d3,49.279739,-123.116251,1,FALSE,FALSE,22400,0025,1783022725,2026-07-02T20:05:32Z,2026-07-02T20:05:32Z,2026-07-02T20:05:23Z,2.2,https://gbfs.kappa.fifteen.eu/gbfs/2.2/mobi/en/gbfs.json,https://gbfs.kappa.fifteen.eu/gbfs/2.2/mobi/en/free_bike_status.json,2026-07-02T20:05:31Z,2026-07-02T20:05:31Z
mobi_vancouver,mobi_vancouver_2ef2bbc4-45a2-4e31-aaee-5a6736a64358,2ef2bbc4-45a2-4e31-aaee-5a6736a64358,49.279739,-123.116251,1,FALSE,FALSE,22400,0025,1783022725,2026-07-02T20:05:32Z,2026-07-02T20:05:32Z,2026-07-02T20:05:23Z,2.2,https://gbfs.kappa.fifteen.eu/gbfs/2.2/mobi/en/gbfs.json,https://gbfs.kappa.fifteen.eu/gbfs/2.2/mobi/en/free_bike_status.json,2026-07-02T20:05:31Z,2026-07-02T20:05:31Z
mobi_vancouver,mobi_vancouver_1d548966-1ffb-44d2-bec2-b5017b07b98b,1d548966-1ffb-44d2-bec2-b5017b07b98b,49.287528,-123.142139,1,FALSE,FALSE,22400,0057,1783022725,2026-07-02T20:05:32Z,2026-07-02T20:05:32Z,2026-07-02T20:05:23Z,2.2,https://gbfs.kappa.fifteen.eu/gbfs/2.2/mobi/en/gbfs.json,https://gbfs.kappa.fifteen.eu/gbfs/2.2/mobi/en/free_bike_status.json,2026-07-02T20:05:31Z,2026-07-02T20:05:31Z
mobi_vancouver,mobi_vancouver_cdeefaae-92eb-4547-b6dd-33923e559bde,cdeefaae-92eb-4547-b6dd-33923e559bde,49.279821,-123.10802,1,FALSE,FALSE,22400,0053,1783022725,2026-07-02T20:05:32Z,2026-07-02T20:05:32Z,2026-07-02T20:05:23Z,2.2,https://gbfs.kappa.fifteen.eu/gbfs/2.2/mobi/en/gbfs.json,https://gbfs.kappa.fifteen.eu/gbfs/2.2/mobi/en/free_bike_status.json,2026-07-02T20:05:31Z,2026-07-02T20:05:31Z
mobi_vancouver,mobi_vancouver_ab6113bf-2ec5-45f0-b154-1b33b886995e,ab6113bf-2ec5-45f0-b154-1b33b886995e,49.279821,-123.10802,1,FALSE,FALSE,22400,0053,1783022725,2026-07-02T20:05:32Z,2026-07-02T20:05:32Z,2026-07-02T20:05:23Z,2.2,https://gbfs.kappa.fifteen.eu/gbfs/2.2/mobi/en/gbfs.json,https://gbfs.kappa.fifteen.eu/gbfs/2.2/mobi/en/free_bike_status.json,2026-07-02T20:05:31Z,2026-07-02T20:05:31Z
mobi_vancouver,mobi_vancouver_6d620c2b-f968-4b41-b98f-fada461e20b7,6d620c2b-f968-4b41-b98f-fada461e20b7,49.276436,-123.11877,1,FALSE,FALSE,22400,0078,1783022725,2026-07-02T20:05:32Z,2026-07-02T20:05:32Z,2026-07-02T20:05:23Z,2.2,https://gbfs.kappa.fifteen.eu/gbfs/2.2/mobi/en/gbfs.json,https://gbfs.kappa.fifteen.eu/gbfs/2.2/mobi/en/free_bike_status.json,2026-07-02T20:05:31Z,2026-07-02T20:05:31Z
mobi_vancouver,mobi_vancouver_55688ab1-88a5-4073-8155-c97f89561fb2,55688ab1-88a5-4073-8155-c97f89561fb2,49.28526,-123.141809,1,FALSE,FALSE,22400,0060,1783022725,2026-07-02T20:05:32Z,2026-07-02T20:05:32Z,2026-07-02T20:05:23Z,2.2,https://gbfs.kappa.fifteen.eu/gbfs/2.2/mobi/en/gbfs.json,https://gbfs.kappa.fifteen.eu/gbfs/2.2/mobi/en/free_bike_status.json,2026-07-02T20:05:31Z,2026-07-02T20:05:31Z
mobi_vancouver,mobi_vancouver_5135cf9e-6263-4b93-b70c-13c40bef0d6d,5135cf9e-6263-4b93-b70c-13c40bef0d6d,49.293257,-123.138563,1,FALSE,FALSE,22400,0093,1783022725,2026-07-02T20:05:32Z,2026-07-02T20:05:32Z,2026-07-02T20:05:23Z,2.2,https://gbfs.kappa.fifteen.eu/gbfs/2.2/mobi/en/gbfs.json,https://gbfs.kappa.fifteen.eu/gbfs/2.2/mobi/en/free_bike_status.json,2026-07-02T20:05:31Z,2026-07-02T20:05:31Z
mobi_vancouver,mobi_vancouver_af35f82c-0274-4004-906e-a7a002fb43ad,af35f82c-0274-4004-906e-a7a002fb43ad,49.284605,-123.108662,1,FALSE,FALSE,22400,0052,1783022725,2026-07-02T20:05:32Z,2026-07-02T20:05:32Z,2026-07-02T20:05:23Z,2.2,https://gbfs.kappa.fifteen.eu/gbfs/2.2/mobi/en/gbfs.json,https://gbfs.kappa.fifteen.eu/gbfs/2.2/mobi/en/free_bike_status.json,2026-07-02T20:05:31Z,2026-07-02T20:05:31Z
mobi_vancouver,mobi_vancouver_51139ebf-9a55-4f7b-ad7c-10830fe350dd,51139ebf-9a55-4f7b-ad7c-10830fe350dd,49.273471,-123.118016,1,FALSE,FALSE,22400,0017,1783022725,2026-07-02T20:05:32Z,2026-07-02T20:05:32Z,2026-07-02T20:05:23Z,2.2,https://gbfs.kappa.fifteen.eu/gbfs/2.2/mobi/en/gbfs.json,https://gbfs.kappa.fifteen.eu/gbfs/2.2/mobi/en/free_bike_status.json,2026-07-02T20:05:31Z,2026-07-02T20:05:31Z
mobi_vancouver,mobi_vancouver_ba7bbb45-8a97-4b5f-bbc2-547034d6688f,ba7bbb45-8a97-4b5f-bbc2-547034d6688f,49.266476,-123.109389,1,FALSE,FALSE,22400,0165,1783022725,2026-07-02T20:05:32Z,2026-07-02T20:05:32Z,2026-07-02T20:05:23Z,2.2,https://gbfs.kappa.fifteen.eu/gbfs/2.2/mobi/en/gbfs.json,https://gbfs.kappa.fifteen.eu/gbfs/2.2/mobi/en/free_bike_status.json,2026-07-02T20:05:31Z,2026-07-02T20:05:31Z
mobi_vancouver,mobi_vancouver_afe912bb-8c3f-493d-8dd3-218100dc5d88,afe912bb-8c3f-493d-8dd3-218100dc5d88,49.266314,-123.116011,1,FALSE,FALSE,22400,0006,1783022725,2026-07-02T20:05:32Z,2026-07-02T20:05:32Z,2026-07-02T20:05:23Z,2.2,https://gbfs.kappa.fifteen.eu/gbfs/2.2/mobi/en/gbfs.json,https://gbfs.kappa.fifteen.eu/gbfs/2.2/mobi/en/free_bike_status.json,2026-07-02T20:05:31Z,2026-07-02T20:05:31Z
mobi_vancouver,mobi_vancouver_e9518fab-8339-4ed2-b68f-fba0155f9c05,e9518fab-8339-4ed2-b68f-fba0155f9c05,49.27023,-123.10651,1,FALSE,FALSE,22400,0174,1783022725,2026-07-02T20:05:32Z,2026-07-02T20:05:32Z,2026-07-02T20:05:23Z,2.2,https://gbfs.kappa.fifteen.eu/gbfs/2.2/mobi/en/gbfs.json,https://gbfs.kappa.fifteen.eu/gbfs/2.2/mobi/en/free_bike_status.json,2026-07-02T20:05:31Z,2026-07-02T20:05:31Z
mobi_vancouver,mobi_vancouver_992cf21e-1d49-4037-962b-b3ec4434517b,992cf21e-1d49-4037-962b-b3ec4434517b,49.27023,-123.10651,1,FALSE,FALSE,22400,0174,1783022725,2026-07-02T20:05:32Z,2026-07-02T20:05:32Z,2026-07-02T20:05:23Z,2.2,https://gbfs.kappa.fifteen.eu/gbfs/2.2/mobi/en/gbfs.json,https://gbfs.kappa.fifteen.eu/gbfs/2.2/mobi/en/free_bike_status.json,2026-07-02T20:05:31Z,2026-07-02T20:05:31Z
mobi_vancouver,mobi_vancouver_af154d8b-a826-4baa-b6b8-ab6101010f9f,af154d8b-a826-4baa-b6b8-ab6101010f9f,49.270721,-123.146175,1,FALSE,FALSE,22400,0108,1783022725,2026-07-02T20:05:32Z,2026-07-02T20:05:32Z,2026-07-02T20:05:23Z,2.2,https://gbfs.kappa.fifteen.eu/gbfs/2.2/mobi/en/gbfs.json,https://gbfs.kappa.fifteen.eu/gbfs/2.2/mobi/en/free_bike_status.json,2026-07-02T20:05:31Z,2026-07-02T20:05:31Z
mobi_vancouver,mobi_vancouver_21f0ca40-9a58-40df-a219-65ae69150ad2,21f0ca40-9a58-40df-a219-65ae69150ad2,49.277141,-123.122589,1,FALSE,FALSE,22400,0138,1783022725,2026-07-02T20:05:32Z,2026-07-02T20:05:32Z,2026-07-02T20:05:23Z,2.2,https://gbfs.kappa.fifteen.eu/gbfs/2.2/mobi/en/gbfs.json,https://gbfs.kappa.fifteen.eu/gbfs/2.2/mobi/en/free_bike_status.json,2026-07-02T20:05:31Z,2026-07-02T20:05:31Z
mobi_vancouver,mobi_vancouver_ce7eec68-2c6f-4a6b-bf81-e26e768ed963,ce7eec68-2c6f-4a6b-bf81-e26e768ed963,49.277141,-123.122589,1,FALSE,FALSE,22400,0138,1783022725,2026-07-02T20:05:32Z,2026-07-02T20:05:32Z,2026-07-02T20:05:23Z,2.2,https://gbfs.kappa.fifteen.eu/gbfs/2.2/mobi/en/gbfs.json,https://gbfs.kappa.fifteen.eu/gbfs/2.2/mobi/en/free_bike_status.json,2026-07-02T20:05:31Z,2026-07-02T20:05:31Z
mobi_vancouver,mobi_vancouver_6aff6976-4348-4610-8cee-8c92f9f5d399,6aff6976-4348-4610-8cee-8c92f9f5d399,49.284157,-123.099917,1,FALSE,FALSE,22400,0150,1783022725,2026-07-02T20:05:32Z,2026-07-02T20:05:32Z,2026-07-02T20:05:23Z,2.2,https://gbfs.kappa.fifteen.eu/gbfs/2.2/mobi/en/gbfs.json,https://gbfs.kappa.fifteen.eu/gbfs/2.2/mobi/en/free_bike_status.json,2026-07-02T20:05:31Z,2026-07-02T20:05:31Z
mobi_vancouver,mobi_vancouver_d1be2d44-5837-4e1f-ac86-5f1c15920bbf,d1be2d44-5837-4e1f-ac86-5f1c15920bbf,49.276292,-123.150592,1,FALSE,FALSE,22400,0155,1783022725,2026-07-02T20:05:32Z,2026-07-02T20:05:32Z,2026-07-02T20:05:23Z,2.2,https://gbfs.kappa.fifteen.eu/gbfs/2.2/mobi/en/gbfs.json,https://gbfs.kappa.fifteen.eu/gbfs/2.2/mobi/en/free_bike_status.json,2026-07-02T20:05:31Z,2026-07-02T20:05:31Z
mobi_vancouver,mobi_vancouver_b42be26c-fa39-43f8-89a8-836a844f962b,b42be26c-fa39-43f8-89a8-836a844f962b,49.268339,-123.157443,1,FALSE,FALSE,22400,0159,1783022725,2026-07-02T20:05:32Z,2026-07-02T20:05:32Z,2026-07-02T20:05:23Z,2.2,https://gbfs.kappa.fifteen.eu/gbfs/2.2/mobi/en/gbfs.json,https://gbfs.kappa.fifteen.eu/gbfs/2.2/mobi/en/free_bike_status.json,2026-07-02T20:05:31Z,2026-07-02T20:05:31Z
mobi_vancouver,mobi_vancouver_8ca93c30-20aa-4c14-b84e-4b2e3f894e0f,8ca93c30-20aa-4c14-b84e-4b2e3f894e0f,49.282758,-123.122092,1,FALSE,FALSE,22400,0019,1783022725,2026-07-02T20:05:32Z,2026-07-02T20:05:32Z,2026-07-02T20:05:23Z,2.2,https://gbfs.kappa.fifteen.eu/gbfs/2.2/mobi/en/gbfs.json,https://gbfs.kappa.fifteen.eu/gbfs/2.2/mobi/en/free_bike_status.json,2026-07-02T20:05:31Z,2026-07-02T20:05:31Z
mobi_vancouver,mobi_vancouver_a395f3b7-bda8-432c-836c-b205bf2f83e1,a395f3b7-bda8-432c-836c-b205bf2f83e1,49.267222,-123.153157,1,FALSE,FALSE,22400,0110,1783022725,2026-07-02T20:05:32Z,2026-07-02T20:05:32Z,2026-07-02T20:05:23Z,2.2,https://gbfs.kappa.fifteen.eu/gbfs/2.2/mobi/en/gbfs.json,https://gbfs.kappa.fifteen.eu/gbfs/2.2/mobi/en/free_bike_status.json,2026-07-02T20:05:31Z,2026-07-02T20:05:31Z
mobi_vancouver,mobi_vancouver_98def3a9-fe59-4664-97d9-1a8c646383d2,98def3a9-fe59-4664-97d9-1a8c646383d2,49.267222,-123.153157,1,FALSE,FALSE,22400,0110,1783022725,2026-07-02T20:05:32Z,2026-07-02T20:05:32Z,2026-07-02T20:05:23Z,2.2,https://gbfs.kappa.fifteen.eu/gbfs/2.2/mobi/en/gbfs.json,https://gbfs.kappa.fifteen.eu/gbfs/2.2/mobi/en/free_bike_status.json,2026-07-02T20:05:31Z,2026-07-02T20:05:31Z
mobi_vancouver,mobi_vancouver_ec80b9a3-47a3-4ff4-95d0-8e9668931a7d,ec80b9a3-47a3-4ff4-95d0-8e9668931a7d,49.273355,-123.154493,1,FALSE,FALSE,22400,0154,1783022725,2026-07-02T20:05:32Z,2026-07-02T20:05:32Z,2026-07-02T20:05:23Z,2.2,https://gbfs.kappa.fifteen.eu/gbfs/2.2/mobi/en/gbfs.json,https://gbfs.kappa.fifteen.eu/gbfs/2.2/mobi/en/free_bike_status.json,2026-07-02T20:05:31Z,2026-07-02T20:05:31Z
mobi_vancouver,mobi_vancouver_2f8e239f-4c67-4c67-a8d3-ca4bd7015a1f,2f8e239f-4c67-4c67-a8d3-ca4bd7015a1f,49.273355,-123.154493,1,FALSE,FALSE,22400,0154,1783022725,2026-07-02T20:05:32Z,2026-07-02T20:05:32Z,2026-07-02T20:05:23Z,2.2,https://gbfs.kappa.fifteen.eu/gbfs/2.2/mobi/en/gbfs.json,https://gbfs.kappa.fifteen.eu/gbfs/2.2/mobi/en/free_bike_status.json,2026-07-02T20:05:31Z,2026-07-02T20:05:31Z
mobi_vancouver,mobi_vancouver_e9a2657c-5df3-4467-a747-9032128409e9,e9a2657c-5df3-4467-a747-9032128409e9,49.268503,-123.097501,1,FALSE,FALSE,22400,0197,1783022725,2026-07-02T20:05:32Z,2026-07-02T20:05:32Z,2026-07-02T20:05:23Z,2.2,https://gbfs.kappa.fifteen.eu/gbfs/2.2/mobi/en/gbfs.json,https://gbfs.kappa.fifteen.eu/gbfs/2.2/mobi/en/free_bike_status.json,2026-07-02T20:05:31Z,2026-07-02T20:05:31Z
mobi_vancouver,mobi_vancouver_c40f2087-07ac-48a9-afac-0cb71ea69f72,c40f2087-07ac-48a9-afac-0cb71ea69f72,49.268503,-123.097501,1,FALSE,FALSE,22400,0197,1783022725,2026-07-02T20:05:32Z,2026-07-02T20:05:32Z,2026-07-02T20:05:23Z,2.2,https://gbfs.kappa.fifteen.eu/gbfs/2.2/mobi/en/gbfs.json,https://gbfs.kappa.fifteen.eu/gbfs/2.2/mobi/en/free_bike_status.json,2026-07-02T20:05:31Z,2026-07-02T20:05:31Z
mobi_vancouver,mobi_vancouver_54db6531-5d2f-42ca-9fa4-06547eedf5dd,54db6531-5d2f-42ca-9fa4-06547eedf5dd,49.258924,-123.152591,1,FALSE,FALSE,22400,0152,1783022725,2026-07-02T20:05:32Z,2026-07-02T20:05:32Z,2026-07-02T20:05:23Z,2.2,https://gbfs.kappa.fifteen.eu/gbfs/2.2/mobi/en/gbfs.json,https://gbfs.kappa.fifteen.eu/gbfs/2.2/mobi/en/free_bike_status.json,2026-07-02T20:05:31Z,2026-07-02T20:05:31Z
mobi_vancouver,mobi_vancouver_3aa604b0-b73c-4119-b3b4-9fdf0c44cd7d,3aa604b0-b73c-4119-b3b4-9fdf0c44cd7d,49.268216,-123.103168,1,FALSE,FALSE,22400,0119,1783022725,2026-07-02T20:05:32Z,2026-07-02T20:05:32Z,2026-07-02T20:05:23Z,2.2,https://gbfs.kappa.fifteen.eu/gbfs/2.2/mobi/en/gbfs.json,https://gbfs.kappa.fifteen.eu/gbfs/2.2/mobi/en/free_bike_status.json,2026-07-02T20:05:31Z,2026-07-02T20:05:31Z
mobi_vancouver,mobi_vancouver_9e388e94-b174-4209-8868-ded10d9153a2,9e388e94-b174-4209-8868-ded10d9153a2,49.262822,-123.14338,1,FALSE,FALSE,22400,0205,1783022725,2026-07-02T20:05:32Z,2026-07-02T20:05:32Z,2026-07-02T20:05:23Z,2.2,https://gbfs.kappa.fifteen.eu/gbfs/2.2/mobi/en/gbfs.json,https://gbfs.kappa.fifteen.eu/gbfs/2.2/mobi/en/free_bike_status.json,2026-07-02T20:05:31Z,2026-07-02T20:05:31Z
mobi_vancouver,mobi_vancouver_42a0c099-4f43-4b33-b954-b6671c0ced57,42a0c099-4f43-4b33-b954-b6671c0ced57,49.281301,-123.139108,1,FALSE,FALSE,22400,0084,1783022725,2026-07-02T20:05:32Z,2026-07-02T20:05:32Z,2026-07-02T20:05:23Z,2.2,https://gbfs.kappa.fifteen.eu/gbfs/2.2/mobi/en/gbfs.json,https://gbfs.kappa.fifteen.eu/gbfs/2.2/mobi/en/free_bike_status.json,2026-07-02T20:05:31Z,2026-07-02T20:05:31Z
mobi_vancouver,mobi_vancouver_52aeff7a-ccea-43e6-adeb-8fb57363c270,52aeff7a-ccea-43e6-adeb-8fb57363c270,49.299292,-123.130281,1,FALSE,FALSE,22400,0101,1783022725,2026-07-02T20:05:32Z,2026-07-02T20:05:32Z,2026-07-02T20:05:23Z,2.2,https://gbfs.kappa.fifteen.eu/gbfs/2.2/mobi/en/gbfs.json,https://gbfs.kappa.fifteen.eu/gbfs/2.2/mobi/en/free_bike_status.json,2026-07-02T20:05:31Z,2026-07-02T20:05:31Z
mobi_vancouver,mobi_vancouver_75b7d605-cd28-46f3-b62a-c3b62bae5c87,75b7d605-cd28-46f3-b62a-c3b62bae5c87,49.294318,-123.148808,1,FALSE,FALSE,22400,0104,1783022725,2026-07-02T20:05:32Z,2026-07-02T20:05:32Z,2026-07-02T20:05:23Z,2.2,https://gbfs.kappa.fifteen.eu/gbfs/2.2/mobi/en/gbfs.json,https://gbfs.kappa.fifteen.eu/gbfs/2.2/mobi/en/free_bike_status.json,2026-07-02T20:05:31Z,2026-07-02T20:05:31Z
mobi_vancouver,mobi_vancouver_0039dfbd-1565-4154-8219-af0f378dc7c3,0039dfbd-1565-4154-8219-af0f378dc7c3,49.265336,-123.145823,1,FALSE,FALSE,22400,0140,1783022725,2026-07-02T20:05:32Z,2026-07-02T20:05:32Z,2026-07-02T20:05:23Z,2.2,https://gbfs.kappa.fifteen.eu/gbfs/2.2/mobi/en/gbfs.json,https://gbfs.kappa.fifteen.eu/gbfs/2.2/mobi/en/free_bike_status.json,2026-07-02T20:05:31Z,2026-07-02T20:05:31Z
mobi_vancouver,mobi_vancouver_74c14771-52cc-423e-b290-905db95255ee,74c14771-52cc-423e-b290-905db95255ee,49.265336,-123.145823,1,FALSE,FALSE,22400,0140,1783022725,2026-07-02T20:05:32Z,2026-07-02T20:05:32Z,2026-07-02T20:05:23Z,2.2,https://gbfs.kappa.fifteen.eu/gbfs/2.2/mobi/en/gbfs.json,https://gbfs.kappa.fifteen.eu/gbfs/2.2/mobi/en/free_bike_status.json,2026-07-02T20:05:31Z,2026-07-02T20:05:31Z
mobi_vancouver,mobi_vancouver_d9b2a873-9c5c-4814-8b44-8cee16f3f52b,d9b2a873-9c5c-4814-8b44-8cee16f3f52b,49.265336,-123.145823,1,FALSE,FALSE,22400,0140,1783022725,2026-07-02T20:05:32Z,2026-07-02T20:05:32Z,2026-07-02T20:05:23Z,2.2,https://gbfs.kappa.fifteen.eu/gbfs/2.2/mobi/en/gbfs.json,https://gbfs.kappa.fifteen.eu/gbfs/2.2/mobi/en/free_bike_status.json,2026-07-02T20:05:31Z,2026-07-02T20:05:31Z
mobi_vancouver,mobi_vancouver_91d7bb18-f463-437c-b6e7-23b3c2f8c8f1,91d7bb18-f463-437c-b6e7-23b3c2f8c8f1,49.270905,-123.126006,1,FALSE,FALSE,22400,0136,1783022725,2026-07-02T20:05:32Z,2026-07-02T20:05:32Z,2026-07-02T20:05:23Z,2.2,https://gbfs.kappa.fifteen.eu/gbfs/2.2/mobi/en/gbfs.json,https://gbfs.kappa.fifteen.eu/gbfs/2.2/mobi/en/free_bike_status.json,2026-07-02T20:05:31Z,2026-07-02T20:05:31Z
mobi_vancouver,mobi_vancouver_018e78c4-ec81-4766-a287-f51313e33132,018e78c4-ec81-4766-a287-f51313e33132,49.283227,-123.120523,1,FALSE,FALSE,22400,0099,1783022725,2026-07-02T20:05:32Z,2026-07-02T20:05:32Z,2026-07-02T20:05:23Z,2.2,https://gbfs.kappa.fifteen.eu/gbfs/2.2/mobi/en/gbfs.json,https://gbfs.kappa.fifteen.eu/gbfs/2.2/mobi/en/free_bike_status.json,2026-07-02T20:05:31Z,2026-07-02T20:05:31Z
mobi_vancouver,mobi_vancouver_557e1c38-7939-465c-b159-6a9fc1c5ffc2,557e1c38-7939-465c-b159-6a9fc1c5ffc2,49.267859,-123.145782,1,FALSE,FALSE,22400,0139,1783022725,2026-07-02T20:05:32Z,2026-07-02T20:05:32Z,2026-07-02T20:05:23Z,2.2,https://gbfs.kappa.fifteen.eu/gbfs/2.2/mobi/en/gbfs.json,https://gbfs.kappa.fifteen.eu/gbfs/2.2/mobi/en/free_bike_status.json,2026-07-02T20:05:31Z,2026-07-02T20:05:31Z
mobi_vancouver,mobi_vancouver_7ac0fe43-3065-4d14-ae1b-dc5d083efd0c,7ac0fe43-3065-4d14-ae1b-dc5d083efd0c,49.267628,-123.127698,1,FALSE,FALSE,22400,0143,1783022725,2026-07-02T20:05:32Z,2026-07-02T20:05:32Z,2026-07-02T20:05:23Z,2.2,https://gbfs.kappa.fifteen.eu/gbfs/2.2/mobi/en/gbfs.json,https://gbfs.kappa.fifteen.eu/gbfs/2.2/mobi/en/free_bike_status.json,2026-07-02T20:05:31Z,2026-07-02T20:05:31Z
mobi_vancouver,mobi_vancouver_97b88ff4-5348-40ab-abac-bc09985a8525,97b88ff4-5348-40ab-abac-bc09985a8525,49.265005,-123.079481,1,FALSE,FALSE,22400,0236,1783022725,2026-07-02T20:05:32Z,2026-07-02T20:05:32Z,2026-07-02T20:05:23Z,2.2,https://gbfs.kappa.fifteen.eu/gbfs/2.2/mobi/en/gbfs.json,https://gbfs.kappa.fifteen.eu/gbfs/2.2/mobi/en/free_bike_status.json,2026-07-02T20:05:31Z,2026-07-02T20:05:31Z
mobi_vancouver,mobi_vancouver_46d2c04f-4846-4759-8c46-f14b2314285e,46d2c04f-4846-4759-8c46-f14b2314285e,49.263746,-123.069892,1,FALSE,FALSE,22400,0254,1783022725,2026-07-02T20:05:32Z,2026-07-02T20:05:32Z,2026-07-02T20:05:23Z,2.2,https://gbfs.kappa.fifteen.eu/gbfs/2.2/mobi/en/gbfs.json,https://gbfs.kappa.fifteen.eu/gbfs/2.2/mobi/en/free_bike_status.json,2026-07-02T20:05:31Z,2026-07-02T20:05:31Z
mobi_vancouver,mobi_vancouver_d5aa1402-745c-415f-a500-51982e223d93,d5aa1402-745c-415f-a500-51982e223d93,49.263746,-123.069892,1,FALSE,FALSE,22400,0254,1783022725,2026-07-02T20:05:32Z,2026-07-02T20:05:32Z,2026-07-02T20:05:23Z,2.2,https://gbfs.kappa.fifteen.eu/gbfs/2.2/mobi/en/gbfs.json,https://gbfs.kappa.fifteen.eu/gbfs/2.2/mobi/en/free_bike_status.json,2026-07-02T20:05:31Z,2026-07-02T20:05:31Z
mobi_vancouver,mobi_vancouver_aa9fa92f-8a67-48b9-b68b-2badff97b1d9,aa9fa92f-8a67-48b9-b68b-2badff97b1d9,49.277469,-123.081315,1,FALSE,FALSE,22400,0221,1783022725,2026-07-02T20:05:32Z,2026-07-02T20:05:32Z,2026-07-02T20:05:23Z,2.2,https://gbfs.kappa.fifteen.eu/gbfs/2.2/mobi/en/gbfs.json,https://gbfs.kappa.fifteen.eu/gbfs/2.2/mobi/en/free_bike_status.json,2026-07-02T20:05:31Z,2026-07-02T20:05:31Z
mobi_vancouver,mobi_vancouver_a284f235-92b1-4af2-be9e-fefc4d1cdd54,a284f235-92b1-4af2-be9e-fefc4d1cdd54,49.266751,-123.073501,1,FALSE,FALSE,22400,0250,1783022725,2026-07-02T20:05:32Z,2026-07-02T20:05:32Z,2026-07-02T20:05:23Z,2.2,https://gbfs.kappa.fifteen.eu/gbfs/2.2/mobi/en/gbfs.json,https://gbfs.kappa.fifteen.eu/gbfs/2.2/mobi/en/free_bike_status.json,2026-07-02T20:05:31Z,2026-07-02T20:05:31Z
mobi_vancouver,mobi_vancouver_b962eb96-3e14-4df9-838d-a6f10b36c8f3,b962eb96-3e14-4df9-838d-a6f10b36c8f3,49.280332,-123.070068,1,FALSE,FALSE,22400,0224,1783022725,2026-07-02T20:05:32Z,2026-07-02T20:05:32Z,2026-07-02T20:05:23Z,2.2,https://gbfs.kappa.fifteen.eu/gbfs/2.2/mobi/en/gbfs.json,https://gbfs.kappa.fifteen.eu/gbfs/2.2/mobi/en/free_bike_status.json,2026-07-02T20:05:31Z,2026-07-02T20:05:31Z
mobi_vancouver,mobi_vancouver_d0b345f4-5c64-4c87-968e-a8f8d63dfdb3,d0b345f4-5c64-4c87-968e-a8f8d63dfdb3,49.280881,-123.130672,1,FALSE,FALSE,22400,0126,1783022725,2026-07-02T20:05:32Z,2026-07-02T20:05:32Z,2026-07-02T20:05:23Z,2.2,https://gbfs.kappa.fifteen.eu/gbfs/2.2/mobi/en/gbfs.json,https://gbfs.kappa.fifteen.eu/gbfs/2.2/mobi/en/free_bike_status.json,2026-07-02T20:05:31Z,2026-07-02T20:05:31Z
mobi_vancouver,mobi_vancouver_c234453c-b637-4a29-bb8e-c7ae348a1f67,c234453c-b637-4a29-bb8e-c7ae348a1f67,49.280427,-123.074082,1,FALSE,FALSE,22400,0225,1783022725,2026-07-02T20:05:32Z,2026-07-02T20:05:32Z,2026-07-02T20:05:23Z,2.2,https://gbfs.kappa.fifteen.eu/gbfs/2.2/mobi/en/gbfs.json,https://gbfs.kappa.fifteen.eu/gbfs/2.2/mobi/en/free_bike_status.json,2026-07-02T20:05:31Z,2026-07-02T20:05:31Z
mobi_vancouver,mobi_vancouver_97345594-e7c1-48c2-bad0-7d459a788e78,97345594-e7c1-48c2-bad0-7d459a788e78,49.256694,-123.096579,1,FALSE,FALSE,22400,0256,1783022725,2026-07-02T20:05:32Z,2026-07-02T20:05:32Z,2026-07-02T20:05:23Z,2.2,https://gbfs.kappa.fifteen.eu/gbfs/2.2/mobi/en/gbfs.json,https://gbfs.kappa.fifteen.eu/gbfs/2.2/mobi/en/free_bike_status.json,2026-07-02T20:05:31Z,2026-07-02T20:05:31Z
mobi_vancouver,mobi_vancouver_76cdcb67-a099-4f7b-84e3-94bd96fed568,76cdcb67-a099-4f7b-84e3-94bd96fed568,49.258352,-123.096337,1,FALSE,FALSE,22400,0257,1783022725,2026-07-02T20:05:32Z,2026-07-02T20:05:32Z,2026-07-02T20:05:23Z,2.2,https://gbfs.kappa.fifteen.eu/gbfs/2.2/mobi/en/gbfs.json,https://gbfs.kappa.fifteen.eu/gbfs/2.2/mobi/en/free_bike_status.json,2026-07-02T20:05:31Z,2026-07-02T20:05:31Z
mobi_vancouver,mobi_vancouver_f92d7c98-b976-4006-b408-8343d9f6111c,f92d7c98-b976-4006-b408-8343d9f6111c,49.289124,-123.12196,1,FALSE,FALSE,22400,0034,1783022725,2026-07-02T20:05:32Z,2026-07-02T20:05:32Z,2026-07-02T20:05:23Z,2.2,https://gbfs.kappa.fifteen.eu/gbfs/2.2/mobi/en/gbfs.json,https://gbfs.kappa.fifteen.eu/gbfs/2.2/mobi/en/free_bike_status.json,2026-07-02T20:05:31Z,2026-07-02T20:05:31Z
mobi_vancouver,mobi_vancouver_103458f7-20c4-4c0c-87e4-88377a46d35c,103458f7-20c4-4c0c-87e4-88377a46d35c,49.27033,-123.10275,1,FALSE,FALSE,22400,0177,1783022725,2026-07-02T20:05:32Z,2026-07-02T20:05:32Z,2026-07-02T20:05:23Z,2.2,https://gbfs.kappa.fifteen.eu/gbfs/2.2/mobi/en/gbfs.json,https://gbfs.kappa.fifteen.eu/gbfs/2.2/mobi/en/free_bike_status.json,2026-07-02T20:05:31Z,2026-07-02T20:05:31Z
mobi_vancouver,mobi_vancouver_8db2229a-ea04-4d63-b42b-ef63c2e64523,8db2229a-ea04-4d63-b42b-ef63c2e64523,49.257985,-123.083366,1,FALSE,FALSE,22400,0281,1783022725,2026-07-02T20:05:32Z,2026-07-02T20:05:32Z,2026-07-02T20:05:23Z,2.2,https://gbfs.kappa.fifteen.eu/gbfs/2.2/mobi/en/gbfs.json,https://gbfs.kappa.fifteen.eu/gbfs/2.2/mobi/en/free_bike_status.json,2026-07-02T20:05:31Z,2026-07-02T20:05:31Z
mobi_vancouver,mobi_vancouver_0a35ff33-4d4d-44a0-b7f5-f0fd5ba7e487,0a35ff33-4d4d-44a0-b7f5-f0fd5ba7e487,49.257985,-123.083366,1,FALSE,FALSE,22400,0281,1783022725,2026-07-02T20:05:32Z,2026-07-02T20:05:32Z,2026-07-02T20:05:23Z,2.2,https://gbfs.kappa.fifteen.eu/gbfs/2.2/mobi/en/gbfs.json,https://gbfs.kappa.fifteen.eu/gbfs/2.2/mobi/en/free_bike_status.json,2026-07-02T20:05:31Z,2026-07-02T20:05:31Z
mobi_vancouver,mobi_vancouver_1da1148f-076c-486e-925a-3b7eee3da165,1da1148f-076c-486e-925a-3b7eee3da165,49.265198,-123.131043,1,FALSE,FALSE,22400,0192,1783022725,2026-07-02T20:05:32Z,2026-07-02T20:05:32Z,2026-07-02T20:05:23Z,2.2,https://gbfs.kappa.fifteen.eu/gbfs/2.2/mobi/en/gbfs.json,https://gbfs.kappa.fifteen.eu/gbfs/2.2/mobi/en/free_bike_status.json,2026-07-02T20:05:31Z,2026-07-02T20:05:31Z
mobi_vancouver,mobi_vancouver_b5aee6a1-d872-4dec-afd9-bbc870911eac,b5aee6a1-d872-4dec-afd9-bbc870911eac,49.302577,-123.155616,1,FALSE,FALSE,22400,0103,1783022725,2026-07-02T20:05:32Z,2026-07-02T20:05:32Z,2026-07-02T20:05:23Z,2.2,https://gbfs.kappa.fifteen.eu/gbfs/2.2/mobi/en/gbfs.json,https://gbfs.kappa.fifteen.eu/gbfs/2.2/mobi/en/free_bike_status.json,2026-07-02T20:05:31Z,2026-07-02T20:05:31Z
mobi_vancouver,mobi_vancouver_29fe8a7e-4b92-41aa-a8ea-e8572894b043,29fe8a7e-4b92-41aa-a8ea-e8572894b043,49.277333,-123.087359,1,FALSE,FALSE,22400,0219,1783022725,2026-07-02T20:05:32Z,2026-07-02T20:05:32Z,2026-07-02T20:05:23Z,2.2,https://gbfs.kappa.fifteen.eu/gbfs/2.2/mobi/en/gbfs.json,https://gbfs.kappa.fifteen.eu/gbfs/2.2/mobi/en/free_bike_status.json,2026-07-02T20:05:31Z,2026-07-02T20:05:31Z
mobi_vancouver,mobi_vancouver_d4f22d83-db3c-4677-b84d-a8b107d0b511,d4f22d83-db3c-4677-b84d-a8b107d0b511,49.28512,-123.11242,1,FALSE,FALSE,22400,0308,1783022725,2026-07-02T20:05:32Z,2026-07-02T20:05:32Z,2026-07-02T20:05:23Z,2.2,https://gbfs.kappa.fifteen.eu/gbfs/2.2/mobi/en/gbfs.json,https://gbfs.kappa.fifteen.eu/gbfs/2.2/mobi/en/free_bike_status.json,2026-07-02T20:05:31Z,2026-07-02T20:05:31Z
mobi_vancouver,mobi_vancouver_d8a307c8-6547-4783-a887-44042f87704d,d8a307c8-6547-4783-a887-44042f87704d,49.27247,-123.185643,1,FALSE,FALSE,22400,0410,1783022725,2026-07-02T20:05:32Z,2026-07-02T20:05:32Z,2026-07-02T20:05:23Z,2.2,https://gbfs.kappa.fifteen.eu/gbfs/2.2/mobi/en/gbfs.json,https://gbfs.kappa.fifteen.eu/gbfs/2.2/mobi/en/free_bike_status.json,2026-07-02T20:05:31Z,2026-07-02T20:05:31Z
mobi_vancouver,mobi_vancouver_0a975211-9df3-4d65-b639-53a99ab10a0e,0a975211-9df3-4d65-b639-53a99ab10a0e,49.272969,-123.164325,1,FALSE,FALSE,22400,0460,1783022725,2026-07-02T20:05:32Z,2026-07-02T20:05:32Z,2026-07-02T20:05:23Z,2.2,https://gbfs.kappa.fifteen.eu/gbfs/2.2/mobi/en/gbfs.json,https://gbfs.kappa.fifteen.eu/gbfs/2.2/mobi/en/free_bike_status.json,2026-07-02T20:05:31Z,2026-07-02T20:05:31Z
mobi_vancouver,mobi_vancouver_6a189c81-3e2f-4553-a9fe-cf3dc19d9112,6a189c81-3e2f-4553-a9fe-cf3dc19d9112,49.273011,-123.159663,1,FALSE,FALSE,22400,0470,1783022725,2026-07-02T20:05:32Z,2026-07-02T20:05:32Z,2026-07-02T20:05:23Z,2.2,https://gbfs.kappa.fifteen.eu/gbfs/2.2/mobi/en/gbfs.json,https://gbfs.kappa.fifteen.eu/gbfs/2.2/mobi/en/free_bike_status.json,2026-07-02T20:05:31Z,2026-07-02T20:05:31Z
mobi_vancouver,mobi_vancouver_ecdb8372-e807-4f79-a645-f22de2c60533,ecdb8372-e807-4f79-a645-f22de2c60533,49.271044,-123.170661,1,FALSE,FALSE,22400,0450,1783022725,2026-07-02T20:05:32Z,2026-07-02T20:05:32Z,2026-07-02T20:05:23Z,2.2,https://gbfs.kappa.fifteen.eu/gbfs/2.2/mobi/en/gbfs.json,https://gbfs.kappa.fifteen.eu/gbfs/2.2/mobi/en/free_bike_status.json,2026-07-02T20:05:31Z,2026-07-02T20:05:31Z
mobi_vancouver,mobi_vancouver_d4144772-eae1-4efa-b64d-f0a8f4f3af2b,d4144772-eae1-4efa-b64d-f0a8f4f3af2b,49.264326,-123.164725,1,FALSE,FALSE,22400,0464,1783022725,2026-07-02T20:05:32Z,2026-07-02T20:05:32Z,2026-07-02T20:05:23Z,2.2,https://gbfs.kappa.fifteen.eu/gbfs/2.2/mobi/en/gbfs.json,https://gbfs.kappa.fifteen.eu/gbfs/2.2/mobi/en/free_bike_status.json,2026-07-02T20:05:31Z,2026-07-02T20:05:31Z
mobi_vancouver,mobi_vancouver_23a348d6-3a96-434a-972a-70f560994605,23a348d6-3a96-434a-972a-70f560994605,49.272172,-123.097978,1,FALSE,FALSE,22400,0354,1783022725,2026-07-02T20:05:32Z,2026-07-02T20:05:32Z,2026-07-02T20:05:23Z,2.2,https://gbfs.kappa.fifteen.eu/gbfs/2.2/mobi/en/gbfs.json,https://gbfs.kappa.fifteen.eu/gbfs/2.2/mobi/en/free_bike_status.json,2026-07-02T20:05:31Z,2026-07-02T20:05:31Z
mobi_vancouver,mobi_vancouver_3004875f-ceb4-4856-8820-999e0d8a3936,3004875f-ceb4-4856-8820-999e0d8a3936,49.289071,-123.138407,1,FALSE,FALSE,22400,0313,1783022725,2026-07-02T20:05:32Z,2026-07-02T20:05:32Z,2026-07-02T20:05:23Z,2.2,https://gbfs.kappa.fifteen.eu/gbfs/2.2/mobi/en/gbfs.json,https://gbfs.kappa.fifteen.eu/gbfs/2.2/mobi/en/free_bike_status.json,2026-07-02T20:05:31Z,2026-07-02T20:05:31Z
mobi_vancouver,mobi_vancouver_a248f82b-9249-4673-84f8-67a43df6fbb1,a248f82b-9249-4673-84f8-67a43df6fbb1,49.245135,-123.116098,1,FALSE,FALSE,22400,0526,1783022725,2026-07-02T20:05:32Z,2026-07-02T20:05:32Z,2026-07-02T20:05:23Z,2.2,https://gbfs.kappa.fifteen.eu/gbfs/2.2/mobi/en/gbfs.json,https://gbfs.kappa.fifteen.eu/gbfs/2.2/mobi/en/free_bike_status.json,2026-07-02T20:05:31Z,2026-07-02T20:05:31Z
mobi_vancouver,mobi_vancouver_3cb5c708-f2a8-44d2-ae92-79a98b7bd61a,3cb5c708-f2a8-44d2-ae92-79a98b7bd61a,49.274232,-123.129998,1,FALSE,FALSE,22400,0314,1783022725,2026-07-02T20:05:32Z,2026-07-02T20:05:32Z,2026-07-02T20:05:23Z,2.2,https://gbfs.kappa.fifteen.eu/gbfs/2.2/mobi/en/gbfs.json,https://gbfs.kappa.fifteen.eu/gbfs/2.2/mobi/en/free_bike_status.json,2026-07-02T20:05:31Z,2026-07-02T20:05:31Z
mobi_vancouver,mobi_vancouver_a67be593-9a12-4339-b714-e36bc69f23c4,a67be593-9a12-4339-b714-e36bc69f23c4,49.243375,-123.104978,1,FALSE,FALSE,22400,0557,1783022725,2026-07-02T20:05:32Z,2026-07-02T20:05:32Z,2026-07-02T20:05:23Z,2.2,https://gbfs.kappa.fifteen.eu/gbfs/2.2/mobi/en/gbfs.json,https://gbfs.kappa.fifteen.eu/gbfs/2.2/mobi/en/free_bike_status.json,2026-07-02T20:05:31Z,2026-07-02T20:05:31Z
mobi_vancouver,mobi_vancouver_0aba18b5-4247-4f99-a4cd-480b81ec4d2b,0aba18b5-4247-4f99-a4cd-480b81ec4d2b,49.283968,-123.061615,1,FALSE,FALSE,22400,0631,1783022725,2026-07-02T20:05:32Z,2026-07-02T20:05:32Z,2026-07-02T20:05:23Z,2.2,https://gbfs.kappa.fifteen.eu/gbfs/2.2/mobi/en/gbfs.json,https://gbfs.kappa.fifteen.eu/gbfs/2.2/mobi/en/free_bike_status.json,2026-07-02T20:05:31Z,2026-07-02T20:05:31Z
mobi_vancouver,mobi_vancouver_5a55a7d6-8fbe-46e5-a35a-cf5a7b0cd4e6,5a55a7d6-8fbe-46e5-a35a-cf5a7b0cd4e6,49.285575,-123.061575,1,FALSE,FALSE,22400,0621,1783022725,2026-07-02T20:05:32Z,2026-07-02T20:05:32Z,2026-07-02T20:05:23Z,2.2,https://gbfs.kappa.fifteen.eu/gbfs/2.2/mobi/en/gbfs.json,https://gbfs.kappa.fifteen.eu/gbfs/2.2/mobi/en/free_bike_status.json,2026-07-02T20:05:31Z,2026-07-02T20:05:31Z
mobi_vancouver,mobi_vancouver_52091b30-6554-4a38-ab41-beb0cb8fa443,52091b30-6554-4a38-ab41-beb0cb8fa443,49.266579,-123.248549,1,FALSE,FALSE,22400,2143,1783022725,2026-07-02T20:05:32Z,2026-07-02T20:05:32Z,2026-07-02T20:05:23Z,2.2,https://gbfs.kappa.fifteen.eu/gbfs/2.2/mobi/en/gbfs.json,https://gbfs.kappa.fifteen.eu/gbfs/2.2/mobi/en/free_bike_status.json,2026-07-02T20:05:31Z,2026-07-02T20:05:31Z
mobi_vancouver,mobi_vancouver_bbde34a5-592d-4ea8-bc7f-dae871029521,bbde34a5-592d-4ea8-bc7f-dae871029521,49.266579,-123.248549,1,FALSE,FALSE,22400,2143,1783022725,2026-07-02T20:05:32Z,2026-07-02T20:05:32Z,2026-07-02T20:05:23Z,2.2,https://gbfs.kappa.fifteen.eu/gbfs/2.2/mobi/en/gbfs.json,https://gbfs.kappa.fifteen.eu/gbfs/2.2/mobi/en/free_bike_status.json,2026-07-02T20:05:31Z,2026-07-02T20:05:31Z
mobi_vancouver,mobi_vancouver_5a258934-a40a-435f-8615-d167d62770cf,5a258934-a40a-435f-8615-d167d62770cf,49.266579,-123.248549,1,FALSE,FALSE,22400,2143,1783022725,2026-07-02T20:05:32Z,2026-07-02T20:05:32Z,2026-07-02T20:05:23Z,2.2,https://gbfs.kappa.fifteen.eu/gbfs/2.2/mobi/en/gbfs.json,https://gbfs.kappa.fifteen.eu/gbfs/2.2/mobi/en/free_bike_status.json,2026-07-02T20:05:31Z,2026-07-02T20:05:31Z
mobi_vancouver,mobi_vancouver_045435fe-1186-4449-a398-9ecbc140c479,045435fe-1186-4449-a398-9ecbc140c479,49.25478,-123.23621,1,FALSE,FALSE,22400,2252,1783022725,2026-07-02T20:05:32Z,2026-07-02T20:05:32Z,2026-07-02T20:05:23Z,2.2,https://gbfs.kappa.fifteen.eu/gbfs/2.2/mobi/en/gbfs.json,https://gbfs.kappa.fifteen.eu/gbfs/2.2/mobi/en/free_bike_status.json,2026-07-02T20:05:31Z,2026-07-02T20:05:31Z
mobi_vancouver,mobi_vancouver_cc48e9ee-bda9-4dca-973f-373f1d3f6609,cc48e9ee-bda9-4dca-973f-373f1d3f6609,49.283482,-123.103738,1,FALSE,FALSE,22400,0013,1783022725,2026-07-02T20:05:32Z,2026-07-02T20:05:32Z,2026-07-02T20:05:23Z,2.2,https://gbfs.kappa.fifteen.eu/gbfs/2.2/mobi/en/gbfs.json,https://gbfs.kappa.fifteen.eu/gbfs/2.2/mobi/en/free_bike_status.json,2026-07-02T20:05:31Z,2026-07-02T20:05:31Z
mobi_vancouver,mobi_vancouver_ff2641c7-41d9-41ed-94be-1e25fdb39824,ff2641c7-41d9-41ed-94be-1e25fdb39824,49.26875,-123.25004,1,FALSE,FALSE,22400,2142,1783022725,2026-07-02T20:05:32Z,2026-07-02T20:05:32Z,2026-07-02T20:05:23Z,2.2,https://gbfs.kappa.fifteen.eu/gbfs/2.2/mobi/en/gbfs.json,https://gbfs.kappa.fifteen.eu/gbfs/2.2/mobi/en/free_bike_status.json,2026-07-02T20:05:31Z,2026-07-02T20:05:31Z
mobi_vancouver,mobi_vancouver_190de66e-29fb-430e-899e-bbcbe7450348,190de66e-29fb-430e-899e-bbcbe7450348,49.27549,-123.12882,1,FALSE,FALSE,22400,0318,1783022725,2026-07-02T20:05:32Z,2026-07-02T20:05:32Z,2026-07-02T20:05:23Z,2.2,https://gbfs.kappa.fifteen.eu/gbfs/2.2/mobi/en/gbfs.json,https://gbfs.kappa.fifteen.eu/gbfs/2.2/mobi/en/free_bike_status.json,2026-07-02T20:05:31Z,2026-07-02T20:05:31Z
mobi_vancouver,mobi_vancouver_e68c7df7-d8a5-4eaf-9891-d1dae4ddb9b5,e68c7df7-d8a5-4eaf-9891-d1dae4ddb9b5,49.27549,-123.12882,1,FALSE,FALSE,22400,0318,1783022725,2026-07-02T20:05:32Z,2026-07-02T20:05:32Z,2026-07-02T20:05:23Z,2.2,https://gbfs.kappa.fifteen.eu/gbfs/2.2/mobi/en/gbfs.json,https://gbfs.kappa.fifteen.eu/gbfs/2.2/mobi/en/free_bike_status.json,2026-07-02T20:05:31Z,2026-07-02T20:05:31Z
mobi_vancouver,mobi_vancouver_b5e55eca-587c-4534-aa39-702097cc971c,b5e55eca-587c-4534-aa39-702097cc971c,49.2506,-123.23238,1,FALSE,FALSE,22400,2255,1783022725,2026-07-02T20:05:32Z,2026-07-02T20:05:32Z,2026-07-02T20:05:23Z,2.2,https://gbfs.kappa.fifteen.eu/gbfs/2.2/mobi/en/gbfs.json,https://gbfs.kappa.fifteen.eu/gbfs/2.2/mobi/en/free_bike_status.json,2026-07-02T20:05:31Z,2026-07-02T20:05:31Z
mobi_vancouver,mobi_vancouver_888b00e5-1e20-4c73-8a4b-8491019ab954,888b00e5-1e20-4c73-8a4b-8491019ab954,49.28668,-123.04457,1,FALSE,FALSE,22400,0643,1783022725,2026-07-02T20:05:32Z,2026-07-02T20:05:32Z,2026-07-02T20:05:23Z,2.2,https://gbfs.kappa.fifteen.eu/gbfs/2.2/mobi/en/gbfs.json,https://gbfs.kappa.fifteen.eu/gbfs/2.2/mobi/en/free_bike_status.json,2026-07-02T20:05:31Z,2026-07-02T20:05:31Z
mobi_vancouver,mobi_vancouver_c4a8143c-df60-45e9-9385-4f4e2e53a807,c4a8143c-df60-45e9-9385-4f4e2e53a807,49.282055,-123.133045,1,FALSE,FALSE,22800,0187,1783022725,2026-07-02T20:05:32Z,2026-07-02T20:05:32Z,2026-07-02T20:05:23Z,2.2,https://gbfs.kappa.fifteen.eu/gbfs/2.2/mobi/en/gbfs.json,https://gbfs.kappa.fifteen.eu/gbfs/2.2/mobi/en/free_bike_status.json,2026-07-02T20:05:31Z,2026-07-02T20:05:31Z
mobi_vancouver,mobi_vancouver_bcc60c3c-c37d-4249-a890-55df998d0e46,bcc60c3c-c37d-4249-a890-55df998d0e46,49.282055,-123.133045,1,FALSE,FALSE,22800,0187,1783022725,2026-07-02T20:05:32Z,2026-07-02T20:05:32Z,2026-07-02T20:05:23Z,2.2,https://gbfs.kappa.fifteen.eu/gbfs/2.2/mobi/en/gbfs.json,https://gbfs.kappa.fifteen.eu/gbfs/2.2/mobi/en/free_bike_status.json,2026-07-02T20:05:31Z,2026-07-02T20:05:31Z
mobi_vancouver,mobi_vancouver_3807ad88-39e9-4262-8a89-fedff3d4b579,3807ad88-39e9-4262-8a89-fedff3d4b579,49.270877,-123.115103,1,FALSE,FALSE,22800,0009,1783022725,2026-07-02T20:05:32Z,2026-07-02T20:05:32Z,2026-07-02T20:05:23Z,2.2,https://gbfs.kappa.fifteen.eu/gbfs/2.2/mobi/en/gbfs.json,https://gbfs.kappa.fifteen.eu/gbfs/2.2/mobi/en/free_bike_status.json,2026-07-02T20:05:31Z,2026-07-02T20:05:31Z
mobi_vancouver,mobi_vancouver_d86372d6-c21c-4a7e-b272-15b6a8f151c4,d86372d6-c21c-4a7e-b272-15b6a8f151c4,49.270877,-123.115103,1,FALSE,FALSE,22800,0009,1783022725,2026-07-02T20:05:32Z,2026-07-02T20:05:32Z,2026-07-02T20:05:23Z,2.2,https://gbfs.kappa.fifteen.eu/gbfs/2.2/mobi/en/gbfs.json,https://gbfs.kappa.fifteen.eu/gbfs/2.2/mobi/en/free_bike_status.json,2026-07-02T20:05:31Z,2026-07-02T20:05:31Z
mobi_vancouver,mobi_vancouver_7decce03-ea2d-4a07-9b70-677e26ac884f,7decce03-ea2d-4a07-9b70-677e26ac884f,49.282409,-123.118541,1,FALSE,FALSE,22800,0015,1783022725,2026-07-02T20:05:32Z,2026-07-02T20:05:32Z,2026-07-02T20:05:23Z,2.2,https://gbfs.kappa.fifteen.eu/gbfs/2.2/mobi/en/gbfs.json,https://gbfs.kappa.fifteen.eu/gbfs/2.2/mobi/en/free_bike_status.json,2026-07-02T20:05:31Z,2026-07-02T20:05:31Z
mobi_vancouver,mobi_vancouver_de80ea2a-e1d8-404a-8853-282475262e4f,de80ea2a-e1d8-404a-8853-282475262e4f,49.26893,-123.11813,1,FALSE,FALSE,22800,0010,1783022725,2026-07-02T20:05:32Z,2026-07-02T20:05:32Z,2026-07-02T20:05:23Z,2.2,https://gbfs.kappa.fifteen.eu/gbfs/2.2/mobi/en/gbfs.json,https://gbfs.kappa.fifteen.eu/gbfs/2.2/mobi/en/free_bike_status.json,2026-07-02T20:05:31Z,2026-07-02T20:05:31Z
mobi_vancouver,mobi_vancouver_1db5547e-0e20-48e8-8283-3aaa1a71df38,1db5547e-0e20-48e8-8283-3aaa1a71df38,49.275679,-123.116963,1,FALSE,FALSE,22800,0027,1783022725,2026-07-02T20:05:32Z,2026-07-02T20:05:32Z,2026-07-02T20:05:23Z,2.2,https://gbfs.kappa.fifteen.eu/gbfs/2.2/mobi/en/gbfs.json,https://gbfs.kappa.fifteen.eu/gbfs/2.2/mobi/en/free_bike_status.json,2026-07-02T20:05:31Z,2026-07-02T20:05:31Z
mobi_vancouver,mobi_vancouver_9a0fd46d-e63b-4c71-937e-03239c09f827,9a0fd46d-e63b-4c71-937e-03239c09f827,49.273833,-123.114373,1,FALSE,FALSE,22800,0057,1783022725,2026-07-02T20:05:32Z,2026-07-02T20:05:32Z,2026-07-02T20:05:23Z,2.2,https://gbfs.kappa.fifteen.eu/gbfs/2.2/mobi/en/gbfs.json,https://gbfs.kappa.fifteen.eu/gbfs/2.2/mobi/en/free_bike_status.json,2026-07-02T20:05:31Z,2026-07-02T20:05:31Z
mobi_vancouver,mobi_vancouver_1e8520ee-51a0-4b7c-a678-061255ed2124,1e8520ee-51a0-4b7c-a678-061255ed2124,49.279821,-123.10802,1,FALSE,FALSE,22800,0053,1783022725,2026-07-02T20:05:32Z,2026-07-02T20:05:32Z,2026-07-02T20:05:23Z,2.2,https://gbfs.kappa.fifteen.eu/gbfs/2.2/mobi/en/gbfs.json,https://gbfs.kappa.fifteen.eu/gbfs/2.2/mobi/en/free_bike_status.json,2026-07-02T20:05:31Z,2026-07-02T20:05:31Z
mobi_vancouver,mobi_vancouver_772a0f7d-34ec-4182-9431-b1fde36e4142,772a0f7d-34ec-4182-9431-b1fde36e4142,49.280216,-123.117639,1,FALSE,FALSE,22800,0129,1783022725,2026-07-02T20:05:32Z,2026-07-02T20:05:32Z,2026-07-02T20:05:23Z,2.2,https://gbfs.kappa.fifteen.eu/gbfs/2.2/mobi/en/gbfs.json,https://gbfs.kappa.fifteen.eu/gbfs/2.2/mobi/en/free_bike_status.json,2026-07-02T20:05:31Z,2026-07-02T20:05:31Z
mobi_vancouver,mobi_vancouver_86af73c9-25c3-4a50-8430-0d5561ac1d33,86af73c9-25c3-4a50-8430-0d5561ac1d33,49.276436,-123.11877,1,FALSE,FALSE,22800,0078,1783022725,2026-07-02T20:05:32Z,2026-07-02T20:05:32Z,2026-07-02T20:05:23Z,2.2,https://gbfs.kappa.fifteen.eu/gbfs/2.2/mobi/en/gbfs.json,https://gbfs.kappa.fifteen.eu/gbfs/2.2/mobi/en/free_bike_status.json,2026-07-02T20:05:31Z,2026-07-02T20:05:31Z
mobi_vancouver,mobi_vancouver_34244e11-4d3a-4074-ab81-c51bfc1b27e4,34244e11-4d3a-4074-ab81-c51bfc1b27e4,49.276436,-123.11877,1,FALSE,FALSE,22800,0078,1783022725,2026-07-02T20:05:32Z,2026-07-02T20:05:32Z,2026-07-02T20:05:23Z,2.2,https://gbfs.kappa.fifteen.eu/gbfs/2.2/mobi/en/gbfs.json,https://gbfs.kappa.fifteen.eu/gbfs/2.2/mobi/en/free_bike_status.json,2026-07-02T20:05:31Z,2026-07-02T20:05:31Z
mobi_vancouver,mobi_vancouver_1a8272df-65fe-4713-80a4-9c5ad8172cab,1a8272df-65fe-4713-80a4-9c5ad8172cab,49.266724,-123.104824,1,FALSE,FALSE,22800,0073,1783022725,2026-07-02T20:05:32Z,2026-07-02T20:05:32Z,2026-07-02T20:05:23Z,2.2,https://gbfs.kappa.fifteen.eu/gbfs/2.2/mobi/en/gbfs.json,https://gbfs.kappa.fifteen.eu/gbfs/2.2/mobi/en/free_bike_status.json,2026-07-02T20:05:31Z,2026-07-02T20:05:31Z
mobi_vancouver,mobi_vancouver_395c3ae4-da73-41ad-a768-d78ecfcb8ec5,395c3ae4-da73-41ad-a768-d78ecfcb8ec5,49.287097,-123.118551,1,FALSE,FALSE,22800,0016,1783022725,2026-07-02T20:05:32Z,2026-07-02T20:05:32Z,2026-07-02T20:05:23Z,2.2,https://gbfs.kappa.fifteen.eu/gbfs/2.2/mobi/en/gbfs.json,https://gbfs.kappa.fifteen.eu/gbfs/2.2/mobi/en/free_bike_status.json,2026-07-02T20:05:31Z,2026-07-02T20:05:31Z
mobi_vancouver,mobi_vancouver_c6c18dec-26a3-410c-a095-f73c3ed2f669,c6c18dec-26a3-410c-a095-f73c3ed2f669,49.287097,-123.118551,1,FALSE,FALSE,22800,0016,1783022725,2026-07-02T20:05:32Z,2026-07-02T20:05:32Z,2026-07-02T20:05:23Z,2.2,https://gbfs.kappa.fifteen.eu/gbfs/2.2/mobi/en/gbfs.json,https://gbfs.kappa.fifteen.eu/gbfs/2.2/mobi/en/free_bike_status.json,2026-07-02T20:05:31Z,2026-07-02T20:05:31Z
mobi_vancouver,mobi_vancouver_cb495391-e81e-44a0-848f-0e902e584d36,cb495391-e81e-44a0-848f-0e902e584d36,49.273568,-123.129935,1,FALSE,FALSE,22800,0137,1783022725,2026-07-02T20:05:32Z,2026-07-02T20:05:32Z,2026-07-02T20:05:23Z,2.2,https://gbfs.kappa.fifteen.eu/gbfs/2.2/mobi/en/gbfs.json,https://gbfs.kappa.fifteen.eu/gbfs/2.2/mobi/en/free_bike_status.json,2026-07-02T20:05:31Z,2026-07-02T20:05:31Z
mobi_vancouver,mobi_vancouver_4e956002-33b1-49cc-a7a7-dba7c2a7c6cd,4e956002-33b1-49cc-a7a7-dba7c2a7c6cd,49.273568,-123.129935,1,FALSE,FALSE,22800,0137,1783022725,2026-07-02T20:05:32Z,2026-07-02T20:05:32Z,2026-07-02T20:05:23Z,2.2,https://gbfs.kappa.fifteen.eu/gbfs/2.2/mobi/en/gbfs.json,https://gbfs.kappa.fifteen.eu/gbfs/2.2/mobi/en/free_bike_status.json,2026-07-02T20:05:31Z,2026-07-02T20:05:31Z
mobi_vancouver,mobi_vancouver_b640c92f-d1c4-4e23-ba3e-dda8ec17c25f,b640c92f-d1c4-4e23-ba3e-dda8ec17c25f,49.284605,-123.108662,1,FALSE,FALSE,22800,0052,1783022725,2026-07-02T20:05:32Z,2026-07-02T20:05:32Z,2026-07-02T20:05:23Z,2.2,https://gbfs.kappa.fifteen.eu/gbfs/2.2/mobi/en/gbfs.json,https://gbfs.kappa.fifteen.eu/gbfs/2.2/mobi/en/free_bike_status.json,2026-07-02T20:05:31Z,2026-07-02T20:05:31Z
mobi_vancouver,mobi_vancouver_b53970d5-2ef5-4178-97a7-69c30a380382,b53970d5-2ef5-4178-97a7-69c30a380382,49.273471,-123.118016,1,FALSE,FALSE,22800,0017,1783022725,2026-07-02T20:05:32Z,2026-07-02T20:05:32Z,2026-07-02T20:05:23Z,2.2,https://gbfs.kappa.fifteen.eu/gbfs/2.2/mobi/en/gbfs.json,https://gbfs.kappa.fifteen.eu/gbfs/2.2/mobi/en/free_bike_status.json,2026-07-02T20:05:31Z,2026-07-02T20:05:31Z
mobi_vancouver,mobi_vancouver_7cc1e243-f657-4360-a694-a53b8b10d133,7cc1e243-f657-4360-a694-a53b8b10d133,49.273471,-123.118016,1,FALSE,FALSE,22800,0017,1783022725,2026-07-02T20:05:32Z,2026-07-02T20:05:32Z,2026-07-02T20:05:23Z,2.2,https://gbfs.kappa.fifteen.eu/gbfs/2.2/mobi/en/gbfs.json,https://gbfs.kappa.fifteen.eu/gbfs/2.2/mobi/en/free_bike_status.json,2026-07-02T20:05:31Z,2026-07-02T20:05:31Z
mobi_vancouver,mobi_vancouver_059acf33-d6d4-4f37-bfc3-0526a76066f6,059acf33-d6d4-4f37-bfc3-0526a76066f6,49.27023,-123.10651,1,FALSE,FALSE,22800,0174,1783022725,2026-07-02T20:05:32Z,2026-07-02T20:05:32Z,2026-07-02T20:05:23Z,2.2,https://gbfs.kappa.fifteen.eu/gbfs/2.2/mobi/en/gbfs.json,https://gbfs.kappa.fifteen.eu/gbfs/2.2/mobi/en/free_bike_status.json,2026-07-02T20:05:31Z,2026-07-02T20:05:31Z
mobi_vancouver,mobi_vancouver_c4848ae3-c524-4974-a2bb-00cfb693d981,c4848ae3-c524-4974-a2bb-00cfb693d981,49.277141,-123.122589,1,FALSE,FALSE,22800,0138,1783022725,2026-07-02T20:05:32Z,2026-07-02T20:05:32Z,2026-07-02T20:05:23Z,2.2,https://gbfs.kappa.fifteen.eu/gbfs/2.2/mobi/en/gbfs.json,https://gbfs.kappa.fifteen.eu/gbfs/2.2/mobi/en/free_bike_status.json,2026-07-02T20:05:31Z,2026-07-02T20:05:31Z
mobi_vancouver,mobi_vancouver_a1977e2f-6a62-4747-b520-a8fb61e588a1,a1977e2f-6a62-4747-b520-a8fb61e588a1,49.27821,-123.136972,1,FALSE,FALSE,22800,0083,1783022725,2026-07-02T20:05:32Z,2026-07-02T20:05:32Z,2026-07-02T20:05:23Z,2.2,https://gbfs.kappa.fifteen.eu/gbfs/2.2/mobi/en/gbfs.json,https://gbfs.kappa.fifteen.eu/gbfs/2.2/mobi/en/free_bike_status.json,2026-07-02T20:05:31Z,2026-07-02T20:05:31Z
mobi_vancouver,mobi_vancouver_df9aecc6-b2d3-4578-a601-5a01a1a8548a,df9aecc6-b2d3-4578-a601-5a01a1a8548a,49.265939,-123.1129,1,FALSE,FALSE,22800,0171,1783022725,2026-07-02T20:05:32Z,2026-07-02T20:05:32Z,2026-07-02T20:05:23Z,2.2,https://gbfs.kappa.fifteen.eu/gbfs/2.2/mobi/en/gbfs.json,https://gbfs.kappa.fifteen.eu/gbfs/2.2/mobi/en/free_bike_status.json,2026-07-02T20:05:31Z,2026-07-02T20:05:31Z
mobi_vancouver,mobi_vancouver_91cd0351-3709-47c4-9b72-318d95a8a324,91cd0351-3709-47c4-9b72-318d95a8a324,49.276292,-123.150592,1,FALSE,FALSE,22800,0155,1783022725,2026-07-02T20:05:32Z,2026-07-02T20:05:32Z,2026-07-02T20:05:23Z,2.2,https://gbfs.kappa.fifteen.eu/gbfs/2.2/mobi/en/gbfs.json,https://gbfs.kappa.fifteen.eu/gbfs/2.2/mobi/en/free_bike_status.json,2026-07-02T20:05:31Z,2026-07-02T20:05:31Z
mobi_vancouver,mobi_vancouver_357571e3-9268-4bd5-ab11-64a5e9f15dfc,357571e3-9268-4bd5-ab11-64a5e9f15dfc,49.276292,-123.150592,1,FALSE,FALSE,22800,0155,1783022725,2026-07-02T20:05:32Z,2026-07-02T20:05:32Z,2026-07-02T20:05:23Z,2.2,https://gbfs.kappa.fifteen.eu/gbfs/2.2/mobi/en/gbfs.json,https://gbfs.kappa.fifteen.eu/gbfs/2.2/mobi/en/free_bike_status.json,2026-07-02T20:05:31Z,2026-07-02T20:05:31Z
mobi_vancouver,mobi_vancouver_0ecd211d-b5eb-44aa-ad9f-4e3cc159617b,0ecd211d-b5eb-44aa-ad9f-4e3cc159617b,49.276292,-123.150592,1,FALSE,FALSE,22800,0155,1783022725,2026-07-02T20:05:32Z,2026-07-02T20:05:32Z,2026-07-02T20:05:23Z,2.2,https://gbfs.kappa.fifteen.eu/gbfs/2.2/mobi/en/gbfs.json,https://gbfs.kappa.fifteen.eu/gbfs/2.2/mobi/en/free_bike_status.json,2026-07-02T20:05:31Z,2026-07-02T20:05:31Z
mobi_vancouver,mobi_vancouver_891716be-2fad-4593-aa8c-7fb00f694936,891716be-2fad-4593-aa8c-7fb00f694936,49.268339,-123.157443,1,FALSE,FALSE,22800,0159,1783022725,2026-07-02T20:05:32Z,2026-07-02T20:05:32Z,2026-07-02T20:05:23Z,2.2,https://gbfs.kappa.fifteen.eu/gbfs/2.2/mobi/en/gbfs.json,https://gbfs.kappa.fifteen.eu/gbfs/2.2/mobi/en/free_bike_status.json,2026-07-02T20:05:31Z,2026-07-02T20:05:31Z
mobi_vancouver,mobi_vancouver_107932f6-1380-4855-b836-2d1268db9a11,107932f6-1380-4855-b836-2d1268db9a11,49.282758,-123.122092,1,FALSE,FALSE,22800,0019,1783022725,2026-07-02T20:05:32Z,2026-07-02T20:05:32Z,2026-07-02T20:05:23Z,2.2,https://gbfs.kappa.fifteen.eu/gbfs/2.2/mobi/en/gbfs.json,https://gbfs.kappa.fifteen.eu/gbfs/2.2/mobi/en/free_bike_status.json,2026-07-02T20:05:31Z,2026-07-02T20:05:31Z
mobi_vancouver,mobi_vancouver_5c73d260-0e0a-4713-b6ad-03c304b57e40,5c73d260-0e0a-4713-b6ad-03c304b57e40,49.282758,-123.122092,1,FALSE,FALSE,22800,0019,1783022725,2026-07-02T20:05:32Z,2026-07-02T20:05:32Z,2026-07-02T20:05:23Z,2.2,https://gbfs.kappa.fifteen.eu/gbfs/2.2/mobi/en/gbfs.json,https://gbfs.kappa.fifteen.eu/gbfs/2.2/mobi/en/free_bike_status.json,2026-07-02T20:05:31Z,2026-07-02T20:05:31Z
mobi_vancouver,mobi_vancouver_1d189f8d-48d1-4048-bf36-0923a686e61b,1d189f8d-48d1-4048-bf36-0923a686e61b,49.274566,-123.121817,1,FALSE,FALSE,22800,0004,1783022725,2026-07-02T20:05:32Z,2026-07-02T20:05:32Z,2026-07-02T20:05:23Z,2.2,https://gbfs.kappa.fifteen.eu/gbfs/2.2/mobi/en/gbfs.json,https://gbfs.kappa.fifteen.eu/gbfs/2.2/mobi/en/free_bike_status.json,2026-07-02T20:05:31Z,2026-07-02T20:05:31Z
mobi_vancouver,mobi_vancouver_3fab4a00-739f-4b9e-b864-d25c19860b33,3fab4a00-739f-4b9e-b864-d25c19860b33,49.262206,-123.109091,1,FALSE,FALSE,22800,0172,1783022725,2026-07-02T20:05:32Z,2026-07-02T20:05:32Z,2026-07-02T20:05:23Z,2.2,https://gbfs.kappa.fifteen.eu/gbfs/2.2/mobi/en/gbfs.json,https://gbfs.kappa.fifteen.eu/gbfs/2.2/mobi/en/free_bike_status.json,2026-07-02T20:05:31Z,2026-07-02T20:05:31Z
mobi_vancouver,mobi_vancouver_b9f61aa1-012a-4ac4-b772-32301325c4f8,b9f61aa1-012a-4ac4-b772-32301325c4f8,49.262822,-123.14338,1,FALSE,FALSE,22800,0205,1783022725,2026-07-02T20:05:32Z,2026-07-02T20:05:32Z,2026-07-02T20:05:23Z,2.2,https://gbfs.kappa.fifteen.eu/gbfs/2.2/mobi/en/gbfs.json,https://gbfs.kappa.fifteen.eu/gbfs/2.2/mobi/en/free_bike_status.json,2026-07-02T20:05:31Z,2026-07-02T20:05:31Z
mobi_vancouver,mobi_vancouver_91dd62d2-2aa9-4634-9eda-e3b1ded0d997,91dd62d2-2aa9-4634-9eda-e3b1ded0d997,49.281301,-123.139108,1,FALSE,FALSE,22800,0084,1783022725,2026-07-02T20:05:32Z,2026-07-02T20:05:32Z,2026-07-02T20:05:23Z,2.2,https://gbfs.kappa.fifteen.eu/gbfs/2.2/mobi/en/gbfs.json,https://gbfs.kappa.fifteen.eu/gbfs/2.2/mobi/en/free_bike_status.json,2026-07-02T20:05:31Z,2026-07-02T20:05:31Z
mobi_vancouver,mobi_vancouver_ae30ae21-1c8b-4a90-bc5d-44c58fcf2f0d,ae30ae21-1c8b-4a90-bc5d-44c58fcf2f0d,49.294318,-123.148808,1,FALSE,FALSE,22800,0104,1783022725,2026-07-02T20:05:32Z,2026-07-02T20:05:32Z,2026-07-02T20:05:23Z,2.2,https://gbfs.kappa.fifteen.eu/gbfs/2.2/mobi/en/gbfs.json,https://gbfs.kappa.fifteen.eu/gbfs/2.2/mobi/en/free_bike_status.json,2026-07-02T20:05:31Z,2026-07-02T20:05:31Z
mobi_vancouver,mobi_vancouver_b8d6e88d-4841-4f9f-a919-f961d7744090,b8d6e88d-4841-4f9f-a919-f961d7744090,49.266774,-123.141135,1,FALSE,FALSE,22800,0153,1783022725,2026-07-02T20:05:32Z,2026-07-02T20:05:32Z,2026-07-02T20:05:23Z,2.2,https://gbfs.kappa.fifteen.eu/gbfs/2.2/mobi/en/gbfs.json,https://gbfs.kappa.fifteen.eu/gbfs/2.2/mobi/en/free_bike_status.json,2026-07-02T20:05:31Z,2026-07-02T20:05:31Z
mobi_vancouver,mobi_vancouver_4bdd7f30-377d-4fe5-b6cc-a17e871faf61,4bdd7f30-377d-4fe5-b6cc-a17e871faf61,49.278529,-123.100017,1,FALSE,FALSE,22800,0199,1783022725,2026-07-02T20:05:32Z,2026-07-02T20:05:32Z,2026-07-02T20:05:23Z,2.2,https://gbfs.kappa.fifteen.eu/gbfs/2.2/mobi/en/gbfs.json,https://gbfs.kappa.fifteen.eu/gbfs/2.2/mobi/en/free_bike_status.json,2026-07-02T20:05:31Z,2026-07-02T20:05:31Z
mobi_vancouver,mobi_vancouver_f9795126-518e-4662-bce7-e2da12e24b92,f9795126-518e-4662-bce7-e2da12e24b92,49.278529,-123.100017,1,FALSE,FALSE,22800,0199,1783022725,2026-07-02T20:05:32Z,2026-07-02T20:05:32Z,2026-07-02T20:05:23Z,2.2,https://gbfs.kappa.fifteen.eu/gbfs/2.2/mobi/en/gbfs.json,https://gbfs.kappa.fifteen.eu/gbfs/2.2/mobi/en/free_bike_status.json,2026-07-02T20:05:31Z,2026-07-02T20:05:31Z
mobi_vancouver,mobi_vancouver_17d24c22-9f58-4ba2-90c0-91459e90facd,17d24c22-9f58-4ba2-90c0-91459e90facd,49.267859,-123.145782,1,FALSE,FALSE,22800,0139,1783022725,2026-07-02T20:05:32Z,2026-07-02T20:05:32Z,2026-07-02T20:05:23Z,2.2,https://gbfs.kappa.fifteen.eu/gbfs/2.2/mobi/en/gbfs.json,https://gbfs.kappa.fifteen.eu/gbfs/2.2/mobi/en/free_bike_status.json,2026-07-02T20:05:31Z,2026-07-02T20:05:31Z
mobi_vancouver,mobi_vancouver_f54fbef7-154a-4437-8ea1-2eef257f4ad9,f54fbef7-154a-4437-8ea1-2eef257f4ad9,49.267859,-123.145782,1,FALSE,FALSE,22800,0139,1783022725,2026-07-02T20:05:32Z,2026-07-02T20:05:32Z,2026-07-02T20:05:23Z,2.2,https://gbfs.kappa.fifteen.eu/gbfs/2.2/mobi/en/gbfs.json,https://gbfs.kappa.fifteen.eu/gbfs/2.2/mobi/en/free_bike_status.json,2026-07-02T20:05:31Z,2026-07-02T20:05:31Z
mobi_vancouver,mobi_vancouver_e8cb293b-255d-4907-a975-3aae174d7ab5,e8cb293b-255d-4907-a975-3aae174d7ab5,49.267628,-123.127698,1,FALSE,FALSE,22800,0143,1783022725,2026-07-02T20:05:32Z,2026-07-02T20:05:32Z,2026-07-02T20:05:23Z,2.2,https://gbfs.kappa.fifteen.eu/gbfs/2.2/mobi/en/gbfs.json,https://gbfs.kappa.fifteen.eu/gbfs/2.2/mobi/en/free_bike_status.json,2026-07-02T20:05:31Z,2026-07-02T20:05:31Z
mobi_vancouver,mobi_vancouver_56a92691-a6d6-4b41-bb2a-3cb23a80916b,56a92691-a6d6-4b41-bb2a-3cb23a80916b,49.263242,-123.070521,1,FALSE,FALSE,22800,0242,1783022725,2026-07-02T20:05:32Z,2026-07-02T20:05:32Z,2026-07-02T20:05:23Z,2.2,https://gbfs.kappa.fifteen.eu/gbfs/2.2/mobi/en/gbfs.json,https://gbfs.kappa.fifteen.eu/gbfs/2.2/mobi/en/free_bike_status.json,2026-07-02T20:05:31Z,2026-07-02T20:05:31Z
mobi_vancouver,mobi_vancouver_f32e5d99-62a0-45a6-a4b3-f7e2299c9960,f32e5d99-62a0-45a6-a4b3-f7e2299c9960,49.263242,-123.070521,1,FALSE,FALSE,22800,0242,1783022725,2026-07-02T20:05:32Z,2026-07-02T20:05:32Z,2026-07-02T20:05:23Z,2.2,https://gbfs.kappa.fifteen.eu/gbfs/2.2/mobi/en/gbfs.json,https://gbfs.kappa.fifteen.eu/gbfs/2.2/mobi/en/free_bike_status.json,2026-07-02T20:05:31Z,2026-07-02T20:05:31Z
mobi_vancouver,mobi_vancouver_ff85fae9-3379-423b-b281-54a037bf4c78,ff85fae9-3379-423b-b281-54a037bf4c78,49.268616,-123.069908,1,FALSE,FALSE,22800,0240,1783022725,2026-07-02T20:05:32Z,2026-07-02T20:05:32Z,2026-07-02T20:05:23Z,2.2,https://gbfs.kappa.fifteen.eu/gbfs/2.2/mobi/en/gbfs.json,https://gbfs.kappa.fifteen.eu/gbfs/2.2/mobi/en/free_bike_status.json,2026-07-02T20:05:31Z,2026-07-02T20:05:31Z
mobi_vancouver,mobi_vancouver_a921eddd-7e89-4262-b31e-20251e6a2105,a921eddd-7e89-4262-b31e-20251e6a2105,49.268616,-123.069908,1,FALSE,FALSE,22800,0240,1783022725,2026-07-02T20:05:32Z,2026-07-02T20:05:32Z,2026-07-02T20:05:23Z,2.2,https://gbfs.kappa.fifteen.eu/gbfs/2.2/mobi/en/gbfs.json,https://gbfs.kappa.fifteen.eu/gbfs/2.2/mobi/en/free_bike_status.json,2026-07-02T20:05:31Z,2026-07-02T20:05:31Z
mobi_vancouver,mobi_vancouver_6ab9cce9-a816-4652-8ab8-e3e9ef199b1d,6ab9cce9-a816-4652-8ab8-e3e9ef199b1d,49.273103,-123.069892,1,FALSE,FALSE,22800,0235,1783022725,2026-07-02T20:05:32Z,2026-07-02T20:05:32Z,2026-07-02T20:05:23Z,2.2,https://gbfs.kappa.fifteen.eu/gbfs/2.2/mobi/en/gbfs.json,https://gbfs.kappa.fifteen.eu/gbfs/2.2/mobi/en/free_bike_status.json,2026-07-02T20:05:31Z,2026-07-02T20:05:31Z
mobi_vancouver,mobi_vancouver_aee0e979-c6ce-4ca9-9def-2d6275338dd2,aee0e979-c6ce-4ca9-9def-2d6275338dd2,49.273103,-123.069892,1,FALSE,FALSE,22800,0235,1783022725,2026-07-02T20:05:32Z,2026-07-02T20:05:32Z,2026-07-02T20:05:23Z,2.2,https://gbfs.kappa.fifteen.eu/gbfs/2.2/mobi/en/gbfs.json,https://gbfs.kappa.fifteen.eu/gbfs/2.2/mobi/en/free_bike_status.json,2026-07-02T20:05:31Z,2026-07-02T20:05:31Z
mobi_vancouver,mobi_vancouver_8ed926ea-ba29-478e-b17f-11017f7f0c50,8ed926ea-ba29-478e-b17f-11017f7f0c50,49.277665,-123.073653,1,FALSE,FALSE,22800,0222,1783022725,2026-07-02T20:05:32Z,2026-07-02T20:05:32Z,2026-07-02T20:05:23Z,2.2,https://gbfs.kappa.fifteen.eu/gbfs/2.2/mobi/en/gbfs.json,https://gbfs.kappa.fifteen.eu/gbfs/2.2/mobi/en/free_bike_status.json,2026-07-02T20:05:31Z,2026-07-02T20:05:31Z
mobi_vancouver,mobi_vancouver_1dc5246c-b225-46fa-b3bb-6183c158236e,1dc5246c-b225-46fa-b3bb-6183c158236e,49.277665,-123.073653,1,FALSE,FALSE,22800,0222,1783022725,2026-07-02T20:05:32Z,2026-07-02T20:05:32Z,2026-07-02T20:05:23Z,2.2,https://gbfs.kappa.fifteen.eu/gbfs/2.2/mobi/en/gbfs.json,https://gbfs.kappa.fifteen.eu/gbfs/2.2/mobi/en/free_bike_status.json,2026-07-02T20:05:31Z,2026-07-02T20:05:31Z
mobi_vancouver,mobi_vancouver_69b7a559-fb90-4954-b56e-465ec59418f0,69b7a559-fb90-4954-b56e-465ec59418f0,49.284062,-123.095097,1,FALSE,FALSE,22800,0161,1783022725,2026-07-02T20:05:32Z,2026-07-02T20:05:32Z,2026-07-02T20:05:23Z,2.2,https://gbfs.kappa.fifteen.eu/gbfs/2.2/mobi/en/gbfs.json,https://gbfs.kappa.fifteen.eu/gbfs/2.2/mobi/en/free_bike_status.json,2026-07-02T20:05:31Z,2026-07-02T20:05:31Z
mobi_vancouver,mobi_vancouver_455f7409-c8a9-416a-8088-fdfcbce0c195,455f7409-c8a9-416a-8088-fdfcbce0c195,49.279369,-123.091241,1,FALSE,FALSE,22800,0229,1783022725,2026-07-02T20:05:32Z,2026-07-02T20:05:32Z,2026-07-02T20:05:23Z,2.2,https://gbfs.kappa.fifteen.eu/gbfs/2.2/mobi/en/gbfs.json,https://gbfs.kappa.fifteen.eu/gbfs/2.2/mobi/en/free_bike_status.json,2026-07-02T20:05:31Z,2026-07-02T20:05:31Z
mobi_vancouver,mobi_vancouver_ecef254a-2c19-4983-80da-ca50c41d913d,ecef254a-2c19-4983-80da-ca50c41d913d,49.264251,-123.073853,1,FALSE,FALSE,22800,0249,1783022725,2026-07-02T20:05:32Z,2026-07-02T20:05:32Z,2026-07-02T20:05:23Z,2.2,https://gbfs.kappa.fifteen.eu/gbfs/2.2/mobi/en/gbfs.json,https://gbfs.kappa.fifteen.eu/gbfs/2.2/mobi/en/free_bike_status.json,2026-07-02T20:05:31Z,2026-07-02T20:05:31Z
mobi_vancouver,mobi_vancouver_3fcb62b0-b066-4af3-b46c-371bd8c40408,3fcb62b0-b066-4af3-b46c-371bd8c40408,49.254667,-123.101389,1,FALSE,FALSE,22800,0255,1783022725,2026-07-02T20:05:32Z,2026-07-02T20:05:32Z,2026-07-02T20:05:23Z,2.2,https://gbfs.kappa.fifteen.eu/gbfs/2.2/mobi/en/gbfs.json,https://gbfs.kappa.fifteen.eu/gbfs/2.2/mobi/en/free_bike_status.json,2026-07-02T20:05:31Z,2026-07-02T20:05:31Z
mobi_vancouver,mobi_vancouver_c42ad2bc-f4b0-4ede-a178-8a8fe6a18974,c42ad2bc-f4b0-4ede-a178-8a8fe6a18974,49.280881,-123.130672,1,FALSE,FALSE,22800,0126,1783022725,2026-07-02T20:05:32Z,2026-07-02T20:05:32Z,2026-07-02T20:05:23Z,2.2,https://gbfs.kappa.fifteen.eu/gbfs/2.2/mobi/en/gbfs.json,https://gbfs.kappa.fifteen.eu/gbfs/2.2/mobi/en/free_bike_status.json,2026-07-02T20:05:31Z,2026-07-02T20:05:31Z
mobi_vancouver,mobi_vancouver_29fd78e3-9ffa-48cd-8f4d-a047fd5a62b8,29fd78e3-9ffa-48cd-8f4d-a047fd5a62b8,49.270684,-123.073562,1,FALSE,FALSE,22800,0252,1783022725,2026-07-02T20:05:32Z,2026-07-02T20:05:32Z,2026-07-02T20:05:23Z,2.2,https://gbfs.kappa.fifteen.eu/gbfs/2.2/mobi/en/gbfs.json,https://gbfs.kappa.fifteen.eu/gbfs/2.2/mobi/en/free_bike_status.json,2026-07-02T20:05:31Z,2026-07-02T20:05:31Z
mobi_vancouver,mobi_vancouver_cb3c1c53-d6d7-424f-8394-7b6930fdf313,cb3c1c53-d6d7-424f-8394-7b6930fdf313,49.283236,-123.070443,1,FALSE,FALSE,22800,0285,1783022725,2026-07-02T20:05:32Z,2026-07-02T20:05:32Z,2026-07-02T20:05:23Z,2.2,https://gbfs.kappa.fifteen.eu/gbfs/2.2/mobi/en/gbfs.json,https://gbfs.kappa.fifteen.eu/gbfs/2.2/mobi/en/free_bike_status.json,2026-07-02T20:05:31Z,2026-07-02T20:05:31Z
mobi_vancouver,mobi_vancouver_f06ce652-cef1-4596-89f0-3b7dd6bc14bb,f06ce652-cef1-4596-89f0-3b7dd6bc14bb,49.280427,-123.074082,1,FALSE,FALSE,22800,0225,1783022725,2026-07-02T20:05:32Z,2026-07-02T20:05:32Z,2026-07-02T20:05:23Z,2.2,https://gbfs.kappa.fifteen.eu/gbfs/2.2/mobi/en/gbfs.json,https://gbfs.kappa.fifteen.eu/gbfs/2.2/mobi/en/free_bike_status.json,2026-07-02T20:05:31Z,2026-07-02T20:05:31Z
mobi_vancouver,mobi_vancouver_1394bb69-345a-4a69-b1b1-aea61b927577,1394bb69-345a-4a69-b1b1-aea61b927577,49.27033,-123.10275,1,FALSE,FALSE,22800,0177,1783022725,2026-07-02T20:05:32Z,2026-07-02T20:05:32Z,2026-07-02T20:05:23Z,2.2,https://gbfs.kappa.fifteen.eu/gbfs/2.2/mobi/en/gbfs.json,https://gbfs.kappa.fifteen.eu/gbfs/2.2/mobi/en/free_bike_status.json,2026-07-02T20:05:31Z,2026-07-02T20:05:31Z
mobi_vancouver,mobi_vancouver_1f26c95e-e3cf-4736-a31f-1a851b095443,1f26c95e-e3cf-4736-a31f-1a851b095443,49.27033,-123.10275,1,FALSE,FALSE,22800,0177,1783022725,2026-07-02T20:05:32Z,2026-07-02T20:05:32Z,2026-07-02T20:05:23Z,2.2,https://gbfs.kappa.fifteen.eu/gbfs/2.2/mobi/en/gbfs.json,https://gbfs.kappa.fifteen.eu/gbfs/2.2/mobi/en/free_bike_status.json,2026-07-02T20:05:31Z,2026-07-02T20:05:31Z
mobi_vancouver,mobi_vancouver_b0c9795d-11e2-4d72-83ed-adde56e73c26,b0c9795d-11e2-4d72-83ed-adde56e73c26,49.302577,-123.155616,1,FALSE,FALSE,22800,0103,1783022725,2026-07-02T20:05:32Z,2026-07-02T20:05:32Z,2026-07-02T20:05:23Z,2.2,https://gbfs.kappa.fifteen.eu/gbfs/2.2/mobi/en/gbfs.json,https://gbfs.kappa.fifteen.eu/gbfs/2.2/mobi/en/free_bike_status.json,2026-07-02T20:05:31Z,2026-07-02T20:05:31Z
mobi_vancouver,mobi_vancouver_b1866eda-bda8-4b16-b110-c4ecf67c9a6a,b1866eda-bda8-4b16-b110-c4ecf67c9a6a,49.302577,-123.155616,2,FALSE,FALSE,22800,0103,1783022725,2026-07-02T20:05:32Z,2026-07-02T20:05:32Z,2026-07-02T20:05:23Z,2.2,https://gbfs.kappa.fifteen.eu/gbfs/2.2/mobi/en/gbfs.json,https://gbfs.kappa.fifteen.eu/gbfs/2.2/mobi/en/free_bike_status.json,2026-07-02T20:05:31Z,2026-07-02T20:05:31Z
mobi_vancouver,mobi_vancouver_602ad582-d54e-4683-b2de-b26de81fd637,602ad582-d54e-4683-b2de-b26de81fd637,49.277333,-123.087359,1,FALSE,FALSE,22800,0219,1783022725,2026-07-02T20:05:32Z,2026-07-02T20:05:32Z,2026-07-02T20:05:23Z,2.2,https://gbfs.kappa.fifteen.eu/gbfs/2.2/mobi/en/gbfs.json,https://gbfs.kappa.fifteen.eu/gbfs/2.2/mobi/en/free_bike_status.json,2026-07-02T20:05:31Z,2026-07-02T20:05:31Z
mobi_vancouver,mobi_vancouver_53c1a707-6ff1-438a-a9ff-adbf30e2388f,53c1a707-6ff1-438a-a9ff-adbf30e2388f,49.27551,-123.13307,1,FALSE,FALSE,22800,0045,1783022725,2026-07-02T20:05:32Z,2026-07-02T20:05:32Z,2026-07-02T20:05:23Z,2.2,https://gbfs.kappa.fifteen.eu/gbfs/2.2/mobi/en/gbfs.json,https://gbfs.kappa.fifteen.eu/gbfs/2.2/mobi/en/free_bike_status.json,2026-07-02T20:05:31Z,2026-07-02T20:05:31Z
mobi_vancouver,mobi_vancouver_021a2cdd-bf05-4c02-8b44-3ee81916a655,021a2cdd-bf05-4c02-8b44-3ee81916a655,49.27551,-123.13307,1,FALSE,FALSE,22800,0045,1783022725,2026-07-02T20:05:32Z,2026-07-02T20:05:32Z,2026-07-02T20:05:23Z,2.2,https://gbfs.kappa.fifteen.eu/gbfs/2.2/mobi/en/gbfs.json,https://gbfs.kappa.fifteen.eu/gbfs/2.2/mobi/en/free_bike_status.json,2026-07-02T20:05:31Z,2026-07-02T20:05:31Z
mobi_vancouver,mobi_vancouver_2f1281ce-361b-411a-99e1-cddfdb8ce2e2,2f1281ce-361b-411a-99e1-cddfdb8ce2e2,49.277615,-123.091654,1,FALSE,FALSE,22800,0215,1783022725,2026-07-02T20:05:32Z,2026-07-02T20:05:32Z,2026-07-02T20:05:23Z,2.2,https://gbfs.kappa.fifteen.eu/gbfs/2.2/mobi/en/gbfs.json,https://gbfs.kappa.fifteen.eu/gbfs/2.2/mobi/en/free_bike_status.json,2026-07-02T20:05:31Z,2026-07-02T20:05:31Z
mobi_vancouver,mobi_vancouver_f6312094-60f8-4c41-993f-7c0986c843fb,f6312094-60f8-4c41-993f-7c0986c843fb,49.282503,-123.124697,1,FALSE,FALSE,22800,0217,1783022725,2026-07-02T20:05:32Z,2026-07-02T20:05:32Z,2026-07-02T20:05:23Z,2.2,https://gbfs.kappa.fifteen.eu/gbfs/2.2/mobi/en/gbfs.json,https://gbfs.kappa.fifteen.eu/gbfs/2.2/mobi/en/free_bike_status.json,2026-07-02T20:05:31Z,2026-07-02T20:05:31Z
mobi_vancouver,mobi_vancouver_786ccac6-e496-498c-9f8f-5827074c54ce,786ccac6-e496-498c-9f8f-5827074c54ce,49.284893,-123.128685,1,FALSE,FALSE,22800,0300,1783022725,2026-07-02T20:05:32Z,2026-07-02T20:05:32Z,2026-07-02T20:05:23Z,2.2,https://gbfs.kappa.fifteen.eu/gbfs/2.2/mobi/en/gbfs.json,https://gbfs.kappa.fifteen.eu/gbfs/2.2/mobi/en/free_bike_status.json,2026-07-02T20:05:31Z,2026-07-02T20:05:31Z
mobi_vancouver,mobi_vancouver_98b92369-9ffb-4980-94de-ae3ceab0b77e,98b92369-9ffb-4980-94de-ae3ceab0b77e,49.284893,-123.128685,1,FALSE,FALSE,22800,0300,1783022725,2026-07-02T20:05:32Z,2026-07-02T20:05:32Z,2026-07-02T20:05:23Z,2.2,https://gbfs.kappa.fifteen.eu/gbfs/2.2/mobi/en/gbfs.json,https://gbfs.kappa.fifteen.eu/gbfs/2.2/mobi/en/free_bike_status.json,2026-07-02T20:05:31Z,2026-07-02T20:05:31Z
mobi_vancouver,mobi_vancouver_dd52f76e-7fec-4608-963f-bfaf781fab1a,dd52f76e-7fec-4608-963f-bfaf781fab1a,49.284554,-123.111031,1,FALSE,FALSE,22800,0124,1783022725,2026-07-02T20:05:32Z,2026-07-02T20:05:32Z,2026-07-02T20:05:23Z,2.2,https://gbfs.kappa.fifteen.eu/gbfs/2.2/mobi/en/gbfs.json,https://gbfs.kappa.fifteen.eu/gbfs/2.2/mobi/en/free_bike_status.json,2026-07-02T20:05:31Z,2026-07-02T20:05:31Z
mobi_vancouver,mobi_vancouver_18311164-0b09-4296-b76b-47e85d400707,18311164-0b09-4296-b76b-47e85d400707,49.283298,-123.142288,1,FALSE,FALSE,22800,0142,1783022725,2026-07-02T20:05:32Z,2026-07-02T20:05:32Z,2026-07-02T20:05:23Z,2.2,https://gbfs.kappa.fifteen.eu/gbfs/2.2/mobi/en/gbfs.json,https://gbfs.kappa.fifteen.eu/gbfs/2.2/mobi/en/free_bike_status.json,2026-07-02T20:05:31Z,2026-07-02T20:05:31Z
mobi_vancouver,mobi_vancouver_1039c4b7-63cd-429f-b4df-b0bd02b4901d,1039c4b7-63cd-429f-b4df-b0bd02b4901d,49.280787,-123.115271,1,FALSE,FALSE,22800,0305,1783022725,2026-07-02T20:05:32Z,2026-07-02T20:05:32Z,2026-07-02T20:05:23Z,2.2,https://gbfs.kappa.fifteen.eu/gbfs/2.2/mobi/en/gbfs.json,https://gbfs.kappa.fifteen.eu/gbfs/2.2/mobi/en/free_bike_status.json,2026-07-02T20:05:31Z,2026-07-02T20:05:31Z
mobi_vancouver,mobi_vancouver_d094c207-88b9-4c5c-abb1-7159d15e1a5a,d094c207-88b9-4c5c-abb1-7159d15e1a5a,49.267725,-123.11311,1,FALSE,FALSE,22800,0144,1783022725,2026-07-02T20:05:32Z,2026-07-02T20:05:32Z,2026-07-02T20:05:23Z,2.2,https://gbfs.kappa.fifteen.eu/gbfs/2.2/mobi/en/gbfs.json,https://gbfs.kappa.fifteen.eu/gbfs/2.2/mobi/en/free_bike_status.json,2026-07-02T20:05:31Z,2026-07-02T20:05:31Z
mobi_vancouver,mobi_vancouver_ce56711a-3348-47ae-bc04-1df75fcd85c7,ce56711a-3348-47ae-bc04-1df75fcd85c7,49.267725,-123.11311,1,FALSE,FALSE,22800,0144,1783022725,2026-07-02T20:05:32Z,2026-07-02T20:05:32Z,2026-07-02T20:05:23Z,2.2,https://gbfs.kappa.fifteen.eu/gbfs/2.2/mobi/en/gbfs.json,https://gbfs.kappa.fifteen.eu/gbfs/2.2/mobi/en/free_bike_status.json,2026-07-02T20:05:31Z,2026-07-02T20:05:31Z
mobi_vancouver,mobi_vancouver_5751c56a-6ece-4f88-91ed-da718383da10,5751c56a-6ece-4f88-91ed-da718383da10,49.27029,-123.135025,1,FALSE,FALSE,22800,0189,1783022725,2026-07-02T20:05:32Z,2026-07-02T20:05:32Z,2026-07-02T20:05:23Z,2.2,https://gbfs.kappa.fifteen.eu/gbfs/2.2/mobi/en/gbfs.json,https://gbfs.kappa.fifteen.eu/gbfs/2.2/mobi/en/free_bike_status.json,2026-07-02T20:05:31Z,2026-07-02T20:05:31Z
mobi_vancouver,mobi_vancouver_6f662dc1-37af-4135-b195-845ec250874a,6f662dc1-37af-4135-b195-845ec250874a,49.290587,-123.13625,1,FALSE,FALSE,22800,0122,1783022725,2026-07-02T20:05:32Z,2026-07-02T20:05:32Z,2026-07-02T20:05:23Z,2.2,https://gbfs.kappa.fifteen.eu/gbfs/2.2/mobi/en/gbfs.json,https://gbfs.kappa.fifteen.eu/gbfs/2.2/mobi/en/free_bike_status.json,2026-07-02T20:05:31Z,2026-07-02T20:05:31Z
mobi_vancouver,mobi_vancouver_9766156e-b26e-44ff-9998-12e08d2d5166,9766156e-b26e-44ff-9998-12e08d2d5166,49.290587,-123.13625,1,FALSE,FALSE,22800,0122,1783022725,2026-07-02T20:05:32Z,2026-07-02T20:05:32Z,2026-07-02T20:05:23Z,2.2,https://gbfs.kappa.fifteen.eu/gbfs/2.2/mobi/en/gbfs.json,https://gbfs.kappa.fifteen.eu/gbfs/2.2/mobi/en/free_bike_status.json,2026-07-02T20:05:31Z,2026-07-02T20:05:31Z
mobi_vancouver,mobi_vancouver_79677cd2-c002-4acb-8caa-ce47830c3512,79677cd2-c002-4acb-8caa-ce47830c3512,49.28512,-123.11242,1,FALSE,FALSE,22800,0308,1783022725,2026-07-02T20:05:32Z,2026-07-02T20:05:32Z,2026-07-02T20:05:23Z,2.2,https://gbfs.kappa.fifteen.eu/gbfs/2.2/mobi/en/gbfs.json,https://gbfs.kappa.fifteen.eu/gbfs/2.2/mobi/en/free_bike_status.json,2026-07-02T20:05:31Z,2026-07-02T20:05:31Z
mobi_vancouver,mobi_vancouver_dc115868-61d8-44df-893e-ff0f1b58852c,dc115868-61d8-44df-893e-ff0f1b58852c,49.28512,-123.11242,1,FALSE,FALSE,22800,0308,1783022725,2026-07-02T20:05:32Z,2026-07-02T20:05:32Z,2026-07-02T20:05:23Z,2.2,https://gbfs.kappa.fifteen.eu/gbfs/2.2/mobi/en/gbfs.json,https://gbfs.kappa.fifteen.eu/gbfs/2.2/mobi/en/free_bike_status.json,2026-07-02T20:05:31Z,2026-07-02T20:05:31Z
mobi_vancouver,mobi_vancouver_2ea9d941-df95-420c-b769-66f1acc5c1cd,2ea9d941-df95-420c-b769-66f1acc5c1cd,49.272969,-123.164325,1,FALSE,FALSE,22800,0460,1783022725,2026-07-02T20:05:32Z,2026-07-02T20:05:32Z,2026-07-02T20:05:23Z,2.2,https://gbfs.kappa.fifteen.eu/gbfs/2.2/mobi/en/gbfs.json,https://gbfs.kappa.fifteen.eu/gbfs/2.2/mobi/en/free_bike_status.json,2026-07-02T20:05:31Z,2026-07-02T20:05:31Z
mobi_vancouver,mobi_vancouver_89a56e76-3fa2-4a9a-affc-d8c7fc386cbf,89a56e76-3fa2-4a9a-affc-d8c7fc386cbf,49.272969,-123.164325,1,FALSE,FALSE,22800,0460,1783022725,2026-07-02T20:05:32Z,2026-07-02T20:05:32Z,2026-07-02T20:05:23Z,2.2,https://gbfs.kappa.fifteen.eu/gbfs/2.2/mobi/en/gbfs.json,https://gbfs.kappa.fifteen.eu/gbfs/2.2/mobi/en/free_bike_status.json,2026-07-02T20:05:31Z,2026-07-02T20:05:31Z
mobi_vancouver,mobi_vancouver_65f1d5a1-b045-4b97-8901-24aadc57ebff,65f1d5a1-b045-4b97-8901-24aadc57ebff,49.264579,-123.18373,1,FALSE,FALSE,22800,0415,1783022725,2026-07-02T20:05:32Z,2026-07-02T20:05:32Z,2026-07-02T20:05:23Z,2.2,https://gbfs.kappa.fifteen.eu/gbfs/2.2/mobi/en/gbfs.json,https://gbfs.kappa.fifteen.eu/gbfs/2.2/mobi/en/free_bike_status.json,2026-07-02T20:05:31Z,2026-07-02T20:05:31Z
mobi_vancouver,mobi_vancouver_4c59e10e-c9ae-4bdf-be0e-79e06ef9338f,4c59e10e-c9ae-4bdf-be0e-79e06ef9338f,49.264579,-123.18373,1,FALSE,FALSE,22800,0415,1783022725,2026-07-02T20:05:32Z,2026-07-02T20:05:32Z,2026-07-02T20:05:23Z,2.2,https://gbfs.kappa.fifteen.eu/gbfs/2.2/mobi/en/gbfs.json,https://gbfs.kappa.fifteen.eu/gbfs/2.2/mobi/en/free_bike_status.json,2026-07-02T20:05:31Z,2026-07-02T20:05:31Z
mobi_vancouver,mobi_vancouver_d21e701d-1d1d-47b4-9c78-9ae1d511cff2,d21e701d-1d1d-47b4-9c78-9ae1d511cff2,49.264928,-123.168068,1,FALSE,FALSE,22800,0452,1783022725,2026-07-02T20:05:32Z,2026-07-02T20:05:32Z,2026-07-02T20:05:23Z,2.2,https://gbfs.kappa.fifteen.eu/gbfs/2.2/mobi/en/gbfs.json,https://gbfs.kappa.fifteen.eu/gbfs/2.2/mobi/en/free_bike_status.json,2026-07-02T20:05:31Z,2026-07-02T20:05:31Z
mobi_vancouver,mobi_vancouver_963b8e1a-efa0-4201-b87a-1de6fbfa00e6,963b8e1a-efa0-4201-b87a-1de6fbfa00e6,49.254818,-123.114785,1,FALSE,FALSE,22800,0531,1783022725,2026-07-02T20:05:32Z,2026-07-02T20:05:32Z,2026-07-02T20:05:23Z,2.2,https://gbfs.kappa.fifteen.eu/gbfs/2.2/mobi/en/gbfs.json,https://gbfs.kappa.fifteen.eu/gbfs/2.2/mobi/en/free_bike_status.json,2026-07-02T20:05:31Z,2026-07-02T20:05:31Z
mobi_vancouver,mobi_vancouver_45d12eb9-ebdc-45e4-99e3-f6dce8eb283e,45d12eb9-ebdc-45e4-99e3-f6dce8eb283e,49.245135,-123.116098,1,FALSE,FALSE,22800,0526,1783022725,2026-07-02T20:05:32Z,2026-07-02T20:05:32Z,2026-07-02T20:05:23Z,2.2,https://gbfs.kappa.fifteen.eu/gbfs/2.2/mobi/en/gbfs.json,https://gbfs.kappa.fifteen.eu/gbfs/2.2/mobi/en/free_bike_status.json,2026-07-02T20:05:31Z,2026-07-02T20:05:31Z
mobi_vancouver,mobi_vancouver_eec2a54c-2e9a-44c9-b0ab-190c488cb25b,eec2a54c-2e9a-44c9-b0ab-190c488cb25b,49.251358,-123.115637,1,FALSE,FALSE,22800,0532,1783022725,2026-07-02T20:05:32Z,2026-07-02T20:05:32Z,2026-07-02T20:05:23Z,2.2,https://gbfs.kappa.fifteen.eu/gbfs/2.2/mobi/en/gbfs.json,https://gbfs.kappa.fifteen.eu/gbfs/2.2/mobi/en/free_bike_status.json,2026-07-02T20:05:31Z,2026-07-02T20:05:31Z
mobi_vancouver,mobi_vancouver_1ffd40ee-26ad-4a37-94a3-9ecb41ad0c6f,1ffd40ee-26ad-4a37-94a3-9ecb41ad0c6f,49.264019,-123.209176,1,FALSE,FALSE,22800,0716,1783022725,2026-07-02T20:05:32Z,2026-07-02T20:05:32Z,2026-07-02T20:05:23Z,2.2,https://gbfs.kappa.fifteen.eu/gbfs/2.2/mobi/en/gbfs.json,https://gbfs.kappa.fifteen.eu/gbfs/2.2/mobi/en/free_bike_status.json,2026-07-02T20:05:31Z,2026-07-02T20:05:31Z
mobi_vancouver,mobi_vancouver_b7b2e98a-a9a3-47df-a0e3-ac7ba61e72bd,b7b2e98a-a9a3-47df-a0e3-ac7ba61e72bd,49.264019,-123.209176,1,FALSE,FALSE,22800,0716,1783022725,2026-07-02T20:05:32Z,2026-07-02T20:05:32Z,2026-07-02T20:05:23Z,2.2,https://gbfs.kappa.fifteen.eu/gbfs/2.2/mobi/en/gbfs.json,https://gbfs.kappa.fifteen.eu/gbfs/2.2/mobi/en/free_bike_status.json,2026-07-02T20:05:31Z,2026-07-02T20:05:31Z
mobi_vancouver,mobi_vancouver_d28d5968-6b74-4df3-a50c-0d8197c011e6,d28d5968-6b74-4df3-a50c-0d8197c011e6,49.265442,-123.187738,1,FALSE,FALSE,22800,0403,1783022725,2026-07-02T20:05:32Z,2026-07-02T20:05:32Z,2026-07-02T20:05:23Z,2.2,https://gbfs.kappa.fifteen.eu/gbfs/2.2/mobi/en/gbfs.json,https://gbfs.kappa.fifteen.eu/gbfs/2.2/mobi/en/free_bike_status.json,2026-07-02T20:05:31Z,2026-07-02T20:05:31Z
mobi_vancouver,mobi_vancouver_0427847c-119d-42d5-8555-6728aeae09da,0427847c-119d-42d5-8555-6728aeae09da,49.26262,-123.2431,1,FALSE,FALSE,22800,2156,1783022725,2026-07-02T20:05:32Z,2026-07-02T20:05:32Z,2026-07-02T20:05:23Z,2.2,https://gbfs.kappa.fifteen.eu/gbfs/2.2/mobi/en/gbfs.json,https://gbfs.kappa.fifteen.eu/gbfs/2.2/mobi/en/free_bike_status.json,2026-07-02T20:05:31Z,2026-07-02T20:05:31Z
mobi_vancouver,mobi_vancouver_243a0e30-2af4-473e-9966-93fef46ba6d9,243a0e30-2af4-473e-9966-93fef46ba6d9,49.25478,-123.23621,1,FALSE,FALSE,22800,2252,1783022725,2026-07-02T20:05:32Z,2026-07-02T20:05:32Z,2026-07-02T20:05:23Z,2.2,https://gbfs.kappa.fifteen.eu/gbfs/2.2/mobi/en/gbfs.json,https://gbfs.kappa.fifteen.eu/gbfs/2.2/mobi/en/free_bike_status.json,2026-07-02T20:05:31Z,2026-07-02T20:05:31Z
mobi_vancouver,mobi_vancouver_114d2e9d-1b7e-4677-b966-aa70182497a8,114d2e9d-1b7e-4677-b966-aa70182497a8,49.283482,-123.103738,1,FALSE,FALSE,22800,0013,1783022725,2026-07-02T20:05:32Z,2026-07-02T20:05:32Z,2026-07-02T20:05:23Z,2.2,https://gbfs.kappa.fifteen.eu/gbfs/2.2/mobi/en/gbfs.json,https://gbfs.kappa.fifteen.eu/gbfs/2.2/mobi/en/free_bike_status.json,2026-07-02T20:05:31Z,2026-07-02T20:05:31Z
mobi_vancouver,mobi_vancouver_c02da0c9-3d07-4233-87eb-c32ccd9d36fd,c02da0c9-3d07-4233-87eb-c32ccd9d36fd,49.269172,-123.25279,1,FALSE,FALSE,22800,2131,1783022725,2026-07-02T20:05:32Z,2026-07-02T20:05:32Z,2026-07-02T20:05:23Z,2.2,https://gbfs.kappa.fifteen.eu/gbfs/2.2/mobi/en/gbfs.json,https://gbfs.kappa.fifteen.eu/gbfs/2.2/mobi/en/free_bike_status.json,2026-07-02T20:05:31Z,2026-07-02T20:05:31Z
mobi_vancouver,mobi_vancouver_b831378d-6b1d-4160-a12d-4256c589010f,b831378d-6b1d-4160-a12d-4256c589010f,49.26875,-123.25004,1,FALSE,FALSE,22800,2142,1783022725,2026-07-02T20:05:32Z,2026-07-02T20:05:32Z,2026-07-02T20:05:23Z,2.2,https://gbfs.kappa.fifteen.eu/gbfs/2.2/mobi/en/gbfs.json,https://gbfs.kappa.fifteen.eu/gbfs/2.2/mobi/en/free_bike_status.json,2026-07-02T20:05:31Z,2026-07-02T20:05:31Z
mobi_vancouver,mobi_vancouver_52b2dfb9-6494-4f3e-ad9c-8c0c17d0a5ea,52b2dfb9-6494-4f3e-ad9c-8c0c17d0a5ea,49.2506,-123.23238,1,FALSE,FALSE,22800,2255,1783022725,2026-07-02T20:05:32Z,2026-07-02T20:05:32Z,2026-07-02T20:05:23Z,2.2,https://gbfs.kappa.fifteen.eu/gbfs/2.2/mobi/en/gbfs.json,https://gbfs.kappa.fifteen.eu/gbfs/2.2/mobi/en/free_bike_status.json,2026-07-02T20:05:31Z,2026-07-02T20:05:31Z
mobi_vancouver,mobi_vancouver_272b0fc7-ee02-43db-bb5e-6125987db15b,272b0fc7-ee02-43db-bb5e-6125987db15b,49.28668,-123.04457,1,FALSE,FALSE,22800,0643,1783022725,2026-07-02T20:05:32Z,2026-07-02T20:05:32Z,2026-07-02T20:05:23Z,2.2,https://gbfs.kappa.fifteen.eu/gbfs/2.2/mobi/en/gbfs.json,https://gbfs.kappa.fifteen.eu/gbfs/2.2/mobi/en/free_bike_status.json,2026-07-02T20:05:31Z,2026-07-02T20:05:31Z
mobi_vancouver,mobi_vancouver_1ee4af46-a301-432a-ba48-5db209d22509,1ee4af46-a301-432a-ba48-5db209d22509,49.282055,-123.133045,1,FALSE,FALSE,23200,0187,1783022725,2026-07-02T20:05:32Z,2026-07-02T20:05:32Z,2026-07-02T20:05:23Z,2.2,https://gbfs.kappa.fifteen.eu/gbfs/2.2/mobi/en/gbfs.json,https://gbfs.kappa.fifteen.eu/gbfs/2.2/mobi/en/free_bike_status.json,2026-07-02T20:05:31Z,2026-07-02T20:05:31Z
mobi_vancouver,mobi_vancouver_9f8dc7a7-c471-4a4e-8793-3b0017a10c66,9f8dc7a7-c471-4a4e-8793-3b0017a10c66,49.271721,-123.104207,1,FALSE,FALSE,23200,0011,1783022725,2026-07-02T20:05:32Z,2026-07-02T20:05:32Z,2026-07-02T20:05:23Z,2.2,https://gbfs.kappa.fifteen.eu/gbfs/2.2/mobi/en/gbfs.json,https://gbfs.kappa.fifteen.eu/gbfs/2.2/mobi/en/free_bike_status.json,2026-07-02T20:05:31Z,2026-07-02T20:05:31Z
mobi_vancouver,mobi_vancouver_1eb861ff-68eb-4912-9295-bc4a404a3ca7,1eb861ff-68eb-4912-9295-bc4a404a3ca7,49.279764,-123.110154,1,FALSE,FALSE,23200,0005,1783022725,2026-07-02T20:05:32Z,2026-07-02T20:05:32Z,2026-07-02T20:05:23Z,2.2,https://gbfs.kappa.fifteen.eu/gbfs/2.2/mobi/en/gbfs.json,https://gbfs.kappa.fifteen.eu/gbfs/2.2/mobi/en/free_bike_status.json,2026-07-02T20:05:31Z,2026-07-02T20:05:31Z
mobi_vancouver,mobi_vancouver_dff0cd8f-97b0-42e5-a28f-0c8d2116248c,dff0cd8f-97b0-42e5-a28f-0c8d2116248c,49.279764,-123.110154,1,FALSE,FALSE,23200,0005,1783022725,2026-07-02T20:05:32Z,2026-07-02T20:05:32Z,2026-07-02T20:05:23Z,2.2,https://gbfs.kappa.fifteen.eu/gbfs/2.2/mobi/en/gbfs.json,https://gbfs.kappa.fifteen.eu/gbfs/2.2/mobi/en/free_bike_status.json,2026-07-02T20:05:31Z,2026-07-02T20:05:31Z
mobi_vancouver,mobi_vancouver_e82e0f64-8052-4cc4-9de1-95114d4311b7,e82e0f64-8052-4cc4-9de1-95114d4311b7,49.279938,-123.127478,1,FALSE,FALSE,23200,0039,1783022725,2026-07-02T20:05:32Z,2026-07-02T20:05:32Z,2026-07-02T20:05:23Z,2.2,https://gbfs.kappa.fifteen.eu/gbfs/2.2/mobi/en/gbfs.json,https://gbfs.kappa.fifteen.eu/gbfs/2.2/mobi/en/free_bike_status.json,2026-07-02T20:05:31Z,2026-07-02T20:05:31Z
mobi_vancouver,mobi_vancouver_71d8cc6e-5e97-47ab-a172-2004bf7e3938,71d8cc6e-5e97-47ab-a172-2004bf7e3938,49.279938,-123.127478,1,FALSE,FALSE,23200,0039,1783022725,2026-07-02T20:05:32Z,2026-07-02T20:05:32Z,2026-07-02T20:05:23Z,2.2,https://gbfs.kappa.fifteen.eu/gbfs/2.2/mobi/en/gbfs.json,https://gbfs.kappa.fifteen.eu/gbfs/2.2/mobi/en/free_bike_status.json,2026-07-02T20:05:31Z,2026-07-02T20:05:31Z
mobi_vancouver,mobi_vancouver_8fea92cf-b0be-44b8-a9bc-d22cbc9c7efc,8fea92cf-b0be-44b8-a9bc-d22cbc9c7efc,49.282409,-123.118541,1,FALSE,FALSE,23200,0015,1783022725,2026-07-02T20:05:32Z,2026-07-02T20:05:32Z,2026-07-02T20:05:23Z,2.2,https://gbfs.kappa.fifteen.eu/gbfs/2.2/mobi/en/gbfs.json,https://gbfs.kappa.fifteen.eu/gbfs/2.2/mobi/en/free_bike_status.json,2026-07-02T20:05:31Z,2026-07-02T20:05:31Z
mobi_vancouver,mobi_vancouver_d9aa3499-70a1-4635-ab11-4338b2f28e73,d9aa3499-70a1-4635-ab11-4338b2f28e73,49.28602,-123.116624,1,FALSE,FALSE,23200,0024,1783022725,2026-07-02T20:05:32Z,2026-07-02T20:05:32Z,2026-07-02T20:05:23Z,2.2,https://gbfs.kappa.fifteen.eu/gbfs/2.2/mobi/en/gbfs.json,https://gbfs.kappa.fifteen.eu/gbfs/2.2/mobi/en/free_bike_status.json,2026-07-02T20:05:31Z,2026-07-02T20:05:31Z
mobi_vancouver,mobi_vancouver_392537f6-7c6f-4104-bffa-c3ec5ac2b816,392537f6-7c6f-4104-bffa-c3ec5ac2b816,49.28602,-123.116624,1,FALSE,FALSE,23200,0024,1783022725,2026-07-02T20:05:32Z,2026-07-02T20:05:32Z,2026-07-02T20:05:23Z,2.2,https://gbfs.kappa.fifteen.eu/gbfs/2.2/mobi/en/gbfs.json,https://gbfs.kappa.fifteen.eu/gbfs/2.2/mobi/en/free_bike_status.json,2026-07-02T20:05:31Z,2026-07-02T20:05:31Z
mobi_vancouver,mobi_vancouver_5a1e41a2-ebbe-4a19-88e9-b0655eeb4622,5a1e41a2-ebbe-4a19-88e9-b0655eeb4622,49.288444,-123.139203,1,FALSE,FALSE,23200,0032,1783022725,2026-07-02T20:05:32Z,2026-07-02T20:05:32Z,2026-07-02T20:05:23Z,2.2,https://gbfs.kappa.fifteen.eu/gbfs/2.2/mobi/en/gbfs.json,https://gbfs.kappa.fifteen.eu/gbfs/2.2/mobi/en/free_bike_status.json,2026-07-02T20:05:31Z,2026-07-02T20:05:31Z
mobi_vancouver,mobi_vancouver_61de44d6-118c-4d11-bf10-e313b4029566,61de44d6-118c-4d11-bf10-e313b4029566,49.265089,-123.119425,1,FALSE,FALSE,23200,0081,1783022725,2026-07-02T20:05:32Z,2026-07-02T20:05:32Z,2026-07-02T20:05:23Z,2.2,https://gbfs.kappa.fifteen.eu/gbfs/2.2/mobi/en/gbfs.json,https://gbfs.kappa.fifteen.eu/gbfs/2.2/mobi/en/free_bike_status.json,2026-07-02T20:05:31Z,2026-07-02T20:05:31Z
mobi_vancouver,mobi_vancouver_2f90e2d8-6fea-453e-807a-eaf3a950dcfa,2f90e2d8-6fea-453e-807a-eaf3a950dcfa,49.265089,-123.119425,1,FALSE,FALSE,23200,0081,1783022725,2026-07-02T20:05:32Z,2026-07-02T20:05:32Z,2026-07-02T20:05:23Z,2.2,https://gbfs.kappa.fifteen.eu/gbfs/2.2/mobi/en/gbfs.json,https://gbfs.kappa.fifteen.eu/gbfs/2.2/mobi/en/free_bike_status.json,2026-07-02T20:05:31Z,2026-07-02T20:05:31Z
mobi_vancouver,mobi_vancouver_7e175062-12bb-4aef-ba89-151e3e124bff,7e175062-12bb-4aef-ba89-151e3e124bff,49.27808,-123.130557,1,FALSE,FALSE,23200,0089,1783022725,2026-07-02T20:05:32Z,2026-07-02T20:05:32Z,2026-07-02T20:05:23Z,2.2,https://gbfs.kappa.fifteen.eu/gbfs/2.2/mobi/en/gbfs.json,https://gbfs.kappa.fifteen.eu/gbfs/2.2/mobi/en/free_bike_status.json,2026-07-02T20:05:31Z,2026-07-02T20:05:31Z
mobi_vancouver,mobi_vancouver_a4ed6088-c2fa-48df-95cd-f4bfe7173387,a4ed6088-c2fa-48df-95cd-f4bfe7173387,49.283343,-123.131099,1,FALSE,FALSE,23200,0050,1783022725,2026-07-02T20:05:32Z,2026-07-02T20:05:32Z,2026-07-02T20:05:23Z,2.2,https://gbfs.kappa.fifteen.eu/gbfs/2.2/mobi/en/gbfs.json,https://gbfs.kappa.fifteen.eu/gbfs/2.2/mobi/en/free_bike_status.json,2026-07-02T20:05:31Z,2026-07-02T20:05:31Z
mobi_vancouver,mobi_vancouver_2bbc9f5b-2732-4de9-8c84-fcacca20abd1,2bbc9f5b-2732-4de9-8c84-fcacca20abd1,49.265605,-123.152566,1,FALSE,FALSE,23200,0109,1783022725,2026-07-02T20:05:32Z,2026-07-02T20:05:32Z,2026-07-02T20:05:23Z,2.2,https://gbfs.kappa.fifteen.eu/gbfs/2.2/mobi/en/gbfs.json,https://gbfs.kappa.fifteen.eu/gbfs/2.2/mobi/en/free_bike_status.json,2026-07-02T20:05:31Z,2026-07-02T20:05:31Z
mobi_vancouver,mobi_vancouver_6a59e5f4-fcdb-41ba-84a2-5dea415f294b,6a59e5f4-fcdb-41ba-84a2-5dea415f294b,49.258763,-123.115392,1,FALSE,FALSE,23200,0072,1783022725,2026-07-02T20:05:32Z,2026-07-02T20:05:32Z,2026-07-02T20:05:23Z,2.2,https://gbfs.kappa.fifteen.eu/gbfs/2.2/mobi/en/gbfs.json,https://gbfs.kappa.fifteen.eu/gbfs/2.2/mobi/en/free_bike_status.json,2026-07-02T20:05:31Z,2026-07-02T20:05:31Z
mobi_vancouver,mobi_vancouver_3ea1984a-3cd6-4e21-b926-d127d5a66266,3ea1984a-3cd6-4e21-b926-d127d5a66266,49.275717,-123.142564,1,FALSE,FALSE,23200,0077,1783022725,2026-07-02T20:05:32Z,2026-07-02T20:05:32Z,2026-07-02T20:05:23Z,2.2,https://gbfs.kappa.fifteen.eu/gbfs/2.2/mobi/en/gbfs.json,https://gbfs.kappa.fifteen.eu/gbfs/2.2/mobi/en/free_bike_status.json,2026-07-02T20:05:31Z,2026-07-02T20:05:31Z
mobi_vancouver,mobi_vancouver_f761d1c3-c392-4ec0-896f-dc5b7a82c047,f761d1c3-c392-4ec0-896f-dc5b7a82c047,49.266724,-123.104824,1,FALSE,FALSE,23200,0073,1783022725,2026-07-02T20:05:32Z,2026-07-02T20:05:32Z,2026-07-02T20:05:23Z,2.2,https://gbfs.kappa.fifteen.eu/gbfs/2.2/mobi/en/gbfs.json,https://gbfs.kappa.fifteen.eu/gbfs/2.2/mobi/en/free_bike_status.json,2026-07-02T20:05:31Z,2026-07-02T20:05:31Z
mobi_vancouver,mobi_vancouver_0aefec2d-22d3-4a55-9527-414d572f776e,0aefec2d-22d3-4a55-9527-414d572f776e,49.28526,-123.141809,1,FALSE,FALSE,23200,0060,1783022725,2026-07-02T20:05:32Z,2026-07-02T20:05:32Z,2026-07-02T20:05:23Z,2.2,https://gbfs.kappa.fifteen.eu/gbfs/2.2/mobi/en/gbfs.json,https://gbfs.kappa.fifteen.eu/gbfs/2.2/mobi/en/free_bike_status.json,2026-07-02T20:05:31Z,2026-07-02T20:05:31Z
mobi_vancouver,mobi_vancouver_723b5975-1aee-4ccc-bcf9-5b50473f4992,723b5975-1aee-4ccc-bcf9-5b50473f4992,49.273471,-123.118016,1,FALSE,FALSE,23200,0017,1783022725,2026-07-02T20:05:32Z,2026-07-02T20:05:32Z,2026-07-02T20:05:23Z,2.2,https://gbfs.kappa.fifteen.eu/gbfs/2.2/mobi/en/gbfs.json,https://gbfs.kappa.fifteen.eu/gbfs/2.2/mobi/en/free_bike_status.json,2026-07-02T20:05:31Z,2026-07-02T20:05:31Z
mobi_vancouver,mobi_vancouver_594eee47-07c2-4b09-a927-e69119e22d13,594eee47-07c2-4b09-a927-e69119e22d13,49.273471,-123.118016,1,FALSE,FALSE,23200,0017,1783022725,2026-07-02T20:05:32Z,2026-07-02T20:05:32Z,2026-07-02T20:05:23Z,2.2,https://gbfs.kappa.fifteen.eu/gbfs/2.2/mobi/en/gbfs.json,https://gbfs.kappa.fifteen.eu/gbfs/2.2/mobi/en/free_bike_status.json,2026-07-02T20:05:31Z,2026-07-02T20:05:31Z
mobi_vancouver,mobi_vancouver_ffce1f8c-b5ff-4b61-9fd3-d162264014f0,ffce1f8c-b5ff-4b61-9fd3-d162264014f0,49.25845,-123.100377,1,FALSE,FALSE,23200,0134,1783022725,2026-07-02T20:05:32Z,2026-07-02T20:05:32Z,2026-07-02T20:05:23Z,2.2,https://gbfs.kappa.fifteen.eu/gbfs/2.2/mobi/en/gbfs.json,https://gbfs.kappa.fifteen.eu/gbfs/2.2/mobi/en/free_bike_status.json,2026-07-02T20:05:31Z,2026-07-02T20:05:31Z
mobi_vancouver,mobi_vancouver_aa1b09dc-3ba4-4369-82ba-24b15c227c00,aa1b09dc-3ba4-4369-82ba-24b15c227c00,49.266476,-123.109389,1,FALSE,FALSE,23200,0165,1783022725,2026-07-02T20:05:32Z,2026-07-02T20:05:32Z,2026-07-02T20:05:23Z,2.2,https://gbfs.kappa.fifteen.eu/gbfs/2.2/mobi/en/gbfs.json,https://gbfs.kappa.fifteen.eu/gbfs/2.2/mobi/en/free_bike_status.json,2026-07-02T20:05:31Z,2026-07-02T20:05:31Z
mobi_vancouver,mobi_vancouver_401d51d8-d221-481c-bdfe-d8bb3454a7ea,401d51d8-d221-481c-bdfe-d8bb3454a7ea,49.27023,-123.10651,1,FALSE,FALSE,23200,0174,1783022725,2026-07-02T20:05:32Z,2026-07-02T20:05:32Z,2026-07-02T20:05:23Z,2.2,https://gbfs.kappa.fifteen.eu/gbfs/2.2/mobi/en/gbfs.json,https://gbfs.kappa.fifteen.eu/gbfs/2.2/mobi/en/free_bike_status.json,2026-07-02T20:05:31Z,2026-07-02T20:05:31Z
mobi_vancouver,mobi_vancouver_eac5d3e0-b1a4-4626-aa34-bb83a4ca0b50,eac5d3e0-b1a4-4626-aa34-bb83a4ca0b50,49.270721,-123.146175,1,FALSE,FALSE,23200,0108,1783022725,2026-07-02T20:05:32Z,2026-07-02T20:05:32Z,2026-07-02T20:05:23Z,2.2,https://gbfs.kappa.fifteen.eu/gbfs/2.2/mobi/en/gbfs.json,https://gbfs.kappa.fifteen.eu/gbfs/2.2/mobi/en/free_bike_status.json,2026-07-02T20:05:31Z,2026-07-02T20:05:31Z
mobi_vancouver,mobi_vancouver_08f96d1b-c547-4a5c-9771-69253cdcb7b2,08f96d1b-c547-4a5c-9771-69253cdcb7b2,49.270721,-123.146175,1,FALSE,FALSE,23200,0108,1783022725,2026-07-02T20:05:32Z,2026-07-02T20:05:32Z,2026-07-02T20:05:23Z,2.2,https://gbfs.kappa.fifteen.eu/gbfs/2.2/mobi/en/gbfs.json,https://gbfs.kappa.fifteen.eu/gbfs/2.2/mobi/en/free_bike_status.json,2026-07-02T20:05:31Z,2026-07-02T20:05:31Z
mobi_vancouver,mobi_vancouver_7562faa4-d1aa-49d7-9ecc-f1d7a68279b1,7562faa4-d1aa-49d7-9ecc-f1d7a68279b1,49.262944,-123.148109,1,FALSE,FALSE,23200,0068,1783022725,2026-07-02T20:05:32Z,2026-07-02T20:05:32Z,2026-07-02T20:05:23Z,2.2,https://gbfs.kappa.fifteen.eu/gbfs/2.2/mobi/en/gbfs.json,https://gbfs.kappa.fifteen.eu/gbfs/2.2/mobi/en/free_bike_status.json,2026-07-02T20:05:31Z,2026-07-02T20:05:31Z
mobi_vancouver,mobi_vancouver_c9f8a474-eac4-426b-8fa8-bac4b7079d74,c9f8a474-eac4-426b-8fa8-bac4b7079d74,49.268339,-123.157443,1,FALSE,FALSE,23200,0159,1783022725,2026-07-02T20:05:32Z,2026-07-02T20:05:32Z,2026-07-02T20:05:23Z,2.2,https://gbfs.kappa.fifteen.eu/gbfs/2.2/mobi/en/gbfs.json,https://gbfs.kappa.fifteen.eu/gbfs/2.2/mobi/en/free_bike_status.json,2026-07-02T20:05:31Z,2026-07-02T20:05:31Z
mobi_vancouver,mobi_vancouver_77f0b66e-d766-4274-ab8e-ee497474df01,77f0b66e-d766-4274-ab8e-ee497474df01,49.282758,-123.122092,1,FALSE,FALSE,23200,0019,1783022725,2026-07-02T20:05:32Z,2026-07-02T20:05:32Z,2026-07-02T20:05:23Z,2.2,https://gbfs.kappa.fifteen.eu/gbfs/2.2/mobi/en/gbfs.json,https://gbfs.kappa.fifteen.eu/gbfs/2.2/mobi/en/free_bike_status.json,2026-07-02T20:05:31Z,2026-07-02T20:05:31Z
mobi_vancouver,mobi_vancouver_8b1e5c96-4f1b-48be-b4c7-87c68180a97d,8b1e5c96-4f1b-48be-b4c7-87c68180a97d,49.290112,-123.127062,1,FALSE,FALSE,23200,0035,1783022725,2026-07-02T20:05:32Z,2026-07-02T20:05:32Z,2026-07-02T20:05:23Z,2.2,https://gbfs.kappa.fifteen.eu/gbfs/2.2/mobi/en/gbfs.json,https://gbfs.kappa.fifteen.eu/gbfs/2.2/mobi/en/free_bike_status.json,2026-07-02T20:05:31Z,2026-07-02T20:05:31Z
mobi_vancouver,mobi_vancouver_dd4402d5-b6ce-4410-8177-2f58369b947d,dd4402d5-b6ce-4410-8177-2f58369b947d,49.281301,-123.139108,1,FALSE,FALSE,23200,0084,1783022725,2026-07-02T20:05:32Z,2026-07-02T20:05:32Z,2026-07-02T20:05:23Z,2.2,https://gbfs.kappa.fifteen.eu/gbfs/2.2/mobi/en/gbfs.json,https://gbfs.kappa.fifteen.eu/gbfs/2.2/mobi/en/free_bike_status.json,2026-07-02T20:05:31Z,2026-07-02T20:05:31Z
mobi_vancouver,mobi_vancouver_9f138bd5-0642-4343-9307-24a9fc0233f2,9f138bd5-0642-4343-9307-24a9fc0233f2,49.299292,-123.130281,1,FALSE,FALSE,23200,0101,1783022725,2026-07-02T20:05:32Z,2026-07-02T20:05:32Z,2026-07-02T20:05:23Z,2.2,https://gbfs.kappa.fifteen.eu/gbfs/2.2/mobi/en/gbfs.json,https://gbfs.kappa.fifteen.eu/gbfs/2.2/mobi/en/free_bike_status.json,2026-07-02T20:05:31Z,2026-07-02T20:05:31Z
mobi_vancouver,mobi_vancouver_a3c5ef15-76c3-4e66-b087-d6d96ba92e6c,a3c5ef15-76c3-4e66-b087-d6d96ba92e6c,49.29534,-123.150433,1,FALSE,FALSE,23200,0102,1783022725,2026-07-02T20:05:32Z,2026-07-02T20:05:32Z,2026-07-02T20:05:23Z,2.2,https://gbfs.kappa.fifteen.eu/gbfs/2.2/mobi/en/gbfs.json,https://gbfs.kappa.fifteen.eu/gbfs/2.2/mobi/en/free_bike_status.json,2026-07-02T20:05:31Z,2026-07-02T20:05:31Z
mobi_vancouver,mobi_vancouver_3e671b15-319d-455e-916a-77e107bb8a4a,3e671b15-319d-455e-916a-77e107bb8a4a,49.298657,-123.121176,1,FALSE,FALSE,23200,0105,1783022725,2026-07-02T20:05:32Z,2026-07-02T20:05:32Z,2026-07-02T20:05:23Z,2.2,https://gbfs.kappa.fifteen.eu/gbfs/2.2/mobi/en/gbfs.json,https://gbfs.kappa.fifteen.eu/gbfs/2.2/mobi/en/free_bike_status.json,2026-07-02T20:05:31Z,2026-07-02T20:05:31Z
mobi_vancouver,mobi_vancouver_3be0c4ae-e839-43fd-86b3-bce076bc0ee3,3be0c4ae-e839-43fd-86b3-bce076bc0ee3,49.298657,-123.121176,1,FALSE,FALSE,23200,0105,1783022725,2026-07-02T20:05:32Z,2026-07-02T20:05:32Z,2026-07-02T20:05:23Z,2.2,https://gbfs.kappa.fifteen.eu/gbfs/2.2/mobi/en/gbfs.json,https://gbfs.kappa.fifteen.eu/gbfs/2.2/mobi/en/free_bike_status.json,2026-07-02T20:05:31Z,2026-07-02T20:05:31Z
mobi_vancouver,mobi_vancouver_ba9b9910-98f8-49d8-bbf0-bad10dec5b76,ba9b9910-98f8-49d8-bbf0-bad10dec5b76,49.258819,-123.131317,1,FALSE,FALSE,23200,0211,1783022725,2026-07-02T20:05:32Z,2026-07-02T20:05:32Z,2026-07-02T20:05:23Z,2.2,https://gbfs.kappa.fifteen.eu/gbfs/2.2/mobi/en/gbfs.json,https://gbfs.kappa.fifteen.eu/gbfs/2.2/mobi/en/free_bike_status.json,2026-07-02T20:05:31Z,2026-07-02T20:05:31Z
mobi_vancouver,mobi_vancouver_97a9fb6b-8493-441a-b7b2-ed368d27dbeb,97a9fb6b-8493-441a-b7b2-ed368d27dbeb,49.277595,-123.09583,1,FALSE,FALSE,23200,0212,1783022725,2026-07-02T20:05:32Z,2026-07-02T20:05:32Z,2026-07-02T20:05:23Z,2.2,https://gbfs.kappa.fifteen.eu/gbfs/2.2/mobi/en/gbfs.json,https://gbfs.kappa.fifteen.eu/gbfs/2.2/mobi/en/free_bike_status.json,2026-07-02T20:05:31Z,2026-07-02T20:05:31Z
mobi_vancouver,mobi_vancouver_59e70584-017a-41de-bb48-7747d40a1a68,59e70584-017a-41de-bb48-7747d40a1a68,49.261403,-123.070102,1,FALSE,FALSE,23200,0244,1783022725,2026-07-02T20:05:32Z,2026-07-02T20:05:32Z,2026-07-02T20:05:23Z,2.2,https://gbfs.kappa.fifteen.eu/gbfs/2.2/mobi/en/gbfs.json,https://gbfs.kappa.fifteen.eu/gbfs/2.2/mobi/en/free_bike_status.json,2026-07-02T20:05:31Z,2026-07-02T20:05:31Z
mobi_vancouver,mobi_vancouver_fd6491e6-2b18-4539-8a1c-b60a43aedf01,fd6491e6-2b18-4539-8a1c-b60a43aedf01,49.273103,-123.069892,1,FALSE,FALSE,23200,0235,1783022725,2026-07-02T20:05:32Z,2026-07-02T20:05:32Z,2026-07-02T20:05:23Z,2.2,https://gbfs.kappa.fifteen.eu/gbfs/2.2/mobi/en/gbfs.json,https://gbfs.kappa.fifteen.eu/gbfs/2.2/mobi/en/free_bike_status.json,2026-07-02T20:05:31Z,2026-07-02T20:05:31Z
mobi_vancouver,mobi_vancouver_98039b3c-cfe6-4c4e-8b9d-7e9eb48cce71,98039b3c-cfe6-4c4e-8b9d-7e9eb48cce71,49.273103,-123.069892,1,FALSE,FALSE,23200,0235,1783022725,2026-07-02T20:05:32Z,2026-07-02T20:05:32Z,2026-07-02T20:05:23Z,2.2,https://gbfs.kappa.fifteen.eu/gbfs/2.2/mobi/en/gbfs.json,https://gbfs.kappa.fifteen.eu/gbfs/2.2/mobi/en/free_bike_status.json,2026-07-02T20:05:31Z,2026-07-02T20:05:31Z
mobi_vancouver,mobi_vancouver_8a31a8ed-0945-48c1-8492-4cdb7ac124e3,8a31a8ed-0945-48c1-8492-4cdb7ac124e3,49.274881,-123.069323,1,FALSE,FALSE,23200,0231,1783022725,2026-07-02T20:05:32Z,2026-07-02T20:05:32Z,2026-07-02T20:05:23Z,2.2,https://gbfs.kappa.fifteen.eu/gbfs/2.2/mobi/en/gbfs.json,https://gbfs.kappa.fifteen.eu/gbfs/2.2/mobi/en/free_bike_status.json,2026-07-02T20:05:31Z,2026-07-02T20:05:31Z
mobi_vancouver,mobi_vancouver_ea7d22c5-78cc-49c4-a0e4-321e76858b3e,ea7d22c5-78cc-49c4-a0e4-321e76858b3e,49.274881,-123.069323,1,FALSE,FALSE,23200,0231,1783022725,2026-07-02T20:05:32Z,2026-07-02T20:05:32Z,2026-07-02T20:05:23Z,2.2,https://gbfs.kappa.fifteen.eu/gbfs/2.2/mobi/en/gbfs.json,https://gbfs.kappa.fifteen.eu/gbfs/2.2/mobi/en/free_bike_status.json,2026-07-02T20:05:31Z,2026-07-02T20:05:31Z
mobi_vancouver,mobi_vancouver_dd8801ce-e466-4c34-993c-70ff7aa0565e,dd8801ce-e466-4c34-993c-70ff7aa0565e,49.277665,-123.073653,1,FALSE,FALSE,23200,0222,1783022725,2026-07-02T20:05:32Z,2026-07-02T20:05:32Z,2026-07-02T20:05:23Z,2.2,https://gbfs.kappa.fifteen.eu/gbfs/2.2/mobi/en/gbfs.json,https://gbfs.kappa.fifteen.eu/gbfs/2.2/mobi/en/free_bike_status.json,2026-07-02T20:05:31Z,2026-07-02T20:05:31Z
mobi_vancouver,mobi_vancouver_967dcf6f-1d62-4a0f-84ca-6f4678dd475c,967dcf6f-1d62-4a0f-84ca-6f4678dd475c,49.28117,-123.104419,1,FALSE,FALSE,23200,0098,1783022725,2026-07-02T20:05:32Z,2026-07-02T20:05:32Z,2026-07-02T20:05:23Z,2.2,https://gbfs.kappa.fifteen.eu/gbfs/2.2/mobi/en/gbfs.json,https://gbfs.kappa.fifteen.eu/gbfs/2.2/mobi/en/free_bike_status.json,2026-07-02T20:05:31Z,2026-07-02T20:05:31Z
mobi_vancouver,mobi_vancouver_7b294619-cf75-4fda-b037-6560fbad36fd,7b294619-cf75-4fda-b037-6560fbad36fd,49.283992,-123.091206,1,FALSE,FALSE,23200,0230,1783022725,2026-07-02T20:05:32Z,2026-07-02T20:05:32Z,2026-07-02T20:05:23Z,2.2,https://gbfs.kappa.fifteen.eu/gbfs/2.2/mobi/en/gbfs.json,https://gbfs.kappa.fifteen.eu/gbfs/2.2/mobi/en/free_bike_status.json,2026-07-02T20:05:31Z,2026-07-02T20:05:31Z
mobi_vancouver,mobi_vancouver_0d44037e-8f9f-4f16-b709-39aa8209dd1a,0d44037e-8f9f-4f16-b709-39aa8209dd1a,49.277469,-123.081315,1,FALSE,FALSE,23200,0221,1783022725,2026-07-02T20:05:32Z,2026-07-02T20:05:32Z,2026-07-02T20:05:23Z,2.2,https://gbfs.kappa.fifteen.eu/gbfs/2.2/mobi/en/gbfs.json,https://gbfs.kappa.fifteen.eu/gbfs/2.2/mobi/en/free_bike_status.json,2026-07-02T20:05:31Z,2026-07-02T20:05:31Z
mobi_vancouver,mobi_vancouver_35ae74a7-01d0-4612-a797-52fb3f4ffdbc,35ae74a7-01d0-4612-a797-52fb3f4ffdbc,49.266751,-123.073501,1,FALSE,FALSE,23200,0250,1783022725,2026-07-02T20:05:32Z,2026-07-02T20:05:32Z,2026-07-02T20:05:23Z,2.2,https://gbfs.kappa.fifteen.eu/gbfs/2.2/mobi/en/gbfs.json,https://gbfs.kappa.fifteen.eu/gbfs/2.2/mobi/en/free_bike_status.json,2026-07-02T20:05:31Z,2026-07-02T20:05:31Z
mobi_vancouver,mobi_vancouver_d60851ea-25d6-40e9-bc2b-cecddc562256,d60851ea-25d6-40e9-bc2b-cecddc562256,49.266751,-123.073501,1,FALSE,FALSE,23200,0250,1783022725,2026-07-02T20:05:32Z,2026-07-02T20:05:32Z,2026-07-02T20:05:23Z,2.2,https://gbfs.kappa.fifteen.eu/gbfs/2.2/mobi/en/gbfs.json,https://gbfs.kappa.fifteen.eu/gbfs/2.2/mobi/en/free_bike_status.json,2026-07-02T20:05:31Z,2026-07-02T20:05:31Z
mobi_vancouver,mobi_vancouver_fe5c3945-0f3d-4828-b723-befc05d14a9e,fe5c3945-0f3d-4828-b723-befc05d14a9e,49.261188,-123.066009,1,FALSE,FALSE,23200,0274,1783022725,2026-07-02T20:05:32Z,2026-07-02T20:05:32Z,2026-07-02T20:05:23Z,2.2,https://gbfs.kappa.fifteen.eu/gbfs/2.2/mobi/en/gbfs.json,https://gbfs.kappa.fifteen.eu/gbfs/2.2/mobi/en/free_bike_status.json,2026-07-02T20:05:31Z,2026-07-02T20:05:31Z
mobi_vancouver,mobi_vancouver_792c4d1e-c4ef-4c66-98d2-30db2a4d7b8d,792c4d1e-c4ef-4c66-98d2-30db2a4d7b8d,49.261188,-123.066009,1,FALSE,FALSE,23200,0274,1783022725,2026-07-02T20:05:32Z,2026-07-02T20:05:32Z,2026-07-02T20:05:23Z,2.2,https://gbfs.kappa.fifteen.eu/gbfs/2.2/mobi/en/gbfs.json,https://gbfs.kappa.fifteen.eu/gbfs/2.2/mobi/en/free_bike_status.json,2026-07-02T20:05:31Z,2026-07-02T20:05:31Z
mobi_vancouver,mobi_vancouver_94d9cd33-3405-412f-99b0-fbe96d6dac94,94d9cd33-3405-412f-99b0-fbe96d6dac94,49.266725,-123.065925,1,FALSE,FALSE,23200,0273,1783022725,2026-07-02T20:05:32Z,2026-07-02T20:05:32Z,2026-07-02T20:05:23Z,2.2,https://gbfs.kappa.fifteen.eu/gbfs/2.2/mobi/en/gbfs.json,https://gbfs.kappa.fifteen.eu/gbfs/2.2/mobi/en/free_bike_status.json,2026-07-02T20:05:31Z,2026-07-02T20:05:31Z
mobi_vancouver,mobi_vancouver_d36fc1fb-46c0-4c64-a030-619b16ba0d37,d36fc1fb-46c0-4c64-a030-619b16ba0d37,49.283236,-123.070443,1,FALSE,FALSE,23200,0285,1783022725,2026-07-02T20:05:32Z,2026-07-02T20:05:32Z,2026-07-02T20:05:23Z,2.2,https://gbfs.kappa.fifteen.eu/gbfs/2.2/mobi/en/gbfs.json,https://gbfs.kappa.fifteen.eu/gbfs/2.2/mobi/en/free_bike_status.json,2026-07-02T20:05:31Z,2026-07-02T20:05:31Z
mobi_vancouver,mobi_vancouver_66eaebb9-bf3e-4651-ad41-10b0692649d4,66eaebb9-bf3e-4651-ad41-10b0692649d4,49.256857,-123.065646,1,FALSE,FALSE,23200,0278,1783022725,2026-07-02T20:05:32Z,2026-07-02T20:05:32Z,2026-07-02T20:05:23Z,2.2,https://gbfs.kappa.fifteen.eu/gbfs/2.2/mobi/en/gbfs.json,https://gbfs.kappa.fifteen.eu/gbfs/2.2/mobi/en/free_bike_status.json,2026-07-02T20:05:31Z,2026-07-02T20:05:31Z
mobi_vancouver,mobi_vancouver_2e626638-1071-43ee-8a5b-7391c99e7802,2e626638-1071-43ee-8a5b-7391c99e7802,49.256857,-123.065646,1,FALSE,FALSE,23200,0278,1783022725,2026-07-02T20:05:32Z,2026-07-02T20:05:32Z,2026-07-02T20:05:23Z,2.2,https://gbfs.kappa.fifteen.eu/gbfs/2.2/mobi/en/gbfs.json,https://gbfs.kappa.fifteen.eu/gbfs/2.2/mobi/en/free_bike_status.json,2026-07-02T20:05:31Z,2026-07-02T20:05:31Z
mobi_vancouver,mobi_vancouver_7c64e7f5-2dda-456a-b680-14cfb0d15395,7c64e7f5-2dda-456a-b680-14cfb0d15395,49.273777,-123.092723,1,FALSE,FALSE,23200,0233,1783022725,2026-07-02T20:05:32Z,2026-07-02T20:05:32Z,2026-07-02T20:05:23Z,2.2,https://gbfs.kappa.fifteen.eu/gbfs/2.2/mobi/en/gbfs.json,https://gbfs.kappa.fifteen.eu/gbfs/2.2/mobi/en/free_bike_status.json,2026-07-02T20:05:31Z,2026-07-02T20:05:31Z
mobi_vancouver,mobi_vancouver_8729693d-5e88-4456-8702-da334dc7890f,8729693d-5e88-4456-8702-da334dc7890f,49.27033,-123.10275,1,FALSE,FALSE,23200,0177,1783022725,2026-07-02T20:05:32Z,2026-07-02T20:05:32Z,2026-07-02T20:05:23Z,2.2,https://gbfs.kappa.fifteen.eu/gbfs/2.2/mobi/en/gbfs.json,https://gbfs.kappa.fifteen.eu/gbfs/2.2/mobi/en/free_bike_status.json,2026-07-02T20:05:31Z,2026-07-02T20:05:31Z
mobi_vancouver,mobi_vancouver_c60db2d6-beb5-43ba-9b1e-1c3e352e3220,c60db2d6-beb5-43ba-9b1e-1c3e352e3220,49.27033,-123.10275,1,FALSE,FALSE,23200,0177,1783022725,2026-07-02T20:05:32Z,2026-07-02T20:05:32Z,2026-07-02T20:05:23Z,2.2,https://gbfs.kappa.fifteen.eu/gbfs/2.2/mobi/en/gbfs.json,https://gbfs.kappa.fifteen.eu/gbfs/2.2/mobi/en/free_bike_status.json,2026-07-02T20:05:31Z,2026-07-02T20:05:31Z
mobi_vancouver,mobi_vancouver_0a446a04-3fe8-4d15-8604-7119d0e4dc12,0a446a04-3fe8-4d15-8604-7119d0e4dc12,49.277333,-123.087359,1,FALSE,FALSE,23200,0219,1783022725,2026-07-02T20:05:32Z,2026-07-02T20:05:32Z,2026-07-02T20:05:23Z,2.2,https://gbfs.kappa.fifteen.eu/gbfs/2.2/mobi/en/gbfs.json,https://gbfs.kappa.fifteen.eu/gbfs/2.2/mobi/en/free_bike_status.json,2026-07-02T20:05:31Z,2026-07-02T20:05:31Z
mobi_vancouver,mobi_vancouver_668a6dfd-a7ab-4faf-9796-75e51ad00be5,668a6dfd-a7ab-4faf-9796-75e51ad00be5,49.284893,-123.128685,1,FALSE,FALSE,23200,0300,1783022725,2026-07-02T20:05:32Z,2026-07-02T20:05:32Z,2026-07-02T20:05:23Z,2.2,https://gbfs.kappa.fifteen.eu/gbfs/2.2/mobi/en/gbfs.json,https://gbfs.kappa.fifteen.eu/gbfs/2.2/mobi/en/free_bike_status.json,2026-07-02T20:05:31Z,2026-07-02T20:05:31Z
mobi_vancouver,mobi_vancouver_6d916c86-2ecd-40e6-ab1e-6229aa54f669,6d916c86-2ecd-40e6-ab1e-6229aa54f669,49.271044,-123.170661,1,FALSE,FALSE,23200,0450,1783022725,2026-07-02T20:05:32Z,2026-07-02T20:05:32Z,2026-07-02T20:05:23Z,2.2,https://gbfs.kappa.fifteen.eu/gbfs/2.2/mobi/en/gbfs.json,https://gbfs.kappa.fifteen.eu/gbfs/2.2/mobi/en/free_bike_status.json,2026-07-02T20:05:31Z,2026-07-02T20:05:31Z
mobi_vancouver,mobi_vancouver_ab10fcea-1e16-424a-9a0d-26b1791ac4ee,ab10fcea-1e16-424a-9a0d-26b1791ac4ee,49.271044,-123.170661,1,FALSE,FALSE,23200,0450,1783022725,2026-07-02T20:05:32Z,2026-07-02T20:05:32Z,2026-07-02T20:05:23Z,2.2,https://gbfs.kappa.fifteen.eu/gbfs/2.2/mobi/en/gbfs.json,https://gbfs.kappa.fifteen.eu/gbfs/2.2/mobi/en/free_bike_status.json,2026-07-02T20:05:31Z,2026-07-02T20:05:31Z
mobi_vancouver,mobi_vancouver_17c94c81-ec05-4a99-9317-505925c17194,17c94c81-ec05-4a99-9317-505925c17194,49.264326,-123.164725,1,FALSE,FALSE,23200,0464,1783022725,2026-07-02T20:05:32Z,2026-07-02T20:05:32Z,2026-07-02T20:05:23Z,2.2,https://gbfs.kappa.fifteen.eu/gbfs/2.2/mobi/en/gbfs.json,https://gbfs.kappa.fifteen.eu/gbfs/2.2/mobi/en/free_bike_status.json,2026-07-02T20:05:31Z,2026-07-02T20:05:31Z
mobi_vancouver,mobi_vancouver_eb453ac0-a1e4-4cf2-ba5c-bb53790a6731,eb453ac0-a1e4-4cf2-ba5c-bb53790a6731,49.259579,-123.114769,1,FALSE,FALSE,23200,0311,1783022725,2026-07-02T20:05:32Z,2026-07-02T20:05:32Z,2026-07-02T20:05:23Z,2.2,https://gbfs.kappa.fifteen.eu/gbfs/2.2/mobi/en/gbfs.json,https://gbfs.kappa.fifteen.eu/gbfs/2.2/mobi/en/free_bike_status.json,2026-07-02T20:05:31Z,2026-07-02T20:05:31Z
mobi_vancouver,mobi_vancouver_14e954d3-6e0b-4fd0-8d2f-9357a13e148c,14e954d3-6e0b-4fd0-8d2f-9357a13e148c,49.259579,-123.114769,1,FALSE,FALSE,23200,0311,1783022725,2026-07-02T20:05:32Z,2026-07-02T20:05:32Z,2026-07-02T20:05:23Z,2.2,https://gbfs.kappa.fifteen.eu/gbfs/2.2/mobi/en/gbfs.json,https://gbfs.kappa.fifteen.eu/gbfs/2.2/mobi/en/free_bike_status.json,2026-07-02T20:05:31Z,2026-07-02T20:05:31Z
mobi_vancouver,mobi_vancouver_9965c010-0dd7-4ee8-9784-a19256d0423b,9965c010-0dd7-4ee8-9784-a19256d0423b,49.289071,-123.138407,1,FALSE,FALSE,23200,0313,1783022725,2026-07-02T20:05:32Z,2026-07-02T20:05:32Z,2026-07-02T20:05:23Z,2.2,https://gbfs.kappa.fifteen.eu/gbfs/2.2/mobi/en/gbfs.json,https://gbfs.kappa.fifteen.eu/gbfs/2.2/mobi/en/free_bike_status.json,2026-07-02T20:05:31Z,2026-07-02T20:05:31Z
mobi_vancouver,mobi_vancouver_0a7caf2c-2ff4-4a06-a607-8719fdd36bea,0a7caf2c-2ff4-4a06-a607-8719fdd36bea,49.245135,-123.116098,1,FALSE,FALSE,23200,0526,1783022725,2026-07-02T20:05:32Z,2026-07-02T20:05:32Z,2026-07-02T20:05:23Z,2.2,https://gbfs.kappa.fifteen.eu/gbfs/2.2/mobi/en/gbfs.json,https://gbfs.kappa.fifteen.eu/gbfs/2.2/mobi/en/free_bike_status.json,2026-07-02T20:05:31Z,2026-07-02T20:05:31Z
mobi_vancouver,mobi_vancouver_2a735e10-5625-469c-b6ea-c71b42b93bbd,2a735e10-5625-469c-b6ea-c71b42b93bbd,49.283482,-123.103738,1,FALSE,FALSE,23200,0013,1783022725,2026-07-02T20:05:32Z,2026-07-02T20:05:32Z,2026-07-02T20:05:23Z,2.2,https://gbfs.kappa.fifteen.eu/gbfs/2.2/mobi/en/gbfs.json,https://gbfs.kappa.fifteen.eu/gbfs/2.2/mobi/en/free_bike_status.json,2026-07-02T20:05:31Z,2026-07-02T20:05:31Z
mobi_vancouver,mobi_vancouver_a08ecf85-c2f0-4221-96f0-f6eb31e68b0a,a08ecf85-c2f0-4221-96f0-f6eb31e68b0a,49.269172,-123.25279,1,FALSE,FALSE,23200,2131,1783022725,2026-07-02T20:05:32Z,2026-07-02T20:05:32Z,2026-07-02T20:05:23Z,2.2,https://gbfs.kappa.fifteen.eu/gbfs/2.2/mobi/en/gbfs.json,https://gbfs.kappa.fifteen.eu/gbfs/2.2/mobi/en/free_bike_status.json,2026-07-02T20:05:31Z,2026-07-02T20:05:31Z
mobi_vancouver,mobi_vancouver_b1841a48-f635-4d3c-aa11-287af3657d5e,b1841a48-f635-4d3c-aa11-287af3657d5e,49.293264,-123.132861,1,FALSE,FALSE,23200,0181,1783022725,2026-07-02T20:05:32Z,2026-07-02T20:05:32Z,2026-07-02T20:05:23Z,2.2,https://gbfs.kappa.fifteen.eu/gbfs/2.2/mobi/en/gbfs.json,https://gbfs.kappa.fifteen.eu/gbfs/2.2/mobi/en/free_bike_status.json,2026-07-02T20:05:31Z,2026-07-02T20:05:31Z
mobi_vancouver,mobi_vancouver_f5ad0111-8cd7-45e6-8327-0234fcd13ae6,f5ad0111-8cd7-45e6-8327-0234fcd13ae6,49.27549,-123.12882,1,FALSE,FALSE,23200,0318,1783022725,2026-07-02T20:05:32Z,2026-07-02T20:05:32Z,2026-07-02T20:05:23Z,2.2,https://gbfs.kappa.fifteen.eu/gbfs/2.2/mobi/en/gbfs.json,https://gbfs.kappa.fifteen.eu/gbfs/2.2/mobi/en/free_bike_status.json,2026-07-02T20:05:31Z,2026-07-02T20:05:31Z
mobi_vancouver,mobi_vancouver_21c6194a-dfc3-4c53-85fe-63efd4f92740,21c6194a-dfc3-4c53-85fe-63efd4f92740,49.2749,-123.12898,1,FALSE,FALSE,23200,0319,1783022725,2026-07-02T20:05:32Z,2026-07-02T20:05:32Z,2026-07-02T20:05:23Z,2.2,https://gbfs.kappa.fifteen.eu/gbfs/2.2/mobi/en/gbfs.json,https://gbfs.kappa.fifteen.eu/gbfs/2.2/mobi/en/free_bike_status.json,2026-07-02T20:05:31Z,2026-07-02T20:05:31Z
mobi_vancouver,mobi_vancouver_6da9249e-357b-4938-9194-d2e55d89bfcf,6da9249e-357b-4938-9194-d2e55d89bfcf,49.28668,-123.04457,1,FALSE,FALSE,23200,0643,1783022725,2026-07-02T20:05:32Z,2026-07-02T20:05:32Z,2026-07-02T20:05:23Z,2.2,https://gbfs.kappa.fifteen.eu/gbfs/2.2/mobi/en/gbfs.json,https://gbfs.kappa.fifteen.eu/gbfs/2.2/mobi/en/free_bike_status.json,2026-07-02T20:05:31Z,2026-07-02T20:05:31Z
mobi_vancouver,mobi_vancouver_02f65a90-35c0-480d-97a8-2812b69a5305,02f65a90-35c0-480d-97a8-2812b69a5305,49.282055,-123.133045,1,FALSE,FALSE,23600,0187,1783022725,2026-07-02T20:05:32Z,2026-07-02T20:05:32Z,2026-07-02T20:05:23Z,2.2,https://gbfs.kappa.fifteen.eu/gbfs/2.2/mobi/en/gbfs.json,https://gbfs.kappa.fifteen.eu/gbfs/2.2/mobi/en/free_bike_status.json,2026-07-02T20:05:31Z,2026-07-02T20:05:31Z
mobi_vancouver,mobi_vancouver_006e738f-81d9-4ccf-9f42-411ed29b598c,006e738f-81d9-4ccf-9f42-411ed29b598c,49.282055,-123.133045,1,FALSE,FALSE,23600,0187,1783022725,2026-07-02T20:05:32Z,2026-07-02T20:05:32Z,2026-07-02T20:05:23Z,2.2,https://gbfs.kappa.fifteen.eu/gbfs/2.2/mobi/en/gbfs.json,https://gbfs.kappa.fifteen.eu/gbfs/2.2/mobi/en/free_bike_status.json,2026-07-02T20:05:31Z,2026-07-02T20:05:31Z
mobi_vancouver,mobi_vancouver_a37c8ef4-8511-4ee7-9939-31de2cca47a6,a37c8ef4-8511-4ee7-9939-31de2cca47a6,49.270877,-123.115103,1,FALSE,FALSE,23600,0009,1783022725,2026-07-02T20:05:32Z,2026-07-02T20:05:32Z,2026-07-02T20:05:23Z,2.2,https://gbfs.kappa.fifteen.eu/gbfs/2.2/mobi/en/gbfs.json,https://gbfs.kappa.fifteen.eu/gbfs/2.2/mobi/en/free_bike_status.json,2026-07-02T20:05:31Z,2026-07-02T20:05:31Z
mobi_vancouver,mobi_vancouver_50fc1495-5b47-46e2-91f0-3607a8add80d,50fc1495-5b47-46e2-91f0-3607a8add80d,49.271721,-123.104207,1,FALSE,FALSE,23600,0011,1783022725,2026-07-02T20:05:32Z,2026-07-02T20:05:32Z,2026-07-02T20:05:23Z,2.2,https://gbfs.kappa.fifteen.eu/gbfs/2.2/mobi/en/gbfs.json,https://gbfs.kappa.fifteen.eu/gbfs/2.2/mobi/en/free_bike_status.json,2026-07-02T20:05:31Z,2026-07-02T20:05:31Z
mobi_vancouver,mobi_vancouver_f761dbac-6b40-44be-a113-48a6e7a132b7,f761dbac-6b40-44be-a113-48a6e7a132b7,49.271721,-123.104207,1,FALSE,FALSE,23600,0011,1783022725,2026-07-02T20:05:32Z,2026-07-02T20:05:32Z,2026-07-02T20:05:23Z,2.2,https://gbfs.kappa.fifteen.eu/gbfs/2.2/mobi/en/gbfs.json,https://gbfs.kappa.fifteen.eu/gbfs/2.2/mobi/en/free_bike_status.json,2026-07-02T20:05:31Z,2026-07-02T20:05:31Z
mobi_vancouver,mobi_vancouver_95a813b8-99be-4f3d-9534-6f72d3cf6da2,95a813b8-99be-4f3d-9534-6f72d3cf6da2,49.279764,-123.110154,1,FALSE,FALSE,23600,0005,1783022725,2026-07-02T20:05:32Z,2026-07-02T20:05:32Z,2026-07-02T20:05:23Z,2.2,https://gbfs.kappa.fifteen.eu/gbfs/2.2/mobi/en/gbfs.json,https://gbfs.kappa.fifteen.eu/gbfs/2.2/mobi/en/free_bike_status.json,2026-07-02T20:05:31Z,2026-07-02T20:05:31Z
mobi_vancouver,mobi_vancouver_b827ecc6-666e-4f62-a0b5-ffa4a9f9c311,b827ecc6-666e-4f62-a0b5-ffa4a9f9c311,49.282409,-123.118541,1,FALSE,FALSE,23600,0015,1783022725,2026-07-02T20:05:32Z,2026-07-02T20:05:32Z,2026-07-02T20:05:23Z,2.2,https://gbfs.kappa.fifteen.eu/gbfs/2.2/mobi/en/gbfs.json,https://gbfs.kappa.fifteen.eu/gbfs/2.2/mobi/en/free_bike_status.json,2026-07-02T20:05:31Z,2026-07-02T20:05:31Z
mobi_vancouver,mobi_vancouver_9445010b-c5a0-4b9c-9a42-e42ae49ef2d6,9445010b-c5a0-4b9c-9a42-e42ae49ef2d6,49.28602,-123.116624,1,FALSE,FALSE,23600,0024,1783022725,2026-07-02T20:05:32Z,2026-07-02T20:05:32Z,2026-07-02T20:05:23Z,2.2,https://gbfs.kappa.fifteen.eu/gbfs/2.2/mobi/en/gbfs.json,https://gbfs.kappa.fifteen.eu/gbfs/2.2/mobi/en/free_bike_status.json,2026-07-02T20:05:31Z,2026-07-02T20:05:31Z
mobi_vancouver,mobi_vancouver_fc3f6fc0-ff9b-4bbd-a04e-fd207c5e3ce3,fc3f6fc0-ff9b-4bbd-a04e-fd207c5e3ce3,49.285871,-123.12105,1,FALSE,FALSE,23600,0002,1783022725,2026-07-02T20:05:32Z,2026-07-02T20:05:32Z,2026-07-02T20:05:23Z,2.2,https://gbfs.kappa.fifteen.eu/gbfs/2.2/mobi/en/gbfs.json,https://gbfs.kappa.fifteen.eu/gbfs/2.2/mobi/en/free_bike_status.json,2026-07-02T20:05:31Z,2026-07-02T20:05:31Z
mobi_vancouver,mobi_vancouver_b9e3d318-cec5-47c5-a9a5-a0f3fcfc8129,b9e3d318-cec5-47c5-a9a5-a0f3fcfc8129,49.269361,-123.13782,1,FALSE,FALSE,23600,0066,1783022725,2026-07-02T20:05:32Z,2026-07-02T20:05:32Z,2026-07-02T20:05:23Z,2.2,https://gbfs.kappa.fifteen.eu/gbfs/2.2/mobi/en/gbfs.json,https://gbfs.kappa.fifteen.eu/gbfs/2.2/mobi/en/free_bike_status.json,2026-07-02T20:05:31Z,2026-07-02T20:05:31Z
mobi_vancouver,mobi_vancouver_ea204a6c-1bf7-4946-80a5-0de5455b6703,ea204a6c-1bf7-4946-80a5-0de5455b6703,49.269361,-123.13782,1,FALSE,FALSE,23600,0066,1783022725,2026-07-02T20:05:32Z,2026-07-02T20:05:32Z,2026-07-02T20:05:23Z,2.2,https://gbfs.kappa.fifteen.eu/gbfs/2.2/mobi/en/gbfs.json,https://gbfs.kappa.fifteen.eu/gbfs/2.2/mobi/en/free_bike_status.json,2026-07-02T20:05:31Z,2026-07-02T20:05:31Z
mobi_vancouver,mobi_vancouver_0f099719-ec61-49c6-ba3a-eba725b92106,0f099719-ec61-49c6-ba3a-eba725b92106,49.273833,-123.114373,1,FALSE,FALSE,23600,0057,1783022725,2026-07-02T20:05:32Z,2026-07-02T20:05:32Z,2026-07-02T20:05:23Z,2.2,https://gbfs.kappa.fifteen.eu/gbfs/2.2/mobi/en/gbfs.json,https://gbfs.kappa.fifteen.eu/gbfs/2.2/mobi/en/free_bike_status.json,2026-07-02T20:05:31Z,2026-07-02T20:05:31Z
mobi_vancouver,mobi_vancouver_21e0a19a-04f9-4483-991f-25c2932fa4ef,21e0a19a-04f9-4483-991f-25c2932fa4ef,49.273833,-123.114373,1,FALSE,FALSE,23600,0057,1783022725,2026-07-02T20:05:32Z,2026-07-02T20:05:32Z,2026-07-02T20:05:23Z,2.2,https://gbfs.kappa.fifteen.eu/gbfs/2.2/mobi/en/gbfs.json,https://gbfs.kappa.fifteen.eu/gbfs/2.2/mobi/en/free_bike_status.json,2026-07-02T20:05:31Z,2026-07-02T20:05:31Z
mobi_vancouver,mobi_vancouver_cedb9e9d-f501-4193-9684-a329853b226f,cedb9e9d-f501-4193-9684-a329853b226f,49.280216,-123.117639,2,FALSE,FALSE,23600,0129,1783022725,2026-07-02T20:05:32Z,2026-07-02T20:05:32Z,2026-07-02T20:05:23Z,2.2,https://gbfs.kappa.fifteen.eu/gbfs/2.2/mobi/en/gbfs.json,https://gbfs.kappa.fifteen.eu/gbfs/2.2/mobi/en/free_bike_status.json,2026-07-02T20:05:31Z,2026-07-02T20:05:31Z
mobi_vancouver,mobi_vancouver_7bc80892-8adb-40f4-b646-ea18b7633449,7bc80892-8adb-40f4-b646-ea18b7633449,49.287528,-123.142139,1,FALSE,FALSE,23600,0028,1783022725,2026-07-02T20:05:32Z,2026-07-02T20:05:32Z,2026-07-02T20:05:23Z,2.2,https://gbfs.kappa.fifteen.eu/gbfs/2.2/mobi/en/gbfs.json,https://gbfs.kappa.fifteen.eu/gbfs/2.2/mobi/en/free_bike_status.json,2026-07-02T20:05:31Z,2026-07-02T20:05:31Z
mobi_vancouver,mobi_vancouver_b129e7a3-b87a-494a-978e-473f65df476b,b129e7a3-b87a-494a-978e-473f65df476b,49.258763,-123.115392,1,FALSE,FALSE,23600,0072,1783022725,2026-07-02T20:05:32Z,2026-07-02T20:05:32Z,2026-07-02T20:05:23Z,2.2,https://gbfs.kappa.fifteen.eu/gbfs/2.2/mobi/en/gbfs.json,https://gbfs.kappa.fifteen.eu/gbfs/2.2/mobi/en/free_bike_status.json,2026-07-02T20:05:31Z,2026-07-02T20:05:31Z
mobi_vancouver,mobi_vancouver_b818f550-96aa-46c1-96c3-db09e4837616,b818f550-96aa-46c1-96c3-db09e4837616,49.268269,-123.147885,1,FALSE,FALSE,23600,0076,1783022725,2026-07-02T20:05:32Z,2026-07-02T20:05:32Z,2026-07-02T20:05:23Z,2.2,https://gbfs.kappa.fifteen.eu/gbfs/2.2/mobi/en/gbfs.json,https://gbfs.kappa.fifteen.eu/gbfs/2.2/mobi/en/free_bike_status.json,2026-07-02T20:05:31Z,2026-07-02T20:05:31Z
mobi_vancouver,mobi_vancouver_d5c1a49b-000d-407b-b3f1-6f42bdcb51a0,d5c1a49b-000d-407b-b3f1-6f42bdcb51a0,49.268269,-123.147885,1,FALSE,FALSE,23600,0076,1783022725,2026-07-02T20:05:32Z,2026-07-02T20:05:32Z,2026-07-02T20:05:23Z,2.2,https://gbfs.kappa.fifteen.eu/gbfs/2.2/mobi/en/gbfs.json,https://gbfs.kappa.fifteen.eu/gbfs/2.2/mobi/en/free_bike_status.json,2026-07-02T20:05:31Z,2026-07-02T20:05:31Z
mobi_vancouver,mobi_vancouver_9caebadc-d29b-4de7-b591-f237f76c4ac5,9caebadc-d29b-4de7-b591-f237f76c4ac5,49.266724,-123.104824,1,FALSE,FALSE,23600,0073,1783022725,2026-07-02T20:05:32Z,2026-07-02T20:05:32Z,2026-07-02T20:05:23Z,2.2,https://gbfs.kappa.fifteen.eu/gbfs/2.2/mobi/en/gbfs.json,https://gbfs.kappa.fifteen.eu/gbfs/2.2/mobi/en/free_bike_status.json,2026-07-02T20:05:31Z,2026-07-02T20:05:31Z
mobi_vancouver,mobi_vancouver_b70043a2-69cd-45e2-a8cd-beea13247fd3,b70043a2-69cd-45e2-a8cd-beea13247fd3,49.266724,-123.104824,1,FALSE,FALSE,23600,0073,1783022725,2026-07-02T20:05:32Z,2026-07-02T20:05:32Z,2026-07-02T20:05:23Z,2.2,https://gbfs.kappa.fifteen.eu/gbfs/2.2/mobi/en/gbfs.json,https://gbfs.kappa.fifteen.eu/gbfs/2.2/mobi/en/free_bike_status.json,2026-07-02T20:05:31Z,2026-07-02T20:05:31Z
mobi_vancouver,mobi_vancouver_91563c8b-6ef5-4bf0-a68c-56af80817fc0,91563c8b-6ef5-4bf0-a68c-56af80817fc0,49.266724,-123.104824,1,FALSE,FALSE,23600,0073,1783022725,2026-07-02T20:05:32Z,2026-07-02T20:05:32Z,2026-07-02T20:05:23Z,2.2,https://gbfs.kappa.fifteen.eu/gbfs/2.2/mobi/en/gbfs.json,https://gbfs.kappa.fifteen.eu/gbfs/2.2/mobi/en/free_bike_status.json,2026-07-02T20:05:31Z,2026-07-02T20:05:31Z
mobi_vancouver,mobi_vancouver_56fcb2e6-6b66-4920-b6ee-1c64de3676ce,56fcb2e6-6b66-4920-b6ee-1c64de3676ce,49.284605,-123.108662,1,FALSE,FALSE,23600,0052,1783022725,2026-07-02T20:05:32Z,2026-07-02T20:05:32Z,2026-07-02T20:05:23Z,2.2,https://gbfs.kappa.fifteen.eu/gbfs/2.2/mobi/en/gbfs.json,https://gbfs.kappa.fifteen.eu/gbfs/2.2/mobi/en/free_bike_status.json,2026-07-02T20:05:31Z,2026-07-02T20:05:31Z
mobi_vancouver,mobi_vancouver_380b32a6-338c-438d-af5a-aff6a368dd77,380b32a6-338c-438d-af5a-aff6a368dd77,49.284605,-123.108662,1,FALSE,FALSE,23600,0052,1783022725,2026-07-02T20:05:32Z,2026-07-02T20:05:32Z,2026-07-02T20:05:23Z,2.2,https://gbfs.kappa.fifteen.eu/gbfs/2.2/mobi/en/gbfs.json,https://gbfs.kappa.fifteen.eu/gbfs/2.2/mobi/en/free_bike_status.json,2026-07-02T20:05:31Z,2026-07-02T20:05:31Z
mobi_vancouver,mobi_vancouver_67153e47-8a79-4994-ba40-129c065bb4da,67153e47-8a79-4994-ba40-129c065bb4da,49.256825,-123.105234,1,FALSE,FALSE,23600,0133,1783022725,2026-07-02T20:05:32Z,2026-07-02T20:05:32Z,2026-07-02T20:05:23Z,2.2,https://gbfs.kappa.fifteen.eu/gbfs/2.2/mobi/en/gbfs.json,https://gbfs.kappa.fifteen.eu/gbfs/2.2/mobi/en/free_bike_status.json,2026-07-02T20:05:31Z,2026-07-02T20:05:31Z
mobi_vancouver,mobi_vancouver_9364eec9-bcf6-478e-9e1c-4074ca130e9c,9364eec9-bcf6-478e-9e1c-4074ca130e9c,49.266314,-123.116011,1,FALSE,FALSE,23600,0006,1783022725,2026-07-02T20:05:32Z,2026-07-02T20:05:32Z,2026-07-02T20:05:23Z,2.2,https://gbfs.kappa.fifteen.eu/gbfs/2.2/mobi/en/gbfs.json,https://gbfs.kappa.fifteen.eu/gbfs/2.2/mobi/en/free_bike_status.json,2026-07-02T20:05:31Z,2026-07-02T20:05:31Z
mobi_vancouver,mobi_vancouver_6e1cec95-71af-421c-9cc4-1633cfa17ae5,6e1cec95-71af-421c-9cc4-1633cfa17ae5,49.270721,-123.146175,1,FALSE,FALSE,23600,0108,1783022725,2026-07-02T20:05:32Z,2026-07-02T20:05:32Z,2026-07-02T20:05:23Z,2.2,https://gbfs.kappa.fifteen.eu/gbfs/2.2/mobi/en/gbfs.json,https://gbfs.kappa.fifteen.eu/gbfs/2.2/mobi/en/free_bike_status.json,2026-07-02T20:05:31Z,2026-07-02T20:05:31Z
mobi_vancouver,mobi_vancouver_6dbd9d0b-84ba-444a-a227-9378fe70cc06,6dbd9d0b-84ba-444a-a227-9378fe70cc06,49.27821,-123.136972,1,FALSE,FALSE,23600,0083,1783022725,2026-07-02T20:05:32Z,2026-07-02T20:05:32Z,2026-07-02T20:05:23Z,2.2,https://gbfs.kappa.fifteen.eu/gbfs/2.2/mobi/en/gbfs.json,https://gbfs.kappa.fifteen.eu/gbfs/2.2/mobi/en/free_bike_status.json,2026-07-02T20:05:31Z,2026-07-02T20:05:31Z
mobi_vancouver,mobi_vancouver_0ce2605a-6324-4ff5-a770-44e99512f18b,0ce2605a-6324-4ff5-a770-44e99512f18b,49.284157,-123.099917,1,FALSE,FALSE,23600,0150,1783022725,2026-07-02T20:05:32Z,2026-07-02T20:05:32Z,2026-07-02T20:05:23Z,2.2,https://gbfs.kappa.fifteen.eu/gbfs/2.2/mobi/en/gbfs.json,https://gbfs.kappa.fifteen.eu/gbfs/2.2/mobi/en/free_bike_status.json,2026-07-02T20:05:31Z,2026-07-02T20:05:31Z
mobi_vancouver,mobi_vancouver_61136c5d-ae6e-4f6d-882d-7d7e3ab1373c,61136c5d-ae6e-4f6d-882d-7d7e3ab1373c,49.284157,-123.099917,1,FALSE,FALSE,23600,0150,1783022725,2026-07-02T20:05:32Z,2026-07-02T20:05:32Z,2026-07-02T20:05:23Z,2.2,https://gbfs.kappa.fifteen.eu/gbfs/2.2/mobi/en/gbfs.json,https://gbfs.kappa.fifteen.eu/gbfs/2.2/mobi/en/free_bike_status.json,2026-07-02T20:05:31Z,2026-07-02T20:05:31Z
mobi_vancouver,mobi_vancouver_8c701223-0c76-4073-8517-b348f6fb8bb5,8c701223-0c76-4073-8517-b348f6fb8bb5,49.268339,-123.157443,1,FALSE,FALSE,23600,0159,1783022725,2026-07-02T20:05:32Z,2026-07-02T20:05:32Z,2026-07-02T20:05:23Z,2.2,https://gbfs.kappa.fifteen.eu/gbfs/2.2/mobi/en/gbfs.json,https://gbfs.kappa.fifteen.eu/gbfs/2.2/mobi/en/free_bike_status.json,2026-07-02T20:05:31Z,2026-07-02T20:05:31Z
mobi_vancouver,mobi_vancouver_4c879911-390f-4b68-ab07-768e0f2a62cf,4c879911-390f-4b68-ab07-768e0f2a62cf,49.279342,-123.101822,1,FALSE,FALSE,23600,0055,1783022725,2026-07-02T20:05:32Z,2026-07-02T20:05:32Z,2026-07-02T20:05:23Z,2.2,https://gbfs.kappa.fifteen.eu/gbfs/2.2/mobi/en/gbfs.json,https://gbfs.kappa.fifteen.eu/gbfs/2.2/mobi/en/free_bike_status.json,2026-07-02T20:05:31Z,2026-07-02T20:05:31Z
mobi_vancouver,mobi_vancouver_65a509ae-ce45-49c6-9e0b-5ce93d5051a0,65a509ae-ce45-49c6-9e0b-5ce93d5051a0,49.273355,-123.154493,1,FALSE,FALSE,23600,0154,1783022725,2026-07-02T20:05:32Z,2026-07-02T20:05:32Z,2026-07-02T20:05:23Z,2.2,https://gbfs.kappa.fifteen.eu/gbfs/2.2/mobi/en/gbfs.json,https://gbfs.kappa.fifteen.eu/gbfs/2.2/mobi/en/free_bike_status.json,2026-07-02T20:05:31Z,2026-07-02T20:05:31Z
mobi_vancouver,mobi_vancouver_34316bcc-6661-4731-8e3e-6837e00564ce,34316bcc-6661-4731-8e3e-6837e00564ce,49.273355,-123.154493,1,FALSE,FALSE,23600,0154,1783022725,2026-07-02T20:05:32Z,2026-07-02T20:05:32Z,2026-07-02T20:05:23Z,2.2,https://gbfs.kappa.fifteen.eu/gbfs/2.2/mobi/en/gbfs.json,https://gbfs.kappa.fifteen.eu/gbfs/2.2/mobi/en/free_bike_status.json,2026-07-02T20:05:31Z,2026-07-02T20:05:31Z
mobi_vancouver,mobi_vancouver_4036231a-3fd3-4a71-af31-0657b131d591,4036231a-3fd3-4a71-af31-0657b131d591,49.273355,-123.154493,1,FALSE,FALSE,23600,0154,1783022725,2026-07-02T20:05:32Z,2026-07-02T20:05:32Z,2026-07-02T20:05:23Z,2.2,https://gbfs.kappa.fifteen.eu/gbfs/2.2/mobi/en/gbfs.json,https://gbfs.kappa.fifteen.eu/gbfs/2.2/mobi/en/free_bike_status.json,2026-07-02T20:05:31Z,2026-07-02T20:05:31Z
mobi_vancouver,mobi_vancouver_ef129ef4-879d-4cea-9f69-29003f5f0497,ef129ef4-879d-4cea-9f69-29003f5f0497,49.273355,-123.154493,1,FALSE,FALSE,23600,0154,1783022725,2026-07-02T20:05:32Z,2026-07-02T20:05:32Z,2026-07-02T20:05:23Z,2.2,https://gbfs.kappa.fifteen.eu/gbfs/2.2/mobi/en/gbfs.json,https://gbfs.kappa.fifteen.eu/gbfs/2.2/mobi/en/free_bike_status.json,2026-07-02T20:05:31Z,2026-07-02T20:05:31Z
mobi_vancouver,mobi_vancouver_11c7a374-c43f-43bb-915d-f9a05120f706,11c7a374-c43f-43bb-915d-f9a05120f706,49.277178,-123.13,1,FALSE,FALSE,23600,0196,1783022725,2026-07-02T20:05:32Z,2026-07-02T20:05:32Z,2026-07-02T20:05:23Z,2.2,https://gbfs.kappa.fifteen.eu/gbfs/2.2/mobi/en/gbfs.json,https://gbfs.kappa.fifteen.eu/gbfs/2.2/mobi/en/free_bike_status.json,2026-07-02T20:05:31Z,2026-07-02T20:05:31Z
mobi_vancouver,mobi_vancouver_d2e34266-16ce-469d-bbc1-90bc7e072cd9,d2e34266-16ce-469d-bbc1-90bc7e072cd9,49.268216,-123.103168,1,FALSE,FALSE,23600,0119,1783022725,2026-07-02T20:05:32Z,2026-07-02T20:05:32Z,2026-07-02T20:05:23Z,2.2,https://gbfs.kappa.fifteen.eu/gbfs/2.2/mobi/en/gbfs.json,https://gbfs.kappa.fifteen.eu/gbfs/2.2/mobi/en/free_bike_status.json,2026-07-02T20:05:31Z,2026-07-02T20:05:31Z
mobi_vancouver,mobi_vancouver_815ca4b9-2baa-4481-833e-dbc5318c151e,815ca4b9-2baa-4481-833e-dbc5318c151e,49.268216,-123.103168,1,FALSE,FALSE,23600,0119,1783022725,2026-07-02T20:05:32Z,2026-07-02T20:05:32Z,2026-07-02T20:05:23Z,2.2,https://gbfs.kappa.fifteen.eu/gbfs/2.2/mobi/en/gbfs.json,https://gbfs.kappa.fifteen.eu/gbfs/2.2/mobi/en/free_bike_status.json,2026-07-02T20:05:31Z,2026-07-02T20:05:31Z
mobi_vancouver,mobi_vancouver_b2c2b71d-4c66-443f-9d64-a7fbc70cdaa8,b2c2b71d-4c66-443f-9d64-a7fbc70cdaa8,49.262822,-123.14338,1,FALSE,FALSE,23600,0205,1783022725,2026-07-02T20:05:32Z,2026-07-02T20:05:32Z,2026-07-02T20:05:23Z,2.2,https://gbfs.kappa.fifteen.eu/gbfs/2.2/mobi/en/gbfs.json,https://gbfs.kappa.fifteen.eu/gbfs/2.2/mobi/en/free_bike_status.json,2026-07-02T20:05:31Z,2026-07-02T20:05:31Z
mobi_vancouver,mobi_vancouver_2cc72887-af96-424b-b929-2fc8d68f8820,2cc72887-af96-424b-b929-2fc8d68f8820,49.281301,-123.139108,1,FALSE,FALSE,23600,0084,1783022725,2026-07-02T20:05:32Z,2026-07-02T20:05:32Z,2026-07-02T20:05:23Z,2.2,https://gbfs.kappa.fifteen.eu/gbfs/2.2/mobi/en/gbfs.json,https://gbfs.kappa.fifteen.eu/gbfs/2.2/mobi/en/free_bike_status.json,2026-07-02T20:05:31Z,2026-07-02T20:05:31Z
mobi_vancouver,mobi_vancouver_59b3e975-6989-494c-8612-8676efc64a03,59b3e975-6989-494c-8612-8676efc64a03,49.29534,-123.150433,1,FALSE,FALSE,23600,0102,1783022725,2026-07-02T20:05:32Z,2026-07-02T20:05:32Z,2026-07-02T20:05:23Z,2.2,https://gbfs.kappa.fifteen.eu/gbfs/2.2/mobi/en/gbfs.json,https://gbfs.kappa.fifteen.eu/gbfs/2.2/mobi/en/free_bike_status.json,2026-07-02T20:05:31Z,2026-07-02T20:05:31Z
mobi_vancouver,mobi_vancouver_aa2df3e2-49b9-4842-807b-a8885995bf05,aa2df3e2-49b9-4842-807b-a8885995bf05,49.294318,-123.148808,1,FALSE,FALSE,23600,0104,1783022725,2026-07-02T20:05:32Z,2026-07-02T20:05:32Z,2026-07-02T20:05:23Z,2.2,https://gbfs.kappa.fifteen.eu/gbfs/2.2/mobi/en/gbfs.json,https://gbfs.kappa.fifteen.eu/gbfs/2.2/mobi/en/free_bike_status.json,2026-07-02T20:05:31Z,2026-07-02T20:05:31Z
mobi_vancouver,mobi_vancouver_77ebe488-1d4b-4c03-88eb-c768ddb25153,77ebe488-1d4b-4c03-88eb-c768ddb25153,49.266456,-123.100324,1,FALSE,FALSE,23600,0198,1783022725,2026-07-02T20:05:32Z,2026-07-02T20:05:32Z,2026-07-02T20:05:23Z,2.2,https://gbfs.kappa.fifteen.eu/gbfs/2.2/mobi/en/gbfs.json,https://gbfs.kappa.fifteen.eu/gbfs/2.2/mobi/en/free_bike_status.json,2026-07-02T20:05:31Z,2026-07-02T20:05:31Z
mobi_vancouver,mobi_vancouver_71bdf126-9c80-4102-8d63-1994b9d435ec,71bdf126-9c80-4102-8d63-1994b9d435ec,49.276897,-123.101746,1,FALSE,FALSE,23600,0801,1783022725,2026-07-02T20:05:32Z,2026-07-02T20:05:32Z,2026-07-02T20:05:23Z,2.2,https://gbfs.kappa.fifteen.eu/gbfs/2.2/mobi/en/gbfs.json,https://gbfs.kappa.fifteen.eu/gbfs/2.2/mobi/en/free_bike_status.json,2026-07-02T20:05:31Z,2026-07-02T20:05:31Z
mobi_vancouver,mobi_vancouver_bc00d5d6-c5ea-43e5-8469-4adbdf2f7307,bc00d5d6-c5ea-43e5-8469-4adbdf2f7307,49.27594,-123.21482,1,FALSE,FALSE,23600,0801,1783022725,2026-07-02T20:05:32Z,2026-07-02T20:05:32Z,2026-07-02T20:05:23Z,2.2,https://gbfs.kappa.fifteen.eu/gbfs/2.2/mobi/en/gbfs.json,https://gbfs.kappa.fifteen.eu/gbfs/2.2/mobi/en/free_bike_status.json,2026-07-02T20:05:31Z,2026-07-02T20:05:31Z
mobi_vancouver,mobi_vancouver_ef03f9bc-d88b-4b12-9e4f-d267e1882a98,ef03f9bc-d88b-4b12-9e4f-d267e1882a98,49.278529,-123.100017,1,FALSE,FALSE,23600,0199,1783022725,2026-07-02T20:05:32Z,2026-07-02T20:05:32Z,2026-07-02T20:05:23Z,2.2,https://gbfs.kappa.fifteen.eu/gbfs/2.2/mobi/en/gbfs.json,https://gbfs.kappa.fifteen.eu/gbfs/2.2/mobi/en/free_bike_status.json,2026-07-02T20:05:31Z,2026-07-02T20:05:31Z
mobi_vancouver,mobi_vancouver_dce677db-e1a5-4e00-ba3d-085cf98e58b4,dce677db-e1a5-4e00-ba3d-085cf98e58b4,49.265005,-123.079481,1,FALSE,FALSE,23600,0236,1783022725,2026-07-02T20:05:32Z,2026-07-02T20:05:32Z,2026-07-02T20:05:23Z,2.2,https://gbfs.kappa.fifteen.eu/gbfs/2.2/mobi/en/gbfs.json,https://gbfs.kappa.fifteen.eu/gbfs/2.2/mobi/en/free_bike_status.json,2026-07-02T20:05:31Z,2026-07-02T20:05:31Z
mobi_vancouver,mobi_vancouver_337abbbe-5135-485d-8c0f-d38c4337f406,337abbbe-5135-485d-8c0f-d38c4337f406,49.265005,-123.079481,1,FALSE,FALSE,23600,0236,1783022725,2026-07-02T20:05:32Z,2026-07-02T20:05:32Z,2026-07-02T20:05:23Z,2.2,https://gbfs.kappa.fifteen.eu/gbfs/2.2/mobi/en/gbfs.json,https://gbfs.kappa.fifteen.eu/gbfs/2.2/mobi/en/free_bike_status.json,2026-07-02T20:05:31Z,2026-07-02T20:05:31Z
mobi_vancouver,mobi_vancouver_55e0d06b-a3d4-45d0-af9b-07ba2048d18f,55e0d06b-a3d4-45d0-af9b-07ba2048d18f,49.268616,-123.069908,1,FALSE,FALSE,23600,0240,1783022725,2026-07-02T20:05:32Z,2026-07-02T20:05:32Z,2026-07-02T20:05:23Z,2.2,https://gbfs.kappa.fifteen.eu/gbfs/2.2/mobi/en/gbfs.json,https://gbfs.kappa.fifteen.eu/gbfs/2.2/mobi/en/free_bike_status.json,2026-07-02T20:05:31Z,2026-07-02T20:05:31Z
mobi_vancouver,mobi_vancouver_8241313a-a471-4598-90f0-a34ea2fe8430,8241313a-a471-4598-90f0-a34ea2fe8430,49.263382,-123.088837,1,FALSE,FALSE,23600,0261,1783022725,2026-07-02T20:05:32Z,2026-07-02T20:05:32Z,2026-07-02T20:05:23Z,2.2,https://gbfs.kappa.fifteen.eu/gbfs/2.2/mobi/en/gbfs.json,https://gbfs.kappa.fifteen.eu/gbfs/2.2/mobi/en/free_bike_status.json,2026-07-02T20:05:31Z,2026-07-02T20:05:31Z
mobi_vancouver,mobi_vancouver_d65ab256-dfdb-4aa4-8aa9-6e05e47b5527,d65ab256-dfdb-4aa4-8aa9-6e05e47b5527,49.267266,-123.090786,2,FALSE,FALSE,23600,0287,1783022725,2026-07-02T20:05:32Z,2026-07-02T20:05:32Z,2026-07-02T20:05:23Z,2.2,https://gbfs.kappa.fifteen.eu/gbfs/2.2/mobi/en/gbfs.json,https://gbfs.kappa.fifteen.eu/gbfs/2.2/mobi/en/free_bike_status.json,2026-07-02T20:05:31Z,2026-07-02T20:05:31Z
mobi_vancouver,mobi_vancouver_fa0f0918-0413-42d5-9c35-07cf65dafd58,fa0f0918-0413-42d5-9c35-07cf65dafd58,49.2731,-123.0732,1,FALSE,FALSE,23600,0253,1783022725,2026-07-02T20:05:32Z,2026-07-02T20:05:32Z,2026-07-02T20:05:23Z,2.2,https://gbfs.kappa.fifteen.eu/gbfs/2.2/mobi/en/gbfs.json,https://gbfs.kappa.fifteen.eu/gbfs/2.2/mobi/en/free_bike_status.json,2026-07-02T20:05:31Z,2026-07-02T20:05:31Z
mobi_vancouver,mobi_vancouver_d9a3aee9-e653-476d-a5b2-ed9be62670b9,d9a3aee9-e653-476d-a5b2-ed9be62670b9,49.266751,-123.073501,1,FALSE,FALSE,23600,0250,1783022725,2026-07-02T20:05:32Z,2026-07-02T20:05:32Z,2026-07-02T20:05:23Z,2.2,https://gbfs.kappa.fifteen.eu/gbfs/2.2/mobi/en/gbfs.json,https://gbfs.kappa.fifteen.eu/gbfs/2.2/mobi/en/free_bike_status.json,2026-07-02T20:05:31Z,2026-07-02T20:05:31Z
mobi_vancouver,mobi_vancouver_b2632bcb-817c-40ec-802e-e0e879a0584e,b2632bcb-817c-40ec-802e-e0e879a0584e,49.264251,-123.073853,1,FALSE,FALSE,23600,0249,1783022725,2026-07-02T20:05:32Z,2026-07-02T20:05:32Z,2026-07-02T20:05:23Z,2.2,https://gbfs.kappa.fifteen.eu/gbfs/2.2/mobi/en/gbfs.json,https://gbfs.kappa.fifteen.eu/gbfs/2.2/mobi/en/free_bike_status.json,2026-07-02T20:05:31Z,2026-07-02T20:05:31Z
mobi_vancouver,mobi_vancouver_fa840bfd-8932-476e-a194-31f5fd15a8b3,fa840bfd-8932-476e-a194-31f5fd15a8b3,49.283236,-123.070443,1,FALSE,FALSE,23600,0285,1783022725,2026-07-02T20:05:32Z,2026-07-02T20:05:32Z,2026-07-02T20:05:23Z,2.2,https://gbfs.kappa.fifteen.eu/gbfs/2.2/mobi/en/gbfs.json,https://gbfs.kappa.fifteen.eu/gbfs/2.2/mobi/en/free_bike_status.json,2026-07-02T20:05:31Z,2026-07-02T20:05:31Z
mobi_vancouver,mobi_vancouver_47ad19be-cc8a-438b-aafb-e0be41dfc8fb,47ad19be-cc8a-438b-aafb-e0be41dfc8fb,49.265242,-123.095577,2,FALSE,FALSE,23600,0297,1783022725,2026-07-02T20:05:32Z,2026-07-02T20:05:32Z,2026-07-02T20:05:23Z,2.2,https://gbfs.kappa.fifteen.eu/gbfs/2.2/mobi/en/gbfs.json,https://gbfs.kappa.fifteen.eu/gbfs/2.2/mobi/en/free_bike_status.json,2026-07-02T20:05:31Z,2026-07-02T20:05:31Z
mobi_vancouver,mobi_vancouver_46e174c1-862d-424b-bbc7-f673d37e3bf1,46e174c1-862d-424b-bbc7-f673d37e3bf1,49.273777,-123.092723,1,FALSE,FALSE,23600,0233,1783022725,2026-07-02T20:05:32Z,2026-07-02T20:05:32Z,2026-07-02T20:05:23Z,2.2,https://gbfs.kappa.fifteen.eu/gbfs/2.2/mobi/en/gbfs.json,https://gbfs.kappa.fifteen.eu/gbfs/2.2/mobi/en/free_bike_status.json,2026-07-02T20:05:31Z,2026-07-02T20:05:31Z
mobi_vancouver,mobi_vancouver_504aa1f3-5690-4f24-a70c-c5290f14d2b4,504aa1f3-5690-4f24-a70c-c5290f14d2b4,49.261973,-123.09725,1,FALSE,FALSE,23600,0186,1783022725,2026-07-02T20:05:32Z,2026-07-02T20:05:32Z,2026-07-02T20:05:23Z,2.2,https://gbfs.kappa.fifteen.eu/gbfs/2.2/mobi/en/gbfs.json,https://gbfs.kappa.fifteen.eu/gbfs/2.2/mobi/en/free_bike_status.json,2026-07-02T20:05:31Z,2026-07-02T20:05:31Z
mobi_vancouver,mobi_vancouver_8ad78c6a-f23b-403a-9ec4-841bff52ab73,8ad78c6a-f23b-403a-9ec4-841bff52ab73,49.27033,-123.10275,1,FALSE,FALSE,23600,0177,1783022725,2026-07-02T20:05:32Z,2026-07-02T20:05:32Z,2026-07-02T20:05:23Z,2.2,https://gbfs.kappa.fifteen.eu/gbfs/2.2/mobi/en/gbfs.json,https://gbfs.kappa.fifteen.eu/gbfs/2.2/mobi/en/free_bike_status.json,2026-07-02T20:05:31Z,2026-07-02T20:05:31Z
mobi_vancouver,mobi_vancouver_d471bfbb-b424-4ce0-a81a-953504d9ce36,d471bfbb-b424-4ce0-a81a-953504d9ce36,49.27033,-123.10275,1,FALSE,FALSE,23600,0177,1783022725,2026-07-02T20:05:32Z,2026-07-02T20:05:32Z,2026-07-02T20:05:23Z,2.2,https://gbfs.kappa.fifteen.eu/gbfs/2.2/mobi/en/gbfs.json,https://gbfs.kappa.fifteen.eu/gbfs/2.2/mobi/en/free_bike_status.json,2026-07-02T20:05:31Z,2026-07-02T20:05:31Z
mobi_vancouver,mobi_vancouver_3e17cd81-0157-465f-894a-cc75e81ac7e5,3e17cd81-0157-465f-894a-cc75e81ac7e5,49.257939,-123.089531,1,FALSE,FALSE,23600,0282,1783022725,2026-07-02T20:05:32Z,2026-07-02T20:05:32Z,2026-07-02T20:05:23Z,2.2,https://gbfs.kappa.fifteen.eu/gbfs/2.2/mobi/en/gbfs.json,https://gbfs.kappa.fifteen.eu/gbfs/2.2/mobi/en/free_bike_status.json,2026-07-02T20:05:31Z,2026-07-02T20:05:31Z
mobi_vancouver,mobi_vancouver_a4938657-e658-436e-9402-0a3a801ba48f,a4938657-e658-436e-9402-0a3a801ba48f,49.27551,-123.13307,1,FALSE,FALSE,23600,0045,1783022725,2026-07-02T20:05:32Z,2026-07-02T20:05:32Z,2026-07-02T20:05:23Z,2.2,https://gbfs.kappa.fifteen.eu/gbfs/2.2/mobi/en/gbfs.json,https://gbfs.kappa.fifteen.eu/gbfs/2.2/mobi/en/free_bike_status.json,2026-07-02T20:05:31Z,2026-07-02T20:05:31Z
mobi_vancouver,mobi_vancouver_d0aa0631-e89a-4a58-8f10-b8fcf3bde50f,d0aa0631-e89a-4a58-8f10-b8fcf3bde50f,49.284893,-123.128685,1,FALSE,FALSE,23600,0300,1783022725,2026-07-02T20:05:32Z,2026-07-02T20:05:32Z,2026-07-02T20:05:23Z,2.2,https://gbfs.kappa.fifteen.eu/gbfs/2.2/mobi/en/gbfs.json,https://gbfs.kappa.fifteen.eu/gbfs/2.2/mobi/en/free_bike_status.json,2026-07-02T20:05:31Z,2026-07-02T20:05:31Z
mobi_vancouver,mobi_vancouver_89a75381-0345-4495-b89e-739dd30ee5df,89a75381-0345-4495-b89e-739dd30ee5df,49.284893,-123.128685,1,FALSE,FALSE,23600,0300,1783022725,2026-07-02T20:05:32Z,2026-07-02T20:05:32Z,2026-07-02T20:05:23Z,2.2,https://gbfs.kappa.fifteen.eu/gbfs/2.2/mobi/en/gbfs.json,https://gbfs.kappa.fifteen.eu/gbfs/2.2/mobi/en/free_bike_status.json,2026-07-02T20:05:31Z,2026-07-02T20:05:31Z
mobi_vancouver,mobi_vancouver_865254ff-aeaf-4397-8332-3633304987de,865254ff-aeaf-4397-8332-3633304987de,49.284893,-123.128685,1,FALSE,FALSE,23600,0300,1783022725,2026-07-02T20:05:32Z,2026-07-02T20:05:32Z,2026-07-02T20:05:23Z,2.2,https://gbfs.kappa.fifteen.eu/gbfs/2.2/mobi/en/gbfs.json,https://gbfs.kappa.fifteen.eu/gbfs/2.2/mobi/en/free_bike_status.json,2026-07-02T20:05:31Z,2026-07-02T20:05:31Z
mobi_vancouver,mobi_vancouver_e6e08f11-7f9f-4a34-b97a-3d06133baa5b,e6e08f11-7f9f-4a34-b97a-3d06133baa5b,49.284893,-123.128685,1,FALSE,FALSE,23600,0300,1783022725,2026-07-02T20:05:32Z,2026-07-02T20:05:32Z,2026-07-02T20:05:23Z,2.2,https://gbfs.kappa.fifteen.eu/gbfs/2.2/mobi/en/gbfs.json,https://gbfs.kappa.fifteen.eu/gbfs/2.2/mobi/en/free_bike_status.json,2026-07-02T20:05:31Z,2026-07-02T20:05:31Z
mobi_vancouver,mobi_vancouver_da9ea00f-e4b2-4b6d-aed3-aeece27fc6d9,da9ea00f-e4b2-4b6d-aed3-aeece27fc6d9,49.283298,-123.142288,1,FALSE,FALSE,23600,0142,1783022725,2026-07-02T20:05:32Z,2026-07-02T20:05:32Z,2026-07-02T20:05:23Z,2.2,https://gbfs.kappa.fifteen.eu/gbfs/2.2/mobi/en/gbfs.json,https://gbfs.kappa.fifteen.eu/gbfs/2.2/mobi/en/free_bike_status.json,2026-07-02T20:05:31Z,2026-07-02T20:05:31Z
mobi_vancouver,mobi_vancouver_e070f195-1817-46c8-b6da-7db20a417ae4,e070f195-1817-46c8-b6da-7db20a417ae4,49.27029,-123.135025,1,FALSE,FALSE,23600,0189,1783022725,2026-07-02T20:05:32Z,2026-07-02T20:05:32Z,2026-07-02T20:05:23Z,2.2,https://gbfs.kappa.fifteen.eu/gbfs/2.2/mobi/en/gbfs.json,https://gbfs.kappa.fifteen.eu/gbfs/2.2/mobi/en/free_bike_status.json,2026-07-02T20:05:31Z,2026-07-02T20:05:31Z
mobi_vancouver,mobi_vancouver_d01085ca-2056-4434-9bfd-35e7d47b8152,d01085ca-2056-4434-9bfd-35e7d47b8152,49.27029,-123.135025,1,FALSE,FALSE,23600,0189,1783022725,2026-07-02T20:05:32Z,2026-07-02T20:05:32Z,2026-07-02T20:05:23Z,2.2,https://gbfs.kappa.fifteen.eu/gbfs/2.2/mobi/en/gbfs.json,https://gbfs.kappa.fifteen.eu/gbfs/2.2/mobi/en/free_bike_status.json,2026-07-02T20:05:31Z,2026-07-02T20:05:31Z
mobi_vancouver,mobi_vancouver_c8e607ca-4e2e-4a06-856b-fbe32f79f727,c8e607ca-4e2e-4a06-856b-fbe32f79f727,49.290587,-123.13625,1,FALSE,FALSE,23600,0122,1783022725,2026-07-02T20:05:32Z,2026-07-02T20:05:32Z,2026-07-02T20:05:23Z,2.2,https://gbfs.kappa.fifteen.eu/gbfs/2.2/mobi/en/gbfs.json,https://gbfs.kappa.fifteen.eu/gbfs/2.2/mobi/en/free_bike_status.json,2026-07-02T20:05:31Z,2026-07-02T20:05:31Z
mobi_vancouver,mobi_vancouver_f829b96c-e463-42c6-a39b-35d26bc45cab,f829b96c-e463-42c6-a39b-35d26bc45cab,49.262835,-123.152626,1,FALSE,FALSE,23600,0075,1783022725,2026-07-02T20:05:32Z,2026-07-02T20:05:32Z,2026-07-02T20:05:23Z,2.2,https://gbfs.kappa.fifteen.eu/gbfs/2.2/mobi/en/gbfs.json,https://gbfs.kappa.fifteen.eu/gbfs/2.2/mobi/en/free_bike_status.json,2026-07-02T20:05:31Z,2026-07-02T20:05:31Z
mobi_vancouver,mobi_vancouver_0376186a-3aa7-4b93-9eeb-d8883651f505,0376186a-3aa7-4b93-9eeb-d8883651f505,49.28512,-123.11242,1,FALSE,FALSE,23600,0308,1783022725,2026-07-02T20:05:32Z,2026-07-02T20:05:32Z,2026-07-02T20:05:23Z,2.2,https://gbfs.kappa.fifteen.eu/gbfs/2.2/mobi/en/gbfs.json,https://gbfs.kappa.fifteen.eu/gbfs/2.2/mobi/en/free_bike_status.json,2026-07-02T20:05:31Z,2026-07-02T20:05:31Z
mobi_vancouver,mobi_vancouver_eb0ed4ed-733c-4ac1-a0e9-3da1190291f7,eb0ed4ed-733c-4ac1-a0e9-3da1190291f7,49.27247,-123.185643,1,FALSE,FALSE,23600,0410,1783022725,2026-07-02T20:05:32Z,2026-07-02T20:05:32Z,2026-07-02T20:05:23Z,2.2,https://gbfs.kappa.fifteen.eu/gbfs/2.2/mobi/en/gbfs.json,https://gbfs.kappa.fifteen.eu/gbfs/2.2/mobi/en/free_bike_status.json,2026-07-02T20:05:31Z,2026-07-02T20:05:31Z
mobi_vancouver,mobi_vancouver_9bfa7436-25f4-40dc-8c8a-874e1e3a1011,9bfa7436-25f4-40dc-8c8a-874e1e3a1011,49.27247,-123.185643,1,FALSE,FALSE,23600,0410,1783022725,2026-07-02T20:05:32Z,2026-07-02T20:05:32Z,2026-07-02T20:05:23Z,2.2,https://gbfs.kappa.fifteen.eu/gbfs/2.2/mobi/en/gbfs.json,https://gbfs.kappa.fifteen.eu/gbfs/2.2/mobi/en/free_bike_status.json,2026-07-02T20:05:31Z,2026-07-02T20:05:31Z
mobi_vancouver,mobi_vancouver_f9f7c6bd-0397-44cf-a549-c0ff5a82d994,f9f7c6bd-0397-44cf-a549-c0ff5a82d994,49.272969,-123.164325,1,FALSE,FALSE,23600,0460,1783022725,2026-07-02T20:05:32Z,2026-07-02T20:05:32Z,2026-07-02T20:05:23Z,2.2,https://gbfs.kappa.fifteen.eu/gbfs/2.2/mobi/en/gbfs.json,https://gbfs.kappa.fifteen.eu/gbfs/2.2/mobi/en/free_bike_status.json,2026-07-02T20:05:31Z,2026-07-02T20:05:31Z
mobi_vancouver,mobi_vancouver_7efcd370-d520-4740-b78a-8d7c71d8a6a9,7efcd370-d520-4740-b78a-8d7c71d8a6a9,49.272969,-123.164325,1,FALSE,FALSE,23600,0460,1783022725,2026-07-02T20:05:32Z,2026-07-02T20:05:32Z,2026-07-02T20:05:23Z,2.2,https://gbfs.kappa.fifteen.eu/gbfs/2.2/mobi/en/gbfs.json,https://gbfs.kappa.fifteen.eu/gbfs/2.2/mobi/en/free_bike_status.json,2026-07-02T20:05:31Z,2026-07-02T20:05:31Z
mobi_vancouver,mobi_vancouver_804eb0ec-6161-42ae-88dc-be387b42ec55,804eb0ec-6161-42ae-88dc-be387b42ec55,49.272969,-123.164325,1,FALSE,FALSE,23600,0460,1783022725,2026-07-02T20:05:32Z,2026-07-02T20:05:32Z,2026-07-02T20:05:23Z,2.2,https://gbfs.kappa.fifteen.eu/gbfs/2.2/mobi/en/gbfs.json,https://gbfs.kappa.fifteen.eu/gbfs/2.2/mobi/en/free_bike_status.json,2026-07-02T20:05:31Z,2026-07-02T20:05:31Z
mobi_vancouver,mobi_vancouver_513e8781-87c3-4c2e-a8b0-eac0364cc1ef,513e8781-87c3-4c2e-a8b0-eac0364cc1ef,49.264928,-123.168068,1,FALSE,FALSE,23600,0452,1783022725,2026-07-02T20:05:32Z,2026-07-02T20:05:32Z,2026-07-02T20:05:23Z,2.2,https://gbfs.kappa.fifteen.eu/gbfs/2.2/mobi/en/gbfs.json,https://gbfs.kappa.fifteen.eu/gbfs/2.2/mobi/en/free_bike_status.json,2026-07-02T20:05:31Z,2026-07-02T20:05:31Z
mobi_vancouver,mobi_vancouver_69c19aa7-9dbf-44bf-8e7d-fe8a07016af8,69c19aa7-9dbf-44bf-8e7d-fe8a07016af8,49.264928,-123.168068,1,FALSE,FALSE,23600,0452,1783022725,2026-07-02T20:05:32Z,2026-07-02T20:05:32Z,2026-07-02T20:05:23Z,2.2,https://gbfs.kappa.fifteen.eu/gbfs/2.2/mobi/en/gbfs.json,https://gbfs.kappa.fifteen.eu/gbfs/2.2/mobi/en/free_bike_status.json,2026-07-02T20:05:31Z,2026-07-02T20:05:31Z
mobi_vancouver,mobi_vancouver_d9ce9386-29a2-4bd2-a76d-930b17138af1,d9ce9386-29a2-4bd2-a76d-930b17138af1,49.271044,-123.170661,1,FALSE,FALSE,23600,0450,1783022725,2026-07-02T20:05:32Z,2026-07-02T20:05:32Z,2026-07-02T20:05:23Z,2.2,https://gbfs.kappa.fifteen.eu/gbfs/2.2/mobi/en/gbfs.json,https://gbfs.kappa.fifteen.eu/gbfs/2.2/mobi/en/free_bike_status.json,2026-07-02T20:05:31Z,2026-07-02T20:05:31Z
mobi_vancouver,mobi_vancouver_481b0266-1c3d-43b3-9679-f0b9e7ae8806,481b0266-1c3d-43b3-9679-f0b9e7ae8806,49.268837,-123.177633,1,FALSE,FALSE,23600,0431,1783022725,2026-07-02T20:05:32Z,2026-07-02T20:05:32Z,2026-07-02T20:05:23Z,2.2,https://gbfs.kappa.fifteen.eu/gbfs/2.2/mobi/en/gbfs.json,https://gbfs.kappa.fifteen.eu/gbfs/2.2/mobi/en/free_bike_status.json,2026-07-02T20:05:31Z,2026-07-02T20:05:31Z
mobi_vancouver,mobi_vancouver_818c146e-7011-40bd-968a-98cfc19640cc,818c146e-7011-40bd-968a-98cfc19640cc,49.274232,-123.129998,1,FALSE,FALSE,23600,0314,1783022725,2026-07-02T20:05:32Z,2026-07-02T20:05:32Z,2026-07-02T20:05:23Z,2.2,https://gbfs.kappa.fifteen.eu/gbfs/2.2/mobi/en/gbfs.json,https://gbfs.kappa.fifteen.eu/gbfs/2.2/mobi/en/free_bike_status.json,2026-07-02T20:05:31Z,2026-07-02T20:05:31Z
mobi_vancouver,mobi_vancouver_df38c42f-6dea-4771-9afc-2eef622d176d,df38c42f-6dea-4771-9afc-2eef622d176d,49.285575,-123.061575,1,FALSE,FALSE,23600,0621,1783022725,2026-07-02T20:05:32Z,2026-07-02T20:05:32Z,2026-07-02T20:05:23Z,2.2,https://gbfs.kappa.fifteen.eu/gbfs/2.2/mobi/en/gbfs.json,https://gbfs.kappa.fifteen.eu/gbfs/2.2/mobi/en/free_bike_status.json,2026-07-02T20:05:31Z,2026-07-02T20:05:31Z
mobi_vancouver,mobi_vancouver_7677ea5f-2e91-4f3c-9dff-1f0c3cbc082d,7677ea5f-2e91-4f3c-9dff-1f0c3cbc082d,49.245535,-123.120496,1,FALSE,FALSE,23600,0516,1783022725,2026-07-02T20:05:32Z,2026-07-02T20:05:32Z,2026-07-02T20:05:23Z,2.2,https://gbfs.kappa.fifteen.eu/gbfs/2.2/mobi/en/gbfs.json,https://gbfs.kappa.fifteen.eu/gbfs/2.2/mobi/en/free_bike_status.json,2026-07-02T20:05:31Z,2026-07-02T20:05:31Z
mobi_vancouver,mobi_vancouver_e1fb6c42-3381-491b-8a96-dc7a7a3f1895,e1fb6c42-3381-491b-8a96-dc7a7a3f1895,49.264019,-123.209176,1,FALSE,FALSE,23600,0716,1783022725,2026-07-02T20:05:32Z,2026-07-02T20:05:32Z,2026-07-02T20:05:23Z,2.2,https://gbfs.kappa.fifteen.eu/gbfs/2.2/mobi/en/gbfs.json,https://gbfs.kappa.fifteen.eu/gbfs/2.2/mobi/en/free_bike_status.json,2026-07-02T20:05:31Z,2026-07-02T20:05:31Z
mobi_vancouver,mobi_vancouver_f78d973e-cb0c-4e74-ac8c-bb9c8467929c,f78d973e-cb0c-4e74-ac8c-bb9c8467929c,49.266579,-123.248549,1,FALSE,FALSE,23600,2143,1783022725,2026-07-02T20:05:32Z,2026-07-02T20:05:32Z,2026-07-02T20:05:23Z,2.2,https://gbfs.kappa.fifteen.eu/gbfs/2.2/mobi/en/gbfs.json,https://gbfs.kappa.fifteen.eu/gbfs/2.2/mobi/en/free_bike_status.json,2026-07-02T20:05:31Z,2026-07-02T20:05:31Z
mobi_vancouver,mobi_vancouver_45626795-0fb9-492a-9546-bf4b67ca343c,45626795-0fb9-492a-9546-bf4b67ca343c,49.261655,-123.241924,1,FALSE,FALSE,23600,2157,1783022725,2026-07-02T20:05:32Z,2026-07-02T20:05:32Z,2026-07-02T20:05:23Z,2.2,https://gbfs.kappa.fifteen.eu/gbfs/2.2/mobi/en/gbfs.json,https://gbfs.kappa.fifteen.eu/gbfs/2.2/mobi/en/free_bike_status.json,2026-07-02T20:05:31Z,2026-07-02T20:05:31Z
mobi_vancouver,mobi_vancouver_a2c1bad7-945e-4d62-9492-d7e740314672,a2c1bad7-945e-4d62-9492-d7e740314672,49.293264,-123.132861,1,FALSE,FALSE,23600,0181,1783022725,2026-07-02T20:05:32Z,2026-07-02T20:05:32Z,2026-07-02T20:05:23Z,2.2,https://gbfs.kappa.fifteen.eu/gbfs/2.2/mobi/en/gbfs.json,https://gbfs.kappa.fifteen.eu/gbfs/2.2/mobi/en/free_bike_status.json,2026-07-02T20:05:31Z,2026-07-02T20:05:31Z
mobi_vancouver,mobi_vancouver_7d6b8d71-9795-4b81-9d94-c24aa842fcce,7d6b8d71-9795-4b81-9d94-c24aa842fcce,49.293264,-123.132861,1,FALSE,FALSE,23600,0181,1783022725,2026-07-02T20:05:32Z,2026-07-02T20:05:32Z,2026-07-02T20:05:23Z,2.2,https://gbfs.kappa.fifteen.eu/gbfs/2.2/mobi/en/gbfs.json,https://gbfs.kappa.fifteen.eu/gbfs/2.2/mobi/en/free_bike_status.json,2026-07-02T20:05:31Z,2026-07-02T20:05:31Z
mobi_vancouver,mobi_vancouver_c083e282-a2b6-4d97-bd4c-60aca2448f6a,c083e282-a2b6-4d97-bd4c-60aca2448f6a,49.28668,-123.04457,1,FALSE,FALSE,23600,0643,1783022725,2026-07-02T20:05:32Z,2026-07-02T20:05:32Z,2026-07-02T20:05:23Z,2.2,https://gbfs.kappa.fifteen.eu/gbfs/2.2/mobi/en/gbfs.json,https://gbfs.kappa.fifteen.eu/gbfs/2.2/mobi/en/free_bike_status.json,2026-07-02T20:05:31Z,2026-07-02T20:05:31Z
mobi_vancouver,mobi_vancouver_90f00f3b-195e-48ab-8e99-e6f83cf937c9,90f00f3b-195e-48ab-8e99-e6f83cf937c9,49.282055,-123.133045,1,FALSE,FALSE,24000,0187,1783022725,2026-07-02T20:05:32Z,2026-07-02T20:05:32Z,2026-07-02T20:05:23Z,2.2,https://gbfs.kappa.fifteen.eu/gbfs/2.2/mobi/en/gbfs.json,https://gbfs.kappa.fifteen.eu/gbfs/2.2/mobi/en/free_bike_status.json,2026-07-02T20:05:31Z,2026-07-02T20:05:31Z
mobi_vancouver,mobi_vancouver_54305cea-3f7b-4a69-888a-3ba29065367f,54305cea-3f7b-4a69-888a-3ba29065367f,49.25894,-123.139272,1,FALSE,FALSE,24000,0071,1783022725,2026-07-02T20:05:32Z,2026-07-02T20:05:32Z,2026-07-02T20:05:23Z,2.2,https://gbfs.kappa.fifteen.eu/gbfs/2.2/mobi/en/gbfs.json,https://gbfs.kappa.fifteen.eu/gbfs/2.2/mobi/en/free_bike_status.json,2026-07-02T20:05:31Z,2026-07-02T20:05:31Z
mobi_vancouver,mobi_vancouver_a47dc99e-f351-4fb3-ba0d-5dd74c4fb01a,a47dc99e-f351-4fb3-ba0d-5dd74c4fb01a,49.282214,-123.114101,1,FALSE,FALSE,24000,0012,1783022725,2026-07-02T20:05:32Z,2026-07-02T20:05:32Z,2026-07-02T20:05:23Z,2.2,https://gbfs.kappa.fifteen.eu/gbfs/2.2/mobi/en/gbfs.json,https://gbfs.kappa.fifteen.eu/gbfs/2.2/mobi/en/free_bike_status.json,2026-07-02T20:05:31Z,2026-07-02T20:05:31Z
mobi_vancouver,mobi_vancouver_ceb2dc2d-4c5d-481f-8162-9296dea20584,ceb2dc2d-4c5d-481f-8162-9296dea20584,49.28602,-123.116624,1,FALSE,FALSE,24000,0024,1783022725,2026-07-02T20:05:32Z,2026-07-02T20:05:32Z,2026-07-02T20:05:23Z,2.2,https://gbfs.kappa.fifteen.eu/gbfs/2.2/mobi/en/gbfs.json,https://gbfs.kappa.fifteen.eu/gbfs/2.2/mobi/en/free_bike_status.json,2026-07-02T20:05:31Z,2026-07-02T20:05:31Z
mobi_vancouver,mobi_vancouver_5f82a9d5-f75f-48c2-8e49-d0bd6207b130,5f82a9d5-f75f-48c2-8e49-d0bd6207b130,49.28725,-123.11298,1,FALSE,FALSE,24000,0014,1783022725,2026-07-02T20:05:32Z,2026-07-02T20:05:32Z,2026-07-02T20:05:23Z,2.2,https://gbfs.kappa.fifteen.eu/gbfs/2.2/mobi/en/gbfs.json,https://gbfs.kappa.fifteen.eu/gbfs/2.2/mobi/en/free_bike_status.json,2026-07-02T20:05:31Z,2026-07-02T20:05:31Z
mobi_vancouver,mobi_vancouver_44fafff5-64ed-4b5b-b5c1-4cb204346e09,44fafff5-64ed-4b5b-b5c1-4cb204346e09,49.28725,-123.11298,1,FALSE,FALSE,24000,0014,1783022725,2026-07-02T20:05:32Z,2026-07-02T20:05:32Z,2026-07-02T20:05:23Z,2.2,https://gbfs.kappa.fifteen.eu/gbfs/2.2/mobi/en/gbfs.json,https://gbfs.kappa.fifteen.eu/gbfs/2.2/mobi/en/free_bike_status.json,2026-07-02T20:05:31Z,2026-07-02T20:05:31Z
mobi_vancouver,mobi_vancouver_9d242be3-b6ff-45ee-87d7-5c125a5ec1c5,9d242be3-b6ff-45ee-87d7-5c125a5ec1c5,49.26893,-123.11813,1,FALSE,FALSE,24000,0010,1783022725,2026-07-02T20:05:32Z,2026-07-02T20:05:32Z,2026-07-02T20:05:23Z,2.2,https://gbfs.kappa.fifteen.eu/gbfs/2.2/mobi/en/gbfs.json,https://gbfs.kappa.fifteen.eu/gbfs/2.2/mobi/en/free_bike_status.json,2026-07-02T20:05:31Z,2026-07-02T20:05:31Z
mobi_vancouver,mobi_vancouver_697b7ba6-4a86-43a8-a18b-a37d68165331,697b7ba6-4a86-43a8-a18b-a37d68165331,49.289255,-123.132677,1,FALSE,FALSE,24000,0041,1783022725,2026-07-02T20:05:32Z,2026-07-02T20:05:32Z,2026-07-02T20:05:23Z,2.2,https://gbfs.kappa.fifteen.eu/gbfs/2.2/mobi/en/gbfs.json,https://gbfs.kappa.fifteen.eu/gbfs/2.2/mobi/en/free_bike_status.json,2026-07-02T20:05:31Z,2026-07-02T20:05:31Z
mobi_vancouver,mobi_vancouver_f4f683ba-3af2-459d-83da-71bf2e88c463,f4f683ba-3af2-459d-83da-71bf2e88c463,49.289255,-123.132677,1,FALSE,FALSE,24000,0041,1783022725,2026-07-02T20:05:32Z,2026-07-02T20:05:32Z,2026-07-02T20:05:23Z,2.2,https://gbfs.kappa.fifteen.eu/gbfs/2.2/mobi/en/gbfs.json,https://gbfs.kappa.fifteen.eu/gbfs/2.2/mobi/en/free_bike_status.json,2026-07-02T20:05:31Z,2026-07-02T20:05:31Z
mobi_vancouver,mobi_vancouver_b55f3f40-6e68-4751-83d5-69cd0a688954,b55f3f40-6e68-4751-83d5-69cd0a688954,49.265089,-123.119425,1,FALSE,FALSE,24000,0081,1783022725,2026-07-02T20:05:32Z,2026-07-02T20:05:32Z,2026-07-02T20:05:23Z,2.2,https://gbfs.kappa.fifteen.eu/gbfs/2.2/mobi/en/gbfs.json,https://gbfs.kappa.fifteen.eu/gbfs/2.2/mobi/en/free_bike_status.json,2026-07-02T20:05:31Z,2026-07-02T20:05:31Z
mobi_vancouver,mobi_vancouver_2fa6d1fa-6256-418c-ae58-a4a61e468b42,2fa6d1fa-6256-418c-ae58-a4a61e468b42,49.282759,-123.106955,1,FALSE,FALSE,24000,0030,1783022725,2026-07-02T20:05:32Z,2026-07-02T20:05:32Z,2026-07-02T20:05:23Z,2.2,https://gbfs.kappa.fifteen.eu/gbfs/2.2/mobi/en/gbfs.json,https://gbfs.kappa.fifteen.eu/gbfs/2.2/mobi/en/free_bike_status.json,2026-07-02T20:05:31Z,2026-07-02T20:05:31Z
mobi_vancouver,mobi_vancouver_644dd295-53f6-437b-8e07-21eb477bea03,644dd295-53f6-437b-8e07-21eb477bea03,49.265605,-123.152566,1,FALSE,FALSE,24000,0109,1783022725,2026-07-02T20:05:32Z,2026-07-02T20:05:32Z,2026-07-02T20:05:23Z,2.2,https://gbfs.kappa.fifteen.eu/gbfs/2.2/mobi/en/gbfs.json,https://gbfs.kappa.fifteen.eu/gbfs/2.2/mobi/en/free_bike_status.json,2026-07-02T20:05:31Z,2026-07-02T20:05:31Z
mobi_vancouver,mobi_vancouver_f6497a0e-55db-4215-9ad9-046504506b49,f6497a0e-55db-4215-9ad9-046504506b49,49.280216,-123.117639,1,FALSE,FALSE,24000,0129,1783022725,2026-07-02T20:05:32Z,2026-07-02T20:05:32Z,2026-07-02T20:05:23Z,2.2,https://gbfs.kappa.fifteen.eu/gbfs/2.2/mobi/en/gbfs.json,https://gbfs.kappa.fifteen.eu/gbfs/2.2/mobi/en/free_bike_status.json,2026-07-02T20:05:31Z,2026-07-02T20:05:31Z
mobi_vancouver,mobi_vancouver_1cdc7071-ea95-4444-b9c2-4398632c18e9,1cdc7071-ea95-4444-b9c2-4398632c18e9,49.287528,-123.142139,1,FALSE,FALSE,24000,0028,1783022725,2026-07-02T20:05:32Z,2026-07-02T20:05:32Z,2026-07-02T20:05:23Z,2.2,https://gbfs.kappa.fifteen.eu/gbfs/2.2/mobi/en/gbfs.json,https://gbfs.kappa.fifteen.eu/gbfs/2.2/mobi/en/free_bike_status.json,2026-07-02T20:05:31Z,2026-07-02T20:05:31Z
mobi_vancouver,mobi_vancouver_06de2545-d803-43c0-ad30-0fa96e3aeac6,06de2545-d803-43c0-ad30-0fa96e3aeac6,49.287528,-123.142139,1,FALSE,FALSE,24000,0028,1783022725,2026-07-02T20:05:32Z,2026-07-02T20:05:32Z,2026-07-02T20:05:23Z,2.2,https://gbfs.kappa.fifteen.eu/gbfs/2.2/mobi/en/gbfs.json,https://gbfs.kappa.fifteen.eu/gbfs/2.2/mobi/en/free_bike_status.json,2026-07-02T20:05:31Z,2026-07-02T20:05:31Z
mobi_vancouver,mobi_vancouver_a537f9cc-72ab-4820-b5a7-71cc439ffc2a,a537f9cc-72ab-4820-b5a7-71cc439ffc2a,49.287528,-123.142139,1,FALSE,FALSE,24000,0028,1783022725,2026-07-02T20:05:32Z,2026-07-02T20:05:32Z,2026-07-02T20:05:23Z,2.2,https://gbfs.kappa.fifteen.eu/gbfs/2.2/mobi/en/gbfs.json,https://gbfs.kappa.fifteen.eu/gbfs/2.2/mobi/en/free_bike_status.json,2026-07-02T20:05:31Z,2026-07-02T20:05:31Z
mobi_vancouver,mobi_vancouver_350ce5a3-bbcb-4ad1-9324-3320f13e1ae4,350ce5a3-bbcb-4ad1-9324-3320f13e1ae4,49.268269,-123.147885,1,FALSE,FALSE,24000,0076,1783022725,2026-07-02T20:05:32Z,2026-07-02T20:05:32Z,2026-07-02T20:05:23Z,2.2,https://gbfs.kappa.fifteen.eu/gbfs/2.2/mobi/en/gbfs.json,https://gbfs.kappa.fifteen.eu/gbfs/2.2/mobi/en/free_bike_status.json,2026-07-02T20:05:31Z,2026-07-02T20:05:31Z
mobi_vancouver,mobi_vancouver_0c3e7c8c-6205-4521-9d0b-7114d8747cf9,0c3e7c8c-6205-4521-9d0b-7114d8747cf9,49.268269,-123.147885,1,FALSE,FALSE,24000,0076,1783022725,2026-07-02T20:05:32Z,2026-07-02T20:05:32Z,2026-07-02T20:05:23Z,2.2,https://gbfs.kappa.fifteen.eu/gbfs/2.2/mobi/en/gbfs.json,https://gbfs.kappa.fifteen.eu/gbfs/2.2/mobi/en/free_bike_status.json,2026-07-02T20:05:31Z,2026-07-02T20:05:31Z
mobi_vancouver,mobi_vancouver_d230fbf1-8958-49e6-b1b4-d41ceb70aade,d230fbf1-8958-49e6-b1b4-d41ceb70aade,49.291909,-123.140713,1,FALSE,FALSE,24000,0092,1783022725,2026-07-02T20:05:32Z,2026-07-02T20:05:32Z,2026-07-02T20:05:23Z,2.2,https://gbfs.kappa.fifteen.eu/gbfs/2.2/mobi/en/gbfs.json,https://gbfs.kappa.fifteen.eu/gbfs/2.2/mobi/en/free_bike_status.json,2026-07-02T20:05:31Z,2026-07-02T20:05:31Z
mobi_vancouver,mobi_vancouver_be8c815f-d8c9-4028-8508-2c36aaee9d7e,be8c815f-d8c9-4028-8508-2c36aaee9d7e,49.293257,-123.138563,1,FALSE,FALSE,24000,0093,1783022725,2026-07-02T20:05:32Z,2026-07-02T20:05:32Z,2026-07-02T20:05:23Z,2.2,https://gbfs.kappa.fifteen.eu/gbfs/2.2/mobi/en/gbfs.json,https://gbfs.kappa.fifteen.eu/gbfs/2.2/mobi/en/free_bike_status.json,2026-07-02T20:05:31Z,2026-07-02T20:05:31Z
mobi_vancouver,mobi_vancouver_c488eb67-a3e2-4fba-ba6e-10646118b179,c488eb67-a3e2-4fba-ba6e-10646118b179,49.293257,-123.138563,1,FALSE,FALSE,24000,0093,1783022725,2026-07-02T20:05:32Z,2026-07-02T20:05:32Z,2026-07-02T20:05:23Z,2.2,https://gbfs.kappa.fifteen.eu/gbfs/2.2/mobi/en/gbfs.json,https://gbfs.kappa.fifteen.eu/gbfs/2.2/mobi/en/free_bike_status.json,2026-07-02T20:05:31Z,2026-07-02T20:05:31Z
mobi_vancouver,mobi_vancouver_8dde2ea6-5260-4443-be95-78ecf474f802,8dde2ea6-5260-4443-be95-78ecf474f802,49.293257,-123.138563,1,FALSE,FALSE,24000,0093,1783022725,2026-07-02T20:05:32Z,2026-07-02T20:05:32Z,2026-07-02T20:05:23Z,2.2,https://gbfs.kappa.fifteen.eu/gbfs/2.2/mobi/en/gbfs.json,https://gbfs.kappa.fifteen.eu/gbfs/2.2/mobi/en/free_bike_status.json,2026-07-02T20:05:31Z,2026-07-02T20:05:31Z
mobi_vancouver,mobi_vancouver_99d25411-9a4c-4d43-bec1-a4dea755a937,99d25411-9a4c-4d43-bec1-a4dea755a937,49.273568,-123.129935,1,FALSE,FALSE,24000,0137,1783022725,2026-07-02T20:05:32Z,2026-07-02T20:05:32Z,2026-07-02T20:05:23Z,2.2,https://gbfs.kappa.fifteen.eu/gbfs/2.2/mobi/en/gbfs.json,https://gbfs.kappa.fifteen.eu/gbfs/2.2/mobi/en/free_bike_status.json,2026-07-02T20:05:31Z,2026-07-02T20:05:31Z
mobi_vancouver,mobi_vancouver_bb6a1d28-34ce-4d79-ac19-50210fa054b1,bb6a1d28-34ce-4d79-ac19-50210fa054b1,49.263837,-123.105173,2,FALSE,FALSE,24000,0107,1783022725,2026-07-02T20:05:32Z,2026-07-02T20:05:32Z,2026-07-02T20:05:23Z,2.2,https://gbfs.kappa.fifteen.eu/gbfs/2.2/mobi/en/gbfs.json,https://gbfs.kappa.fifteen.eu/gbfs/2.2/mobi/en/free_bike_status.json,2026-07-02T20:05:31Z,2026-07-02T20:05:31Z
mobi_vancouver,mobi_vancouver_f1526103-73b8-4c21-8433-8e87f174c730,f1526103-73b8-4c21-8433-8e87f174c730,49.266476,-123.109389,1,FALSE,FALSE,24000,0165,1783022725,2026-07-02T20:05:32Z,2026-07-02T20:05:32Z,2026-07-02T20:05:23Z,2.2,https://gbfs.kappa.fifteen.eu/gbfs/2.2/mobi/en/gbfs.json,https://gbfs.kappa.fifteen.eu/gbfs/2.2/mobi/en/free_bike_status.json,2026-07-02T20:05:31Z,2026-07-02T20:05:31Z
mobi_vancouver,mobi_vancouver_3c0a060b-3699-4d33-b61b-894bcdad8f5d,3c0a060b-3699-4d33-b61b-894bcdad8f5d,49.266314,-123.116011,1,FALSE,FALSE,24000,0006,1783022725,2026-07-02T20:05:32Z,2026-07-02T20:05:32Z,2026-07-02T20:05:23Z,2.2,https://gbfs.kappa.fifteen.eu/gbfs/2.2/mobi/en/gbfs.json,https://gbfs.kappa.fifteen.eu/gbfs/2.2/mobi/en/free_bike_status.json,2026-07-02T20:05:31Z,2026-07-02T20:05:31Z
mobi_vancouver,mobi_vancouver_62cb419a-2761-4ece-bd9d-5d37322eb9bb,62cb419a-2761-4ece-bd9d-5d37322eb9bb,49.27821,-123.136972,1,FALSE,FALSE,24000,0083,1783022725,2026-07-02T20:05:32Z,2026-07-02T20:05:32Z,2026-07-02T20:05:23Z,2.2,https://gbfs.kappa.fifteen.eu/gbfs/2.2/mobi/en/gbfs.json,https://gbfs.kappa.fifteen.eu/gbfs/2.2/mobi/en/free_bike_status.json,2026-07-02T20:05:31Z,2026-07-02T20:05:31Z
mobi_vancouver,mobi_vancouver_3dcc6608-6147-44a6-8996-aa882ec42018,3dcc6608-6147-44a6-8996-aa882ec42018,49.256845,-123.120071,1,FALSE,FALSE,24000,0130,1783022725,2026-07-02T20:05:32Z,2026-07-02T20:05:32Z,2026-07-02T20:05:23Z,2.2,https://gbfs.kappa.fifteen.eu/gbfs/2.2/mobi/en/gbfs.json,https://gbfs.kappa.fifteen.eu/gbfs/2.2/mobi/en/free_bike_status.json,2026-07-02T20:05:31Z,2026-07-02T20:05:31Z
mobi_vancouver,mobi_vancouver_b18ecf85-308d-4bad-bcdd-58e4f2a2aa02,b18ecf85-308d-4bad-bcdd-58e4f2a2aa02,49.284157,-123.099917,1,FALSE,FALSE,24000,0150,1783022725,2026-07-02T20:05:32Z,2026-07-02T20:05:32Z,2026-07-02T20:05:23Z,2.2,https://gbfs.kappa.fifteen.eu/gbfs/2.2/mobi/en/gbfs.json,https://gbfs.kappa.fifteen.eu/gbfs/2.2/mobi/en/free_bike_status.json,2026-07-02T20:05:31Z,2026-07-02T20:05:31Z
mobi_vancouver,mobi_vancouver_4650d4fd-e21f-4024-b4f1-ae76412f4c88,4650d4fd-e21f-4024-b4f1-ae76412f4c88,49.284157,-123.099917,1,FALSE,FALSE,24000,0150,1783022725,2026-07-02T20:05:32Z,2026-07-02T20:05:32Z,2026-07-02T20:05:23Z,2.2,https://gbfs.kappa.fifteen.eu/gbfs/2.2/mobi/en/gbfs.json,https://gbfs.kappa.fifteen.eu/gbfs/2.2/mobi/en/free_bike_status.json,2026-07-02T20:05:31Z,2026-07-02T20:05:31Z
mobi_vancouver,mobi_vancouver_081e1fc5-dbe1-42c6-a0b1-e77b1d348f14,081e1fc5-dbe1-42c6-a0b1-e77b1d348f14,49.276292,-123.150592,1,FALSE,FALSE,24000,0155,1783022725,2026-07-02T20:05:32Z,2026-07-02T20:05:32Z,2026-07-02T20:05:23Z,2.2,https://gbfs.kappa.fifteen.eu/gbfs/2.2/mobi/en/gbfs.json,https://gbfs.kappa.fifteen.eu/gbfs/2.2/mobi/en/free_bike_status.json,2026-07-02T20:05:31Z,2026-07-02T20:05:31Z
mobi_vancouver,mobi_vancouver_b3afa9dd-e096-49de-a5e2-ab0a7577b333,b3afa9dd-e096-49de-a5e2-ab0a7577b333,49.276292,-123.150592,1,FALSE,FALSE,24000,0155,1783022725,2026-07-02T20:05:32Z,2026-07-02T20:05:32Z,2026-07-02T20:05:23Z,2.2,https://gbfs.kappa.fifteen.eu/gbfs/2.2/mobi/en/gbfs.json,https://gbfs.kappa.fifteen.eu/gbfs/2.2/mobi/en/free_bike_status.json,2026-07-02T20:05:31Z,2026-07-02T20:05:31Z
mobi_vancouver,mobi_vancouver_f960742b-eedc-4310-9db2-d3d1161f5b16,f960742b-eedc-4310-9db2-d3d1161f5b16,49.282758,-123.122092,1,FALSE,FALSE,24000,0019,1783022725,2026-07-02T20:05:32Z,2026-07-02T20:05:32Z,2026-07-02T20:05:23Z,2.2,https://gbfs.kappa.fifteen.eu/gbfs/2.2/mobi/en/gbfs.json,https://gbfs.kappa.fifteen.eu/gbfs/2.2/mobi/en/free_bike_status.json,2026-07-02T20:05:31Z,2026-07-02T20:05:31Z
mobi_vancouver,mobi_vancouver_42e5439f-0b3a-40b5-933d-5d11b9cfaee3,42e5439f-0b3a-40b5-933d-5d11b9cfaee3,49.262598,-123.138921,1,FALSE,FALSE,24000,0070,1783022725,2026-07-02T20:05:32Z,2026-07-02T20:05:32Z,2026-07-02T20:05:23Z,2.2,https://gbfs.kappa.fifteen.eu/gbfs/2.2/mobi/en/gbfs.json,https://gbfs.kappa.fifteen.eu/gbfs/2.2/mobi/en/free_bike_status.json,2026-07-02T20:05:31Z,2026-07-02T20:05:31Z
mobi_vancouver,mobi_vancouver_9eb01682-c165-481f-ba2f-d3bcf16072e0,9eb01682-c165-481f-ba2f-d3bcf16072e0,49.262598,-123.138921,2,FALSE,FALSE,24000,0070,1783022725,2026-07-02T20:05:32Z,2026-07-02T20:05:32Z,2026-07-02T20:05:23Z,2.2,https://gbfs.kappa.fifteen.eu/gbfs/2.2/mobi/en/gbfs.json,https://gbfs.kappa.fifteen.eu/gbfs/2.2/mobi/en/free_bike_status.json,2026-07-02T20:05:31Z,2026-07-02T20:05:31Z
mobi_vancouver,mobi_vancouver_2b1b57b2-4bd1-4766-b4db-5b6a52cc6137,2b1b57b2-4bd1-4766-b4db-5b6a52cc6137,49.262206,-123.109091,1,FALSE,FALSE,24000,0172,1783022725,2026-07-02T20:05:32Z,2026-07-02T20:05:32Z,2026-07-02T20:05:23Z,2.2,https://gbfs.kappa.fifteen.eu/gbfs/2.2/mobi/en/gbfs.json,https://gbfs.kappa.fifteen.eu/gbfs/2.2/mobi/en/free_bike_status.json,2026-07-02T20:05:31Z,2026-07-02T20:05:31Z
mobi_vancouver,mobi_vancouver_b9e84044-7bdb-42d6-8079-ffd3d5232b22,b9e84044-7bdb-42d6-8079-ffd3d5232b22,49.281301,-123.139108,1,FALSE,FALSE,24000,0084,1783022725,2026-07-02T20:05:32Z,2026-07-02T20:05:32Z,2026-07-02T20:05:23Z,2.2,https://gbfs.kappa.fifteen.eu/gbfs/2.2/mobi/en/gbfs.json,https://gbfs.kappa.fifteen.eu/gbfs/2.2/mobi/en/free_bike_status.json,2026-07-02T20:05:31Z,2026-07-02T20:05:31Z
mobi_vancouver,mobi_vancouver_27bccb2b-f053-4e5b-9cf2-729f9d6dc2b8,27bccb2b-f053-4e5b-9cf2-729f9d6dc2b8,49.299292,-123.130281,1,FALSE,FALSE,24000,0101,1783022725,2026-07-02T20:05:32Z,2026-07-02T20:05:32Z,2026-07-02T20:05:23Z,2.2,https://gbfs.kappa.fifteen.eu/gbfs/2.2/mobi/en/gbfs.json,https://gbfs.kappa.fifteen.eu/gbfs/2.2/mobi/en/free_bike_status.json,2026-07-02T20:05:31Z,2026-07-02T20:05:31Z
mobi_vancouver,mobi_vancouver_4371c43f-0389-474c-83f1-11e858aa725b,4371c43f-0389-474c-83f1-11e858aa725b,49.297933,-123.130758,1,FALSE,FALSE,24000,0209,1783022725,2026-07-02T20:05:32Z,2026-07-02T20:05:32Z,2026-07-02T20:05:23Z,2.2,https://gbfs.kappa.fifteen.eu/gbfs/2.2/mobi/en/gbfs.json,https://gbfs.kappa.fifteen.eu/gbfs/2.2/mobi/en/free_bike_status.json,2026-07-02T20:05:31Z,2026-07-02T20:05:31Z
mobi_vancouver,mobi_vancouver_01005225-329d-44b2-8a60-c531d45f970c,01005225-329d-44b2-8a60-c531d45f970c,49.258819,-123.131317,1,FALSE,FALSE,24000,0211,1783022725,2026-07-02T20:05:32Z,2026-07-02T20:05:32Z,2026-07-02T20:05:23Z,2.2,https://gbfs.kappa.fifteen.eu/gbfs/2.2/mobi/en/gbfs.json,https://gbfs.kappa.fifteen.eu/gbfs/2.2/mobi/en/free_bike_status.json,2026-07-02T20:05:31Z,2026-07-02T20:05:31Z
mobi_vancouver,mobi_vancouver_6f896f60-788e-445d-ba71-af41a70a1d61,6f896f60-788e-445d-ba71-af41a70a1d61,49.265336,-123.145823,1,FALSE,FALSE,24000,0140,1783022725,2026-07-02T20:05:32Z,2026-07-02T20:05:32Z,2026-07-02T20:05:23Z,2.2,https://gbfs.kappa.fifteen.eu/gbfs/2.2/mobi/en/gbfs.json,https://gbfs.kappa.fifteen.eu/gbfs/2.2/mobi/en/free_bike_status.json,2026-07-02T20:05:31Z,2026-07-02T20:05:31Z
mobi_vancouver,mobi_vancouver_09d1b658-98a1-4496-b0b2-d6b42315a746,09d1b658-98a1-4496-b0b2-d6b42315a746,49.277595,-123.09583,1,FALSE,FALSE,24000,0212,1783022725,2026-07-02T20:05:32Z,2026-07-02T20:05:32Z,2026-07-02T20:05:23Z,2.2,https://gbfs.kappa.fifteen.eu/gbfs/2.2/mobi/en/gbfs.json,https://gbfs.kappa.fifteen.eu/gbfs/2.2/mobi/en/free_bike_status.json,2026-07-02T20:05:31Z,2026-07-02T20:05:31Z
mobi_vancouver,mobi_vancouver_2005ec48-5786-47b9-98dc-999d405ea83f,2005ec48-5786-47b9-98dc-999d405ea83f,49.262242,-123.081459,1,FALSE,FALSE,24000,0246,1783022725,2026-07-02T20:05:32Z,2026-07-02T20:05:32Z,2026-07-02T20:05:23Z,2.2,https://gbfs.kappa.fifteen.eu/gbfs/2.2/mobi/en/gbfs.json,https://gbfs.kappa.fifteen.eu/gbfs/2.2/mobi/en/free_bike_status.json,2026-07-02T20:05:31Z,2026-07-02T20:05:31Z
mobi_vancouver,mobi_vancouver_cc9ad918-dad0-4bbf-a01d-c8cb3e90cdf6,cc9ad918-dad0-4bbf-a01d-c8cb3e90cdf6,49.262242,-123.081459,1,FALSE,FALSE,24000,0246,1783022725,2026-07-02T20:05:32Z,2026-07-02T20:05:32Z,2026-07-02T20:05:23Z,2.2,https://gbfs.kappa.fifteen.eu/gbfs/2.2/mobi/en/gbfs.json,https://gbfs.kappa.fifteen.eu/gbfs/2.2/mobi/en/free_bike_status.json,2026-07-02T20:05:31Z,2026-07-02T20:05:31Z
mobi_vancouver,mobi_vancouver_518a5b60-45e2-469a-ab90-ce4fd088ec5f,518a5b60-45e2-469a-ab90-ce4fd088ec5f,49.262242,-123.081459,1,FALSE,FALSE,24000,0246,1783022725,2026-07-02T20:05:32Z,2026-07-02T20:05:32Z,2026-07-02T20:05:23Z,2.2,https://gbfs.kappa.fifteen.eu/gbfs/2.2/mobi/en/gbfs.json,https://gbfs.kappa.fifteen.eu/gbfs/2.2/mobi/en/free_bike_status.json,2026-07-02T20:05:31Z,2026-07-02T20:05:31Z
mobi_vancouver,mobi_vancouver_48b097f2-ae4a-46c5-a631-e09c025808fd,48b097f2-ae4a-46c5-a631-e09c025808fd,49.261353,-123.085333,1,FALSE,FALSE,24000,0265,1783022725,2026-07-02T20:05:32Z,2026-07-02T20:05:32Z,2026-07-02T20:05:23Z,2.2,https://gbfs.kappa.fifteen.eu/gbfs/2.2/mobi/en/gbfs.json,https://gbfs.kappa.fifteen.eu/gbfs/2.2/mobi/en/free_bike_status.json,2026-07-02T20:05:31Z,2026-07-02T20:05:31Z
mobi_vancouver,mobi_vancouver_02b3bf91-c56c-4cab-9398-cd5f5f11a122,02b3bf91-c56c-4cab-9398-cd5f5f11a122,49.265005,-123.079481,1,FALSE,FALSE,24000,0236,1783022725,2026-07-02T20:05:32Z,2026-07-02T20:05:32Z,2026-07-02T20:05:23Z,2.2,https://gbfs.kappa.fifteen.eu/gbfs/2.2/mobi/en/gbfs.json,https://gbfs.kappa.fifteen.eu/gbfs/2.2/mobi/en/free_bike_status.json,2026-07-02T20:05:31Z,2026-07-02T20:05:31Z
mobi_vancouver,mobi_vancouver_4bece2f0-f075-4eab-b463-d90d2a341161,4bece2f0-f075-4eab-b463-d90d2a341161,49.263242,-123.070521,1,FALSE,FALSE,24000,0242,1783022725,2026-07-02T20:05:32Z,2026-07-02T20:05:32Z,2026-07-02T20:05:23Z,2.2,https://gbfs.kappa.fifteen.eu/gbfs/2.2/mobi/en/gbfs.json,https://gbfs.kappa.fifteen.eu/gbfs/2.2/mobi/en/free_bike_status.json,2026-07-02T20:05:31Z,2026-07-02T20:05:31Z
mobi_vancouver,mobi_vancouver_be0d2176-05a4-440c-a0d5-77bd9e907897,be0d2176-05a4-440c-a0d5-77bd9e907897,49.268616,-123.069908,1,FALSE,FALSE,24000,0240,1783022725,2026-07-02T20:05:32Z,2026-07-02T20:05:32Z,2026-07-02T20:05:23Z,2.2,https://gbfs.kappa.fifteen.eu/gbfs/2.2/mobi/en/gbfs.json,https://gbfs.kappa.fifteen.eu/gbfs/2.2/mobi/en/free_bike_status.json,2026-07-02T20:05:31Z,2026-07-02T20:05:31Z
mobi_vancouver,mobi_vancouver_bfb2ad49-cbd3-4ebc-84f8-9dbfeca201e8,bfb2ad49-cbd3-4ebc-84f8-9dbfeca201e8,49.273103,-123.069892,1,FALSE,FALSE,24000,0235,1783022725,2026-07-02T20:05:32Z,2026-07-02T20:05:32Z,2026-07-02T20:05:23Z,2.2,https://gbfs.kappa.fifteen.eu/gbfs/2.2/mobi/en/gbfs.json,https://gbfs.kappa.fifteen.eu/gbfs/2.2/mobi/en/free_bike_status.json,2026-07-02T20:05:31Z,2026-07-02T20:05:31Z
mobi_vancouver,mobi_vancouver_48b25f62-625f-4d13-b91e-bd0e0cc0d43e,48b25f62-625f-4d13-b91e-bd0e0cc0d43e,49.287782,-123.12395,1,FALSE,FALSE,24000,0190,1783022725,2026-07-02T20:05:32Z,2026-07-02T20:05:32Z,2026-07-02T20:05:23Z,2.2,https://gbfs.kappa.fifteen.eu/gbfs/2.2/mobi/en/gbfs.json,https://gbfs.kappa.fifteen.eu/gbfs/2.2/mobi/en/free_bike_status.json,2026-07-02T20:05:31Z,2026-07-02T20:05:31Z
mobi_vancouver,mobi_vancouver_5c26de69-5d09-455c-b49a-7f4786474748,5c26de69-5d09-455c-b49a-7f4786474748,49.284062,-123.095097,1,FALSE,FALSE,24000,0161,1783022725,2026-07-02T20:05:32Z,2026-07-02T20:05:32Z,2026-07-02T20:05:23Z,2.2,https://gbfs.kappa.fifteen.eu/gbfs/2.2/mobi/en/gbfs.json,https://gbfs.kappa.fifteen.eu/gbfs/2.2/mobi/en/free_bike_status.json,2026-07-02T20:05:31Z,2026-07-02T20:05:31Z
mobi_vancouver,mobi_vancouver_2b6b9705-c473-4b1f-ade6-48f31649082f,2b6b9705-c473-4b1f-ade6-48f31649082f,49.277469,-123.081315,1,FALSE,FALSE,24000,0221,1783022725,2026-07-02T20:05:32Z,2026-07-02T20:05:32Z,2026-07-02T20:05:23Z,2.2,https://gbfs.kappa.fifteen.eu/gbfs/2.2/mobi/en/gbfs.json,https://gbfs.kappa.fifteen.eu/gbfs/2.2/mobi/en/free_bike_status.json,2026-07-02T20:05:31Z,2026-07-02T20:05:31Z
mobi_vancouver,mobi_vancouver_0cef72c4-0d7a-4244-a4dd-a0288d661da7,0cef72c4-0d7a-4244-a4dd-a0288d661da7,49.277469,-123.081315,1,FALSE,FALSE,24000,0221,1783022725,2026-07-02T20:05:32Z,2026-07-02T20:05:32Z,2026-07-02T20:05:23Z,2.2,https://gbfs.kappa.fifteen.eu/gbfs/2.2/mobi/en/gbfs.json,https://gbfs.kappa.fifteen.eu/gbfs/2.2/mobi/en/free_bike_status.json,2026-07-02T20:05:31Z,2026-07-02T20:05:31Z
mobi_vancouver,mobi_vancouver_07690ecb-6a0d-4b0d-8914-330cca9b1943,07690ecb-6a0d-4b0d-8914-330cca9b1943,49.275882,-123.071865,1,FALSE,FALSE,24000,0232,1783022725,2026-07-02T20:05:32Z,2026-07-02T20:05:32Z,2026-07-02T20:05:23Z,2.2,https://gbfs.kappa.fifteen.eu/gbfs/2.2/mobi/en/gbfs.json,https://gbfs.kappa.fifteen.eu/gbfs/2.2/mobi/en/free_bike_status.json,2026-07-02T20:05:31Z,2026-07-02T20:05:31Z
mobi_vancouver,mobi_vancouver_b1cd83ac-15a8-409e-9191-f8ec49e40498,b1cd83ac-15a8-409e-9191-f8ec49e40498,49.256496,-123.075426,1,FALSE,FALSE,24000,0283,1783022725,2026-07-02T20:05:32Z,2026-07-02T20:05:32Z,2026-07-02T20:05:23Z,2.2,https://gbfs.kappa.fifteen.eu/gbfs/2.2/mobi/en/gbfs.json,https://gbfs.kappa.fifteen.eu/gbfs/2.2/mobi/en/free_bike_status.json,2026-07-02T20:05:31Z,2026-07-02T20:05:31Z
mobi_vancouver,mobi_vancouver_88afc959-b56c-46a3-8604-61137ded6066,88afc959-b56c-46a3-8604-61137ded6066,49.263518,-123.09568,1,FALSE,FALSE,24000,0262,1783022725,2026-07-02T20:05:32Z,2026-07-02T20:05:32Z,2026-07-02T20:05:23Z,2.2,https://gbfs.kappa.fifteen.eu/gbfs/2.2/mobi/en/gbfs.json,https://gbfs.kappa.fifteen.eu/gbfs/2.2/mobi/en/free_bike_status.json,2026-07-02T20:05:31Z,2026-07-02T20:05:31Z
mobi_vancouver,mobi_vancouver_091dfa7a-d267-4dd8-b62d-404682548c00,091dfa7a-d267-4dd8-b62d-404682548c00,49.266751,-123.073501,1,FALSE,FALSE,24000,0250,1783022725,2026-07-02T20:05:32Z,2026-07-02T20:05:32Z,2026-07-02T20:05:23Z,2.2,https://gbfs.kappa.fifteen.eu/gbfs/2.2/mobi/en/gbfs.json,https://gbfs.kappa.fifteen.eu/gbfs/2.2/mobi/en/free_bike_status.json,2026-07-02T20:05:31Z,2026-07-02T20:05:31Z
mobi_vancouver,mobi_vancouver_d32fd4db-12a8-41ce-a35b-9786c9a945d3,d32fd4db-12a8-41ce-a35b-9786c9a945d3,49.264251,-123.073853,1,FALSE,FALSE,24000,0249,1783022725,2026-07-02T20:05:32Z,2026-07-02T20:05:32Z,2026-07-02T20:05:23Z,2.2,https://gbfs.kappa.fifteen.eu/gbfs/2.2/mobi/en/gbfs.json,https://gbfs.kappa.fifteen.eu/gbfs/2.2/mobi/en/free_bike_status.json,2026-07-02T20:05:31Z,2026-07-02T20:05:31Z
mobi_vancouver,mobi_vancouver_e45ce4c5-effc-4609-8864-083dbe1e5cb1,e45ce4c5-effc-4609-8864-083dbe1e5cb1,49.283986,-123.065264,1,FALSE,FALSE,24000,0280,1783022725,2026-07-02T20:05:32Z,2026-07-02T20:05:32Z,2026-07-02T20:05:23Z,2.2,https://gbfs.kappa.fifteen.eu/gbfs/2.2/mobi/en/gbfs.json,https://gbfs.kappa.fifteen.eu/gbfs/2.2/mobi/en/free_bike_status.json,2026-07-02T20:05:31Z,2026-07-02T20:05:31Z
mobi_vancouver,mobi_vancouver_a31f9afb-8b8f-46ab-a8c3-508119a7f6ed,a31f9afb-8b8f-46ab-a8c3-508119a7f6ed,49.265213,-123.090785,1,FALSE,FALSE,24000,0298,1783022725,2026-07-02T20:05:32Z,2026-07-02T20:05:32Z,2026-07-02T20:05:23Z,2.2,https://gbfs.kappa.fifteen.eu/gbfs/2.2/mobi/en/gbfs.json,https://gbfs.kappa.fifteen.eu/gbfs/2.2/mobi/en/free_bike_status.json,2026-07-02T20:05:31Z,2026-07-02T20:05:31Z
mobi_vancouver,mobi_vancouver_4d553b31-c86c-47cb-9a5a-dcd579843e18,4d553b31-c86c-47cb-9a5a-dcd579843e18,49.289124,-123.12196,1,FALSE,FALSE,24000,0034,1783022725,2026-07-02T20:05:32Z,2026-07-02T20:05:32Z,2026-07-02T20:05:23Z,2.2,https://gbfs.kappa.fifteen.eu/gbfs/2.2/mobi/en/gbfs.json,https://gbfs.kappa.fifteen.eu/gbfs/2.2/mobi/en/free_bike_status.json,2026-07-02T20:05:31Z,2026-07-02T20:05:31Z
mobi_vancouver,mobi_vancouver_ccef5b3a-d331-4cc2-9b7a-b2cbf88fb081,ccef5b3a-d331-4cc2-9b7a-b2cbf88fb081,49.265071,-123.123864,1,FALSE,FALSE,24000,0191,1783022725,2026-07-02T20:05:32Z,2026-07-02T20:05:32Z,2026-07-02T20:05:23Z,2.2,https://gbfs.kappa.fifteen.eu/gbfs/2.2/mobi/en/gbfs.json,https://gbfs.kappa.fifteen.eu/gbfs/2.2/mobi/en/free_bike_status.json,2026-07-02T20:05:31Z,2026-07-02T20:05:31Z
mobi_vancouver,mobi_vancouver_b6da4b5d-92b2-4e77-b789-587f1811650c,b6da4b5d-92b2-4e77-b789-587f1811650c,49.282503,-123.124697,1,FALSE,FALSE,24000,0217,1783022725,2026-07-02T20:05:32Z,2026-07-02T20:05:32Z,2026-07-02T20:05:23Z,2.2,https://gbfs.kappa.fifteen.eu/gbfs/2.2/mobi/en/gbfs.json,https://gbfs.kappa.fifteen.eu/gbfs/2.2/mobi/en/free_bike_status.json,2026-07-02T20:05:31Z,2026-07-02T20:05:31Z
mobi_vancouver,mobi_vancouver_ddcddea5-84cb-469f-aa75-05bf92193d09,ddcddea5-84cb-469f-aa75-05bf92193d09,49.284893,-123.128685,1,FALSE,FALSE,24000,0300,1783022725,2026-07-02T20:05:32Z,2026-07-02T20:05:32Z,2026-07-02T20:05:23Z,2.2,https://gbfs.kappa.fifteen.eu/gbfs/2.2/mobi/en/gbfs.json,https://gbfs.kappa.fifteen.eu/gbfs/2.2/mobi/en/free_bike_status.json,2026-07-02T20:05:31Z,2026-07-02T20:05:31Z
mobi_vancouver,mobi_vancouver_8f3137d4-3e4b-4b9a-9aa5-0112e1ab764e,8f3137d4-3e4b-4b9a-9aa5-0112e1ab764e,49.283298,-123.142288,1,FALSE,FALSE,24000,0142,1783022725,2026-07-02T20:05:32Z,2026-07-02T20:05:32Z,2026-07-02T20:05:23Z,2.2,https://gbfs.kappa.fifteen.eu/gbfs/2.2/mobi/en/gbfs.json,https://gbfs.kappa.fifteen.eu/gbfs/2.2/mobi/en/free_bike_status.json,2026-07-02T20:05:31Z,2026-07-02T20:05:31Z
mobi_vancouver,mobi_vancouver_ca1a4f80-6fe9-4738-b506-27c13d04e1fd,ca1a4f80-6fe9-4738-b506-27c13d04e1fd,49.27029,-123.135025,1,FALSE,FALSE,24000,0189,1783022725,2026-07-02T20:05:32Z,2026-07-02T20:05:32Z,2026-07-02T20:05:23Z,2.2,https://gbfs.kappa.fifteen.eu/gbfs/2.2/mobi/en/gbfs.json,https://gbfs.kappa.fifteen.eu/gbfs/2.2/mobi/en/free_bike_status.json,2026-07-02T20:05:31Z,2026-07-02T20:05:31Z
mobi_vancouver,mobi_vancouver_ea86d7af-abc0-4320-98db-8f7ac0d7ab74,ea86d7af-abc0-4320-98db-8f7ac0d7ab74,49.290587,-123.13625,1,FALSE,FALSE,24000,0122,1783022725,2026-07-02T20:05:32Z,2026-07-02T20:05:32Z,2026-07-02T20:05:23Z,2.2,https://gbfs.kappa.fifteen.eu/gbfs/2.2/mobi/en/gbfs.json,https://gbfs.kappa.fifteen.eu/gbfs/2.2/mobi/en/free_bike_status.json,2026-07-02T20:05:31Z,2026-07-02T20:05:31Z
mobi_vancouver,mobi_vancouver_93c88670-26cb-40d1-8cb7-b9d51afcde5b,93c88670-26cb-40d1-8cb7-b9d51afcde5b,49.290587,-123.13625,1,FALSE,FALSE,24000,0122,1783022725,2026-07-02T20:05:32Z,2026-07-02T20:05:32Z,2026-07-02T20:05:23Z,2.2,https://gbfs.kappa.fifteen.eu/gbfs/2.2/mobi/en/gbfs.json,https://gbfs.kappa.fifteen.eu/gbfs/2.2/mobi/en/free_bike_status.json,2026-07-02T20:05:31Z,2026-07-02T20:05:31Z
mobi_vancouver,mobi_vancouver_7cec9f62-273a-44af-ba8a-e144c7e3692d,7cec9f62-273a-44af-ba8a-e144c7e3692d,49.286646,-123.129232,1,FALSE,FALSE,24000,0310,1783022725,2026-07-02T20:05:32Z,2026-07-02T20:05:32Z,2026-07-02T20:05:23Z,2.2,https://gbfs.kappa.fifteen.eu/gbfs/2.2/mobi/en/gbfs.json,https://gbfs.kappa.fifteen.eu/gbfs/2.2/mobi/en/free_bike_status.json,2026-07-02T20:05:31Z,2026-07-02T20:05:31Z
mobi_vancouver,mobi_vancouver_aba1039c-2ea4-4387-b83a-7de2b2135472,aba1039c-2ea4-4387-b83a-7de2b2135472,49.271221,-123.191133,1,FALSE,FALSE,24000,0400,1783022725,2026-07-02T20:05:32Z,2026-07-02T20:05:32Z,2026-07-02T20:05:23Z,2.2,https://gbfs.kappa.fifteen.eu/gbfs/2.2/mobi/en/gbfs.json,https://gbfs.kappa.fifteen.eu/gbfs/2.2/mobi/en/free_bike_status.json,2026-07-02T20:05:31Z,2026-07-02T20:05:31Z
mobi_vancouver,mobi_vancouver_2eed4f3f-050a-4f8e-af91-a68668df4eb5,2eed4f3f-050a-4f8e-af91-a68668df4eb5,49.271221,-123.191133,1,FALSE,FALSE,24000,0400,1783022725,2026-07-02T20:05:32Z,2026-07-02T20:05:32Z,2026-07-02T20:05:23Z,2.2,https://gbfs.kappa.fifteen.eu/gbfs/2.2/mobi/en/gbfs.json,https://gbfs.kappa.fifteen.eu/gbfs/2.2/mobi/en/free_bike_status.json,2026-07-02T20:05:31Z,2026-07-02T20:05:31Z
mobi_vancouver,mobi_vancouver_c7faa4d1-7e89-4ddf-be3e-655e7b06a6e4,c7faa4d1-7e89-4ddf-be3e-655e7b06a6e4,49.27247,-123.185643,1,FALSE,FALSE,24000,0410,1783022725,2026-07-02T20:05:32Z,2026-07-02T20:05:32Z,2026-07-02T20:05:23Z,2.2,https://gbfs.kappa.fifteen.eu/gbfs/2.2/mobi/en/gbfs.json,https://gbfs.kappa.fifteen.eu/gbfs/2.2/mobi/en/free_bike_status.json,2026-07-02T20:05:31Z,2026-07-02T20:05:31Z
mobi_vancouver,mobi_vancouver_f1ac8537-f9aa-4067-9283-9f7595052a12,f1ac8537-f9aa-4067-9283-9f7595052a12,49.27247,-123.185643,1,FALSE,FALSE,24000,0410,1783022725,2026-07-02T20:05:32Z,2026-07-02T20:05:32Z,2026-07-02T20:05:23Z,2.2,https://gbfs.kappa.fifteen.eu/gbfs/2.2/mobi/en/gbfs.json,https://gbfs.kappa.fifteen.eu/gbfs/2.2/mobi/en/free_bike_status.json,2026-07-02T20:05:31Z,2026-07-02T20:05:31Z
mobi_vancouver,mobi_vancouver_ac6c9344-9472-4ae6-8d26-2e1c6f5c2da0,ac6c9344-9472-4ae6-8d26-2e1c6f5c2da0,49.271471,-123.17731,1,FALSE,FALSE,24000,0440,1783022725,2026-07-02T20:05:32Z,2026-07-02T20:05:32Z,2026-07-02T20:05:23Z,2.2,https://gbfs.kappa.fifteen.eu/gbfs/2.2/mobi/en/gbfs.json,https://gbfs.kappa.fifteen.eu/gbfs/2.2/mobi/en/free_bike_status.json,2026-07-02T20:05:31Z,2026-07-02T20:05:31Z
mobi_vancouver,mobi_vancouver_87af7cd5-fb0e-49c4-a72c-19c0e47c6f1d,87af7cd5-fb0e-49c4-a72c-19c0e47c6f1d,49.272969,-123.164325,1,FALSE,FALSE,24000,0460,1783022725,2026-07-02T20:05:32Z,2026-07-02T20:05:32Z,2026-07-02T20:05:23Z,2.2,https://gbfs.kappa.fifteen.eu/gbfs/2.2/mobi/en/gbfs.json,https://gbfs.kappa.fifteen.eu/gbfs/2.2/mobi/en/free_bike_status.json,2026-07-02T20:05:31Z,2026-07-02T20:05:31Z
mobi_vancouver,mobi_vancouver_37aa8bad-b384-4671-bdf8-367d5f708572,37aa8bad-b384-4671-bdf8-367d5f708572,49.264483,-123.173926,1,FALSE,FALSE,24000,0444,1783022725,2026-07-02T20:05:32Z,2026-07-02T20:05:32Z,2026-07-02T20:05:23Z,2.2,https://gbfs.kappa.fifteen.eu/gbfs/2.2/mobi/en/gbfs.json,https://gbfs.kappa.fifteen.eu/gbfs/2.2/mobi/en/free_bike_status.json,2026-07-02T20:05:31Z,2026-07-02T20:05:31Z
mobi_vancouver,mobi_vancouver_f6666275-dbb4-4eb0-bcdd-851174ba773e,f6666275-dbb4-4eb0-bcdd-851174ba773e,49.271044,-123.170661,1,FALSE,FALSE,24000,0450,1783022725,2026-07-02T20:05:32Z,2026-07-02T20:05:32Z,2026-07-02T20:05:23Z,2.2,https://gbfs.kappa.fifteen.eu/gbfs/2.2/mobi/en/gbfs.json,https://gbfs.kappa.fifteen.eu/gbfs/2.2/mobi/en/free_bike_status.json,2026-07-02T20:05:31Z,2026-07-02T20:05:31Z
mobi_vancouver,mobi_vancouver_93ae4d12-3066-44f0-9163-caa7ed9093e0,93ae4d12-3066-44f0-9163-caa7ed9093e0,49.271044,-123.170661,1,FALSE,FALSE,24000,0450,1783022725,2026-07-02T20:05:32Z,2026-07-02T20:05:32Z,2026-07-02T20:05:23Z,2.2,https://gbfs.kappa.fifteen.eu/gbfs/2.2/mobi/en/gbfs.json,https://gbfs.kappa.fifteen.eu/gbfs/2.2/mobi/en/free_bike_status.json,2026-07-02T20:05:31Z,2026-07-02T20:05:31Z
mobi_vancouver,mobi_vancouver_3d2a2174-cd35-4945-bc43-2f6c7f78c3fa,3d2a2174-cd35-4945-bc43-2f6c7f78c3fa,49.264326,-123.164725,1,FALSE,FALSE,24000,0464,1783022725,2026-07-02T20:05:32Z,2026-07-02T20:05:32Z,2026-07-02T20:05:23Z,2.2,https://gbfs.kappa.fifteen.eu/gbfs/2.2/mobi/en/gbfs.json,https://gbfs.kappa.fifteen.eu/gbfs/2.2/mobi/en/free_bike_status.json,2026-07-02T20:05:31Z,2026-07-02T20:05:31Z
mobi_vancouver,mobi_vancouver_0b093bc3-639c-4994-93a6-c2725c3d3287,0b093bc3-639c-4994-93a6-c2725c3d3287,49.289071,-123.138407,1,FALSE,FALSE,24000,0313,1783022725,2026-07-02T20:05:32Z,2026-07-02T20:05:32Z,2026-07-02T20:05:23Z,2.2,https://gbfs.kappa.fifteen.eu/gbfs/2.2/mobi/en/gbfs.json,https://gbfs.kappa.fifteen.eu/gbfs/2.2/mobi/en/free_bike_status.json,2026-07-02T20:05:31Z,2026-07-02T20:05:31Z
mobi_vancouver,mobi_vancouver_e7b888be-0f08-4bf8-a657-19865c2c5cd5,e7b888be-0f08-4bf8-a657-19865c2c5cd5,49.283968,-123.061615,1,FALSE,FALSE,24000,0631,1783022725,2026-07-02T20:05:32Z,2026-07-02T20:05:32Z,2026-07-02T20:05:23Z,2.2,https://gbfs.kappa.fifteen.eu/gbfs/2.2/mobi/en/gbfs.json,https://gbfs.kappa.fifteen.eu/gbfs/2.2/mobi/en/free_bike_status.json,2026-07-02T20:05:31Z,2026-07-02T20:05:31Z
mobi_vancouver,mobi_vancouver_d35ff389-5a15-4503-98ef-834c7f765538,d35ff389-5a15-4503-98ef-834c7f765538,49.251358,-123.115637,1,FALSE,FALSE,24000,0532,1783022725,2026-07-02T20:05:32Z,2026-07-02T20:05:32Z,2026-07-02T20:05:23Z,2.2,https://gbfs.kappa.fifteen.eu/gbfs/2.2/mobi/en/gbfs.json,https://gbfs.kappa.fifteen.eu/gbfs/2.2/mobi/en/free_bike_status.json,2026-07-02T20:05:31Z,2026-07-02T20:05:31Z
mobi_vancouver,mobi_vancouver_67463a8c-2d61-4dc3-9800-25c78fd67702,67463a8c-2d61-4dc3-9800-25c78fd67702,49.26262,-123.2431,1,FALSE,FALSE,24000,2156,1783022725,2026-07-02T20:05:32Z,2026-07-02T20:05:32Z,2026-07-02T20:05:23Z,2.2,https://gbfs.kappa.fifteen.eu/gbfs/2.2/mobi/en/gbfs.json,https://gbfs.kappa.fifteen.eu/gbfs/2.2/mobi/en/free_bike_status.json,2026-07-02T20:05:31Z,2026-07-02T20:05:31Z
mobi_vancouver,mobi_vancouver_673eb602-bc5d-4380-9702-ed457364d667,673eb602-bc5d-4380-9702-ed457364d667,49.263073,-123.254307,1,FALSE,FALSE,24000,2114,1783022725,2026-07-02T20:05:32Z,2026-07-02T20:05:32Z,2026-07-02T20:05:23Z,2.2,https://gbfs.kappa.fifteen.eu/gbfs/2.2/mobi/en/gbfs.json,https://gbfs.kappa.fifteen.eu/gbfs/2.2/mobi/en/free_bike_status.json,2026-07-02T20:05:31Z,2026-07-02T20:05:31Z
mobi_vancouver,mobi_vancouver_d2c3c381-3bb4-4258-aa09-d3a1a7f309ab,d2c3c381-3bb4-4258-aa09-d3a1a7f309ab,49.283482,-123.103738,1,FALSE,FALSE,24000,0013,1783022725,2026-07-02T20:05:32Z,2026-07-02T20:05:32Z,2026-07-02T20:05:23Z,2.2,https://gbfs.kappa.fifteen.eu/gbfs/2.2/mobi/en/gbfs.json,https://gbfs.kappa.fifteen.eu/gbfs/2.2/mobi/en/free_bike_status.json,2026-07-02T20:05:31Z,2026-07-02T20:05:31Z
mobi_vancouver,mobi_vancouver_abeed8d5-65bf-4334-9ed4-baee2c8f72a1,abeed8d5-65bf-4334-9ed4-baee2c8f72a1,49.283482,-123.103738,1,FALSE,FALSE,24000,0013,1783022725,2026-07-02T20:05:32Z,2026-07-02T20:05:32Z,2026-07-02T20:05:23Z,2.2,https://gbfs.kappa.fifteen.eu/gbfs/2.2/mobi/en/gbfs.json,https://gbfs.kappa.fifteen.eu/gbfs/2.2/mobi/en/free_bike_status.json,2026-07-02T20:05:31Z,2026-07-02T20:05:31Z
mobi_vancouver,mobi_vancouver_c8a1ab5a-97ec-442a-a49a-3ba19b66a430,c8a1ab5a-97ec-442a-a49a-3ba19b66a430,49.269172,-123.25279,1,FALSE,FALSE,24000,2131,1783022725,2026-07-02T20:05:32Z,2026-07-02T20:05:32Z,2026-07-02T20:05:23Z,2.2,https://gbfs.kappa.fifteen.eu/gbfs/2.2/mobi/en/gbfs.json,https://gbfs.kappa.fifteen.eu/gbfs/2.2/mobi/en/free_bike_status.json,2026-07-02T20:05:31Z,2026-07-02T20:05:31Z
mobi_vancouver,mobi_vancouver_1bdbfed1-d237-4bae-ac2e-3f41c3a2c79e,1bdbfed1-d237-4bae-ac2e-3f41c3a2c79e,49.293264,-123.132861,1,FALSE,FALSE,24000,0181,1783022725,2026-07-02T20:05:32Z,2026-07-02T20:05:32Z,2026-07-02T20:05:23Z,2.2,https://gbfs.kappa.fifteen.eu/gbfs/2.2/mobi/en/gbfs.json,https://gbfs.kappa.fifteen.eu/gbfs/2.2/mobi/en/free_bike_status.json,2026-07-02T20:05:31Z,2026-07-02T20:05:31Z
mobi_vancouver,mobi_vancouver_ddbfbb6c-5223-43ef-b93a-a633f1be1ac3,ddbfbb6c-5223-43ef-b93a-a633f1be1ac3,49.26875,-123.25004,1,FALSE,FALSE,24000,2142,1783022725,2026-07-02T20:05:32Z,2026-07-02T20:05:32Z,2026-07-02T20:05:23Z,2.2,https://gbfs.kappa.fifteen.eu/gbfs/2.2/mobi/en/gbfs.json,https://gbfs.kappa.fifteen.eu/gbfs/2.2/mobi/en/free_bike_status.json,2026-07-02T20:05:31Z,2026-07-02T20:05:31Z
mobi_vancouver,mobi_vancouver_3c815aae-6ea2-468f-bd41-5a461e4dfb39,3c815aae-6ea2-468f-bd41-5a461e4dfb39,49.276837,-123.075877,1,FALSE,FALSE,24000,2142,1783022725,2026-07-02T20:05:32Z,2026-07-02T20:05:32Z,2026-07-02T20:05:23Z,2.2,https://gbfs.kappa.fifteen.eu/gbfs/2.2/mobi/en/gbfs.json,https://gbfs.kappa.fifteen.eu/gbfs/2.2/mobi/en/free_bike_status.json,2026-07-02T20:05:31Z,2026-07-02T20:05:31Z
mobi_vancouver,mobi_vancouver_97def19e-63e3-4fcb-9aa0-361cc6e46b11,97def19e-63e3-4fcb-9aa0-361cc6e46b11,49.26875,-123.25004,1,FALSE,FALSE,24000,2142,1783022725,2026-07-02T20:05:32Z,2026-07-02T20:05:32Z,2026-07-02T20:05:23Z,2.2,https://gbfs.kappa.fifteen.eu/gbfs/2.2/mobi/en/gbfs.json,https://gbfs.kappa.fifteen.eu/gbfs/2.2/mobi/en/free_bike_status.json,2026-07-02T20:05:31Z,2026-07-02T20:05:31Z
mobi_vancouver,mobi_vancouver_c7560b4d-bd21-43db-bd50-d50d0ead62aa,c7560b4d-bd21-43db-bd50-d50d0ead62aa,49.26875,-123.25004,1,FALSE,FALSE,24000,2142,1783022725,2026-07-02T20:05:32Z,2026-07-02T20:05:32Z,2026-07-02T20:05:23Z,2.2,https://gbfs.kappa.fifteen.eu/gbfs/2.2/mobi/en/gbfs.json,https://gbfs.kappa.fifteen.eu/gbfs/2.2/mobi/en/free_bike_status.json,2026-07-02T20:05:31Z,2026-07-02T20:05:31Z
mobi_vancouver,mobi_vancouver_6e118aba-eea2-452d-9743-0611f2f613a8,6e118aba-eea2-452d-9743-0611f2f613a8,49.282055,-123.133045,1,FALSE,FALSE,24400,0187,1783022725,2026-07-02T20:05:32Z,2026-07-02T20:05:32Z,2026-07-02T20:05:23Z,2.2,https://gbfs.kappa.fifteen.eu/gbfs/2.2/mobi/en/gbfs.json,https://gbfs.kappa.fifteen.eu/gbfs/2.2/mobi/en/free_bike_status.json,2026-07-02T20:05:31Z,2026-07-02T20:05:31Z
mobi_vancouver,mobi_vancouver_6f3ea0b4-7366-4f07-a60d-aa59ca0ffd3b,6f3ea0b4-7366-4f07-a60d-aa59ca0ffd3b,49.25894,-123.139272,1,FALSE,FALSE,24400,0071,1783022725,2026-07-02T20:05:32Z,2026-07-02T20:05:32Z,2026-07-02T20:05:23Z,2.2,https://gbfs.kappa.fifteen.eu/gbfs/2.2/mobi/en/gbfs.json,https://gbfs.kappa.fifteen.eu/gbfs/2.2/mobi/en/free_bike_status.json,2026-07-02T20:05:31Z,2026-07-02T20:05:31Z
mobi_vancouver,mobi_vancouver_52c5a7f3-fc6b-466b-a049-04b0a4fba027,52c5a7f3-fc6b-466b-a049-04b0a4fba027,49.262487,-123.114397,1,FALSE,FALSE,24400,0001,1783022725,2026-07-02T20:05:32Z,2026-07-02T20:05:32Z,2026-07-02T20:05:23Z,2.2,https://gbfs.kappa.fifteen.eu/gbfs/2.2/mobi/en/gbfs.json,https://gbfs.kappa.fifteen.eu/gbfs/2.2/mobi/en/free_bike_status.json,2026-07-02T20:05:31Z,2026-07-02T20:05:31Z
mobi_vancouver,mobi_vancouver_63fad702-3fb8-472d-a3d2-351e793cdc07,63fad702-3fb8-472d-a3d2-351e793cdc07,49.264215,-123.117772,1,FALSE,FALSE,24400,0008,1783022725,2026-07-02T20:05:32Z,2026-07-02T20:05:32Z,2026-07-02T20:05:23Z,2.2,https://gbfs.kappa.fifteen.eu/gbfs/2.2/mobi/en/gbfs.json,https://gbfs.kappa.fifteen.eu/gbfs/2.2/mobi/en/free_bike_status.json,2026-07-02T20:05:31Z,2026-07-02T20:05:31Z
mobi_vancouver,mobi_vancouver_1160cc2f-8fa4-49f9-912c-f9faa5f1320e,1160cc2f-8fa4-49f9-912c-f9faa5f1320e,49.264215,-123.117772,1,FALSE,FALSE,24400,0008,1783022725,2026-07-02T20:05:32Z,2026-07-02T20:05:32Z,2026-07-02T20:05:23Z,2.2,https://gbfs.kappa.fifteen.eu/gbfs/2.2/mobi/en/gbfs.json,https://gbfs.kappa.fifteen.eu/gbfs/2.2/mobi/en/free_bike_status.json,2026-07-02T20:05:31Z,2026-07-02T20:05:31Z
mobi_vancouver,mobi_vancouver_063a7eab-b757-479a-98ef-50674e9ddf12,063a7eab-b757-479a-98ef-50674e9ddf12,49.285871,-123.12105,1,FALSE,FALSE,24400,0002,1783022725,2026-07-02T20:05:32Z,2026-07-02T20:05:32Z,2026-07-02T20:05:23Z,2.2,https://gbfs.kappa.fifteen.eu/gbfs/2.2/mobi/en/gbfs.json,https://gbfs.kappa.fifteen.eu/gbfs/2.2/mobi/en/free_bike_status.json,2026-07-02T20:05:31Z,2026-07-02T20:05:31Z
mobi_vancouver,mobi_vancouver_d68d491a-6ea6-46f3-bb4b-0c45ff10cba2,d68d491a-6ea6-46f3-bb4b-0c45ff10cba2,49.285871,-123.12105,1,FALSE,FALSE,24400,0002,1783022725,2026-07-02T20:05:32Z,2026-07-02T20:05:32Z,2026-07-02T20:05:23Z,2.2,https://gbfs.kappa.fifteen.eu/gbfs/2.2/mobi/en/gbfs.json,https://gbfs.kappa.fifteen.eu/gbfs/2.2/mobi/en/free_bike_status.json,2026-07-02T20:05:31Z,2026-07-02T20:05:31Z
mobi_vancouver,mobi_vancouver_d5096dd4-d024-4022-9f0a-d078fa441209,d5096dd4-d024-4022-9f0a-d078fa441209,49.279739,-123.116251,2,FALSE,FALSE,24400,0025,1783022725,2026-07-02T20:05:32Z,2026-07-02T20:05:32Z,2026-07-02T20:05:23Z,2.2,https://gbfs.kappa.fifteen.eu/gbfs/2.2/mobi/en/gbfs.json,https://gbfs.kappa.fifteen.eu/gbfs/2.2/mobi/en/free_bike_status.json,2026-07-02T20:05:31Z,2026-07-02T20:05:31Z
mobi_vancouver,mobi_vancouver_2c4168c6-8321-4811-9c7a-0c25427d1aa9,2c4168c6-8321-4811-9c7a-0c25427d1aa9,49.279821,-123.10802,1,FALSE,FALSE,24400,0053,1783022725,2026-07-02T20:05:32Z,2026-07-02T20:05:32Z,2026-07-02T20:05:23Z,2.2,https://gbfs.kappa.fifteen.eu/gbfs/2.2/mobi/en/gbfs.json,https://gbfs.kappa.fifteen.eu/gbfs/2.2/mobi/en/free_bike_status.json,2026-07-02T20:05:31Z,2026-07-02T20:05:31Z
mobi_vancouver,mobi_vancouver_38ce99f9-5917-41ff-aa3e-81e56a904411,38ce99f9-5917-41ff-aa3e-81e56a904411,49.279821,-123.10802,1,FALSE,FALSE,24400,0053,1783022725,2026-07-02T20:05:32Z,2026-07-02T20:05:32Z,2026-07-02T20:05:23Z,2.2,https://gbfs.kappa.fifteen.eu/gbfs/2.2/mobi/en/gbfs.json,https://gbfs.kappa.fifteen.eu/gbfs/2.2/mobi/en/free_bike_status.json,2026-07-02T20:05:31Z,2026-07-02T20:05:31Z
mobi_vancouver,mobi_vancouver_ed9263e6-e2c9-4db1-b54f-fe25e9e9003a,ed9263e6-e2c9-4db1-b54f-fe25e9e9003a,49.280216,-123.117639,1,FALSE,FALSE,24400,0129,1783022725,2026-07-02T20:05:32Z,2026-07-02T20:05:32Z,2026-07-02T20:05:23Z,2.2,https://gbfs.kappa.fifteen.eu/gbfs/2.2/mobi/en/gbfs.json,https://gbfs.kappa.fifteen.eu/gbfs/2.2/mobi/en/free_bike_status.json,2026-07-02T20:05:31Z,2026-07-02T20:05:31Z
mobi_vancouver,mobi_vancouver_da3a6d1e-e30f-477f-9a74-97f2159ed50a,da3a6d1e-e30f-477f-9a74-97f2159ed50a,49.280216,-123.117639,1,FALSE,FALSE,24400,0129,1783022725,2026-07-02T20:05:32Z,2026-07-02T20:05:32Z,2026-07-02T20:05:23Z,2.2,https://gbfs.kappa.fifteen.eu/gbfs/2.2/mobi/en/gbfs.json,https://gbfs.kappa.fifteen.eu/gbfs/2.2/mobi/en/free_bike_status.json,2026-07-02T20:05:31Z,2026-07-02T20:05:31Z
mobi_vancouver,mobi_vancouver_7d6b6e11-03e1-4e4f-bacd-f0bd0dc1a0a7,7d6b6e11-03e1-4e4f-bacd-f0bd0dc1a0a7,49.28026,-123.135244,1,FALSE,FALSE,24400,0088,1783022725,2026-07-02T20:05:32Z,2026-07-02T20:05:32Z,2026-07-02T20:05:23Z,2.2,https://gbfs.kappa.fifteen.eu/gbfs/2.2/mobi/en/gbfs.json,https://gbfs.kappa.fifteen.eu/gbfs/2.2/mobi/en/free_bike_status.json,2026-07-02T20:05:31Z,2026-07-02T20:05:31Z
mobi_vancouver,mobi_vancouver_cc295ffd-fc19-4c62-abfb-b6ea65f67284,cc295ffd-fc19-4c62-abfb-b6ea65f67284,49.288506,-123.131238,1,FALSE,FALSE,24400,0096,1783022725,2026-07-02T20:05:32Z,2026-07-02T20:05:32Z,2026-07-02T20:05:23Z,2.2,https://gbfs.kappa.fifteen.eu/gbfs/2.2/mobi/en/gbfs.json,https://gbfs.kappa.fifteen.eu/gbfs/2.2/mobi/en/free_bike_status.json,2026-07-02T20:05:31Z,2026-07-02T20:05:31Z
mobi_vancouver,mobi_vancouver_35eb9c61-e5cb-47bf-b6cb-399334f09553,35eb9c61-e5cb-47bf-b6cb-399334f09553,49.288506,-123.131238,1,FALSE,FALSE,24400,0096,1783022725,2026-07-02T20:05:32Z,2026-07-02T20:05:32Z,2026-07-02T20:05:23Z,2.2,https://gbfs.kappa.fifteen.eu/gbfs/2.2/mobi/en/gbfs.json,https://gbfs.kappa.fifteen.eu/gbfs/2.2/mobi/en/free_bike_status.json,2026-07-02T20:05:31Z,2026-07-02T20:05:31Z
mobi_vancouver,mobi_vancouver_33646ba1-e1d9-477b-9563-157e6be3a1c2,33646ba1-e1d9-477b-9563-157e6be3a1c2,49.288506,-123.131238,1,FALSE,FALSE,24400,0096,1783022725,2026-07-02T20:05:32Z,2026-07-02T20:05:32Z,2026-07-02T20:05:23Z,2.2,https://gbfs.kappa.fifteen.eu/gbfs/2.2/mobi/en/gbfs.json,https://gbfs.kappa.fifteen.eu/gbfs/2.2/mobi/en/free_bike_status.json,2026-07-02T20:05:31Z,2026-07-02T20:05:31Z
mobi_vancouver,mobi_vancouver_f697b5dd-3c0d-48dd-a295-6f2853a5049f,f697b5dd-3c0d-48dd-a295-6f2853a5049f,49.28526,-123.141809,1,FALSE,FALSE,24400,0060,1783022725,2026-07-02T20:05:32Z,2026-07-02T20:05:32Z,2026-07-02T20:05:23Z,2.2,https://gbfs.kappa.fifteen.eu/gbfs/2.2/mobi/en/gbfs.json,https://gbfs.kappa.fifteen.eu/gbfs/2.2/mobi/en/free_bike_status.json,2026-07-02T20:05:31Z,2026-07-02T20:05:31Z
mobi_vancouver,mobi_vancouver_807790d0-f48e-4f27-b7e4-17786ef84706,807790d0-f48e-4f27-b7e4-17786ef84706,49.28526,-123.141809,1,FALSE,FALSE,24400,0060,1783022725,2026-07-02T20:05:32Z,2026-07-02T20:05:32Z,2026-07-02T20:05:23Z,2.2,https://gbfs.kappa.fifteen.eu/gbfs/2.2/mobi/en/gbfs.json,https://gbfs.kappa.fifteen.eu/gbfs/2.2/mobi/en/free_bike_status.json,2026-07-02T20:05:31Z,2026-07-02T20:05:31Z
mobi_vancouver,mobi_vancouver_6ce6f460-ffd1-4934-bdc7-a2f71590fad3,6ce6f460-ffd1-4934-bdc7-a2f71590fad3,49.293257,-123.138563,1,FALSE,FALSE,24400,0093,1783022725,2026-07-02T20:05:32Z,2026-07-02T20:05:32Z,2026-07-02T20:05:23Z,2.2,https://gbfs.kappa.fifteen.eu/gbfs/2.2/mobi/en/gbfs.json,https://gbfs.kappa.fifteen.eu/gbfs/2.2/mobi/en/free_bike_status.json,2026-07-02T20:05:31Z,2026-07-02T20:05:31Z
mobi_vancouver,mobi_vancouver_03925602-4836-4fba-bc91-9ee02935d052,03925602-4836-4fba-bc91-9ee02935d052,49.284605,-123.108662,1,FALSE,FALSE,24400,0052,1783022725,2026-07-02T20:05:32Z,2026-07-02T20:05:32Z,2026-07-02T20:05:23Z,2.2,https://gbfs.kappa.fifteen.eu/gbfs/2.2/mobi/en/gbfs.json,https://gbfs.kappa.fifteen.eu/gbfs/2.2/mobi/en/free_bike_status.json,2026-07-02T20:05:31Z,2026-07-02T20:05:31Z
mobi_vancouver,mobi_vancouver_c0e37596-d86d-4271-9047-7715f52d2b32,c0e37596-d86d-4271-9047-7715f52d2b32,49.284605,-123.108662,1,FALSE,FALSE,24400,0052,1783022725,2026-07-02T20:05:32Z,2026-07-02T20:05:32Z,2026-07-02T20:05:23Z,2.2,https://gbfs.kappa.fifteen.eu/gbfs/2.2/mobi/en/gbfs.json,https://gbfs.kappa.fifteen.eu/gbfs/2.2/mobi/en/free_bike_status.json,2026-07-02T20:05:31Z,2026-07-02T20:05:31Z
mobi_vancouver,mobi_vancouver_bec47d4c-e26a-49d1-829a-63f28c70d8ca,bec47d4c-e26a-49d1-829a-63f28c70d8ca,49.273471,-123.118016,1,FALSE,FALSE,24400,0017,1783022725,2026-07-02T20:05:32Z,2026-07-02T20:05:32Z,2026-07-02T20:05:23Z,2.2,https://gbfs.kappa.fifteen.eu/gbfs/2.2/mobi/en/gbfs.json,https://gbfs.kappa.fifteen.eu/gbfs/2.2/mobi/en/free_bike_status.json,2026-07-02T20:05:31Z,2026-07-02T20:05:31Z
mobi_vancouver,mobi_vancouver_a36bb905-f86a-461f-be47-be8537c12b9d,a36bb905-f86a-461f-be47-be8537c12b9d,49.265939,-123.1129,1,FALSE,FALSE,24400,0171,1783022725,2026-07-02T20:05:32Z,2026-07-02T20:05:32Z,2026-07-02T20:05:23Z,2.2,https://gbfs.kappa.fifteen.eu/gbfs/2.2/mobi/en/gbfs.json,https://gbfs.kappa.fifteen.eu/gbfs/2.2/mobi/en/free_bike_status.json,2026-07-02T20:05:31Z,2026-07-02T20:05:31Z
mobi_vancouver,mobi_vancouver_53b48ff3-1d8c-4899-afe6-217dfdcbef5c,53b48ff3-1d8c-4899-afe6-217dfdcbef5c,49.276292,-123.150592,1,FALSE,FALSE,24400,0155,1783022725,2026-07-02T20:05:32Z,2026-07-02T20:05:32Z,2026-07-02T20:05:23Z,2.2,https://gbfs.kappa.fifteen.eu/gbfs/2.2/mobi/en/gbfs.json,https://gbfs.kappa.fifteen.eu/gbfs/2.2/mobi/en/free_bike_status.json,2026-07-02T20:05:31Z,2026-07-02T20:05:31Z
mobi_vancouver,mobi_vancouver_48b8b705-c7e0-4fca-81db-68befeb5952e,48b8b705-c7e0-4fca-81db-68befeb5952e,49.276292,-123.150592,1,FALSE,FALSE,24400,0155,1783022725,2026-07-02T20:05:32Z,2026-07-02T20:05:32Z,2026-07-02T20:05:23Z,2.2,https://gbfs.kappa.fifteen.eu/gbfs/2.2/mobi/en/gbfs.json,https://gbfs.kappa.fifteen.eu/gbfs/2.2/mobi/en/free_bike_status.json,2026-07-02T20:05:31Z,2026-07-02T20:05:31Z
mobi_vancouver,mobi_vancouver_4e00da9f-254b-4820-bc9a-61f074e827ef,4e00da9f-254b-4820-bc9a-61f074e827ef,49.276292,-123.150592,1,FALSE,FALSE,24400,0155,1783022725,2026-07-02T20:05:32Z,2026-07-02T20:05:32Z,2026-07-02T20:05:23Z,2.2,https://gbfs.kappa.fifteen.eu/gbfs/2.2/mobi/en/gbfs.json,https://gbfs.kappa.fifteen.eu/gbfs/2.2/mobi/en/free_bike_status.json,2026-07-02T20:05:31Z,2026-07-02T20:05:31Z
mobi_vancouver,mobi_vancouver_bed09f0e-24df-464e-9b1c-0bae3c68aaf4,bed09f0e-24df-464e-9b1c-0bae3c68aaf4,49.282758,-123.122092,1,FALSE,FALSE,24400,0019,1783022725,2026-07-02T20:05:32Z,2026-07-02T20:05:32Z,2026-07-02T20:05:23Z,2.2,https://gbfs.kappa.fifteen.eu/gbfs/2.2/mobi/en/gbfs.json,https://gbfs.kappa.fifteen.eu/gbfs/2.2/mobi/en/free_bike_status.json,2026-07-02T20:05:31Z,2026-07-02T20:05:31Z
mobi_vancouver,mobi_vancouver_275f48fa-71f6-488e-85e5-287a763ec939,275f48fa-71f6-488e-85e5-287a763ec939,49.282758,-123.122092,1,FALSE,FALSE,24400,0019,1783022725,2026-07-02T20:05:32Z,2026-07-02T20:05:32Z,2026-07-02T20:05:23Z,2.2,https://gbfs.kappa.fifteen.eu/gbfs/2.2/mobi/en/gbfs.json,https://gbfs.kappa.fifteen.eu/gbfs/2.2/mobi/en/free_bike_status.json,2026-07-02T20:05:31Z,2026-07-02T20:05:31Z
mobi_vancouver,mobi_vancouver_4afc8198-92b2-4332-9163-7ea28fc6277f,4afc8198-92b2-4332-9163-7ea28fc6277f,49.282758,-123.122092,1,FALSE,FALSE,24400,0019,1783022725,2026-07-02T20:05:32Z,2026-07-02T20:05:32Z,2026-07-02T20:05:23Z,2.2,https://gbfs.kappa.fifteen.eu/gbfs/2.2/mobi/en/gbfs.json,https://gbfs.kappa.fifteen.eu/gbfs/2.2/mobi/en/free_bike_status.json,2026-07-02T20:05:31Z,2026-07-02T20:05:31Z
mobi_vancouver,mobi_vancouver_e0b63c40-4400-4c28-a87f-1231bd1eb82e,e0b63c40-4400-4c28-a87f-1231bd1eb82e,49.273355,-123.154493,1,FALSE,FALSE,24400,0154,1783022725,2026-07-02T20:05:32Z,2026-07-02T20:05:32Z,2026-07-02T20:05:23Z,2.2,https://gbfs.kappa.fifteen.eu/gbfs/2.2/mobi/en/gbfs.json,https://gbfs.kappa.fifteen.eu/gbfs/2.2/mobi/en/free_bike_status.json,2026-07-02T20:05:31Z,2026-07-02T20:05:31Z
mobi_vancouver,mobi_vancouver_d2520a46-6873-4b7b-9748-ee8e266fd3de,d2520a46-6873-4b7b-9748-ee8e266fd3de,49.273355,-123.154493,1,FALSE,FALSE,24400,0154,1783022725,2026-07-02T20:05:32Z,2026-07-02T20:05:32Z,2026-07-02T20:05:23Z,2.2,https://gbfs.kappa.fifteen.eu/gbfs/2.2/mobi/en/gbfs.json,https://gbfs.kappa.fifteen.eu/gbfs/2.2/mobi/en/free_bike_status.json,2026-07-02T20:05:31Z,2026-07-02T20:05:31Z
mobi_vancouver,mobi_vancouver_d9639b8c-e9e6-4e7d-b12f-9fdddcabe0f0,d9639b8c-e9e6-4e7d-b12f-9fdddcabe0f0,49.271741,-123.155421,1,FALSE,FALSE,24400,0204,1783022725,2026-07-02T20:05:32Z,2026-07-02T20:05:32Z,2026-07-02T20:05:23Z,2.2,https://gbfs.kappa.fifteen.eu/gbfs/2.2/mobi/en/gbfs.json,https://gbfs.kappa.fifteen.eu/gbfs/2.2/mobi/en/free_bike_status.json,2026-07-02T20:05:31Z,2026-07-02T20:05:31Z
mobi_vancouver,mobi_vancouver_ca69d7ff-c901-4eb2-b6ca-9902c450dffb,ca69d7ff-c901-4eb2-b6ca-9902c450dffb,49.268216,-123.103168,1,FALSE,FALSE,24400,0119,1783022725,2026-07-02T20:05:32Z,2026-07-02T20:05:32Z,2026-07-02T20:05:23Z,2.2,https://gbfs.kappa.fifteen.eu/gbfs/2.2/mobi/en/gbfs.json,https://gbfs.kappa.fifteen.eu/gbfs/2.2/mobi/en/free_bike_status.json,2026-07-02T20:05:31Z,2026-07-02T20:05:31Z
mobi_vancouver,mobi_vancouver_383907d6-7c5e-4632-a377-f6148c93bcc5,383907d6-7c5e-4632-a377-f6148c93bcc5,49.268216,-123.103168,1,FALSE,FALSE,24400,0119,1783022725,2026-07-02T20:05:32Z,2026-07-02T20:05:32Z,2026-07-02T20:05:23Z,2.2,https://gbfs.kappa.fifteen.eu/gbfs/2.2/mobi/en/gbfs.json,https://gbfs.kappa.fifteen.eu/gbfs/2.2/mobi/en/free_bike_status.json,2026-07-02T20:05:31Z,2026-07-02T20:05:31Z
mobi_vancouver,mobi_vancouver_a93361f1-fad2-4149-9928-4ecfd8010127,a93361f1-fad2-4149-9928-4ecfd8010127,49.262822,-123.14338,1,FALSE,FALSE,24400,0205,1783022725,2026-07-02T20:05:32Z,2026-07-02T20:05:32Z,2026-07-02T20:05:23Z,2.2,https://gbfs.kappa.fifteen.eu/gbfs/2.2/mobi/en/gbfs.json,https://gbfs.kappa.fifteen.eu/gbfs/2.2/mobi/en/free_bike_status.json,2026-07-02T20:05:31Z,2026-07-02T20:05:31Z
mobi_vancouver,mobi_vancouver_b11ff2b3-29b1-4533-a881-a75c8af02c6c,b11ff2b3-29b1-4533-a881-a75c8af02c6c,49.281301,-123.139108,1,FALSE,FALSE,24400,0084,1783022725,2026-07-02T20:05:32Z,2026-07-02T20:05:32Z,2026-07-02T20:05:23Z,2.2,https://gbfs.kappa.fifteen.eu/gbfs/2.2/mobi/en/gbfs.json,https://gbfs.kappa.fifteen.eu/gbfs/2.2/mobi/en/free_bike_status.json,2026-07-02T20:05:31Z,2026-07-02T20:05:31Z
mobi_vancouver,mobi_vancouver_25e287ea-47dc-401e-9e21-b6d75944f52d,25e287ea-47dc-401e-9e21-b6d75944f52d,49.281301,-123.139108,1,FALSE,FALSE,24400,0084,1783022725,2026-07-02T20:05:32Z,2026-07-02T20:05:32Z,2026-07-02T20:05:23Z,2.2,https://gbfs.kappa.fifteen.eu/gbfs/2.2/mobi/en/gbfs.json,https://gbfs.kappa.fifteen.eu/gbfs/2.2/mobi/en/free_bike_status.json,2026-07-02T20:05:31Z,2026-07-02T20:05:31Z
mobi_vancouver,mobi_vancouver_4bbed13c-5a30-4516-ae7a-bc79e7740593,4bbed13c-5a30-4516-ae7a-bc79e7740593,49.294318,-123.148808,1,FALSE,FALSE,24400,0104,1783022725,2026-07-02T20:05:32Z,2026-07-02T20:05:32Z,2026-07-02T20:05:23Z,2.2,https://gbfs.kappa.fifteen.eu/gbfs/2.2/mobi/en/gbfs.json,https://gbfs.kappa.fifteen.eu/gbfs/2.2/mobi/en/free_bike_status.json,2026-07-02T20:05:31Z,2026-07-02T20:05:31Z
mobi_vancouver,mobi_vancouver_96689633-c687-43d7-933c-c3a71ff22465,96689633-c687-43d7-933c-c3a71ff22465,49.294318,-123.148808,1,FALSE,FALSE,24400,0104,1783022725,2026-07-02T20:05:32Z,2026-07-02T20:05:32Z,2026-07-02T20:05:23Z,2.2,https://gbfs.kappa.fifteen.eu/gbfs/2.2/mobi/en/gbfs.json,https://gbfs.kappa.fifteen.eu/gbfs/2.2/mobi/en/free_bike_status.json,2026-07-02T20:05:31Z,2026-07-02T20:05:31Z
mobi_vancouver,mobi_vancouver_ff87c367-cd55-4a3e-ad3d-e6c0d0371406,ff87c367-cd55-4a3e-ad3d-e6c0d0371406,49.263635,-123.099236,2,FALSE,FALSE,24400,0206,1783022725,2026-07-02T20:05:32Z,2026-07-02T20:05:32Z,2026-07-02T20:05:23Z,2.2,https://gbfs.kappa.fifteen.eu/gbfs/2.2/mobi/en/gbfs.json,https://gbfs.kappa.fifteen.eu/gbfs/2.2/mobi/en/free_bike_status.json,2026-07-02T20:05:31Z,2026-07-02T20:05:31Z
mobi_vancouver,mobi_vancouver_48894e04-6f41-4071-b91f-18744edf04a9,48894e04-6f41-4071-b91f-18744edf04a9,49.278529,-123.100017,1,FALSE,FALSE,24400,0199,1783022725,2026-07-02T20:05:32Z,2026-07-02T20:05:32Z,2026-07-02T20:05:23Z,2.2,https://gbfs.kappa.fifteen.eu/gbfs/2.2/mobi/en/gbfs.json,https://gbfs.kappa.fifteen.eu/gbfs/2.2/mobi/en/free_bike_status.json,2026-07-02T20:05:31Z,2026-07-02T20:05:31Z
mobi_vancouver,mobi_vancouver_d34531ff-e035-4d62-862c-b305c8b876f5,d34531ff-e035-4d62-862c-b305c8b876f5,49.283227,-123.120523,1,FALSE,FALSE,24400,0099,1783022725,2026-07-02T20:05:32Z,2026-07-02T20:05:32Z,2026-07-02T20:05:23Z,2.2,https://gbfs.kappa.fifteen.eu/gbfs/2.2/mobi/en/gbfs.json,https://gbfs.kappa.fifteen.eu/gbfs/2.2/mobi/en/free_bike_status.json,2026-07-02T20:05:31Z,2026-07-02T20:05:31Z
mobi_vancouver,mobi_vancouver_efb6a281-2174-4319-b61e-d0c26a7e3b0e,efb6a281-2174-4319-b61e-d0c26a7e3b0e,49.267859,-123.145782,1,FALSE,FALSE,24400,0139,1783022725,2026-07-02T20:05:32Z,2026-07-02T20:05:32Z,2026-07-02T20:05:23Z,2.2,https://gbfs.kappa.fifteen.eu/gbfs/2.2/mobi/en/gbfs.json,https://gbfs.kappa.fifteen.eu/gbfs/2.2/mobi/en/free_bike_status.json,2026-07-02T20:05:31Z,2026-07-02T20:05:31Z
mobi_vancouver,mobi_vancouver_bc33e5fd-32d3-4312-8a81-9999e8afb769,bc33e5fd-32d3-4312-8a81-9999e8afb769,49.265005,-123.079481,1,FALSE,FALSE,24400,0236,1783022725,2026-07-02T20:05:32Z,2026-07-02T20:05:32Z,2026-07-02T20:05:23Z,2.2,https://gbfs.kappa.fifteen.eu/gbfs/2.2/mobi/en/gbfs.json,https://gbfs.kappa.fifteen.eu/gbfs/2.2/mobi/en/free_bike_status.json,2026-07-02T20:05:31Z,2026-07-02T20:05:31Z
mobi_vancouver,mobi_vancouver_57ca51d7-d4a9-4b8f-8394-14dfad303472,57ca51d7-d4a9-4b8f-8394-14dfad303472,49.268616,-123.069908,1,FALSE,FALSE,24400,0240,1783022725,2026-07-02T20:05:32Z,2026-07-02T20:05:32Z,2026-07-02T20:05:23Z,2.2,https://gbfs.kappa.fifteen.eu/gbfs/2.2/mobi/en/gbfs.json,https://gbfs.kappa.fifteen.eu/gbfs/2.2/mobi/en/free_bike_status.json,2026-07-02T20:05:31Z,2026-07-02T20:05:31Z
mobi_vancouver,mobi_vancouver_c2dfe19e-836e-4a96-ad39-bfa29524ac01,c2dfe19e-836e-4a96-ad39-bfa29524ac01,49.277436,-123.070427,1,FALSE,FALSE,24400,0223,1783022725,2026-07-02T20:05:32Z,2026-07-02T20:05:32Z,2026-07-02T20:05:23Z,2.2,https://gbfs.kappa.fifteen.eu/gbfs/2.2/mobi/en/gbfs.json,https://gbfs.kappa.fifteen.eu/gbfs/2.2/mobi/en/free_bike_status.json,2026-07-02T20:05:31Z,2026-07-02T20:05:31Z
mobi_vancouver,mobi_vancouver_2c48db38-a607-47e8-9202-f277546ea979,2c48db38-a607-47e8-9202-f277546ea979,49.28117,-123.104419,1,FALSE,FALSE,24400,0098,1783022725,2026-07-02T20:05:32Z,2026-07-02T20:05:32Z,2026-07-02T20:05:23Z,2.2,https://gbfs.kappa.fifteen.eu/gbfs/2.2/mobi/en/gbfs.json,https://gbfs.kappa.fifteen.eu/gbfs/2.2/mobi/en/free_bike_status.json,2026-07-02T20:05:31Z,2026-07-02T20:05:31Z
mobi_vancouver,mobi_vancouver_a3bd1884-9f52-4163-86cf-09e59fd503f0,a3bd1884-9f52-4163-86cf-09e59fd503f0,49.283992,-123.091206,1,FALSE,FALSE,24400,0230,1783022725,2026-07-02T20:05:32Z,2026-07-02T20:05:32Z,2026-07-02T20:05:23Z,2.2,https://gbfs.kappa.fifteen.eu/gbfs/2.2/mobi/en/gbfs.json,https://gbfs.kappa.fifteen.eu/gbfs/2.2/mobi/en/free_bike_status.json,2026-07-02T20:05:31Z,2026-07-02T20:05:31Z
mobi_vancouver,mobi_vancouver_b4293b71-a2c5-4655-abf3-111d2e798e31,b4293b71-a2c5-4655-abf3-111d2e798e31,49.258352,-123.096337,1,FALSE,FALSE,24400,0257,1783022725,2026-07-02T20:05:32Z,2026-07-02T20:05:32Z,2026-07-02T20:05:23Z,2.2,https://gbfs.kappa.fifteen.eu/gbfs/2.2/mobi/en/gbfs.json,https://gbfs.kappa.fifteen.eu/gbfs/2.2/mobi/en/free_bike_status.json,2026-07-02T20:05:31Z,2026-07-02T20:05:31Z
mobi_vancouver,mobi_vancouver_190ef829-38c6-4245-bb85-7a3c9e259b34,190ef829-38c6-4245-bb85-7a3c9e259b34,49.258352,-123.096337,1,FALSE,FALSE,24400,0257,1783022725,2026-07-02T20:05:32Z,2026-07-02T20:05:32Z,2026-07-02T20:05:23Z,2.2,https://gbfs.kappa.fifteen.eu/gbfs/2.2/mobi/en/gbfs.json,https://gbfs.kappa.fifteen.eu/gbfs/2.2/mobi/en/free_bike_status.json,2026-07-02T20:05:31Z,2026-07-02T20:05:31Z
mobi_vancouver,mobi_vancouver_0e570026-b4f9-4d12-91fd-b805ae468125,0e570026-b4f9-4d12-91fd-b805ae468125,49.256857,-123.065646,1,FALSE,FALSE,24400,0278,1783022725,2026-07-02T20:05:32Z,2026-07-02T20:05:32Z,2026-07-02T20:05:23Z,2.2,https://gbfs.kappa.fifteen.eu/gbfs/2.2/mobi/en/gbfs.json,https://gbfs.kappa.fifteen.eu/gbfs/2.2/mobi/en/free_bike_status.json,2026-07-02T20:05:31Z,2026-07-02T20:05:31Z
mobi_vancouver,mobi_vancouver_80854422-8b6c-46d2-ba9e-a3957833179f,80854422-8b6c-46d2-ba9e-a3957833179f,49.302577,-123.155616,1,FALSE,FALSE,24400,0103,1783022725,2026-07-02T20:05:32Z,2026-07-02T20:05:32Z,2026-07-02T20:05:23Z,2.2,https://gbfs.kappa.fifteen.eu/gbfs/2.2/mobi/en/gbfs.json,https://gbfs.kappa.fifteen.eu/gbfs/2.2/mobi/en/free_bike_status.json,2026-07-02T20:05:31Z,2026-07-02T20:05:31Z
mobi_vancouver,mobi_vancouver_52bdb7bd-ae7a-4d80-aefe-34fdccc21a20,52bdb7bd-ae7a-4d80-aefe-34fdccc21a20,49.277333,-123.087359,1,FALSE,FALSE,24400,0219,1783022725,2026-07-02T20:05:32Z,2026-07-02T20:05:32Z,2026-07-02T20:05:23Z,2.2,https://gbfs.kappa.fifteen.eu/gbfs/2.2/mobi/en/gbfs.json,https://gbfs.kappa.fifteen.eu/gbfs/2.2/mobi/en/free_bike_status.json,2026-07-02T20:05:31Z,2026-07-02T20:05:31Z
mobi_vancouver,mobi_vancouver_5ad90950-c26d-448e-9fb7-0661ec022cd5,5ad90950-c26d-448e-9fb7-0661ec022cd5,49.263962,-123.112621,1,FALSE,FALSE,24400,0170,1783022725,2026-07-02T20:05:32Z,2026-07-02T20:05:32Z,2026-07-02T20:05:23Z,2.2,https://gbfs.kappa.fifteen.eu/gbfs/2.2/mobi/en/gbfs.json,https://gbfs.kappa.fifteen.eu/gbfs/2.2/mobi/en/free_bike_status.json,2026-07-02T20:05:31Z,2026-07-02T20:05:31Z
mobi_vancouver,mobi_vancouver_a5af0e09-84a0-47f5-8fd2-86e084680f4d,a5af0e09-84a0-47f5-8fd2-86e084680f4d,49.283298,-123.142288,1,FALSE,FALSE,24400,0142,1783022725,2026-07-02T20:05:32Z,2026-07-02T20:05:32Z,2026-07-02T20:05:23Z,2.2,https://gbfs.kappa.fifteen.eu/gbfs/2.2/mobi/en/gbfs.json,https://gbfs.kappa.fifteen.eu/gbfs/2.2/mobi/en/free_bike_status.json,2026-07-02T20:05:31Z,2026-07-02T20:05:31Z
mobi_vancouver,mobi_vancouver_7b5044cb-16f4-4b8a-8c61-dd16276d495e,7b5044cb-16f4-4b8a-8c61-dd16276d495e,49.280787,-123.115271,1,FALSE,FALSE,24400,0305,1783022725,2026-07-02T20:05:32Z,2026-07-02T20:05:32Z,2026-07-02T20:05:23Z,2.2,https://gbfs.kappa.fifteen.eu/gbfs/2.2/mobi/en/gbfs.json,https://gbfs.kappa.fifteen.eu/gbfs/2.2/mobi/en/free_bike_status.json,2026-07-02T20:05:31Z,2026-07-02T20:05:31Z
mobi_vancouver,mobi_vancouver_adc3dce9-8ba4-4ba0-9063-d5d39fc2fae6,adc3dce9-8ba4-4ba0-9063-d5d39fc2fae6,49.290587,-123.13625,1,FALSE,FALSE,24400,0122,1783022725,2026-07-02T20:05:32Z,2026-07-02T20:05:32Z,2026-07-02T20:05:23Z,2.2,https://gbfs.kappa.fifteen.eu/gbfs/2.2/mobi/en/gbfs.json,https://gbfs.kappa.fifteen.eu/gbfs/2.2/mobi/en/free_bike_status.json,2026-07-02T20:05:31Z,2026-07-02T20:05:31Z
mobi_vancouver,mobi_vancouver_e1aad4a2-7daf-454f-8aa0-dd0297e035ee,e1aad4a2-7daf-454f-8aa0-dd0297e035ee,49.286646,-123.129232,1,FALSE,FALSE,24400,0310,1783022725,2026-07-02T20:05:32Z,2026-07-02T20:05:32Z,2026-07-02T20:05:23Z,2.2,https://gbfs.kappa.fifteen.eu/gbfs/2.2/mobi/en/gbfs.json,https://gbfs.kappa.fifteen.eu/gbfs/2.2/mobi/en/free_bike_status.json,2026-07-02T20:05:31Z,2026-07-02T20:05:31Z
mobi_vancouver,mobi_vancouver_3d30715c-6864-4ea1-ad0e-6148925539fa,3d30715c-6864-4ea1-ad0e-6148925539fa,49.27247,-123.185643,1,FALSE,FALSE,24400,0410,1783022725,2026-07-02T20:05:32Z,2026-07-02T20:05:32Z,2026-07-02T20:05:23Z,2.2,https://gbfs.kappa.fifteen.eu/gbfs/2.2/mobi/en/gbfs.json,https://gbfs.kappa.fifteen.eu/gbfs/2.2/mobi/en/free_bike_status.json,2026-07-02T20:05:31Z,2026-07-02T20:05:31Z
mobi_vancouver,mobi_vancouver_b08eb67a-1f54-416a-88be-0723941751dc,b08eb67a-1f54-416a-88be-0723941751dc,49.271471,-123.17731,1,FALSE,FALSE,24400,0440,1783022725,2026-07-02T20:05:32Z,2026-07-02T20:05:32Z,2026-07-02T20:05:23Z,2.2,https://gbfs.kappa.fifteen.eu/gbfs/2.2/mobi/en/gbfs.json,https://gbfs.kappa.fifteen.eu/gbfs/2.2/mobi/en/free_bike_status.json,2026-07-02T20:05:31Z,2026-07-02T20:05:31Z
mobi_vancouver,mobi_vancouver_c016729e-8d0b-409b-9921-f69d0e06afd2,c016729e-8d0b-409b-9921-f69d0e06afd2,49.264326,-123.164725,1,FALSE,FALSE,24400,0464,1783022725,2026-07-02T20:05:32Z,2026-07-02T20:05:32Z,2026-07-02T20:05:23Z,2.2,https://gbfs.kappa.fifteen.eu/gbfs/2.2/mobi/en/gbfs.json,https://gbfs.kappa.fifteen.eu/gbfs/2.2/mobi/en/free_bike_status.json,2026-07-02T20:05:31Z,2026-07-02T20:05:31Z
mobi_vancouver,mobi_vancouver_053858f7-30e3-4a15-b86e-605fb9a56c50,053858f7-30e3-4a15-b86e-605fb9a56c50,49.274232,-123.129998,1,FALSE,FALSE,24400,0314,1783022725,2026-07-02T20:05:32Z,2026-07-02T20:05:32Z,2026-07-02T20:05:23Z,2.2,https://gbfs.kappa.fifteen.eu/gbfs/2.2/mobi/en/gbfs.json,https://gbfs.kappa.fifteen.eu/gbfs/2.2/mobi/en/free_bike_status.json,2026-07-02T20:05:31Z,2026-07-02T20:05:31Z
mobi_vancouver,mobi_vancouver_d456da9f-5a2e-4b10-9fa1-8fd22d232c0c,d456da9f-5a2e-4b10-9fa1-8fd22d232c0c,49.283482,-123.103738,1,FALSE,FALSE,24400,0013,1783022725,2026-07-02T20:05:32Z,2026-07-02T20:05:32Z,2026-07-02T20:05:23Z,2.2,https://gbfs.kappa.fifteen.eu/gbfs/2.2/mobi/en/gbfs.json,https://gbfs.kappa.fifteen.eu/gbfs/2.2/mobi/en/free_bike_status.json,2026-07-02T20:05:31Z,2026-07-02T20:05:31Z
mobi_vancouver,mobi_vancouver_0309b98d-d9e2-4117-a344-195f35457709,0309b98d-d9e2-4117-a344-195f35457709,49.288682,-123.11818,1,FALSE,FALSE,24800,0201,1783022725,2026-07-02T20:05:32Z,2026-07-02T20:05:32Z,2026-07-02T20:05:23Z,2.2,https://gbfs.kappa.fifteen.eu/gbfs/2.2/mobi/en/gbfs.json,https://gbfs.kappa.fifteen.eu/gbfs/2.2/mobi/en/free_bike_status.json,2026-07-02T20:05:31Z,2026-07-02T20:05:31Z
mobi_vancouver,mobi_vancouver_953e0111-9504-4970-a505-106e1587484f,953e0111-9504-4970-a505-106e1587484f,49.262487,-123.114397,1,FALSE,FALSE,24800,0001,1783022725,2026-07-02T20:05:32Z,2026-07-02T20:05:32Z,2026-07-02T20:05:23Z,2.2,https://gbfs.kappa.fifteen.eu/gbfs/2.2/mobi/en/gbfs.json,https://gbfs.kappa.fifteen.eu/gbfs/2.2/mobi/en/free_bike_status.json,2026-07-02T20:05:31Z,2026-07-02T20:05:31Z
mobi_vancouver,mobi_vancouver_12a18dfa-5018-4ff7-b19f-f4279d39c9a2,12a18dfa-5018-4ff7-b19f-f4279d39c9a2,49.289255,-123.132677,1,FALSE,FALSE,24800,0041,1783022725,2026-07-02T20:05:32Z,2026-07-02T20:05:32Z,2026-07-02T20:05:23Z,2.2,https://gbfs.kappa.fifteen.eu/gbfs/2.2/mobi/en/gbfs.json,https://gbfs.kappa.fifteen.eu/gbfs/2.2/mobi/en/free_bike_status.json,2026-07-02T20:05:31Z,2026-07-02T20:05:31Z
mobi_vancouver,mobi_vancouver_89a85534-03c7-4001-a6da-acae6c20cd9f,89a85534-03c7-4001-a6da-acae6c20cd9f,49.279739,-123.116251,1,FALSE,FALSE,24800,0025,1783022725,2026-07-02T20:05:32Z,2026-07-02T20:05:32Z,2026-07-02T20:05:23Z,2.2,https://gbfs.kappa.fifteen.eu/gbfs/2.2/mobi/en/gbfs.json,https://gbfs.kappa.fifteen.eu/gbfs/2.2/mobi/en/free_bike_status.json,2026-07-02T20:05:31Z,2026-07-02T20:05:31Z
mobi_vancouver,mobi_vancouver_371f0bb8-48bd-4467-994b-a11c32b4c4bc,371f0bb8-48bd-4467-994b-a11c32b4c4bc,49.279739,-123.116251,1,FALSE,FALSE,24800,0025,1783022725,2026-07-02T20:05:32Z,2026-07-02T20:05:32Z,2026-07-02T20:05:23Z,2.2,https://gbfs.kappa.fifteen.eu/gbfs/2.2/mobi/en/gbfs.json,https://gbfs.kappa.fifteen.eu/gbfs/2.2/mobi/en/free_bike_status.json,2026-07-02T20:05:31Z,2026-07-02T20:05:31Z
mobi_vancouver,mobi_vancouver_dad032f9-09be-4be5-b89b-528788f97dfc,dad032f9-09be-4be5-b89b-528788f97dfc,49.279821,-123.10802,1,FALSE,FALSE,24800,0053,1783022725,2026-07-02T20:05:32Z,2026-07-02T20:05:32Z,2026-07-02T20:05:23Z,2.2,https://gbfs.kappa.fifteen.eu/gbfs/2.2/mobi/en/gbfs.json,https://gbfs.kappa.fifteen.eu/gbfs/2.2/mobi/en/free_bike_status.json,2026-07-02T20:05:31Z,2026-07-02T20:05:31Z
mobi_vancouver,mobi_vancouver_6173ec1b-ccbd-4bae-826f-cb0d18e177f9,6173ec1b-ccbd-4bae-826f-cb0d18e177f9,49.280216,-123.117639,1,FALSE,FALSE,24800,0129,1783022725,2026-07-02T20:05:32Z,2026-07-02T20:05:32Z,2026-07-02T20:05:23Z,2.2,https://gbfs.kappa.fifteen.eu/gbfs/2.2/mobi/en/gbfs.json,https://gbfs.kappa.fifteen.eu/gbfs/2.2/mobi/en/free_bike_status.json,2026-07-02T20:05:31Z,2026-07-02T20:05:31Z
mobi_vancouver,mobi_vancouver_094cd7b0-9c47-4498-a325-c5593738ccff,094cd7b0-9c47-4498-a325-c5593738ccff,49.280216,-123.117639,1,FALSE,FALSE,24800,0129,1783022725,2026-07-02T20:05:32Z,2026-07-02T20:05:32Z,2026-07-02T20:05:23Z,2.2,https://gbfs.kappa.fifteen.eu/gbfs/2.2/mobi/en/gbfs.json,https://gbfs.kappa.fifteen.eu/gbfs/2.2/mobi/en/free_bike_status.json,2026-07-02T20:05:31Z,2026-07-02T20:05:31Z
mobi_vancouver,mobi_vancouver_fa07297c-7eaa-4d6e-bceb-4708931c90ad,fa07297c-7eaa-4d6e-bceb-4708931c90ad,49.28026,-123.135244,1,FALSE,FALSE,24800,0088,1783022725,2026-07-02T20:05:32Z,2026-07-02T20:05:32Z,2026-07-02T20:05:23Z,2.2,https://gbfs.kappa.fifteen.eu/gbfs/2.2/mobi/en/gbfs.json,https://gbfs.kappa.fifteen.eu/gbfs/2.2/mobi/en/free_bike_status.json,2026-07-02T20:05:31Z,2026-07-02T20:05:31Z
mobi_vancouver,mobi_vancouver_10b23c97-ec9f-424c-a77a-89b28d2e6147,10b23c97-ec9f-424c-a77a-89b28d2e6147,49.287528,-123.142139,1,FALSE,FALSE,24800,0028,1783022725,2026-07-02T20:05:32Z,2026-07-02T20:05:32Z,2026-07-02T20:05:23Z,2.2,https://gbfs.kappa.fifteen.eu/gbfs/2.2/mobi/en/gbfs.json,https://gbfs.kappa.fifteen.eu/gbfs/2.2/mobi/en/free_bike_status.json,2026-07-02T20:05:31Z,2026-07-02T20:05:31Z
mobi_vancouver,mobi_vancouver_850d1ad3-cba7-4ace-a1e6-ae5cd01f1169,850d1ad3-cba7-4ace-a1e6-ae5cd01f1169,49.258763,-123.115392,1,FALSE,FALSE,24800,0072,1783022725,2026-07-02T20:05:32Z,2026-07-02T20:05:32Z,2026-07-02T20:05:23Z,2.2,https://gbfs.kappa.fifteen.eu/gbfs/2.2/mobi/en/gbfs.json,https://gbfs.kappa.fifteen.eu/gbfs/2.2/mobi/en/free_bike_status.json,2026-07-02T20:05:31Z,2026-07-02T20:05:31Z
mobi_vancouver,mobi_vancouver_fcabe6f2-b8b9-460c-a39f-8c395bc61811,fcabe6f2-b8b9-460c-a39f-8c395bc61811,49.268269,-123.147885,1,FALSE,FALSE,24800,0076,1783022725,2026-07-02T20:05:32Z,2026-07-02T20:05:32Z,2026-07-02T20:05:23Z,2.2,https://gbfs.kappa.fifteen.eu/gbfs/2.2/mobi/en/gbfs.json,https://gbfs.kappa.fifteen.eu/gbfs/2.2/mobi/en/free_bike_status.json,2026-07-02T20:05:31Z,2026-07-02T20:05:31Z
mobi_vancouver,mobi_vancouver_916a97ca-52b2-4072-bd47-0f4786852364,916a97ca-52b2-4072-bd47-0f4786852364,49.266724,-123.104824,1,FALSE,FALSE,24800,0073,1783022725,2026-07-02T20:05:32Z,2026-07-02T20:05:32Z,2026-07-02T20:05:23Z,2.2,https://gbfs.kappa.fifteen.eu/gbfs/2.2/mobi/en/gbfs.json,https://gbfs.kappa.fifteen.eu/gbfs/2.2/mobi/en/free_bike_status.json,2026-07-02T20:05:31Z,2026-07-02T20:05:31Z
mobi_vancouver,mobi_vancouver_2dea8305-1330-4bef-bb9b-667313860ecc,2dea8305-1330-4bef-bb9b-667313860ecc,49.293257,-123.138563,1,FALSE,FALSE,24800,0093,1783022725,2026-07-02T20:05:32Z,2026-07-02T20:05:32Z,2026-07-02T20:05:23Z,2.2,https://gbfs.kappa.fifteen.eu/gbfs/2.2/mobi/en/gbfs.json,https://gbfs.kappa.fifteen.eu/gbfs/2.2/mobi/en/free_bike_status.json,2026-07-02T20:05:31Z,2026-07-02T20:05:31Z
mobi_vancouver,mobi_vancouver_f405f5cd-2f02-4264-8780-c5758408dd0a,f405f5cd-2f02-4264-8780-c5758408dd0a,49.284605,-123.108662,2,FALSE,FALSE,24800,0052,1783022725,2026-07-02T20:05:32Z,2026-07-02T20:05:32Z,2026-07-02T20:05:23Z,2.2,https://gbfs.kappa.fifteen.eu/gbfs/2.2/mobi/en/gbfs.json,https://gbfs.kappa.fifteen.eu/gbfs/2.2/mobi/en/free_bike_status.json,2026-07-02T20:05:31Z,2026-07-02T20:05:31Z
mobi_vancouver,mobi_vancouver_9f541061-863b-44df-9d7e-2ee6e9d576e1,9f541061-863b-44df-9d7e-2ee6e9d576e1,49.270721,-123.146175,1,FALSE,FALSE,24800,0108,1783022725,2026-07-02T20:05:32Z,2026-07-02T20:05:32Z,2026-07-02T20:05:23Z,2.2,https://gbfs.kappa.fifteen.eu/gbfs/2.2/mobi/en/gbfs.json,https://gbfs.kappa.fifteen.eu/gbfs/2.2/mobi/en/free_bike_status.json,2026-07-02T20:05:31Z,2026-07-02T20:05:31Z
mobi_vancouver,mobi_vancouver_41f5b0ee-a825-47d2-bff6-e4c2ae2bb5e5,41f5b0ee-a825-47d2-bff6-e4c2ae2bb5e5,49.27821,-123.136972,1,FALSE,FALSE,24800,0083,1783022725,2026-07-02T20:05:32Z,2026-07-02T20:05:32Z,2026-07-02T20:05:23Z,2.2,https://gbfs.kappa.fifteen.eu/gbfs/2.2/mobi/en/gbfs.json,https://gbfs.kappa.fifteen.eu/gbfs/2.2/mobi/en/free_bike_status.json,2026-07-02T20:05:31Z,2026-07-02T20:05:31Z
mobi_vancouver,mobi_vancouver_a127dc50-f007-468d-b2b1-d98c14cbfcff,a127dc50-f007-468d-b2b1-d98c14cbfcff,49.256845,-123.120071,1,FALSE,FALSE,24800,0130,1783022725,2026-07-02T20:05:32Z,2026-07-02T20:05:32Z,2026-07-02T20:05:23Z,2.2,https://gbfs.kappa.fifteen.eu/gbfs/2.2/mobi/en/gbfs.json,https://gbfs.kappa.fifteen.eu/gbfs/2.2/mobi/en/free_bike_status.json,2026-07-02T20:05:31Z,2026-07-02T20:05:31Z
mobi_vancouver,mobi_vancouver_668deb89-319a-4f1b-9b27-6e68e18343f8,668deb89-319a-4f1b-9b27-6e68e18343f8,49.276292,-123.150592,1,FALSE,FALSE,24800,0155,1783022725,2026-07-02T20:05:32Z,2026-07-02T20:05:32Z,2026-07-02T20:05:23Z,2.2,https://gbfs.kappa.fifteen.eu/gbfs/2.2/mobi/en/gbfs.json,https://gbfs.kappa.fifteen.eu/gbfs/2.2/mobi/en/free_bike_status.json,2026-07-02T20:05:31Z,2026-07-02T20:05:31Z
mobi_vancouver,mobi_vancouver_346250e7-6cec-42a3-ba4a-a214355895bb,346250e7-6cec-42a3-ba4a-a214355895bb,49.276292,-123.150592,1,FALSE,FALSE,24800,0155,1783022725,2026-07-02T20:05:32Z,2026-07-02T20:05:32Z,2026-07-02T20:05:23Z,2.2,https://gbfs.kappa.fifteen.eu/gbfs/2.2/mobi/en/gbfs.json,https://gbfs.kappa.fifteen.eu/gbfs/2.2/mobi/en/free_bike_status.json,2026-07-02T20:05:31Z,2026-07-02T20:05:31Z
mobi_vancouver,mobi_vancouver_f567c864-204f-4bbb-a54d-7a512871107e,f567c864-204f-4bbb-a54d-7a512871107e,49.274566,-123.121817,1,FALSE,FALSE,24800,0004,1783022725,2026-07-02T20:05:32Z,2026-07-02T20:05:32Z,2026-07-02T20:05:23Z,2.2,https://gbfs.kappa.fifteen.eu/gbfs/2.2/mobi/en/gbfs.json,https://gbfs.kappa.fifteen.eu/gbfs/2.2/mobi/en/free_bike_status.json,2026-07-02T20:05:31Z,2026-07-02T20:05:31Z
mobi_vancouver,mobi_vancouver_87419093-a3f4-425d-98da-ea3bed733d7a,87419093-a3f4-425d-98da-ea3bed733d7a,49.268216,-123.103168,1,FALSE,FALSE,24800,0119,1783022725,2026-07-02T20:05:32Z,2026-07-02T20:05:32Z,2026-07-02T20:05:23Z,2.2,https://gbfs.kappa.fifteen.eu/gbfs/2.2/mobi/en/gbfs.json,https://gbfs.kappa.fifteen.eu/gbfs/2.2/mobi/en/free_bike_status.json,2026-07-02T20:05:31Z,2026-07-02T20:05:31Z
mobi_vancouver,mobi_vancouver_21f1bf5c-5a95-4de7-a038-02845079d740,21f1bf5c-5a95-4de7-a038-02845079d740,49.268216,-123.103168,1,FALSE,FALSE,24800,0119,1783022725,2026-07-02T20:05:32Z,2026-07-02T20:05:32Z,2026-07-02T20:05:23Z,2.2,https://gbfs.kappa.fifteen.eu/gbfs/2.2/mobi/en/gbfs.json,https://gbfs.kappa.fifteen.eu/gbfs/2.2/mobi/en/free_bike_status.json,2026-07-02T20:05:31Z,2026-07-02T20:05:31Z
mobi_vancouver,mobi_vancouver_b89630f9-80e0-416c-b11a-02eecba4c0ed,b89630f9-80e0-416c-b11a-02eecba4c0ed,49.29534,-123.150433,1,FALSE,FALSE,24800,0102,1783022725,2026-07-02T20:05:32Z,2026-07-02T20:05:32Z,2026-07-02T20:05:23Z,2.2,https://gbfs.kappa.fifteen.eu/gbfs/2.2/mobi/en/gbfs.json,https://gbfs.kappa.fifteen.eu/gbfs/2.2/mobi/en/free_bike_status.json,2026-07-02T20:05:31Z,2026-07-02T20:05:31Z
mobi_vancouver,mobi_vancouver_1bc1b797-0bb7-48c0-a8d6-f42dd9ce5b9b,1bc1b797-0bb7-48c0-a8d6-f42dd9ce5b9b,49.273103,-123.069892,1,FALSE,FALSE,24800,0235,1783022725,2026-07-02T20:05:32Z,2026-07-02T20:05:32Z,2026-07-02T20:05:23Z,2.2,https://gbfs.kappa.fifteen.eu/gbfs/2.2/mobi/en/gbfs.json,https://gbfs.kappa.fifteen.eu/gbfs/2.2/mobi/en/free_bike_status.json,2026-07-02T20:05:31Z,2026-07-02T20:05:31Z
mobi_vancouver,mobi_vancouver_1e930969-3110-4bfc-83f6-c9fb4e4f058e,1e930969-3110-4bfc-83f6-c9fb4e4f058e,49.283992,-123.091206,1,FALSE,FALSE,24800,0230,1783022725,2026-07-02T20:05:32Z,2026-07-02T20:05:32Z,2026-07-02T20:05:23Z,2.2,https://gbfs.kappa.fifteen.eu/gbfs/2.2/mobi/en/gbfs.json,https://gbfs.kappa.fifteen.eu/gbfs/2.2/mobi/en/free_bike_status.json,2026-07-02T20:05:31Z,2026-07-02T20:05:31Z
mobi_vancouver,mobi_vancouver_91835e8a-af87-4607-88d1-8a746f868a4e,91835e8a-af87-4607-88d1-8a746f868a4e,49.266751,-123.073501,1,FALSE,FALSE,24800,0250,1783022725,2026-07-02T20:05:32Z,2026-07-02T20:05:32Z,2026-07-02T20:05:23Z,2.2,https://gbfs.kappa.fifteen.eu/gbfs/2.2/mobi/en/gbfs.json,https://gbfs.kappa.fifteen.eu/gbfs/2.2/mobi/en/free_bike_status.json,2026-07-02T20:05:31Z,2026-07-02T20:05:31Z
mobi_vancouver,mobi_vancouver_3364f7cd-d12d-4e91-8f85-fde3faec149a,3364f7cd-d12d-4e91-8f85-fde3faec149a,49.280881,-123.130672,1,FALSE,FALSE,24800,0126,1783022725,2026-07-02T20:05:32Z,2026-07-02T20:05:32Z,2026-07-02T20:05:23Z,2.2,https://gbfs.kappa.fifteen.eu/gbfs/2.2/mobi/en/gbfs.json,https://gbfs.kappa.fifteen.eu/gbfs/2.2/mobi/en/free_bike_status.json,2026-07-02T20:05:31Z,2026-07-02T20:05:31Z
mobi_vancouver,mobi_vancouver_07d877ab-529a-4a19-a5b0-a2ccf6809d4d,07d877ab-529a-4a19-a5b0-a2ccf6809d4d,49.280427,-123.074082,1,FALSE,FALSE,24800,0225,1783022725,2026-07-02T20:05:32Z,2026-07-02T20:05:32Z,2026-07-02T20:05:23Z,2.2,https://gbfs.kappa.fifteen.eu/gbfs/2.2/mobi/en/gbfs.json,https://gbfs.kappa.fifteen.eu/gbfs/2.2/mobi/en/free_bike_status.json,2026-07-02T20:05:31Z,2026-07-02T20:05:31Z
mobi_vancouver,mobi_vancouver_3136b167-c303-488a-b15d-eb6491ff4542,3136b167-c303-488a-b15d-eb6491ff4542,49.261973,-123.09725,1,FALSE,FALSE,24800,0186,1783022725,2026-07-02T20:05:32Z,2026-07-02T20:05:32Z,2026-07-02T20:05:23Z,2.2,https://gbfs.kappa.fifteen.eu/gbfs/2.2/mobi/en/gbfs.json,https://gbfs.kappa.fifteen.eu/gbfs/2.2/mobi/en/free_bike_status.json,2026-07-02T20:05:31Z,2026-07-02T20:05:31Z
mobi_vancouver,mobi_vancouver_71980316-a704-4513-84b4-4443ebef6a3d,71980316-a704-4513-84b4-4443ebef6a3d,49.27033,-123.10275,1,FALSE,FALSE,24800,0177,1783022725,2026-07-02T20:05:32Z,2026-07-02T20:05:32Z,2026-07-02T20:05:23Z,2.2,https://gbfs.kappa.fifteen.eu/gbfs/2.2/mobi/en/gbfs.json,https://gbfs.kappa.fifteen.eu/gbfs/2.2/mobi/en/free_bike_status.json,2026-07-02T20:05:31Z,2026-07-02T20:05:31Z
mobi_vancouver,mobi_vancouver_ae3d4dc9-a2ec-47c0-b33e-9c865fcda210,ae3d4dc9-a2ec-47c0-b33e-9c865fcda210,49.302577,-123.155616,1,FALSE,FALSE,24800,0103,1783022725,2026-07-02T20:05:32Z,2026-07-02T20:05:32Z,2026-07-02T20:05:23Z,2.2,https://gbfs.kappa.fifteen.eu/gbfs/2.2/mobi/en/gbfs.json,https://gbfs.kappa.fifteen.eu/gbfs/2.2/mobi/en/free_bike_status.json,2026-07-02T20:05:31Z,2026-07-02T20:05:31Z
mobi_vancouver,mobi_vancouver_8c43c8bb-fe76-42e7-826b-57260d220d01,8c43c8bb-fe76-42e7-826b-57260d220d01,49.302577,-123.155616,1,FALSE,FALSE,24800,0103,1783022725,2026-07-02T20:05:32Z,2026-07-02T20:05:32Z,2026-07-02T20:05:23Z,2.2,https://gbfs.kappa.fifteen.eu/gbfs/2.2/mobi/en/gbfs.json,https://gbfs.kappa.fifteen.eu/gbfs/2.2/mobi/en/free_bike_status.json,2026-07-02T20:05:31Z,2026-07-02T20:05:31Z
mobi_vancouver,mobi_vancouver_614c282e-5fdc-42ed-95f0-18b8e85dc1fa,614c282e-5fdc-42ed-95f0-18b8e85dc1fa,49.27551,-123.13307,1,FALSE,FALSE,24800,0045,1783022725,2026-07-02T20:05:32Z,2026-07-02T20:05:32Z,2026-07-02T20:05:23Z,2.2,https://gbfs.kappa.fifteen.eu/gbfs/2.2/mobi/en/gbfs.json,https://gbfs.kappa.fifteen.eu/gbfs/2.2/mobi/en/free_bike_status.json,2026-07-02T20:05:31Z,2026-07-02T20:05:31Z
mobi_vancouver,mobi_vancouver_aa6c93be-8464-426b-9707-8d8bf6a2843f,aa6c93be-8464-426b-9707-8d8bf6a2843f,49.284893,-123.128685,1,FALSE,FALSE,24800,0300,1783022725,2026-07-02T20:05:32Z,2026-07-02T20:05:32Z,2026-07-02T20:05:23Z,2.2,https://gbfs.kappa.fifteen.eu/gbfs/2.2/mobi/en/gbfs.json,https://gbfs.kappa.fifteen.eu/gbfs/2.2/mobi/en/free_bike_status.json,2026-07-02T20:05:31Z,2026-07-02T20:05:31Z
mobi_vancouver,mobi_vancouver_765c4bcc-5bce-46b6-9f2b-77eb75aba6b2,765c4bcc-5bce-46b6-9f2b-77eb75aba6b2,49.263962,-123.112621,1,FALSE,FALSE,24800,0170,1783022725,2026-07-02T20:05:32Z,2026-07-02T20:05:32Z,2026-07-02T20:05:23Z,2.2,https://gbfs.kappa.fifteen.eu/gbfs/2.2/mobi/en/gbfs.json,https://gbfs.kappa.fifteen.eu/gbfs/2.2/mobi/en/free_bike_status.json,2026-07-02T20:05:31Z,2026-07-02T20:05:31Z
mobi_vancouver,mobi_vancouver_9bbda918-fa2e-4214-a7d9-643c83dd80da,9bbda918-fa2e-4214-a7d9-643c83dd80da,49.263962,-123.112621,1,FALSE,FALSE,24800,0170,1783022725,2026-07-02T20:05:32Z,2026-07-02T20:05:32Z,2026-07-02T20:05:23Z,2.2,https://gbfs.kappa.fifteen.eu/gbfs/2.2/mobi/en/gbfs.json,https://gbfs.kappa.fifteen.eu/gbfs/2.2/mobi/en/free_bike_status.json,2026-07-02T20:05:31Z,2026-07-02T20:05:31Z
mobi_vancouver,mobi_vancouver_d5f79477-5c22-41fb-ae60-3189c0e4d63e,d5f79477-5c22-41fb-ae60-3189c0e4d63e,49.263962,-123.112621,1,FALSE,FALSE,24800,0170,1783022725,2026-07-02T20:05:32Z,2026-07-02T20:05:32Z,2026-07-02T20:05:23Z,2.2,https://gbfs.kappa.fifteen.eu/gbfs/2.2/mobi/en/gbfs.json,https://gbfs.kappa.fifteen.eu/gbfs/2.2/mobi/en/free_bike_status.json,2026-07-02T20:05:31Z,2026-07-02T20:05:31Z
mobi_vancouver,mobi_vancouver_730668c7-551d-458a-860b-32258a28806f,730668c7-551d-458a-860b-32258a28806f,49.263962,-123.112621,1,FALSE,FALSE,24800,0170,1783022725,2026-07-02T20:05:32Z,2026-07-02T20:05:32Z,2026-07-02T20:05:23Z,2.2,https://gbfs.kappa.fifteen.eu/gbfs/2.2/mobi/en/gbfs.json,https://gbfs.kappa.fifteen.eu/gbfs/2.2/mobi/en/free_bike_status.json,2026-07-02T20:05:31Z,2026-07-02T20:05:31Z
mobi_vancouver,mobi_vancouver_cc74c83e-a5cf-46eb-8c16-4b73536f9dcb,cc74c83e-a5cf-46eb-8c16-4b73536f9dcb,49.27029,-123.135025,1,FALSE,FALSE,24800,0189,1783022725,2026-07-02T20:05:32Z,2026-07-02T20:05:32Z,2026-07-02T20:05:23Z,2.2,https://gbfs.kappa.fifteen.eu/gbfs/2.2/mobi/en/gbfs.json,https://gbfs.kappa.fifteen.eu/gbfs/2.2/mobi/en/free_bike_status.json,2026-07-02T20:05:31Z,2026-07-02T20:05:31Z
mobi_vancouver,mobi_vancouver_cf508da5-c708-46b5-9a6f-de4d93b8205e,cf508da5-c708-46b5-9a6f-de4d93b8205e,49.290587,-123.13625,1,FALSE,FALSE,24800,0122,1783022725,2026-07-02T20:05:32Z,2026-07-02T20:05:32Z,2026-07-02T20:05:23Z,2.2,https://gbfs.kappa.fifteen.eu/gbfs/2.2/mobi/en/gbfs.json,https://gbfs.kappa.fifteen.eu/gbfs/2.2/mobi/en/free_bike_status.json,2026-07-02T20:05:31Z,2026-07-02T20:05:31Z
mobi_vancouver,mobi_vancouver_ffcfc12e-65cb-4bf3-83ec-85d82aea9cba,ffcfc12e-65cb-4bf3-83ec-85d82aea9cba,49.27247,-123.185643,1,FALSE,FALSE,24800,0410,1783022725,2026-07-02T20:05:32Z,2026-07-02T20:05:32Z,2026-07-02T20:05:23Z,2.2,https://gbfs.kappa.fifteen.eu/gbfs/2.2/mobi/en/gbfs.json,https://gbfs.kappa.fifteen.eu/gbfs/2.2/mobi/en/free_bike_status.json,2026-07-02T20:05:31Z,2026-07-02T20:05:31Z
mobi_vancouver,mobi_vancouver_17c8a9f0-f164-4728-b3c4-95d3898d0d1a,17c8a9f0-f164-4728-b3c4-95d3898d0d1a,49.27247,-123.185643,1,FALSE,FALSE,24800,0410,1783022725,2026-07-02T20:05:32Z,2026-07-02T20:05:32Z,2026-07-02T20:05:23Z,2.2,https://gbfs.kappa.fifteen.eu/gbfs/2.2/mobi/en/gbfs.json,https://gbfs.kappa.fifteen.eu/gbfs/2.2/mobi/en/free_bike_status.json,2026-07-02T20:05:31Z,2026-07-02T20:05:31Z
mobi_vancouver,mobi_vancouver_72748fae-5393-49d5-839b-e5c4278741a8,72748fae-5393-49d5-839b-e5c4278741a8,49.263523,-123.155267,1,FALSE,FALSE,24800,0484,1783022725,2026-07-02T20:05:32Z,2026-07-02T20:05:32Z,2026-07-02T20:05:23Z,2.2,https://gbfs.kappa.fifteen.eu/gbfs/2.2/mobi/en/gbfs.json,https://gbfs.kappa.fifteen.eu/gbfs/2.2/mobi/en/free_bike_status.json,2026-07-02T20:05:31Z,2026-07-02T20:05:31Z
mobi_vancouver,mobi_vancouver_9fdf1ea8-648d-4db6-ba46-d277c7d6bc87,9fdf1ea8-648d-4db6-ba46-d277c7d6bc87,49.249184,-123.116141,1,FALSE,FALSE,24800,0524,1783022725,2026-07-02T20:05:32Z,2026-07-02T20:05:32Z,2026-07-02T20:05:23Z,2.2,https://gbfs.kappa.fifteen.eu/gbfs/2.2/mobi/en/gbfs.json,https://gbfs.kappa.fifteen.eu/gbfs/2.2/mobi/en/free_bike_status.json,2026-07-02T20:05:31Z,2026-07-02T20:05:31Z
mobi_vancouver,mobi_vancouver_6ed36359-5530-4641-92ff-50515b01a35e,6ed36359-5530-4641-92ff-50515b01a35e,49.287464,-123.060771,1,FALSE,FALSE,24800,0611,1783022725,2026-07-02T20:05:32Z,2026-07-02T20:05:32Z,2026-07-02T20:05:23Z,2.2,https://gbfs.kappa.fifteen.eu/gbfs/2.2/mobi/en/gbfs.json,https://gbfs.kappa.fifteen.eu/gbfs/2.2/mobi/en/free_bike_status.json,2026-07-02T20:05:31Z,2026-07-02T20:05:31Z
mobi_vancouver,mobi_vancouver_9b0257b6-6766-45ee-a079-da779c219ee8,9b0257b6-6766-45ee-a079-da779c219ee8,49.263073,-123.254307,1,FALSE,FALSE,24800,2114,1783022725,2026-07-02T20:05:32Z,2026-07-02T20:05:32Z,2026-07-02T20:05:23Z,2.2,https://gbfs.kappa.fifteen.eu/gbfs/2.2/mobi/en/gbfs.json,https://gbfs.kappa.fifteen.eu/gbfs/2.2/mobi/en/free_bike_status.json,2026-07-02T20:05:31Z,2026-07-02T20:05:31Z
mobi_vancouver,mobi_vancouver_2ca9b4a0-faa0-4cdf-8228-349c32467647,2ca9b4a0-faa0-4cdf-8228-349c32467647,49.269172,-123.25279,1,FALSE,FALSE,24800,2131,1783022725,2026-07-02T20:05:32Z,2026-07-02T20:05:32Z,2026-07-02T20:05:23Z,2.2,https://gbfs.kappa.fifteen.eu/gbfs/2.2/mobi/en/gbfs.json,https://gbfs.kappa.fifteen.eu/gbfs/2.2/mobi/en/free_bike_status.json,2026-07-02T20:05:31Z,2026-07-02T20:05:31Z
mobi_vancouver,mobi_vancouver_bbe14cca-3819-4455-b29f-09ae23ab31a2,bbe14cca-3819-4455-b29f-09ae23ab31a2,49.25894,-123.139272,1,FALSE,FALSE,25200,0071,1783022725,2026-07-02T20:05:32Z,2026-07-02T20:05:32Z,2026-07-02T20:05:23Z,2.2,https://gbfs.kappa.fifteen.eu/gbfs/2.2/mobi/en/gbfs.json,https://gbfs.kappa.fifteen.eu/gbfs/2.2/mobi/en/free_bike_status.json,2026-07-02T20:05:31Z,2026-07-02T20:05:31Z
mobi_vancouver,mobi_vancouver_fa706afb-eca3-452a-940b-5ee1d2353a0b,fa706afb-eca3-452a-940b-5ee1d2353a0b,49.282214,-123.114101,1,FALSE,FALSE,25200,0012,1783022725,2026-07-02T20:05:32Z,2026-07-02T20:05:32Z,2026-07-02T20:05:23Z,2.2,https://gbfs.kappa.fifteen.eu/gbfs/2.2/mobi/en/gbfs.json,https://gbfs.kappa.fifteen.eu/gbfs/2.2/mobi/en/free_bike_status.json,2026-07-02T20:05:31Z,2026-07-02T20:05:31Z
mobi_vancouver,mobi_vancouver_69c71eb5-5714-471e-a514-430d77315979,69c71eb5-5714-471e-a514-430d77315979,49.282214,-123.114101,1,FALSE,FALSE,25200,0012,1783022725,2026-07-02T20:05:32Z,2026-07-02T20:05:32Z,2026-07-02T20:05:23Z,2.2,https://gbfs.kappa.fifteen.eu/gbfs/2.2/mobi/en/gbfs.json,https://gbfs.kappa.fifteen.eu/gbfs/2.2/mobi/en/free_bike_status.json,2026-07-02T20:05:31Z,2026-07-02T20:05:31Z
mobi_vancouver,mobi_vancouver_c3b14258-0836-43b1-923b-4b27511a29ea,c3b14258-0836-43b1-923b-4b27511a29ea,49.282409,-123.118541,1,FALSE,FALSE,25200,0015,1783022725,2026-07-02T20:05:32Z,2026-07-02T20:05:32Z,2026-07-02T20:05:23Z,2.2,https://gbfs.kappa.fifteen.eu/gbfs/2.2/mobi/en/gbfs.json,https://gbfs.kappa.fifteen.eu/gbfs/2.2/mobi/en/free_bike_status.json,2026-07-02T20:05:31Z,2026-07-02T20:05:31Z
mobi_vancouver,mobi_vancouver_ad880c33-cba5-4591-98a2-1bc18e81f591,ad880c33-cba5-4591-98a2-1bc18e81f591,49.285871,-123.12105,1,FALSE,FALSE,25200,0002,1783022725,2026-07-02T20:05:32Z,2026-07-02T20:05:32Z,2026-07-02T20:05:23Z,2.2,https://gbfs.kappa.fifteen.eu/gbfs/2.2/mobi/en/gbfs.json,https://gbfs.kappa.fifteen.eu/gbfs/2.2/mobi/en/free_bike_status.json,2026-07-02T20:05:31Z,2026-07-02T20:05:31Z
mobi_vancouver,mobi_vancouver_a967cdbd-6d10-454d-9488-e49791f3cc00,a967cdbd-6d10-454d-9488-e49791f3cc00,49.28725,-123.11298,1,FALSE,FALSE,25200,0014,1783022725,2026-07-02T20:05:32Z,2026-07-02T20:05:32Z,2026-07-02T20:05:23Z,2.2,https://gbfs.kappa.fifteen.eu/gbfs/2.2/mobi/en/gbfs.json,https://gbfs.kappa.fifteen.eu/gbfs/2.2/mobi/en/free_bike_status.json,2026-07-02T20:05:31Z,2026-07-02T20:05:31Z
mobi_vancouver,mobi_vancouver_ec3aee05-6f18-42df-86de-2e775d3160f3,ec3aee05-6f18-42df-86de-2e775d3160f3,49.28725,-123.11298,1,FALSE,FALSE,25200,0014,1783022725,2026-07-02T20:05:32Z,2026-07-02T20:05:32Z,2026-07-02T20:05:23Z,2.2,https://gbfs.kappa.fifteen.eu/gbfs/2.2/mobi/en/gbfs.json,https://gbfs.kappa.fifteen.eu/gbfs/2.2/mobi/en/free_bike_status.json,2026-07-02T20:05:31Z,2026-07-02T20:05:31Z
mobi_vancouver,mobi_vancouver_c107c239-8283-41ba-a1d4-2b8d3cef90c5,c107c239-8283-41ba-a1d4-2b8d3cef90c5,49.28803,-123.142135,1,FALSE,FALSE,25200,0031,1783022725,2026-07-02T20:05:32Z,2026-07-02T20:05:32Z,2026-07-02T20:05:23Z,2.2,https://gbfs.kappa.fifteen.eu/gbfs/2.2/mobi/en/gbfs.json,https://gbfs.kappa.fifteen.eu/gbfs/2.2/mobi/en/free_bike_status.json,2026-07-02T20:05:31Z,2026-07-02T20:05:31Z
mobi_vancouver,mobi_vancouver_7d53d47c-8956-4add-a2aa-997e0b601dec,7d53d47c-8956-4add-a2aa-997e0b601dec,49.288444,-123.139203,1,FALSE,FALSE,25200,0032,1783022725,2026-07-02T20:05:32Z,2026-07-02T20:05:32Z,2026-07-02T20:05:23Z,2.2,https://gbfs.kappa.fifteen.eu/gbfs/2.2/mobi/en/gbfs.json,https://gbfs.kappa.fifteen.eu/gbfs/2.2/mobi/en/free_bike_status.json,2026-07-02T20:05:31Z,2026-07-02T20:05:31Z
mobi_vancouver,mobi_vancouver_b9391ea3-0103-4de4-8661-9cc8cef6c110,b9391ea3-0103-4de4-8661-9cc8cef6c110,49.289255,-123.132677,1,FALSE,FALSE,25200,0041,1783022725,2026-07-02T20:05:32Z,2026-07-02T20:05:32Z,2026-07-02T20:05:23Z,2.2,https://gbfs.kappa.fifteen.eu/gbfs/2.2/mobi/en/gbfs.json,https://gbfs.kappa.fifteen.eu/gbfs/2.2/mobi/en/free_bike_status.json,2026-07-02T20:05:31Z,2026-07-02T20:05:31Z
mobi_vancouver,mobi_vancouver_b91841e5-8ef6-49a1-9458-b320c11b469a,b91841e5-8ef6-49a1-9458-b320c11b469a,49.279739,-123.116251,1,FALSE,FALSE,25200,0025,1783022725,2026-07-02T20:05:32Z,2026-07-02T20:05:32Z,2026-07-02T20:05:23Z,2.2,https://gbfs.kappa.fifteen.eu/gbfs/2.2/mobi/en/gbfs.json,https://gbfs.kappa.fifteen.eu/gbfs/2.2/mobi/en/free_bike_status.json,2026-07-02T20:05:31Z,2026-07-02T20:05:31Z
mobi_vancouver,mobi_vancouver_70121701-c83f-406f-85de-2a1d66f745a3,70121701-c83f-406f-85de-2a1d66f745a3,49.273833,-123.114373,1,FALSE,FALSE,25200,0057,1783022725,2026-07-02T20:05:32Z,2026-07-02T20:05:32Z,2026-07-02T20:05:23Z,2.2,https://gbfs.kappa.fifteen.eu/gbfs/2.2/mobi/en/gbfs.json,https://gbfs.kappa.fifteen.eu/gbfs/2.2/mobi/en/free_bike_status.json,2026-07-02T20:05:31Z,2026-07-02T20:05:31Z
mobi_vancouver,mobi_vancouver_e7851d08-8560-49af-b32f-2082e8a02406,e7851d08-8560-49af-b32f-2082e8a02406,49.273833,-123.114373,1,FALSE,FALSE,25200,0057,1783022725,2026-07-02T20:05:32Z,2026-07-02T20:05:32Z,2026-07-02T20:05:23Z,2.2,https://gbfs.kappa.fifteen.eu/gbfs/2.2/mobi/en/gbfs.json,https://gbfs.kappa.fifteen.eu/gbfs/2.2/mobi/en/free_bike_status.json,2026-07-02T20:05:31Z,2026-07-02T20:05:31Z
mobi_vancouver,mobi_vancouver_236576a3-7165-45d2-a38b-6f35aff29c80,236576a3-7165-45d2-a38b-6f35aff29c80,49.28026,-123.135244,1,FALSE,FALSE,25200,0088,1783022725,2026-07-02T20:05:32Z,2026-07-02T20:05:32Z,2026-07-02T20:05:23Z,2.2,https://gbfs.kappa.fifteen.eu/gbfs/2.2/mobi/en/gbfs.json,https://gbfs.kappa.fifteen.eu/gbfs/2.2/mobi/en/free_bike_status.json,2026-07-02T20:05:31Z,2026-07-02T20:05:31Z
mobi_vancouver,mobi_vancouver_991315f8-08fc-46b0-b8f0-9096d3d98384,991315f8-08fc-46b0-b8f0-9096d3d98384,49.287528,-123.142139,1,FALSE,FALSE,25200,0028,1783022725,2026-07-02T20:05:32Z,2026-07-02T20:05:32Z,2026-07-02T20:05:23Z,2.2,https://gbfs.kappa.fifteen.eu/gbfs/2.2/mobi/en/gbfs.json,https://gbfs.kappa.fifteen.eu/gbfs/2.2/mobi/en/free_bike_status.json,2026-07-02T20:05:31Z,2026-07-02T20:05:31Z
mobi_vancouver,mobi_vancouver_ff746ff6-fc83-473a-bceb-86c2d4edefcf,ff746ff6-fc83-473a-bceb-86c2d4edefcf,49.287528,-123.142139,1,FALSE,FALSE,25200,0028,1783022725,2026-07-02T20:05:32Z,2026-07-02T20:05:32Z,2026-07-02T20:05:23Z,2.2,https://gbfs.kappa.fifteen.eu/gbfs/2.2/mobi/en/gbfs.json,https://gbfs.kappa.fifteen.eu/gbfs/2.2/mobi/en/free_bike_status.json,2026-07-02T20:05:31Z,2026-07-02T20:05:31Z
mobi_vancouver,mobi_vancouver_8ac851f0-80c9-4e21-8ecf-17890bf96fa9,8ac851f0-80c9-4e21-8ecf-17890bf96fa9,49.276436,-123.11877,1,FALSE,FALSE,25200,0078,1783022725,2026-07-02T20:05:32Z,2026-07-02T20:05:32Z,2026-07-02T20:05:23Z,2.2,https://gbfs.kappa.fifteen.eu/gbfs/2.2/mobi/en/gbfs.json,https://gbfs.kappa.fifteen.eu/gbfs/2.2/mobi/en/free_bike_status.json,2026-07-02T20:05:31Z,2026-07-02T20:05:31Z
mobi_vancouver,mobi_vancouver_1ce37ce5-bf56-49d0-a635-430a3938a14a,1ce37ce5-bf56-49d0-a635-430a3938a14a,49.275717,-123.142564,1,FALSE,FALSE,25200,0077,1783022725,2026-07-02T20:05:32Z,2026-07-02T20:05:32Z,2026-07-02T20:05:23Z,2.2,https://gbfs.kappa.fifteen.eu/gbfs/2.2/mobi/en/gbfs.json,https://gbfs.kappa.fifteen.eu/gbfs/2.2/mobi/en/free_bike_status.json,2026-07-02T20:05:31Z,2026-07-02T20:05:31Z
mobi_vancouver,mobi_vancouver_1a591a23-8325-4152-9aba-871d6590cf32,1a591a23-8325-4152-9aba-871d6590cf32,49.28526,-123.141809,1,FALSE,FALSE,25200,0060,1783022725,2026-07-02T20:05:32Z,2026-07-02T20:05:32Z,2026-07-02T20:05:23Z,2.2,https://gbfs.kappa.fifteen.eu/gbfs/2.2/mobi/en/gbfs.json,https://gbfs.kappa.fifteen.eu/gbfs/2.2/mobi/en/free_bike_status.json,2026-07-02T20:05:31Z,2026-07-02T20:05:31Z
mobi_vancouver,mobi_vancouver_e4e348b1-825b-4ef6-97f0-bb81c348847f,e4e348b1-825b-4ef6-97f0-bb81c348847f,49.272827,-123.147744,1,FALSE,FALSE,25200,0065,1783022725,2026-07-02T20:05:32Z,2026-07-02T20:05:32Z,2026-07-02T20:05:23Z,2.2,https://gbfs.kappa.fifteen.eu/gbfs/2.2/mobi/en/gbfs.json,https://gbfs.kappa.fifteen.eu/gbfs/2.2/mobi/en/free_bike_status.json,2026-07-02T20:05:31Z,2026-07-02T20:05:31Z
mobi_vancouver,mobi_vancouver_79195822-5390-4a5f-83e2-fb3da84ef702,79195822-5390-4a5f-83e2-fb3da84ef702,49.293257,-123.138563,1,FALSE,FALSE,25200,0093,1783022725,2026-07-02T20:05:32Z,2026-07-02T20:05:32Z,2026-07-02T20:05:23Z,2.2,https://gbfs.kappa.fifteen.eu/gbfs/2.2/mobi/en/gbfs.json,https://gbfs.kappa.fifteen.eu/gbfs/2.2/mobi/en/free_bike_status.json,2026-07-02T20:05:31Z,2026-07-02T20:05:31Z
mobi_vancouver,mobi_vancouver_6bcd6271-ad5c-4d1f-a26a-5dddca228274,6bcd6271-ad5c-4d1f-a26a-5dddca228274,49.293257,-123.138563,1,FALSE,FALSE,25200,0093,1783022725,2026-07-02T20:05:32Z,2026-07-02T20:05:32Z,2026-07-02T20:05:23Z,2.2,https://gbfs.kappa.fifteen.eu/gbfs/2.2/mobi/en/gbfs.json,https://gbfs.kappa.fifteen.eu/gbfs/2.2/mobi/en/free_bike_status.json,2026-07-02T20:05:31Z,2026-07-02T20:05:31Z
mobi_vancouver,mobi_vancouver_1c8fabca-daef-44ad-bdcb-d958040d400e,1c8fabca-daef-44ad-bdcb-d958040d400e,49.293257,-123.138563,1,FALSE,FALSE,25200,0093,1783022725,2026-07-02T20:05:32Z,2026-07-02T20:05:32Z,2026-07-02T20:05:23Z,2.2,https://gbfs.kappa.fifteen.eu/gbfs/2.2/mobi/en/gbfs.json,https://gbfs.kappa.fifteen.eu/gbfs/2.2/mobi/en/free_bike_status.json,2026-07-02T20:05:31Z,2026-07-02T20:05:31Z
mobi_vancouver,mobi_vancouver_d6596ab3-4e31-4de5-8268-d96d11ba9504,d6596ab3-4e31-4de5-8268-d96d11ba9504,49.293257,-123.138563,1,FALSE,FALSE,25200,0093,1783022725,2026-07-02T20:05:32Z,2026-07-02T20:05:32Z,2026-07-02T20:05:23Z,2.2,https://gbfs.kappa.fifteen.eu/gbfs/2.2/mobi/en/gbfs.json,https://gbfs.kappa.fifteen.eu/gbfs/2.2/mobi/en/free_bike_status.json,2026-07-02T20:05:31Z,2026-07-02T20:05:31Z
mobi_vancouver,mobi_vancouver_63c9c65d-4290-4cfd-8ea0-73a210ba3e1c,63c9c65d-4290-4cfd-8ea0-73a210ba3e1c,49.287097,-123.118551,1,FALSE,FALSE,25200,0016,1783022725,2026-07-02T20:05:32Z,2026-07-02T20:05:32Z,2026-07-02T20:05:23Z,2.2,https://gbfs.kappa.fifteen.eu/gbfs/2.2/mobi/en/gbfs.json,https://gbfs.kappa.fifteen.eu/gbfs/2.2/mobi/en/free_bike_status.json,2026-07-02T20:05:31Z,2026-07-02T20:05:31Z
mobi_vancouver,mobi_vancouver_7310a36a-c0ac-4b7a-b3ac-0d0ddae8d402,7310a36a-c0ac-4b7a-b3ac-0d0ddae8d402,49.273471,-123.118016,1,FALSE,FALSE,25200,0017,1783022725,2026-07-02T20:05:32Z,2026-07-02T20:05:32Z,2026-07-02T20:05:23Z,2.2,https://gbfs.kappa.fifteen.eu/gbfs/2.2/mobi/en/gbfs.json,https://gbfs.kappa.fifteen.eu/gbfs/2.2/mobi/en/free_bike_status.json,2026-07-02T20:05:31Z,2026-07-02T20:05:31Z
mobi_vancouver,mobi_vancouver_8e03b606-e801-4c08-85f6-aa637483a32a,8e03b606-e801-4c08-85f6-aa637483a32a,49.266476,-123.109389,1,FALSE,FALSE,25200,0165,1783022725,2026-07-02T20:05:32Z,2026-07-02T20:05:32Z,2026-07-02T20:05:23Z,2.2,https://gbfs.kappa.fifteen.eu/gbfs/2.2/mobi/en/gbfs.json,https://gbfs.kappa.fifteen.eu/gbfs/2.2/mobi/en/free_bike_status.json,2026-07-02T20:05:31Z,2026-07-02T20:05:31Z
mobi_vancouver,mobi_vancouver_a4069ff7-801e-4bd4-b6a0-4f9b02b2fa13,a4069ff7-801e-4bd4-b6a0-4f9b02b2fa13,49.266314,-123.116011,1,FALSE,FALSE,25200,0006,1783022725,2026-07-02T20:05:32Z,2026-07-02T20:05:32Z,2026-07-02T20:05:23Z,2.2,https://gbfs.kappa.fifteen.eu/gbfs/2.2/mobi/en/gbfs.json,https://gbfs.kappa.fifteen.eu/gbfs/2.2/mobi/en/free_bike_status.json,2026-07-02T20:05:31Z,2026-07-02T20:05:31Z
mobi_vancouver,mobi_vancouver_9feae077-8311-46c8-bd54-b0742ffa5473,9feae077-8311-46c8-bd54-b0742ffa5473,49.27023,-123.10651,1,FALSE,FALSE,25200,0174,1783022725,2026-07-02T20:05:32Z,2026-07-02T20:05:32Z,2026-07-02T20:05:23Z,2.2,https://gbfs.kappa.fifteen.eu/gbfs/2.2/mobi/en/gbfs.json,https://gbfs.kappa.fifteen.eu/gbfs/2.2/mobi/en/free_bike_status.json,2026-07-02T20:05:31Z,2026-07-02T20:05:31Z
mobi_vancouver,mobi_vancouver_4e0a3c53-2585-4733-8fa9-f3cc10b9c9a3,4e0a3c53-2585-4733-8fa9-f3cc10b9c9a3,49.276292,-123.150592,1,FALSE,FALSE,25200,0155,1783022725,2026-07-02T20:05:32Z,2026-07-02T20:05:32Z,2026-07-02T20:05:23Z,2.2,https://gbfs.kappa.fifteen.eu/gbfs/2.2/mobi/en/gbfs.json,https://gbfs.kappa.fifteen.eu/gbfs/2.2/mobi/en/free_bike_status.json,2026-07-02T20:05:31Z,2026-07-02T20:05:31Z
mobi_vancouver,mobi_vancouver_c582f88f-6efd-4ac7-8394-779559147f2e,c582f88f-6efd-4ac7-8394-779559147f2e,49.276292,-123.150592,1,FALSE,FALSE,25200,0155,1783022725,2026-07-02T20:05:32Z,2026-07-02T20:05:32Z,2026-07-02T20:05:23Z,2.2,https://gbfs.kappa.fifteen.eu/gbfs/2.2/mobi/en/gbfs.json,https://gbfs.kappa.fifteen.eu/gbfs/2.2/mobi/en/free_bike_status.json,2026-07-02T20:05:31Z,2026-07-02T20:05:31Z
mobi_vancouver,mobi_vancouver_593e60e3-9221-4225-bebb-fd8fc8a30181,593e60e3-9221-4225-bebb-fd8fc8a30181,49.276292,-123.150592,1,FALSE,FALSE,25200,0155,1783022725,2026-07-02T20:05:32Z,2026-07-02T20:05:32Z,2026-07-02T20:05:23Z,2.2,https://gbfs.kappa.fifteen.eu/gbfs/2.2/mobi/en/gbfs.json,https://gbfs.kappa.fifteen.eu/gbfs/2.2/mobi/en/free_bike_status.json,2026-07-02T20:05:31Z,2026-07-02T20:05:31Z
mobi_vancouver,mobi_vancouver_59a94054-1da6-473e-834b-f35888ad1e94,59a94054-1da6-473e-834b-f35888ad1e94,49.268503,-123.097501,1,FALSE,FALSE,25200,0197,1783022725,2026-07-02T20:05:32Z,2026-07-02T20:05:32Z,2026-07-02T20:05:23Z,2.2,https://gbfs.kappa.fifteen.eu/gbfs/2.2/mobi/en/gbfs.json,https://gbfs.kappa.fifteen.eu/gbfs/2.2/mobi/en/free_bike_status.json,2026-07-02T20:05:31Z,2026-07-02T20:05:31Z
mobi_vancouver,mobi_vancouver_087f6bfc-b3bd-4d80-a949-1ebeed676f69,087f6bfc-b3bd-4d80-a949-1ebeed676f69,49.268216,-123.103168,1,FALSE,FALSE,25200,0119,1783022725,2026-07-02T20:05:32Z,2026-07-02T20:05:32Z,2026-07-02T20:05:23Z,2.2,https://gbfs.kappa.fifteen.eu/gbfs/2.2/mobi/en/gbfs.json,https://gbfs.kappa.fifteen.eu/gbfs/2.2/mobi/en/free_bike_status.json,2026-07-02T20:05:31Z,2026-07-02T20:05:31Z
mobi_vancouver,mobi_vancouver_a43b64dd-4073-43a3-85a3-2ecd3ed745c7,a43b64dd-4073-43a3-85a3-2ecd3ed745c7,49.281301,-123.139108,1,FALSE,FALSE,25200,0084,1783022725,2026-07-02T20:05:32Z,2026-07-02T20:05:32Z,2026-07-02T20:05:23Z,2.2,https://gbfs.kappa.fifteen.eu/gbfs/2.2/mobi/en/gbfs.json,https://gbfs.kappa.fifteen.eu/gbfs/2.2/mobi/en/free_bike_status.json,2026-07-02T20:05:31Z,2026-07-02T20:05:31Z
mobi_vancouver,mobi_vancouver_1f99272a-04d2-4f9e-8a4b-7a7bcc1e20eb,1f99272a-04d2-4f9e-8a4b-7a7bcc1e20eb,49.294318,-123.148808,1,FALSE,FALSE,25200,0104,1783022725,2026-07-02T20:05:32Z,2026-07-02T20:05:32Z,2026-07-02T20:05:23Z,2.2,https://gbfs.kappa.fifteen.eu/gbfs/2.2/mobi/en/gbfs.json,https://gbfs.kappa.fifteen.eu/gbfs/2.2/mobi/en/free_bike_status.json,2026-07-02T20:05:31Z,2026-07-02T20:05:31Z
mobi_vancouver,mobi_vancouver_9e61dc92-2abc-46be-8c95-482917fec202,9e61dc92-2abc-46be-8c95-482917fec202,49.297933,-123.130758,1,FALSE,FALSE,25200,0209,1783022725,2026-07-02T20:05:32Z,2026-07-02T20:05:32Z,2026-07-02T20:05:23Z,2.2,https://gbfs.kappa.fifteen.eu/gbfs/2.2/mobi/en/gbfs.json,https://gbfs.kappa.fifteen.eu/gbfs/2.2/mobi/en/free_bike_status.json,2026-07-02T20:05:31Z,2026-07-02T20:05:31Z
mobi_vancouver,mobi_vancouver_7ed1e2f8-1f36-4926-8a23-cb699595805c,7ed1e2f8-1f36-4926-8a23-cb699595805c,49.278529,-123.100017,1,FALSE,FALSE,25200,0199,1783022725,2026-07-02T20:05:32Z,2026-07-02T20:05:32Z,2026-07-02T20:05:23Z,2.2,https://gbfs.kappa.fifteen.eu/gbfs/2.2/mobi/en/gbfs.json,https://gbfs.kappa.fifteen.eu/gbfs/2.2/mobi/en/free_bike_status.json,2026-07-02T20:05:31Z,2026-07-02T20:05:31Z
mobi_vancouver,mobi_vancouver_c64caefc-93d5-4e77-a395-a25804919cbf,c64caefc-93d5-4e77-a395-a25804919cbf,49.263746,-123.069892,1,FALSE,FALSE,25200,0254,1783022725,2026-07-02T20:05:32Z,2026-07-02T20:05:32Z,2026-07-02T20:05:23Z,2.2,https://gbfs.kappa.fifteen.eu/gbfs/2.2/mobi/en/gbfs.json,https://gbfs.kappa.fifteen.eu/gbfs/2.2/mobi/en/free_bike_status.json,2026-07-02T20:05:31Z,2026-07-02T20:05:31Z
mobi_vancouver,mobi_vancouver_f2b1c646-cc15-4022-b950-aa583c366342,f2b1c646-cc15-4022-b950-aa583c366342,49.283992,-123.091206,2,FALSE,FALSE,25200,0230,1783022725,2026-07-02T20:05:32Z,2026-07-02T20:05:32Z,2026-07-02T20:05:23Z,2.2,https://gbfs.kappa.fifteen.eu/gbfs/2.2/mobi/en/gbfs.json,https://gbfs.kappa.fifteen.eu/gbfs/2.2/mobi/en/free_bike_status.json,2026-07-02T20:05:31Z,2026-07-02T20:05:31Z
mobi_vancouver,mobi_vancouver_8ddb5979-3cbf-4605-a9de-5712f4341f71,8ddb5979-3cbf-4605-a9de-5712f4341f71,49.277469,-123.081315,1,FALSE,FALSE,25200,0221,1783022725,2026-07-02T20:05:32Z,2026-07-02T20:05:32Z,2026-07-02T20:05:23Z,2.2,https://gbfs.kappa.fifteen.eu/gbfs/2.2/mobi/en/gbfs.json,https://gbfs.kappa.fifteen.eu/gbfs/2.2/mobi/en/free_bike_status.json,2026-07-02T20:05:31Z,2026-07-02T20:05:31Z
mobi_vancouver,mobi_vancouver_2bedb70d-59c0-4620-b9df-dfb6c230f2c0,2bedb70d-59c0-4620-b9df-dfb6c230f2c0,49.280852,-123.084746,1,FALSE,FALSE,25200,0227,1783022725,2026-07-02T20:05:32Z,2026-07-02T20:05:32Z,2026-07-02T20:05:23Z,2.2,https://gbfs.kappa.fifteen.eu/gbfs/2.2/mobi/en/gbfs.json,https://gbfs.kappa.fifteen.eu/gbfs/2.2/mobi/en/free_bike_status.json,2026-07-02T20:05:31Z,2026-07-02T20:05:31Z
mobi_vancouver,mobi_vancouver_9ec4c3af-d895-429c-bc19-b21bd1cb249b,9ec4c3af-d895-429c-bc19-b21bd1cb249b,49.283986,-123.065264,1,FALSE,FALSE,25200,0280,1783022725,2026-07-02T20:05:32Z,2026-07-02T20:05:32Z,2026-07-02T20:05:23Z,2.2,https://gbfs.kappa.fifteen.eu/gbfs/2.2/mobi/en/gbfs.json,https://gbfs.kappa.fifteen.eu/gbfs/2.2/mobi/en/free_bike_status.json,2026-07-02T20:05:31Z,2026-07-02T20:05:31Z
mobi_vancouver,mobi_vancouver_afe376bc-129d-40b9-95bb-14a2235d150d,afe376bc-129d-40b9-95bb-14a2235d150d,49.265213,-123.090785,2,FALSE,FALSE,25200,0298,1783022725,2026-07-02T20:05:32Z,2026-07-02T20:05:32Z,2026-07-02T20:05:23Z,2.2,https://gbfs.kappa.fifteen.eu/gbfs/2.2/mobi/en/gbfs.json,https://gbfs.kappa.fifteen.eu/gbfs/2.2/mobi/en/free_bike_status.json,2026-07-02T20:05:31Z,2026-07-02T20:05:31Z
mobi_vancouver,mobi_vancouver_92fc28da-8816-4f2e-9b3c-8173edd61659,92fc28da-8816-4f2e-9b3c-8173edd61659,49.302577,-123.155616,1,FALSE,FALSE,25200,0103,1783022725,2026-07-02T20:05:32Z,2026-07-02T20:05:32Z,2026-07-02T20:05:23Z,2.2,https://gbfs.kappa.fifteen.eu/gbfs/2.2/mobi/en/gbfs.json,https://gbfs.kappa.fifteen.eu/gbfs/2.2/mobi/en/free_bike_status.json,2026-07-02T20:05:31Z,2026-07-02T20:05:31Z
mobi_vancouver,mobi_vancouver_af25bdca-17ed-4e46-96b6-ab0cad23d553,af25bdca-17ed-4e46-96b6-ab0cad23d553,49.302577,-123.155616,1,FALSE,FALSE,25200,0103,1783022725,2026-07-02T20:05:32Z,2026-07-02T20:05:32Z,2026-07-02T20:05:23Z,2.2,https://gbfs.kappa.fifteen.eu/gbfs/2.2/mobi/en/gbfs.json,https://gbfs.kappa.fifteen.eu/gbfs/2.2/mobi/en/free_bike_status.json,2026-07-02T20:05:31Z,2026-07-02T20:05:31Z
mobi_vancouver,mobi_vancouver_28d92306-f2ac-4377-aea3-4f574086e91f,28d92306-f2ac-4377-aea3-4f574086e91f,49.276768,-123.075636,2,FALSE,FALSE,25200,,1783022725,2026-07-02T20:05:32Z,2026-07-02T20:05:32Z,2026-07-02T20:05:23Z,2.2,https://gbfs.kappa.fifteen.eu/gbfs/2.2/mobi/en/gbfs.json,https://gbfs.kappa.fifteen.eu/gbfs/2.2/mobi/en/free_bike_status.json,2026-07-02T20:05:31Z,2026-07-02T20:05:31Z
mobi_vancouver,mobi_vancouver_d7144944-db76-4641-be3c-48e064cc1036,d7144944-db76-4641-be3c-48e064cc1036,49.284893,-123.128685,1,FALSE,FALSE,25200,0300,1783022725,2026-07-02T20:05:32Z,2026-07-02T20:05:32Z,2026-07-02T20:05:23Z,2.2,https://gbfs.kappa.fifteen.eu/gbfs/2.2/mobi/en/gbfs.json,https://gbfs.kappa.fifteen.eu/gbfs/2.2/mobi/en/free_bike_status.json,2026-07-02T20:05:31Z,2026-07-02T20:05:31Z
mobi_vancouver,mobi_vancouver_86aeb557-eb56-427b-a079-f4934b66ebd7,86aeb557-eb56-427b-a079-f4934b66ebd7,49.283298,-123.142288,1,FALSE,FALSE,25200,0142,1783022725,2026-07-02T20:05:32Z,2026-07-02T20:05:32Z,2026-07-02T20:05:23Z,2.2,https://gbfs.kappa.fifteen.eu/gbfs/2.2/mobi/en/gbfs.json,https://gbfs.kappa.fifteen.eu/gbfs/2.2/mobi/en/free_bike_status.json,2026-07-02T20:05:31Z,2026-07-02T20:05:31Z
mobi_vancouver,mobi_vancouver_b14da637-06d3-4b49-b060-845d5bcf9947,b14da637-06d3-4b49-b060-845d5bcf9947,49.27029,-123.135025,1,FALSE,FALSE,25200,0189,1783022725,2026-07-02T20:05:32Z,2026-07-02T20:05:32Z,2026-07-02T20:05:23Z,2.2,https://gbfs.kappa.fifteen.eu/gbfs/2.2/mobi/en/gbfs.json,https://gbfs.kappa.fifteen.eu/gbfs/2.2/mobi/en/free_bike_status.json,2026-07-02T20:05:31Z,2026-07-02T20:05:31Z
mobi_vancouver,mobi_vancouver_431a0534-d8c2-4394-8757-752c4842acee,431a0534-d8c2-4394-8757-752c4842acee,49.27029,-123.135025,1,FALSE,FALSE,25200,0189,1783022725,2026-07-02T20:05:32Z,2026-07-02T20:05:32Z,2026-07-02T20:05:23Z,2.2,https://gbfs.kappa.fifteen.eu/gbfs/2.2/mobi/en/gbfs.json,https://gbfs.kappa.fifteen.eu/gbfs/2.2/mobi/en/free_bike_status.json,2026-07-02T20:05:31Z,2026-07-02T20:05:31Z
mobi_vancouver,mobi_vancouver_93c0aaae-c611-4872-af52-c9bcb32df4ab,93c0aaae-c611-4872-af52-c9bcb32df4ab,49.290587,-123.13625,1,FALSE,FALSE,25200,0122,1783022725,2026-07-02T20:05:32Z,2026-07-02T20:05:32Z,2026-07-02T20:05:23Z,2.2,https://gbfs.kappa.fifteen.eu/gbfs/2.2/mobi/en/gbfs.json,https://gbfs.kappa.fifteen.eu/gbfs/2.2/mobi/en/free_bike_status.json,2026-07-02T20:05:31Z,2026-07-02T20:05:31Z
mobi_vancouver,mobi_vancouver_26a4663d-aebc-4f8e-90c0-80feed197262,26a4663d-aebc-4f8e-90c0-80feed197262,49.28512,-123.11242,1,FALSE,FALSE,25200,0308,1783022725,2026-07-02T20:05:32Z,2026-07-02T20:05:32Z,2026-07-02T20:05:23Z,2.2,https://gbfs.kappa.fifteen.eu/gbfs/2.2/mobi/en/gbfs.json,https://gbfs.kappa.fifteen.eu/gbfs/2.2/mobi/en/free_bike_status.json,2026-07-02T20:05:31Z,2026-07-02T20:05:31Z
mobi_vancouver,mobi_vancouver_c6eaa61b-8555-4284-be85-8122ef44607b,c6eaa61b-8555-4284-be85-8122ef44607b,49.286646,-123.129232,1,FALSE,FALSE,25200,0310,1783022725,2026-07-02T20:05:32Z,2026-07-02T20:05:32Z,2026-07-02T20:05:23Z,2.2,https://gbfs.kappa.fifteen.eu/gbfs/2.2/mobi/en/gbfs.json,https://gbfs.kappa.fifteen.eu/gbfs/2.2/mobi/en/free_bike_status.json,2026-07-02T20:05:31Z,2026-07-02T20:05:31Z
mobi_vancouver,mobi_vancouver_0afdadd3-3ac7-4f63-8b88-61470511a972,0afdadd3-3ac7-4f63-8b88-61470511a972,49.271221,-123.191133,1,FALSE,FALSE,25200,0400,1783022725,2026-07-02T20:05:32Z,2026-07-02T20:05:32Z,2026-07-02T20:05:23Z,2.2,https://gbfs.kappa.fifteen.eu/gbfs/2.2/mobi/en/gbfs.json,https://gbfs.kappa.fifteen.eu/gbfs/2.2/mobi/en/free_bike_status.json,2026-07-02T20:05:31Z,2026-07-02T20:05:31Z
mobi_vancouver,mobi_vancouver_774537fd-df7f-47e5-a604-bf58ab1eb448,774537fd-df7f-47e5-a604-bf58ab1eb448,49.27247,-123.185643,1,FALSE,FALSE,25200,0410,1783022725,2026-07-02T20:05:32Z,2026-07-02T20:05:32Z,2026-07-02T20:05:23Z,2.2,https://gbfs.kappa.fifteen.eu/gbfs/2.2/mobi/en/gbfs.json,https://gbfs.kappa.fifteen.eu/gbfs/2.2/mobi/en/free_bike_status.json,2026-07-02T20:05:31Z,2026-07-02T20:05:31Z
mobi_vancouver,mobi_vancouver_726300b7-01f9-4cb3-b969-998628cf2ac9,726300b7-01f9-4cb3-b969-998628cf2ac9,49.255034,-123.120226,1,FALSE,FALSE,25200,0511,1783022725,2026-07-02T20:05:32Z,2026-07-02T20:05:32Z,2026-07-02T20:05:23Z,2.2,https://gbfs.kappa.fifteen.eu/gbfs/2.2/mobi/en/gbfs.json,https://gbfs.kappa.fifteen.eu/gbfs/2.2/mobi/en/free_bike_status.json,2026-07-02T20:05:31Z,2026-07-02T20:05:31Z
mobi_vancouver,mobi_vancouver_fcf6fe7e-0ac7-495f-89e4-480374e5fbff,fcf6fe7e-0ac7-495f-89e4-480374e5fbff,49.252691,-123.101289,1,FALSE,FALSE,25200,0561,1783022725,2026-07-02T20:05:32Z,2026-07-02T20:05:32Z,2026-07-02T20:05:23Z,2.2,https://gbfs.kappa.fifteen.eu/gbfs/2.2/mobi/en/gbfs.json,https://gbfs.kappa.fifteen.eu/gbfs/2.2/mobi/en/free_bike_status.json,2026-07-02T20:05:31Z,2026-07-02T20:05:31Z
mobi_vancouver,mobi_vancouver_0b159912-8d08-4a0f-8763-c05c8b835548,0b159912-8d08-4a0f-8763-c05c8b835548,49.243375,-123.104978,1,FALSE,FALSE,25200,0557,1783022725,2026-07-02T20:05:32Z,2026-07-02T20:05:32Z,2026-07-02T20:05:23Z,2.2,https://gbfs.kappa.fifteen.eu/gbfs/2.2/mobi/en/gbfs.json,https://gbfs.kappa.fifteen.eu/gbfs/2.2/mobi/en/free_bike_status.json,2026-07-02T20:05:31Z,2026-07-02T20:05:31Z
mobi_vancouver,mobi_vancouver_851a529e-5ab7-4bdd-ad81-fc9b460f7f25,851a529e-5ab7-4bdd-ad81-fc9b460f7f25,49.283482,-123.103738,1,FALSE,FALSE,25200,0013,1783022725,2026-07-02T20:05:32Z,2026-07-02T20:05:32Z,2026-07-02T20:05:23Z,2.2,https://gbfs.kappa.fifteen.eu/gbfs/2.2/mobi/en/gbfs.json,https://gbfs.kappa.fifteen.eu/gbfs/2.2/mobi/en/free_bike_status.json,2026-07-02T20:05:31Z,2026-07-02T20:05:31Z
mobi_vancouver,mobi_vancouver_5bf04b04-3cd0-4d59-a89b-10c8504cb4da,5bf04b04-3cd0-4d59-a89b-10c8504cb4da,49.283482,-123.103738,1,FALSE,FALSE,25200,0013,1783022725,2026-07-02T20:05:32Z,2026-07-02T20:05:32Z,2026-07-02T20:05:23Z,2.2,https://gbfs.kappa.fifteen.eu/gbfs/2.2/mobi/en/gbfs.json,https://gbfs.kappa.fifteen.eu/gbfs/2.2/mobi/en/free_bike_status.json,2026-07-02T20:05:31Z,2026-07-02T20:05:31Z
mobi_vancouver,mobi_vancouver_f0351f2d-3b5c-43e1-96f8-115b58ffd54b,f0351f2d-3b5c-43e1-96f8-115b58ffd54b,49.283482,-123.103738,1,FALSE,FALSE,25200,0013,1783022725,2026-07-02T20:05:32Z,2026-07-02T20:05:32Z,2026-07-02T20:05:23Z,2.2,https://gbfs.kappa.fifteen.eu/gbfs/2.2/mobi/en/gbfs.json,https://gbfs.kappa.fifteen.eu/gbfs/2.2/mobi/en/free_bike_status.json,2026-07-02T20:05:31Z,2026-07-02T20:05:31Z
mobi_vancouver,mobi_vancouver_ca26232d-1227-4667-8017-f4e6ee651437,ca26232d-1227-4667-8017-f4e6ee651437,49.288682,-123.11818,1,FALSE,FALSE,25600,0201,1783022725,2026-07-02T20:05:32Z,2026-07-02T20:05:32Z,2026-07-02T20:05:23Z,2.2,https://gbfs.kappa.fifteen.eu/gbfs/2.2/mobi/en/gbfs.json,https://gbfs.kappa.fifteen.eu/gbfs/2.2/mobi/en/free_bike_status.json,2026-07-02T20:05:31Z,2026-07-02T20:05:31Z
mobi_vancouver,mobi_vancouver_1d990229-e3d4-437a-a061-41eb0074eba1,1d990229-e3d4-437a-a061-41eb0074eba1,49.279764,-123.110154,1,FALSE,FALSE,25600,0005,1783022725,2026-07-02T20:05:32Z,2026-07-02T20:05:32Z,2026-07-02T20:05:23Z,2.2,https://gbfs.kappa.fifteen.eu/gbfs/2.2/mobi/en/gbfs.json,https://gbfs.kappa.fifteen.eu/gbfs/2.2/mobi/en/free_bike_status.json,2026-07-02T20:05:31Z,2026-07-02T20:05:31Z
mobi_vancouver,mobi_vancouver_b8d4fd32-416b-4493-af4d-bb3ce0c20d4d,b8d4fd32-416b-4493-af4d-bb3ce0c20d4d,49.282214,-123.114101,1,FALSE,FALSE,25600,0012,1783022725,2026-07-02T20:05:32Z,2026-07-02T20:05:32Z,2026-07-02T20:05:23Z,2.2,https://gbfs.kappa.fifteen.eu/gbfs/2.2/mobi/en/gbfs.json,https://gbfs.kappa.fifteen.eu/gbfs/2.2/mobi/en/free_bike_status.json,2026-07-02T20:05:31Z,2026-07-02T20:05:31Z
mobi_vancouver,mobi_vancouver_ba406d7b-743a-407a-8377-98255afcee12,ba406d7b-743a-407a-8377-98255afcee12,49.28602,-123.116624,1,FALSE,FALSE,25600,0024,1783022725,2026-07-02T20:05:32Z,2026-07-02T20:05:32Z,2026-07-02T20:05:23Z,2.2,https://gbfs.kappa.fifteen.eu/gbfs/2.2/mobi/en/gbfs.json,https://gbfs.kappa.fifteen.eu/gbfs/2.2/mobi/en/free_bike_status.json,2026-07-02T20:05:31Z,2026-07-02T20:05:31Z
mobi_vancouver,mobi_vancouver_e3a3ed46-2e3f-40ab-92f9-96c9e66af180,e3a3ed46-2e3f-40ab-92f9-96c9e66af180,49.285871,-123.12105,1,FALSE,FALSE,25600,0002,1783022725,2026-07-02T20:05:32Z,2026-07-02T20:05:32Z,2026-07-02T20:05:23Z,2.2,https://gbfs.kappa.fifteen.eu/gbfs/2.2/mobi/en/gbfs.json,https://gbfs.kappa.fifteen.eu/gbfs/2.2/mobi/en/free_bike_status.json,2026-07-02T20:05:31Z,2026-07-02T20:05:31Z
mobi_vancouver,mobi_vancouver_74383206-afc5-4488-abb3-38e68af3f878,74383206-afc5-4488-abb3-38e68af3f878,49.285871,-123.12105,1,FALSE,FALSE,25600,0002,1783022725,2026-07-02T20:05:32Z,2026-07-02T20:05:32Z,2026-07-02T20:05:23Z,2.2,https://gbfs.kappa.fifteen.eu/gbfs/2.2/mobi/en/gbfs.json,https://gbfs.kappa.fifteen.eu/gbfs/2.2/mobi/en/free_bike_status.json,2026-07-02T20:05:31Z,2026-07-02T20:05:31Z
mobi_vancouver,mobi_vancouver_3d0f1d58-46cd-49c4-899b-8a4bab306975,3d0f1d58-46cd-49c4-899b-8a4bab306975,49.26893,-123.11813,1,FALSE,FALSE,25600,0010,1783022725,2026-07-02T20:05:32Z,2026-07-02T20:05:32Z,2026-07-02T20:05:23Z,2.2,https://gbfs.kappa.fifteen.eu/gbfs/2.2/mobi/en/gbfs.json,https://gbfs.kappa.fifteen.eu/gbfs/2.2/mobi/en/free_bike_status.json,2026-07-02T20:05:31Z,2026-07-02T20:05:31Z
mobi_vancouver,mobi_vancouver_7d1f0a2c-8aaf-4b2e-8085-192002f555fc,7d1f0a2c-8aaf-4b2e-8085-192002f555fc,49.289255,-123.132677,1,FALSE,FALSE,25600,0041,1783022725,2026-07-02T20:05:32Z,2026-07-02T20:05:32Z,2026-07-02T20:05:23Z,2.2,https://gbfs.kappa.fifteen.eu/gbfs/2.2/mobi/en/gbfs.json,https://gbfs.kappa.fifteen.eu/gbfs/2.2/mobi/en/free_bike_status.json,2026-07-02T20:05:31Z,2026-07-02T20:05:31Z
mobi_vancouver,mobi_vancouver_03397706-9b1f-4cf0-826d-3d4b3d116348,03397706-9b1f-4cf0-826d-3d4b3d116348,49.269361,-123.13782,1,FALSE,FALSE,25600,0066,1783022725,2026-07-02T20:05:32Z,2026-07-02T20:05:32Z,2026-07-02T20:05:23Z,2.2,https://gbfs.kappa.fifteen.eu/gbfs/2.2/mobi/en/gbfs.json,https://gbfs.kappa.fifteen.eu/gbfs/2.2/mobi/en/free_bike_status.json,2026-07-02T20:05:31Z,2026-07-02T20:05:31Z
mobi_vancouver,mobi_vancouver_d3ba2a00-e176-48c2-803f-27565380baec,d3ba2a00-e176-48c2-803f-27565380baec,49.269361,-123.13782,1,FALSE,FALSE,25600,0066,1783022725,2026-07-02T20:05:32Z,2026-07-02T20:05:32Z,2026-07-02T20:05:23Z,2.2,https://gbfs.kappa.fifteen.eu/gbfs/2.2/mobi/en/gbfs.json,https://gbfs.kappa.fifteen.eu/gbfs/2.2/mobi/en/free_bike_status.json,2026-07-02T20:05:31Z,2026-07-02T20:05:31Z
mobi_vancouver,mobi_vancouver_42d66908-12cd-42f2-8e91-cf4561ab7035,42d66908-12cd-42f2-8e91-cf4561ab7035,49.285253,-123.134356,1,FALSE,FALSE,25600,0048,1783022725,2026-07-02T20:05:32Z,2026-07-02T20:05:32Z,2026-07-02T20:05:23Z,2.2,https://gbfs.kappa.fifteen.eu/gbfs/2.2/mobi/en/gbfs.json,https://gbfs.kappa.fifteen.eu/gbfs/2.2/mobi/en/free_bike_status.json,2026-07-02T20:05:31Z,2026-07-02T20:05:31Z
mobi_vancouver,mobi_vancouver_89f1543f-8c37-4e91-9189-c30d388e5524,89f1543f-8c37-4e91-9189-c30d388e5524,49.273833,-123.114373,1,FALSE,FALSE,25600,0057,1783022725,2026-07-02T20:05:32Z,2026-07-02T20:05:32Z,2026-07-02T20:05:23Z,2.2,https://gbfs.kappa.fifteen.eu/gbfs/2.2/mobi/en/gbfs.json,https://gbfs.kappa.fifteen.eu/gbfs/2.2/mobi/en/free_bike_status.json,2026-07-02T20:05:31Z,2026-07-02T20:05:31Z
mobi_vancouver,mobi_vancouver_a0a3368b-db05-40c9-bdef-9b8a0776f3ba,a0a3368b-db05-40c9-bdef-9b8a0776f3ba,49.273833,-123.114373,1,FALSE,FALSE,25600,0057,1783022725,2026-07-02T20:05:32Z,2026-07-02T20:05:32Z,2026-07-02T20:05:23Z,2.2,https://gbfs.kappa.fifteen.eu/gbfs/2.2/mobi/en/gbfs.json,https://gbfs.kappa.fifteen.eu/gbfs/2.2/mobi/en/free_bike_status.json,2026-07-02T20:05:31Z,2026-07-02T20:05:31Z
mobi_vancouver,mobi_vancouver_fbd0a2d4-c7e4-46df-aa92-78a51efb2bc0,fbd0a2d4-c7e4-46df-aa92-78a51efb2bc0,49.282759,-123.106955,1,FALSE,FALSE,25600,0030,1783022725,2026-07-02T20:05:32Z,2026-07-02T20:05:32Z,2026-07-02T20:05:23Z,2.2,https://gbfs.kappa.fifteen.eu/gbfs/2.2/mobi/en/gbfs.json,https://gbfs.kappa.fifteen.eu/gbfs/2.2/mobi/en/free_bike_status.json,2026-07-02T20:05:31Z,2026-07-02T20:05:31Z
mobi_vancouver,mobi_vancouver_137cfe20-2f17-4d32-a823-0c53fc0d7ee6,137cfe20-2f17-4d32-a823-0c53fc0d7ee6,49.287528,-123.142139,1,FALSE,FALSE,25600,0028,1783022725,2026-07-02T20:05:32Z,2026-07-02T20:05:32Z,2026-07-02T20:05:23Z,2.2,https://gbfs.kappa.fifteen.eu/gbfs/2.2/mobi/en/gbfs.json,https://gbfs.kappa.fifteen.eu/gbfs/2.2/mobi/en/free_bike_status.json,2026-07-02T20:05:31Z,2026-07-02T20:05:31Z
mobi_vancouver,mobi_vancouver_ffe3d6d2-75e2-4eea-8749-6b697f820166,ffe3d6d2-75e2-4eea-8749-6b697f820166,49.272827,-123.147744,2,FALSE,FALSE,25600,0065,1783022725,2026-07-02T20:05:32Z,2026-07-02T20:05:32Z,2026-07-02T20:05:23Z,2.2,https://gbfs.kappa.fifteen.eu/gbfs/2.2/mobi/en/gbfs.json,https://gbfs.kappa.fifteen.eu/gbfs/2.2/mobi/en/free_bike_status.json,2026-07-02T20:05:31Z,2026-07-02T20:05:31Z
mobi_vancouver,mobi_vancouver_f98e7b1e-7873-47ea-bbff-c84654f3fed3,f98e7b1e-7873-47ea-bbff-c84654f3fed3,49.276292,-123.150592,1,FALSE,FALSE,25600,0155,1783022725,2026-07-02T20:05:32Z,2026-07-02T20:05:32Z,2026-07-02T20:05:23Z,2.2,https://gbfs.kappa.fifteen.eu/gbfs/2.2/mobi/en/gbfs.json,https://gbfs.kappa.fifteen.eu/gbfs/2.2/mobi/en/free_bike_status.json,2026-07-02T20:05:31Z,2026-07-02T20:05:31Z
mobi_vancouver,mobi_vancouver_fb9e2f32-3465-4f40-b47b-a70c7a6968a3,fb9e2f32-3465-4f40-b47b-a70c7a6968a3,49.268339,-123.157443,1,FALSE,FALSE,25600,0159,1783022725,2026-07-02T20:05:32Z,2026-07-02T20:05:32Z,2026-07-02T20:05:23Z,2.2,https://gbfs.kappa.fifteen.eu/gbfs/2.2/mobi/en/gbfs.json,https://gbfs.kappa.fifteen.eu/gbfs/2.2/mobi/en/free_bike_status.json,2026-07-02T20:05:31Z,2026-07-02T20:05:31Z
mobi_vancouver,mobi_vancouver_56c8b84c-a35a-425e-855a-c3ce0f88a3af,56c8b84c-a35a-425e-855a-c3ce0f88a3af,49.29534,-123.150433,1,FALSE,FALSE,25600,0102,1783022725,2026-07-02T20:05:32Z,2026-07-02T20:05:32Z,2026-07-02T20:05:23Z,2.2,https://gbfs.kappa.fifteen.eu/gbfs/2.2/mobi/en/gbfs.json,https://gbfs.kappa.fifteen.eu/gbfs/2.2/mobi/en/free_bike_status.json,2026-07-02T20:05:31Z,2026-07-02T20:05:31Z
mobi_vancouver,mobi_vancouver_649d7dc5-ad48-461d-9879-b76330984add,649d7dc5-ad48-461d-9879-b76330984add,49.298657,-123.121176,1,FALSE,FALSE,25600,0105,1783022725,2026-07-02T20:05:32Z,2026-07-02T20:05:32Z,2026-07-02T20:05:23Z,2.2,https://gbfs.kappa.fifteen.eu/gbfs/2.2/mobi/en/gbfs.json,https://gbfs.kappa.fifteen.eu/gbfs/2.2/mobi/en/free_bike_status.json,2026-07-02T20:05:31Z,2026-07-02T20:05:31Z
mobi_vancouver,mobi_vancouver_d74adc9f-a275-4a49-a703-d8d75c5f1ba0,d74adc9f-a275-4a49-a703-d8d75c5f1ba0,49.266456,-123.100324,1,FALSE,FALSE,25600,0198,1783022725,2026-07-02T20:05:32Z,2026-07-02T20:05:32Z,2026-07-02T20:05:23Z,2.2,https://gbfs.kappa.fifteen.eu/gbfs/2.2/mobi/en/gbfs.json,https://gbfs.kappa.fifteen.eu/gbfs/2.2/mobi/en/free_bike_status.json,2026-07-02T20:05:31Z,2026-07-02T20:05:31Z
mobi_vancouver,mobi_vancouver_47469a3e-a1f6-46ce-b90d-d6efc557ad66,47469a3e-a1f6-46ce-b90d-d6efc557ad66,49.283227,-123.120523,1,FALSE,FALSE,25600,0099,1783022725,2026-07-02T20:05:32Z,2026-07-02T20:05:32Z,2026-07-02T20:05:23Z,2.2,https://gbfs.kappa.fifteen.eu/gbfs/2.2/mobi/en/gbfs.json,https://gbfs.kappa.fifteen.eu/gbfs/2.2/mobi/en/free_bike_status.json,2026-07-02T20:05:31Z,2026-07-02T20:05:31Z
mobi_vancouver,mobi_vancouver_2f029c14-2088-4baa-b57f-1762d2588a46,2f029c14-2088-4baa-b57f-1762d2588a46,49.261403,-123.070102,1,FALSE,FALSE,25600,0244,1783022725,2026-07-02T20:05:32Z,2026-07-02T20:05:32Z,2026-07-02T20:05:23Z,2.2,https://gbfs.kappa.fifteen.eu/gbfs/2.2/mobi/en/gbfs.json,https://gbfs.kappa.fifteen.eu/gbfs/2.2/mobi/en/free_bike_status.json,2026-07-02T20:05:31Z,2026-07-02T20:05:31Z
mobi_vancouver,mobi_vancouver_dc1805c2-5e29-4132-a3ff-3a8aa8b2f164,dc1805c2-5e29-4132-a3ff-3a8aa8b2f164,49.265071,-123.123864,1,FALSE,FALSE,25600,0191,1783022725,2026-07-02T20:05:32Z,2026-07-02T20:05:32Z,2026-07-02T20:05:23Z,2.2,https://gbfs.kappa.fifteen.eu/gbfs/2.2/mobi/en/gbfs.json,https://gbfs.kappa.fifteen.eu/gbfs/2.2/mobi/en/free_bike_status.json,2026-07-02T20:05:31Z,2026-07-02T20:05:31Z
mobi_vancouver,mobi_vancouver_8199855f-598a-4e67-b3cd-f795126f0122,8199855f-598a-4e67-b3cd-f795126f0122,49.265198,-123.131043,1,FALSE,FALSE,25600,0192,1783022725,2026-07-02T20:05:32Z,2026-07-02T20:05:32Z,2026-07-02T20:05:23Z,2.2,https://gbfs.kappa.fifteen.eu/gbfs/2.2/mobi/en/gbfs.json,https://gbfs.kappa.fifteen.eu/gbfs/2.2/mobi/en/free_bike_status.json,2026-07-02T20:05:31Z,2026-07-02T20:05:31Z
mobi_vancouver,mobi_vancouver_9b9c75f1-08b2-40b7-ab6e-c4068f862e9a,9b9c75f1-08b2-40b7-ab6e-c4068f862e9a,49.302577,-123.155616,1,FALSE,FALSE,25600,0103,1783022725,2026-07-02T20:05:32Z,2026-07-02T20:05:32Z,2026-07-02T20:05:23Z,2.2,https://gbfs.kappa.fifteen.eu/gbfs/2.2/mobi/en/gbfs.json,https://gbfs.kappa.fifteen.eu/gbfs/2.2/mobi/en/free_bike_status.json,2026-07-02T20:05:31Z,2026-07-02T20:05:31Z
mobi_vancouver,mobi_vancouver_44be4600-1fa5-4a07-acf1-a4c125fb88ca,44be4600-1fa5-4a07-acf1-a4c125fb88ca,49.302577,-123.155616,1,FALSE,FALSE,25600,0103,1783022725,2026-07-02T20:05:32Z,2026-07-02T20:05:32Z,2026-07-02T20:05:23Z,2.2,https://gbfs.kappa.fifteen.eu/gbfs/2.2/mobi/en/gbfs.json,https://gbfs.kappa.fifteen.eu/gbfs/2.2/mobi/en/free_bike_status.json,2026-07-02T20:05:31Z,2026-07-02T20:05:31Z
mobi_vancouver,mobi_vancouver_996efa8e-98a8-4c47-80e9-e04101611206,996efa8e-98a8-4c47-80e9-e04101611206,49.277333,-123.087359,1,FALSE,FALSE,25600,0219,1783022725,2026-07-02T20:05:32Z,2026-07-02T20:05:32Z,2026-07-02T20:05:23Z,2.2,https://gbfs.kappa.fifteen.eu/gbfs/2.2/mobi/en/gbfs.json,https://gbfs.kappa.fifteen.eu/gbfs/2.2/mobi/en/free_bike_status.json,2026-07-02T20:05:31Z,2026-07-02T20:05:31Z
mobi_vancouver,mobi_vancouver_78f387b2-589e-4c17-b6f2-6d086c574341,78f387b2-589e-4c17-b6f2-6d086c574341,49.27551,-123.13307,1,FALSE,FALSE,25600,0045,1783022725,2026-07-02T20:05:32Z,2026-07-02T20:05:32Z,2026-07-02T20:05:23Z,2.2,https://gbfs.kappa.fifteen.eu/gbfs/2.2/mobi/en/gbfs.json,https://gbfs.kappa.fifteen.eu/gbfs/2.2/mobi/en/free_bike_status.json,2026-07-02T20:05:31Z,2026-07-02T20:05:31Z
mobi_vancouver,mobi_vancouver_dcdd40cc-01a5-44bb-bcaa-a48c2582cce9,dcdd40cc-01a5-44bb-bcaa-a48c2582cce9,49.27551,-123.13307,1,FALSE,FALSE,25600,0045,1783022725,2026-07-02T20:05:32Z,2026-07-02T20:05:32Z,2026-07-02T20:05:23Z,2.2,https://gbfs.kappa.fifteen.eu/gbfs/2.2/mobi/en/gbfs.json,https://gbfs.kappa.fifteen.eu/gbfs/2.2/mobi/en/free_bike_status.json,2026-07-02T20:05:31Z,2026-07-02T20:05:31Z
mobi_vancouver,mobi_vancouver_35c60ff0-e076-4fec-a583-c401bec20065,35c60ff0-e076-4fec-a583-c401bec20065,49.28512,-123.11242,1,FALSE,FALSE,25600,0308,1783022725,2026-07-02T20:05:32Z,2026-07-02T20:05:32Z,2026-07-02T20:05:23Z,2.2,https://gbfs.kappa.fifteen.eu/gbfs/2.2/mobi/en/gbfs.json,https://gbfs.kappa.fifteen.eu/gbfs/2.2/mobi/en/free_bike_status.json,2026-07-02T20:05:31Z,2026-07-02T20:05:31Z
mobi_vancouver,mobi_vancouver_50a27373-291d-4716-bffa-a77fb8ef2790,50a27373-291d-4716-bffa-a77fb8ef2790,49.27247,-123.185643,1,FALSE,FALSE,25600,0410,1783022725,2026-07-02T20:05:32Z,2026-07-02T20:05:32Z,2026-07-02T20:05:23Z,2.2,https://gbfs.kappa.fifteen.eu/gbfs/2.2/mobi/en/gbfs.json,https://gbfs.kappa.fifteen.eu/gbfs/2.2/mobi/en/free_bike_status.json,2026-07-02T20:05:31Z,2026-07-02T20:05:31Z
mobi_vancouver,mobi_vancouver_7070ad60-4b5c-4018-b5c0-ef9fc56b8966,7070ad60-4b5c-4018-b5c0-ef9fc56b8966,49.263523,-123.155267,1,FALSE,FALSE,25600,0484,1783022725,2026-07-02T20:05:32Z,2026-07-02T20:05:32Z,2026-07-02T20:05:23Z,2.2,https://gbfs.kappa.fifteen.eu/gbfs/2.2/mobi/en/gbfs.json,https://gbfs.kappa.fifteen.eu/gbfs/2.2/mobi/en/free_bike_status.json,2026-07-02T20:05:31Z,2026-07-02T20:05:31Z
mobi_vancouver,mobi_vancouver_e06839bf-3b63-438d-b263-6e1ee8047d5f,e06839bf-3b63-438d-b263-6e1ee8047d5f,49.273011,-123.159663,1,FALSE,FALSE,25600,0470,1783022725,2026-07-02T20:05:32Z,2026-07-02T20:05:32Z,2026-07-02T20:05:23Z,2.2,https://gbfs.kappa.fifteen.eu/gbfs/2.2/mobi/en/gbfs.json,https://gbfs.kappa.fifteen.eu/gbfs/2.2/mobi/en/free_bike_status.json,2026-07-02T20:05:31Z,2026-07-02T20:05:31Z
mobi_vancouver,mobi_vancouver_800ac528-dc3a-47e5-a28e-d5650f57b07f,800ac528-dc3a-47e5-a28e-d5650f57b07f,49.271044,-123.170661,1,FALSE,FALSE,25600,0450,1783022725,2026-07-02T20:05:32Z,2026-07-02T20:05:32Z,2026-07-02T20:05:23Z,2.2,https://gbfs.kappa.fifteen.eu/gbfs/2.2/mobi/en/gbfs.json,https://gbfs.kappa.fifteen.eu/gbfs/2.2/mobi/en/free_bike_status.json,2026-07-02T20:05:31Z,2026-07-02T20:05:31Z
mobi_vancouver,mobi_vancouver_b7bee730-9b4f-417b-b252-79e35831ca97,b7bee730-9b4f-417b-b252-79e35831ca97,49.271044,-123.170661,1,FALSE,FALSE,25600,0450,1783022725,2026-07-02T20:05:32Z,2026-07-02T20:05:32Z,2026-07-02T20:05:23Z,2.2,https://gbfs.kappa.fifteen.eu/gbfs/2.2/mobi/en/gbfs.json,https://gbfs.kappa.fifteen.eu/gbfs/2.2/mobi/en/free_bike_status.json,2026-07-02T20:05:31Z,2026-07-02T20:05:31Z
mobi_vancouver,mobi_vancouver_376b3d3b-69a8-477a-87b1-7bad0978506b,376b3d3b-69a8-477a-87b1-7bad0978506b,49.272172,-123.097978,1,FALSE,FALSE,25600,0354,1783022725,2026-07-02T20:05:32Z,2026-07-02T20:05:32Z,2026-07-02T20:05:23Z,2.2,https://gbfs.kappa.fifteen.eu/gbfs/2.2/mobi/en/gbfs.json,https://gbfs.kappa.fifteen.eu/gbfs/2.2/mobi/en/free_bike_status.json,2026-07-02T20:05:31Z,2026-07-02T20:05:31Z
mobi_vancouver,mobi_vancouver_80b09406-139c-43a9-9887-73bfa808f8c9,80b09406-139c-43a9-9887-73bfa808f8c9,49.265442,-123.187738,1,FALSE,FALSE,25600,0403,1783022725,2026-07-02T20:05:32Z,2026-07-02T20:05:32Z,2026-07-02T20:05:23Z,2.2,https://gbfs.kappa.fifteen.eu/gbfs/2.2/mobi/en/gbfs.json,https://gbfs.kappa.fifteen.eu/gbfs/2.2/mobi/en/free_bike_status.json,2026-07-02T20:05:31Z,2026-07-02T20:05:31Z
mobi_vancouver,mobi_vancouver_62ef94af-39b2-43db-a4f2-9e875444914a,62ef94af-39b2-43db-a4f2-9e875444914a,49.2661,-123.24568,1,FALSE,FALSE,25600,2154,1783022725,2026-07-02T20:05:32Z,2026-07-02T20:05:32Z,2026-07-02T20:05:23Z,2.2,https://gbfs.kappa.fifteen.eu/gbfs/2.2/mobi/en/gbfs.json,https://gbfs.kappa.fifteen.eu/gbfs/2.2/mobi/en/free_bike_status.json,2026-07-02T20:05:31Z,2026-07-02T20:05:31Z
mobi_vancouver,mobi_vancouver_cd534489-9de3-4e71-9488-114f9cba94fe,cd534489-9de3-4e71-9488-114f9cba94fe,49.271721,-123.104207,1,FALSE,FALSE,26000,0011,1783022725,2026-07-02T20:05:32Z,2026-07-02T20:05:32Z,2026-07-02T20:05:23Z,2.2,https://gbfs.kappa.fifteen.eu/gbfs/2.2/mobi/en/gbfs.json,https://gbfs.kappa.fifteen.eu/gbfs/2.2/mobi/en/free_bike_status.json,2026-07-02T20:05:31Z,2026-07-02T20:05:31Z
mobi_vancouver,mobi_vancouver_46378308-5271-487b-9487-1893bbdd3e91,46378308-5271-487b-9487-1893bbdd3e91,49.282214,-123.114101,1,FALSE,FALSE,26000,0012,1783022725,2026-07-02T20:05:32Z,2026-07-02T20:05:32Z,2026-07-02T20:05:23Z,2.2,https://gbfs.kappa.fifteen.eu/gbfs/2.2/mobi/en/gbfs.json,https://gbfs.kappa.fifteen.eu/gbfs/2.2/mobi/en/free_bike_status.json,2026-07-02T20:05:31Z,2026-07-02T20:05:31Z
mobi_vancouver,mobi_vancouver_80d1e6c5-5f41-47c0-8f8c-3a53dd40aaaf,80d1e6c5-5f41-47c0-8f8c-3a53dd40aaaf,49.28602,-123.116624,1,FALSE,FALSE,26000,0024,1783022725,2026-07-02T20:05:32Z,2026-07-02T20:05:32Z,2026-07-02T20:05:23Z,2.2,https://gbfs.kappa.fifteen.eu/gbfs/2.2/mobi/en/gbfs.json,https://gbfs.kappa.fifteen.eu/gbfs/2.2/mobi/en/free_bike_status.json,2026-07-02T20:05:31Z,2026-07-02T20:05:31Z
mobi_vancouver,mobi_vancouver_5dbcefe1-be2e-467d-919e-21b1efc04593,5dbcefe1-be2e-467d-919e-21b1efc04593,49.26893,-123.11813,1,FALSE,FALSE,26000,0010,1783022725,2026-07-02T20:05:32Z,2026-07-02T20:05:32Z,2026-07-02T20:05:23Z,2.2,https://gbfs.kappa.fifteen.eu/gbfs/2.2/mobi/en/gbfs.json,https://gbfs.kappa.fifteen.eu/gbfs/2.2/mobi/en/free_bike_status.json,2026-07-02T20:05:31Z,2026-07-02T20:05:31Z
mobi_vancouver,mobi_vancouver_7de4b6e6-934d-49a4-a79d-e2ead355269f,7de4b6e6-934d-49a4-a79d-e2ead355269f,49.289255,-123.132677,1,FALSE,FALSE,26000,0041,1783022725,2026-07-02T20:05:32Z,2026-07-02T20:05:32Z,2026-07-02T20:05:23Z,2.2,https://gbfs.kappa.fifteen.eu/gbfs/2.2/mobi/en/gbfs.json,https://gbfs.kappa.fifteen.eu/gbfs/2.2/mobi/en/free_bike_status.json,2026-07-02T20:05:31Z,2026-07-02T20:05:31Z
mobi_vancouver,mobi_vancouver_1ac585ee-01bc-446a-9ae7-7be9d308125e,1ac585ee-01bc-446a-9ae7-7be9d308125e,49.265089,-123.119425,1,FALSE,FALSE,26000,0081,1783022725,2026-07-02T20:05:32Z,2026-07-02T20:05:32Z,2026-07-02T20:05:23Z,2.2,https://gbfs.kappa.fifteen.eu/gbfs/2.2/mobi/en/gbfs.json,https://gbfs.kappa.fifteen.eu/gbfs/2.2/mobi/en/free_bike_status.json,2026-07-02T20:05:31Z,2026-07-02T20:05:31Z
mobi_vancouver,mobi_vancouver_4a49bfe7-a542-4603-bcf0-a9d4dc552ce1,4a49bfe7-a542-4603-bcf0-a9d4dc552ce1,49.279259,-123.119145,1,FALSE,FALSE,26000,0058,1783022725,2026-07-02T20:05:32Z,2026-07-02T20:05:32Z,2026-07-02T20:05:23Z,2.2,https://gbfs.kappa.fifteen.eu/gbfs/2.2/mobi/en/gbfs.json,https://gbfs.kappa.fifteen.eu/gbfs/2.2/mobi/en/free_bike_status.json,2026-07-02T20:05:31Z,2026-07-02T20:05:31Z
mobi_vancouver,mobi_vancouver_aa12cc00-e07d-4898-aa14-e3e08d30e867,aa12cc00-e07d-4898-aa14-e3e08d30e867,49.265605,-123.152566,1,FALSE,FALSE,26000,0109,1783022725,2026-07-02T20:05:32Z,2026-07-02T20:05:32Z,2026-07-02T20:05:23Z,2.2,https://gbfs.kappa.fifteen.eu/gbfs/2.2/mobi/en/gbfs.json,https://gbfs.kappa.fifteen.eu/gbfs/2.2/mobi/en/free_bike_status.json,2026-07-02T20:05:31Z,2026-07-02T20:05:31Z
mobi_vancouver,mobi_vancouver_20e94f3a-a852-48ae-a505-0586b17c8d92,20e94f3a-a852-48ae-a505-0586b17c8d92,49.280216,-123.117639,1,FALSE,FALSE,26000,0129,1783022725,2026-07-02T20:05:32Z,2026-07-02T20:05:32Z,2026-07-02T20:05:23Z,2.2,https://gbfs.kappa.fifteen.eu/gbfs/2.2/mobi/en/gbfs.json,https://gbfs.kappa.fifteen.eu/gbfs/2.2/mobi/en/free_bike_status.json,2026-07-02T20:05:31Z,2026-07-02T20:05:31Z
mobi_vancouver,mobi_vancouver_79e6bdf7-824e-43ed-8f0e-8d7e2e8fba6c,79e6bdf7-824e-43ed-8f0e-8d7e2e8fba6c,49.280216,-123.117639,2,FALSE,FALSE,26000,0129,1783022725,2026-07-02T20:05:32Z,2026-07-02T20:05:32Z,2026-07-02T20:05:23Z,2.2,https://gbfs.kappa.fifteen.eu/gbfs/2.2/mobi/en/gbfs.json,https://gbfs.kappa.fifteen.eu/gbfs/2.2/mobi/en/free_bike_status.json,2026-07-02T20:05:31Z,2026-07-02T20:05:31Z
mobi_vancouver,mobi_vancouver_96ff46b2-893f-4916-87f4-f4815aedf9e4,96ff46b2-893f-4916-87f4-f4815aedf9e4,49.258763,-123.115392,1,FALSE,FALSE,26000,0072,1783022725,2026-07-02T20:05:32Z,2026-07-02T20:05:32Z,2026-07-02T20:05:23Z,2.2,https://gbfs.kappa.fifteen.eu/gbfs/2.2/mobi/en/gbfs.json,https://gbfs.kappa.fifteen.eu/gbfs/2.2/mobi/en/free_bike_status.json,2026-07-02T20:05:31Z,2026-07-02T20:05:31Z
mobi_vancouver,mobi_vancouver_50fff7c4-9ce5-4955-a5c5-6e791d17a28b,50fff7c4-9ce5-4955-a5c5-6e791d17a28b,49.28526,-123.141809,1,FALSE,FALSE,26000,0060,1783022725,2026-07-02T20:05:32Z,2026-07-02T20:05:32Z,2026-07-02T20:05:23Z,2.2,https://gbfs.kappa.fifteen.eu/gbfs/2.2/mobi/en/gbfs.json,https://gbfs.kappa.fifteen.eu/gbfs/2.2/mobi/en/free_bike_status.json,2026-07-02T20:05:31Z,2026-07-02T20:05:31Z
mobi_vancouver,mobi_vancouver_1815fffa-0adf-4d37-ac0a-03b41e42dec8,1815fffa-0adf-4d37-ac0a-03b41e42dec8,49.28526,-123.141809,1,FALSE,FALSE,26000,0060,1783022725,2026-07-02T20:05:32Z,2026-07-02T20:05:32Z,2026-07-02T20:05:23Z,2.2,https://gbfs.kappa.fifteen.eu/gbfs/2.2/mobi/en/gbfs.json,https://gbfs.kappa.fifteen.eu/gbfs/2.2/mobi/en/free_bike_status.json,2026-07-02T20:05:31Z,2026-07-02T20:05:31Z
mobi_vancouver,mobi_vancouver_23f65b7c-f492-407b-81ec-8fc70cc65a1f,23f65b7c-f492-407b-81ec-8fc70cc65a1f,49.284157,-123.099917,1,FALSE,FALSE,26000,0150,1783022725,2026-07-02T20:05:32Z,2026-07-02T20:05:32Z,2026-07-02T20:05:23Z,2.2,https://gbfs.kappa.fifteen.eu/gbfs/2.2/mobi/en/gbfs.json,https://gbfs.kappa.fifteen.eu/gbfs/2.2/mobi/en/free_bike_status.json,2026-07-02T20:05:31Z,2026-07-02T20:05:31Z
mobi_vancouver,mobi_vancouver_42072afe-3670-4282-b752-97beede7b1c7,42072afe-3670-4282-b752-97beede7b1c7,49.265939,-123.1129,1,FALSE,FALSE,26000,0171,1783022725,2026-07-02T20:05:32Z,2026-07-02T20:05:32Z,2026-07-02T20:05:23Z,2.2,https://gbfs.kappa.fifteen.eu/gbfs/2.2/mobi/en/gbfs.json,https://gbfs.kappa.fifteen.eu/gbfs/2.2/mobi/en/free_bike_status.json,2026-07-02T20:05:31Z,2026-07-02T20:05:31Z
mobi_vancouver,mobi_vancouver_fd60725b-be7b-4923-a2f2-a62a97089e48,fd60725b-be7b-4923-a2f2-a62a97089e48,49.282758,-123.122092,1,FALSE,FALSE,26000,0019,1783022725,2026-07-02T20:05:32Z,2026-07-02T20:05:32Z,2026-07-02T20:05:23Z,2.2,https://gbfs.kappa.fifteen.eu/gbfs/2.2/mobi/en/gbfs.json,https://gbfs.kappa.fifteen.eu/gbfs/2.2/mobi/en/free_bike_status.json,2026-07-02T20:05:31Z,2026-07-02T20:05:31Z
mobi_vancouver,mobi_vancouver_8b0988db-4898-411e-b680-2b609a09f120,8b0988db-4898-411e-b680-2b609a09f120,49.262598,-123.138921,2,FALSE,FALSE,26000,0070,1783022725,2026-07-02T20:05:32Z,2026-07-02T20:05:32Z,2026-07-02T20:05:23Z,2.2,https://gbfs.kappa.fifteen.eu/gbfs/2.2/mobi/en/gbfs.json,https://gbfs.kappa.fifteen.eu/gbfs/2.2/mobi/en/free_bike_status.json,2026-07-02T20:05:31Z,2026-07-02T20:05:31Z
mobi_vancouver,mobi_vancouver_097be2c5-22ef-42e8-ace3-b8a56c2aa70c,097be2c5-22ef-42e8-ace3-b8a56c2aa70c,49.273355,-123.154493,1,FALSE,FALSE,26000,0154,1783022725,2026-07-02T20:05:32Z,2026-07-02T20:05:32Z,2026-07-02T20:05:23Z,2.2,https://gbfs.kappa.fifteen.eu/gbfs/2.2/mobi/en/gbfs.json,https://gbfs.kappa.fifteen.eu/gbfs/2.2/mobi/en/free_bike_status.json,2026-07-02T20:05:31Z,2026-07-02T20:05:31Z
mobi_vancouver,mobi_vancouver_642eef01-68de-4186-9a7d-483f7ecd6f1b,642eef01-68de-4186-9a7d-483f7ecd6f1b,49.268216,-123.103168,1,FALSE,FALSE,26000,0119,1783022725,2026-07-02T20:05:32Z,2026-07-02T20:05:32Z,2026-07-02T20:05:23Z,2.2,https://gbfs.kappa.fifteen.eu/gbfs/2.2/mobi/en/gbfs.json,https://gbfs.kappa.fifteen.eu/gbfs/2.2/mobi/en/free_bike_status.json,2026-07-02T20:05:31Z,2026-07-02T20:05:31Z
mobi_vancouver,mobi_vancouver_783cedd5-aa13-4d1c-ac24-eb39c59a2a41,783cedd5-aa13-4d1c-ac24-eb39c59a2a41,49.294318,-123.148808,1,FALSE,FALSE,26000,0104,1783022725,2026-07-02T20:05:32Z,2026-07-02T20:05:32Z,2026-07-02T20:05:23Z,2.2,https://gbfs.kappa.fifteen.eu/gbfs/2.2/mobi/en/gbfs.json,https://gbfs.kappa.fifteen.eu/gbfs/2.2/mobi/en/free_bike_status.json,2026-07-02T20:05:31Z,2026-07-02T20:05:31Z
mobi_vancouver,mobi_vancouver_8a38e4b4-8b51-4cdf-9f64-dc836525bc40,8a38e4b4-8b51-4cdf-9f64-dc836525bc40,49.294318,-123.148808,1,FALSE,FALSE,26000,0104,1783022725,2026-07-02T20:05:32Z,2026-07-02T20:05:32Z,2026-07-02T20:05:23Z,2.2,https://gbfs.kappa.fifteen.eu/gbfs/2.2/mobi/en/gbfs.json,https://gbfs.kappa.fifteen.eu/gbfs/2.2/mobi/en/free_bike_status.json,2026-07-02T20:05:31Z,2026-07-02T20:05:31Z
mobi_vancouver,mobi_vancouver_22e66bf6-880b-48fd-bb08-61c3d8462daa,22e66bf6-880b-48fd-bb08-61c3d8462daa,49.294318,-123.148808,1,FALSE,FALSE,26000,0104,1783022725,2026-07-02T20:05:32Z,2026-07-02T20:05:32Z,2026-07-02T20:05:23Z,2.2,https://gbfs.kappa.fifteen.eu/gbfs/2.2/mobi/en/gbfs.json,https://gbfs.kappa.fifteen.eu/gbfs/2.2/mobi/en/free_bike_status.json,2026-07-02T20:05:31Z,2026-07-02T20:05:31Z
mobi_vancouver,mobi_vancouver_6e86475a-2002-4745-b037-87ae05e25512,6e86475a-2002-4745-b037-87ae05e25512,49.261403,-123.070102,2,FALSE,FALSE,26000,0244,1783022725,2026-07-02T20:05:32Z,2026-07-02T20:05:32Z,2026-07-02T20:05:23Z,2.2,https://gbfs.kappa.fifteen.eu/gbfs/2.2/mobi/en/gbfs.json,https://gbfs.kappa.fifteen.eu/gbfs/2.2/mobi/en/free_bike_status.json,2026-07-02T20:05:31Z,2026-07-02T20:05:31Z
mobi_vancouver,mobi_vancouver_d9df5d17-3f3e-4245-8f45-0db52b1a9bf3,d9df5d17-3f3e-4245-8f45-0db52b1a9bf3,49.273103,-123.069892,1,FALSE,FALSE,26000,0235,1783022725,2026-07-02T20:05:32Z,2026-07-02T20:05:32Z,2026-07-02T20:05:23Z,2.2,https://gbfs.kappa.fifteen.eu/gbfs/2.2/mobi/en/gbfs.json,https://gbfs.kappa.fifteen.eu/gbfs/2.2/mobi/en/free_bike_status.json,2026-07-02T20:05:31Z,2026-07-02T20:05:31Z
mobi_vancouver,mobi_vancouver_d7543175-87b1-4066-9510-76d39823ea2d,d7543175-87b1-4066-9510-76d39823ea2d,49.284062,-123.095097,2,FALSE,FALSE,26000,0161,1783022725,2026-07-02T20:05:32Z,2026-07-02T20:05:32Z,2026-07-02T20:05:23Z,2.2,https://gbfs.kappa.fifteen.eu/gbfs/2.2/mobi/en/gbfs.json,https://gbfs.kappa.fifteen.eu/gbfs/2.2/mobi/en/free_bike_status.json,2026-07-02T20:05:31Z,2026-07-02T20:05:31Z
mobi_vancouver,mobi_vancouver_01d55291-d658-4391-a992-2fe930358c42,01d55291-d658-4391-a992-2fe930358c42,49.266751,-123.073501,1,FALSE,FALSE,26000,0250,1783022725,2026-07-02T20:05:32Z,2026-07-02T20:05:32Z,2026-07-02T20:05:23Z,2.2,https://gbfs.kappa.fifteen.eu/gbfs/2.2/mobi/en/gbfs.json,https://gbfs.kappa.fifteen.eu/gbfs/2.2/mobi/en/free_bike_status.json,2026-07-02T20:05:31Z,2026-07-02T20:05:31Z
mobi_vancouver,mobi_vancouver_0abf8ac6-0c12-48e4-9f08-e37d9c2c53e5,0abf8ac6-0c12-48e4-9f08-e37d9c2c53e5,49.277615,-123.091654,1,FALSE,FALSE,26000,0215,1783022725,2026-07-02T20:05:32Z,2026-07-02T20:05:32Z,2026-07-02T20:05:23Z,2.2,https://gbfs.kappa.fifteen.eu/gbfs/2.2/mobi/en/gbfs.json,https://gbfs.kappa.fifteen.eu/gbfs/2.2/mobi/en/free_bike_status.json,2026-07-02T20:05:31Z,2026-07-02T20:05:31Z
mobi_vancouver,mobi_vancouver_fcc0dd0a-6ed1-4953-b481-6c92669c0be5,fcc0dd0a-6ed1-4953-b481-6c92669c0be5,49.283298,-123.142288,1,FALSE,FALSE,26000,0142,1783022725,2026-07-02T20:05:32Z,2026-07-02T20:05:32Z,2026-07-02T20:05:23Z,2.2,https://gbfs.kappa.fifteen.eu/gbfs/2.2/mobi/en/gbfs.json,https://gbfs.kappa.fifteen.eu/gbfs/2.2/mobi/en/free_bike_status.json,2026-07-02T20:05:31Z,2026-07-02T20:05:31Z
mobi_vancouver,mobi_vancouver_c5c4df51-9856-41e8-b3d4-21fb5d2e9437,c5c4df51-9856-41e8-b3d4-21fb5d2e9437,49.280787,-123.115271,1,FALSE,FALSE,26000,0305,1783022725,2026-07-02T20:05:32Z,2026-07-02T20:05:32Z,2026-07-02T20:05:23Z,2.2,https://gbfs.kappa.fifteen.eu/gbfs/2.2/mobi/en/gbfs.json,https://gbfs.kappa.fifteen.eu/gbfs/2.2/mobi/en/free_bike_status.json,2026-07-02T20:05:31Z,2026-07-02T20:05:31Z
mobi_vancouver,mobi_vancouver_afd552bc-4287-48bf-90e4-1866e728d247,afd552bc-4287-48bf-90e4-1866e728d247,49.271221,-123.191133,1,FALSE,FALSE,26000,0400,1783022725,2026-07-02T20:05:32Z,2026-07-02T20:05:32Z,2026-07-02T20:05:23Z,2.2,https://gbfs.kappa.fifteen.eu/gbfs/2.2/mobi/en/gbfs.json,https://gbfs.kappa.fifteen.eu/gbfs/2.2/mobi/en/free_bike_status.json,2026-07-02T20:05:31Z,2026-07-02T20:05:31Z
mobi_vancouver,mobi_vancouver_14081aee-dcc7-42a3-ad7a-c676e0d8437d,14081aee-dcc7-42a3-ad7a-c676e0d8437d,49.272969,-123.164325,1,FALSE,FALSE,26000,0460,1783022725,2026-07-02T20:05:32Z,2026-07-02T20:05:32Z,2026-07-02T20:05:23Z,2.2,https://gbfs.kappa.fifteen.eu/gbfs/2.2/mobi/en/gbfs.json,https://gbfs.kappa.fifteen.eu/gbfs/2.2/mobi/en/free_bike_status.json,2026-07-02T20:05:31Z,2026-07-02T20:05:31Z
mobi_vancouver,mobi_vancouver_ccf182be-d081-4a0a-9b97-c4ade513b30e,ccf182be-d081-4a0a-9b97-c4ade513b30e,49.263523,-123.155267,1,FALSE,FALSE,26000,0484,1783022725,2026-07-02T20:05:32Z,2026-07-02T20:05:32Z,2026-07-02T20:05:23Z,2.2,https://gbfs.kappa.fifteen.eu/gbfs/2.2/mobi/en/gbfs.json,https://gbfs.kappa.fifteen.eu/gbfs/2.2/mobi/en/free_bike_status.json,2026-07-02T20:05:31Z,2026-07-02T20:05:31Z
mobi_vancouver,mobi_vancouver_6c21afe7-2973-496b-9b23-e693d8af3039,6c21afe7-2973-496b-9b23-e693d8af3039,49.291597,-123.129158,1,FALSE,FALSE,26000,0200,1783022725,2026-07-02T20:05:32Z,2026-07-02T20:05:32Z,2026-07-02T20:05:23Z,2.2,https://gbfs.kappa.fifteen.eu/gbfs/2.2/mobi/en/gbfs.json,https://gbfs.kappa.fifteen.eu/gbfs/2.2/mobi/en/free_bike_status.json,2026-07-02T20:05:31Z,2026-07-02T20:05:31Z
mobi_vancouver,mobi_vancouver_7575cc10-92ee-44cc-ae6b-854b5d08392c,7575cc10-92ee-44cc-ae6b-854b5d08392c,49.265442,-123.187738,1,FALSE,FALSE,26000,0403,1783022725,2026-07-02T20:05:32Z,2026-07-02T20:05:32Z,2026-07-02T20:05:23Z,2.2,https://gbfs.kappa.fifteen.eu/gbfs/2.2/mobi/en/gbfs.json,https://gbfs.kappa.fifteen.eu/gbfs/2.2/mobi/en/free_bike_status.json,2026-07-02T20:05:31Z,2026-07-02T20:05:31Z
mobi_vancouver,mobi_vancouver_8734f8ab-bc82-4281-b583-b15fd1ff6391,8734f8ab-bc82-4281-b583-b15fd1ff6391,49.293264,-123.132861,1,FALSE,FALSE,26000,0181,1783022725,2026-07-02T20:05:32Z,2026-07-02T20:05:32Z,2026-07-02T20:05:23Z,2.2,https://gbfs.kappa.fifteen.eu/gbfs/2.2/mobi/en/gbfs.json,https://gbfs.kappa.fifteen.eu/gbfs/2.2/mobi/en/free_bike_status.json,2026-07-02T20:05:31Z,2026-07-02T20:05:31Z
mobi_vancouver,mobi_vancouver_69d749c0-cfe1-4aa0-a6b4-4b864f02baf8,69d749c0-cfe1-4aa0-a6b4-4b864f02baf8,49.293264,-123.132861,1,FALSE,FALSE,26000,0181,1783022725,2026-07-02T20:05:32Z,2026-07-02T20:05:32Z,2026-07-02T20:05:23Z,2.2,https://gbfs.kappa.fifteen.eu/gbfs/2.2/mobi/en/gbfs.json,https://gbfs.kappa.fifteen.eu/gbfs/2.2/mobi/en/free_bike_status.json,2026-07-02T20:05:31Z,2026-07-02T20:05:31Z
mobi_vancouver,mobi_vancouver_b6cfa9c4-5714-42f5-b554-a7b766b27692,b6cfa9c4-5714-42f5-b554-a7b766b27692,49.288682,-123.11818,1,FALSE,FALSE,26400,0201,1783022725,2026-07-02T20:05:32Z,2026-07-02T20:05:32Z,2026-07-02T20:05:23Z,2.2,https://gbfs.kappa.fifteen.eu/gbfs/2.2/mobi/en/gbfs.json,https://gbfs.kappa.fifteen.eu/gbfs/2.2/mobi/en/free_bike_status.json,2026-07-02T20:05:31Z,2026-07-02T20:05:31Z
mobi_vancouver,mobi_vancouver_efcdc795-f031-4585-a43c-814ff3c5ce85,efcdc795-f031-4585-a43c-814ff3c5ce85,49.273833,-123.114373,2,FALSE,FALSE,26400,0057,1783022725,2026-07-02T20:05:32Z,2026-07-02T20:05:32Z,2026-07-02T20:05:23Z,2.2,https://gbfs.kappa.fifteen.eu/gbfs/2.2/mobi/en/gbfs.json,https://gbfs.kappa.fifteen.eu/gbfs/2.2/mobi/en/free_bike_status.json,2026-07-02T20:05:31Z,2026-07-02T20:05:31Z
mobi_vancouver,mobi_vancouver_afdd612f-9663-4301-aa41-7e823b2bc6b8,afdd612f-9663-4301-aa41-7e823b2bc6b8,49.268269,-123.147885,1,FALSE,FALSE,26400,0076,1783022725,2026-07-02T20:05:32Z,2026-07-02T20:05:32Z,2026-07-02T20:05:23Z,2.2,https://gbfs.kappa.fifteen.eu/gbfs/2.2/mobi/en/gbfs.json,https://gbfs.kappa.fifteen.eu/gbfs/2.2/mobi/en/free_bike_status.json,2026-07-02T20:05:31Z,2026-07-02T20:05:31Z
mobi_vancouver,mobi_vancouver_e564b000-4456-4938-868a-6aa5acaf65c0,e564b000-4456-4938-868a-6aa5acaf65c0,49.257654,-123.153212,1,FALSE,FALSE,26400,0113,1783022725,2026-07-02T20:05:32Z,2026-07-02T20:05:32Z,2026-07-02T20:05:23Z,2.2,https://gbfs.kappa.fifteen.eu/gbfs/2.2/mobi/en/gbfs.json,https://gbfs.kappa.fifteen.eu/gbfs/2.2/mobi/en/free_bike_status.json,2026-07-02T20:05:31Z,2026-07-02T20:05:31Z
mobi_vancouver,mobi_vancouver_04a5c0f2-9fb1-4383-a04b-4425b547ee97,04a5c0f2-9fb1-4383-a04b-4425b547ee97,49.268216,-123.103168,1,FALSE,FALSE,26400,0119,1783022725,2026-07-02T20:05:32Z,2026-07-02T20:05:32Z,2026-07-02T20:05:23Z,2.2,https://gbfs.kappa.fifteen.eu/gbfs/2.2/mobi/en/gbfs.json,https://gbfs.kappa.fifteen.eu/gbfs/2.2/mobi/en/free_bike_status.json,2026-07-02T20:05:31Z,2026-07-02T20:05:31Z
mobi_vancouver,mobi_vancouver_7613b7d9-6802-49bf-94ae-bee6e6fd834d,7613b7d9-6802-49bf-94ae-bee6e6fd834d,49.29534,-123.150433,1,FALSE,FALSE,26400,0102,1783022725,2026-07-02T20:05:32Z,2026-07-02T20:05:32Z,2026-07-02T20:05:23Z,2.2,https://gbfs.kappa.fifteen.eu/gbfs/2.2/mobi/en/gbfs.json,https://gbfs.kappa.fifteen.eu/gbfs/2.2/mobi/en/free_bike_status.json,2026-07-02T20:05:31Z,2026-07-02T20:05:31Z
mobi_vancouver,mobi_vancouver_0f8de085-00d4-4b25-b408-27f416ca86a7,0f8de085-00d4-4b25-b408-27f416ca86a7,49.29534,-123.150433,2,FALSE,FALSE,26400,0102,1783022725,2026-07-02T20:05:32Z,2026-07-02T20:05:32Z,2026-07-02T20:05:23Z,2.2,https://gbfs.kappa.fifteen.eu/gbfs/2.2/mobi/en/gbfs.json,https://gbfs.kappa.fifteen.eu/gbfs/2.2/mobi/en/free_bike_status.json,2026-07-02T20:05:31Z,2026-07-02T20:05:31Z
mobi_vancouver,mobi_vancouver_1a0b681a-2f96-4b43-bced-758c09da7623,1a0b681a-2f96-4b43-bced-758c09da7623,49.294318,-123.148808,1,FALSE,FALSE,26400,0104,1783022725,2026-07-02T20:05:32Z,2026-07-02T20:05:32Z,2026-07-02T20:05:23Z,2.2,https://gbfs.kappa.fifteen.eu/gbfs/2.2/mobi/en/gbfs.json,https://gbfs.kappa.fifteen.eu/gbfs/2.2/mobi/en/free_bike_status.json,2026-07-02T20:05:31Z,2026-07-02T20:05:31Z
mobi_vancouver,mobi_vancouver_16e7b197-3695-41de-8458-90a711327eef,16e7b197-3695-41de-8458-90a711327eef,49.294318,-123.148808,1,FALSE,FALSE,26400,0104,1783022725,2026-07-02T20:05:32Z,2026-07-02T20:05:32Z,2026-07-02T20:05:23Z,2.2,https://gbfs.kappa.fifteen.eu/gbfs/2.2/mobi/en/gbfs.json,https://gbfs.kappa.fifteen.eu/gbfs/2.2/mobi/en/free_bike_status.json,2026-07-02T20:05:31Z,2026-07-02T20:05:31Z
mobi_vancouver,mobi_vancouver_fb5fd485-c19d-42bf-86e4-f05cb92df42a,fb5fd485-c19d-42bf-86e4-f05cb92df42a,49.298657,-123.121176,1,FALSE,FALSE,26400,0105,1783022725,2026-07-02T20:05:32Z,2026-07-02T20:05:32Z,2026-07-02T20:05:23Z,2.2,https://gbfs.kappa.fifteen.eu/gbfs/2.2/mobi/en/gbfs.json,https://gbfs.kappa.fifteen.eu/gbfs/2.2/mobi/en/free_bike_status.json,2026-07-02T20:05:31Z,2026-07-02T20:05:31Z
mobi_vancouver,mobi_vancouver_2cca3a11-c294-447d-9303-aa52eb75ce42,2cca3a11-c294-447d-9303-aa52eb75ce42,49.267628,-123.127698,1,FALSE,FALSE,26400,0143,1783022725,2026-07-02T20:05:32Z,2026-07-02T20:05:32Z,2026-07-02T20:05:23Z,2.2,https://gbfs.kappa.fifteen.eu/gbfs/2.2/mobi/en/gbfs.json,https://gbfs.kappa.fifteen.eu/gbfs/2.2/mobi/en/free_bike_status.json,2026-07-02T20:05:31Z,2026-07-02T20:05:31Z
mobi_vancouver,mobi_vancouver_d7e28b28-00fa-4cda-92a1-bccdfdc64810,d7e28b28-00fa-4cda-92a1-bccdfdc64810,49.265005,-123.079481,1,FALSE,FALSE,26400,0236,1783022725,2026-07-02T20:05:32Z,2026-07-02T20:05:32Z,2026-07-02T20:05:23Z,2.2,https://gbfs.kappa.fifteen.eu/gbfs/2.2/mobi/en/gbfs.json,https://gbfs.kappa.fifteen.eu/gbfs/2.2/mobi/en/free_bike_status.json,2026-07-02T20:05:31Z,2026-07-02T20:05:31Z
mobi_vancouver,mobi_vancouver_e10892f4-8948-4bc4-831e-2e74536fff93,e10892f4-8948-4bc4-831e-2e74536fff93,49.28567,-123.112543,1,FALSE,FALSE,26400,0021,1783022725,2026-07-02T20:05:32Z,2026-07-02T20:05:32Z,2026-07-02T20:05:23Z,2.2,https://gbfs.kappa.fifteen.eu/gbfs/2.2/mobi/en/gbfs.json,https://gbfs.kappa.fifteen.eu/gbfs/2.2/mobi/en/free_bike_status.json,2026-07-02T20:05:31Z,2026-07-02T20:05:31Z
mobi_vancouver,mobi_vancouver_8526533c-de6d-4fe5-ab03-a75f793b75cb,8526533c-de6d-4fe5-ab03-a75f793b75cb,49.261188,-123.066009,1,FALSE,FALSE,26400,0274,1783022725,2026-07-02T20:05:32Z,2026-07-02T20:05:32Z,2026-07-02T20:05:23Z,2.2,https://gbfs.kappa.fifteen.eu/gbfs/2.2/mobi/en/gbfs.json,https://gbfs.kappa.fifteen.eu/gbfs/2.2/mobi/en/free_bike_status.json,2026-07-02T20:05:31Z,2026-07-02T20:05:31Z
mobi_vancouver,mobi_vancouver_5945cd62-c707-49a4-82d5-2d333b230417,5945cd62-c707-49a4-82d5-2d333b230417,49.289124,-123.12196,1,FALSE,FALSE,26400,0034,1783022725,2026-07-02T20:05:32Z,2026-07-02T20:05:32Z,2026-07-02T20:05:23Z,2.2,https://gbfs.kappa.fifteen.eu/gbfs/2.2/mobi/en/gbfs.json,https://gbfs.kappa.fifteen.eu/gbfs/2.2/mobi/en/free_bike_status.json,2026-07-02T20:05:31Z,2026-07-02T20:05:31Z
mobi_vancouver,mobi_vancouver_0c6e9dcb-b9ef-4886-858e-2797264a66ce,0c6e9dcb-b9ef-4886-858e-2797264a66ce,49.289124,-123.12196,1,FALSE,FALSE,26400,0034,1783022725,2026-07-02T20:05:32Z,2026-07-02T20:05:32Z,2026-07-02T20:05:23Z,2.2,https://gbfs.kappa.fifteen.eu/gbfs/2.2/mobi/en/gbfs.json,https://gbfs.kappa.fifteen.eu/gbfs/2.2/mobi/en/free_bike_status.json,2026-07-02T20:05:31Z,2026-07-02T20:05:31Z
mobi_vancouver,mobi_vancouver_abb0f871-4abc-4f71-9ffa-1acee8057c0f,abb0f871-4abc-4f71-9ffa-1acee8057c0f,49.27029,-123.135025,1,FALSE,FALSE,26400,0189,1783022725,2026-07-02T20:05:32Z,2026-07-02T20:05:32Z,2026-07-02T20:05:23Z,2.2,https://gbfs.kappa.fifteen.eu/gbfs/2.2/mobi/en/gbfs.json,https://gbfs.kappa.fifteen.eu/gbfs/2.2/mobi/en/free_bike_status.json,2026-07-02T20:05:31Z,2026-07-02T20:05:31Z
mobi_vancouver,mobi_vancouver_4361bbdd-3102-4e3c-8ca7-d70446ccaf80,4361bbdd-3102-4e3c-8ca7-d70446ccaf80,49.27029,-123.135025,1,FALSE,FALSE,26400,0189,1783022725,2026-07-02T20:05:32Z,2026-07-02T20:05:32Z,2026-07-02T20:05:23Z,2.2,https://gbfs.kappa.fifteen.eu/gbfs/2.2/mobi/en/gbfs.json,https://gbfs.kappa.fifteen.eu/gbfs/2.2/mobi/en/free_bike_status.json,2026-07-02T20:05:31Z,2026-07-02T20:05:31Z
mobi_vancouver,mobi_vancouver_90602bd6-b83b-4b3c-90b9-f3fafa3777a7,90602bd6-b83b-4b3c-90b9-f3fafa3777a7,49.27029,-123.135025,1,FALSE,FALSE,26400,0189,1783022725,2026-07-02T20:05:32Z,2026-07-02T20:05:32Z,2026-07-02T20:05:23Z,2.2,https://gbfs.kappa.fifteen.eu/gbfs/2.2/mobi/en/gbfs.json,https://gbfs.kappa.fifteen.eu/gbfs/2.2/mobi/en/free_bike_status.json,2026-07-02T20:05:31Z,2026-07-02T20:05:31Z
mobi_vancouver,mobi_vancouver_9746ae48-319f-478f-ae16-93445deaea03,9746ae48-319f-478f-ae16-93445deaea03,49.271221,-123.191133,1,FALSE,FALSE,26400,0400,1783022725,2026-07-02T20:05:32Z,2026-07-02T20:05:32Z,2026-07-02T20:05:23Z,2.2,https://gbfs.kappa.fifteen.eu/gbfs/2.2/mobi/en/gbfs.json,https://gbfs.kappa.fifteen.eu/gbfs/2.2/mobi/en/free_bike_status.json,2026-07-02T20:05:31Z,2026-07-02T20:05:31Z
mobi_vancouver,mobi_vancouver_c7959ca8-dc5b-4aa1-a7ff-0a34741b5954,c7959ca8-dc5b-4aa1-a7ff-0a34741b5954,49.293264,-123.132861,1,FALSE,FALSE,26400,0181,1783022725,2026-07-02T20:05:32Z,2026-07-02T20:05:32Z,2026-07-02T20:05:23Z,2.2,https://gbfs.kappa.fifteen.eu/gbfs/2.2/mobi/en/gbfs.json,https://gbfs.kappa.fifteen.eu/gbfs/2.2/mobi/en/free_bike_status.json,2026-07-02T20:05:31Z,2026-07-02T20:05:31Z
mobi_vancouver,mobi_vancouver_f1d5bf2b-e791-4551-8b5e-462ab05c9245,f1d5bf2b-e791-4551-8b5e-462ab05c9245,49.26213,-123.11989,2,FALSE,FALSE,26400,0121,1783022725,2026-07-02T20:05:32Z,2026-07-02T20:05:32Z,2026-07-02T20:05:23Z,2.2,https://gbfs.kappa.fifteen.eu/gbfs/2.2/mobi/en/gbfs.json,https://gbfs.kappa.fifteen.eu/gbfs/2.2/mobi/en/free_bike_status.json,2026-07-02T20:05:31Z,2026-07-02T20:05:31Z
mobi_vancouver,mobi_vancouver_3c566711-8be6-4f81-97e5-1508cb5c12d7,3c566711-8be6-4f81-97e5-1508cb5c12d7,49.28725,-123.11298,1,FALSE,FALSE,26800,0014,1783022725,2026-07-02T20:05:32Z,2026-07-02T20:05:32Z,2026-07-02T20:05:23Z,2.2,https://gbfs.kappa.fifteen.eu/gbfs/2.2/mobi/en/gbfs.json,https://gbfs.kappa.fifteen.eu/gbfs/2.2/mobi/en/free_bike_status.json,2026-07-02T20:05:31Z,2026-07-02T20:05:31Z
mobi_vancouver,mobi_vancouver_d3f9d538-6c65-417d-87bd-76a175e41059,d3f9d538-6c65-417d-87bd-76a175e41059,49.28803,-123.142135,1,FALSE,FALSE,26800,0031,1783022725,2026-07-02T20:05:32Z,2026-07-02T20:05:32Z,2026-07-02T20:05:23Z,2.2,https://gbfs.kappa.fifteen.eu/gbfs/2.2/mobi/en/gbfs.json,https://gbfs.kappa.fifteen.eu/gbfs/2.2/mobi/en/free_bike_status.json,2026-07-02T20:05:31Z,2026-07-02T20:05:31Z
mobi_vancouver,mobi_vancouver_5d065daa-fc61-4fe9-a881-8a27cd00e36f,5d065daa-fc61-4fe9-a881-8a27cd00e36f,49.287528,-123.142139,1,FALSE,FALSE,26800,0028,1783022725,2026-07-02T20:05:32Z,2026-07-02T20:05:32Z,2026-07-02T20:05:23Z,2.2,https://gbfs.kappa.fifteen.eu/gbfs/2.2/mobi/en/gbfs.json,https://gbfs.kappa.fifteen.eu/gbfs/2.2/mobi/en/free_bike_status.json,2026-07-02T20:05:31Z,2026-07-02T20:05:31Z
mobi_vancouver,mobi_vancouver_6fd14ede-42f6-46c1-9476-9092899c9faf,6fd14ede-42f6-46c1-9476-9092899c9faf,49.287097,-123.118551,2,FALSE,FALSE,26800,0016,1783022725,2026-07-02T20:05:32Z,2026-07-02T20:05:32Z,2026-07-02T20:05:23Z,2.2,https://gbfs.kappa.fifteen.eu/gbfs/2.2/mobi/en/gbfs.json,https://gbfs.kappa.fifteen.eu/gbfs/2.2/mobi/en/free_bike_status.json,2026-07-02T20:05:31Z,2026-07-02T20:05:31Z
mobi_vancouver,mobi_vancouver_cd2e4530-2437-41e6-a3a1-f1b86b290c7f,cd2e4530-2437-41e6-a3a1-f1b86b290c7f,49.273471,-123.118016,1,FALSE,FALSE,26800,0017,1783022725,2026-07-02T20:05:32Z,2026-07-02T20:05:32Z,2026-07-02T20:05:23Z,2.2,https://gbfs.kappa.fifteen.eu/gbfs/2.2/mobi/en/gbfs.json,https://gbfs.kappa.fifteen.eu/gbfs/2.2/mobi/en/free_bike_status.json,2026-07-02T20:05:31Z,2026-07-02T20:05:31Z
mobi_vancouver,mobi_vancouver_d2edabde-09a7-420d-a3f5-ed4e94fbffb0,d2edabde-09a7-420d-a3f5-ed4e94fbffb0,49.273471,-123.118016,1,FALSE,FALSE,26800,0017,1783022725,2026-07-02T20:05:32Z,2026-07-02T20:05:32Z,2026-07-02T20:05:23Z,2.2,https://gbfs.kappa.fifteen.eu/gbfs/2.2/mobi/en/gbfs.json,https://gbfs.kappa.fifteen.eu/gbfs/2.2/mobi/en/free_bike_status.json,2026-07-02T20:05:31Z,2026-07-02T20:05:31Z
mobi_vancouver,mobi_vancouver_dc54b3dc-45d9-46cc-8910-100dfebf0e78,dc54b3dc-45d9-46cc-8910-100dfebf0e78,49.27023,-123.10651,1,FALSE,FALSE,26800,0174,1783022725,2026-07-02T20:05:32Z,2026-07-02T20:05:32Z,2026-07-02T20:05:23Z,2.2,https://gbfs.kappa.fifteen.eu/gbfs/2.2/mobi/en/gbfs.json,https://gbfs.kappa.fifteen.eu/gbfs/2.2/mobi/en/free_bike_status.json,2026-07-02T20:05:31Z,2026-07-02T20:05:31Z
mobi_vancouver,mobi_vancouver_a2a2d206-491f-47c1-ad7e-27d4e4db0332,a2a2d206-491f-47c1-ad7e-27d4e4db0332,49.265939,-123.1129,1,FALSE,FALSE,26800,0171,1783022725,2026-07-02T20:05:32Z,2026-07-02T20:05:32Z,2026-07-02T20:05:23Z,2.2,https://gbfs.kappa.fifteen.eu/gbfs/2.2/mobi/en/gbfs.json,https://gbfs.kappa.fifteen.eu/gbfs/2.2/mobi/en/free_bike_status.json,2026-07-02T20:05:31Z,2026-07-02T20:05:31Z
mobi_vancouver,mobi_vancouver_9ffe744e-8d24-48dd-aab7-78e794909eb5,9ffe744e-8d24-48dd-aab7-78e794909eb5,49.282758,-123.122092,1,FALSE,FALSE,26800,0019,1783022725,2026-07-02T20:05:32Z,2026-07-02T20:05:32Z,2026-07-02T20:05:23Z,2.2,https://gbfs.kappa.fifteen.eu/gbfs/2.2/mobi/en/gbfs.json,https://gbfs.kappa.fifteen.eu/gbfs/2.2/mobi/en/free_bike_status.json,2026-07-02T20:05:31Z,2026-07-02T20:05:31Z
mobi_vancouver,mobi_vancouver_5bb37990-d5cc-4a83-9345-0d680692740d,5bb37990-d5cc-4a83-9345-0d680692740d,49.282758,-123.122092,2,FALSE,FALSE,26800,0019,1783022725,2026-07-02T20:05:32Z,2026-07-02T20:05:32Z,2026-07-02T20:05:23Z,2.2,https://gbfs.kappa.fifteen.eu/gbfs/2.2/mobi/en/gbfs.json,https://gbfs.kappa.fifteen.eu/gbfs/2.2/mobi/en/free_bike_status.json,2026-07-02T20:05:31Z,2026-07-02T20:05:31Z
mobi_vancouver,mobi_vancouver_afd09d5a-45ea-4636-9666-9f1682fea033,afd09d5a-45ea-4636-9666-9f1682fea033,49.281301,-123.139108,1,FALSE,FALSE,26800,0084,1783022725,2026-07-02T20:05:32Z,2026-07-02T20:05:32Z,2026-07-02T20:05:23Z,2.2,https://gbfs.kappa.fifteen.eu/gbfs/2.2/mobi/en/gbfs.json,https://gbfs.kappa.fifteen.eu/gbfs/2.2/mobi/en/free_bike_status.json,2026-07-02T20:05:31Z,2026-07-02T20:05:31Z
mobi_vancouver,mobi_vancouver_3376f5bb-491e-4e96-9bc7-0db2e44470f1,3376f5bb-491e-4e96-9bc7-0db2e44470f1,49.299292,-123.130281,1,FALSE,FALSE,26800,0101,1783022725,2026-07-02T20:05:32Z,2026-07-02T20:05:32Z,2026-07-02T20:05:23Z,2.2,https://gbfs.kappa.fifteen.eu/gbfs/2.2/mobi/en/gbfs.json,https://gbfs.kappa.fifteen.eu/gbfs/2.2/mobi/en/free_bike_status.json,2026-07-02T20:05:31Z,2026-07-02T20:05:31Z
mobi_vancouver,mobi_vancouver_98b5d6f8-9ea4-4d84-b5c9-213699dbd6db,98b5d6f8-9ea4-4d84-b5c9-213699dbd6db,49.298657,-123.121176,1,FALSE,FALSE,26800,0105,1783022725,2026-07-02T20:05:32Z,2026-07-02T20:05:32Z,2026-07-02T20:05:23Z,2.2,https://gbfs.kappa.fifteen.eu/gbfs/2.2/mobi/en/gbfs.json,https://gbfs.kappa.fifteen.eu/gbfs/2.2/mobi/en/free_bike_status.json,2026-07-02T20:05:31Z,2026-07-02T20:05:31Z
mobi_vancouver,mobi_vancouver_40184a33-dec7-4a35-a437-28bff49d7575,40184a33-dec7-4a35-a437-28bff49d7575,49.263635,-123.099236,2,FALSE,FALSE,26800,0206,1783022725,2026-07-02T20:05:32Z,2026-07-02T20:05:32Z,2026-07-02T20:05:23Z,2.2,https://gbfs.kappa.fifteen.eu/gbfs/2.2/mobi/en/gbfs.json,https://gbfs.kappa.fifteen.eu/gbfs/2.2/mobi/en/free_bike_status.json,2026-07-02T20:05:31Z,2026-07-02T20:05:31Z
mobi_vancouver,mobi_vancouver_f2256663-6e27-41a5-b7be-a9767d41e68a,f2256663-6e27-41a5-b7be-a9767d41e68a,49.270905,-123.126006,2,FALSE,FALSE,26800,0136,1783022725,2026-07-02T20:05:32Z,2026-07-02T20:05:32Z,2026-07-02T20:05:23Z,2.2,https://gbfs.kappa.fifteen.eu/gbfs/2.2/mobi/en/gbfs.json,https://gbfs.kappa.fifteen.eu/gbfs/2.2/mobi/en/free_bike_status.json,2026-07-02T20:05:31Z,2026-07-02T20:05:31Z
mobi_vancouver,mobi_vancouver_b444ca2b-a303-49dd-b1cf-59a589038157,b444ca2b-a303-49dd-b1cf-59a589038157,49.263746,-123.069892,1,FALSE,FALSE,26800,0254,1783022725,2026-07-02T20:05:32Z,2026-07-02T20:05:32Z,2026-07-02T20:05:23Z,2.2,https://gbfs.kappa.fifteen.eu/gbfs/2.2/mobi/en/gbfs.json,https://gbfs.kappa.fifteen.eu/gbfs/2.2/mobi/en/free_bike_status.json,2026-07-02T20:05:31Z,2026-07-02T20:05:31Z
mobi_vancouver,mobi_vancouver_3cae2b4f-6781-4388-a834-9aaad740aeba,3cae2b4f-6781-4388-a834-9aaad740aeba,49.264579,-123.18373,1,FALSE,FALSE,26800,0415,1783022725,2026-07-02T20:05:32Z,2026-07-02T20:05:32Z,2026-07-02T20:05:23Z,2.2,https://gbfs.kappa.fifteen.eu/gbfs/2.2/mobi/en/gbfs.json,https://gbfs.kappa.fifteen.eu/gbfs/2.2/mobi/en/free_bike_status.json,2026-07-02T20:05:31Z,2026-07-02T20:05:31Z
mobi_vancouver,mobi_vancouver_8ed228b6-eda9-4df9-a7ea-8d0ec78fcb33,8ed228b6-eda9-4df9-a7ea-8d0ec78fcb33,49.263523,-123.155267,1,FALSE,FALSE,26800,0484,1783022725,2026-07-02T20:05:32Z,2026-07-02T20:05:32Z,2026-07-02T20:05:23Z,2.2,https://gbfs.kappa.fifteen.eu/gbfs/2.2/mobi/en/gbfs.json,https://gbfs.kappa.fifteen.eu/gbfs/2.2/mobi/en/free_bike_status.json,2026-07-02T20:05:31Z,2026-07-02T20:05:31Z
mobi_vancouver,mobi_vancouver_0b9acbb1-5337-43a1-9be3-35ad91edda8b,0b9acbb1-5337-43a1-9be3-35ad91edda8b,49.247204,-123.101549,1,FALSE,FALSE,26800,0565,1783022725,2026-07-02T20:05:32Z,2026-07-02T20:05:32Z,2026-07-02T20:05:23Z,2.2,https://gbfs.kappa.fifteen.eu/gbfs/2.2/mobi/en/gbfs.json,https://gbfs.kappa.fifteen.eu/gbfs/2.2/mobi/en/free_bike_status.json,2026-07-02T20:05:31Z,2026-07-02T20:05:31Z
mobi_vancouver,mobi_vancouver_7247cb47-afda-4721-9a60-8f7751777edc,7247cb47-afda-4721-9a60-8f7751777edc,49.282214,-123.114101,1,FALSE,FALSE,27200,0012,1783022725,2026-07-02T20:05:32Z,2026-07-02T20:05:32Z,2026-07-02T20:05:23Z,2.2,https://gbfs.kappa.fifteen.eu/gbfs/2.2/mobi/en/gbfs.json,https://gbfs.kappa.fifteen.eu/gbfs/2.2/mobi/en/free_bike_status.json,2026-07-02T20:05:31Z,2026-07-02T20:05:31Z
mobi_vancouver,mobi_vancouver_380f8a7b-4afd-43e6-986a-60f7156a4a00,380f8a7b-4afd-43e6-986a-60f7156a4a00,49.28616,-123.12675,2,FALSE,FALSE,27200,0036,1783022725,2026-07-02T20:05:32Z,2026-07-02T20:05:32Z,2026-07-02T20:05:23Z,2.2,https://gbfs.kappa.fifteen.eu/gbfs/2.2/mobi/en/gbfs.json,https://gbfs.kappa.fifteen.eu/gbfs/2.2/mobi/en/free_bike_status.json,2026-07-02T20:05:31Z,2026-07-02T20:05:31Z
mobi_vancouver,mobi_vancouver_e14139b2-cab7-433e-a3c5-266a970c4eb7,e14139b2-cab7-433e-a3c5-266a970c4eb7,49.265939,-123.1129,1,FALSE,FALSE,27200,0171,1783022725,2026-07-02T20:05:32Z,2026-07-02T20:05:32Z,2026-07-02T20:05:23Z,2.2,https://gbfs.kappa.fifteen.eu/gbfs/2.2/mobi/en/gbfs.json,https://gbfs.kappa.fifteen.eu/gbfs/2.2/mobi/en/free_bike_status.json,2026-07-02T20:05:31Z,2026-07-02T20:05:31Z
mobi_vancouver,mobi_vancouver_db68c974-9f02-4b71-99f6-befe0c261061,db68c974-9f02-4b71-99f6-befe0c261061,49.299292,-123.130281,1,FALSE,FALSE,27200,0101,1783022725,2026-07-02T20:05:32Z,2026-07-02T20:05:32Z,2026-07-02T20:05:23Z,2.2,https://gbfs.kappa.fifteen.eu/gbfs/2.2/mobi/en/gbfs.json,https://gbfs.kappa.fifteen.eu/gbfs/2.2/mobi/en/free_bike_status.json,2026-07-02T20:05:31Z,2026-07-02T20:05:31Z
mobi_vancouver,mobi_vancouver_c531ceef-dc79-40bb-ad8b-3cfc92d287fc,c531ceef-dc79-40bb-ad8b-3cfc92d287fc,49.294318,-123.148808,1,FALSE,FALSE,27200,0104,1783022725,2026-07-02T20:05:32Z,2026-07-02T20:05:32Z,2026-07-02T20:05:23Z,2.2,https://gbfs.kappa.fifteen.eu/gbfs/2.2/mobi/en/gbfs.json,https://gbfs.kappa.fifteen.eu/gbfs/2.2/mobi/en/free_bike_status.json,2026-07-02T20:05:31Z,2026-07-02T20:05:31Z
mobi_vancouver,mobi_vancouver_58fb1238-b5b8-442e-b302-288acf4d7a12,58fb1238-b5b8-442e-b302-288acf4d7a12,49.294318,-123.148808,1,FALSE,FALSE,27200,0104,1783022725,2026-07-02T20:05:32Z,2026-07-02T20:05:32Z,2026-07-02T20:05:23Z,2.2,https://gbfs.kappa.fifteen.eu/gbfs/2.2/mobi/en/gbfs.json,https://gbfs.kappa.fifteen.eu/gbfs/2.2/mobi/en/free_bike_status.json,2026-07-02T20:05:31Z,2026-07-02T20:05:31Z
mobi_vancouver,mobi_vancouver_58d4e59c-537c-495a-a85f-8c699b382a69,58d4e59c-537c-495a-a85f-8c699b382a69,49.266456,-123.100324,1,FALSE,FALSE,27200,0198,1783022725,2026-07-02T20:05:32Z,2026-07-02T20:05:32Z,2026-07-02T20:05:23Z,2.2,https://gbfs.kappa.fifteen.eu/gbfs/2.2/mobi/en/gbfs.json,https://gbfs.kappa.fifteen.eu/gbfs/2.2/mobi/en/free_bike_status.json,2026-07-02T20:05:31Z,2026-07-02T20:05:31Z
mobi_vancouver,mobi_vancouver_27d02f51-2eb6-47e8-95c1-8abfdb5f59fa,27d02f51-2eb6-47e8-95c1-8abfdb5f59fa,49.266774,-123.141135,1,FALSE,FALSE,27200,0153,1783022725,2026-07-02T20:05:32Z,2026-07-02T20:05:32Z,2026-07-02T20:05:23Z,2.2,https://gbfs.kappa.fifteen.eu/gbfs/2.2/mobi/en/gbfs.json,https://gbfs.kappa.fifteen.eu/gbfs/2.2/mobi/en/free_bike_status.json,2026-07-02T20:05:31Z,2026-07-02T20:05:31Z
mobi_vancouver,mobi_vancouver_e5c60e5f-6614-4460-946d-cb4caceee6b7,e5c60e5f-6614-4460-946d-cb4caceee6b7,49.277595,-123.09583,1,FALSE,FALSE,27200,0212,1783022725,2026-07-02T20:05:32Z,2026-07-02T20:05:32Z,2026-07-02T20:05:23Z,2.2,https://gbfs.kappa.fifteen.eu/gbfs/2.2/mobi/en/gbfs.json,https://gbfs.kappa.fifteen.eu/gbfs/2.2/mobi/en/free_bike_status.json,2026-07-02T20:05:31Z,2026-07-02T20:05:31Z
mobi_vancouver,mobi_vancouver_fc09c2df-3aaf-40e9-b668-d7420f1d727e,fc09c2df-3aaf-40e9-b668-d7420f1d727e,49.270905,-123.126006,1,FALSE,FALSE,27200,0136,1783022725,2026-07-02T20:05:32Z,2026-07-02T20:05:32Z,2026-07-02T20:05:23Z,2.2,https://gbfs.kappa.fifteen.eu/gbfs/2.2/mobi/en/gbfs.json,https://gbfs.kappa.fifteen.eu/gbfs/2.2/mobi/en/free_bike_status.json,2026-07-02T20:05:31Z,2026-07-02T20:05:31Z
mobi_vancouver,mobi_vancouver_81ed0673-2435-4b43-9106-00b7c85fa2d1,81ed0673-2435-4b43-9106-00b7c85fa2d1,49.283227,-123.120523,1,FALSE,FALSE,27200,0099,1783022725,2026-07-02T20:05:32Z,2026-07-02T20:05:32Z,2026-07-02T20:05:23Z,2.2,https://gbfs.kappa.fifteen.eu/gbfs/2.2/mobi/en/gbfs.json,https://gbfs.kappa.fifteen.eu/gbfs/2.2/mobi/en/free_bike_status.json,2026-07-02T20:05:31Z,2026-07-02T20:05:31Z
mobi_vancouver,mobi_vancouver_95148465-963a-479e-8d99-dde5e79ae459,95148465-963a-479e-8d99-dde5e79ae459,49.273777,-123.092723,1,FALSE,FALSE,27200,0233,1783022725,2026-07-02T20:05:32Z,2026-07-02T20:05:32Z,2026-07-02T20:05:23Z,2.2,https://gbfs.kappa.fifteen.eu/gbfs/2.2/mobi/en/gbfs.json,https://gbfs.kappa.fifteen.eu/gbfs/2.2/mobi/en/free_bike_status.json,2026-07-02T20:05:31Z,2026-07-02T20:05:31Z
mobi_vancouver,mobi_vancouver_a3e6b7fc-42ff-41e8-abfe-953eab6dc5bb,a3e6b7fc-42ff-41e8-abfe-953eab6dc5bb,49.28803,-123.142135,2,FALSE,FALSE,27200,0142,1783022725,2026-07-02T20:05:32Z,2026-07-02T20:05:32Z,2026-07-02T20:05:23Z,2.2,https://gbfs.kappa.fifteen.eu/gbfs/2.2/mobi/en/gbfs.json,https://gbfs.kappa.fifteen.eu/gbfs/2.2/mobi/en/free_bike_status.json,2026-07-02T20:05:31Z,2026-07-02T20:05:31Z
mobi_vancouver,mobi_vancouver_6dd8fb9a-a9fc-4620-aa68-d6190c392c93,6dd8fb9a-a9fc-4620-aa68-d6190c392c93,49.238105,-123.154966,2,FALSE,FALSE,27200,0482,1783022725,2026-07-02T20:05:32Z,2026-07-02T20:05:32Z,2026-07-02T20:05:23Z,2.2,https://gbfs.kappa.fifteen.eu/gbfs/2.2/mobi/en/gbfs.json,https://gbfs.kappa.fifteen.eu/gbfs/2.2/mobi/en/free_bike_status.json,2026-07-02T20:05:31Z,2026-07-02T20:05:31Z
mobi_vancouver,mobi_vancouver_8b8f8656-737b-49cf-992c-7bb81f790726,8b8f8656-737b-49cf-992c-7bb81f790726,49.28803,-123.142135,1,FALSE,FALSE,27600,0031,1783022725,2026-07-02T20:05:32Z,2026-07-02T20:05:32Z,2026-07-02T20:05:23Z,2.2,https://gbfs.kappa.fifteen.eu/gbfs/2.2/mobi/en/gbfs.json,https://gbfs.kappa.fifteen.eu/gbfs/2.2/mobi/en/free_bike_status.json,2026-07-02T20:05:31Z,2026-07-02T20:05:31Z
mobi_vancouver,mobi_vancouver_15ec33dc-94b8-450a-bd48-ec668379ad4d,15ec33dc-94b8-450a-bd48-ec668379ad4d,49.294318,-123.148808,1,FALSE,FALSE,27600,0104,1783022725,2026-07-02T20:05:32Z,2026-07-02T20:05:32Z,2026-07-02T20:05:23Z,2.2,https://gbfs.kappa.fifteen.eu/gbfs/2.2/mobi/en/gbfs.json,https://gbfs.kappa.fifteen.eu/gbfs/2.2/mobi/en/free_bike_status.json,2026-07-02T20:05:31Z,2026-07-02T20:05:31Z
mobi_vancouver,mobi_vancouver_d34adff6-18be-4e3d-a137-730ad08955eb,d34adff6-18be-4e3d-a137-730ad08955eb,49.277665,-123.073653,2,FALSE,FALSE,27600,0222,1783022725,2026-07-02T20:05:32Z,2026-07-02T20:05:32Z,2026-07-02T20:05:23Z,2.2,https://gbfs.kappa.fifteen.eu/gbfs/2.2/mobi/en/gbfs.json,https://gbfs.kappa.fifteen.eu/gbfs/2.2/mobi/en/free_bike_status.json,2026-07-02T20:05:31Z,2026-07-02T20:05:31Z
mobi_vancouver,mobi_vancouver_9cd952c2-e06c-402b-9e40-7bccad18605b,9cd952c2-e06c-402b-9e40-7bccad18605b,49.266636,-123.183661,2,FALSE,FALSE,27600,0414,1783022725,2026-07-02T20:05:32Z,2026-07-02T20:05:32Z,2026-07-02T20:05:23Z,2.2,https://gbfs.kappa.fifteen.eu/gbfs/2.2/mobi/en/gbfs.json,https://gbfs.kappa.fifteen.eu/gbfs/2.2/mobi/en/free_bike_status.json,2026-07-02T20:05:31Z,2026-07-02T20:05:31Z
mobi_vancouver,mobi_vancouver_49fc216e-73fb-41bf-917a-91dc882fd0fc,49fc216e-73fb-41bf-917a-91dc882fd0fc,49.279821,-123.10802,2,FALSE,FALSE,28000,0053,1783022725,2026-07-02T20:05:32Z,2026-07-02T20:05:32Z,2026-07-02T20:05:23Z,2.2,https://gbfs.kappa.fifteen.eu/gbfs/2.2/mobi/en/gbfs.json,https://gbfs.kappa.fifteen.eu/gbfs/2.2/mobi/en/free_bike_status.json,2026-07-02T20:05:31Z,2026-07-02T20:05:31Z
mobi_vancouver,mobi_vancouver_1657a19e-d181-41af-89cc-45fe132cd4d1,1657a19e-d181-41af-89cc-45fe132cd4d1,49.277844,-123.120942,1,FALSE,FALSE,28000,0079,1783022725,2026-07-02T20:05:32Z,2026-07-02T20:05:32Z,2026-07-02T20:05:23Z,2.2,https://gbfs.kappa.fifteen.eu/gbfs/2.2/mobi/en/gbfs.json,https://gbfs.kappa.fifteen.eu/gbfs/2.2/mobi/en/free_bike_status.json,2026-07-02T20:05:31Z,2026-07-02T20:05:31Z
mobi_vancouver,mobi_vancouver_2731b65f-0f23-49fe-b2cd-a1797739e618,2731b65f-0f23-49fe-b2cd-a1797739e618,49.29534,-123.150433,1,FALSE,FALSE,28000,0102,1783022725,2026-07-02T20:05:32Z,2026-07-02T20:05:32Z,2026-07-02T20:05:23Z,2.2,https://gbfs.kappa.fifteen.eu/gbfs/2.2/mobi/en/gbfs.json,https://gbfs.kappa.fifteen.eu/gbfs/2.2/mobi/en/free_bike_status.json,2026-07-02T20:05:31Z,2026-07-02T20:05:31Z
mobi_vancouver,mobi_vancouver_bd003cb0-314b-4138-a308-1d87721bafc8,bd003cb0-314b-4138-a308-1d87721bafc8,49.297933,-123.130758,2,FALSE,FALSE,28000,0209,1783022725,2026-07-02T20:05:32Z,2026-07-02T20:05:32Z,2026-07-02T20:05:23Z,2.2,https://gbfs.kappa.fifteen.eu/gbfs/2.2/mobi/en/gbfs.json,https://gbfs.kappa.fifteen.eu/gbfs/2.2/mobi/en/free_bike_status.json,2026-07-02T20:05:31Z,2026-07-02T20:05:31Z
mobi_vancouver,mobi_vancouver_69193fad-795d-4721-9706-d8d1c093c5a5,69193fad-795d-4721-9706-d8d1c093c5a5,49.279369,-123.091241,1,FALSE,FALSE,28000,0229,1783022725,2026-07-02T20:05:32Z,2026-07-02T20:05:32Z,2026-07-02T20:05:23Z,2.2,https://gbfs.kappa.fifteen.eu/gbfs/2.2/mobi/en/gbfs.json,https://gbfs.kappa.fifteen.eu/gbfs/2.2/mobi/en/free_bike_status.json,2026-07-02T20:05:31Z,2026-07-02T20:05:31Z
mobi_vancouver,mobi_vancouver_177c6739-92f4-43a0-bf6a-96ca11eedf16,177c6739-92f4-43a0-bf6a-96ca11eedf16,49.284157,-123.099917,2,FALSE,FALSE,28400,0150,1783022725,2026-07-02T20:05:32Z,2026-07-02T20:05:32Z,2026-07-02T20:05:23Z,2.2,https://gbfs.kappa.fifteen.eu/gbfs/2.2/mobi/en/gbfs.json,https://gbfs.kappa.fifteen.eu/gbfs/2.2/mobi/en/free_bike_status.json,2026-07-02T20:05:31Z,2026-07-02T20:05:31Z
mobi_vancouver,mobi_vancouver_1fb47998-3b1b-455f-9df3-c9bec1cac77f,1fb47998-3b1b-455f-9df3-c9bec1cac77f,49.29534,-123.150433,1,FALSE,FALSE,28400,0102,1783022725,2026-07-02T20:05:32Z,2026-07-02T20:05:32Z,2026-07-02T20:05:23Z,2.2,https://gbfs.kappa.fifteen.eu/gbfs/2.2/mobi/en/gbfs.json,https://gbfs.kappa.fifteen.eu/gbfs/2.2/mobi/en/free_bike_status.json,2026-07-02T20:05:31Z,2026-07-02T20:05:31Z
mobi_vancouver,mobi_vancouver_83ea8d78-f95b-4fda-9c66-9c9e4463a3b7,83ea8d78-f95b-4fda-9c66-9c9e4463a3b7,49.27033,-123.10275,1,FALSE,FALSE,28400,0177,1783022725,2026-07-02T20:05:32Z,2026-07-02T20:05:32Z,2026-07-02T20:05:23Z,2.2,https://gbfs.kappa.fifteen.eu/gbfs/2.2/mobi/en/gbfs.json,https://gbfs.kappa.fifteen.eu/gbfs/2.2/mobi/en/free_bike_status.json,2026-07-02T20:05:31Z,2026-07-02T20:05:31Z
mobi_vancouver,mobi_vancouver_d839299d-41e5-4418-be97-5fd66957f6ea,d839299d-41e5-4418-be97-5fd66957f6ea,49.246243,-123.124373,2,FALSE,FALSE,28400,0505,1783022725,2026-07-02T20:05:32Z,2026-07-02T20:05:32Z,2026-07-02T20:05:23Z,2.2,https://gbfs.kappa.fifteen.eu/gbfs/2.2/mobi/en/gbfs.json,https://gbfs.kappa.fifteen.eu/gbfs/2.2/mobi/en/free_bike_status.json,2026-07-02T20:05:31Z,2026-07-02T20:05:31Z
mobi_vancouver,mobi_vancouver_95878f48-a2d1-467d-bb1c-a737cb14912b,95878f48-a2d1-467d-bb1c-a737cb14912b,49.288682,-123.11818,1,FALSE,FALSE,28800,0201,1783022725,2026-07-02T20:05:32Z,2026-07-02T20:05:32Z,2026-07-02T20:05:23Z,2.2,https://gbfs.kappa.fifteen.eu/gbfs/2.2/mobi/en/gbfs.json,https://gbfs.kappa.fifteen.eu/gbfs/2.2/mobi/en/free_bike_status.json,2026-07-02T20:05:31Z,2026-07-02T20:05:31Z
mobi_vancouver,mobi_vancouver_7faaa700-d07d-4ffd-b147-ed3ac0cbd8f5,7faaa700-d07d-4ffd-b147-ed3ac0cbd8f5,49.28062,-123.12482,2,FALSE,FALSE,28800,0037,1783022725,2026-07-02T20:05:32Z,2026-07-02T20:05:32Z,2026-07-02T20:05:23Z,2.2,https://gbfs.kappa.fifteen.eu/gbfs/2.2/mobi/en/gbfs.json,https://gbfs.kappa.fifteen.eu/gbfs/2.2/mobi/en/free_bike_status.json,2026-07-02T20:05:31Z,2026-07-02T20:05:31Z
mobi_vancouver,mobi_vancouver_a31c0fc3-d42d-4332-a035-273c395fd825,a31c0fc3-d42d-4332-a035-273c395fd825,49.29534,-123.150433,1,FALSE,FALSE,28800,0102,1783022725,2026-07-02T20:05:32Z,2026-07-02T20:05:32Z,2026-07-02T20:05:23Z,2.2,https://gbfs.kappa.fifteen.eu/gbfs/2.2/mobi/en/gbfs.json,https://gbfs.kappa.fifteen.eu/gbfs/2.2/mobi/en/free_bike_status.json,2026-07-02T20:05:31Z,2026-07-02T20:05:31Z
mobi_vancouver,mobi_vancouver_0ceed438-66c7-4c8d-b982-00cf2e52d1bc,0ceed438-66c7-4c8d-b982-00cf2e52d1bc,49.293264,-123.132861,1,FALSE,FALSE,28800,0181,1783022725,2026-07-02T20:05:32Z,2026-07-02T20:05:32Z,2026-07-02T20:05:23Z,2.2,https://gbfs.kappa.fifteen.eu/gbfs/2.2/mobi/en/gbfs.json,https://gbfs.kappa.fifteen.eu/gbfs/2.2/mobi/en/free_bike_status.json,2026-07-02T20:05:31Z,2026-07-02T20:05:31Z
mobi_vancouver,mobi_vancouver_6f1dbd8b-2402-4e76-a331-788fc188a388,6f1dbd8b-2402-4e76-a331-788fc188a388,49.293264,-123.132861,1,FALSE,FALSE,28800,0181,1783022725,2026-07-02T20:05:32Z,2026-07-02T20:05:32Z,2026-07-02T20:05:23Z,2.2,https://gbfs.kappa.fifteen.eu/gbfs/2.2/mobi/en/gbfs.json,https://gbfs.kappa.fifteen.eu/gbfs/2.2/mobi/en/free_bike_status.json,2026-07-02T20:05:31Z,2026-07-02T20:05:31Z
mobi_vancouver,mobi_vancouver_ec3e636d-7968-4f99-b99e-a78fbd14bfff,ec3e636d-7968-4f99-b99e-a78fbd14bfff,49.25976,-123.2479,2,FALSE,FALSE,28800,2127,1783022725,2026-07-02T20:05:32Z,2026-07-02T20:05:32Z,2026-07-02T20:05:23Z,2.2,https://gbfs.kappa.fifteen.eu/gbfs/2.2/mobi/en/gbfs.json,https://gbfs.kappa.fifteen.eu/gbfs/2.2/mobi/en/free_bike_status.json,2026-07-02T20:05:31Z,2026-07-02T20:05:31Z
mobi_vancouver,mobi_vancouver_3e583158-27dc-4a11-bf67-f9153235d076,3e583158-27dc-4a11-bf67-f9153235d076,49.287528,-123.142139,1,FALSE,FALSE,29200,0028,1783022725,2026-07-02T20:05:32Z,2026-07-02T20:05:32Z,2026-07-02T20:05:23Z,2.2,https://gbfs.kappa.fifteen.eu/gbfs/2.2/mobi/en/gbfs.json,https://gbfs.kappa.fifteen.eu/gbfs/2.2/mobi/en/free_bike_status.json,2026-07-02T20:05:31Z,2026-07-02T20:05:31Z
mobi_vancouver,mobi_vancouver_c8b59511-7b1e-4a20-898f-b281f7a5a04e,c8b59511-7b1e-4a20-898f-b281f7a5a04e,49.266314,-123.116011,2,FALSE,FALSE,29200,0006,1783022725,2026-07-02T20:05:32Z,2026-07-02T20:05:32Z,2026-07-02T20:05:23Z,2.2,https://gbfs.kappa.fifteen.eu/gbfs/2.2/mobi/en/gbfs.json,https://gbfs.kappa.fifteen.eu/gbfs/2.2/mobi/en/free_bike_status.json,2026-07-02T20:05:31Z,2026-07-02T20:05:31Z
mobi_vancouver,mobi_vancouver_d6c3181c-a3d6-412e-bd9b-50f3edcf911c,d6c3181c-a3d6-412e-bd9b-50f3edcf911c,49.274566,-123.121817,2,FALSE,FALSE,29200,0004,1783022725,2026-07-02T20:05:32Z,2026-07-02T20:05:32Z,2026-07-02T20:05:23Z,2.2,https://gbfs.kappa.fifteen.eu/gbfs/2.2/mobi/en/gbfs.json,https://gbfs.kappa.fifteen.eu/gbfs/2.2/mobi/en/free_bike_status.json,2026-07-02T20:05:31Z,2026-07-02T20:05:31Z
mobi_vancouver,mobi_vancouver_af8a863f-4313-424e-bd5a-2e02054255f1,af8a863f-4313-424e-bd5a-2e02054255f1,49.283227,-123.120523,2,FALSE,FALSE,29200,0099,1783022725,2026-07-02T20:05:32Z,2026-07-02T20:05:32Z,2026-07-02T20:05:23Z,2.2,https://gbfs.kappa.fifteen.eu/gbfs/2.2/mobi/en/gbfs.json,https://gbfs.kappa.fifteen.eu/gbfs/2.2/mobi/en/free_bike_status.json,2026-07-02T20:05:31Z,2026-07-02T20:05:31Z
mobi_vancouver,mobi_vancouver_d82bdbab-a4b1-4e6b-ba48-fcab43de9be9,d82bdbab-a4b1-4e6b-ba48-fcab43de9be9,49.274232,-123.129998,2,FALSE,FALSE,29200,0314,1783022725,2026-07-02T20:05:32Z,2026-07-02T20:05:32Z,2026-07-02T20:05:23Z,2.2,https://gbfs.kappa.fifteen.eu/gbfs/2.2/mobi/en/gbfs.json,https://gbfs.kappa.fifteen.eu/gbfs/2.2/mobi/en/free_bike_status.json,2026-07-02T20:05:31Z,2026-07-02T20:05:31Z
mobi_vancouver,mobi_vancouver_3df40b10-9723-47b3-8328-077660994895,3df40b10-9723-47b3-8328-077660994895,49.28602,-123.116624,2,FALSE,FALSE,29600,0024,1783022725,2026-07-02T20:05:32Z,2026-07-02T20:05:32Z,2026-07-02T20:05:23Z,2.2,https://gbfs.kappa.fifteen.eu/gbfs/2.2/mobi/en/gbfs.json,https://gbfs.kappa.fifteen.eu/gbfs/2.2/mobi/en/free_bike_status.json,2026-07-02T20:05:31Z,2026-07-02T20:05:31Z
mobi_vancouver,mobi_vancouver_d9b716c4-af29-423c-8aae-c26510148c68,d9b716c4-af29-423c-8aae-c26510148c68,49.29534,-123.150433,1,FALSE,FALSE,29600,0102,1783022725,2026-07-02T20:05:32Z,2026-07-02T20:05:32Z,2026-07-02T20:05:23Z,2.2,https://gbfs.kappa.fifteen.eu/gbfs/2.2/mobi/en/gbfs.json,https://gbfs.kappa.fifteen.eu/gbfs/2.2/mobi/en/free_bike_status.json,2026-07-02T20:05:31Z,2026-07-02T20:05:31Z
mobi_vancouver,mobi_vancouver_9496f9bd-da31-449f-8210-004f14e3cc23,9496f9bd-da31-449f-8210-004f14e3cc23,49.273011,-123.159663,2,FALSE,FALSE,29600,0470,1783022725,2026-07-02T20:05:32Z,2026-07-02T20:05:32Z,2026-07-02T20:05:23Z,2.2,https://gbfs.kappa.fifteen.eu/gbfs/2.2/mobi/en/gbfs.json,https://gbfs.kappa.fifteen.eu/gbfs/2.2/mobi/en/free_bike_status.json,2026-07-02T20:05:31Z,2026-07-02T20:05:31Z
mobi_vancouver,mobi_vancouver_9dd61c97-5e09-4af7-a1fe-0ba70edfa643,9dd61c97-5e09-4af7-a1fe-0ba70edfa643,49.272172,-123.097978,2,FALSE,FALSE,29600,0354,1783022725,2026-07-02T20:05:32Z,2026-07-02T20:05:32Z,2026-07-02T20:05:23Z,2.2,https://gbfs.kappa.fifteen.eu/gbfs/2.2/mobi/en/gbfs.json,https://gbfs.kappa.fifteen.eu/gbfs/2.2/mobi/en/free_bike_status.json,2026-07-02T20:05:31Z,2026-07-02T20:05:31Z
mobi_vancouver,mobi_vancouver_2efc704c-db18-45f4-ab01-276a7175745b,2efc704c-db18-45f4-ab01-276a7175745b,49.26262,-123.2431,2,FALSE,FALSE,29600,2156,1783022725,2026-07-02T20:05:32Z,2026-07-02T20:05:32Z,2026-07-02T20:05:23Z,2.2,https://gbfs.kappa.fifteen.eu/gbfs/2.2/mobi/en/gbfs.json,https://gbfs.kappa.fifteen.eu/gbfs/2.2/mobi/en/free_bike_status.json,2026-07-02T20:05:31Z,2026-07-02T20:05:31Z
mobi_vancouver,mobi_vancouver_f827e51b-452a-4121-94ac-847f8f57f902,f827e51b-452a-4121-94ac-847f8f57f902,49.269361,-123.13782,2,FALSE,FALSE,30400,0066,1783022725,2026-07-02T20:05:32Z,2026-07-02T20:05:32Z,2026-07-02T20:05:23Z,2.2,https://gbfs.kappa.fifteen.eu/gbfs/2.2/mobi/en/gbfs.json,https://gbfs.kappa.fifteen.eu/gbfs/2.2/mobi/en/free_bike_status.json,2026-07-02T20:05:31Z,2026-07-02T20:05:31Z
mobi_vancouver,mobi_vancouver_3cd55a95-64a5-4756-819a-0acc67655dd2,3cd55a95-64a5-4756-819a-0acc67655dd2,49.273833,-123.114373,2,FALSE,FALSE,30400,0057,1783022725,2026-07-02T20:05:32Z,2026-07-02T20:05:32Z,2026-07-02T20:05:23Z,2.2,https://gbfs.kappa.fifteen.eu/gbfs/2.2/mobi/en/gbfs.json,https://gbfs.kappa.fifteen.eu/gbfs/2.2/mobi/en/free_bike_status.json,2026-07-02T20:05:31Z,2026-07-02T20:05:31Z
mobi_vancouver,mobi_vancouver_f3377e95-48de-4bd1-adc1-7d53d41e8f82,f3377e95-48de-4bd1-adc1-7d53d41e8f82,49.277178,-123.13,2,FALSE,FALSE,30400,0196,1783022725,2026-07-02T20:05:32Z,2026-07-02T20:05:32Z,2026-07-02T20:05:23Z,2.2,https://gbfs.kappa.fifteen.eu/gbfs/2.2/mobi/en/gbfs.json,https://gbfs.kappa.fifteen.eu/gbfs/2.2/mobi/en/free_bike_status.json,2026-07-02T20:05:31Z,2026-07-02T20:05:31Z
mobi_vancouver,mobi_vancouver_c97ca508-5d22-4b71-842d-09ae20e3ff94,c97ca508-5d22-4b71-842d-09ae20e3ff94,49.258924,-123.152591,2,FALSE,FALSE,30800,0152,1783022725,2026-07-02T20:05:32Z,2026-07-02T20:05:32Z,2026-07-02T20:05:23Z,2.2,https://gbfs.kappa.fifteen.eu/gbfs/2.2/mobi/en/gbfs.json,https://gbfs.kappa.fifteen.eu/gbfs/2.2/mobi/en/free_bike_status.json,2026-07-02T20:05:31Z,2026-07-02T20:05:31Z
mobi_vancouver,mobi_vancouver_bf52daa6-2dd4-4c7a-b3ab-e279dfe29718,bf52daa6-2dd4-4c7a-b3ab-e279dfe29718,49.261403,-123.070102,2,FALSE,FALSE,30800,0244,1783022725,2026-07-02T20:05:32Z,2026-07-02T20:05:32Z,2026-07-02T20:05:23Z,2.2,https://gbfs.kappa.fifteen.eu/gbfs/2.2/mobi/en/gbfs.json,https://gbfs.kappa.fifteen.eu/gbfs/2.2/mobi/en/free_bike_status.json,2026-07-02T20:05:31Z,2026-07-02T20:05:31Z
mobi_vancouver,mobi_vancouver_f73338e2-2bce-484a-9f33-31c98cf65b1d,f73338e2-2bce-484a-9f33-31c98cf65b1d,49.280216,-123.117639,2,FALSE,FALSE,31200,0129,1783022725,2026-07-02T20:05:32Z,2026-07-02T20:05:32Z,2026-07-02T20:05:23Z,2.2,https://gbfs.kappa.fifteen.eu/gbfs/2.2/mobi/en/gbfs.json,https://gbfs.kappa.fifteen.eu/gbfs/2.2/mobi/en/free_bike_status.json,2026-07-02T20:05:31Z,2026-07-02T20:05:31Z
mobi_vancouver,mobi_vancouver_01073cc1-60bf-4d4e-81c0-3934598a8789,01073cc1-60bf-4d4e-81c0-3934598a8789,49.271741,-123.155421,2,FALSE,FALSE,31200,0204,1783022725,2026-07-02T20:05:32Z,2026-07-02T20:05:32Z,2026-07-02T20:05:23Z,2.2,https://gbfs.kappa.fifteen.eu/gbfs/2.2/mobi/en/gbfs.json,https://gbfs.kappa.fifteen.eu/gbfs/2.2/mobi/en/free_bike_status.json,2026-07-02T20:05:31Z,2026-07-02T20:05:31Z
mobi_vancouver,mobi_vancouver_3f9481d1-9717-4714-a2ee-ccfb5c548a0e,3f9481d1-9717-4714-a2ee-ccfb5c548a0e,49.258924,-123.152591,2,FALSE,FALSE,31200,0152,1783022725,2026-07-02T20:05:32Z,2026-07-02T20:05:32Z,2026-07-02T20:05:23Z,2.2,https://gbfs.kappa.fifteen.eu/gbfs/2.2/mobi/en/gbfs.json,https://gbfs.kappa.fifteen.eu/gbfs/2.2/mobi/en/free_bike_status.json,2026-07-02T20:05:31Z,2026-07-02T20:05:31Z
mobi_vancouver,mobi_vancouver_20a74247-f3b6-41f6-a78b-4c1d3b2ab5ee,20a74247-f3b6-41f6-a78b-4c1d3b2ab5ee,49.284893,-123.128685,2,FALSE,FALSE,31200,0300,1783022725,2026-07-02T20:05:32Z,2026-07-02T20:05:32Z,2026-07-02T20:05:23Z,2.2,https://gbfs.kappa.fifteen.eu/gbfs/2.2/mobi/en/gbfs.json,https://gbfs.kappa.fifteen.eu/gbfs/2.2/mobi/en/free_bike_status.json,2026-07-02T20:05:31Z,2026-07-02T20:05:31Z
mobi_vancouver,mobi_vancouver_2041118e-f21c-4157-a1c9-d15a486edde6,2041118e-f21c-4157-a1c9-d15a486edde6,49.25976,-123.2479,2,FALSE,FALSE,31200,2127,1783022725,2026-07-02T20:05:32Z,2026-07-02T20:05:32Z,2026-07-02T20:05:23Z,2.2,https://gbfs.kappa.fifteen.eu/gbfs/2.2/mobi/en/gbfs.json,https://gbfs.kappa.fifteen.eu/gbfs/2.2/mobi/en/free_bike_status.json,2026-07-02T20:05:31Z,2026-07-02T20:05:31Z
mobi_vancouver,mobi_vancouver_66573c48-93be-4e71-8ac5-fd29b146f28b,66573c48-93be-4e71-8ac5-fd29b146f28b,49.297933,-123.130758,2,FALSE,FALSE,31600,0209,1783022725,2026-07-02T20:05:32Z,2026-07-02T20:05:32Z,2026-07-02T20:05:23Z,2.2,https://gbfs.kappa.fifteen.eu/gbfs/2.2/mobi/en/gbfs.json,https://gbfs.kappa.fifteen.eu/gbfs/2.2/mobi/en/free_bike_status.json,2026-07-02T20:05:31Z,2026-07-02T20:05:31Z
mobi_vancouver,mobi_vancouver_5336aae9-763d-40f2-b765-79a046810615,5336aae9-763d-40f2-b765-79a046810615,49.277595,-123.09583,2,FALSE,FALSE,31600,0212,1783022725,2026-07-02T20:05:32Z,2026-07-02T20:05:32Z,2026-07-02T20:05:23Z,2.2,https://gbfs.kappa.fifteen.eu/gbfs/2.2/mobi/en/gbfs.json,https://gbfs.kappa.fifteen.eu/gbfs/2.2/mobi/en/free_bike_status.json,2026-07-02T20:05:31Z,2026-07-02T20:05:31Z
mobi_vancouver,mobi_vancouver_ab7ca070-999c-4ed7-9881-565cc5db3f17,ab7ca070-999c-4ed7-9881-565cc5db3f17,49.25976,-123.2479,2,FALSE,FALSE,31600,2127,1783022725,2026-07-02T20:05:32Z,2026-07-02T20:05:32Z,2026-07-02T20:05:23Z,2.2,https://gbfs.kappa.fifteen.eu/gbfs/2.2/mobi/en/gbfs.json,https://gbfs.kappa.fifteen.eu/gbfs/2.2/mobi/en/free_bike_status.json,2026-07-02T20:05:31Z,2026-07-02T20:05:31Z
mobi_vancouver,mobi_vancouver_3f71b528-da7b-41bc-9593-8c1b3cfb1bbb,3f71b528-da7b-41bc-9593-8c1b3cfb1bbb,49.26213,-123.11989,2,FALSE,FALSE,31600,0121,1783022725,2026-07-02T20:05:32Z,2026-07-02T20:05:32Z,2026-07-02T20:05:23Z,2.2,https://gbfs.kappa.fifteen.eu/gbfs/2.2/mobi/en/gbfs.json,https://gbfs.kappa.fifteen.eu/gbfs/2.2/mobi/en/free_bike_status.json,2026-07-02T20:05:31Z,2026-07-02T20:05:31Z
mobi_vancouver,mobi_vancouver_b691d3cf-84c8-489c-b66e-0bafc00849ae,b691d3cf-84c8-489c-b66e-0bafc00849ae,49.26213,-123.11989,2,FALSE,FALSE,31600,0121,1783022725,2026-07-02T20:05:32Z,2026-07-02T20:05:32Z,2026-07-02T20:05:23Z,2.2,https://gbfs.kappa.fifteen.eu/gbfs/2.2/mobi/en/gbfs.json,https://gbfs.kappa.fifteen.eu/gbfs/2.2/mobi/en/free_bike_status.json,2026-07-02T20:05:31Z,2026-07-02T20:05:31Z
mobi_vancouver,mobi_vancouver_d7a516c6-6c97-4b8b-8c4c-ba3d1c21f4c9,d7a516c6-6c97-4b8b-8c4c-ba3d1c21f4c9,49.29534,-123.150433,1,FALSE,FALSE,32000,0102,1783022725,2026-07-02T20:05:32Z,2026-07-02T20:05:32Z,2026-07-02T20:05:23Z,2.2,https://gbfs.kappa.fifteen.eu/gbfs/2.2/mobi/en/gbfs.json,https://gbfs.kappa.fifteen.eu/gbfs/2.2/mobi/en/free_bike_status.json,2026-07-02T20:05:31Z,2026-07-02T20:05:31Z
mobi_vancouver,mobi_vancouver_2a5e3ec3-c55f-4806-94a2-eed4a525bf95,2a5e3ec3-c55f-4806-94a2-eed4a525bf95,49.245535,-123.120496,2,FALSE,FALSE,32000,0516,1783022725,2026-07-02T20:05:32Z,2026-07-02T20:05:32Z,2026-07-02T20:05:23Z,2.2,https://gbfs.kappa.fifteen.eu/gbfs/2.2/mobi/en/gbfs.json,https://gbfs.kappa.fifteen.eu/gbfs/2.2/mobi/en/free_bike_status.json,2026-07-02T20:05:31Z,2026-07-02T20:05:31Z
mobi_vancouver,mobi_vancouver_e6aecd91-7be3-46a3-9397-905cb39a7d12,e6aecd91-7be3-46a3-9397-905cb39a7d12,49.273833,-123.114373,2,FALSE,FALSE,32400,0057,1783022725,2026-07-02T20:05:32Z,2026-07-02T20:05:32Z,2026-07-02T20:05:23Z,2.2,https://gbfs.kappa.fifteen.eu/gbfs/2.2/mobi/en/gbfs.json,https://gbfs.kappa.fifteen.eu/gbfs/2.2/mobi/en/free_bike_status.json,2026-07-02T20:05:31Z,2026-07-02T20:05:31Z
mobi_vancouver,mobi_vancouver_76b49e29-a52d-4f37-bf7b-e49a0b50a597,76b49e29-a52d-4f37-bf7b-e49a0b50a597,49.285871,-123.12105,2,FALSE,FALSE,33200,0002,1783022725,2026-07-02T20:05:32Z,2026-07-02T20:05:32Z,2026-07-02T20:05:23Z,2.2,https://gbfs.kappa.fifteen.eu/gbfs/2.2/mobi/en/gbfs.json,https://gbfs.kappa.fifteen.eu/gbfs/2.2/mobi/en/free_bike_status.json,2026-07-02T20:05:31Z,2026-07-02T20:05:31Z
mobi_vancouver,mobi_vancouver_8eb73812-6609-444b-ae59-e5abf811e6de,8eb73812-6609-444b-ae59-e5abf811e6de,49.2803,-123.135295,2,FALSE,FALSE,33200,0088,1783022725,2026-07-02T20:05:32Z,2026-07-02T20:05:32Z,2026-07-02T20:05:23Z,2.2,https://gbfs.kappa.fifteen.eu/gbfs/2.2/mobi/en/gbfs.json,https://gbfs.kappa.fifteen.eu/gbfs/2.2/mobi/en/free_bike_status.json,2026-07-02T20:05:31Z,2026-07-02T20:05:31Z
mobi_vancouver,mobi_vancouver_07629124-e2f6-4a75-a6d2-abd33389754d,07629124-e2f6-4a75-a6d2-abd33389754d,49.277844,-123.120942,2,FALSE,FALSE,33200,0079,1783022725,2026-07-02T20:05:32Z,2026-07-02T20:05:32Z,2026-07-02T20:05:23Z,2.2,https://gbfs.kappa.fifteen.eu/gbfs/2.2/mobi/en/gbfs.json,https://gbfs.kappa.fifteen.eu/gbfs/2.2/mobi/en/free_bike_status.json,2026-07-02T20:05:31Z,2026-07-02T20:05:31Z
mobi_vancouver,mobi_vancouver_f0d38953-5812-4094-8fb1-7a858c52c66b,f0d38953-5812-4094-8fb1-7a858c52c66b,49.283227,-123.120523,2,FALSE,FALSE,33200,0099,1783022725,2026-07-02T20:05:32Z,2026-07-02T20:05:32Z,2026-07-02T20:05:23Z,2.2,https://gbfs.kappa.fifteen.eu/gbfs/2.2/mobi/en/gbfs.json,https://gbfs.kappa.fifteen.eu/gbfs/2.2/mobi/en/free_bike_status.json,2026-07-02T20:05:31Z,2026-07-02T20:05:31Z
mobi_vancouver,mobi_vancouver_32e24cf9-c6ea-4a07-b195-2250587bc452,32e24cf9-c6ea-4a07-b195-2250587bc452,49.28512,-123.11242,2,FALSE,FALSE,33200,0308,1783022725,2026-07-02T20:05:32Z,2026-07-02T20:05:32Z,2026-07-02T20:05:23Z,2.2,https://gbfs.kappa.fifteen.eu/gbfs/2.2/mobi/en/gbfs.json,https://gbfs.kappa.fifteen.eu/gbfs/2.2/mobi/en/free_bike_status.json,2026-07-02T20:05:31Z,2026-07-02T20:05:31Z
mobi_vancouver,mobi_vancouver_ad06f044-b4f0-4c2d-a925-5430dc48ea7a,ad06f044-b4f0-4c2d-a925-5430dc48ea7a,49.265207,-123.250139,2,FALSE,FALSE,33200,2134,1783022725,2026-07-02T20:05:32Z,2026-07-02T20:05:32Z,2026-07-02T20:05:23Z,2.2,https://gbfs.kappa.fifteen.eu/gbfs/2.2/mobi/en/gbfs.json,https://gbfs.kappa.fifteen.eu/gbfs/2.2/mobi/en/free_bike_status.json,2026-07-02T20:05:31Z,2026-07-02T20:05:31Z
mobi_vancouver,mobi_vancouver_e66f1290-c0b2-4e62-8a32-3a33f9ec647f,e66f1290-c0b2-4e62-8a32-3a33f9ec647f,49.28062,-123.12482,2,FALSE,FALSE,33600,0037,1783022725,2026-07-02T20:05:32Z,2026-07-02T20:05:32Z,2026-07-02T20:05:23Z,2.2,https://gbfs.kappa.fifteen.eu/gbfs/2.2/mobi/en/gbfs.json,https://gbfs.kappa.fifteen.eu/gbfs/2.2/mobi/en/free_bike_status.json,2026-07-02T20:05:31Z,2026-07-02T20:05:31Z
mobi_vancouver,mobi_vancouver_d5785f6c-be6b-44fa-8494-621909ed72c8,d5785f6c-be6b-44fa-8494-621909ed72c8,49.243375,-123.104978,2,FALSE,FALSE,33600,0557,1783022725,2026-07-02T20:05:32Z,2026-07-02T20:05:32Z,2026-07-02T20:05:23Z,2.2,https://gbfs.kappa.fifteen.eu/gbfs/2.2/mobi/en/gbfs.json,https://gbfs.kappa.fifteen.eu/gbfs/2.2/mobi/en/free_bike_status.json,2026-07-02T20:05:31Z,2026-07-02T20:05:31Z
mobi_vancouver,mobi_vancouver_e631df14-225e-4de3-970e-033a57812463,e631df14-225e-4de3-970e-033a57812463,49.28062,-123.12482,2,FALSE,FALSE,34000,0037,1783022725,2026-07-02T20:05:32Z,2026-07-02T20:05:32Z,2026-07-02T20:05:23Z,2.2,https://gbfs.kappa.fifteen.eu/gbfs/2.2/mobi/en/gbfs.json,https://gbfs.kappa.fifteen.eu/gbfs/2.2/mobi/en/free_bike_status.json,2026-07-02T20:05:31Z,2026-07-02T20:05:31Z
mobi_vancouver,mobi_vancouver_268eba65-1636-4069-88d2-a1f9025a91a6,268eba65-1636-4069-88d2-a1f9025a91a6,49.280197,-123.065859,2,FALSE,FALSE,34000,0272,1783022725,2026-07-02T20:05:32Z,2026-07-02T20:05:32Z,2026-07-02T20:05:23Z,2.2,https://gbfs.kappa.fifteen.eu/gbfs/2.2/mobi/en/gbfs.json,https://gbfs.kappa.fifteen.eu/gbfs/2.2/mobi/en/free_bike_status.json,2026-07-02T20:05:31Z,2026-07-02T20:05:31Z
mobi_vancouver,mobi_vancouver_1a7c395b-80c7-442f-9a77-7b587ac86105,1a7c395b-80c7-442f-9a77-7b587ac86105,49.238105,-123.154966,2,FALSE,FALSE,34000,0482,1783022725,2026-07-02T20:05:32Z,2026-07-02T20:05:32Z,2026-07-02T20:05:23Z,2.2,https://gbfs.kappa.fifteen.eu/gbfs/2.2/mobi/en/gbfs.json,https://gbfs.kappa.fifteen.eu/gbfs/2.2/mobi/en/free_bike_status.json,2026-07-02T20:05:31Z,2026-07-02T20:05:31Z
mobi_vancouver,mobi_vancouver_99078b07-5ed0-4d3a-a64e-706337732c09,99078b07-5ed0-4d3a-a64e-706337732c09,49.28668,-123.04457,2,FALSE,FALSE,34000,0643,1783022725,2026-07-02T20:05:32Z,2026-07-02T20:05:32Z,2026-07-02T20:05:23Z,2.2,https://gbfs.kappa.fifteen.eu/gbfs/2.2/mobi/en/gbfs.json,https://gbfs.kappa.fifteen.eu/gbfs/2.2/mobi/en/free_bike_status.json,2026-07-02T20:05:31Z,2026-07-02T20:05:31Z
mobi_vancouver,mobi_vancouver_c042421a-7003-4684-9ff9-57f519f114ca,c042421a-7003-4684-9ff9-57f519f114ca,49.283749,-123.136133,2,FALSE,FALSE,34400,0087,1783022725,2026-07-02T20:05:32Z,2026-07-02T20:05:32Z,2026-07-02T20:05:23Z,2.2,https://gbfs.kappa.fifteen.eu/gbfs/2.2/mobi/en/gbfs.json,https://gbfs.kappa.fifteen.eu/gbfs/2.2/mobi/en/free_bike_status.json,2026-07-02T20:05:31Z,2026-07-02T20:05:31Z
mobi_vancouver,mobi_vancouver_a2719e3f-1de6-4b34-b1a5-70c5e39a31f9,a2719e3f-1de6-4b34-b1a5-70c5e39a31f9,49.27029,-123.135025,2,FALSE,FALSE,34400,0189,1783022725,2026-07-02T20:05:32Z,2026-07-02T20:05:32Z,2026-07-02T20:05:23Z,2.2,https://gbfs.kappa.fifteen.eu/gbfs/2.2/mobi/en/gbfs.json,https://gbfs.kappa.fifteen.eu/gbfs/2.2/mobi/en/free_bike_status.json,2026-07-02T20:05:31Z,2026-07-02T20:05:31Z
mobi_vancouver,mobi_vancouver_72b2dace-a245-42a0-a30e-e9c379c6ef42,72b2dace-a245-42a0-a30e-e9c379c6ef42,49.291597,-123.129158,2,FALSE,FALSE,34400,0200,1783022725,2026-07-02T20:05:32Z,2026-07-02T20:05:32Z,2026-07-02T20:05:23Z,2.2,https://gbfs.kappa.fifteen.eu/gbfs/2.2/mobi/en/gbfs.json,https://gbfs.kappa.fifteen.eu/gbfs/2.2/mobi/en/free_bike_status.json,2026-07-02T20:05:31Z,2026-07-02T20:05:31Z
mobi_vancouver,mobi_vancouver_b0ea6654-4fb3-4616-acce-b2b1c2842de3,b0ea6654-4fb3-4616-acce-b2b1c2842de3,49.284605,-123.108662,2,FALSE,FALSE,34800,0052,1783022725,2026-07-02T20:05:32Z,2026-07-02T20:05:32Z,2026-07-02T20:05:23Z,2.2,https://gbfs.kappa.fifteen.eu/gbfs/2.2/mobi/en/gbfs.json,https://gbfs.kappa.fifteen.eu/gbfs/2.2/mobi/en/free_bike_status.json,2026-07-02T20:05:31Z,2026-07-02T20:05:31Z
mobi_vancouver,mobi_vancouver_ad5b972b-05fa-410b-8aeb-96c72cd3c2c8,ad5b972b-05fa-410b-8aeb-96c72cd3c2c8,49.268339,-123.157443,2,FALSE,FALSE,35200,0159,1783022725,2026-07-02T20:05:32Z,2026-07-02T20:05:32Z,2026-07-02T20:05:23Z,2.2,https://gbfs.kappa.fifteen.eu/gbfs/2.2/mobi/en/gbfs.json,https://gbfs.kappa.fifteen.eu/gbfs/2.2/mobi/en/free_bike_status.json,2026-07-02T20:05:31Z,2026-07-02T20:05:31Z
mobi_vancouver,mobi_vancouver_b447f6a1-540a-4fbd-9f1d-277c5cc46d9e,b447f6a1-540a-4fbd-9f1d-277c5cc46d9e,49.26151,-123.089413,2,FALSE,FALSE,35200,0260,1783022725,2026-07-02T20:05:32Z,2026-07-02T20:05:32Z,2026-07-02T20:05:23Z,2.2,https://gbfs.kappa.fifteen.eu/gbfs/2.2/mobi/en/gbfs.json,https://gbfs.kappa.fifteen.eu/gbfs/2.2/mobi/en/free_bike_status.json,2026-07-02T20:05:31Z,2026-07-02T20:05:31Z
mobi_vancouver,mobi_vancouver_726a6eb3-ba77-4bb7-8407-d3acb2be1ae1,726a6eb3-ba77-4bb7-8407-d3acb2be1ae1,49.282503,-123.124697,2,FALSE,FALSE,35200,0217,1783022725,2026-07-02T20:05:32Z,2026-07-02T20:05:32Z,2026-07-02T20:05:23Z,2.2,https://gbfs.kappa.fifteen.eu/gbfs/2.2/mobi/en/gbfs.json,https://gbfs.kappa.fifteen.eu/gbfs/2.2/mobi/en/free_bike_status.json,2026-07-02T20:05:31Z,2026-07-02T20:05:31Z
mobi_vancouver,mobi_vancouver_7351dd80-f35b-441d-9be5-0873dc455725,7351dd80-f35b-441d-9be5-0873dc455725,49.288682,-123.11818,2,FALSE,FALSE,35600,0201,1783022725,2026-07-02T20:05:32Z,2026-07-02T20:05:32Z,2026-07-02T20:05:23Z,2.2,https://gbfs.kappa.fifteen.eu/gbfs/2.2/mobi/en/gbfs.json,https://gbfs.kappa.fifteen.eu/gbfs/2.2/mobi/en/free_bike_status.json,2026-07-02T20:05:31Z,2026-07-02T20:05:31Z
mobi_vancouver,mobi_vancouver_33cc1a38-7ef9-43c2-9a6c-164f61f143fa,33cc1a38-7ef9-43c2-9a6c-164f61f143fa,49.25849,-123.104799,2,FALSE,FALSE,35600,0132,1783022725,2026-07-02T20:05:32Z,2026-07-02T20:05:32Z,2026-07-02T20:05:23Z,2.2,https://gbfs.kappa.fifteen.eu/gbfs/2.2/mobi/en/gbfs.json,https://gbfs.kappa.fifteen.eu/gbfs/2.2/mobi/en/free_bike_status.json,2026-07-02T20:05:31Z,2026-07-02T20:05:31Z
mobi_vancouver,mobi_vancouver_d4d3ad11-0bd9-48c4-b4e4-716de228c0e4,d4d3ad11-0bd9-48c4-b4e4-716de228c0e4,49.269172,-123.25279,2,FALSE,FALSE,35600,2131,1783022725,2026-07-02T20:05:32Z,2026-07-02T20:05:32Z,2026-07-02T20:05:23Z,2.2,https://gbfs.kappa.fifteen.eu/gbfs/2.2/mobi/en/gbfs.json,https://gbfs.kappa.fifteen.eu/gbfs/2.2/mobi/en/free_bike_status.json,2026-07-02T20:05:31Z,2026-07-02T20:05:31Z
mobi_vancouver,mobi_vancouver_3254dfe4-1608-48b1-872f-4e05a2665bb8,3254dfe4-1608-48b1-872f-4e05a2665bb8,49.266476,-123.109389,2,FALSE,FALSE,36000,0165,1783022725,2026-07-02T20:05:32Z,2026-07-02T20:05:32Z,2026-07-02T20:05:23Z,2.2,https://gbfs.kappa.fifteen.eu/gbfs/2.2/mobi/en/gbfs.json,https://gbfs.kappa.fifteen.eu/gbfs/2.2/mobi/en/free_bike_status.json,2026-07-02T20:05:31Z,2026-07-02T20:05:31Z
mobi_vancouver,mobi_vancouver_4a1f7f11-12f0-404c-8658-ef427b2a7fc0,4a1f7f11-12f0-404c-8658-ef427b2a7fc0,49.291597,-123.129158,2,FALSE,FALSE,36000,0200,1783022725,2026-07-02T20:05:32Z,2026-07-02T20:05:32Z,2026-07-02T20:05:23Z,2.2,https://gbfs.kappa.fifteen.eu/gbfs/2.2/mobi/en/gbfs.json,https://gbfs.kappa.fifteen.eu/gbfs/2.2/mobi/en/free_bike_status.json,2026-07-02T20:05:31Z,2026-07-02T20:05:31Z
mobi_vancouver,mobi_vancouver_97ef8d47-2afa-4a5f-a7d6-8210c40fd84e,97ef8d47-2afa-4a5f-a7d6-8210c40fd84e,49.262487,-123.114397,2,FALSE,FALSE,36400,0001,1783022725,2026-07-02T20:05:32Z,2026-07-02T20:05:32Z,2026-07-02T20:05:23Z,2.2,https://gbfs.kappa.fifteen.eu/gbfs/2.2/mobi/en/gbfs.json,https://gbfs.kappa.fifteen.eu/gbfs/2.2/mobi/en/free_bike_status.json,2026-07-02T20:05:31Z,2026-07-02T20:05:31Z
mobi_vancouver,mobi_vancouver_4fb2f9d0-6c89-4d0e-b7a8-f4e4fc12ad5a,4fb2f9d0-6c89-4d0e-b7a8-f4e4fc12ad5a,49.287097,-123.118551,2,FALSE,FALSE,36400,0016,1783022725,2026-07-02T20:05:32Z,2026-07-02T20:05:32Z,2026-07-02T20:05:23Z,2.2,https://gbfs.kappa.fifteen.eu/gbfs/2.2/mobi/en/gbfs.json,https://gbfs.kappa.fifteen.eu/gbfs/2.2/mobi/en/free_bike_status.json,2026-07-02T20:05:31Z,2026-07-02T20:05:31Z
mobi_vancouver,mobi_vancouver_563daa91-0188-4085-b8ba-9b35ef8a085b,563daa91-0188-4085-b8ba-9b35ef8a085b,49.272172,-123.097978,2,FALSE,FALSE,36400,0354,1783022725,2026-07-02T20:05:32Z,2026-07-02T20:05:32Z,2026-07-02T20:05:23Z,2.2,https://gbfs.kappa.fifteen.eu/gbfs/2.2/mobi/en/gbfs.json,https://gbfs.kappa.fifteen.eu/gbfs/2.2/mobi/en/free_bike_status.json,2026-07-02T20:05:31Z,2026-07-02T20:05:31Z
mobi_vancouver,mobi_vancouver_f120fbc9-1673-4ddc-ab87-8971487844b3,f120fbc9-1673-4ddc-ab87-8971487844b3,49.279938,-123.127478,2,FALSE,FALSE,36800,0039,1783022725,2026-07-02T20:05:32Z,2026-07-02T20:05:32Z,2026-07-02T20:05:23Z,2.2,https://gbfs.kappa.fifteen.eu/gbfs/2.2/mobi/en/gbfs.json,https://gbfs.kappa.fifteen.eu/gbfs/2.2/mobi/en/free_bike_status.json,2026-07-02T20:05:31Z,2026-07-02T20:05:31Z
mobi_vancouver,mobi_vancouver_00aac369-072a-4b82-a34b-ede69408687c,00aac369-072a-4b82-a34b-ede69408687c,49.266456,-123.100324,2,FALSE,FALSE,36800,0198,1783022725,2026-07-02T20:05:32Z,2026-07-02T20:05:32Z,2026-07-02T20:05:23Z,2.2,https://gbfs.kappa.fifteen.eu/gbfs/2.2/mobi/en/gbfs.json,https://gbfs.kappa.fifteen.eu/gbfs/2.2/mobi/en/free_bike_status.json,2026-07-02T20:05:31Z,2026-07-02T20:05:31Z
mobi_vancouver,mobi_vancouver_8a3754dc-e344-41b0-a3d2-30db22b2cceb,8a3754dc-e344-41b0-a3d2-30db22b2cceb,49.268616,-123.069908,2,FALSE,FALSE,36800,0240,1783022725,2026-07-02T20:05:32Z,2026-07-02T20:05:32Z,2026-07-02T20:05:23Z,2.2,https://gbfs.kappa.fifteen.eu/gbfs/2.2/mobi/en/gbfs.json,https://gbfs.kappa.fifteen.eu/gbfs/2.2/mobi/en/free_bike_status.json,2026-07-02T20:05:31Z,2026-07-02T20:05:31Z
mobi_vancouver,mobi_vancouver_17b3480d-723d-4b69-8ca9-f837e3a3a4a6,17b3480d-723d-4b69-8ca9-f837e3a3a4a6,49.287097,-123.118551,2,FALSE,FALSE,37200,0016,1783022725,2026-07-02T20:05:32Z,2026-07-02T20:05:32Z,2026-07-02T20:05:23Z,2.2,https://gbfs.kappa.fifteen.eu/gbfs/2.2/mobi/en/gbfs.json,https://gbfs.kappa.fifteen.eu/gbfs/2.2/mobi/en/free_bike_status.json,2026-07-02T20:05:31Z,2026-07-02T20:05:31Z
mobi_vancouver,mobi_vancouver_be3bf713-5ded-496d-bf24-7ecbb3b19df1,be3bf713-5ded-496d-bf24-7ecbb3b19df1,49.297933,-123.130758,2,FALSE,FALSE,37600,0209,1783022725,2026-07-02T20:05:32Z,2026-07-02T20:05:32Z,2026-07-02T20:05:23Z,2.2,https://gbfs.kappa.fifteen.eu/gbfs/2.2/mobi/en/gbfs.json,https://gbfs.kappa.fifteen.eu/gbfs/2.2/mobi/en/free_bike_status.json,2026-07-02T20:05:31Z,2026-07-02T20:05:31Z
mobi_vancouver,mobi_vancouver_641c2e93-50b9-4c0e-8809-7cf71f0c37c8,641c2e93-50b9-4c0e-8809-7cf71f0c37c8,49.297933,-123.130758,2,FALSE,FALSE,37600,0209,1783022725,2026-07-02T20:05:32Z,2026-07-02T20:05:32Z,2026-07-02T20:05:23Z,2.2,https://gbfs.kappa.fifteen.eu/gbfs/2.2/mobi/en/gbfs.json,https://gbfs.kappa.fifteen.eu/gbfs/2.2/mobi/en/free_bike_status.json,2026-07-02T20:05:31Z,2026-07-02T20:05:31Z
mobi_vancouver,mobi_vancouver_100b86a9-d0bf-41ed-9460-dd8520fbf051,100b86a9-d0bf-41ed-9460-dd8520fbf051,49.283749,-123.136133,2,FALSE,FALSE,37600,0087,1783022725,2026-07-02T20:05:32Z,2026-07-02T20:05:32Z,2026-07-02T20:05:23Z,2.2,https://gbfs.kappa.fifteen.eu/gbfs/2.2/mobi/en/gbfs.json,https://gbfs.kappa.fifteen.eu/gbfs/2.2/mobi/en/free_bike_status.json,2026-07-02T20:05:31Z,2026-07-02T20:05:31Z
mobi_vancouver,mobi_vancouver_52bd4305-425d-42b8-bbed-79342ebc84d1,52bd4305-425d-42b8-bbed-79342ebc84d1,49.249184,-123.116141,2,FALSE,FALSE,37600,0524,1783022725,2026-07-02T20:05:32Z,2026-07-02T20:05:32Z,2026-07-02T20:05:23Z,2.2,https://gbfs.kappa.fifteen.eu/gbfs/2.2/mobi/en/gbfs.json,https://gbfs.kappa.fifteen.eu/gbfs/2.2/mobi/en/free_bike_status.json,2026-07-02T20:05:31Z,2026-07-02T20:05:31Z
mobi_vancouver,mobi_vancouver_6e9cbee4-6275-42db-9e3b-4b1c00c43ddb,6e9cbee4-6275-42db-9e3b-4b1c00c43ddb,49.282214,-123.114101,2,FALSE,FALSE,38000,0012,1783022725,2026-07-02T20:05:32Z,2026-07-02T20:05:32Z,2026-07-02T20:05:23Z,2.2,https://gbfs.kappa.fifteen.eu/gbfs/2.2/mobi/en/gbfs.json,https://gbfs.kappa.fifteen.eu/gbfs/2.2/mobi/en/free_bike_status.json,2026-07-02T20:05:31Z,2026-07-02T20:05:31Z
mobi_vancouver,mobi_vancouver_0b30b298-f5e4-41e3-96e0-e09f7682a914,0b30b298-f5e4-41e3-96e0-e09f7682a914,49.280216,-123.117639,2,FALSE,FALSE,38000,0129,1783022725,2026-07-02T20:05:32Z,2026-07-02T20:05:32Z,2026-07-02T20:05:23Z,2.2,https://gbfs.kappa.fifteen.eu/gbfs/2.2/mobi/en/gbfs.json,https://gbfs.kappa.fifteen.eu/gbfs/2.2/mobi/en/free_bike_status.json,2026-07-02T20:05:31Z,2026-07-02T20:05:31Z
mobi_vancouver,mobi_vancouver_3a131145-c3b5-4da6-adb9-64b7a0e81c6f,3a131145-c3b5-4da6-adb9-64b7a0e81c6f,49.257654,-123.153212,2,FALSE,FALSE,38000,0113,1783022725,2026-07-02T20:05:32Z,2026-07-02T20:05:32Z,2026-07-02T20:05:23Z,2.2,https://gbfs.kappa.fifteen.eu/gbfs/2.2/mobi/en/gbfs.json,https://gbfs.kappa.fifteen.eu/gbfs/2.2/mobi/en/free_bike_status.json,2026-07-02T20:05:31Z,2026-07-02T20:05:31Z
mobi_vancouver,mobi_vancouver_95bb0e61-aa1c-479f-a1a8-d7caffdc607d,95bb0e61-aa1c-479f-a1a8-d7caffdc607d,49.277436,-123.070427,2,FALSE,FALSE,38000,0223,1783022725,2026-07-02T20:05:32Z,2026-07-02T20:05:32Z,2026-07-02T20:05:23Z,2.2,https://gbfs.kappa.fifteen.eu/gbfs/2.2/mobi/en/gbfs.json,https://gbfs.kappa.fifteen.eu/gbfs/2.2/mobi/en/free_bike_status.json,2026-07-02T20:05:31Z,2026-07-02T20:05:31Z
mobi_vancouver,mobi_vancouver_cab19f15-ff72-4f34-9a6f-a807f3ba157f,cab19f15-ff72-4f34-9a6f-a807f3ba157f,49.279938,-123.127478,2,FALSE,FALSE,38400,0039,1783022725,2026-07-02T20:05:32Z,2026-07-02T20:05:32Z,2026-07-02T20:05:23Z,2.2,https://gbfs.kappa.fifteen.eu/gbfs/2.2/mobi/en/gbfs.json,https://gbfs.kappa.fifteen.eu/gbfs/2.2/mobi/en/free_bike_status.json,2026-07-02T20:05:31Z,2026-07-02T20:05:31Z
mobi_vancouver,mobi_vancouver_ce23b333-879e-4792-ad5a-c676b3be4bc3,ce23b333-879e-4792-ad5a-c676b3be4bc3,49.284062,-123.095097,2,FALSE,FALSE,38400,0161,1783022725,2026-07-02T20:05:32Z,2026-07-02T20:05:32Z,2026-07-02T20:05:23Z,2.2,https://gbfs.kappa.fifteen.eu/gbfs/2.2/mobi/en/gbfs.json,https://gbfs.kappa.fifteen.eu/gbfs/2.2/mobi/en/free_bike_status.json,2026-07-02T20:05:31Z,2026-07-02T20:05:31Z
mobi_vancouver,mobi_vancouver_ef701c98-23fc-42cd-b602-181829642f8b,ef701c98-23fc-42cd-b602-181829642f8b,49.284554,-123.111031,2,FALSE,FALSE,38400,0124,1783022725,2026-07-02T20:05:32Z,2026-07-02T20:05:32Z,2026-07-02T20:05:23Z,2.2,https://gbfs.kappa.fifteen.eu/gbfs/2.2/mobi/en/gbfs.json,https://gbfs.kappa.fifteen.eu/gbfs/2.2/mobi/en/free_bike_status.json,2026-07-02T20:05:31Z,2026-07-02T20:05:31Z
mobi_vancouver,mobi_vancouver_4c5530fc-c50a-413b-aa1e-bbacb0a9612c,4c5530fc-c50a-413b-aa1e-bbacb0a9612c,49.258763,-123.115392,2,FALSE,FALSE,39600,0072,1783022725,2026-07-02T20:05:32Z,2026-07-02T20:05:32Z,2026-07-02T20:05:23Z,2.2,https://gbfs.kappa.fifteen.eu/gbfs/2.2/mobi/en/gbfs.json,https://gbfs.kappa.fifteen.eu/gbfs/2.2/mobi/en/free_bike_status.json,2026-07-02T20:05:31Z,2026-07-02T20:05:31Z
mobi_vancouver,mobi_vancouver_3252c44e-97bf-444b-966a-08f34da40f8b,3252c44e-97bf-444b-966a-08f34da40f8b,49.288506,-123.131238,2,FALSE,FALSE,39600,0096,1783022725,2026-07-02T20:05:32Z,2026-07-02T20:05:32Z,2026-07-02T20:05:23Z,2.2,https://gbfs.kappa.fifteen.eu/gbfs/2.2/mobi/en/gbfs.json,https://gbfs.kappa.fifteen.eu/gbfs/2.2/mobi/en/free_bike_status.json,2026-07-02T20:05:31Z,2026-07-02T20:05:31Z
mobi_vancouver,mobi_vancouver_2a40ffd0-6c3a-4015-b212-a27d298c2dd8,2a40ffd0-6c3a-4015-b212-a27d298c2dd8,49.266774,-123.141135,2,FALSE,FALSE,39600,0153,1783022725,2026-07-02T20:05:32Z,2026-07-02T20:05:32Z,2026-07-02T20:05:23Z,2.2,https://gbfs.kappa.fifteen.eu/gbfs/2.2/mobi/en/gbfs.json,https://gbfs.kappa.fifteen.eu/gbfs/2.2/mobi/en/free_bike_status.json,2026-07-02T20:05:31Z,2026-07-02T20:05:31Z
mobi_vancouver,mobi_vancouver_2a771d60-7543-4732-954a-32ab25dd69d5,2a771d60-7543-4732-954a-32ab25dd69d5,49.26151,-123.089413,2,FALSE,FALSE,39600,0260,1783022725,2026-07-02T20:05:32Z,2026-07-02T20:05:32Z,2026-07-02T20:05:23Z,2.2,https://gbfs.kappa.fifteen.eu/gbfs/2.2/mobi/en/gbfs.json,https://gbfs.kappa.fifteen.eu/gbfs/2.2/mobi/en/free_bike_status.json,2026-07-02T20:05:31Z,2026-07-02T20:05:31Z
mobi_vancouver,mobi_vancouver_14fea023-5290-4431-a606-b6900444fbf5,14fea023-5290-4431-a606-b6900444fbf5,49.263962,-123.112621,2,FALSE,FALSE,39600,0170,1783022725,2026-07-02T20:05:32Z,2026-07-02T20:05:32Z,2026-07-02T20:05:23Z,2.2,https://gbfs.kappa.fifteen.eu/gbfs/2.2/mobi/en/gbfs.json,https://gbfs.kappa.fifteen.eu/gbfs/2.2/mobi/en/free_bike_status.json,2026-07-02T20:05:31Z,2026-07-02T20:05:31Z
mobi_vancouver,mobi_vancouver_560e3024-69ab-4a87-b5f7-d0376dd12db7,560e3024-69ab-4a87-b5f7-d0376dd12db7,49.245535,-123.120496,2,FALSE,FALSE,39600,0516,1783022725,2026-07-02T20:05:32Z,2026-07-02T20:05:32Z,2026-07-02T20:05:23Z,2.2,https://gbfs.kappa.fifteen.eu/gbfs/2.2/mobi/en/gbfs.json,https://gbfs.kappa.fifteen.eu/gbfs/2.2/mobi/en/free_bike_status.json,2026-07-02T20:05:31Z,2026-07-02T20:05:31Z
mobi_vancouver,mobi_vancouver_31055953-45b9-4eaf-a935-a2f9c7394736,31055953-45b9-4eaf-a935-a2f9c7394736,49.288682,-123.11818,2,FALSE,FALSE,40000,0201,1783022725,2026-07-02T20:05:32Z,2026-07-02T20:05:32Z,2026-07-02T20:05:23Z,2.2,https://gbfs.kappa.fifteen.eu/gbfs/2.2/mobi/en/gbfs.json,https://gbfs.kappa.fifteen.eu/gbfs/2.2/mobi/en/free_bike_status.json,2026-07-02T20:05:31Z,2026-07-02T20:05:31Z
mobi_vancouver,mobi_vancouver_8c6f595b-a288-418e-88a7-1b2b1fbfede0,8c6f595b-a288-418e-88a7-1b2b1fbfede0,49.25894,-123.139272,2,FALSE,FALSE,40000,0071,1783022725,2026-07-02T20:05:32Z,2026-07-02T20:05:32Z,2026-07-02T20:05:23Z,2.2,https://gbfs.kappa.fifteen.eu/gbfs/2.2/mobi/en/gbfs.json,https://gbfs.kappa.fifteen.eu/gbfs/2.2/mobi/en/free_bike_status.json,2026-07-02T20:05:31Z,2026-07-02T20:05:31Z
mobi_vancouver,mobi_vancouver_24e1701b-fda0-4fcb-b223-9be60f2a183b,24e1701b-fda0-4fcb-b223-9be60f2a183b,49.282214,-123.114101,2,FALSE,FALSE,40000,0012,1783022725,2026-07-02T20:05:32Z,2026-07-02T20:05:32Z,2026-07-02T20:05:23Z,2.2,https://gbfs.kappa.fifteen.eu/gbfs/2.2/mobi/en/gbfs.json,https://gbfs.kappa.fifteen.eu/gbfs/2.2/mobi/en/free_bike_status.json,2026-07-02T20:05:31Z,2026-07-02T20:05:31Z
mobi_vancouver,mobi_vancouver_b09ea75b-3e00-4e93-a640-1075a59a261c,b09ea75b-3e00-4e93-a640-1075a59a261c,49.282214,-123.114101,2,FALSE,FALSE,40000,0012,1783022725,2026-07-02T20:05:32Z,2026-07-02T20:05:32Z,2026-07-02T20:05:23Z,2.2,https://gbfs.kappa.fifteen.eu/gbfs/2.2/mobi/en/gbfs.json,https://gbfs.kappa.fifteen.eu/gbfs/2.2/mobi/en/free_bike_status.json,2026-07-02T20:05:31Z,2026-07-02T20:05:31Z
mobi_vancouver,mobi_vancouver_35bd58a5-10e2-4123-9ca1-d04f17dd0628,35bd58a5-10e2-4123-9ca1-d04f17dd0628,49.282214,-123.114101,2,FALSE,FALSE,40000,0012,1783022725,2026-07-02T20:05:32Z,2026-07-02T20:05:32Z,2026-07-02T20:05:23Z,2.2,https://gbfs.kappa.fifteen.eu/gbfs/2.2/mobi/en/gbfs.json,https://gbfs.kappa.fifteen.eu/gbfs/2.2/mobi/en/free_bike_status.json,2026-07-02T20:05:31Z,2026-07-02T20:05:31Z
mobi_vancouver,mobi_vancouver_20dff064-a53a-41f6-a4aa-73f076a808df,20dff064-a53a-41f6-a4aa-73f076a808df,49.282214,-123.114101,2,FALSE,FALSE,40000,0012,1783022725,2026-07-02T20:05:32Z,2026-07-02T20:05:32Z,2026-07-02T20:05:23Z,2.2,https://gbfs.kappa.fifteen.eu/gbfs/2.2/mobi/en/gbfs.json,https://gbfs.kappa.fifteen.eu/gbfs/2.2/mobi/en/free_bike_status.json,2026-07-02T20:05:31Z,2026-07-02T20:05:31Z
mobi_vancouver,mobi_vancouver_d41dbc9d-0fb0-44bf-91e6-307b2481aff0,d41dbc9d-0fb0-44bf-91e6-307b2481aff0,49.282214,-123.114101,2,FALSE,FALSE,40000,0012,1783022725,2026-07-02T20:05:32Z,2026-07-02T20:05:32Z,2026-07-02T20:05:23Z,2.2,https://gbfs.kappa.fifteen.eu/gbfs/2.2/mobi/en/gbfs.json,https://gbfs.kappa.fifteen.eu/gbfs/2.2/mobi/en/free_bike_status.json,2026-07-02T20:05:31Z,2026-07-02T20:05:31Z
mobi_vancouver,mobi_vancouver_ec58f24b-bead-47d9-8286-59196dfdc13e,ec58f24b-bead-47d9-8286-59196dfdc13e,49.282214,-123.114101,2,FALSE,FALSE,40000,0012,1783022725,2026-07-02T20:05:32Z,2026-07-02T20:05:32Z,2026-07-02T20:05:23Z,2.2,https://gbfs.kappa.fifteen.eu/gbfs/2.2/mobi/en/gbfs.json,https://gbfs.kappa.fifteen.eu/gbfs/2.2/mobi/en/free_bike_status.json,2026-07-02T20:05:31Z,2026-07-02T20:05:31Z
mobi_vancouver,mobi_vancouver_02842e7d-dbde-466b-b282-2c149cd72b77,02842e7d-dbde-466b-b282-2c149cd72b77,49.28602,-123.116624,2,FALSE,FALSE,40000,0024,1783022725,2026-07-02T20:05:32Z,2026-07-02T20:05:32Z,2026-07-02T20:05:23Z,2.2,https://gbfs.kappa.fifteen.eu/gbfs/2.2/mobi/en/gbfs.json,https://gbfs.kappa.fifteen.eu/gbfs/2.2/mobi/en/free_bike_status.json,2026-07-02T20:05:31Z,2026-07-02T20:05:31Z
mobi_vancouver,mobi_vancouver_45e1d0ee-587e-4e20-b23c-345a935e8ba3,45e1d0ee-587e-4e20-b23c-345a935e8ba3,49.28616,-123.12675,2,FALSE,FALSE,40000,0036,1783022725,2026-07-02T20:05:32Z,2026-07-02T20:05:32Z,2026-07-02T20:05:23Z,2.2,https://gbfs.kappa.fifteen.eu/gbfs/2.2/mobi/en/gbfs.json,https://gbfs.kappa.fifteen.eu/gbfs/2.2/mobi/en/free_bike_status.json,2026-07-02T20:05:31Z,2026-07-02T20:05:31Z
mobi_vancouver,mobi_vancouver_3fb47b24-a1ba-4fac-8a0a-9de87ed92a75,3fb47b24-a1ba-4fac-8a0a-9de87ed92a75,49.285512,-123.1384,2,FALSE,FALSE,40000,0040,1783022725,2026-07-02T20:05:32Z,2026-07-02T20:05:32Z,2026-07-02T20:05:23Z,2.2,https://gbfs.kappa.fifteen.eu/gbfs/2.2/mobi/en/gbfs.json,https://gbfs.kappa.fifteen.eu/gbfs/2.2/mobi/en/free_bike_status.json,2026-07-02T20:05:31Z,2026-07-02T20:05:31Z
mobi_vancouver,mobi_vancouver_d9ac8ac5-b975-48b7-8529-0c7fcb3a6eee,d9ac8ac5-b975-48b7-8529-0c7fcb3a6eee,49.285512,-123.1384,2,FALSE,FALSE,40000,0040,1783022725,2026-07-02T20:05:32Z,2026-07-02T20:05:32Z,2026-07-02T20:05:23Z,2.2,https://gbfs.kappa.fifteen.eu/gbfs/2.2/mobi/en/gbfs.json,https://gbfs.kappa.fifteen.eu/gbfs/2.2/mobi/en/free_bike_status.json,2026-07-02T20:05:31Z,2026-07-02T20:05:31Z
mobi_vancouver,mobi_vancouver_1e2eff22-cab6-4c38-86c3-8d67dcdbbc1f,1e2eff22-cab6-4c38-86c3-8d67dcdbbc1f,49.285512,-123.1384,2,FALSE,FALSE,40000,0040,1783022725,2026-07-02T20:05:32Z,2026-07-02T20:05:32Z,2026-07-02T20:05:23Z,2.2,https://gbfs.kappa.fifteen.eu/gbfs/2.2/mobi/en/gbfs.json,https://gbfs.kappa.fifteen.eu/gbfs/2.2/mobi/en/free_bike_status.json,2026-07-02T20:05:31Z,2026-07-02T20:05:31Z
mobi_vancouver,mobi_vancouver_382ac375-8e09-4bab-9b00-32b5751ff8ed,382ac375-8e09-4bab-9b00-32b5751ff8ed,49.28062,-123.12482,2,FALSE,FALSE,40000,0037,1783022725,2026-07-02T20:05:32Z,2026-07-02T20:05:32Z,2026-07-02T20:05:23Z,2.2,https://gbfs.kappa.fifteen.eu/gbfs/2.2/mobi/en/gbfs.json,https://gbfs.kappa.fifteen.eu/gbfs/2.2/mobi/en/free_bike_status.json,2026-07-02T20:05:31Z,2026-07-02T20:05:31Z
mobi_vancouver,mobi_vancouver_711d6d94-c6e3-4b81-9fe4-2671906b4d0f,711d6d94-c6e3-4b81-9fe4-2671906b4d0f,49.279259,-123.119145,2,FALSE,FALSE,40000,0058,1783022725,2026-07-02T20:05:32Z,2026-07-02T20:05:32Z,2026-07-02T20:05:23Z,2.2,https://gbfs.kappa.fifteen.eu/gbfs/2.2/mobi/en/gbfs.json,https://gbfs.kappa.fifteen.eu/gbfs/2.2/mobi/en/free_bike_status.json,2026-07-02T20:05:31Z,2026-07-02T20:05:31Z
mobi_vancouver,mobi_vancouver_47144bec-2a68-4dc7-beda-b10e94e15366,47144bec-2a68-4dc7-beda-b10e94e15366,49.279259,-123.119145,2,FALSE,FALSE,40000,0058,1783022725,2026-07-02T20:05:32Z,2026-07-02T20:05:32Z,2026-07-02T20:05:23Z,2.2,https://gbfs.kappa.fifteen.eu/gbfs/2.2/mobi/en/gbfs.json,https://gbfs.kappa.fifteen.eu/gbfs/2.2/mobi/en/free_bike_status.json,2026-07-02T20:05:31Z,2026-07-02T20:05:31Z
mobi_vancouver,mobi_vancouver_2d1892cd-8861-4f5c-b66b-00520b8b2d5b,2d1892cd-8861-4f5c-b66b-00520b8b2d5b,49.280216,-123.117639,2,FALSE,FALSE,40000,0129,1783022725,2026-07-02T20:05:32Z,2026-07-02T20:05:32Z,2026-07-02T20:05:23Z,2.2,https://gbfs.kappa.fifteen.eu/gbfs/2.2/mobi/en/gbfs.json,https://gbfs.kappa.fifteen.eu/gbfs/2.2/mobi/en/free_bike_status.json,2026-07-02T20:05:31Z,2026-07-02T20:05:31Z
mobi_vancouver,mobi_vancouver_db18bc1b-0838-4fb0-8af0-6f75757c0113,db18bc1b-0838-4fb0-8af0-6f75757c0113,49.280216,-123.117639,2,FALSE,FALSE,40000,0129,1783022725,2026-07-02T20:05:32Z,2026-07-02T20:05:32Z,2026-07-02T20:05:23Z,2.2,https://gbfs.kappa.fifteen.eu/gbfs/2.2/mobi/en/gbfs.json,https://gbfs.kappa.fifteen.eu/gbfs/2.2/mobi/en/free_bike_status.json,2026-07-02T20:05:31Z,2026-07-02T20:05:31Z
mobi_vancouver,mobi_vancouver_d392ec90-0ffb-4a20-a7c9-21e25314c7a5,d392ec90-0ffb-4a20-a7c9-21e25314c7a5,49.288506,-123.131238,2,FALSE,FALSE,40000,0096,1783022725,2026-07-02T20:05:32Z,2026-07-02T20:05:32Z,2026-07-02T20:05:23Z,2.2,https://gbfs.kappa.fifteen.eu/gbfs/2.2/mobi/en/gbfs.json,https://gbfs.kappa.fifteen.eu/gbfs/2.2/mobi/en/free_bike_status.json,2026-07-02T20:05:31Z,2026-07-02T20:05:31Z
mobi_vancouver,mobi_vancouver_898def52-3e1f-44df-bf26-98773b20d114,898def52-3e1f-44df-bf26-98773b20d114,49.288506,-123.131238,2,FALSE,FALSE,40000,0096,1783022725,2026-07-02T20:05:32Z,2026-07-02T20:05:32Z,2026-07-02T20:05:23Z,2.2,https://gbfs.kappa.fifteen.eu/gbfs/2.2/mobi/en/gbfs.json,https://gbfs.kappa.fifteen.eu/gbfs/2.2/mobi/en/free_bike_status.json,2026-07-02T20:05:31Z,2026-07-02T20:05:31Z
mobi_vancouver,mobi_vancouver_527e7838-8af5-4a66-ad01-c799f73e9b73,527e7838-8af5-4a66-ad01-c799f73e9b73,49.288506,-123.131238,2,FALSE,FALSE,40000,0096,1783022725,2026-07-02T20:05:32Z,2026-07-02T20:05:32Z,2026-07-02T20:05:23Z,2.2,https://gbfs.kappa.fifteen.eu/gbfs/2.2/mobi/en/gbfs.json,https://gbfs.kappa.fifteen.eu/gbfs/2.2/mobi/en/free_bike_status.json,2026-07-02T20:05:31Z,2026-07-02T20:05:31Z
mobi_vancouver,mobi_vancouver_3e4b4cb0-5451-45b4-8cf0-a3328eb9a91f,3e4b4cb0-5451-45b4-8cf0-a3328eb9a91f,49.288506,-123.131238,2,FALSE,FALSE,40000,0096,1783022725,2026-07-02T20:05:32Z,2026-07-02T20:05:32Z,2026-07-02T20:05:23Z,2.2,https://gbfs.kappa.fifteen.eu/gbfs/2.2/mobi/en/gbfs.json,https://gbfs.kappa.fifteen.eu/gbfs/2.2/mobi/en/free_bike_status.json,2026-07-02T20:05:31Z,2026-07-02T20:05:31Z
mobi_vancouver,mobi_vancouver_08a5c21d-dd9a-4baf-9e3e-9bda307d59d7,08a5c21d-dd9a-4baf-9e3e-9bda307d59d7,49.288506,-123.131238,2,FALSE,FALSE,40000,0096,1783022725,2026-07-02T20:05:32Z,2026-07-02T20:05:32Z,2026-07-02T20:05:23Z,2.2,https://gbfs.kappa.fifteen.eu/gbfs/2.2/mobi/en/gbfs.json,https://gbfs.kappa.fifteen.eu/gbfs/2.2/mobi/en/free_bike_status.json,2026-07-02T20:05:31Z,2026-07-02T20:05:31Z
mobi_vancouver,mobi_vancouver_66d40671-8579-478a-be1a-eb94bf34bb1d,66d40671-8579-478a-be1a-eb94bf34bb1d,49.288506,-123.131238,2,FALSE,FALSE,40000,0096,1783022725,2026-07-02T20:05:32Z,2026-07-02T20:05:32Z,2026-07-02T20:05:23Z,2.2,https://gbfs.kappa.fifteen.eu/gbfs/2.2/mobi/en/gbfs.json,https://gbfs.kappa.fifteen.eu/gbfs/2.2/mobi/en/free_bike_status.json,2026-07-02T20:05:31Z,2026-07-02T20:05:31Z
mobi_vancouver,mobi_vancouver_8c0a6df1-dbbd-41d8-9b3e-411005db62a1,8c0a6df1-dbbd-41d8-9b3e-411005db62a1,49.288506,-123.131238,2,FALSE,FALSE,40000,0096,1783022725,2026-07-02T20:05:32Z,2026-07-02T20:05:32Z,2026-07-02T20:05:23Z,2.2,https://gbfs.kappa.fifteen.eu/gbfs/2.2/mobi/en/gbfs.json,https://gbfs.kappa.fifteen.eu/gbfs/2.2/mobi/en/free_bike_status.json,2026-07-02T20:05:31Z,2026-07-02T20:05:31Z
mobi_vancouver,mobi_vancouver_82a1b31a-8329-4608-8ab4-4b7ae2d2c93d,82a1b31a-8329-4608-8ab4-4b7ae2d2c93d,49.288506,-123.131238,2,FALSE,FALSE,40000,0096,1783022725,2026-07-02T20:05:32Z,2026-07-02T20:05:32Z,2026-07-02T20:05:23Z,2.2,https://gbfs.kappa.fifteen.eu/gbfs/2.2/mobi/en/gbfs.json,https://gbfs.kappa.fifteen.eu/gbfs/2.2/mobi/en/free_bike_status.json,2026-07-02T20:05:31Z,2026-07-02T20:05:31Z
mobi_vancouver,mobi_vancouver_2cf73a9a-188e-4bfd-9745-98159b381a3e,2cf73a9a-188e-4bfd-9745-98159b381a3e,49.272827,-123.147744,2,FALSE,FALSE,40000,0065,1783022725,2026-07-02T20:05:32Z,2026-07-02T20:05:32Z,2026-07-02T20:05:23Z,2.2,https://gbfs.kappa.fifteen.eu/gbfs/2.2/mobi/en/gbfs.json,https://gbfs.kappa.fifteen.eu/gbfs/2.2/mobi/en/free_bike_status.json,2026-07-02T20:05:31Z,2026-07-02T20:05:31Z
mobi_vancouver,mobi_vancouver_7e7205e2-3925-4832-9cfe-e26757a00a73,7e7205e2-3925-4832-9cfe-e26757a00a73,49.287097,-123.118551,2,FALSE,FALSE,40000,0016,1783022725,2026-07-02T20:05:32Z,2026-07-02T20:05:32Z,2026-07-02T20:05:23Z,2.2,https://gbfs.kappa.fifteen.eu/gbfs/2.2/mobi/en/gbfs.json,https://gbfs.kappa.fifteen.eu/gbfs/2.2/mobi/en/free_bike_status.json,2026-07-02T20:05:31Z,2026-07-02T20:05:31Z
mobi_vancouver,mobi_vancouver_c52cb913-16e3-4840-b679-c01bc4348737,c52cb913-16e3-4840-b679-c01bc4348737,49.273471,-123.118016,2,FALSE,FALSE,40000,0017,1783022725,2026-07-02T20:05:32Z,2026-07-02T20:05:32Z,2026-07-02T20:05:23Z,2.2,https://gbfs.kappa.fifteen.eu/gbfs/2.2/mobi/en/gbfs.json,https://gbfs.kappa.fifteen.eu/gbfs/2.2/mobi/en/free_bike_status.json,2026-07-02T20:05:31Z,2026-07-02T20:05:31Z
mobi_vancouver,mobi_vancouver_45fe712f-3a31-48f3-9eba-97d3e00241e3,45fe712f-3a31-48f3-9eba-97d3e00241e3,49.284157,-123.099917,2,FALSE,FALSE,40000,0150,1783022725,2026-07-02T20:05:32Z,2026-07-02T20:05:32Z,2026-07-02T20:05:23Z,2.2,https://gbfs.kappa.fifteen.eu/gbfs/2.2/mobi/en/gbfs.json,https://gbfs.kappa.fifteen.eu/gbfs/2.2/mobi/en/free_bike_status.json,2026-07-02T20:05:31Z,2026-07-02T20:05:31Z
mobi_vancouver,mobi_vancouver_5b556e7c-db40-4069-85e5-662cf87d84a5,5b556e7c-db40-4069-85e5-662cf87d84a5,49.279259,-123.119145,2,FALSE,FALSE,40000,0019,1783022725,2026-07-02T20:05:32Z,2026-07-02T20:05:32Z,2026-07-02T20:05:23Z,2.2,https://gbfs.kappa.fifteen.eu/gbfs/2.2/mobi/en/gbfs.json,https://gbfs.kappa.fifteen.eu/gbfs/2.2/mobi/en/free_bike_status.json,2026-07-02T20:05:31Z,2026-07-02T20:05:31Z
mobi_vancouver,mobi_vancouver_9a513a48-bb7e-42c0-82e8-acb9845c62e6,9a513a48-bb7e-42c0-82e8-acb9845c62e6,49.262822,-123.14338,2,FALSE,FALSE,40000,0205,1783022725,2026-07-02T20:05:32Z,2026-07-02T20:05:32Z,2026-07-02T20:05:23Z,2.2,https://gbfs.kappa.fifteen.eu/gbfs/2.2/mobi/en/gbfs.json,https://gbfs.kappa.fifteen.eu/gbfs/2.2/mobi/en/free_bike_status.json,2026-07-02T20:05:31Z,2026-07-02T20:05:31Z
mobi_vancouver,mobi_vancouver_8c9c1b3b-0998-440e-9a86-82de704fe9ac,8c9c1b3b-0998-440e-9a86-82de704fe9ac,49.299292,-123.130281,2,FALSE,FALSE,40000,0101,1783022725,2026-07-02T20:05:32Z,2026-07-02T20:05:32Z,2026-07-02T20:05:23Z,2.2,https://gbfs.kappa.fifteen.eu/gbfs/2.2/mobi/en/gbfs.json,https://gbfs.kappa.fifteen.eu/gbfs/2.2/mobi/en/free_bike_status.json,2026-07-02T20:05:31Z,2026-07-02T20:05:31Z
mobi_vancouver,mobi_vancouver_49927777-9947-4b31-8ba2-d79772fab528,49927777-9947-4b31-8ba2-d79772fab528,49.293834,-123.148473,2,FALSE,FALSE,40000,0104,1783022725,2026-07-02T20:05:32Z,2026-07-02T20:05:32Z,2026-07-02T20:05:23Z,2.2,https://gbfs.kappa.fifteen.eu/gbfs/2.2/mobi/en/gbfs.json,https://gbfs.kappa.fifteen.eu/gbfs/2.2/mobi/en/free_bike_status.json,2026-07-02T20:05:31Z,2026-07-02T20:05:31Z
mobi_vancouver,mobi_vancouver_72199073-74fe-4330-9ffc-f8f532ec8c5e,72199073-74fe-4330-9ffc-f8f532ec8c5e,49.297933,-123.130758,2,FALSE,FALSE,40000,0209,1783022725,2026-07-02T20:05:32Z,2026-07-02T20:05:32Z,2026-07-02T20:05:23Z,2.2,https://gbfs.kappa.fifteen.eu/gbfs/2.2/mobi/en/gbfs.json,https://gbfs.kappa.fifteen.eu/gbfs/2.2/mobi/en/free_bike_status.json,2026-07-02T20:05:31Z,2026-07-02T20:05:31Z
mobi_vancouver,mobi_vancouver_830c6643-fdbb-4be8-af46-6f547438eb51,830c6643-fdbb-4be8-af46-6f547438eb51,49.297933,-123.130758,2,FALSE,FALSE,40000,0209,1783022725,2026-07-02T20:05:32Z,2026-07-02T20:05:32Z,2026-07-02T20:05:23Z,2.2,https://gbfs.kappa.fifteen.eu/gbfs/2.2/mobi/en/gbfs.json,https://gbfs.kappa.fifteen.eu/gbfs/2.2/mobi/en/free_bike_status.json,2026-07-02T20:05:31Z,2026-07-02T20:05:31Z
mobi_vancouver,mobi_vancouver_c58c86bf-e472-4bd3-b80b-29e3730adc6f,c58c86bf-e472-4bd3-b80b-29e3730adc6f,49.297933,-123.130758,2,FALSE,FALSE,40000,0209,1783022725,2026-07-02T20:05:32Z,2026-07-02T20:05:32Z,2026-07-02T20:05:23Z,2.2,https://gbfs.kappa.fifteen.eu/gbfs/2.2/mobi/en/gbfs.json,https://gbfs.kappa.fifteen.eu/gbfs/2.2/mobi/en/free_bike_status.json,2026-07-02T20:05:31Z,2026-07-02T20:05:31Z
mobi_vancouver,mobi_vancouver_85ca7833-38f9-477a-995b-517fe5fff1b8,85ca7833-38f9-477a-995b-517fe5fff1b8,49.297933,-123.130758,2,FALSE,FALSE,40000,0209,1783022725,2026-07-02T20:05:32Z,2026-07-02T20:05:32Z,2026-07-02T20:05:23Z,2.2,https://gbfs.kappa.fifteen.eu/gbfs/2.2/mobi/en/gbfs.json,https://gbfs.kappa.fifteen.eu/gbfs/2.2/mobi/en/free_bike_status.json,2026-07-02T20:05:31Z,2026-07-02T20:05:31Z
mobi_vancouver,mobi_vancouver_4075b4d6-81d6-429a-9ebf-385a98bd74cf,4075b4d6-81d6-429a-9ebf-385a98bd74cf,49.297933,-123.130758,2,FALSE,FALSE,40000,0209,1783022725,2026-07-02T20:05:32Z,2026-07-02T20:05:32Z,2026-07-02T20:05:23Z,2.2,https://gbfs.kappa.fifteen.eu/gbfs/2.2/mobi/en/gbfs.json,https://gbfs.kappa.fifteen.eu/gbfs/2.2/mobi/en/free_bike_status.json,2026-07-02T20:05:31Z,2026-07-02T20:05:31Z
mobi_vancouver,mobi_vancouver_04324861-f0e2-4bab-8809-000adc1641ed,04324861-f0e2-4bab-8809-000adc1641ed,49.297933,-123.130758,2,FALSE,FALSE,40000,0209,1783022725,2026-07-02T20:05:32Z,2026-07-02T20:05:32Z,2026-07-02T20:05:23Z,2.2,https://gbfs.kappa.fifteen.eu/gbfs/2.2/mobi/en/gbfs.json,https://gbfs.kappa.fifteen.eu/gbfs/2.2/mobi/en/free_bike_status.json,2026-07-02T20:05:31Z,2026-07-02T20:05:31Z
mobi_vancouver,mobi_vancouver_1a84c38f-b5d7-4f7e-92ef-676ea7724388,1a84c38f-b5d7-4f7e-92ef-676ea7724388,49.297933,-123.130758,2,FALSE,FALSE,40000,0209,1783022725,2026-07-02T20:05:32Z,2026-07-02T20:05:32Z,2026-07-02T20:05:23Z,2.2,https://gbfs.kappa.fifteen.eu/gbfs/2.2/mobi/en/gbfs.json,https://gbfs.kappa.fifteen.eu/gbfs/2.2/mobi/en/free_bike_status.json,2026-07-02T20:05:31Z,2026-07-02T20:05:31Z
mobi_vancouver,mobi_vancouver_f4dbed96-4af8-4be8-bfc9-e68dd5f776f6,f4dbed96-4af8-4be8-bfc9-e68dd5f776f6,49.297933,-123.130758,2,FALSE,FALSE,40000,0209,1783022725,2026-07-02T20:05:32Z,2026-07-02T20:05:32Z,2026-07-02T20:05:23Z,2.2,https://gbfs.kappa.fifteen.eu/gbfs/2.2/mobi/en/gbfs.json,https://gbfs.kappa.fifteen.eu/gbfs/2.2/mobi/en/free_bike_status.json,2026-07-02T20:05:31Z,2026-07-02T20:05:31Z
mobi_vancouver,mobi_vancouver_3a5bb001-a34c-41c6-9983-d56efd6f38db,3a5bb001-a34c-41c6-9983-d56efd6f38db,49.297933,-123.130758,2,FALSE,FALSE,40000,0209,1783022725,2026-07-02T20:05:32Z,2026-07-02T20:05:32Z,2026-07-02T20:05:23Z,2.2,https://gbfs.kappa.fifteen.eu/gbfs/2.2/mobi/en/gbfs.json,https://gbfs.kappa.fifteen.eu/gbfs/2.2/mobi/en/free_bike_status.json,2026-07-02T20:05:31Z,2026-07-02T20:05:31Z
mobi_vancouver,mobi_vancouver_e93ff5fc-2864-44fe-ab9c-f072e90cbefd,e93ff5fc-2864-44fe-ab9c-f072e90cbefd,49.297933,-123.130758,2,FALSE,FALSE,40000,0209,1783022725,2026-07-02T20:05:32Z,2026-07-02T20:05:32Z,2026-07-02T20:05:23Z,2.2,https://gbfs.kappa.fifteen.eu/gbfs/2.2/mobi/en/gbfs.json,https://gbfs.kappa.fifteen.eu/gbfs/2.2/mobi/en/free_bike_status.json,2026-07-02T20:05:31Z,2026-07-02T20:05:31Z
mobi_vancouver,mobi_vancouver_c1c20ab8-ecb1-4897-bb33-22dc89a1dc0e,c1c20ab8-ecb1-4897-bb33-22dc89a1dc0e,49.297955,-123.130607,2,FALSE,FALSE,40000,0209,1783022725,2026-07-02T20:05:32Z,2026-07-02T20:05:32Z,2026-07-02T20:05:23Z,2.2,https://gbfs.kappa.fifteen.eu/gbfs/2.2/mobi/en/gbfs.json,https://gbfs.kappa.fifteen.eu/gbfs/2.2/mobi/en/free_bike_status.json,2026-07-02T20:05:31Z,2026-07-02T20:05:31Z
mobi_vancouver,mobi_vancouver_e50777f0-0c14-4089-99ba-27d2a9ff3783,e50777f0-0c14-4089-99ba-27d2a9ff3783,49.297933,-123.130758,2,FALSE,FALSE,40000,0209,1783022725,2026-07-02T20:05:32Z,2026-07-02T20:05:32Z,2026-07-02T20:05:23Z,2.2,https://gbfs.kappa.fifteen.eu/gbfs/2.2/mobi/en/gbfs.json,https://gbfs.kappa.fifteen.eu/gbfs/2.2/mobi/en/free_bike_status.json,2026-07-02T20:05:31Z,2026-07-02T20:05:31Z
mobi_vancouver,mobi_vancouver_f499451b-4390-4473-9b84-ba21ae678bbb,f499451b-4390-4473-9b84-ba21ae678bbb,49.297933,-123.130758,2,FALSE,FALSE,40000,0209,1783022725,2026-07-02T20:05:32Z,2026-07-02T20:05:32Z,2026-07-02T20:05:23Z,2.2,https://gbfs.kappa.fifteen.eu/gbfs/2.2/mobi/en/gbfs.json,https://gbfs.kappa.fifteen.eu/gbfs/2.2/mobi/en/free_bike_status.json,2026-07-02T20:05:31Z,2026-07-02T20:05:31Z
mobi_vancouver,mobi_vancouver_4e1f5960-2823-40e1-adfe-8be2dfaa0f04,4e1f5960-2823-40e1-adfe-8be2dfaa0f04,49.283749,-123.136133,2,FALSE,FALSE,40000,0087,1783022725,2026-07-02T20:05:32Z,2026-07-02T20:05:32Z,2026-07-02T20:05:23Z,2.2,https://gbfs.kappa.fifteen.eu/gbfs/2.2/mobi/en/gbfs.json,https://gbfs.kappa.fifteen.eu/gbfs/2.2/mobi/en/free_bike_status.json,2026-07-02T20:05:31Z,2026-07-02T20:05:31Z
mobi_vancouver,mobi_vancouver_09f89575-f17f-4ead-b196-70a9ec227e06,09f89575-f17f-4ead-b196-70a9ec227e06,49.283749,-123.136133,2,FALSE,FALSE,40000,0087,1783022725,2026-07-02T20:05:32Z,2026-07-02T20:05:32Z,2026-07-02T20:05:23Z,2.2,https://gbfs.kappa.fifteen.eu/gbfs/2.2/mobi/en/gbfs.json,https://gbfs.kappa.fifteen.eu/gbfs/2.2/mobi/en/free_bike_status.json,2026-07-02T20:05:31Z,2026-07-02T20:05:31Z
mobi_vancouver,mobi_vancouver_46cdb3fd-5a3e-4e5b-9067-289d22868751,46cdb3fd-5a3e-4e5b-9067-289d22868751,49.283749,-123.136133,2,FALSE,FALSE,40000,0087,1783022725,2026-07-02T20:05:32Z,2026-07-02T20:05:32Z,2026-07-02T20:05:23Z,2.2,https://gbfs.kappa.fifteen.eu/gbfs/2.2/mobi/en/gbfs.json,https://gbfs.kappa.fifteen.eu/gbfs/2.2/mobi/en/free_bike_status.json,2026-07-02T20:05:31Z,2026-07-02T20:05:31Z
mobi_vancouver,mobi_vancouver_fb99e820-0231-40e0-98d2-f2616fffcace,fb99e820-0231-40e0-98d2-f2616fffcace,49.283749,-123.136133,2,FALSE,FALSE,40000,0087,1783022725,2026-07-02T20:05:32Z,2026-07-02T20:05:32Z,2026-07-02T20:05:23Z,2.2,https://gbfs.kappa.fifteen.eu/gbfs/2.2/mobi/en/gbfs.json,https://gbfs.kappa.fifteen.eu/gbfs/2.2/mobi/en/free_bike_status.json,2026-07-02T20:05:31Z,2026-07-02T20:05:31Z
mobi_vancouver,mobi_vancouver_69c25eeb-b512-424e-8659-ddf49efe1547,69c25eeb-b512-424e-8659-ddf49efe1547,49.283749,-123.136133,2,FALSE,FALSE,40000,0087,1783022725,2026-07-02T20:05:32Z,2026-07-02T20:05:32Z,2026-07-02T20:05:23Z,2.2,https://gbfs.kappa.fifteen.eu/gbfs/2.2/mobi/en/gbfs.json,https://gbfs.kappa.fifteen.eu/gbfs/2.2/mobi/en/free_bike_status.json,2026-07-02T20:05:31Z,2026-07-02T20:05:31Z
mobi_vancouver,mobi_vancouver_babf76c3-7335-4507-bb19-d6e4296f3d2b,babf76c3-7335-4507-bb19-d6e4296f3d2b,49.283749,-123.136133,2,FALSE,FALSE,40000,0087,1783022725,2026-07-02T20:05:32Z,2026-07-02T20:05:32Z,2026-07-02T20:05:23Z,2.2,https://gbfs.kappa.fifteen.eu/gbfs/2.2/mobi/en/gbfs.json,https://gbfs.kappa.fifteen.eu/gbfs/2.2/mobi/en/free_bike_status.json,2026-07-02T20:05:31Z,2026-07-02T20:05:31Z
mobi_vancouver,mobi_vancouver_07b0d878-532c-4388-acee-97db2640e396,07b0d878-532c-4388-acee-97db2640e396,49.283749,-123.136133,2,FALSE,FALSE,40000,0087,1783022725,2026-07-02T20:05:32Z,2026-07-02T20:05:32Z,2026-07-02T20:05:23Z,2.2,https://gbfs.kappa.fifteen.eu/gbfs/2.2/mobi/en/gbfs.json,https://gbfs.kappa.fifteen.eu/gbfs/2.2/mobi/en/free_bike_status.json,2026-07-02T20:05:31Z,2026-07-02T20:05:31Z
mobi_vancouver,mobi_vancouver_10ed847d-3373-4435-95bb-a88ce5d6db6e,10ed847d-3373-4435-95bb-a88ce5d6db6e,49.283749,-123.136133,2,FALSE,FALSE,40000,0087,1783022725,2026-07-02T20:05:32Z,2026-07-02T20:05:32Z,2026-07-02T20:05:23Z,2.2,https://gbfs.kappa.fifteen.eu/gbfs/2.2/mobi/en/gbfs.json,https://gbfs.kappa.fifteen.eu/gbfs/2.2/mobi/en/free_bike_status.json,2026-07-02T20:05:31Z,2026-07-02T20:05:31Z
mobi_vancouver,mobi_vancouver_82205850-fa8c-447f-b699-e216f55991db,82205850-fa8c-447f-b699-e216f55991db,49.283749,-123.136133,2,FALSE,FALSE,40000,0087,1783022725,2026-07-02T20:05:32Z,2026-07-02T20:05:32Z,2026-07-02T20:05:23Z,2.2,https://gbfs.kappa.fifteen.eu/gbfs/2.2/mobi/en/gbfs.json,https://gbfs.kappa.fifteen.eu/gbfs/2.2/mobi/en/free_bike_status.json,2026-07-02T20:05:31Z,2026-07-02T20:05:31Z
mobi_vancouver,mobi_vancouver_4282a942-eedd-4ab3-983b-d97e2d52b0b6,4282a942-eedd-4ab3-983b-d97e2d52b0b6,49.283749,-123.136133,2,FALSE,FALSE,40000,0087,1783022725,2026-07-02T20:05:32Z,2026-07-02T20:05:32Z,2026-07-02T20:05:23Z,2.2,https://gbfs.kappa.fifteen.eu/gbfs/2.2/mobi/en/gbfs.json,https://gbfs.kappa.fifteen.eu/gbfs/2.2/mobi/en/free_bike_status.json,2026-07-02T20:05:31Z,2026-07-02T20:05:31Z
mobi_vancouver,mobi_vancouver_f6bf59aa-1e40-4f20-8fed-39ffdf3b03e1,f6bf59aa-1e40-4f20-8fed-39ffdf3b03e1,49.283749,-123.136133,2,FALSE,FALSE,40000,0087,1783022725,2026-07-02T20:05:32Z,2026-07-02T20:05:32Z,2026-07-02T20:05:23Z,2.2,https://gbfs.kappa.fifteen.eu/gbfs/2.2/mobi/en/gbfs.json,https://gbfs.kappa.fifteen.eu/gbfs/2.2/mobi/en/free_bike_status.json,2026-07-02T20:05:31Z,2026-07-02T20:05:31Z
mobi_vancouver,mobi_vancouver_5a5b9054-7c34-4370-835f-006be24450b0,5a5b9054-7c34-4370-835f-006be24450b0,49.283749,-123.136133,2,FALSE,FALSE,40000,0087,1783022725,2026-07-02T20:05:32Z,2026-07-02T20:05:32Z,2026-07-02T20:05:23Z,2.2,https://gbfs.kappa.fifteen.eu/gbfs/2.2/mobi/en/gbfs.json,https://gbfs.kappa.fifteen.eu/gbfs/2.2/mobi/en/free_bike_status.json,2026-07-02T20:05:31Z,2026-07-02T20:05:31Z
mobi_vancouver,mobi_vancouver_33554624-7eb8-459f-a5c6-62107832c9db,33554624-7eb8-459f-a5c6-62107832c9db,49.283749,-123.136133,2,FALSE,FALSE,40000,0087,1783022725,2026-07-02T20:05:32Z,2026-07-02T20:05:32Z,2026-07-02T20:05:23Z,2.2,https://gbfs.kappa.fifteen.eu/gbfs/2.2/mobi/en/gbfs.json,https://gbfs.kappa.fifteen.eu/gbfs/2.2/mobi/en/free_bike_status.json,2026-07-02T20:05:31Z,2026-07-02T20:05:31Z
mobi_vancouver,mobi_vancouver_6d6d29be-b6a6-4d59-9e36-e2bc1ecf329b,6d6d29be-b6a6-4d59-9e36-e2bc1ecf329b,49.283749,-123.136133,2,FALSE,FALSE,40000,0087,1783022725,2026-07-02T20:05:32Z,2026-07-02T20:05:32Z,2026-07-02T20:05:23Z,2.2,https://gbfs.kappa.fifteen.eu/gbfs/2.2/mobi/en/gbfs.json,https://gbfs.kappa.fifteen.eu/gbfs/2.2/mobi/en/free_bike_status.json,2026-07-02T20:05:31Z,2026-07-02T20:05:31Z
mobi_vancouver,mobi_vancouver_49964c39-94fd-455a-879f-70891d62502b,49964c39-94fd-455a-879f-70891d62502b,49.283227,-123.120523,2,FALSE,FALSE,40000,0099,1783022725,2026-07-02T20:05:32Z,2026-07-02T20:05:32Z,2026-07-02T20:05:23Z,2.2,https://gbfs.kappa.fifteen.eu/gbfs/2.2/mobi/en/gbfs.json,https://gbfs.kappa.fifteen.eu/gbfs/2.2/mobi/en/free_bike_status.json,2026-07-02T20:05:31Z,2026-07-02T20:05:31Z
mobi_vancouver,mobi_vancouver_ee3a565f-f30e-4d8e-a88e-6818787b84e2,ee3a565f-f30e-4d8e-a88e-6818787b84e2,49.283227,-123.120523,2,FALSE,FALSE,40000,0099,1783022725,2026-07-02T20:05:32Z,2026-07-02T20:05:32Z,2026-07-02T20:05:23Z,2.2,https://gbfs.kappa.fifteen.eu/gbfs/2.2/mobi/en/gbfs.json,https://gbfs.kappa.fifteen.eu/gbfs/2.2/mobi/en/free_bike_status.json,2026-07-02T20:05:31Z,2026-07-02T20:05:31Z
mobi_vancouver,mobi_vancouver_4eda2aa7-de01-4fcc-ab04-9689327ba477,4eda2aa7-de01-4fcc-ab04-9689327ba477,49.283227,-123.120523,2,FALSE,FALSE,40000,0099,1783022725,2026-07-02T20:05:32Z,2026-07-02T20:05:32Z,2026-07-02T20:05:23Z,2.2,https://gbfs.kappa.fifteen.eu/gbfs/2.2/mobi/en/gbfs.json,https://gbfs.kappa.fifteen.eu/gbfs/2.2/mobi/en/free_bike_status.json,2026-07-02T20:05:31Z,2026-07-02T20:05:31Z
mobi_vancouver,mobi_vancouver_d9807dbb-c72d-48ad-bc77-5b5ab9a5da55,d9807dbb-c72d-48ad-bc77-5b5ab9a5da55,0,0,2,FALSE,FALSE,40000,0248,1783022725,2026-07-02T20:05:32Z,2026-07-02T20:05:32Z,2026-07-02T20:05:23Z,2.2,https://gbfs.kappa.fifteen.eu/gbfs/2.2/mobi/en/gbfs.json,https://gbfs.kappa.fifteen.eu/gbfs/2.2/mobi/en/free_bike_status.json,2026-07-02T20:05:31Z,2026-07-02T20:05:31Z
mobi_vancouver,mobi_vancouver_5e942fb0-b775-49bb-b438-86afd6dc791e,5e942fb0-b775-49bb-b438-86afd6dc791e,49.265005,-123.079481,2,FALSE,FALSE,40000,0236,1783022725,2026-07-02T20:05:32Z,2026-07-02T20:05:32Z,2026-07-02T20:05:23Z,2.2,https://gbfs.kappa.fifteen.eu/gbfs/2.2/mobi/en/gbfs.json,https://gbfs.kappa.fifteen.eu/gbfs/2.2/mobi/en/free_bike_status.json,2026-07-02T20:05:31Z,2026-07-02T20:05:31Z
mobi_vancouver,mobi_vancouver_fa0154d3-6f54-4719-b95d-97d5d1f1f0d4,fa0154d3-6f54-4719-b95d-97d5d1f1f0d4,49.261403,-123.070102,2,FALSE,FALSE,40000,0244,1783022725,2026-07-02T20:05:32Z,2026-07-02T20:05:32Z,2026-07-02T20:05:23Z,2.2,https://gbfs.kappa.fifteen.eu/gbfs/2.2/mobi/en/gbfs.json,https://gbfs.kappa.fifteen.eu/gbfs/2.2/mobi/en/free_bike_status.json,2026-07-02T20:05:31Z,2026-07-02T20:05:31Z
mobi_vancouver,mobi_vancouver_8d6fd7d1-ad3d-4108-b1f3-810f2738a5b7,8d6fd7d1-ad3d-4108-b1f3-810f2738a5b7,49.261403,-123.070102,2,FALSE,FALSE,40000,0244,1783022725,2026-07-02T20:05:32Z,2026-07-02T20:05:32Z,2026-07-02T20:05:23Z,2.2,https://gbfs.kappa.fifteen.eu/gbfs/2.2/mobi/en/gbfs.json,https://gbfs.kappa.fifteen.eu/gbfs/2.2/mobi/en/free_bike_status.json,2026-07-02T20:05:31Z,2026-07-02T20:05:31Z
mobi_vancouver,mobi_vancouver_b0742d5f-0ee8-45a0-aea0-7f9b0fa96534,b0742d5f-0ee8-45a0-aea0-7f9b0fa96534,49.261403,-123.070102,2,FALSE,FALSE,40000,0244,1783022725,2026-07-02T20:05:32Z,2026-07-02T20:05:32Z,2026-07-02T20:05:23Z,2.2,https://gbfs.kappa.fifteen.eu/gbfs/2.2/mobi/en/gbfs.json,https://gbfs.kappa.fifteen.eu/gbfs/2.2/mobi/en/free_bike_status.json,2026-07-02T20:05:31Z,2026-07-02T20:05:31Z
mobi_vancouver,mobi_vancouver_23e8f76f-4bc0-4c25-bce1-7b4eab484841,23e8f76f-4bc0-4c25-bce1-7b4eab484841,49.261403,-123.070102,2,FALSE,FALSE,40000,0244,1783022725,2026-07-02T20:05:32Z,2026-07-02T20:05:32Z,2026-07-02T20:05:23Z,2.2,https://gbfs.kappa.fifteen.eu/gbfs/2.2/mobi/en/gbfs.json,https://gbfs.kappa.fifteen.eu/gbfs/2.2/mobi/en/free_bike_status.json,2026-07-02T20:05:31Z,2026-07-02T20:05:31Z
mobi_vancouver,mobi_vancouver_2296820a-2441-49d9-9fb8-ed9b502b8fbd,2296820a-2441-49d9-9fb8-ed9b502b8fbd,49.261403,-123.070102,2,FALSE,FALSE,40000,0244,1783022725,2026-07-02T20:05:32Z,2026-07-02T20:05:32Z,2026-07-02T20:05:23Z,2.2,https://gbfs.kappa.fifteen.eu/gbfs/2.2/mobi/en/gbfs.json,https://gbfs.kappa.fifteen.eu/gbfs/2.2/mobi/en/free_bike_status.json,2026-07-02T20:05:31Z,2026-07-02T20:05:31Z
mobi_vancouver,mobi_vancouver_42c0692c-aa4a-403a-9887-63b862e80f84,42c0692c-aa4a-403a-9887-63b862e80f84,49.271377,-123.069416,2,FALSE,FALSE,40000,0239,1783022725,2026-07-02T20:05:32Z,2026-07-02T20:05:32Z,2026-07-02T20:05:23Z,2.2,https://gbfs.kappa.fifteen.eu/gbfs/2.2/mobi/en/gbfs.json,https://gbfs.kappa.fifteen.eu/gbfs/2.2/mobi/en/free_bike_status.json,2026-07-02T20:05:31Z,2026-07-02T20:05:31Z
mobi_vancouver,mobi_vancouver_31c8ea3c-bdd4-45d4-b566-dec529a43376,31c8ea3c-bdd4-45d4-b566-dec529a43376,49.277469,-123.081315,2,FALSE,FALSE,40000,0221,1783022725,2026-07-02T20:05:32Z,2026-07-02T20:05:32Z,2026-07-02T20:05:23Z,2.2,https://gbfs.kappa.fifteen.eu/gbfs/2.2/mobi/en/gbfs.json,https://gbfs.kappa.fifteen.eu/gbfs/2.2/mobi/en/free_bike_status.json,2026-07-02T20:05:31Z,2026-07-02T20:05:31Z
mobi_vancouver,mobi_vancouver_187e2bd8-e76d-401d-a8a4-2947944648e8,187e2bd8-e76d-401d-a8a4-2947944648e8,49.28567,-123.112543,2,FALSE,FALSE,40000,0021,1783022725,2026-07-02T20:05:32Z,2026-07-02T20:05:32Z,2026-07-02T20:05:23Z,2.2,https://gbfs.kappa.fifteen.eu/gbfs/2.2/mobi/en/gbfs.json,https://gbfs.kappa.fifteen.eu/gbfs/2.2/mobi/en/free_bike_status.json,2026-07-02T20:05:31Z,2026-07-02T20:05:31Z
mobi_vancouver,mobi_vancouver_69e25d5c-91d6-4dd3-b0d1-1f11eb111bb5,69e25d5c-91d6-4dd3-b0d1-1f11eb111bb5,49.28567,-123.112543,2,FALSE,FALSE,40000,0021,1783022725,2026-07-02T20:05:32Z,2026-07-02T20:05:32Z,2026-07-02T20:05:23Z,2.2,https://gbfs.kappa.fifteen.eu/gbfs/2.2/mobi/en/gbfs.json,https://gbfs.kappa.fifteen.eu/gbfs/2.2/mobi/en/free_bike_status.json,2026-07-02T20:05:31Z,2026-07-02T20:05:31Z
mobi_vancouver,mobi_vancouver_f1612c01-e255-41d4-a64e-5f1187a8dee4,f1612c01-e255-41d4-a64e-5f1187a8dee4,49.28567,-123.112543,2,FALSE,FALSE,40000,0021,1783022725,2026-07-02T20:05:32Z,2026-07-02T20:05:32Z,2026-07-02T20:05:23Z,2.2,https://gbfs.kappa.fifteen.eu/gbfs/2.2/mobi/en/gbfs.json,https://gbfs.kappa.fifteen.eu/gbfs/2.2/mobi/en/free_bike_status.json,2026-07-02T20:05:31Z,2026-07-02T20:05:31Z
mobi_vancouver,mobi_vancouver_c776305d-4deb-408e-948c-a2386051b6da,c776305d-4deb-408e-948c-a2386051b6da,49.280852,-123.084746,2,FALSE,FALSE,40000,0227,1783022725,2026-07-02T20:05:32Z,2026-07-02T20:05:32Z,2026-07-02T20:05:23Z,2.2,https://gbfs.kappa.fifteen.eu/gbfs/2.2/mobi/en/gbfs.json,https://gbfs.kappa.fifteen.eu/gbfs/2.2/mobi/en/free_bike_status.json,2026-07-02T20:05:31Z,2026-07-02T20:05:31Z
mobi_vancouver,mobi_vancouver_e4e748a8-a8ed-40ef-afcf-1ba0d36bc8ee,e4e748a8-a8ed-40ef-afcf-1ba0d36bc8ee,49.256496,-123.075426,2,FALSE,FALSE,40000,0283,1783022725,2026-07-02T20:05:32Z,2026-07-02T20:05:32Z,2026-07-02T20:05:23Z,2.2,https://gbfs.kappa.fifteen.eu/gbfs/2.2/mobi/en/gbfs.json,https://gbfs.kappa.fifteen.eu/gbfs/2.2/mobi/en/free_bike_status.json,2026-07-02T20:05:31Z,2026-07-02T20:05:31Z
mobi_vancouver,mobi_vancouver_44a85ac2-48cc-4756-9f3f-fd2ca3b8a233,44a85ac2-48cc-4756-9f3f-fd2ca3b8a233,49.28763,-123.127245,2,FALSE,FALSE,40000,0207,1783022725,2026-07-02T20:05:32Z,2026-07-02T20:05:32Z,2026-07-02T20:05:23Z,2.2,https://gbfs.kappa.fifteen.eu/gbfs/2.2/mobi/en/gbfs.json,https://gbfs.kappa.fifteen.eu/gbfs/2.2/mobi/en/free_bike_status.json,2026-07-02T20:05:31Z,2026-07-02T20:05:31Z
mobi_vancouver,mobi_vancouver_988901ee-f43b-41a3-a875-243b5c6ba24d,988901ee-f43b-41a3-a875-243b5c6ba24d,49.254667,-123.101389,2,FALSE,FALSE,40000,0255,1783022725,2026-07-02T20:05:32Z,2026-07-02T20:05:32Z,2026-07-02T20:05:23Z,2.2,https://gbfs.kappa.fifteen.eu/gbfs/2.2/mobi/en/gbfs.json,https://gbfs.kappa.fifteen.eu/gbfs/2.2/mobi/en/free_bike_status.json,2026-07-02T20:05:31Z,2026-07-02T20:05:31Z
mobi_vancouver,mobi_vancouver_fa79a93c-d4ec-42af-8bc6-a6c4582e183e,fa79a93c-d4ec-42af-8bc6-a6c4582e183e,49.280881,-123.130672,2,FALSE,FALSE,40000,0126,1783022725,2026-07-02T20:05:32Z,2026-07-02T20:05:32Z,2026-07-02T20:05:23Z,2.2,https://gbfs.kappa.fifteen.eu/gbfs/2.2/mobi/en/gbfs.json,https://gbfs.kappa.fifteen.eu/gbfs/2.2/mobi/en/free_bike_status.json,2026-07-02T20:05:31Z,2026-07-02T20:05:31Z
mobi_vancouver,mobi_vancouver_f37a2023-68cf-4784-93b9-85267e1c13da,f37a2023-68cf-4784-93b9-85267e1c13da,49.261122,-123.097571,2,FALSE,FALSE,40000,0179,1783022725,2026-07-02T20:05:32Z,2026-07-02T20:05:32Z,2026-07-02T20:05:23Z,2.2,https://gbfs.kappa.fifteen.eu/gbfs/2.2/mobi/en/gbfs.json,https://gbfs.kappa.fifteen.eu/gbfs/2.2/mobi/en/free_bike_status.json,2026-07-02T20:05:31Z,2026-07-02T20:05:31Z
mobi_vancouver,mobi_vancouver_149a1214-163f-48c6-8b45-cb881a8ef3f4,149a1214-163f-48c6-8b45-cb881a8ef3f4,49.261122,-123.097571,2,FALSE,FALSE,40000,0179,1783022725,2026-07-02T20:05:32Z,2026-07-02T20:05:32Z,2026-07-02T20:05:23Z,2.2,https://gbfs.kappa.fifteen.eu/gbfs/2.2/mobi/en/gbfs.json,https://gbfs.kappa.fifteen.eu/gbfs/2.2/mobi/en/free_bike_status.json,2026-07-02T20:05:31Z,2026-07-02T20:05:31Z
mobi_vancouver,mobi_vancouver_130b2132-8765-442f-9aa2-d9c6480dc2a7,130b2132-8765-442f-9aa2-d9c6480dc2a7,49.261122,-123.097571,2,FALSE,FALSE,40000,0179,1783022725,2026-07-02T20:05:32Z,2026-07-02T20:05:32Z,2026-07-02T20:05:23Z,2.2,https://gbfs.kappa.fifteen.eu/gbfs/2.2/mobi/en/gbfs.json,https://gbfs.kappa.fifteen.eu/gbfs/2.2/mobi/en/free_bike_status.json,2026-07-02T20:05:31Z,2026-07-02T20:05:31Z
mobi_vancouver,mobi_vancouver_6557f982-1068-4b92-9bbf-42a5a1eb5644,6557f982-1068-4b92-9bbf-42a5a1eb5644,49.277615,-123.091654,2,FALSE,FALSE,40000,0215,1783022725,2026-07-02T20:05:32Z,2026-07-02T20:05:32Z,2026-07-02T20:05:23Z,2.2,https://gbfs.kappa.fifteen.eu/gbfs/2.2/mobi/en/gbfs.json,https://gbfs.kappa.fifteen.eu/gbfs/2.2/mobi/en/free_bike_status.json,2026-07-02T20:05:31Z,2026-07-02T20:05:31Z
mobi_vancouver,mobi_vancouver_cbbb5fe7-85d7-410a-aa42-d9daa693e7bf,cbbb5fe7-85d7-410a-aa42-d9daa693e7bf,49.277615,-123.091654,2,FALSE,FALSE,40000,0215,1783022725,2026-07-02T20:05:32Z,2026-07-02T20:05:32Z,2026-07-02T20:05:23Z,2.2,https://gbfs.kappa.fifteen.eu/gbfs/2.2/mobi/en/gbfs.json,https://gbfs.kappa.fifteen.eu/gbfs/2.2/mobi/en/free_bike_status.json,2026-07-02T20:05:31Z,2026-07-02T20:05:31Z
mobi_vancouver,mobi_vancouver_cdfccdc4-9399-4ca9-b2d4-8393bd455b46,cdfccdc4-9399-4ca9-b2d4-8393bd455b46,49.282503,-123.124697,2,FALSE,FALSE,40000,0217,1783022725,2026-07-02T20:05:32Z,2026-07-02T20:05:32Z,2026-07-02T20:05:23Z,2.2,https://gbfs.kappa.fifteen.eu/gbfs/2.2/mobi/en/gbfs.json,https://gbfs.kappa.fifteen.eu/gbfs/2.2/mobi/en/free_bike_status.json,2026-07-02T20:05:31Z,2026-07-02T20:05:31Z
mobi_vancouver,mobi_vancouver_29f24dff-f10a-4e35-8977-779a5a6483ec,29f24dff-f10a-4e35-8977-779a5a6483ec,49.282503,-123.124697,2,FALSE,FALSE,40000,0217,1783022725,2026-07-02T20:05:32Z,2026-07-02T20:05:32Z,2026-07-02T20:05:23Z,2.2,https://gbfs.kappa.fifteen.eu/gbfs/2.2/mobi/en/gbfs.json,https://gbfs.kappa.fifteen.eu/gbfs/2.2/mobi/en/free_bike_status.json,2026-07-02T20:05:31Z,2026-07-02T20:05:31Z
mobi_vancouver,mobi_vancouver_adac7836-43fa-4aef-8527-41efcb36e7ce,adac7836-43fa-4aef-8527-41efcb36e7ce,49.254818,-123.114785,2,FALSE,FALSE,40000,0531,1783022725,2026-07-02T20:05:32Z,2026-07-02T20:05:32Z,2026-07-02T20:05:23Z,2.2,https://gbfs.kappa.fifteen.eu/gbfs/2.2/mobi/en/gbfs.json,https://gbfs.kappa.fifteen.eu/gbfs/2.2/mobi/en/free_bike_status.json,2026-07-02T20:05:31Z,2026-07-02T20:05:31Z
mobi_vancouver,mobi_vancouver_aaa56851-884f-4f29-8599-a7af77ade3df,aaa56851-884f-4f29-8599-a7af77ade3df,49.249184,-123.116141,2,FALSE,FALSE,40000,0524,1783022725,2026-07-02T20:05:32Z,2026-07-02T20:05:32Z,2026-07-02T20:05:23Z,2.2,https://gbfs.kappa.fifteen.eu/gbfs/2.2/mobi/en/gbfs.json,https://gbfs.kappa.fifteen.eu/gbfs/2.2/mobi/en/free_bike_status.json,2026-07-02T20:05:31Z,2026-07-02T20:05:31Z
mobi_vancouver,mobi_vancouver_d56a1802-04f5-4c65-bcd4-360d6bfb1188,d56a1802-04f5-4c65-bcd4-360d6bfb1188,49.249184,-123.116141,2,FALSE,FALSE,40000,0524,1783022725,2026-07-02T20:05:32Z,2026-07-02T20:05:32Z,2026-07-02T20:05:23Z,2.2,https://gbfs.kappa.fifteen.eu/gbfs/2.2/mobi/en/gbfs.json,https://gbfs.kappa.fifteen.eu/gbfs/2.2/mobi/en/free_bike_status.json,2026-07-02T20:05:31Z,2026-07-02T20:05:31Z
mobi_vancouver,mobi_vancouver_e3f6f4f0-0631-42db-8a63-868e83ace54a,e3f6f4f0-0631-42db-8a63-868e83ace54a,49.249184,-123.116141,2,FALSE,FALSE,40000,0524,1783022725,2026-07-02T20:05:32Z,2026-07-02T20:05:32Z,2026-07-02T20:05:23Z,2.2,https://gbfs.kappa.fifteen.eu/gbfs/2.2/mobi/en/gbfs.json,https://gbfs.kappa.fifteen.eu/gbfs/2.2/mobi/en/free_bike_status.json,2026-07-02T20:05:31Z,2026-07-02T20:05:31Z
mobi_vancouver,mobi_vancouver_cabefa9e-58fc-45e6-a812-ad7a26875cef,cabefa9e-58fc-45e6-a812-ad7a26875cef,49.249184,-123.116141,2,FALSE,FALSE,40000,0524,1783022725,2026-07-02T20:05:32Z,2026-07-02T20:05:32Z,2026-07-02T20:05:23Z,2.2,https://gbfs.kappa.fifteen.eu/gbfs/2.2/mobi/en/gbfs.json,https://gbfs.kappa.fifteen.eu/gbfs/2.2/mobi/en/free_bike_status.json,2026-07-02T20:05:31Z,2026-07-02T20:05:31Z
mobi_vancouver,mobi_vancouver_10d561c1-7793-4fcf-8249-781c16300442,10d561c1-7793-4fcf-8249-781c16300442,49.249184,-123.116141,2,FALSE,FALSE,40000,0524,1783022725,2026-07-02T20:05:32Z,2026-07-02T20:05:32Z,2026-07-02T20:05:23Z,2.2,https://gbfs.kappa.fifteen.eu/gbfs/2.2/mobi/en/gbfs.json,https://gbfs.kappa.fifteen.eu/gbfs/2.2/mobi/en/free_bike_status.json,2026-07-02T20:05:31Z,2026-07-02T20:05:31Z
mobi_vancouver,mobi_vancouver_4c57c77f-cdec-4820-8fd8-c7da4685aab1,4c57c77f-cdec-4820-8fd8-c7da4685aab1,49.249184,-123.116141,2,FALSE,FALSE,40000,0524,1783022725,2026-07-02T20:05:32Z,2026-07-02T20:05:32Z,2026-07-02T20:05:23Z,2.2,https://gbfs.kappa.fifteen.eu/gbfs/2.2/mobi/en/gbfs.json,https://gbfs.kappa.fifteen.eu/gbfs/2.2/mobi/en/free_bike_status.json,2026-07-02T20:05:31Z,2026-07-02T20:05:31Z
mobi_vancouver,mobi_vancouver_4bc62a44-84cf-4f91-b429-8030b668e65d,4bc62a44-84cf-4f91-b429-8030b668e65d,49.249184,-123.116141,2,FALSE,FALSE,40000,0524,1783022725,2026-07-02T20:05:32Z,2026-07-02T20:05:32Z,2026-07-02T20:05:23Z,2.2,https://gbfs.kappa.fifteen.eu/gbfs/2.2/mobi/en/gbfs.json,https://gbfs.kappa.fifteen.eu/gbfs/2.2/mobi/en/free_bike_status.json,2026-07-02T20:05:31Z,2026-07-02T20:05:31Z
mobi_vancouver,mobi_vancouver_4ea42e0c-b101-487b-b3fb-aa2008dcaf35,4ea42e0c-b101-487b-b3fb-aa2008dcaf35,49.247204,-123.101549,2,FALSE,FALSE,40000,0565,1783022725,2026-07-02T20:05:32Z,2026-07-02T20:05:32Z,2026-07-02T20:05:23Z,2.2,https://gbfs.kappa.fifteen.eu/gbfs/2.2/mobi/en/gbfs.json,https://gbfs.kappa.fifteen.eu/gbfs/2.2/mobi/en/free_bike_status.json,2026-07-02T20:05:31Z,2026-07-02T20:05:31Z
mobi_vancouver,mobi_vancouver_bd8fffd9-3372-468c-9904-d7ffe70f15d5,bd8fffd9-3372-468c-9904-d7ffe70f15d5,49.265442,-123.187738,2,FALSE,FALSE,40000,0403,1783022725,2026-07-02T20:05:32Z,2026-07-02T20:05:32Z,2026-07-02T20:05:23Z,2.2,https://gbfs.kappa.fifteen.eu/gbfs/2.2/mobi/en/gbfs.json,https://gbfs.kappa.fifteen.eu/gbfs/2.2/mobi/en/free_bike_status.json,2026-07-02T20:05:31Z,2026-07-02T20:05:31Z
mobi_vancouver,mobi_vancouver_2375fa41-c2f2-4b00-9152-49c0cf49b1bd,2375fa41-c2f2-4b00-9152-49c0cf49b1bd,49.266579,-123.248549,2,FALSE,FALSE,40000,2143,1783022725,2026-07-02T20:05:32Z,2026-07-02T20:05:32Z,2026-07-02T20:05:23Z,2.2,https://gbfs.kappa.fifteen.eu/gbfs/2.2/mobi/en/gbfs.json,https://gbfs.kappa.fifteen.eu/gbfs/2.2/mobi/en/free_bike_status.json,2026-07-02T20:05:31Z,2026-07-02T20:05:31Z
mobi_vancouver,mobi_vancouver_16b1a238-89b5-4dd4-875d-009940b4870a,16b1a238-89b5-4dd4-875d-009940b4870a,49.266579,-123.248549,2,FALSE,FALSE,40000,2143,1783022725,2026-07-02T20:05:32Z,2026-07-02T20:05:32Z,2026-07-02T20:05:23Z,2.2,https://gbfs.kappa.fifteen.eu/gbfs/2.2/mobi/en/gbfs.json,https://gbfs.kappa.fifteen.eu/gbfs/2.2/mobi/en/free_bike_status.json,2026-07-02T20:05:31Z,2026-07-02T20:05:31Z
mobi_vancouver,mobi_vancouver_3417af6e-d35c-4b98-8928-fea14719699b,3417af6e-d35c-4b98-8928-fea14719699b,49.263073,-123.254307,2,FALSE,FALSE,40000,2114,1783022725,2026-07-02T20:05:32Z,2026-07-02T20:05:32Z,2026-07-02T20:05:23Z,2.2,https://gbfs.kappa.fifteen.eu/gbfs/2.2/mobi/en/gbfs.json,https://gbfs.kappa.fifteen.eu/gbfs/2.2/mobi/en/free_bike_status.json,2026-07-02T20:05:31Z,2026-07-02T20:05:31Z
mobi_vancouver,mobi_vancouver_fc865b53-edcd-4244-b951-2a2205c46cc4,fc865b53-edcd-4244-b951-2a2205c46cc4,49.263073,-123.254307,2,FALSE,FALSE,40000,2114,1783022725,2026-07-02T20:05:32Z,2026-07-02T20:05:32Z,2026-07-02T20:05:23Z,2.2,https://gbfs.kappa.fifteen.eu/gbfs/2.2/mobi/en/gbfs.json,https://gbfs.kappa.fifteen.eu/gbfs/2.2/mobi/en/free_bike_status.json,2026-07-02T20:05:31Z,2026-07-02T20:05:31Z
mobi_vancouver,mobi_vancouver_d6462030-b841-44bf-b81b-c393fad12352,d6462030-b841-44bf-b81b-c393fad12352,49.263073,-123.254307,2,FALSE,FALSE,40000,2114,1783022725,2026-07-02T20:05:32Z,2026-07-02T20:05:32Z,2026-07-02T20:05:23Z,2.2,https://gbfs.kappa.fifteen.eu/gbfs/2.2/mobi/en/gbfs.json,https://gbfs.kappa.fifteen.eu/gbfs/2.2/mobi/en/free_bike_status.json,2026-07-02T20:05:31Z,2026-07-02T20:05:31Z
mobi_vancouver,mobi_vancouver_813be4b1-0ab9-48df-aa09-b6bc047082e2,813be4b1-0ab9-48df-aa09-b6bc047082e2,49.263073,-123.254307,2,FALSE,FALSE,40000,2114,1783022725,2026-07-02T20:05:32Z,2026-07-02T20:05:32Z,2026-07-02T20:05:23Z,2.2,https://gbfs.kappa.fifteen.eu/gbfs/2.2/mobi/en/gbfs.json,https://gbfs.kappa.fifteen.eu/gbfs/2.2/mobi/en/free_bike_status.json,2026-07-02T20:05:31Z,2026-07-02T20:05:31Z
mobi_vancouver,mobi_vancouver_3b7c2f08-4dc0-4403-bf43-9f40278c5cd6,3b7c2f08-4dc0-4403-bf43-9f40278c5cd6,49.25478,-123.23621,2,FALSE,FALSE,40000,2252,1783022725,2026-07-02T20:05:32Z,2026-07-02T20:05:32Z,2026-07-02T20:05:23Z,2.2,https://gbfs.kappa.fifteen.eu/gbfs/2.2/mobi/en/gbfs.json,https://gbfs.kappa.fifteen.eu/gbfs/2.2/mobi/en/free_bike_status.json,2026-07-02T20:05:31Z,2026-07-02T20:05:31Z
mobi_vancouver,mobi_vancouver_0cc97a09-5914-499d-b049-739a3320bab5,0cc97a09-5914-499d-b049-739a3320bab5,49.269172,-123.25279,2,FALSE,FALSE,40000,2131,1783022725,2026-07-02T20:05:32Z,2026-07-02T20:05:32Z,2026-07-02T20:05:23Z,2.2,https://gbfs.kappa.fifteen.eu/gbfs/2.2/mobi/en/gbfs.json,https://gbfs.kappa.fifteen.eu/gbfs/2.2/mobi/en/free_bike_status.json,2026-07-02T20:05:31Z,2026-07-02T20:05:31Z
mobi_vancouver,mobi_vancouver_0acf094f-3bed-4dee-abb4-fb560d33d99e,0acf094f-3bed-4dee-abb4-fb560d33d99e,49.269172,-123.25279,2,FALSE,FALSE,40000,2131,1783022725,2026-07-02T20:05:32Z,2026-07-02T20:05:32Z,2026-07-02T20:05:23Z,2.2,https://gbfs.kappa.fifteen.eu/gbfs/2.2/mobi/en/gbfs.json,https://gbfs.kappa.fifteen.eu/gbfs/2.2/mobi/en/free_bike_status.json,2026-07-02T20:05:31Z,2026-07-02T20:05:31Z
mobi_vancouver,mobi_vancouver_09b40ea5-acd2-4abe-b14a-fe0b35ecb534,09b40ea5-acd2-4abe-b14a-fe0b35ecb534,49.265207,-123.250139,2,FALSE,FALSE,40000,2134,1783022725,2026-07-02T20:05:32Z,2026-07-02T20:05:32Z,2026-07-02T20:05:23Z,2.2,https://gbfs.kappa.fifteen.eu/gbfs/2.2/mobi/en/gbfs.json,https://gbfs.kappa.fifteen.eu/gbfs/2.2/mobi/en/free_bike_status.json,2026-07-02T20:05:31Z,2026-07-02T20:05:31Z
mobi_vancouver,mobi_vancouver_899b1fa5-4aca-4dcf-b09f-a239ef6354df,899b1fa5-4aca-4dcf-b09f-a239ef6354df,49.261736,-123.24648,2,FALSE,FALSE,40000,2136,1783022725,2026-07-02T20:05:32Z,2026-07-02T20:05:32Z,2026-07-02T20:05:23Z,2.2,https://gbfs.kappa.fifteen.eu/gbfs/2.2/mobi/en/gbfs.json,https://gbfs.kappa.fifteen.eu/gbfs/2.2/mobi/en/free_bike_status.json,2026-07-02T20:05:31Z,2026-07-02T20:05:31Z
mobi_vancouver,mobi_vancouver_27cff7ed-718c-405a-a648-0efab5bb5134,27cff7ed-718c-405a-a648-0efab5bb5134,49.261736,-123.24648,2,FALSE,FALSE,40000,2136,1783022725,2026-07-02T20:05:32Z,2026-07-02T20:05:32Z,2026-07-02T20:05:23Z,2.2,https://gbfs.kappa.fifteen.eu/gbfs/2.2/mobi/en/gbfs.json,https://gbfs.kappa.fifteen.eu/gbfs/2.2/mobi/en/free_bike_status.json,2026-07-02T20:05:31Z,2026-07-02T20:05:31Z
mobi_vancouver,mobi_vancouver_f835927c-ffc1-4979-9865-d8b3527d8ffd,f835927c-ffc1-4979-9865-d8b3527d8ffd,49.25478,-123.23621,2,FALSE,FALSE,40000,2136,1783022725,2026-07-02T20:05:32Z,2026-07-02T20:05:32Z,2026-07-02T20:05:23Z,2.2,https://gbfs.kappa.fifteen.eu/gbfs/2.2/mobi/en/gbfs.json,https://gbfs.kappa.fifteen.eu/gbfs/2.2/mobi/en/free_bike_status.json,2026-07-02T20:05:31Z,2026-07-02T20:05:31Z
mobi_vancouver,mobi_vancouver_3a292f1e-78e3-424b-a104-0680630cb851,3a292f1e-78e3-424b-a104-0680630cb851,49.25976,-123.2479,2,FALSE,FALSE,40000,2127,1783022725,2026-07-02T20:05:32Z,2026-07-02T20:05:32Z,2026-07-02T20:05:23Z,2.2,https://gbfs.kappa.fifteen.eu/gbfs/2.2/mobi/en/gbfs.json,https://gbfs.kappa.fifteen.eu/gbfs/2.2/mobi/en/free_bike_status.json,2026-07-02T20:05:31Z,2026-07-02T20:05:31Z
mobi_vancouver,mobi_vancouver_59d36e41-69f6-4880-8923-3b5f465bb8db,59d36e41-69f6-4880-8923-3b5f465bb8db,49.2585,-123.2521,2,FALSE,FALSE,40000,2117,1783022725,2026-07-02T20:05:32Z,2026-07-02T20:05:32Z,2026-07-02T20:05:23Z,2.2,https://gbfs.kappa.fifteen.eu/gbfs/2.2/mobi/en/gbfs.json,https://gbfs.kappa.fifteen.eu/gbfs/2.2/mobi/en/free_bike_status.json,2026-07-02T20:05:31Z,2026-07-02T20:05:31Z
mobi_vancouver,mobi_vancouver_7692bee7-66a1-4dbe-8726-f0f4c5f66d22,7692bee7-66a1-4dbe-8726-f0f4c5f66d22,49.26518,-123.25868,2,FALSE,FALSE,40000,2112,1783022725,2026-07-02T20:05:32Z,2026-07-02T20:05:32Z,2026-07-02T20:05:23Z,2.2,https://gbfs.kappa.fifteen.eu/gbfs/2.2/mobi/en/gbfs.json,https://gbfs.kappa.fifteen.eu/gbfs/2.2/mobi/en/free_bike_status.json,2026-07-02T20:05:31Z,2026-07-02T20:05:31Z
mobi_vancouver,mobi_vancouver_f8529e58-21de-42ab-b15b-91ff53d860e1,f8529e58-21de-42ab-b15b-91ff53d860e1,49.26213,-123.11989,2,FALSE,FALSE,40000,0121,1783022725,2026-07-02T20:05:32Z,2026-07-02T20:05:32Z,2026-07-02T20:05:23Z,2.2,https://gbfs.kappa.fifteen.eu/gbfs/2.2/mobi/en/gbfs.json,https://gbfs.kappa.fifteen.eu/gbfs/2.2/mobi/en/free_bike_status.json,2026-07-02T20:05:31Z,2026-07-02T20:05:31Z
mobi_vancouver,mobi_vancouver_c390e47e-833a-46e3-84e7-302943f8f5ed,c390e47e-833a-46e3-84e7-302943f8f5ed,49.27709,-123.07589,2,FALSE,FALSE,40000,,1783022725,2026-07-02T20:05:32Z,2026-07-02T20:05:32Z,2026-07-02T20:05:23Z,2.2,https://gbfs.kappa.fifteen.eu/gbfs/2.2/mobi/en/gbfs.json,https://gbfs.kappa.fifteen.eu/gbfs/2.2/mobi/en/free_bike_status.json,2026-07-02T20:05:31Z,2026-07-02T20:05:31Z
mobi_vancouver,mobi_vancouver_20a60950-986c-40ba-9c77-a534b2a3871b,20a60950-986c-40ba-9c77-a534b2a3871b,49.27709,-123.07589,2,FALSE,FALSE,40000,,1783022725,2026-07-02T20:05:32Z,2026-07-02T20:05:32Z,2026-07-02T20:05:23Z,2.2,https://gbfs.kappa.fifteen.eu/gbfs/2.2/mobi/en/gbfs.json,https://gbfs.kappa.fifteen.eu/gbfs/2.2/mobi/en/free_bike_status.json,2026-07-02T20:05:31Z,2026-07-02T20:05:31Z
mobi_vancouver,mobi_vancouver_b56cd4e5-0f1e-4015-b38a-1549972f6de1,b56cd4e5-0f1e-4015-b38a-1549972f6de1,49.27709,-123.07589,2,FALSE,FALSE,40000,,1783022725,2026-07-02T20:05:32Z,2026-07-02T20:05:32Z,2026-07-02T20:05:23Z,2.2,https://gbfs.kappa.fifteen.eu/gbfs/2.2/mobi/en/gbfs.json,https://gbfs.kappa.fifteen.eu/gbfs/2.2/mobi/en/free_bike_status.json,2026-07-02T20:05:31Z,2026-07-02T20:05:31Z
mobi_vancouver,mobi_vancouver_b17621d9-9bd0-44d4-96f3-ae0927000368,b17621d9-9bd0-44d4-96f3-ae0927000368,49.27709,-123.07589,2,FALSE,FALSE,40000,,1783022725,2026-07-02T20:05:32Z,2026-07-02T20:05:32Z,2026-07-02T20:05:23Z,2.2,https://gbfs.kappa.fifteen.eu/gbfs/2.2/mobi/en/gbfs.json,https://gbfs.kappa.fifteen.eu/gbfs/2.2/mobi/en/free_bike_status.json,2026-07-02T20:05:31Z,2026-07-02T20:05:31Z
mobi_vancouver,mobi_vancouver_cad81b4c-29a4-45a5-81c2-2ce3d37ccbf3,cad81b4c-29a4-45a5-81c2-2ce3d37ccbf3,49.276768,-123.075636,2,FALSE,TRUE,0,,1783022725,2026-07-02T20:05:32Z,2026-07-02T20:05:32Z,2026-07-02T20:05:23Z,2.2,https://gbfs.kappa.fifteen.eu/gbfs/2.2/mobi/en/gbfs.json,https://gbfs.kappa.fifteen.eu/gbfs/2.2/mobi/en/free_bike_status.json,2026-07-02T20:05:31Z,2026-07-02T20:05:31Z
mobi_vancouver,mobi_vancouver_ff7b77dc-af54-4293-8f79-cd184ae82ffe,ff7b77dc-af54-4293-8f79-cd184ae82ffe,49.276768,-123.075636,2,FALSE,TRUE,0,,1783022725,2026-07-02T20:05:32Z,2026-07-02T20:05:32Z,2026-07-02T20:05:23Z,2.2,https://gbfs.kappa.fifteen.eu/gbfs/2.2/mobi/en/gbfs.json,https://gbfs.kappa.fifteen.eu/gbfs/2.2/mobi/en/free_bike_status.json,2026-07-02T20:05:31Z,2026-07-02T20:05:31Z
mobi_vancouver,mobi_vancouver_8f129d7e-b575-448f-8be1-fe58a0b43efc,8f129d7e-b575-448f-8be1-fe58a0b43efc,49.2585,-123.2521,1,FALSE,TRUE,0,2117,1783022725,2026-07-02T20:05:32Z,2026-07-02T20:05:32Z,2026-07-02T20:05:23Z,2.2,https://gbfs.kappa.fifteen.eu/gbfs/2.2/mobi/en/gbfs.json,https://gbfs.kappa.fifteen.eu/gbfs/2.2/mobi/en/free_bike_status.json,2026-07-02T20:05:31Z,2026-07-02T20:05:31Z
mobi_vancouver,mobi_vancouver_14ab0c61-b173-4dd3-8804-e3b079def459,14ab0c61-b173-4dd3-8804-e3b079def459,49.276768,-123.075636,2,FALSE,FALSE,2800,,1783022725,2026-07-02T20:05:32Z,2026-07-02T20:05:32Z,2026-07-02T20:05:23Z,2.2,https://gbfs.kappa.fifteen.eu/gbfs/2.2/mobi/en/gbfs.json,https://gbfs.kappa.fifteen.eu/gbfs/2.2/mobi/en/free_bike_status.json,2026-07-02T20:05:31Z,2026-07-02T20:05:31Z
mobi_vancouver,mobi_vancouver_caea7c57-e765-42b5-bd6e-98c85dff552d,caea7c57-e765-42b5-bd6e-98c85dff552d,49.276768,-123.075636,2,FALSE,FALSE,4800,,1783022725,2026-07-02T20:05:32Z,2026-07-02T20:05:32Z,2026-07-02T20:05:23Z,2.2,https://gbfs.kappa.fifteen.eu/gbfs/2.2/mobi/en/gbfs.json,https://gbfs.kappa.fifteen.eu/gbfs/2.2/mobi/en/free_bike_status.json,2026-07-02T20:05:31Z,2026-07-02T20:05:31Z
mobi_vancouver,mobi_vancouver_a7e59df4-e86a-45b1-be15-6d2f0e2658e3,a7e59df4-e86a-45b1-be15-6d2f0e2658e3,49.266314,-123.116011,2,FALSE,FALSE,7200,0006,1783022725,2026-07-02T20:05:32Z,2026-07-02T20:05:32Z,2026-07-02T20:05:23Z,2.2,https://gbfs.kappa.fifteen.eu/gbfs/2.2/mobi/en/gbfs.json,https://gbfs.kappa.fifteen.eu/gbfs/2.2/mobi/en/free_bike_status.json,2026-07-02T20:05:31Z,2026-07-02T20:05:31Z
mobi_vancouver,mobi_vancouver_2454475f-36b1-4240-9b9b-87940489338c,2454475f-36b1-4240-9b9b-87940489338c,49.266774,-123.141135,2,FALSE,FALSE,7200,0153,1783022725,2026-07-02T20:05:32Z,2026-07-02T20:05:32Z,2026-07-02T20:05:23Z,2.2,https://gbfs.kappa.fifteen.eu/gbfs/2.2/mobi/en/gbfs.json,https://gbfs.kappa.fifteen.eu/gbfs/2.2/mobi/en/free_bike_status.json,2026-07-02T20:05:31Z,2026-07-02T20:05:31Z
mobi_vancouver,mobi_vancouver_9ec87634-6327-409e-843b-d5d893e01374,9ec87634-6327-409e-843b-d5d893e01374,49.276768,-123.075636,2,FALSE,FALSE,8400,,1783022725,2026-07-02T20:05:32Z,2026-07-02T20:05:32Z,2026-07-02T20:05:23Z,2.2,https://gbfs.kappa.fifteen.eu/gbfs/2.2/mobi/en/gbfs.json,https://gbfs.kappa.fifteen.eu/gbfs/2.2/mobi/en/free_bike_status.json,2026-07-02T20:05:31Z,2026-07-02T20:05:31Z
mobi_vancouver,mobi_vancouver_33004092-04a9-4bb6-a4b9-7504ea0ec3b7,33004092-04a9-4bb6-a4b9-7504ea0ec3b7,49.282759,-123.106955,2,FALSE,FALSE,9200,0030,1783022725,2026-07-02T20:05:32Z,2026-07-02T20:05:32Z,2026-07-02T20:05:23Z,2.2,https://gbfs.kappa.fifteen.eu/gbfs/2.2/mobi/en/gbfs.json,https://gbfs.kappa.fifteen.eu/gbfs/2.2/mobi/en/free_bike_status.json,2026-07-02T20:05:31Z,2026-07-02T20:05:31Z
mobi_vancouver,mobi_vancouver_a7c1bbfb-cdae-4fa8-805e-95b28c78b97c,a7c1bbfb-cdae-4fa8-805e-95b28c78b97c,49.26875,-123.25004,1,FALSE,FALSE,9600,2142,1783022725,2026-07-02T20:05:32Z,2026-07-02T20:05:32Z,2026-07-02T20:05:23Z,2.2,https://gbfs.kappa.fifteen.eu/gbfs/2.2/mobi/en/gbfs.json,https://gbfs.kappa.fifteen.eu/gbfs/2.2/mobi/en/free_bike_status.json,2026-07-02T20:05:31Z,2026-07-02T20:05:31Z
mobi_vancouver,mobi_vancouver_7f647fc7-e726-4179-aac2-344665168a84,7f647fc7-e726-4179-aac2-344665168a84,49.279739,-123.116251,1,FALSE,FALSE,10000,0025,1783022725,2026-07-02T20:05:32Z,2026-07-02T20:05:32Z,2026-07-02T20:05:23Z,2.2,https://gbfs.kappa.fifteen.eu/gbfs/2.2/mobi/en/gbfs.json,https://gbfs.kappa.fifteen.eu/gbfs/2.2/mobi/en/free_bike_status.json,2026-07-02T20:05:31Z,2026-07-02T20:05:31Z
mobi_vancouver,mobi_vancouver_2d8292d4-a5e7-4b19-b389-f1a4bb4d81d2,2d8292d4-a5e7-4b19-b389-f1a4bb4d81d2,49.252656,-123.067965,2,FALSE,FALSE,10800,0352,1783022725,2026-07-02T20:05:32Z,2026-07-02T20:05:32Z,2026-07-02T20:05:23Z,2.2,https://gbfs.kappa.fifteen.eu/gbfs/2.2/mobi/en/gbfs.json,https://gbfs.kappa.fifteen.eu/gbfs/2.2/mobi/en/free_bike_status.json,2026-07-02T20:05:31Z,2026-07-02T20:05:31Z
mobi_vancouver,mobi_vancouver_2913f597-54f1-4f6e-829f-d308c7269689,2913f597-54f1-4f6e-829f-d308c7269689,49.279764,-123.110154,1,FALSE,FALSE,11600,0005,1783022725,2026-07-02T20:05:32Z,2026-07-02T20:05:32Z,2026-07-02T20:05:23Z,2.2,https://gbfs.kappa.fifteen.eu/gbfs/2.2/mobi/en/gbfs.json,https://gbfs.kappa.fifteen.eu/gbfs/2.2/mobi/en/free_bike_status.json,2026-07-02T20:05:31Z,2026-07-02T20:05:31Z
mobi_vancouver,mobi_vancouver_11a322ae-5887-4ad1-bc46-c077e9346625,11a322ae-5887-4ad1-bc46-c077e9346625,49.276768,-123.075636,1,FALSE,FALSE,11600,,1783022725,2026-07-02T20:05:32Z,2026-07-02T20:05:32Z,2026-07-02T20:05:23Z,2.2,https://gbfs.kappa.fifteen.eu/gbfs/2.2/mobi/en/gbfs.json,https://gbfs.kappa.fifteen.eu/gbfs/2.2/mobi/en/free_bike_status.json,2026-07-02T20:05:31Z,2026-07-02T20:05:31Z
mobi_vancouver,mobi_vancouver_f6d0ac5b-ae50-4a92-9c2b-12f5b4dd55c2,f6d0ac5b-ae50-4a92-9c2b-12f5b4dd55c2,49.284893,-123.128685,1,FALSE,FALSE,12400,0300,1783022725,2026-07-02T20:05:32Z,2026-07-02T20:05:32Z,2026-07-02T20:05:23Z,2.2,https://gbfs.kappa.fifteen.eu/gbfs/2.2/mobi/en/gbfs.json,https://gbfs.kappa.fifteen.eu/gbfs/2.2/mobi/en/free_bike_status.json,2026-07-02T20:05:31Z,2026-07-02T20:05:31Z
mobi_vancouver,mobi_vancouver_d8ef351e-1038-405b-89f0-56d4fc76affd,d8ef351e-1038-405b-89f0-56d4fc76affd,49.276768,-123.075636,2,FALSE,FALSE,12800,,1783022725,2026-07-02T20:05:32Z,2026-07-02T20:05:32Z,2026-07-02T20:05:23Z,2.2,https://gbfs.kappa.fifteen.eu/gbfs/2.2/mobi/en/gbfs.json,https://gbfs.kappa.fifteen.eu/gbfs/2.2/mobi/en/free_bike_status.json,2026-07-02T20:05:31Z,2026-07-02T20:05:31Z
mobi_vancouver,mobi_vancouver_9006b662-e1f2-415b-91e6-46ef8a15986b,9006b662-e1f2-415b-91e6-46ef8a15986b,49.269361,-123.13782,1,FALSE,FALSE,13200,0066,1783022725,2026-07-02T20:05:32Z,2026-07-02T20:05:32Z,2026-07-02T20:05:23Z,2.2,https://gbfs.kappa.fifteen.eu/gbfs/2.2/mobi/en/gbfs.json,https://gbfs.kappa.fifteen.eu/gbfs/2.2/mobi/en/free_bike_status.json,2026-07-02T20:05:31Z,2026-07-02T20:05:31Z
mobi_vancouver,mobi_vancouver_7d0d8322-185b-4bd1-bf6e-4216e8ca38ed,7d0d8322-185b-4bd1-bf6e-4216e8ca38ed,49.287528,-123.142139,1,FALSE,FALSE,13200,0028,1783022725,2026-07-02T20:05:32Z,2026-07-02T20:05:32Z,2026-07-02T20:05:23Z,2.2,https://gbfs.kappa.fifteen.eu/gbfs/2.2/mobi/en/gbfs.json,https://gbfs.kappa.fifteen.eu/gbfs/2.2/mobi/en/free_bike_status.json,2026-07-02T20:05:31Z,2026-07-02T20:05:31Z
mobi_vancouver,mobi_vancouver_61910a4c-eaa8-4d93-9c82-a0ba527551ab,61910a4c-eaa8-4d93-9c82-a0ba527551ab,49.276768,-123.075636,1,FALSE,FALSE,13600,,1783022725,2026-07-02T20:05:32Z,2026-07-02T20:05:32Z,2026-07-02T20:05:23Z,2.2,https://gbfs.kappa.fifteen.eu/gbfs/2.2/mobi/en/gbfs.json,https://gbfs.kappa.fifteen.eu/gbfs/2.2/mobi/en/free_bike_status.json,2026-07-02T20:05:31Z,2026-07-02T20:05:31Z
mobi_vancouver,mobi_vancouver_84b51e31-6da9-4f17-8518-02ab0881adc1,84b51e31-6da9-4f17-8518-02ab0881adc1,49.276768,-123.075636,1,FALSE,FALSE,14000,,1783022725,2026-07-02T20:05:32Z,2026-07-02T20:05:32Z,2026-07-02T20:05:23Z,2.2,https://gbfs.kappa.fifteen.eu/gbfs/2.2/mobi/en/gbfs.json,https://gbfs.kappa.fifteen.eu/gbfs/2.2/mobi/en/free_bike_status.json,2026-07-02T20:05:31Z,2026-07-02T20:05:31Z
mobi_vancouver,mobi_vancouver_25394d0a-6c00-4185-8cd0-6e6ed7f5e777,25394d0a-6c00-4185-8cd0-6e6ed7f5e777,49.279821,-123.10802,1,FALSE,FALSE,14400,0053,1783022725,2026-07-02T20:05:32Z,2026-07-02T20:05:32Z,2026-07-02T20:05:23Z,2.2,https://gbfs.kappa.fifteen.eu/gbfs/2.2/mobi/en/gbfs.json,https://gbfs.kappa.fifteen.eu/gbfs/2.2/mobi/en/free_bike_status.json,2026-07-02T20:05:31Z,2026-07-02T20:05:31Z
mobi_vancouver,mobi_vancouver_fad205f7-4e82-4a33-8e43-2578a026f7dc,fad205f7-4e82-4a33-8e43-2578a026f7dc,49.261263,-123.073707,1,FALSE,FALSE,14400,0245,1783022725,2026-07-02T20:05:32Z,2026-07-02T20:05:32Z,2026-07-02T20:05:23Z,2.2,https://gbfs.kappa.fifteen.eu/gbfs/2.2/mobi/en/gbfs.json,https://gbfs.kappa.fifteen.eu/gbfs/2.2/mobi/en/free_bike_status.json,2026-07-02T20:05:31Z,2026-07-02T20:05:31Z
mobi_vancouver,mobi_vancouver_989194f7-21b1-439d-8cf7-8cd31731cce7,989194f7-21b1-439d-8cf7-8cd31731cce7,49.280852,-123.084746,1,FALSE,FALSE,14400,0227,1783022725,2026-07-02T20:05:32Z,2026-07-02T20:05:32Z,2026-07-02T20:05:23Z,2.2,https://gbfs.kappa.fifteen.eu/gbfs/2.2/mobi/en/gbfs.json,https://gbfs.kappa.fifteen.eu/gbfs/2.2/mobi/en/free_bike_status.json,2026-07-02T20:05:31Z,2026-07-02T20:05:31Z
mobi_vancouver,mobi_vancouver_f0a8dded-6c7f-43a9-ac02-0cd1f39b0a68,f0a8dded-6c7f-43a9-ac02-0cd1f39b0a68,49.276768,-123.075636,2,FALSE,FALSE,14800,,1783022725,2026-07-02T20:05:32Z,2026-07-02T20:05:32Z,2026-07-02T20:05:23Z,2.2,https://gbfs.kappa.fifteen.eu/gbfs/2.2/mobi/en/gbfs.json,https://gbfs.kappa.fifteen.eu/gbfs/2.2/mobi/en/free_bike_status.json,2026-07-02T20:05:31Z,2026-07-02T20:05:31Z
mobi_vancouver,mobi_vancouver_bb58724e-5012-4469-87b7-cda006d1d686,bb58724e-5012-4469-87b7-cda006d1d686,49.25976,-123.2479,1,FALSE,FALSE,14800,2127,1783022725,2026-07-02T20:05:32Z,2026-07-02T20:05:32Z,2026-07-02T20:05:23Z,2.2,https://gbfs.kappa.fifteen.eu/gbfs/2.2/mobi/en/gbfs.json,https://gbfs.kappa.fifteen.eu/gbfs/2.2/mobi/en/free_bike_status.json,2026-07-02T20:05:31Z,2026-07-02T20:05:31Z
mobi_vancouver,mobi_vancouver_3861f5c0-826a-4819-974a-842e882d6f7b,3861f5c0-826a-4819-974a-842e882d6f7b,49.276768,-123.075636,1,FALSE,FALSE,15200,,1783022725,2026-07-02T20:05:32Z,2026-07-02T20:05:32Z,2026-07-02T20:05:23Z,2.2,https://gbfs.kappa.fifteen.eu/gbfs/2.2/mobi/en/gbfs.json,https://gbfs.kappa.fifteen.eu/gbfs/2.2/mobi/en/free_bike_status.json,2026-07-02T20:05:31Z,2026-07-02T20:05:31Z
mobi_vancouver,mobi_vancouver_35c1a4f8-bc6b-4dc1-a3b6-52363a5d9257,35c1a4f8-bc6b-4dc1-a3b6-52363a5d9257,49.263242,-123.070521,1,FALSE,FALSE,15600,0242,1783022725,2026-07-02T20:05:32Z,2026-07-02T20:05:32Z,2026-07-02T20:05:23Z,2.2,https://gbfs.kappa.fifteen.eu/gbfs/2.2/mobi/en/gbfs.json,https://gbfs.kappa.fifteen.eu/gbfs/2.2/mobi/en/free_bike_status.json,2026-07-02T20:05:31Z,2026-07-02T20:05:31Z
mobi_vancouver,mobi_vancouver_a46cfe50-c61d-41c6-8d0a-622b6c7d6a62,a46cfe50-c61d-41c6-8d0a-622b6c7d6a62,49.264466,-123.085183,1,FALSE,FALSE,15600,0266,1783022725,2026-07-02T20:05:32Z,2026-07-02T20:05:32Z,2026-07-02T20:05:23Z,2.2,https://gbfs.kappa.fifteen.eu/gbfs/2.2/mobi/en/gbfs.json,https://gbfs.kappa.fifteen.eu/gbfs/2.2/mobi/en/free_bike_status.json,2026-07-02T20:05:31Z,2026-07-02T20:05:31Z
mobi_vancouver,mobi_vancouver_96a86a56-9548-4a3c-b2eb-2fc49f6dc9cd,96a86a56-9548-4a3c-b2eb-2fc49f6dc9cd,49.276768,-123.075636,1,FALSE,FALSE,16000,,1783022725,2026-07-02T20:05:32Z,2026-07-02T20:05:32Z,2026-07-02T20:05:23Z,2.2,https://gbfs.kappa.fifteen.eu/gbfs/2.2/mobi/en/gbfs.json,https://gbfs.kappa.fifteen.eu/gbfs/2.2/mobi/en/free_bike_status.json,2026-07-02T20:05:31Z,2026-07-02T20:05:31Z
mobi_vancouver,mobi_vancouver_26c9d285-63e6-463f-aefb-e2648352a2a3,26c9d285-63e6-463f-aefb-e2648352a2a3,49.276768,-123.075636,2,FALSE,FALSE,16000,,1783022725,2026-07-02T20:05:32Z,2026-07-02T20:05:32Z,2026-07-02T20:05:23Z,2.2,https://gbfs.kappa.fifteen.eu/gbfs/2.2/mobi/en/gbfs.json,https://gbfs.kappa.fifteen.eu/gbfs/2.2/mobi/en/free_bike_status.json,2026-07-02T20:05:31Z,2026-07-02T20:05:31Z
mobi_vancouver,mobi_vancouver_9d62a090-f90c-485a-8d69-b9cca5cfa5cb,9d62a090-f90c-485a-8d69-b9cca5cfa5cb,49.271221,-123.191133,1,FALSE,FALSE,16400,0400,1783022725,2026-07-02T20:05:32Z,2026-07-02T20:05:32Z,2026-07-02T20:05:23Z,2.2,https://gbfs.kappa.fifteen.eu/gbfs/2.2/mobi/en/gbfs.json,https://gbfs.kappa.fifteen.eu/gbfs/2.2/mobi/en/free_bike_status.json,2026-07-02T20:05:31Z,2026-07-02T20:05:31Z
mobi_vancouver,mobi_vancouver_5a9761ca-9b0f-4a90-a27a-13cb83cd8b3e,5a9761ca-9b0f-4a90-a27a-13cb83cd8b3e,49.279764,-123.110154,1,FALSE,FALSE,16800,0005,1783022725,2026-07-02T20:05:32Z,2026-07-02T20:05:32Z,2026-07-02T20:05:23Z,2.2,https://gbfs.kappa.fifteen.eu/gbfs/2.2/mobi/en/gbfs.json,https://gbfs.kappa.fifteen.eu/gbfs/2.2/mobi/en/free_bike_status.json,2026-07-02T20:05:31Z,2026-07-02T20:05:31Z
mobi_vancouver,mobi_vancouver_8a9c0512-0ac9-44f1-ab9a-53cca850c0f8,8a9c0512-0ac9-44f1-ab9a-53cca850c0f8,49.276768,-123.075636,2,FALSE,FALSE,16800,,1783022725,2026-07-02T20:05:32Z,2026-07-02T20:05:32Z,2026-07-02T20:05:23Z,2.2,https://gbfs.kappa.fifteen.eu/gbfs/2.2/mobi/en/gbfs.json,https://gbfs.kappa.fifteen.eu/gbfs/2.2/mobi/en/free_bike_status.json,2026-07-02T20:05:31Z,2026-07-02T20:05:31Z
mobi_vancouver,mobi_vancouver_0167407b-f370-484a-81aa-d6de55de7a75,0167407b-f370-484a-81aa-d6de55de7a75,49.268616,-123.069908,1,FALSE,FALSE,16800,0240,1783022725,2026-07-02T20:05:32Z,2026-07-02T20:05:32Z,2026-07-02T20:05:23Z,2.2,https://gbfs.kappa.fifteen.eu/gbfs/2.2/mobi/en/gbfs.json,https://gbfs.kappa.fifteen.eu/gbfs/2.2/mobi/en/free_bike_status.json,2026-07-02T20:05:31Z,2026-07-02T20:05:31Z
mobi_vancouver,mobi_vancouver_b35835e6-854e-46ba-bfff-bd8939957e96,b35835e6-854e-46ba-bfff-bd8939957e96,49.276768,-123.075636,1,FALSE,FALSE,17600,,1783022725,2026-07-02T20:05:32Z,2026-07-02T20:05:32Z,2026-07-02T20:05:23Z,2.2,https://gbfs.kappa.fifteen.eu/gbfs/2.2/mobi/en/gbfs.json,https://gbfs.kappa.fifteen.eu/gbfs/2.2/mobi/en/free_bike_status.json,2026-07-02T20:05:31Z,2026-07-02T20:05:31Z
mobi_vancouver,mobi_vancouver_9e3e7e7f-8e69-4472-91ac-fd253cfd97b2,9e3e7e7f-8e69-4472-91ac-fd253cfd97b2,49.276768,-123.075636,2,FALSE,FALSE,17600,,1783022725,2026-07-02T20:05:32Z,2026-07-02T20:05:32Z,2026-07-02T20:05:23Z,2.2,https://gbfs.kappa.fifteen.eu/gbfs/2.2/mobi/en/gbfs.json,https://gbfs.kappa.fifteen.eu/gbfs/2.2/mobi/en/free_bike_status.json,2026-07-02T20:05:31Z,2026-07-02T20:05:31Z
mobi_vancouver,mobi_vancouver_5dd57c2d-2f08-45da-8f05-7bbce6a6106a,5dd57c2d-2f08-45da-8f05-7bbce6a6106a,49.262206,-123.109091,1,FALSE,FALSE,18000,0172,1783022725,2026-07-02T20:05:32Z,2026-07-02T20:05:32Z,2026-07-02T20:05:23Z,2.2,https://gbfs.kappa.fifteen.eu/gbfs/2.2/mobi/en/gbfs.json,https://gbfs.kappa.fifteen.eu/gbfs/2.2/mobi/en/free_bike_status.json,2026-07-02T20:05:31Z,2026-07-02T20:05:31Z
mobi_vancouver,mobi_vancouver_00a4c441-1bde-482e-907f-a22ef005b7fd,00a4c441-1bde-482e-907f-a22ef005b7fd,49.276768,-123.075636,1,FALSE,FALSE,18000,,1783022725,2026-07-02T20:05:32Z,2026-07-02T20:05:32Z,2026-07-02T20:05:23Z,2.2,https://gbfs.kappa.fifteen.eu/gbfs/2.2/mobi/en/gbfs.json,https://gbfs.kappa.fifteen.eu/gbfs/2.2/mobi/en/free_bike_status.json,2026-07-02T20:05:31Z,2026-07-02T20:05:31Z
mobi_vancouver,mobi_vancouver_5a1d5086-16b1-49a4-a42f-11804eec2424,5a1d5086-16b1-49a4-a42f-11804eec2424,49.273011,-123.159663,1,FALSE,FALSE,18000,0470,1783022725,2026-07-02T20:05:32Z,2026-07-02T20:05:32Z,2026-07-02T20:05:23Z,2.2,https://gbfs.kappa.fifteen.eu/gbfs/2.2/mobi/en/gbfs.json,https://gbfs.kappa.fifteen.eu/gbfs/2.2/mobi/en/free_bike_status.json,2026-07-02T20:05:31Z,2026-07-02T20:05:31Z
mobi_vancouver,mobi_vancouver_4a7babed-e5bd-418f-9b99-a0c43449a01d,4a7babed-e5bd-418f-9b99-a0c43449a01d,49.276768,-123.075636,1,FALSE,FALSE,18400,,1783022725,2026-07-02T20:05:32Z,2026-07-02T20:05:32Z,2026-07-02T20:05:23Z,2.2,https://gbfs.kappa.fifteen.eu/gbfs/2.2/mobi/en/gbfs.json,https://gbfs.kappa.fifteen.eu/gbfs/2.2/mobi/en/free_bike_status.json,2026-07-02T20:05:31Z,2026-07-02T20:05:31Z
mobi_vancouver,mobi_vancouver_fc2b8961-8421-4dc0-bee8-9b7db605eaed,fc2b8961-8421-4dc0-bee8-9b7db605eaed,49.26262,-123.2431,1,FALSE,FALSE,18400,2156,1783022725,2026-07-02T20:05:32Z,2026-07-02T20:05:32Z,2026-07-02T20:05:23Z,2.2,https://gbfs.kappa.fifteen.eu/gbfs/2.2/mobi/en/gbfs.json,https://gbfs.kappa.fifteen.eu/gbfs/2.2/mobi/en/free_bike_status.json,2026-07-02T20:05:31Z,2026-07-02T20:05:31Z
mobi_vancouver,mobi_vancouver_4cbd6747-8989-4a20-8bc6-bad934e0b211,4cbd6747-8989-4a20-8bc6-bad934e0b211,49.278529,-123.100017,1,FALSE,FALSE,18800,0199,1783022725,2026-07-02T20:05:32Z,2026-07-02T20:05:32Z,2026-07-02T20:05:23Z,2.2,https://gbfs.kappa.fifteen.eu/gbfs/2.2/mobi/en/gbfs.json,https://gbfs.kappa.fifteen.eu/gbfs/2.2/mobi/en/free_bike_status.json,2026-07-02T20:05:31Z,2026-07-02T20:05:31Z
mobi_vancouver,mobi_vancouver_b854852d-7528-457c-98d3-8a4cc54dd461,b854852d-7528-457c-98d3-8a4cc54dd461,49.276768,-123.075636,1,FALSE,FALSE,18800,,1783022725,2026-07-02T20:05:32Z,2026-07-02T20:05:32Z,2026-07-02T20:05:23Z,2.2,https://gbfs.kappa.fifteen.eu/gbfs/2.2/mobi/en/gbfs.json,https://gbfs.kappa.fifteen.eu/gbfs/2.2/mobi/en/free_bike_status.json,2026-07-02T20:05:31Z,2026-07-02T20:05:31Z
mobi_vancouver,mobi_vancouver_7b6bbe14-7a1b-4e78-bd84-9fb8052d7df3,7b6bbe14-7a1b-4e78-bd84-9fb8052d7df3,49.276768,-123.075636,1,FALSE,FALSE,18800,,1783022725,2026-07-02T20:05:32Z,2026-07-02T20:05:32Z,2026-07-02T20:05:23Z,2.2,https://gbfs.kappa.fifteen.eu/gbfs/2.2/mobi/en/gbfs.json,https://gbfs.kappa.fifteen.eu/gbfs/2.2/mobi/en/free_bike_status.json,2026-07-02T20:05:31Z,2026-07-02T20:05:31Z
mobi_vancouver,mobi_vancouver_35eb9174-61dc-4b3f-9cdf-7486f5a1516e,35eb9174-61dc-4b3f-9cdf-7486f5a1516e,49.264579,-123.18373,1,FALSE,FALSE,18800,0415,1783022725,2026-07-02T20:05:32Z,2026-07-02T20:05:32Z,2026-07-02T20:05:23Z,2.2,https://gbfs.kappa.fifteen.eu/gbfs/2.2/mobi/en/gbfs.json,https://gbfs.kappa.fifteen.eu/gbfs/2.2/mobi/en/free_bike_status.json,2026-07-02T20:05:31Z,2026-07-02T20:05:31Z
mobi_vancouver,mobi_vancouver_080eb294-14bc-483c-b8d4-6e03a8f8c621,080eb294-14bc-483c-b8d4-6e03a8f8c621,49.26518,-123.25868,1,FALSE,FALSE,18800,2112,1783022725,2026-07-02T20:05:32Z,2026-07-02T20:05:32Z,2026-07-02T20:05:23Z,2.2,https://gbfs.kappa.fifteen.eu/gbfs/2.2/mobi/en/gbfs.json,https://gbfs.kappa.fifteen.eu/gbfs/2.2/mobi/en/free_bike_status.json,2026-07-02T20:05:31Z,2026-07-02T20:05:31Z
mobi_vancouver,mobi_vancouver_6a9a82f7-b3a7-47ec-b5b6-121aa1842f40,6a9a82f7-b3a7-47ec-b5b6-121aa1842f40,49.279821,-123.10802,1,FALSE,FALSE,19200,0053,1783022725,2026-07-02T20:05:32Z,2026-07-02T20:05:32Z,2026-07-02T20:05:23Z,2.2,https://gbfs.kappa.fifteen.eu/gbfs/2.2/mobi/en/gbfs.json,https://gbfs.kappa.fifteen.eu/gbfs/2.2/mobi/en/free_bike_status.json,2026-07-02T20:05:31Z,2026-07-02T20:05:31Z
mobi_vancouver,mobi_vancouver_92747903-e276-4405-b4ea-2f6e6cf407f3,92747903-e276-4405-b4ea-2f6e6cf407f3,49.276768,-123.075636,1,FALSE,FALSE,19200,,1783022725,2026-07-02T20:05:32Z,2026-07-02T20:05:32Z,2026-07-02T20:05:23Z,2.2,https://gbfs.kappa.fifteen.eu/gbfs/2.2/mobi/en/gbfs.json,https://gbfs.kappa.fifteen.eu/gbfs/2.2/mobi/en/free_bike_status.json,2026-07-02T20:05:31Z,2026-07-02T20:05:31Z
mobi_vancouver,mobi_vancouver_3e88b19b-aafc-47e4-87d0-39c0c8410fad,3e88b19b-aafc-47e4-87d0-39c0c8410fad,49.276768,-123.075636,1,FALSE,FALSE,19200,,1783022725,2026-07-02T20:05:32Z,2026-07-02T20:05:32Z,2026-07-02T20:05:23Z,2.2,https://gbfs.kappa.fifteen.eu/gbfs/2.2/mobi/en/gbfs.json,https://gbfs.kappa.fifteen.eu/gbfs/2.2/mobi/en/free_bike_status.json,2026-07-02T20:05:31Z,2026-07-02T20:05:31Z
mobi_vancouver,mobi_vancouver_b540ad85-1d42-4c57-b07f-bfcb801c4f32,b540ad85-1d42-4c57-b07f-bfcb801c4f32,49.276768,-123.075636,1,FALSE,FALSE,19600,,1783022725,2026-07-02T20:05:32Z,2026-07-02T20:05:32Z,2026-07-02T20:05:23Z,2.2,https://gbfs.kappa.fifteen.eu/gbfs/2.2/mobi/en/gbfs.json,https://gbfs.kappa.fifteen.eu/gbfs/2.2/mobi/en/free_bike_status.json,2026-07-02T20:05:31Z,2026-07-02T20:05:31Z
mobi_vancouver,mobi_vancouver_59f25e75-31c8-44fa-8da7-31ed78ad257c,59f25e75-31c8-44fa-8da7-31ed78ad257c,49.26893,-123.11813,1,FALSE,FALSE,20000,0010,1783022725,2026-07-02T20:05:32Z,2026-07-02T20:05:32Z,2026-07-02T20:05:23Z,2.2,https://gbfs.kappa.fifteen.eu/gbfs/2.2/mobi/en/gbfs.json,https://gbfs.kappa.fifteen.eu/gbfs/2.2/mobi/en/free_bike_status.json,2026-07-02T20:05:31Z,2026-07-02T20:05:31Z
mobi_vancouver,mobi_vancouver_be876f92-e2b7-43b1-82a0-6f5b6ad252a0,be876f92-e2b7-43b1-82a0-6f5b6ad252a0,49.282758,-123.122092,1,FALSE,FALSE,20000,0019,1783022725,2026-07-02T20:05:32Z,2026-07-02T20:05:32Z,2026-07-02T20:05:23Z,2.2,https://gbfs.kappa.fifteen.eu/gbfs/2.2/mobi/en/gbfs.json,https://gbfs.kappa.fifteen.eu/gbfs/2.2/mobi/en/free_bike_status.json,2026-07-02T20:05:31Z,2026-07-02T20:05:31Z
mobi_vancouver,mobi_vancouver_c5c01f7f-9e01-423d-8fac-7b991b44c2d8,c5c01f7f-9e01-423d-8fac-7b991b44c2d8,49.276768,-123.075636,1,FALSE,FALSE,20000,,1783022725,2026-07-02T20:05:32Z,2026-07-02T20:05:32Z,2026-07-02T20:05:23Z,2.2,https://gbfs.kappa.fifteen.eu/gbfs/2.2/mobi/en/gbfs.json,https://gbfs.kappa.fifteen.eu/gbfs/2.2/mobi/en/free_bike_status.json,2026-07-02T20:05:31Z,2026-07-02T20:05:31Z
mobi_vancouver,mobi_vancouver_da167a4c-54de-45e9-ab2e-0f15dd1a0628,da167a4c-54de-45e9-ab2e-0f15dd1a0628,49.276768,-123.075636,1,FALSE,FALSE,20000,,1783022725,2026-07-02T20:05:32Z,2026-07-02T20:05:32Z,2026-07-02T20:05:23Z,2.2,https://gbfs.kappa.fifteen.eu/gbfs/2.2/mobi/en/gbfs.json,https://gbfs.kappa.fifteen.eu/gbfs/2.2/mobi/en/free_bike_status.json,2026-07-02T20:05:31Z,2026-07-02T20:05:31Z
mobi_vancouver,mobi_vancouver_f1e26b76-286c-4f87-84d5-c4ce5844c50d,f1e26b76-286c-4f87-84d5-c4ce5844c50d,49.27551,-123.13307,1,FALSE,FALSE,20000,0045,1783022725,2026-07-02T20:05:32Z,2026-07-02T20:05:32Z,2026-07-02T20:05:23Z,2.2,https://gbfs.kappa.fifteen.eu/gbfs/2.2/mobi/en/gbfs.json,https://gbfs.kappa.fifteen.eu/gbfs/2.2/mobi/en/free_bike_status.json,2026-07-02T20:05:31Z,2026-07-02T20:05:31Z
mobi_vancouver,mobi_vancouver_f41e6948-a6f3-4945-906d-4c53cfe6e5c5,f41e6948-a6f3-4945-906d-4c53cfe6e5c5,49.280787,-123.115271,1,FALSE,FALSE,20000,0305,1783022725,2026-07-02T20:05:32Z,2026-07-02T20:05:32Z,2026-07-02T20:05:23Z,2.2,https://gbfs.kappa.fifteen.eu/gbfs/2.2/mobi/en/gbfs.json,https://gbfs.kappa.fifteen.eu/gbfs/2.2/mobi/en/free_bike_status.json,2026-07-02T20:05:31Z,2026-07-02T20:05:31Z
mobi_vancouver,mobi_vancouver_78dff37b-f7ae-4ef6-a8c7-ed5dbedbdba6,78dff37b-f7ae-4ef6-a8c7-ed5dbedbdba6,49.272969,-123.164325,1,FALSE,FALSE,20000,0460,1783022725,2026-07-02T20:05:32Z,2026-07-02T20:05:32Z,2026-07-02T20:05:23Z,2.2,https://gbfs.kappa.fifteen.eu/gbfs/2.2/mobi/en/gbfs.json,https://gbfs.kappa.fifteen.eu/gbfs/2.2/mobi/en/free_bike_status.json,2026-07-02T20:05:31Z,2026-07-02T20:05:31Z
mobi_vancouver,mobi_vancouver_213e5ed0-f3a0-4917-94b3-8a1fd63886a4,213e5ed0-f3a0-4917-94b3-8a1fd63886a4,49.279938,-123.127478,1,FALSE,FALSE,20400,0039,1783022725,2026-07-02T20:05:32Z,2026-07-02T20:05:32Z,2026-07-02T20:05:23Z,2.2,https://gbfs.kappa.fifteen.eu/gbfs/2.2/mobi/en/gbfs.json,https://gbfs.kappa.fifteen.eu/gbfs/2.2/mobi/en/free_bike_status.json,2026-07-02T20:05:31Z,2026-07-02T20:05:31Z
mobi_vancouver,mobi_vancouver_d1037b87-fac2-451d-ac72-9240af81e849,d1037b87-fac2-451d-ac72-9240af81e849,49.273833,-123.114373,1,FALSE,FALSE,20400,0057,1783022725,2026-07-02T20:05:32Z,2026-07-02T20:05:32Z,2026-07-02T20:05:23Z,2.2,https://gbfs.kappa.fifteen.eu/gbfs/2.2/mobi/en/gbfs.json,https://gbfs.kappa.fifteen.eu/gbfs/2.2/mobi/en/free_bike_status.json,2026-07-02T20:05:31Z,2026-07-02T20:05:31Z
mobi_vancouver,mobi_vancouver_cb97a067-49f0-4613-8bfa-f43f86009f96,cb97a067-49f0-4613-8bfa-f43f86009f96,49.269969,-123.109623,1,FALSE,FALSE,20400,0173,1783022725,2026-07-02T20:05:32Z,2026-07-02T20:05:32Z,2026-07-02T20:05:23Z,2.2,https://gbfs.kappa.fifteen.eu/gbfs/2.2/mobi/en/gbfs.json,https://gbfs.kappa.fifteen.eu/gbfs/2.2/mobi/en/free_bike_status.json,2026-07-02T20:05:31Z,2026-07-02T20:05:31Z
mobi_vancouver,mobi_vancouver_3b18e880-18dc-420f-ad6f-8771852d6fe1,3b18e880-18dc-420f-ad6f-8771852d6fe1,49.254667,-123.101389,1,FALSE,FALSE,20400,0255,1783022725,2026-07-02T20:05:32Z,2026-07-02T20:05:32Z,2026-07-02T20:05:23Z,2.2,https://gbfs.kappa.fifteen.eu/gbfs/2.2/mobi/en/gbfs.json,https://gbfs.kappa.fifteen.eu/gbfs/2.2/mobi/en/free_bike_status.json,2026-07-02T20:05:31Z,2026-07-02T20:05:31Z
mobi_vancouver,mobi_vancouver_e446683f-4c06-40f9-bbad-60f9cac0ac3c,e446683f-4c06-40f9-bbad-60f9cac0ac3c,49.270684,-123.073562,1,FALSE,FALSE,20400,0252,1783022725,2026-07-02T20:05:32Z,2026-07-02T20:05:32Z,2026-07-02T20:05:23Z,2.2,https://gbfs.kappa.fifteen.eu/gbfs/2.2/mobi/en/gbfs.json,https://gbfs.kappa.fifteen.eu/gbfs/2.2/mobi/en/free_bike_status.json,2026-07-02T20:05:31Z,2026-07-02T20:05:31Z
mobi_vancouver,mobi_vancouver_cfc69b3b-0cde-4758-ab98-96bacd4a1ccb,cfc69b3b-0cde-4758-ab98-96bacd4a1ccb,49.28062,-123.12482,1,FALSE,FALSE,20800,0037,1783022725,2026-07-02T20:05:32Z,2026-07-02T20:05:32Z,2026-07-02T20:05:23Z,2.2,https://gbfs.kappa.fifteen.eu/gbfs/2.2/mobi/en/gbfs.json,https://gbfs.kappa.fifteen.eu/gbfs/2.2/mobi/en/free_bike_status.json,2026-07-02T20:05:31Z,2026-07-02T20:05:31Z
mobi_vancouver,mobi_vancouver_e8a635a5-6b13-4099-a716-a2e293697def,e8a635a5-6b13-4099-a716-a2e293697def,49.267859,-123.145782,1,FALSE,FALSE,20800,0139,1783022725,2026-07-02T20:05:32Z,2026-07-02T20:05:32Z,2026-07-02T20:05:23Z,2.2,https://gbfs.kappa.fifteen.eu/gbfs/2.2/mobi/en/gbfs.json,https://gbfs.kappa.fifteen.eu/gbfs/2.2/mobi/en/free_bike_status.json,2026-07-02T20:05:31Z,2026-07-02T20:05:31Z
mobi_vancouver,mobi_vancouver_dfbfb372-3bb8-4ba0-9313-a8049fcb6eae,dfbfb372-3bb8-4ba0-9313-a8049fcb6eae,49.263746,-123.069892,1,FALSE,FALSE,20800,0254,1783022725,2026-07-02T20:05:32Z,2026-07-02T20:05:32Z,2026-07-02T20:05:23Z,2.2,https://gbfs.kappa.fifteen.eu/gbfs/2.2/mobi/en/gbfs.json,https://gbfs.kappa.fifteen.eu/gbfs/2.2/mobi/en/free_bike_status.json,2026-07-02T20:05:31Z,2026-07-02T20:05:31Z
mobi_vancouver,mobi_vancouver_170dbdc4-c17c-4abd-9a4e-171e8777c01c,170dbdc4-c17c-4abd-9a4e-171e8777c01c,49.267266,-123.090786,1,FALSE,FALSE,20800,0287,1783022725,2026-07-02T20:05:32Z,2026-07-02T20:05:32Z,2026-07-02T20:05:23Z,2.2,https://gbfs.kappa.fifteen.eu/gbfs/2.2/mobi/en/gbfs.json,https://gbfs.kappa.fifteen.eu/gbfs/2.2/mobi/en/free_bike_status.json,2026-07-02T20:05:31Z,2026-07-02T20:05:31Z
mobi_vancouver,mobi_vancouver_1e50d52f-61c2-4a06-b8bf-d272960284ac,1e50d52f-61c2-4a06-b8bf-d272960284ac,49.275679,-123.116963,1,FALSE,FALSE,21200,0027,1783022725,2026-07-02T20:05:32Z,2026-07-02T20:05:32Z,2026-07-02T20:05:23Z,2.2,https://gbfs.kappa.fifteen.eu/gbfs/2.2/mobi/en/gbfs.json,https://gbfs.kappa.fifteen.eu/gbfs/2.2/mobi/en/free_bike_status.json,2026-07-02T20:05:31Z,2026-07-02T20:05:31Z
mobi_vancouver,mobi_vancouver_5316475c-4390-4d72-9fa2-596387e3ff4b,5316475c-4390-4d72-9fa2-596387e3ff4b,49.256845,-123.120071,1,FALSE,FALSE,21200,0130,1783022725,2026-07-02T20:05:32Z,2026-07-02T20:05:32Z,2026-07-02T20:05:23Z,2.2,https://gbfs.kappa.fifteen.eu/gbfs/2.2/mobi/en/gbfs.json,https://gbfs.kappa.fifteen.eu/gbfs/2.2/mobi/en/free_bike_status.json,2026-07-02T20:05:31Z,2026-07-02T20:05:31Z
mobi_vancouver,mobi_vancouver_4dcaf78c-d24d-4d22-a9db-94058f808fe2,4dcaf78c-d24d-4d22-a9db-94058f808fe2,49.276768,-123.075636,1,FALSE,FALSE,21200,,1783022725,2026-07-02T20:05:32Z,2026-07-02T20:05:32Z,2026-07-02T20:05:23Z,2.2,https://gbfs.kappa.fifteen.eu/gbfs/2.2/mobi/en/gbfs.json,https://gbfs.kappa.fifteen.eu/gbfs/2.2/mobi/en/free_bike_status.json,2026-07-02T20:05:31Z,2026-07-02T20:05:31Z
mobi_vancouver,mobi_vancouver_beae76da-fc21-4d38-9db9-b49c8df6713b,beae76da-fc21-4d38-9db9-b49c8df6713b,49.276768,-123.075636,1,FALSE,FALSE,21200,,1783022725,2026-07-02T20:05:32Z,2026-07-02T20:05:32Z,2026-07-02T20:05:23Z,2.2,https://gbfs.kappa.fifteen.eu/gbfs/2.2/mobi/en/gbfs.json,https://gbfs.kappa.fifteen.eu/gbfs/2.2/mobi/en/free_bike_status.json,2026-07-02T20:05:31Z,2026-07-02T20:05:31Z
mobi_vancouver,mobi_vancouver_2b1c1aff-56b6-498d-9c69-4b64aa904b4d,2b1c1aff-56b6-498d-9c69-4b64aa904b4d,49.265089,-123.119425,1,FALSE,FALSE,21600,0081,1783022725,2026-07-02T20:05:32Z,2026-07-02T20:05:32Z,2026-07-02T20:05:23Z,2.2,https://gbfs.kappa.fifteen.eu/gbfs/2.2/mobi/en/gbfs.json,https://gbfs.kappa.fifteen.eu/gbfs/2.2/mobi/en/free_bike_status.json,2026-07-02T20:05:31Z,2026-07-02T20:05:31Z
mobi_vancouver,mobi_vancouver_cd65d911-9afc-411c-980e-f414d987051b,cd65d911-9afc-411c-980e-f414d987051b,49.279739,-123.116251,1,FALSE,FALSE,21600,0025,1783022725,2026-07-02T20:05:32Z,2026-07-02T20:05:32Z,2026-07-02T20:05:23Z,2.2,https://gbfs.kappa.fifteen.eu/gbfs/2.2/mobi/en/gbfs.json,https://gbfs.kappa.fifteen.eu/gbfs/2.2/mobi/en/free_bike_status.json,2026-07-02T20:05:31Z,2026-07-02T20:05:31Z
mobi_vancouver,mobi_vancouver_3e4c969e-f978-4620-bc1a-fcbcf2012e59,3e4c969e-f978-4620-bc1a-fcbcf2012e59,49.249722,-123.104991,1,FALSE,FALSE,21600,0554,1783022725,2026-07-02T20:05:32Z,2026-07-02T20:05:32Z,2026-07-02T20:05:23Z,2.2,https://gbfs.kappa.fifteen.eu/gbfs/2.2/mobi/en/gbfs.json,https://gbfs.kappa.fifteen.eu/gbfs/2.2/mobi/en/free_bike_status.json,2026-07-02T20:05:31Z,2026-07-02T20:05:31Z
mobi_vancouver,mobi_vancouver_e65f5f78-df63-4e13-a7a0-0c2fb9799b54,e65f5f78-df63-4e13-a7a0-0c2fb9799b54,49.264215,-123.117772,1,FALSE,FALSE,22000,0008,1783022725,2026-07-02T20:05:32Z,2026-07-02T20:05:32Z,2026-07-02T20:05:23Z,2.2,https://gbfs.kappa.fifteen.eu/gbfs/2.2/mobi/en/gbfs.json,https://gbfs.kappa.fifteen.eu/gbfs/2.2/mobi/en/free_bike_status.json,2026-07-02T20:05:31Z,2026-07-02T20:05:31Z
mobi_vancouver,mobi_vancouver_37796a99-82fe-46c9-a4c6-2d9c46aaee49,37796a99-82fe-46c9-a4c6-2d9c46aaee49,49.279739,-123.116251,1,FALSE,FALSE,22000,0025,1783022725,2026-07-02T20:05:32Z,2026-07-02T20:05:32Z,2026-07-02T20:05:23Z,2.2,https://gbfs.kappa.fifteen.eu/gbfs/2.2/mobi/en/gbfs.json,https://gbfs.kappa.fifteen.eu/gbfs/2.2/mobi/en/free_bike_status.json,2026-07-02T20:05:31Z,2026-07-02T20:05:31Z
mobi_vancouver,mobi_vancouver_bade77f8-6432-4d16-ba27-72598521f69b,bade77f8-6432-4d16-ba27-72598521f69b,49.267725,-123.11311,1,FALSE,FALSE,22000,0144,1783022725,2026-07-02T20:05:32Z,2026-07-02T20:05:32Z,2026-07-02T20:05:23Z,2.2,https://gbfs.kappa.fifteen.eu/gbfs/2.2/mobi/en/gbfs.json,https://gbfs.kappa.fifteen.eu/gbfs/2.2/mobi/en/free_bike_status.json,2026-07-02T20:05:31Z,2026-07-02T20:05:31Z
mobi_vancouver,mobi_vancouver_95e2b954-b243-4464-a880-9ab6367231b2,95e2b954-b243-4464-a880-9ab6367231b2,49.290587,-123.13625,1,FALSE,FALSE,22000,0122,1783022725,2026-07-02T20:05:32Z,2026-07-02T20:05:32Z,2026-07-02T20:05:23Z,2.2,https://gbfs.kappa.fifteen.eu/gbfs/2.2/mobi/en/gbfs.json,https://gbfs.kappa.fifteen.eu/gbfs/2.2/mobi/en/free_bike_status.json,2026-07-02T20:05:31Z,2026-07-02T20:05:31Z
mobi_vancouver,mobi_vancouver_b73593e3-fcaf-400f-ac36-67c2f2f56b7c,b73593e3-fcaf-400f-ac36-67c2f2f56b7c,49.267859,-123.145782,1,FALSE,FALSE,22400,0139,1783022725,2026-07-02T20:05:32Z,2026-07-02T20:05:32Z,2026-07-02T20:05:23Z,2.2,https://gbfs.kappa.fifteen.eu/gbfs/2.2/mobi/en/gbfs.json,https://gbfs.kappa.fifteen.eu/gbfs/2.2/mobi/en/free_bike_status.json,2026-07-02T20:05:31Z,2026-07-02T20:05:31Z
mobi_vancouver,mobi_vancouver_9832791c-46ec-4f03-8663-3eca75cd98d3,9832791c-46ec-4f03-8663-3eca75cd98d3,49.262242,-123.081459,1,FALSE,FALSE,22400,0246,1783022725,2026-07-02T20:05:32Z,2026-07-02T20:05:32Z,2026-07-02T20:05:23Z,2.2,https://gbfs.kappa.fifteen.eu/gbfs/2.2/mobi/en/gbfs.json,https://gbfs.kappa.fifteen.eu/gbfs/2.2/mobi/en/free_bike_status.json,2026-07-02T20:05:31Z,2026-07-02T20:05:31Z
mobi_vancouver,mobi_vancouver_c29c6eac-cd5b-48ea-a914-0cc8bf26c392,c29c6eac-cd5b-48ea-a914-0cc8bf26c392,49.284554,-123.111031,1,FALSE,FALSE,22400,0124,1783022725,2026-07-02T20:05:32Z,2026-07-02T20:05:32Z,2026-07-02T20:05:23Z,2.2,https://gbfs.kappa.fifteen.eu/gbfs/2.2/mobi/en/gbfs.json,https://gbfs.kappa.fifteen.eu/gbfs/2.2/mobi/en/free_bike_status.json,2026-07-02T20:05:31Z,2026-07-02T20:05:31Z
mobi_vancouver,mobi_vancouver_286422bf-99ec-4d46-b56e-7609d05278d7,286422bf-99ec-4d46-b56e-7609d05278d7,49.28602,-123.116624,1,FALSE,FALSE,22800,0024,1783022725,2026-07-02T20:05:32Z,2026-07-02T20:05:32Z,2026-07-02T20:05:23Z,2.2,https://gbfs.kappa.fifteen.eu/gbfs/2.2/mobi/en/gbfs.json,https://gbfs.kappa.fifteen.eu/gbfs/2.2/mobi/en/free_bike_status.json,2026-07-02T20:05:31Z,2026-07-02T20:05:31Z
mobi_vancouver,mobi_vancouver_b45021af-ea69-435c-925a-3699147620a2,b45021af-ea69-435c-925a-3699147620a2,49.28725,-123.11298,1,FALSE,FALSE,22800,0014,1783022725,2026-07-02T20:05:32Z,2026-07-02T20:05:32Z,2026-07-02T20:05:23Z,2.2,https://gbfs.kappa.fifteen.eu/gbfs/2.2/mobi/en/gbfs.json,https://gbfs.kappa.fifteen.eu/gbfs/2.2/mobi/en/free_bike_status.json,2026-07-02T20:05:31Z,2026-07-02T20:05:31Z
mobi_vancouver,mobi_vancouver_f4b1f414-0d7f-426b-ace8-329a9dd26643,f4b1f414-0d7f-426b-ace8-329a9dd26643,49.265605,-123.152566,1,FALSE,FALSE,22800,0109,1783022725,2026-07-02T20:05:32Z,2026-07-02T20:05:32Z,2026-07-02T20:05:23Z,2.2,https://gbfs.kappa.fifteen.eu/gbfs/2.2/mobi/en/gbfs.json,https://gbfs.kappa.fifteen.eu/gbfs/2.2/mobi/en/free_bike_status.json,2026-07-02T20:05:31Z,2026-07-02T20:05:31Z
mobi_vancouver,mobi_vancouver_d4592815-ccea-4a38-9a02-a3e5b582b4f2,d4592815-ccea-4a38-9a02-a3e5b582b4f2,49.268269,-123.147885,1,FALSE,FALSE,22800,0076,1783022725,2026-07-02T20:05:32Z,2026-07-02T20:05:32Z,2026-07-02T20:05:23Z,2.2,https://gbfs.kappa.fifteen.eu/gbfs/2.2/mobi/en/gbfs.json,https://gbfs.kappa.fifteen.eu/gbfs/2.2/mobi/en/free_bike_status.json,2026-07-02T20:05:31Z,2026-07-02T20:05:31Z
mobi_vancouver,mobi_vancouver_49573c6c-32c0-40ee-8381-c28cede0336a,49573c6c-32c0-40ee-8381-c28cede0336a,49.284062,-123.095097,1,FALSE,FALSE,22800,0161,1783022725,2026-07-02T20:05:32Z,2026-07-02T20:05:32Z,2026-07-02T20:05:23Z,2.2,https://gbfs.kappa.fifteen.eu/gbfs/2.2/mobi/en/gbfs.json,https://gbfs.kappa.fifteen.eu/gbfs/2.2/mobi/en/free_bike_status.json,2026-07-02T20:05:31Z,2026-07-02T20:05:31Z
mobi_vancouver,mobi_vancouver_5c565d69-c28d-4f16-9c92-4000fc6a334b,5c565d69-c28d-4f16-9c92-4000fc6a334b,49.27033,-123.10275,1,FALSE,FALSE,22800,0177,1783022725,2026-07-02T20:05:32Z,2026-07-02T20:05:32Z,2026-07-02T20:05:23Z,2.2,https://gbfs.kappa.fifteen.eu/gbfs/2.2/mobi/en/gbfs.json,https://gbfs.kappa.fifteen.eu/gbfs/2.2/mobi/en/free_bike_status.json,2026-07-02T20:05:31Z,2026-07-02T20:05:31Z
mobi_vancouver,mobi_vancouver_2a6e79cd-4b3e-44ad-b13f-c18a253bba55,2a6e79cd-4b3e-44ad-b13f-c18a253bba55,49.2658,-123.20596,1,FALSE,FALSE,22800,0715,1783022725,2026-07-02T20:05:32Z,2026-07-02T20:05:32Z,2026-07-02T20:05:23Z,2.2,https://gbfs.kappa.fifteen.eu/gbfs/2.2/mobi/en/gbfs.json,https://gbfs.kappa.fifteen.eu/gbfs/2.2/mobi/en/free_bike_status.json,2026-07-02T20:05:31Z,2026-07-02T20:05:31Z
mobi_vancouver,mobi_vancouver_c0440724-154b-4df1-9ff6-f15c30662fa4,c0440724-154b-4df1-9ff6-f15c30662fa4,49.276768,-123.075636,2,FALSE,FALSE,23200,,1783022725,2026-07-02T20:05:32Z,2026-07-02T20:05:32Z,2026-07-02T20:05:23Z,2.2,https://gbfs.kappa.fifteen.eu/gbfs/2.2/mobi/en/gbfs.json,https://gbfs.kappa.fifteen.eu/gbfs/2.2/mobi/en/free_bike_status.json,2026-07-02T20:05:31Z,2026-07-02T20:05:31Z
mobi_vancouver,mobi_vancouver_4ba2d833-542f-40fc-86d5-72bcb45b51c8,4ba2d833-542f-40fc-86d5-72bcb45b51c8,49.272172,-123.097978,1,FALSE,FALSE,23200,0354,1783022725,2026-07-02T20:05:32Z,2026-07-02T20:05:32Z,2026-07-02T20:05:23Z,2.2,https://gbfs.kappa.fifteen.eu/gbfs/2.2/mobi/en/gbfs.json,https://gbfs.kappa.fifteen.eu/gbfs/2.2/mobi/en/free_bike_status.json,2026-07-02T20:05:31Z,2026-07-02T20:05:31Z
mobi_vancouver,mobi_vancouver_ae31ca99-90dc-4115-9371-183f4af50f6f,ae31ca99-90dc-4115-9371-183f4af50f6f,49.275679,-123.116963,1,FALSE,FALSE,23600,0027,1783022725,2026-07-02T20:05:32Z,2026-07-02T20:05:32Z,2026-07-02T20:05:23Z,2.2,https://gbfs.kappa.fifteen.eu/gbfs/2.2/mobi/en/gbfs.json,https://gbfs.kappa.fifteen.eu/gbfs/2.2/mobi/en/free_bike_status.json,2026-07-02T20:05:31Z,2026-07-02T20:05:31Z
mobi_vancouver,mobi_vancouver_b7ce3314-114d-4b61-929b-0a69ff732fa8,b7ce3314-114d-4b61-929b-0a69ff732fa8,49.276436,-123.11877,1,FALSE,FALSE,23600,0078,1783022725,2026-07-02T20:05:32Z,2026-07-02T20:05:32Z,2026-07-02T20:05:23Z,2.2,https://gbfs.kappa.fifteen.eu/gbfs/2.2/mobi/en/gbfs.json,https://gbfs.kappa.fifteen.eu/gbfs/2.2/mobi/en/free_bike_status.json,2026-07-02T20:05:31Z,2026-07-02T20:05:31Z
mobi_vancouver,mobi_vancouver_508d5063-e9ff-4109-ac81-85a9fff361b8,508d5063-e9ff-4109-ac81-85a9fff361b8,49.298657,-123.121176,1,FALSE,FALSE,23600,0105,1783022725,2026-07-02T20:05:32Z,2026-07-02T20:05:32Z,2026-07-02T20:05:23Z,2.2,https://gbfs.kappa.fifteen.eu/gbfs/2.2/mobi/en/gbfs.json,https://gbfs.kappa.fifteen.eu/gbfs/2.2/mobi/en/free_bike_status.json,2026-07-02T20:05:31Z,2026-07-02T20:05:31Z
mobi_vancouver,mobi_vancouver_b0e638fd-7e91-4f92-bbaf-207110cf8b0f,b0e638fd-7e91-4f92-bbaf-207110cf8b0f,49.264928,-123.168068,1,FALSE,FALSE,23600,0452,1783022725,2026-07-02T20:05:32Z,2026-07-02T20:05:32Z,2026-07-02T20:05:23Z,2.2,https://gbfs.kappa.fifteen.eu/gbfs/2.2/mobi/en/gbfs.json,https://gbfs.kappa.fifteen.eu/gbfs/2.2/mobi/en/free_bike_status.json,2026-07-02T20:05:31Z,2026-07-02T20:05:31Z
mobi_vancouver,mobi_vancouver_cee3f0e7-1887-4c7d-b884-f715c59ad96b,cee3f0e7-1887-4c7d-b884-f715c59ad96b,49.2749,-123.12898,1,FALSE,FALSE,23600,0319,1783022725,2026-07-02T20:05:32Z,2026-07-02T20:05:32Z,2026-07-02T20:05:23Z,2.2,https://gbfs.kappa.fifteen.eu/gbfs/2.2/mobi/en/gbfs.json,https://gbfs.kappa.fifteen.eu/gbfs/2.2/mobi/en/free_bike_status.json,2026-07-02T20:05:31Z,2026-07-02T20:05:31Z
mobi_vancouver,mobi_vancouver_02a82ada-6099-4ef2-a920-6d7953f85a05,02a82ada-6099-4ef2-a920-6d7953f85a05,49.299292,-123.130281,1,FALSE,FALSE,24000,0101,1783022725,2026-07-02T20:05:32Z,2026-07-02T20:05:32Z,2026-07-02T20:05:23Z,2.2,https://gbfs.kappa.fifteen.eu/gbfs/2.2/mobi/en/gbfs.json,https://gbfs.kappa.fifteen.eu/gbfs/2.2/mobi/en/free_bike_status.json,2026-07-02T20:05:31Z,2026-07-02T20:05:31Z
mobi_vancouver,mobi_vancouver_2a805552-8952-401c-86d3-3b4c53195898,2a805552-8952-401c-86d3-3b4c53195898,49.279235,-123.087528,1,FALSE,FALSE,24000,0228,1783022725,2026-07-02T20:05:32Z,2026-07-02T20:05:32Z,2026-07-02T20:05:23Z,2.2,https://gbfs.kappa.fifteen.eu/gbfs/2.2/mobi/en/gbfs.json,https://gbfs.kappa.fifteen.eu/gbfs/2.2/mobi/en/free_bike_status.json,2026-07-02T20:05:31Z,2026-07-02T20:05:31Z
mobi_vancouver,mobi_vancouver_0eb52ef7-8ef9-4c79-a03b-df729da3a9e0,0eb52ef7-8ef9-4c79-a03b-df729da3a9e0,49.282055,-123.133045,1,FALSE,FALSE,24400,0187,1783022725,2026-07-02T20:05:32Z,2026-07-02T20:05:32Z,2026-07-02T20:05:23Z,2.2,https://gbfs.kappa.fifteen.eu/gbfs/2.2/mobi/en/gbfs.json,https://gbfs.kappa.fifteen.eu/gbfs/2.2/mobi/en/free_bike_status.json,2026-07-02T20:05:31Z,2026-07-02T20:05:31Z
mobi_vancouver,mobi_vancouver_41c69cb2-d6a2-4fc6-ae45-ea8d3dc7b068,41c69cb2-d6a2-4fc6-ae45-ea8d3dc7b068,49.279235,-123.087528,1,FALSE,FALSE,24400,0228,1783022725,2026-07-02T20:05:32Z,2026-07-02T20:05:32Z,2026-07-02T20:05:23Z,2.2,https://gbfs.kappa.fifteen.eu/gbfs/2.2/mobi/en/gbfs.json,https://gbfs.kappa.fifteen.eu/gbfs/2.2/mobi/en/free_bike_status.json,2026-07-02T20:05:31Z,2026-07-02T20:05:31Z
mobi_vancouver,mobi_vancouver_bf85d30f-0dd6-4c3d-a3d4-8ba4455e1eb0,bf85d30f-0dd6-4c3d-a3d4-8ba4455e1eb0,49.287097,-123.118551,1,FALSE,FALSE,24800,0016,1783022725,2026-07-02T20:05:32Z,2026-07-02T20:05:32Z,2026-07-02T20:05:23Z,2.2,https://gbfs.kappa.fifteen.eu/gbfs/2.2/mobi/en/gbfs.json,https://gbfs.kappa.fifteen.eu/gbfs/2.2/mobi/en/free_bike_status.json,2026-07-02T20:05:31Z,2026-07-02T20:05:31Z
mobi_vancouver,mobi_vancouver_3f63d7f6-ad64-41c6-a939-bfa1cc959a85,3f63d7f6-ad64-41c6-a939-bfa1cc959a85,49.284605,-123.108662,1,FALSE,FALSE,24800,0052,1783022725,2026-07-02T20:05:32Z,2026-07-02T20:05:32Z,2026-07-02T20:05:23Z,2.2,https://gbfs.kappa.fifteen.eu/gbfs/2.2/mobi/en/gbfs.json,https://gbfs.kappa.fifteen.eu/gbfs/2.2/mobi/en/free_bike_status.json,2026-07-02T20:05:31Z,2026-07-02T20:05:31Z
mobi_vancouver,mobi_vancouver_3afc1c2d-2983-4bec-a820-48db5d3773b2,3afc1c2d-2983-4bec-a820-48db5d3773b2,49.265939,-123.1129,1,FALSE,FALSE,24800,0171,1783022725,2026-07-02T20:05:32Z,2026-07-02T20:05:32Z,2026-07-02T20:05:23Z,2.2,https://gbfs.kappa.fifteen.eu/gbfs/2.2/mobi/en/gbfs.json,https://gbfs.kappa.fifteen.eu/gbfs/2.2/mobi/en/free_bike_status.json,2026-07-02T20:05:31Z,2026-07-02T20:05:31Z
mobi_vancouver,mobi_vancouver_6d2bbe8d-4cd6-4a74-af9d-ecad89e7e309,6d2bbe8d-4cd6-4a74-af9d-ecad89e7e309,49.25976,-123.2479,2,FALSE,FALSE,24800,2127,1783022725,2026-07-02T20:05:32Z,2026-07-02T20:05:32Z,2026-07-02T20:05:23Z,2.2,https://gbfs.kappa.fifteen.eu/gbfs/2.2/mobi/en/gbfs.json,https://gbfs.kappa.fifteen.eu/gbfs/2.2/mobi/en/free_bike_status.json,2026-07-02T20:05:31Z,2026-07-02T20:05:31Z
mobi_vancouver,mobi_vancouver_5652b533-976a-4437-a337-5c79dea6998f,5652b533-976a-4437-a337-5c79dea6998f,49.28026,-123.135244,1,FALSE,FALSE,25200,0088,1783022725,2026-07-02T20:05:32Z,2026-07-02T20:05:32Z,2026-07-02T20:05:23Z,2.2,https://gbfs.kappa.fifteen.eu/gbfs/2.2/mobi/en/gbfs.json,https://gbfs.kappa.fifteen.eu/gbfs/2.2/mobi/en/free_bike_status.json,2026-07-02T20:05:31Z,2026-07-02T20:05:31Z
mobi_vancouver,mobi_vancouver_31555dba-84e8-45bc-85a3-ce07fe6424d2,31555dba-84e8-45bc-85a3-ce07fe6424d2,49.254377,-123.11917,1,FALSE,FALSE,25600,0511,1783022725,2026-07-02T20:05:32Z,2026-07-02T20:05:32Z,2026-07-02T20:05:23Z,2.2,https://gbfs.kappa.fifteen.eu/gbfs/2.2/mobi/en/gbfs.json,https://gbfs.kappa.fifteen.eu/gbfs/2.2/mobi/en/free_bike_status.json,2026-07-02T20:05:31Z,2026-07-02T20:05:31Z
mobi_vancouver,mobi_vancouver_1b99b0a2-13b5-4f72-b057-a732ea98695d,1b99b0a2-13b5-4f72-b057-a732ea98695d,0,0,2,FALSE,FALSE,26000,,1783022725,2026-07-02T20:05:32Z,2026-07-02T20:05:32Z,2026-07-02T20:05:23Z,2.2,https://gbfs.kappa.fifteen.eu/gbfs/2.2/mobi/en/gbfs.json,https://gbfs.kappa.fifteen.eu/gbfs/2.2/mobi/en/free_bike_status.json,2026-07-02T20:05:31Z,2026-07-02T20:05:31Z
mobi_vancouver,mobi_vancouver_c166a123-af76-4abd-a1d9-bac5c4f48897,c166a123-af76-4abd-a1d9-bac5c4f48897,49.272172,-123.097978,1,FALSE,FALSE,26000,0354,1783022725,2026-07-02T20:05:32Z,2026-07-02T20:05:32Z,2026-07-02T20:05:23Z,2.2,https://gbfs.kappa.fifteen.eu/gbfs/2.2/mobi/en/gbfs.json,https://gbfs.kappa.fifteen.eu/gbfs/2.2/mobi/en/free_bike_status.json,2026-07-02T20:05:31Z,2026-07-02T20:05:31Z
mobi_vancouver,mobi_vancouver_7ee42b75-5bb3-44b8-8614-735703965351,7ee42b75-5bb3-44b8-8614-735703965351,49.28026,-123.135244,1,FALSE,FALSE,27600,0088,1783022725,2026-07-02T20:05:32Z,2026-07-02T20:05:32Z,2026-07-02T20:05:23Z,2.2,https://gbfs.kappa.fifteen.eu/gbfs/2.2/mobi/en/gbfs.json,https://gbfs.kappa.fifteen.eu/gbfs/2.2/mobi/en/free_bike_status.json,2026-07-02T20:05:31Z,2026-07-02T20:05:31Z
mobi_vancouver,mobi_vancouver_3f9dbb04-5e57-4764-a2a5-95abe5da7f26,3f9dbb04-5e57-4764-a2a5-95abe5da7f26,49.287528,-123.142139,1,FALSE,FALSE,28800,0028,1783022725,2026-07-02T20:05:32Z,2026-07-02T20:05:32Z,2026-07-02T20:05:23Z,2.2,https://gbfs.kappa.fifteen.eu/gbfs/2.2/mobi/en/gbfs.json,https://gbfs.kappa.fifteen.eu/gbfs/2.2/mobi/en/free_bike_status.json,2026-07-02T20:05:31Z,2026-07-02T20:05:31Z
mobi_vancouver,mobi_vancouver_f733330e-8d63-47f7-81a3-7b8135c472c1,f733330e-8d63-47f7-81a3-7b8135c472c1,49.27713,-123.07583,2,FALSE,FALSE,28800,,1783022725,2026-07-02T20:05:32Z,2026-07-02T20:05:32Z,2026-07-02T20:05:23Z,2.2,https://gbfs.kappa.fifteen.eu/gbfs/2.2/mobi/en/gbfs.json,https://gbfs.kappa.fifteen.eu/gbfs/2.2/mobi/en/free_bike_status.json,2026-07-02T20:05:31Z,2026-07-02T20:05:31Z
mobi_vancouver,mobi_vancouver_cae67035-3432-4c97-bc25-0c0e50a09506,cae67035-3432-4c97-bc25-0c0e50a09506,0,0,2,FALSE,FALSE,29200,,1783022725,2026-07-02T20:05:32Z,2026-07-02T20:05:32Z,2026-07-02T20:05:23Z,2.2,https://gbfs.kappa.fifteen.eu/gbfs/2.2/mobi/en/gbfs.json,https://gbfs.kappa.fifteen.eu/gbfs/2.2/mobi/en/free_bike_status.json,2026-07-02T20:05:31Z,2026-07-02T20:05:31Z
mobi_vancouver,mobi_vancouver_4f40a798-4a9d-4631-9a47-da998687e3f4,4f40a798-4a9d-4631-9a47-da998687e3f4,49.249184,-123.116141,2,FALSE,FALSE,30800,0524,1783022725,2026-07-02T20:05:32Z,2026-07-02T20:05:32Z,2026-07-02T20:05:23Z,2.2,https://gbfs.kappa.fifteen.eu/gbfs/2.2/mobi/en/gbfs.json,https://gbfs.kappa.fifteen.eu/gbfs/2.2/mobi/en/free_bike_status.json,2026-07-02T20:05:31Z,2026-07-02T20:05:31Z
mobi_vancouver,mobi_vancouver_06ae4887-3aa3-4c25-ae9a-a18caa28e27d,06ae4887-3aa3-4c25-ae9a-a18caa28e27d,49.276768,-123.075636,2,FALSE,FALSE,31600,,1783022725,2026-07-02T20:05:32Z,2026-07-02T20:05:32Z,2026-07-02T20:05:23Z,2.2,https://gbfs.kappa.fifteen.eu/gbfs/2.2/mobi/en/gbfs.json,https://gbfs.kappa.fifteen.eu/gbfs/2.2/mobi/en/free_bike_status.json,2026-07-02T20:05:31Z,2026-07-02T20:05:31Z
mobi_vancouver,mobi_vancouver_755e0fc6-3564-49ba-a515-911c4d206d0d,755e0fc6-3564-49ba-a515-911c4d206d0d,0,0,2,FALSE,FALSE,32000,,1783022725,2026-07-02T20:05:32Z,2026-07-02T20:05:32Z,2026-07-02T20:05:23Z,2.2,https://gbfs.kappa.fifteen.eu/gbfs/2.2/mobi/en/gbfs.json,https://gbfs.kappa.fifteen.eu/gbfs/2.2/mobi/en/free_bike_status.json,2026-07-02T20:05:31Z,2026-07-02T20:05:31Z
mobi_vancouver,mobi_vancouver_7bf7e411-a025-42ce-b007-03a0766d5df7,7bf7e411-a025-42ce-b007-03a0766d5df7,49.262598,-123.138921,2,FALSE,FALSE,32400,0070,1783022725,2026-07-02T20:05:32Z,2026-07-02T20:05:32Z,2026-07-02T20:05:23Z,2.2,https://gbfs.kappa.fifteen.eu/gbfs/2.2/mobi/en/gbfs.json,https://gbfs.kappa.fifteen.eu/gbfs/2.2/mobi/en/free_bike_status.json,2026-07-02T20:05:31Z,2026-07-02T20:05:31Z
mobi_vancouver,mobi_vancouver_17138504-75c5-4874-aaa3-0fa621d6b885,17138504-75c5-4874-aaa3-0fa621d6b885,49.276768,-123.075636,2,FALSE,FALSE,32400,,1783022725,2026-07-02T20:05:32Z,2026-07-02T20:05:32Z,2026-07-02T20:05:23Z,2.2,https://gbfs.kappa.fifteen.eu/gbfs/2.2/mobi/en/gbfs.json,https://gbfs.kappa.fifteen.eu/gbfs/2.2/mobi/en/free_bike_status.json,2026-07-02T20:05:31Z,2026-07-02T20:05:31Z
mobi_vancouver,mobi_vancouver_26b47d50-59c0-4510-a5d1-d35a1132939e,26b47d50-59c0-4510-a5d1-d35a1132939e,49.262206,-123.109091,2,FALSE,FALSE,33600,0074,1783022725,2026-07-02T20:05:32Z,2026-07-02T20:05:32Z,2026-07-02T20:05:23Z,2.2,https://gbfs.kappa.fifteen.eu/gbfs/2.2/mobi/en/gbfs.json,https://gbfs.kappa.fifteen.eu/gbfs/2.2/mobi/en/free_bike_status.json,2026-07-02T20:05:31Z,2026-07-02T20:05:31Z
mobi_vancouver,mobi_vancouver_f8d888f4-a27e-4ac7-8988-56e24fbfdb5c,f8d888f4-a27e-4ac7-8988-56e24fbfdb5c,49.276768,-123.075636,2,FALSE,FALSE,34400,,1783022725,2026-07-02T20:05:32Z,2026-07-02T20:05:32Z,2026-07-02T20:05:23Z,2.2,https://gbfs.kappa.fifteen.eu/gbfs/2.2/mobi/en/gbfs.json,https://gbfs.kappa.fifteen.eu/gbfs/2.2/mobi/en/free_bike_status.json,2026-07-02T20:05:31Z,2026-07-02T20:05:31Z
mobi_vancouver,mobi_vancouver_88bd8fb7-e5d5-4f1b-a953-3dc3484ad9a4,88bd8fb7-e5d5-4f1b-a953-3dc3484ad9a4,49.297933,-123.130758,2,FALSE,FALSE,34800,0209,1783022725,2026-07-02T20:05:32Z,2026-07-02T20:05:32Z,2026-07-02T20:05:23Z,2.2,https://gbfs.kappa.fifteen.eu/gbfs/2.2/mobi/en/gbfs.json,https://gbfs.kappa.fifteen.eu/gbfs/2.2/mobi/en/free_bike_status.json,2026-07-02T20:05:31Z,2026-07-02T20:05:31Z
mobi_vancouver,mobi_vancouver_f912188e-3ebf-4262-9806-82b808be3a06,f912188e-3ebf-4262-9806-82b808be3a06,49.276768,-123.075636,2,FALSE,FALSE,38800,,1783022725,2026-07-02T20:05:32Z,2026-07-02T20:05:32Z,2026-07-02T20:05:23Z,2.2,https://gbfs.kappa.fifteen.eu/gbfs/2.2/mobi/en/gbfs.json,https://gbfs.kappa.fifteen.eu/gbfs/2.2/mobi/en/free_bike_status.json,2026-07-02T20:05:31Z,2026-07-02T20:05:31Z
mobi_vancouver,mobi_vancouver_87cd6f68-01cb-498d-bc57-41b0dfdbefbe,87cd6f68-01cb-498d-bc57-41b0dfdbefbe,49.276768,-123.075636,2,FALSE,FALSE,40000,,1783022725,2026-07-02T20:05:32Z,2026-07-02T20:05:32Z,2026-07-02T20:05:23Z,2.2,https://gbfs.kappa.fifteen.eu/gbfs/2.2/mobi/en/gbfs.json,https://gbfs.kappa.fifteen.eu/gbfs/2.2/mobi/en/free_bike_status.json,2026-07-02T20:05:31Z,2026-07-02T20:05:31Z
mobi_vancouver,mobi_vancouver_0009496a-ac93-4e91-b069-943fe2a981b8,0009496a-ac93-4e91-b069-943fe2a981b8,49.276768,-123.075636,2,FALSE,FALSE,40000,,1783022725,2026-07-02T20:05:32Z,2026-07-02T20:05:32Z,2026-07-02T20:05:23Z,2.2,https://gbfs.kappa.fifteen.eu/gbfs/2.2/mobi/en/gbfs.json,https://gbfs.kappa.fifteen.eu/gbfs/2.2/mobi/en/free_bike_status.json,2026-07-02T20:05:31Z,2026-07-02T20:05:31Z
mobi_vancouver,mobi_vancouver_9c7652e3-228c-4afa-9277-b5390cccb55d,9c7652e3-228c-4afa-9277-b5390cccb55d,49.25976,-123.2479,2,FALSE,FALSE,40000,2127,1783022725,2026-07-02T20:05:32Z,2026-07-02T20:05:32Z,2026-07-02T20:05:23Z,2.2,https://gbfs.kappa.fifteen.eu/gbfs/2.2/mobi/en/gbfs.json,https://gbfs.kappa.fifteen.eu/gbfs/2.2/mobi/en/free_bike_status.json,2026-07-02T20:05:31Z,2026-07-02T20:05:31Z
mobi_vancouver,mobi_vancouver_4bf5c897-3b6b-45da-a8d4-b968980d5eb7,4bf5c897-3b6b-45da-a8d4-b968980d5eb7,49.26875,-123.25004,2,FALSE,FALSE,40000,2142,1783022725,2026-07-02T20:05:32Z,2026-07-02T20:05:32Z,2026-07-02T20:05:23Z,2.2,https://gbfs.kappa.fifteen.eu/gbfs/2.2/mobi/en/gbfs.json,https://gbfs.kappa.fifteen.eu/gbfs/2.2/mobi/en/free_bike_status.json,2026-07-02T20:05:31Z,2026-07-02T20:05:31Z
mobi_vancouver,mobi_vancouver_47fde872-4cc4-4062-91fc-0e3d7893bd81,47fde872-4cc4-4062-91fc-0e3d7893bd81,49.265089,-123.119425,1,FALSE,TRUE,0,0081,1783022725,2026-07-02T20:05:32Z,2026-07-02T20:05:32Z,2026-07-02T20:05:23Z,2.2,https://gbfs.kappa.fifteen.eu/gbfs/2.2/mobi/en/gbfs.json,https://gbfs.kappa.fifteen.eu/gbfs/2.2/mobi/en/free_bike_status.json,2026-07-02T20:05:31Z,2026-07-02T20:05:31Z
mobi_vancouver,mobi_vancouver_61338ce7-63ed-472a-a32a-8c662203a099,61338ce7-63ed-472a-a32a-8c662203a099,49.284062,-123.095097,2,FALSE,TRUE,0,0161,1783022725,2026-07-02T20:05:32Z,2026-07-02T20:05:32Z,2026-07-02T20:05:23Z,2.2,https://gbfs.kappa.fifteen.eu/gbfs/2.2/mobi/en/gbfs.json,https://gbfs.kappa.fifteen.eu/gbfs/2.2/mobi/en/free_bike_status.json,2026-07-02T20:05:31Z,2026-07-02T20:05:31Z
mobi_vancouver,mobi_vancouver_c577200d-52ef-4e54-823e-4f8f8c23a0f3,c577200d-52ef-4e54-823e-4f8f8c23a0f3,49.277615,-123.091654,1,FALSE,TRUE,0,0215,1783022725,2026-07-02T20:05:32Z,2026-07-02T20:05:32Z,2026-07-02T20:05:23Z,2.2,https://gbfs.kappa.fifteen.eu/gbfs/2.2/mobi/en/gbfs.json,https://gbfs.kappa.fifteen.eu/gbfs/2.2/mobi/en/free_bike_status.json,2026-07-02T20:05:31Z,2026-07-02T20:05:31Z
mobi_vancouver,mobi_vancouver_c625f8ca-709a-42a3-94a5-4ae8b1764f04,c625f8ca-709a-42a3-94a5-4ae8b1764f04,49.276768,-123.075636,2,FALSE,TRUE,0,0318,1783022725,2026-07-02T20:05:32Z,2026-07-02T20:05:32Z,2026-07-02T20:05:23Z,2.2,https://gbfs.kappa.fifteen.eu/gbfs/2.2/mobi/en/gbfs.json,https://gbfs.kappa.fifteen.eu/gbfs/2.2/mobi/en/free_bike_status.json,2026-07-02T20:05:31Z,2026-07-02T20:05:31Z
mobi_vancouver,mobi_vancouver_2b1b2848-83df-46dc-b815-84881c1dfd9e,2b1b2848-83df-46dc-b815-84881c1dfd9e,49.263837,-123.105173,1,FALSE,TRUE,9600,0107,1783022725,2026-07-02T20:05:32Z,2026-07-02T20:05:32Z,2026-07-02T20:05:23Z,2.2,https://gbfs.kappa.fifteen.eu/gbfs/2.2/mobi/en/gbfs.json,https://gbfs.kappa.fifteen.eu/gbfs/2.2/mobi/en/free_bike_status.json,2026-07-02T20:05:31Z,2026-07-02T20:05:31Z
mobi_vancouver,mobi_vancouver_b71cb7f9-7452-4cd4-8d02-d4cb6c1946d0,b71cb7f9-7452-4cd4-8d02-d4cb6c1946d0,49.25976,-123.2479,1,FALSE,TRUE,10000,2127,1783022725,2026-07-02T20:05:32Z,2026-07-02T20:05:32Z,2026-07-02T20:05:23Z,2.2,https://gbfs.kappa.fifteen.eu/gbfs/2.2/mobi/en/gbfs.json,https://gbfs.kappa.fifteen.eu/gbfs/2.2/mobi/en/free_bike_status.json,2026-07-02T20:05:31Z,2026-07-02T20:05:31Z
mobi_vancouver,mobi_vancouver_c81dab26-c254-43a8-938f-7e59c502eefb,c81dab26-c254-43a8-938f-7e59c502eefb,49.282055,-123.133045,1,FALSE,TRUE,10400,0187,1783022725,2026-07-02T20:05:32Z,2026-07-02T20:05:32Z,2026-07-02T20:05:23Z,2.2,https://gbfs.kappa.fifteen.eu/gbfs/2.2/mobi/en/gbfs.json,https://gbfs.kappa.fifteen.eu/gbfs/2.2/mobi/en/free_bike_status.json,2026-07-02T20:05:31Z,2026-07-02T20:05:31Z
mobi_vancouver,mobi_vancouver_2094e327-ee04-4178-a505-9fd098f1bd3a,2094e327-ee04-4178-a505-9fd098f1bd3a,49.257654,-123.153212,1,FALSE,TRUE,10400,0113,1783022725,2026-07-02T20:05:32Z,2026-07-02T20:05:32Z,2026-07-02T20:05:23Z,2.2,https://gbfs.kappa.fifteen.eu/gbfs/2.2/mobi/en/gbfs.json,https://gbfs.kappa.fifteen.eu/gbfs/2.2/mobi/en/free_bike_status.json,2026-07-02T20:05:31Z,2026-07-02T20:05:31Z
mobi_vancouver,mobi_vancouver_b9a86a07-a9c2-451d-9f5b-1d76a9720320,b9a86a07-a9c2-451d-9f5b-1d76a9720320,49.273794,-123.114438,1,FALSE,TRUE,10800,0057,1783022725,2026-07-02T20:05:32Z,2026-07-02T20:05:32Z,2026-07-02T20:05:23Z,2.2,https://gbfs.kappa.fifteen.eu/gbfs/2.2/mobi/en/gbfs.json,https://gbfs.kappa.fifteen.eu/gbfs/2.2/mobi/en/free_bike_status.json,2026-07-02T20:05:31Z,2026-07-02T20:05:31Z
mobi_vancouver,mobi_vancouver_1cdc8ff7-bba9-414a-abf1-bff5c5115ffb,1cdc8ff7-bba9-414a-abf1-bff5c5115ffb,49.269172,-123.25279,1,FALSE,TRUE,11200,2131,1783022725,2026-07-02T20:05:32Z,2026-07-02T20:05:32Z,2026-07-02T20:05:23Z,2.2,https://gbfs.kappa.fifteen.eu/gbfs/2.2/mobi/en/gbfs.json,https://gbfs.kappa.fifteen.eu/gbfs/2.2/mobi/en/free_bike_status.json,2026-07-02T20:05:31Z,2026-07-02T20:05:31Z
mobi_vancouver,mobi_vancouver_eb614346-45a1-4641-aa60-823834bd0176,eb614346-45a1-4641-aa60-823834bd0176,49.25478,-123.23621,1,FALSE,TRUE,11600,2252,1783022725,2026-07-02T20:05:32Z,2026-07-02T20:05:32Z,2026-07-02T20:05:23Z,2.2,https://gbfs.kappa.fifteen.eu/gbfs/2.2/mobi/en/gbfs.json,https://gbfs.kappa.fifteen.eu/gbfs/2.2/mobi/en/free_bike_status.json,2026-07-02T20:05:31Z,2026-07-02T20:05:31Z
mobi_vancouver,mobi_vancouver_45d48677-da7e-4dcb-90ca-b623c441cf74,45d48677-da7e-4dcb-90ca-b623c441cf74,49.265207,-123.250139,1,FALSE,TRUE,11600,2134,1783022725,2026-07-02T20:05:32Z,2026-07-02T20:05:32Z,2026-07-02T20:05:23Z,2.2,https://gbfs.kappa.fifteen.eu/gbfs/2.2/mobi/en/gbfs.json,https://gbfs.kappa.fifteen.eu/gbfs/2.2/mobi/en/free_bike_status.json,2026-07-02T20:05:31Z,2026-07-02T20:05:31Z
mobi_vancouver,mobi_vancouver_1b516411-0805-4c3e-9e32-b7314b0b3156,1b516411-0805-4c3e-9e32-b7314b0b3156,49.257654,-123.153212,1,FALSE,TRUE,12000,0113,1783022725,2026-07-02T20:05:32Z,2026-07-02T20:05:32Z,2026-07-02T20:05:23Z,2.2,https://gbfs.kappa.fifteen.eu/gbfs/2.2/mobi/en/gbfs.json,https://gbfs.kappa.fifteen.eu/gbfs/2.2/mobi/en/free_bike_status.json,2026-07-02T20:05:31Z,2026-07-02T20:05:31Z
mobi_vancouver,mobi_vancouver_4297fd0f-5a27-43ee-a03d-85f741942772,4297fd0f-5a27-43ee-a03d-85f741942772,49.273471,-123.118016,1,FALSE,TRUE,12000,0017,1783022725,2026-07-02T20:05:32Z,2026-07-02T20:05:32Z,2026-07-02T20:05:23Z,2.2,https://gbfs.kappa.fifteen.eu/gbfs/2.2/mobi/en/gbfs.json,https://gbfs.kappa.fifteen.eu/gbfs/2.2/mobi/en/free_bike_status.json,2026-07-02T20:05:31Z,2026-07-02T20:05:31Z
mobi_vancouver,mobi_vancouver_4144480d-26db-4ef5-b4e9-62b4aa238767,4144480d-26db-4ef5-b4e9-62b4aa238767,49.262598,-123.138921,1,FALSE,TRUE,12400,0070,1783022725,2026-07-02T20:05:32Z,2026-07-02T20:05:32Z,2026-07-02T20:05:23Z,2.2,https://gbfs.kappa.fifteen.eu/gbfs/2.2/mobi/en/gbfs.json,https://gbfs.kappa.fifteen.eu/gbfs/2.2/mobi/en/free_bike_status.json,2026-07-02T20:05:31Z,2026-07-02T20:05:31Z
mobi_vancouver,mobi_vancouver_a1be5ebe-454e-462b-9e5c-148758ed66a0,a1be5ebe-454e-462b-9e5c-148758ed66a0,49.276436,-123.11877,1,FALSE,TRUE,12800,0078,1783022725,2026-07-02T20:05:32Z,2026-07-02T20:05:32Z,2026-07-02T20:05:23Z,2.2,https://gbfs.kappa.fifteen.eu/gbfs/2.2/mobi/en/gbfs.json,https://gbfs.kappa.fifteen.eu/gbfs/2.2/mobi/en/free_bike_status.json,2026-07-02T20:05:31Z,2026-07-02T20:05:31Z
mobi_vancouver,mobi_vancouver_5433c9e4-7986-4624-ad3e-721040abf7cd,5433c9e4-7986-4624-ad3e-721040abf7cd,49.268837,-123.177633,1,FALSE,TRUE,12800,0431,1783022725,2026-07-02T20:05:32Z,2026-07-02T20:05:32Z,2026-07-02T20:05:23Z,2.2,https://gbfs.kappa.fifteen.eu/gbfs/2.2/mobi/en/gbfs.json,https://gbfs.kappa.fifteen.eu/gbfs/2.2/mobi/en/free_bike_status.json,2026-07-02T20:05:31Z,2026-07-02T20:05:31Z
mobi_vancouver,mobi_vancouver_ac80a310-add8-404c-a3a7-58a7ec62d50e,ac80a310-add8-404c-a3a7-58a7ec62d50e,49.261403,-123.070102,1,FALSE,TRUE,13200,0244,1783022725,2026-07-02T20:05:32Z,2026-07-02T20:05:32Z,2026-07-02T20:05:23Z,2.2,https://gbfs.kappa.fifteen.eu/gbfs/2.2/mobi/en/gbfs.json,https://gbfs.kappa.fifteen.eu/gbfs/2.2/mobi/en/free_bike_status.json,2026-07-02T20:05:31Z,2026-07-02T20:05:31Z
mobi_vancouver,mobi_vancouver_fd5ac6c5-6b73-4888-9964-51ee54d5ca21,fd5ac6c5-6b73-4888-9964-51ee54d5ca21,49.25478,-123.23621,1,FALSE,TRUE,14000,2252,1783022725,2026-07-02T20:05:32Z,2026-07-02T20:05:32Z,2026-07-02T20:05:23Z,2.2,https://gbfs.kappa.fifteen.eu/gbfs/2.2/mobi/en/gbfs.json,https://gbfs.kappa.fifteen.eu/gbfs/2.2/mobi/en/free_bike_status.json,2026-07-02T20:05:31Z,2026-07-02T20:05:31Z
mobi_vancouver,mobi_vancouver_eb741814-0f32-44ff-bdcf-212f7dfc07b5,eb741814-0f32-44ff-bdcf-212f7dfc07b5,49.269172,-123.25279,2,FALSE,TRUE,14000,2131,1783022725,2026-07-02T20:05:32Z,2026-07-02T20:05:32Z,2026-07-02T20:05:23Z,2.2,https://gbfs.kappa.fifteen.eu/gbfs/2.2/mobi/en/gbfs.json,https://gbfs.kappa.fifteen.eu/gbfs/2.2/mobi/en/free_bike_status.json,2026-07-02T20:05:31Z,2026-07-02T20:05:31Z
mobi_vancouver,mobi_vancouver_b9849e1c-02e0-44fa-9b4c-d0e7d4b40281,b9849e1c-02e0-44fa-9b4c-d0e7d4b40281,49.27924,-123.119185,2,FALSE,TRUE,14400,0058,1783022725,2026-07-02T20:05:32Z,2026-07-02T20:05:32Z,2026-07-02T20:05:23Z,2.2,https://gbfs.kappa.fifteen.eu/gbfs/2.2/mobi/en/gbfs.json,https://gbfs.kappa.fifteen.eu/gbfs/2.2/mobi/en/free_bike_status.json,2026-07-02T20:05:31Z,2026-07-02T20:05:31Z
mobi_vancouver,mobi_vancouver_2fe1c089-937e-4a81-a469-d58dcb349e49,2fe1c089-937e-4a81-a469-d58dcb349e49,49.282758,-123.122092,1,FALSE,TRUE,14400,0019,1783022725,2026-07-02T20:05:32Z,2026-07-02T20:05:32Z,2026-07-02T20:05:23Z,2.2,https://gbfs.kappa.fifteen.eu/gbfs/2.2/mobi/en/gbfs.json,https://gbfs.kappa.fifteen.eu/gbfs/2.2/mobi/en/free_bike_status.json,2026-07-02T20:05:31Z,2026-07-02T20:05:31Z
mobi_vancouver,mobi_vancouver_8caf9214-1109-4dca-ad8d-cf503727eac4,8caf9214-1109-4dca-ad8d-cf503727eac4,49.289071,-123.138407,1,FALSE,TRUE,14400,0313,1783022725,2026-07-02T20:05:32Z,2026-07-02T20:05:32Z,2026-07-02T20:05:23Z,2.2,https://gbfs.kappa.fifteen.eu/gbfs/2.2/mobi/en/gbfs.json,https://gbfs.kappa.fifteen.eu/gbfs/2.2/mobi/en/free_bike_status.json,2026-07-02T20:05:31Z,2026-07-02T20:05:31Z
mobi_vancouver,mobi_vancouver_1d04744e-28dc-4333-9ca0-b04edbea8f4b,1d04744e-28dc-4333-9ca0-b04edbea8f4b,49.26875,-123.25004,1,FALSE,TRUE,14400,2142,1783022725,2026-07-02T20:05:32Z,2026-07-02T20:05:32Z,2026-07-02T20:05:23Z,2.2,https://gbfs.kappa.fifteen.eu/gbfs/2.2/mobi/en/gbfs.json,https://gbfs.kappa.fifteen.eu/gbfs/2.2/mobi/en/free_bike_status.json,2026-07-02T20:05:31Z,2026-07-02T20:05:31Z
mobi_vancouver,mobi_vancouver_543b927e-f3f6-47db-a012-bc92b2325397,543b927e-f3f6-47db-a012-bc92b2325397,49.288707,-123.11811,1,FALSE,TRUE,14800,0201,1783022725,2026-07-02T20:05:32Z,2026-07-02T20:05:32Z,2026-07-02T20:05:23Z,2.2,https://gbfs.kappa.fifteen.eu/gbfs/2.2/mobi/en/gbfs.json,https://gbfs.kappa.fifteen.eu/gbfs/2.2/mobi/en/free_bike_status.json,2026-07-02T20:05:31Z,2026-07-02T20:05:31Z
mobi_vancouver,mobi_vancouver_d7c332cd-757a-4409-be41-23d5304defe0,d7c332cd-757a-4409-be41-23d5304defe0,49.268514,-123.157412,1,FALSE,TRUE,15200,0159,1783022725,2026-07-02T20:05:32Z,2026-07-02T20:05:32Z,2026-07-02T20:05:23Z,2.2,https://gbfs.kappa.fifteen.eu/gbfs/2.2/mobi/en/gbfs.json,https://gbfs.kappa.fifteen.eu/gbfs/2.2/mobi/en/free_bike_status.json,2026-07-02T20:05:31Z,2026-07-02T20:05:31Z
mobi_vancouver,mobi_vancouver_0dec90d9-e34e-45aa-b830-53e31573aebd,0dec90d9-e34e-45aa-b830-53e31573aebd,49.274817,-123.069216,1,FALSE,TRUE,15200,0231,1783022725,2026-07-02T20:05:32Z,2026-07-02T20:05:32Z,2026-07-02T20:05:23Z,2.2,https://gbfs.kappa.fifteen.eu/gbfs/2.2/mobi/en/gbfs.json,https://gbfs.kappa.fifteen.eu/gbfs/2.2/mobi/en/free_bike_status.json,2026-07-02T20:05:31Z,2026-07-02T20:05:31Z
mobi_vancouver,mobi_vancouver_00440bbb-cad3-4196-bf5f-1a7ecbdefbef,00440bbb-cad3-4196-bf5f-1a7ecbdefbef,49.257654,-123.153212,1,FALSE,TRUE,15600,0113,1783022725,2026-07-02T20:05:32Z,2026-07-02T20:05:32Z,2026-07-02T20:05:23Z,2.2,https://gbfs.kappa.fifteen.eu/gbfs/2.2/mobi/en/gbfs.json,https://gbfs.kappa.fifteen.eu/gbfs/2.2/mobi/en/free_bike_status.json,2026-07-02T20:05:31Z,2026-07-02T20:05:31Z
mobi_vancouver,mobi_vancouver_71f76740-95ca-427f-8c6d-989e0cc05eaa,71f76740-95ca-427f-8c6d-989e0cc05eaa,49.262206,-123.109091,1,FALSE,TRUE,15600,0172,1783022725,2026-07-02T20:05:32Z,2026-07-02T20:05:32Z,2026-07-02T20:05:23Z,2.2,https://gbfs.kappa.fifteen.eu/gbfs/2.2/mobi/en/gbfs.json,https://gbfs.kappa.fifteen.eu/gbfs/2.2/mobi/en/free_bike_status.json,2026-07-02T20:05:31Z,2026-07-02T20:05:31Z
mobi_vancouver,mobi_vancouver_56b96404-469c-4c91-8053-f154754c0a6e,56b96404-469c-4c91-8053-f154754c0a6e,49.279938,-123.127478,1,FALSE,TRUE,16800,0039,1783022725,2026-07-02T20:05:32Z,2026-07-02T20:05:32Z,2026-07-02T20:05:23Z,2.2,https://gbfs.kappa.fifteen.eu/gbfs/2.2/mobi/en/gbfs.json,https://gbfs.kappa.fifteen.eu/gbfs/2.2/mobi/en/free_bike_status.json,2026-07-02T20:05:31Z,2026-07-02T20:05:31Z
mobi_vancouver,mobi_vancouver_8789b898-bf2d-474f-9a58-418b0413f308,8789b898-bf2d-474f-9a58-418b0413f308,49.262944,-123.148109,1,FALSE,TRUE,16800,0068,1783022725,2026-07-02T20:05:32Z,2026-07-02T20:05:32Z,2026-07-02T20:05:23Z,2.2,https://gbfs.kappa.fifteen.eu/gbfs/2.2/mobi/en/gbfs.json,https://gbfs.kappa.fifteen.eu/gbfs/2.2/mobi/en/free_bike_status.json,2026-07-02T20:05:31Z,2026-07-02T20:05:31Z
mobi_vancouver,mobi_vancouver_5e6e1658-ef3c-4d1d-a173-308149f9ee38,5e6e1658-ef3c-4d1d-a173-308149f9ee38,49.265336,-123.145823,1,FALSE,TRUE,16800,0140,1783022725,2026-07-02T20:05:32Z,2026-07-02T20:05:32Z,2026-07-02T20:05:23Z,2.2,https://gbfs.kappa.fifteen.eu/gbfs/2.2/mobi/en/gbfs.json,https://gbfs.kappa.fifteen.eu/gbfs/2.2/mobi/en/free_bike_status.json,2026-07-02T20:05:31Z,2026-07-02T20:05:31Z
mobi_vancouver,mobi_vancouver_066598fc-db83-4231-b1e4-5a46a11725f2,066598fc-db83-4231-b1e4-5a46a11725f2,49.261353,-123.085333,1,FALSE,TRUE,17200,0265,1783022725,2026-07-02T20:05:32Z,2026-07-02T20:05:32Z,2026-07-02T20:05:23Z,2.2,https://gbfs.kappa.fifteen.eu/gbfs/2.2/mobi/en/gbfs.json,https://gbfs.kappa.fifteen.eu/gbfs/2.2/mobi/en/free_bike_status.json,2026-07-02T20:05:31Z,2026-07-02T20:05:31Z
mobi_vancouver,mobi_vancouver_d8770946-8944-43ef-bdfe-3674be016e73,d8770946-8944-43ef-bdfe-3674be016e73,49.256694,-123.096579,1,FALSE,TRUE,17200,0256,1783022725,2026-07-02T20:05:32Z,2026-07-02T20:05:32Z,2026-07-02T20:05:23Z,2.2,https://gbfs.kappa.fifteen.eu/gbfs/2.2/mobi/en/gbfs.json,https://gbfs.kappa.fifteen.eu/gbfs/2.2/mobi/en/free_bike_status.json,2026-07-02T20:05:31Z,2026-07-02T20:05:31Z
mobi_vancouver,mobi_vancouver_eb8cb555-650b-4eb0-884e-396b3cf95853,eb8cb555-650b-4eb0-884e-396b3cf95853,49.26893,-123.11813,1,FALSE,TRUE,17600,0010,1783022725,2026-07-02T20:05:32Z,2026-07-02T20:05:32Z,2026-07-02T20:05:23Z,2.2,https://gbfs.kappa.fifteen.eu/gbfs/2.2/mobi/en/gbfs.json,https://gbfs.kappa.fifteen.eu/gbfs/2.2/mobi/en/free_bike_status.json,2026-07-02T20:05:31Z,2026-07-02T20:05:31Z
mobi_vancouver,mobi_vancouver_38993550-c286-45f2-a0d4-76a6f7b2ff5d,38993550-c286-45f2-a0d4-76a6f7b2ff5d,49.275717,-123.142564,1,FALSE,TRUE,17600,0077,1783022725,2026-07-02T20:05:32Z,2026-07-02T20:05:32Z,2026-07-02T20:05:23Z,2.2,https://gbfs.kappa.fifteen.eu/gbfs/2.2/mobi/en/gbfs.json,https://gbfs.kappa.fifteen.eu/gbfs/2.2/mobi/en/free_bike_status.json,2026-07-02T20:05:31Z,2026-07-02T20:05:31Z
mobi_vancouver,mobi_vancouver_18ef2f68-b035-4f12-9eaa-b35fd05b61c8,18ef2f68-b035-4f12-9eaa-b35fd05b61c8,49.249184,-123.116141,2,FALSE,TRUE,17600,0524,1783022725,2026-07-02T20:05:32Z,2026-07-02T20:05:32Z,2026-07-02T20:05:23Z,2.2,https://gbfs.kappa.fifteen.eu/gbfs/2.2/mobi/en/gbfs.json,https://gbfs.kappa.fifteen.eu/gbfs/2.2/mobi/en/free_bike_status.json,2026-07-02T20:05:31Z,2026-07-02T20:05:31Z
mobi_vancouver,mobi_vancouver_5bc76a9b-2522-4cf2-b79c-23b431ea6c33,5bc76a9b-2522-4cf2-b79c-23b431ea6c33,49.279821,-123.10802,1,FALSE,TRUE,18000,0053,1783022725,2026-07-02T20:05:32Z,2026-07-02T20:05:32Z,2026-07-02T20:05:23Z,2.2,https://gbfs.kappa.fifteen.eu/gbfs/2.2/mobi/en/gbfs.json,https://gbfs.kappa.fifteen.eu/gbfs/2.2/mobi/en/free_bike_status.json,2026-07-02T20:05:31Z,2026-07-02T20:05:31Z
mobi_vancouver,mobi_vancouver_68d4484f-ad9b-4c5c-8982-e187ab2ef590,68d4484f-ad9b-4c5c-8982-e187ab2ef590,49.267222,-123.153157,1,FALSE,TRUE,18000,0110,1783022725,2026-07-02T20:05:32Z,2026-07-02T20:05:32Z,2026-07-02T20:05:23Z,2.2,https://gbfs.kappa.fifteen.eu/gbfs/2.2/mobi/en/gbfs.json,https://gbfs.kappa.fifteen.eu/gbfs/2.2/mobi/en/free_bike_status.json,2026-07-02T20:05:31Z,2026-07-02T20:05:31Z
mobi_vancouver,mobi_vancouver_17871a7c-441b-4097-bafb-16d9dbdb8836,17871a7c-441b-4097-bafb-16d9dbdb8836,49.262678,-123.13899,1,FALSE,TRUE,18000,0070,1783022725,2026-07-02T20:05:32Z,2026-07-02T20:05:32Z,2026-07-02T20:05:23Z,2.2,https://gbfs.kappa.fifteen.eu/gbfs/2.2/mobi/en/gbfs.json,https://gbfs.kappa.fifteen.eu/gbfs/2.2/mobi/en/free_bike_status.json,2026-07-02T20:05:31Z,2026-07-02T20:05:31Z
mobi_vancouver,mobi_vancouver_4785cc9e-c3b0-43d7-a7a9-9a81980abdb0,4785cc9e-c3b0-43d7-a7a9-9a81980abdb0,49.265198,-123.131043,1,FALSE,TRUE,18000,0192,1783022725,2026-07-02T20:05:32Z,2026-07-02T20:05:32Z,2026-07-02T20:05:23Z,2.2,https://gbfs.kappa.fifteen.eu/gbfs/2.2/mobi/en/gbfs.json,https://gbfs.kappa.fifteen.eu/gbfs/2.2/mobi/en/free_bike_status.json,2026-07-02T20:05:31Z,2026-07-02T20:05:31Z
mobi_vancouver,mobi_vancouver_9e3c59aa-a7cf-4b7a-a113-0b4d7fecdb79,9e3c59aa-a7cf-4b7a-a113-0b4d7fecdb79,49.268837,-123.177633,1,FALSE,TRUE,18000,0431,1783022725,2026-07-02T20:05:32Z,2026-07-02T20:05:32Z,2026-07-02T20:05:23Z,2.2,https://gbfs.kappa.fifteen.eu/gbfs/2.2/mobi/en/gbfs.json,https://gbfs.kappa.fifteen.eu/gbfs/2.2/mobi/en/free_bike_status.json,2026-07-02T20:05:31Z,2026-07-02T20:05:31Z
mobi_vancouver,mobi_vancouver_c695fcae-60eb-491e-b3d4-1865da34d5ce,c695fcae-60eb-491e-b3d4-1865da34d5ce,49.262487,-123.114397,1,FALSE,TRUE,18400,0001,1783022725,2026-07-02T20:05:32Z,2026-07-02T20:05:32Z,2026-07-02T20:05:23Z,2.2,https://gbfs.kappa.fifteen.eu/gbfs/2.2/mobi/en/gbfs.json,https://gbfs.kappa.fifteen.eu/gbfs/2.2/mobi/en/free_bike_status.json,2026-07-02T20:05:31Z,2026-07-02T20:05:31Z
mobi_vancouver,mobi_vancouver_e637332e-fb44-4082-8dad-76ee43f740ea,e637332e-fb44-4082-8dad-76ee43f740ea,49.28062,-123.12482,1,FALSE,TRUE,18400,0037,1783022725,2026-07-02T20:05:32Z,2026-07-02T20:05:32Z,2026-07-02T20:05:23Z,2.2,https://gbfs.kappa.fifteen.eu/gbfs/2.2/mobi/en/gbfs.json,https://gbfs.kappa.fifteen.eu/gbfs/2.2/mobi/en/free_bike_status.json,2026-07-02T20:05:31Z,2026-07-02T20:05:31Z
mobi_vancouver,mobi_vancouver_049d043c-8a32-4ed9-9f6f-53a7c8408423,049d043c-8a32-4ed9-9f6f-53a7c8408423,49.262049,-123.104581,1,FALSE,TRUE,18400,0176,1783022725,2026-07-02T20:05:32Z,2026-07-02T20:05:32Z,2026-07-02T20:05:23Z,2.2,https://gbfs.kappa.fifteen.eu/gbfs/2.2/mobi/en/gbfs.json,https://gbfs.kappa.fifteen.eu/gbfs/2.2/mobi/en/free_bike_status.json,2026-07-02T20:05:31Z,2026-07-02T20:05:31Z
mobi_vancouver,mobi_vancouver_a825d052-d9a3-402a-9367-e8fd230c1066,a825d052-d9a3-402a-9367-e8fd230c1066,49.268837,-123.177633,1,FALSE,TRUE,18400,0431,1783022725,2026-07-02T20:05:32Z,2026-07-02T20:05:32Z,2026-07-02T20:05:23Z,2.2,https://gbfs.kappa.fifteen.eu/gbfs/2.2/mobi/en/gbfs.json,https://gbfs.kappa.fifteen.eu/gbfs/2.2/mobi/en/free_bike_status.json,2026-07-02T20:05:31Z,2026-07-02T20:05:31Z
mobi_vancouver,mobi_vancouver_d697a17f-f853-48c9-a031-6cc0f2bbbc38,d697a17f-f853-48c9-a031-6cc0f2bbbc38,49.268837,-123.177633,1,FALSE,TRUE,18800,0431,1783022725,2026-07-02T20:05:32Z,2026-07-02T20:05:32Z,2026-07-02T20:05:23Z,2.2,https://gbfs.kappa.fifteen.eu/gbfs/2.2/mobi/en/gbfs.json,https://gbfs.kappa.fifteen.eu/gbfs/2.2/mobi/en/free_bike_status.json,2026-07-02T20:05:31Z,2026-07-02T20:05:31Z
mobi_vancouver,mobi_vancouver_7c7493f3-9c06-40fd-bafe-527564c5fb4f,7c7493f3-9c06-40fd-bafe-527564c5fb4f,49.276915,-123.122765,1,FALSE,TRUE,19200,0027,1783022725,2026-07-02T20:05:32Z,2026-07-02T20:05:32Z,2026-07-02T20:05:23Z,2.2,https://gbfs.kappa.fifteen.eu/gbfs/2.2/mobi/en/gbfs.json,https://gbfs.kappa.fifteen.eu/gbfs/2.2/mobi/en/free_bike_status.json,2026-07-02T20:05:31Z,2026-07-02T20:05:31Z
mobi_vancouver,mobi_vancouver_1d40e750-4f60-4400-bdcc-596192aa9eb6,1d40e750-4f60-4400-bdcc-596192aa9eb6,49.289255,-123.132677,1,FALSE,TRUE,19200,0041,1783022725,2026-07-02T20:05:32Z,2026-07-02T20:05:32Z,2026-07-02T20:05:23Z,2.2,https://gbfs.kappa.fifteen.eu/gbfs/2.2/mobi/en/gbfs.json,https://gbfs.kappa.fifteen.eu/gbfs/2.2/mobi/en/free_bike_status.json,2026-07-02T20:05:31Z,2026-07-02T20:05:31Z
mobi_vancouver,mobi_vancouver_55dd3776-d244-46dd-85ed-4867a7175861,55dd3776-d244-46dd-85ed-4867a7175861,49.268269,-123.147885,1,FALSE,TRUE,19200,0076,1783022725,2026-07-02T20:05:32Z,2026-07-02T20:05:32Z,2026-07-02T20:05:23Z,2.2,https://gbfs.kappa.fifteen.eu/gbfs/2.2/mobi/en/gbfs.json,https://gbfs.kappa.fifteen.eu/gbfs/2.2/mobi/en/free_bike_status.json,2026-07-02T20:05:31Z,2026-07-02T20:05:31Z
mobi_vancouver,mobi_vancouver_24700a29-ff4b-4167-9a4b-683b88e61435,24700a29-ff4b-4167-9a4b-683b88e61435,49.265253,-123.145761,1,FALSE,TRUE,19200,0140,1783022725,2026-07-02T20:05:32Z,2026-07-02T20:05:32Z,2026-07-02T20:05:23Z,2.2,https://gbfs.kappa.fifteen.eu/gbfs/2.2/mobi/en/gbfs.json,https://gbfs.kappa.fifteen.eu/gbfs/2.2/mobi/en/free_bike_status.json,2026-07-02T20:05:31Z,2026-07-02T20:05:31Z
mobi_vancouver,mobi_vancouver_fc9c9dd1-a5cb-4507-95c0-25afb00b2f83,fc9c9dd1-a5cb-4507-95c0-25afb00b2f83,49.273709,-123.114505,1,FALSE,TRUE,19600,0057,1783022725,2026-07-02T20:05:32Z,2026-07-02T20:05:32Z,2026-07-02T20:05:23Z,2.2,https://gbfs.kappa.fifteen.eu/gbfs/2.2/mobi/en/gbfs.json,https://gbfs.kappa.fifteen.eu/gbfs/2.2/mobi/en/free_bike_status.json,2026-07-02T20:05:31Z,2026-07-02T20:05:31Z
mobi_vancouver,mobi_vancouver_5da192ce-5be5-442d-b59f-4b3016bc73a8,5da192ce-5be5-442d-b59f-4b3016bc73a8,49.279821,-123.10802,1,FALSE,TRUE,19600,0053,1783022725,2026-07-02T20:05:32Z,2026-07-02T20:05:32Z,2026-07-02T20:05:23Z,2.2,https://gbfs.kappa.fifteen.eu/gbfs/2.2/mobi/en/gbfs.json,https://gbfs.kappa.fifteen.eu/gbfs/2.2/mobi/en/free_bike_status.json,2026-07-02T20:05:31Z,2026-07-02T20:05:31Z
mobi_vancouver,mobi_vancouver_033d9033-cf7a-4fb3-838b-264b2102ad7b,033d9033-cf7a-4fb3-838b-264b2102ad7b,49.266399,-123.100415,1,FALSE,TRUE,19600,0198,1783022725,2026-07-02T20:05:32Z,2026-07-02T20:05:32Z,2026-07-02T20:05:23Z,2.2,https://gbfs.kappa.fifteen.eu/gbfs/2.2/mobi/en/gbfs.json,https://gbfs.kappa.fifteen.eu/gbfs/2.2/mobi/en/free_bike_status.json,2026-07-02T20:05:31Z,2026-07-02T20:05:31Z
mobi_vancouver,mobi_vancouver_a9f29b8f-c0a2-49b9-8e03-ac0060771526,a9f29b8f-c0a2-49b9-8e03-ac0060771526,49.25849,-123.104799,1,FALSE,TRUE,20000,0132,1783022725,2026-07-02T20:05:32Z,2026-07-02T20:05:32Z,2026-07-02T20:05:23Z,2.2,https://gbfs.kappa.fifteen.eu/gbfs/2.2/mobi/en/gbfs.json,https://gbfs.kappa.fifteen.eu/gbfs/2.2/mobi/en/free_bike_status.json,2026-07-02T20:05:31Z,2026-07-02T20:05:31Z
mobi_vancouver,mobi_vancouver_c5e8e107-110c-4987-8c33-ee3a449a3203,c5e8e107-110c-4987-8c33-ee3a449a3203,49.282503,-123.124697,1,FALSE,TRUE,20000,0217,1783022725,2026-07-02T20:05:32Z,2026-07-02T20:05:32Z,2026-07-02T20:05:23Z,2.2,https://gbfs.kappa.fifteen.eu/gbfs/2.2/mobi/en/gbfs.json,https://gbfs.kappa.fifteen.eu/gbfs/2.2/mobi/en/free_bike_status.json,2026-07-02T20:05:31Z,2026-07-02T20:05:31Z
mobi_vancouver,mobi_vancouver_09f71b06-a109-4294-8f14-ff3095b95ad7,09f71b06-a109-4294-8f14-ff3095b95ad7,49.269593,-123.137715,1,FALSE,TRUE,20800,0066,1783022725,2026-07-02T20:05:32Z,2026-07-02T20:05:32Z,2026-07-02T20:05:23Z,2.2,https://gbfs.kappa.fifteen.eu/gbfs/2.2/mobi/en/gbfs.json,https://gbfs.kappa.fifteen.eu/gbfs/2.2/mobi/en/free_bike_status.json,2026-07-02T20:05:31Z,2026-07-02T20:05:31Z
mobi_vancouver,mobi_vancouver_b9cef7c1-4298-4cee-adbd-e2edb54d9c43,b9cef7c1-4298-4cee-adbd-e2edb54d9c43,49.263236,-123.143339,1,FALSE,TRUE,20800,0205,1783022725,2026-07-02T20:05:32Z,2026-07-02T20:05:32Z,2026-07-02T20:05:23Z,2.2,https://gbfs.kappa.fifteen.eu/gbfs/2.2/mobi/en/gbfs.json,https://gbfs.kappa.fifteen.eu/gbfs/2.2/mobi/en/free_bike_status.json,2026-07-02T20:05:31Z,2026-07-02T20:05:31Z
mobi_vancouver,mobi_vancouver_3f40f4cd-838d-42aa-8565-ea73434f62a8,3f40f4cd-838d-42aa-8565-ea73434f62a8,49.277665,-123.073653,1,FALSE,TRUE,20800,0222,1783022725,2026-07-02T20:05:32Z,2026-07-02T20:05:32Z,2026-07-02T20:05:23Z,2.2,https://gbfs.kappa.fifteen.eu/gbfs/2.2/mobi/en/gbfs.json,https://gbfs.kappa.fifteen.eu/gbfs/2.2/mobi/en/free_bike_status.json,2026-07-02T20:05:31Z,2026-07-02T20:05:31Z
mobi_vancouver,mobi_vancouver_f3dce66c-7c4e-42a1-a9bf-9f767717841b,f3dce66c-7c4e-42a1-a9bf-9f767717841b,49.270721,-123.146175,2,FALSE,TRUE,21200,0108,1783022725,2026-07-02T20:05:32Z,2026-07-02T20:05:32Z,2026-07-02T20:05:23Z,2.2,https://gbfs.kappa.fifteen.eu/gbfs/2.2/mobi/en/gbfs.json,https://gbfs.kappa.fifteen.eu/gbfs/2.2/mobi/en/free_bike_status.json,2026-07-02T20:05:31Z,2026-07-02T20:05:31Z
mobi_vancouver,mobi_vancouver_261def0d-fad7-4cb1-8530-cbfae940a3dc,261def0d-fad7-4cb1-8530-cbfae940a3dc,49.281301,-123.139108,1,FALSE,TRUE,21200,0084,1783022725,2026-07-02T20:05:32Z,2026-07-02T20:05:32Z,2026-07-02T20:05:23Z,2.2,https://gbfs.kappa.fifteen.eu/gbfs/2.2/mobi/en/gbfs.json,https://gbfs.kappa.fifteen.eu/gbfs/2.2/mobi/en/free_bike_status.json,2026-07-02T20:05:31Z,2026-07-02T20:05:31Z
mobi_vancouver,mobi_vancouver_bd12cfc9-c5b6-4185-a022-4778bcbf21f5,bd12cfc9-c5b6-4185-a022-4778bcbf21f5,49.288682,-123.11818,1,FALSE,TRUE,21600,0201,1783022725,2026-07-02T20:05:32Z,2026-07-02T20:05:32Z,2026-07-02T20:05:23Z,2.2,https://gbfs.kappa.fifteen.eu/gbfs/2.2/mobi/en/gbfs.json,https://gbfs.kappa.fifteen.eu/gbfs/2.2/mobi/en/free_bike_status.json,2026-07-02T20:05:31Z,2026-07-02T20:05:31Z
mobi_vancouver,mobi_vancouver_6c32f884-0211-4b8b-9054-4c43e1bad720,6c32f884-0211-4b8b-9054-4c43e1bad720,49.269969,-123.109623,1,FALSE,TRUE,21600,0173,1783022725,2026-07-02T20:05:32Z,2026-07-02T20:05:32Z,2026-07-02T20:05:23Z,2.2,https://gbfs.kappa.fifteen.eu/gbfs/2.2/mobi/en/gbfs.json,https://gbfs.kappa.fifteen.eu/gbfs/2.2/mobi/en/free_bike_status.json,2026-07-02T20:05:31Z,2026-07-02T20:05:31Z
mobi_vancouver,mobi_vancouver_be2d3f52-5266-418d-85f1-a54cdbcbfd19,be2d3f52-5266-418d-85f1-a54cdbcbfd19,49.28512,-123.11242,1,FALSE,TRUE,21600,0308,1783022725,2026-07-02T20:05:32Z,2026-07-02T20:05:32Z,2026-07-02T20:05:23Z,2.2,https://gbfs.kappa.fifteen.eu/gbfs/2.2/mobi/en/gbfs.json,https://gbfs.kappa.fifteen.eu/gbfs/2.2/mobi/en/free_bike_status.json,2026-07-02T20:05:31Z,2026-07-02T20:05:31Z
mobi_vancouver,mobi_vancouver_0fb51ac9-ca66-41b6-b101-626648a59331,0fb51ac9-ca66-41b6-b101-626648a59331,49.265005,-123.079481,1,FALSE,TRUE,22400,0236,1783022725,2026-07-02T20:05:32Z,2026-07-02T20:05:32Z,2026-07-02T20:05:23Z,2.2,https://gbfs.kappa.fifteen.eu/gbfs/2.2/mobi/en/gbfs.json,https://gbfs.kappa.fifteen.eu/gbfs/2.2/mobi/en/free_bike_status.json,2026-07-02T20:05:31Z,2026-07-02T20:05:31Z
mobi_vancouver,mobi_vancouver_604e8f62-512a-434a-bee7-a130856ed32a,604e8f62-512a-434a-bee7-a130856ed32a,49.264013,-123.113001,1,FALSE,TRUE,22800,0170,1783022725,2026-07-02T20:05:32Z,2026-07-02T20:05:32Z,2026-07-02T20:05:23Z,2.2,https://gbfs.kappa.fifteen.eu/gbfs/2.2/mobi/en/gbfs.json,https://gbfs.kappa.fifteen.eu/gbfs/2.2/mobi/en/free_bike_status.json,2026-07-02T20:05:31Z,2026-07-02T20:05:31Z
mobi_vancouver,mobi_vancouver_e4b7aa15-9dd5-4dd2-bc40-f607d30da3da,e4b7aa15-9dd5-4dd2-bc40-f607d30da3da,49.265005,-123.079481,1,FALSE,TRUE,23200,0236,1783022725,2026-07-02T20:05:32Z,2026-07-02T20:05:32Z,2026-07-02T20:05:23Z,2.2,https://gbfs.kappa.fifteen.eu/gbfs/2.2/mobi/en/gbfs.json,https://gbfs.kappa.fifteen.eu/gbfs/2.2/mobi/en/free_bike_status.json,2026-07-02T20:05:31Z,2026-07-02T20:05:31Z
mobi_vancouver,mobi_vancouver_a249504f-6299-4b21-b0c5-79d48bedff79,a249504f-6299-4b21-b0c5-79d48bedff79,49.261122,-123.097571,2,FALSE,TRUE,24000,0179,1783022725,2026-07-02T20:05:32Z,2026-07-02T20:05:32Z,2026-07-02T20:05:23Z,2.2,https://gbfs.kappa.fifteen.eu/gbfs/2.2/mobi/en/gbfs.json,https://gbfs.kappa.fifteen.eu/gbfs/2.2/mobi/en/free_bike_status.json,2026-07-02T20:05:31Z,2026-07-02T20:05:31Z
mobi_vancouver,mobi_vancouver_bedf779a-70d1-421a-b749-b2552a4f23e9,bedf779a-70d1-421a-b749-b2552a4f23e9,49.298657,-123.121176,1,FALSE,TRUE,24800,0105,1783022725,2026-07-02T20:05:32Z,2026-07-02T20:05:32Z,2026-07-02T20:05:23Z,2.2,https://gbfs.kappa.fifteen.eu/gbfs/2.2/mobi/en/gbfs.json,https://gbfs.kappa.fifteen.eu/gbfs/2.2/mobi/en/free_bike_status.json,2026-07-02T20:05:31Z,2026-07-02T20:05:31Z
mobi_vancouver,mobi_vancouver_7d0bd098-3d2f-4909-804e-ec5e55902571,7d0bd098-3d2f-4909-804e-ec5e55902571,49.264937,-123.168058,1,FALSE,TRUE,24800,0452,1783022725,2026-07-02T20:05:32Z,2026-07-02T20:05:32Z,2026-07-02T20:05:23Z,2.2,https://gbfs.kappa.fifteen.eu/gbfs/2.2/mobi/en/gbfs.json,https://gbfs.kappa.fifteen.eu/gbfs/2.2/mobi/en/free_bike_status.json,2026-07-02T20:05:31Z,2026-07-02T20:05:31Z
mobi_vancouver,mobi_vancouver_7c09ba5b-f3c0-4e34-9dc7-0fc4b74848bd,7c09ba5b-f3c0-4e34-9dc7-0fc4b74848bd,49.263746,-123.069892,2,FALSE,TRUE,34800,0254,1783022725,2026-07-02T20:05:32Z,2026-07-02T20:05:32Z,2026-07-02T20:05:23Z,2.2,https://gbfs.kappa.fifteen.eu/gbfs/2.2/mobi/en/gbfs.json,https://gbfs.kappa.fifteen.eu/gbfs/2.2/mobi/en/free_bike_status.json,2026-07-02T20:05:31Z,2026-07-02T20:05:31Z
mobi_vancouver,mobi_vancouver_9f085470-62bb-40c5-bf62-7dd9f5c731c2,9f085470-62bb-40c5-bf62-7dd9f5c731c2,49.261655,-123.241924,2,FALSE,TRUE,38800,2157,1783022725,2026-07-02T20:05:32Z,2026-07-02T20:05:32Z,2026-07-02T20:05:23Z,2.2,https://gbfs.kappa.fifteen.eu/gbfs/2.2/mobi/en/gbfs.json,https://gbfs.kappa.fifteen.eu/gbfs/2.2/mobi/en/free_bike_status.json,2026-07-02T20:05:31Z,2026-07-02T20:05:31Z
mobi_vancouver,mobi_vancouver_3944f9a6-0f17-41cc-ac6c-7c2bbaa62e98,3944f9a6-0f17-41cc-ac6c-7c2bbaa62e98,49.282141,-123.114272,2,FALSE,TRUE,40000,0012,1783022725,2026-07-02T20:05:32Z,2026-07-02T20:05:32Z,2026-07-02T20:05:23Z,2.2,https://gbfs.kappa.fifteen.eu/gbfs/2.2/mobi/en/gbfs.json,https://gbfs.kappa.fifteen.eu/gbfs/2.2/mobi/en/free_bike_status.json,2026-07-02T20:05:31Z,2026-07-02T20:05:31Z
mobi_vancouver,mobi_vancouver_20058339-7dd5-441b-8c41-5df21e9ba690,20058339-7dd5-441b-8c41-5df21e9ba690,49.282214,-123.114101,2,FALSE,TRUE,0,0012,1783022725,2026-07-02T20:05:32Z,2026-07-02T20:05:32Z,2026-07-02T20:05:23Z,2.2,https://gbfs.kappa.fifteen.eu/gbfs/2.2/mobi/en/gbfs.json,https://gbfs.kappa.fifteen.eu/gbfs/2.2/mobi/en/free_bike_status.json,2026-07-02T20:05:31Z,2026-07-02T20:05:31Z
mobi_vancouver,mobi_vancouver_3fcbb92d-387c-40fc-bbe0-1101d6ae0126,3fcbb92d-387c-40fc-bbe0-1101d6ae0126,49.28616,-123.12675,2,FALSE,TRUE,0,0036,1783022725,2026-07-02T20:05:32Z,2026-07-02T20:05:32Z,2026-07-02T20:05:23Z,2.2,https://gbfs.kappa.fifteen.eu/gbfs/2.2/mobi/en/gbfs.json,https://gbfs.kappa.fifteen.eu/gbfs/2.2/mobi/en/free_bike_status.json,2026-07-02T20:05:31Z,2026-07-02T20:05:31Z
mobi_vancouver,mobi_vancouver_dd6b85a7-fac6-41b3-8683-884c0296a98e,dd6b85a7-fac6-41b3-8683-884c0296a98e,49.279821,-123.10802,2,FALSE,TRUE,0,0053,1783022725,2026-07-02T20:05:32Z,2026-07-02T20:05:32Z,2026-07-02T20:05:23Z,2.2,https://gbfs.kappa.fifteen.eu/gbfs/2.2/mobi/en/gbfs.json,https://gbfs.kappa.fifteen.eu/gbfs/2.2/mobi/en/free_bike_status.json,2026-07-02T20:05:31Z,2026-07-02T20:05:31Z
mobi_vancouver,mobi_vancouver_750b64bb-0316-4588-a811-e0b3d910eaac,750b64bb-0316-4588-a811-e0b3d910eaac,49.291909,-123.140713,2,FALSE,TRUE,0,0092,1783022725,2026-07-02T20:05:32Z,2026-07-02T20:05:32Z,2026-07-02T20:05:23Z,2.2,https://gbfs.kappa.fifteen.eu/gbfs/2.2/mobi/en/gbfs.json,https://gbfs.kappa.fifteen.eu/gbfs/2.2/mobi/en/free_bike_status.json,2026-07-02T20:05:31Z,2026-07-02T20:05:31Z
mobi_vancouver,mobi_vancouver_972628d7-3883-4a4f-8d64-ca78193fe169,972628d7-3883-4a4f-8d64-ca78193fe169,49.273663,-123.127075,2,FALSE,TRUE,0,0044,1783022725,2026-07-02T20:05:32Z,2026-07-02T20:05:32Z,2026-07-02T20:05:23Z,2.2,https://gbfs.kappa.fifteen.eu/gbfs/2.2/mobi/en/gbfs.json,https://gbfs.kappa.fifteen.eu/gbfs/2.2/mobi/en/free_bike_status.json,2026-07-02T20:05:31Z,2026-07-02T20:05:31Z
mobi_vancouver,mobi_vancouver_45e07ce6-d548-4383-8f8c-f7099bf0b6e9,45e07ce6-d548-4383-8f8c-f7099bf0b6e9,49.265939,-123.1129,2,FALSE,TRUE,0,0171,1783022725,2026-07-02T20:05:32Z,2026-07-02T20:05:32Z,2026-07-02T20:05:23Z,2.2,https://gbfs.kappa.fifteen.eu/gbfs/2.2/mobi/en/gbfs.json,https://gbfs.kappa.fifteen.eu/gbfs/2.2/mobi/en/free_bike_status.json,2026-07-02T20:05:31Z,2026-07-02T20:05:31Z
mobi_vancouver,mobi_vancouver_bb9f40bc-f83d-4173-98d3-cf5490d74e10,bb9f40bc-f83d-4173-98d3-cf5490d74e10,49.281506,-123.120101,2,FALSE,TRUE,0,0063,1783022725,2026-07-02T20:05:32Z,2026-07-02T20:05:32Z,2026-07-02T20:05:23Z,2.2,https://gbfs.kappa.fifteen.eu/gbfs/2.2/mobi/en/gbfs.json,https://gbfs.kappa.fifteen.eu/gbfs/2.2/mobi/en/free_bike_status.json,2026-07-02T20:05:31Z,2026-07-02T20:05:31Z
mobi_vancouver,mobi_vancouver_ca30b0ac-881f-4e11-b27a-1d03451a89f3,ca30b0ac-881f-4e11-b27a-1d03451a89f3,49.262944,-123.148109,2,FALSE,TRUE,0,0068,1783022725,2026-07-02T20:05:32Z,2026-07-02T20:05:32Z,2026-07-02T20:05:23Z,2.2,https://gbfs.kappa.fifteen.eu/gbfs/2.2/mobi/en/gbfs.json,https://gbfs.kappa.fifteen.eu/gbfs/2.2/mobi/en/free_bike_status.json,2026-07-02T20:05:31Z,2026-07-02T20:05:31Z
mobi_vancouver,mobi_vancouver_663907b0-c183-44df-9c6e-a662f2dd64b2,663907b0-c183-44df-9c6e-a662f2dd64b2,49.265336,-123.145823,2,FALSE,TRUE,0,0140,1783022725,2026-07-02T20:05:32Z,2026-07-02T20:05:32Z,2026-07-02T20:05:23Z,2.2,https://gbfs.kappa.fifteen.eu/gbfs/2.2/mobi/en/gbfs.json,https://gbfs.kappa.fifteen.eu/gbfs/2.2/mobi/en/free_bike_status.json,2026-07-02T20:05:31Z,2026-07-02T20:05:31Z
mobi_vancouver,mobi_vancouver_30de4758-fa7c-466f-bc3f-c63742a8fced,30de4758-fa7c-466f-bc3f-c63742a8fced,49.283227,-123.120523,2,FALSE,TRUE,0,0099,1783022725,2026-07-02T20:05:32Z,2026-07-02T20:05:32Z,2026-07-02T20:05:23Z,2.2,https://gbfs.kappa.fifteen.eu/gbfs/2.2/mobi/en/gbfs.json,https://gbfs.kappa.fifteen.eu/gbfs/2.2/mobi/en/free_bike_status.json,2026-07-02T20:05:31Z,2026-07-02T20:05:31Z
mobi_vancouver,mobi_vancouver_cd6ed6a0-3189-4e77-896c-4bbff414c3f6,cd6ed6a0-3189-4e77-896c-4bbff414c3f6,49.267859,-123.145782,2,FALSE,TRUE,0,0139,1783022725,2026-07-02T20:05:32Z,2026-07-02T20:05:32Z,2026-07-02T20:05:23Z,2.2,https://gbfs.kappa.fifteen.eu/gbfs/2.2/mobi/en/gbfs.json,https://gbfs.kappa.fifteen.eu/gbfs/2.2/mobi/en/free_bike_status.json,2026-07-02T20:05:31Z,2026-07-02T20:05:31Z
mobi_vancouver,mobi_vancouver_4a38843e-dc3d-4780-96ff-75cb9f8bc51d,4a38843e-dc3d-4780-96ff-75cb9f8bc51d,49.280881,-123.130672,2,FALSE,TRUE,0,0126,1783022725,2026-07-02T20:05:32Z,2026-07-02T20:05:32Z,2026-07-02T20:05:23Z,2.2,https://gbfs.kappa.fifteen.eu/gbfs/2.2/mobi/en/gbfs.json,https://gbfs.kappa.fifteen.eu/gbfs/2.2/mobi/en/free_bike_status.json,2026-07-02T20:05:31Z,2026-07-02T20:05:31Z
mobi_vancouver,mobi_vancouver_0d5a47b2-5bb5-413d-84ce-5660f77fb6d1,0d5a47b2-5bb5-413d-84ce-5660f77fb6d1,49.27033,-123.10275,2,FALSE,TRUE,0,0177,1783022725,2026-07-02T20:05:32Z,2026-07-02T20:05:32Z,2026-07-02T20:05:23Z,2.2,https://gbfs.kappa.fifteen.eu/gbfs/2.2/mobi/en/gbfs.json,https://gbfs.kappa.fifteen.eu/gbfs/2.2/mobi/en/free_bike_status.json,2026-07-02T20:05:31Z,2026-07-02T20:05:31Z
mobi_vancouver,mobi_vancouver_2b53fdab-0123-4134-8ba5-c593a917b62b,2b53fdab-0123-4134-8ba5-c593a917b62b,49.28512,-123.11242,2,FALSE,TRUE,0,0308,1783022725,2026-07-02T20:05:32Z,2026-07-02T20:05:32Z,2026-07-02T20:05:23Z,2.2,https://gbfs.kappa.fifteen.eu/gbfs/2.2/mobi/en/gbfs.json,https://gbfs.kappa.fifteen.eu/gbfs/2.2/mobi/en/free_bike_status.json,2026-07-02T20:05:31Z,2026-07-02T20:05:31Z
mobi_vancouver,mobi_vancouver_e3c6d218-d355-46f8-a4cf-4afd8522a618,e3c6d218-d355-46f8-a4cf-4afd8522a618,49.273011,-123.159663,2,FALSE,TRUE,0,0470,1783022725,2026-07-02T20:05:32Z,2026-07-02T20:05:32Z,2026-07-02T20:05:23Z,2.2,https://gbfs.kappa.fifteen.eu/gbfs/2.2/mobi/en/gbfs.json,https://gbfs.kappa.fifteen.eu/gbfs/2.2/mobi/en/free_bike_status.json,2026-07-02T20:05:31Z,2026-07-02T20:05:31Z
mobi_vancouver,mobi_vancouver_bac9621a-d4a4-4de0-a594-e5a284d3fe29,bac9621a-d4a4-4de0-a594-e5a284d3fe29,49.26875,-123.25004,2,FALSE,TRUE,0,2142,1783022725,2026-07-02T20:05:32Z,2026-07-02T20:05:32Z,2026-07-02T20:05:23Z,2.2,https://gbfs.kappa.fifteen.eu/gbfs/2.2/mobi/en/gbfs.json,https://gbfs.kappa.fifteen.eu/gbfs/2.2/mobi/en/free_bike_status.json,2026-07-02T20:05:31Z,2026-07-02T20:05:31Z
mobi_vancouver,mobi_vancouver_ac43b327-7761-476a-80c4-ba199775bbdd,ac43b327-7761-476a-80c4-ba199775bbdd,49.264215,-123.117772,2,FALSE,TRUE,400,0008,1783022725,2026-07-02T20:05:32Z,2026-07-02T20:05:32Z,2026-07-02T20:05:23Z,2.2,https://gbfs.kappa.fifteen.eu/gbfs/2.2/mobi/en/gbfs.json,https://gbfs.kappa.fifteen.eu/gbfs/2.2/mobi/en/free_bike_status.json,2026-07-02T20:05:31Z,2026-07-02T20:05:31Z
mobi_vancouver,mobi_vancouver_1f0e2697-5b97-407c-9be1-427fbcf19443,1f0e2697-5b97-407c-9be1-427fbcf19443,49.27023,-123.10651,2,FALSE,TRUE,400,0174,1783022725,2026-07-02T20:05:32Z,2026-07-02T20:05:32Z,2026-07-02T20:05:23Z,2.2,https://gbfs.kappa.fifteen.eu/gbfs/2.2/mobi/en/gbfs.json,https://gbfs.kappa.fifteen.eu/gbfs/2.2/mobi/en/free_bike_status.json,2026-07-02T20:05:31Z,2026-07-02T20:05:31Z
mobi_vancouver,mobi_vancouver_291711e9-f91b-4061-be65-5d9cd9eef22c,291711e9-f91b-4061-be65-5d9cd9eef22c,49.256496,-123.075426,2,FALSE,TRUE,400,0283,1783022725,2026-07-02T20:05:32Z,2026-07-02T20:05:32Z,2026-07-02T20:05:23Z,2.2,https://gbfs.kappa.fifteen.eu/gbfs/2.2/mobi/en/gbfs.json,https://gbfs.kappa.fifteen.eu/gbfs/2.2/mobi/en/free_bike_status.json,2026-07-02T20:05:31Z,2026-07-02T20:05:31Z
mobi_vancouver,mobi_vancouver_725f2b39-b2cd-4dac-a241-b17949d8bc13,725f2b39-b2cd-4dac-a241-b17949d8bc13,49.257939,-123.089531,2,FALSE,TRUE,400,0282,1783022725,2026-07-02T20:05:32Z,2026-07-02T20:05:32Z,2026-07-02T20:05:23Z,2.2,https://gbfs.kappa.fifteen.eu/gbfs/2.2/mobi/en/gbfs.json,https://gbfs.kappa.fifteen.eu/gbfs/2.2/mobi/en/free_bike_status.json,2026-07-02T20:05:31Z,2026-07-02T20:05:31Z
mobi_vancouver,mobi_vancouver_34d5213b-8310-4aac-a82f-5a2fc752291f,34d5213b-8310-4aac-a82f-5a2fc752291f,49.238105,-123.154966,2,FALSE,TRUE,400,0482,1783022725,2026-07-02T20:05:32Z,2026-07-02T20:05:32Z,2026-07-02T20:05:23Z,2.2,https://gbfs.kappa.fifteen.eu/gbfs/2.2/mobi/en/gbfs.json,https://gbfs.kappa.fifteen.eu/gbfs/2.2/mobi/en/free_bike_status.json,2026-07-02T20:05:31Z,2026-07-02T20:05:31Z
mobi_vancouver,mobi_vancouver_ba4735b1-1611-4518-9a1e-911b8e37fac8,ba4735b1-1611-4518-9a1e-911b8e37fac8,49.266774,-123.141135,2,FALSE,TRUE,800,0153,1783022725,2026-07-02T20:05:32Z,2026-07-02T20:05:32Z,2026-07-02T20:05:23Z,2.2,https://gbfs.kappa.fifteen.eu/gbfs/2.2/mobi/en/gbfs.json,https://gbfs.kappa.fifteen.eu/gbfs/2.2/mobi/en/free_bike_status.json,2026-07-02T20:05:31Z,2026-07-02T20:05:31Z
mobi_vancouver,mobi_vancouver_eedc18af-b188-4559-a49f-770186732667,eedc18af-b188-4559-a49f-770186732667,49.249184,-123.116141,2,FALSE,TRUE,800,0524,1783022725,2026-07-02T20:05:32Z,2026-07-02T20:05:32Z,2026-07-02T20:05:23Z,2.2,https://gbfs.kappa.fifteen.eu/gbfs/2.2/mobi/en/gbfs.json,https://gbfs.kappa.fifteen.eu/gbfs/2.2/mobi/en/free_bike_status.json,2026-07-02T20:05:31Z,2026-07-02T20:05:31Z
mobi_vancouver,mobi_vancouver_53a45ee5-53dd-467f-8dee-3385736ea212,53a45ee5-53dd-467f-8dee-3385736ea212,49.25976,-123.2479,2,FALSE,TRUE,800,2127,1783022725,2026-07-02T20:05:32Z,2026-07-02T20:05:32Z,2026-07-02T20:05:23Z,2.2,https://gbfs.kappa.fifteen.eu/gbfs/2.2/mobi/en/gbfs.json,https://gbfs.kappa.fifteen.eu/gbfs/2.2/mobi/en/free_bike_status.json,2026-07-02T20:05:31Z,2026-07-02T20:05:31Z
mobi_vancouver,mobi_vancouver_9eb122ef-2bca-4052-ae8d-8b80194c472d,9eb122ef-2bca-4052-ae8d-8b80194c472d,49.288506,-123.131238,2,FALSE,TRUE,1200,0096,1783022725,2026-07-02T20:05:32Z,2026-07-02T20:05:32Z,2026-07-02T20:05:23Z,2.2,https://gbfs.kappa.fifteen.eu/gbfs/2.2/mobi/en/gbfs.json,https://gbfs.kappa.fifteen.eu/gbfs/2.2/mobi/en/free_bike_status.json,2026-07-02T20:05:31Z,2026-07-02T20:05:31Z
mobi_vancouver,mobi_vancouver_25d2b949-f00e-46d2-9926-5794c911010a,25d2b949-f00e-46d2-9926-5794c911010a,49.287782,-123.12395,2,FALSE,TRUE,1200,0190,1783022725,2026-07-02T20:05:32Z,2026-07-02T20:05:32Z,2026-07-02T20:05:23Z,2.2,https://gbfs.kappa.fifteen.eu/gbfs/2.2/mobi/en/gbfs.json,https://gbfs.kappa.fifteen.eu/gbfs/2.2/mobi/en/free_bike_status.json,2026-07-02T20:05:31Z,2026-07-02T20:05:31Z
mobi_vancouver,mobi_vancouver_ff414623-eef8-4ca3-bd44-9a49abeacf68,ff414623-eef8-4ca3-bd44-9a49abeacf68,49.283298,-123.142288,2,FALSE,TRUE,1200,0142,1783022725,2026-07-02T20:05:32Z,2026-07-02T20:05:32Z,2026-07-02T20:05:23Z,2.2,https://gbfs.kappa.fifteen.eu/gbfs/2.2/mobi/en/gbfs.json,https://gbfs.kappa.fifteen.eu/gbfs/2.2/mobi/en/free_bike_status.json,2026-07-02T20:05:31Z,2026-07-02T20:05:31Z
mobi_vancouver,mobi_vancouver_04eaff9f-1c15-4e06-b52e-67a977c973ac,04eaff9f-1c15-4e06-b52e-67a977c973ac,49.246243,-123.124373,2,FALSE,TRUE,1200,0505,1783022725,2026-07-02T20:05:32Z,2026-07-02T20:05:32Z,2026-07-02T20:05:23Z,2.2,https://gbfs.kappa.fifteen.eu/gbfs/2.2/mobi/en/gbfs.json,https://gbfs.kappa.fifteen.eu/gbfs/2.2/mobi/en/free_bike_status.json,2026-07-02T20:05:31Z,2026-07-02T20:05:31Z
mobi_vancouver,mobi_vancouver_32c86e34-a5bf-4ecc-8f6b-613cea6db940,32c86e34-a5bf-4ecc-8f6b-613cea6db940,49.279938,-123.127478,2,FALSE,TRUE,1600,0039,1783022725,2026-07-02T20:05:32Z,2026-07-02T20:05:32Z,2026-07-02T20:05:23Z,2.2,https://gbfs.kappa.fifteen.eu/gbfs/2.2/mobi/en/gbfs.json,https://gbfs.kappa.fifteen.eu/gbfs/2.2/mobi/en/free_bike_status.json,2026-07-02T20:05:31Z,2026-07-02T20:05:31Z
mobi_vancouver,mobi_vancouver_f865b7c7-ff79-4fb9-bf0d-397131e8714f,f865b7c7-ff79-4fb9-bf0d-397131e8714f,49.279938,-123.127478,2,FALSE,TRUE,1600,0039,1783022725,2026-07-02T20:05:32Z,2026-07-02T20:05:32Z,2026-07-02T20:05:23Z,2.2,https://gbfs.kappa.fifteen.eu/gbfs/2.2/mobi/en/gbfs.json,https://gbfs.kappa.fifteen.eu/gbfs/2.2/mobi/en/free_bike_status.json,2026-07-02T20:05:31Z,2026-07-02T20:05:31Z
mobi_vancouver,mobi_vancouver_f2e4cda2-3819-49e7-bfa2-f90cb39e612e,f2e4cda2-3819-49e7-bfa2-f90cb39e612e,49.273568,-123.129935,2,FALSE,TRUE,1600,0137,1783022725,2026-07-02T20:05:32Z,2026-07-02T20:05:32Z,2026-07-02T20:05:23Z,2.2,https://gbfs.kappa.fifteen.eu/gbfs/2.2/mobi/en/gbfs.json,https://gbfs.kappa.fifteen.eu/gbfs/2.2/mobi/en/free_bike_status.json,2026-07-02T20:05:31Z,2026-07-02T20:05:31Z
mobi_vancouver,mobi_vancouver_ece13864-c36b-4700-9829-8d96d549a167,ece13864-c36b-4700-9829-8d96d549a167,49.273777,-123.092723,2,FALSE,TRUE,1600,0233,1783022725,2026-07-02T20:05:32Z,2026-07-02T20:05:32Z,2026-07-02T20:05:23Z,2.2,https://gbfs.kappa.fifteen.eu/gbfs/2.2/mobi/en/gbfs.json,https://gbfs.kappa.fifteen.eu/gbfs/2.2/mobi/en/free_bike_status.json,2026-07-02T20:05:31Z,2026-07-02T20:05:31Z
mobi_vancouver,mobi_vancouver_e3af6f62-056c-4bab-8a88-9ad73eb2661e,e3af6f62-056c-4bab-8a88-9ad73eb2661e,49.271044,-123.170661,2,FALSE,TRUE,1600,0450,1783022725,2026-07-02T20:05:32Z,2026-07-02T20:05:32Z,2026-07-02T20:05:23Z,2.2,https://gbfs.kappa.fifteen.eu/gbfs/2.2/mobi/en/gbfs.json,https://gbfs.kappa.fifteen.eu/gbfs/2.2/mobi/en/free_bike_status.json,2026-07-02T20:05:31Z,2026-07-02T20:05:31Z
mobi_vancouver,mobi_vancouver_ca4a0a4a-fc51-419b-94aa-4273606af875,ca4a0a4a-fc51-419b-94aa-4273606af875,49.26875,-123.25004,2,FALSE,TRUE,1600,2142,1783022725,2026-07-02T20:05:32Z,2026-07-02T20:05:32Z,2026-07-02T20:05:23Z,2.2,https://gbfs.kappa.fifteen.eu/gbfs/2.2/mobi/en/gbfs.json,https://gbfs.kappa.fifteen.eu/gbfs/2.2/mobi/en/free_bike_status.json,2026-07-02T20:05:31Z,2026-07-02T20:05:31Z
mobi_vancouver,mobi_vancouver_a45a5bc6-24c2-4457-8651-5ca977a82e93,a45a5bc6-24c2-4457-8651-5ca977a82e93,49.28602,-123.116624,2,FALSE,TRUE,2000,0024,1783022725,2026-07-02T20:05:32Z,2026-07-02T20:05:32Z,2026-07-02T20:05:23Z,2.2,https://gbfs.kappa.fifteen.eu/gbfs/2.2/mobi/en/gbfs.json,https://gbfs.kappa.fifteen.eu/gbfs/2.2/mobi/en/free_bike_status.json,2026-07-02T20:05:31Z,2026-07-02T20:05:31Z
mobi_vancouver,mobi_vancouver_112c4ecb-3a4e-4eef-9afe-fc58768f66c6,112c4ecb-3a4e-4eef-9afe-fc58768f66c6,49.28271,-123.10683,2,FALSE,TRUE,2000,0030,1783022725,2026-07-02T20:05:32Z,2026-07-02T20:05:32Z,2026-07-02T20:05:23Z,2.2,https://gbfs.kappa.fifteen.eu/gbfs/2.2/mobi/en/gbfs.json,https://gbfs.kappa.fifteen.eu/gbfs/2.2/mobi/en/free_bike_status.json,2026-07-02T20:05:31Z,2026-07-02T20:05:31Z
mobi_vancouver,mobi_vancouver_acb92043-e6f4-412f-aae0-71fba318ba30,acb92043-e6f4-412f-aae0-71fba318ba30,49.290112,-123.127062,2,FALSE,TRUE,2000,0035,1783022725,2026-07-02T20:05:32Z,2026-07-02T20:05:32Z,2026-07-02T20:05:23Z,2.2,https://gbfs.kappa.fifteen.eu/gbfs/2.2/mobi/en/gbfs.json,https://gbfs.kappa.fifteen.eu/gbfs/2.2/mobi/en/free_bike_status.json,2026-07-02T20:05:31Z,2026-07-02T20:05:31Z
mobi_vancouver,mobi_vancouver_64c64417-f2eb-407a-b897-8febfa7a7df4,64c64417-f2eb-407a-b897-8febfa7a7df4,49.245535,-123.120496,2,FALSE,TRUE,2000,0516,1783022725,2026-07-02T20:05:32Z,2026-07-02T20:05:32Z,2026-07-02T20:05:23Z,2.2,https://gbfs.kappa.fifteen.eu/gbfs/2.2/mobi/en/gbfs.json,https://gbfs.kappa.fifteen.eu/gbfs/2.2/mobi/en/free_bike_status.json,2026-07-02T20:05:31Z,2026-07-02T20:05:31Z
mobi_vancouver,mobi_vancouver_0717e154-0e97-44de-8f40-37e360ae0b48,0717e154-0e97-44de-8f40-37e360ae0b48,49.2661,-123.24568,2,FALSE,TRUE,2000,2112,1783022725,2026-07-02T20:05:32Z,2026-07-02T20:05:32Z,2026-07-02T20:05:23Z,2.2,https://gbfs.kappa.fifteen.eu/gbfs/2.2/mobi/en/gbfs.json,https://gbfs.kappa.fifteen.eu/gbfs/2.2/mobi/en/free_bike_status.json,2026-07-02T20:05:31Z,2026-07-02T20:05:31Z
mobi_vancouver,mobi_vancouver_7075057a-3c5e-4a9e-91f1-f90078db1f77,7075057a-3c5e-4a9e-91f1-f90078db1f77,49.263837,-123.105173,2,FALSE,TRUE,2400,0107,1783022725,2026-07-02T20:05:32Z,2026-07-02T20:05:32Z,2026-07-02T20:05:23Z,2.2,https://gbfs.kappa.fifteen.eu/gbfs/2.2/mobi/en/gbfs.json,https://gbfs.kappa.fifteen.eu/gbfs/2.2/mobi/en/free_bike_status.json,2026-07-02T20:05:31Z,2026-07-02T20:05:31Z
mobi_vancouver,mobi_vancouver_2f4d9f78-e4fc-46d6-9016-16164da9e608,2f4d9f78-e4fc-46d6-9016-16164da9e608,49.27023,-123.10651,2,FALSE,TRUE,2400,0174,1783022725,2026-07-02T20:05:32Z,2026-07-02T20:05:32Z,2026-07-02T20:05:23Z,2.2,https://gbfs.kappa.fifteen.eu/gbfs/2.2/mobi/en/gbfs.json,https://gbfs.kappa.fifteen.eu/gbfs/2.2/mobi/en/free_bike_status.json,2026-07-02T20:05:31Z,2026-07-02T20:05:31Z
mobi_vancouver,mobi_vancouver_2c06b379-69fd-40de-bc7b-f7cf628357d2,2c06b379-69fd-40de-bc7b-f7cf628357d2,49.267222,-123.153157,2,FALSE,TRUE,2400,0110,1783022725,2026-07-02T20:05:32Z,2026-07-02T20:05:32Z,2026-07-02T20:05:23Z,2.2,https://gbfs.kappa.fifteen.eu/gbfs/2.2/mobi/en/gbfs.json,https://gbfs.kappa.fifteen.eu/gbfs/2.2/mobi/en/free_bike_status.json,2026-07-02T20:05:31Z,2026-07-02T20:05:31Z
mobi_vancouver,mobi_vancouver_ff4647cf-7d1a-40d3-903a-a68cec2ae28a,ff4647cf-7d1a-40d3-903a-a68cec2ae28a,49.272969,-123.164325,2,FALSE,TRUE,2400,0460,1783022725,2026-07-02T20:05:32Z,2026-07-02T20:05:32Z,2026-07-02T20:05:23Z,2.2,https://gbfs.kappa.fifteen.eu/gbfs/2.2/mobi/en/gbfs.json,https://gbfs.kappa.fifteen.eu/gbfs/2.2/mobi/en/free_bike_status.json,2026-07-02T20:05:31Z,2026-07-02T20:05:31Z
mobi_vancouver,mobi_vancouver_3fe6835e-4063-48c8-9a47-8b657109448a,3fe6835e-4063-48c8-9a47-8b657109448a,49.264019,-123.209176,2,FALSE,TRUE,2400,0716,1783022725,2026-07-02T20:05:32Z,2026-07-02T20:05:32Z,2026-07-02T20:05:23Z,2.2,https://gbfs.kappa.fifteen.eu/gbfs/2.2/mobi/en/gbfs.json,https://gbfs.kappa.fifteen.eu/gbfs/2.2/mobi/en/free_bike_status.json,2026-07-02T20:05:31Z,2026-07-02T20:05:31Z
mobi_vancouver,mobi_vancouver_d915784e-9588-4cf9-9deb-6da9e1ca1014,d915784e-9588-4cf9-9deb-6da9e1ca1014,49.283482,-123.103738,2,FALSE,TRUE,2400,0013,1783022725,2026-07-02T20:05:32Z,2026-07-02T20:05:32Z,2026-07-02T20:05:23Z,2.2,https://gbfs.kappa.fifteen.eu/gbfs/2.2/mobi/en/gbfs.json,https://gbfs.kappa.fifteen.eu/gbfs/2.2/mobi/en/free_bike_status.json,2026-07-02T20:05:31Z,2026-07-02T20:05:31Z
mobi_vancouver,mobi_vancouver_e3f44539-ab65-441f-ae1c-987f450b1435,e3f44539-ab65-441f-ae1c-987f450b1435,49.271721,-123.104207,2,FALSE,TRUE,2800,0011,1783022725,2026-07-02T20:05:32Z,2026-07-02T20:05:32Z,2026-07-02T20:05:23Z,2.2,https://gbfs.kappa.fifteen.eu/gbfs/2.2/mobi/en/gbfs.json,https://gbfs.kappa.fifteen.eu/gbfs/2.2/mobi/en/free_bike_status.json,2026-07-02T20:05:31Z,2026-07-02T20:05:31Z
mobi_vancouver,mobi_vancouver_4dab6098-9ed8-488e-b64e-75258cfa6d0c,4dab6098-9ed8-488e-b64e-75258cfa6d0c,49.279259,-123.119145,2,FALSE,TRUE,2800,0058,1783022725,2026-07-02T20:05:32Z,2026-07-02T20:05:32Z,2026-07-02T20:05:23Z,2.2,https://gbfs.kappa.fifteen.eu/gbfs/2.2/mobi/en/gbfs.json,https://gbfs.kappa.fifteen.eu/gbfs/2.2/mobi/en/free_bike_status.json,2026-07-02T20:05:31Z,2026-07-02T20:05:31Z
mobi_vancouver,mobi_vancouver_aaa4ce55-1bd3-4512-973d-258a765052fc,aaa4ce55-1bd3-4512-973d-258a765052fc,49.281301,-123.139108,2,FALSE,TRUE,2800,0084,1783022725,2026-07-02T20:05:32Z,2026-07-02T20:05:32Z,2026-07-02T20:05:23Z,2.2,https://gbfs.kappa.fifteen.eu/gbfs/2.2/mobi/en/gbfs.json,https://gbfs.kappa.fifteen.eu/gbfs/2.2/mobi/en/free_bike_status.json,2026-07-02T20:05:31Z,2026-07-02T20:05:31Z
mobi_vancouver,mobi_vancouver_1af27d97-6350-4b53-bfa6-5ab8fce98a1a,1af27d97-6350-4b53-bfa6-5ab8fce98a1a,49.262141,-123.101961,2,FALSE,TRUE,2800,0074,1783022725,2026-07-02T20:05:32Z,2026-07-02T20:05:32Z,2026-07-02T20:05:23Z,2.2,https://gbfs.kappa.fifteen.eu/gbfs/2.2/mobi/en/gbfs.json,https://gbfs.kappa.fifteen.eu/gbfs/2.2/mobi/en/free_bike_status.json,2026-07-02T20:05:31Z,2026-07-02T20:05:31Z
mobi_vancouver,mobi_vancouver_0e91ee6d-058a-47d8-bde3-886e8ce1d06c,0e91ee6d-058a-47d8-bde3-886e8ce1d06c,49.28668,-123.04457,2,FALSE,TRUE,2800,0643,1783022725,2026-07-02T20:05:32Z,2026-07-02T20:05:32Z,2026-07-02T20:05:23Z,2.2,https://gbfs.kappa.fifteen.eu/gbfs/2.2/mobi/en/gbfs.json,https://gbfs.kappa.fifteen.eu/gbfs/2.2/mobi/en/free_bike_status.json,2026-07-02T20:05:31Z,2026-07-02T20:05:31Z
mobi_vancouver,mobi_vancouver_65695aca-e2e3-4550-b470-0c940c90d660,65695aca-e2e3-4550-b470-0c940c90d660,49.289255,-123.132677,2,FALSE,TRUE,3200,0041,1783022725,2026-07-02T20:05:32Z,2026-07-02T20:05:32Z,2026-07-02T20:05:23Z,2.2,https://gbfs.kappa.fifteen.eu/gbfs/2.2/mobi/en/gbfs.json,https://gbfs.kappa.fifteen.eu/gbfs/2.2/mobi/en/free_bike_status.json,2026-07-02T20:05:31Z,2026-07-02T20:05:31Z
mobi_vancouver,mobi_vancouver_2e909ac6-15a5-4b4c-9682-8e1594ca4b64,2e909ac6-15a5-4b4c-9682-8e1594ca4b64,49.28026,-123.135244,2,FALSE,TRUE,3200,0088,1783022725,2026-07-02T20:05:32Z,2026-07-02T20:05:32Z,2026-07-02T20:05:23Z,2.2,https://gbfs.kappa.fifteen.eu/gbfs/2.2/mobi/en/gbfs.json,https://gbfs.kappa.fifteen.eu/gbfs/2.2/mobi/en/free_bike_status.json,2026-07-02T20:05:31Z,2026-07-02T20:05:31Z
mobi_vancouver,mobi_vancouver_be811a8d-afa2-46f6-8a7e-2d6fbb481b5a,be811a8d-afa2-46f6-8a7e-2d6fbb481b5a,49.287097,-123.118551,2,FALSE,TRUE,3200,0016,1783022725,2026-07-02T20:05:32Z,2026-07-02T20:05:32Z,2026-07-02T20:05:23Z,2.2,https://gbfs.kappa.fifteen.eu/gbfs/2.2/mobi/en/gbfs.json,https://gbfs.kappa.fifteen.eu/gbfs/2.2/mobi/en/free_bike_status.json,2026-07-02T20:05:31Z,2026-07-02T20:05:31Z
mobi_vancouver,mobi_vancouver_1ddecd7c-d538-4227-8580-03bc22bb327c,1ddecd7c-d538-4227-8580-03bc22bb327c,49.275938,-123.145939,2,FALSE,TRUE,3200,0147,1783022725,2026-07-02T20:05:32Z,2026-07-02T20:05:32Z,2026-07-02T20:05:23Z,2.2,https://gbfs.kappa.fifteen.eu/gbfs/2.2/mobi/en/gbfs.json,https://gbfs.kappa.fifteen.eu/gbfs/2.2/mobi/en/free_bike_status.json,2026-07-02T20:05:31Z,2026-07-02T20:05:31Z
mobi_vancouver,mobi_vancouver_310a460c-f963-4255-a986-9a106b4c388d,310a460c-f963-4255-a986-9a106b4c388d,49.27709,-123.07589,2,FALSE,TRUE,3200,,1783022725,2026-07-02T20:05:32Z,2026-07-02T20:05:32Z,2026-07-02T20:05:23Z,2.2,https://gbfs.kappa.fifteen.eu/gbfs/2.2/mobi/en/gbfs.json,https://gbfs.kappa.fifteen.eu/gbfs/2.2/mobi/en/free_bike_status.json,2026-07-02T20:05:31Z,2026-07-02T20:05:31Z
mobi_vancouver,mobi_vancouver_d01c76b8-1867-4b15-8126-db04884b2bcb,d01c76b8-1867-4b15-8126-db04884b2bcb,49.279342,-123.101822,2,FALSE,TRUE,3600,0055,1783022725,2026-07-02T20:05:32Z,2026-07-02T20:05:32Z,2026-07-02T20:05:23Z,2.2,https://gbfs.kappa.fifteen.eu/gbfs/2.2/mobi/en/gbfs.json,https://gbfs.kappa.fifteen.eu/gbfs/2.2/mobi/en/free_bike_status.json,2026-07-02T20:05:31Z,2026-07-02T20:05:31Z
mobi_vancouver,mobi_vancouver_f5584d0c-1faa-4ad3-af4d-3cc9756b34e7,f5584d0c-1faa-4ad3-af4d-3cc9756b34e7,49.277595,-123.09583,2,FALSE,TRUE,3600,0212,1783022725,2026-07-02T20:05:32Z,2026-07-02T20:05:32Z,2026-07-02T20:05:23Z,2.2,https://gbfs.kappa.fifteen.eu/gbfs/2.2/mobi/en/gbfs.json,https://gbfs.kappa.fifteen.eu/gbfs/2.2/mobi/en/free_bike_status.json,2026-07-02T20:05:31Z,2026-07-02T20:05:31Z
mobi_vancouver,mobi_vancouver_01887ddd-604b-411a-bae8-69c6ec4253e3,01887ddd-604b-411a-bae8-69c6ec4253e3,49.247204,-123.101549,2,FALSE,TRUE,3600,0565,1783022725,2026-07-02T20:05:32Z,2026-07-02T20:05:32Z,2026-07-02T20:05:23Z,2.2,https://gbfs.kappa.fifteen.eu/gbfs/2.2/mobi/en/gbfs.json,https://gbfs.kappa.fifteen.eu/gbfs/2.2/mobi/en/free_bike_status.json,2026-07-02T20:05:31Z,2026-07-02T20:05:31Z
mobi_vancouver,mobi_vancouver_b4b28ce6-11d1-475c-8270-1fb429ebef8a,b4b28ce6-11d1-475c-8270-1fb429ebef8a,49.288682,-123.11818,2,FALSE,TRUE,11600,0201,1783022725,2026-07-02T20:05:32Z,2026-07-02T20:05:32Z,2026-07-02T20:05:23Z,2.2,https://gbfs.kappa.fifteen.eu/gbfs/2.2/mobi/en/gbfs.json,https://gbfs.kappa.fifteen.eu/gbfs/2.2/mobi/en/free_bike_status.json,2026-07-02T20:05:31Z,2026-07-02T20:05:31Z
mobi_vancouver,mobi_vancouver_04e8fd1e-1ac3-4d46-b36e-e923151b353a,04e8fd1e-1ac3-4d46-b36e-e923151b353a,49.261736,-123.24648,2,FALSE,TRUE,11600,2136,1783022725,2026-07-02T20:05:32Z,2026-07-02T20:05:32Z,2026-07-02T20:05:23Z,2.2,https://gbfs.kappa.fifteen.eu/gbfs/2.2/mobi/en/gbfs.json,https://gbfs.kappa.fifteen.eu/gbfs/2.2/mobi/en/free_bike_status.json,2026-07-02T20:05:31Z,2026-07-02T20:05:31Z
mobi_vancouver,mobi_vancouver_775cfc85-dc38-4519-b74e-a7d426b1dd68,775cfc85-dc38-4519-b74e-a7d426b1dd68,49.282503,-123.124697,2,FALSE,TRUE,19600,0217,1783022725,2026-07-02T20:05:32Z,2026-07-02T20:05:32Z,2026-07-02T20:05:23Z,2.2,https://gbfs.kappa.fifteen.eu/gbfs/2.2/mobi/en/gbfs.json,https://gbfs.kappa.fifteen.eu/gbfs/2.2/mobi/en/free_bike_status.json,2026-07-02T20:05:31Z,2026-07-02T20:05:31Z
mobi_vancouver,mobi_vancouver_3e68c438-5eb9-4401-ac9b-d5f203d488a7,3e68c438-5eb9-4401-ac9b-d5f203d488a7,49.28567,-123.112543,2,FALSE,TRUE,21200,0021,1783022725,2026-07-02T20:05:32Z,2026-07-02T20:05:32Z,2026-07-02T20:05:23Z,2.2,https://gbfs.kappa.fifteen.eu/gbfs/2.2/mobi/en/gbfs.json,https://gbfs.kappa.fifteen.eu/gbfs/2.2/mobi/en/free_bike_status.json,2026-07-02T20:05:31Z,2026-07-02T20:05:31Z
lime_vancouver,lime_vancouver_b8a63c6e-d10e-4467-8825-d63f81b4bc63,b8a63c6e-d10e-4467-8825-d63f81b4bc63,49.257762,-123.073389,2,FALSE,FALSE,9028,NA,1783022684,2026-07-02T20:05:32Z,2026-07-02T20:05:32Z,2026-07-02T20:05:32Z,2.2,https://data.lime.bike/api/partners/v2/gbfs/vancouver_bc/gbfs.json,https://data.lime.bike/api/partners/v2/gbfs/vancouver_bc/free_bike_status,2026-07-02T20:05:31Z,2026-07-02T20:05:31Z
lime_vancouver,lime_vancouver_4088bf63-8ae5-4b78-87cd-bbd9fa6a6101,4088bf63-8ae5-4b78-87cd-bbd9fa6a6101,49.271845,-123.152613,2,FALSE,FALSE,10863,NA,1783022684,2026-07-02T20:05:32Z,2026-07-02T20:05:32Z,2026-07-02T20:05:32Z,2.2,https://data.lime.bike/api/partners/v2/gbfs/vancouver_bc/gbfs.json,https://data.lime.bike/api/partners/v2/gbfs/vancouver_bc/free_bike_status,2026-07-02T20:05:31Z,2026-07-02T20:05:31Z
lime_vancouver,lime_vancouver_12d6bcf7-3a7e-4b93-8a8d-412efe22d463,12d6bcf7-3a7e-4b93-8a8d-412efe22d463,49.242382,-123.049112,2,FALSE,FALSE,44354,NA,1783022684,2026-07-02T20:05:32Z,2026-07-02T20:05:32Z,2026-07-02T20:05:32Z,2.2,https://data.lime.bike/api/partners/v2/gbfs/vancouver_bc/gbfs.json,https://data.lime.bike/api/partners/v2/gbfs/vancouver_bc/free_bike_status,2026-07-02T20:05:31Z,2026-07-02T20:05:31Z
lime_vancouver,lime_vancouver_58471a7c-00c8-4cf2-bf2c-cb82fae17f96,58471a7c-00c8-4cf2-bf2c-cb82fae17f96,49.271905,-123.152563,2,FALSE,FALSE,7194,NA,1783022684,2026-07-02T20:05:32Z,2026-07-02T20:05:32Z,2026-07-02T20:05:32Z,2.2,https://data.lime.bike/api/partners/v2/gbfs/vancouver_bc/gbfs.json,https://data.lime.bike/api/partners/v2/gbfs/vancouver_bc/free_bike_status,2026-07-02T20:05:31Z,2026-07-02T20:05:31Z
lime_vancouver,lime_vancouver_52507666-d187-42e9-91ff-fe28dd463292,52507666-d187-42e9-91ff-fe28dd463292,49.28026,-123.036551,2,FALSE,FALSE,6293,NA,1783022684,2026-07-02T20:05:32Z,2026-07-02T20:05:32Z,2026-07-02T20:05:32Z,2.2,https://data.lime.bike/api/partners/v2/gbfs/vancouver_bc/gbfs.json,https://data.lime.bike/api/partners/v2/gbfs/vancouver_bc/free_bike_status,2026-07-02T20:05:31Z,2026-07-02T20:05:31Z
lime_vancouver,lime_vancouver_8da598be-53cf-4061-9564-564a15dc6bfc,8da598be-53cf-4061-9564-564a15dc6bfc,49.26629,-123.104707,2,FALSE,FALSE,32090,NA,1783022684,2026-07-02T20:05:32Z,2026-07-02T20:05:32Z,2026-07-02T20:05:32Z,2.2,https://data.lime.bike/api/partners/v2/gbfs/vancouver_bc/gbfs.json,https://data.lime.bike/api/partners/v2/gbfs/vancouver_bc/free_bike_status,2026-07-02T20:05:31Z,2026-07-02T20:05:31Z
lime_vancouver,lime_vancouver_6fa10c62-95ff-4b69-b30e-af6f7ad1d744,6fa10c62-95ff-4b69-b30e-af6f7ad1d744,49.254107,-123.083621,2,FALSE,FALSE,37176,NA,1783022684,2026-07-02T20:05:32Z,2026-07-02T20:05:32Z,2026-07-02T20:05:32Z,2.2,https://data.lime.bike/api/partners/v2/gbfs/vancouver_bc/gbfs.json,https://data.lime.bike/api/partners/v2/gbfs/vancouver_bc/free_bike_status,2026-07-02T20:05:31Z,2026-07-02T20:05:31Z
lime_vancouver,lime_vancouver_4010d411-507a-46e8-b668-08e8dfa9e20b,4010d411-507a-46e8-b668-08e8dfa9e20b,49.265388,-123.096766,2,FALSE,FALSE,7194,NA,1783022684,2026-07-02T20:05:32Z,2026-07-02T20:05:32Z,2026-07-02T20:05:32Z,2.2,https://data.lime.bike/api/partners/v2/gbfs/vancouver_bc/gbfs.json,https://data.lime.bike/api/partners/v2/gbfs/vancouver_bc/free_bike_status,2026-07-02T20:05:31Z,2026-07-02T20:05:31Z
lime_vancouver,lime_vancouver_ddd69633-0a99-48c9-ade5-a60e7ea707de,ddd69633-0a99-48c9-ade5-a60e7ea707de,49.264999,-123.117079,2,FALSE,FALSE,8111,NA,1783022684,2026-07-02T20:05:32Z,2026-07-02T20:05:32Z,2026-07-02T20:05:32Z,2.2,https://data.lime.bike/api/partners/v2/gbfs/vancouver_bc/gbfs.json,https://data.lime.bike/api/partners/v2/gbfs/vancouver_bc/free_bike_status,2026-07-02T20:05:31Z,2026-07-02T20:05:31Z
lime_vancouver,lime_vancouver_76b74cc1-0978-4437-8269-fd2f903448db,76b74cc1-0978-4437-8269-fd2f903448db,49.268137,-123.109483,2,FALSE,FALSE,44869,NA,1783022684,2026-07-02T20:05:32Z,2026-07-02T20:05:32Z,2026-07-02T20:05:32Z,2.2,https://data.lime.bike/api/partners/v2/gbfs/vancouver_bc/gbfs.json,https://data.lime.bike/api/partners/v2/gbfs/vancouver_bc/free_bike_status,2026-07-02T20:05:31Z,2026-07-02T20:05:31Z
lime_vancouver,lime_vancouver_c8b9426a-c8e3-4db8-a0ab-086f9ca5431f,c8b9426a-c8e3-4db8-a0ab-086f9ca5431f,49.252354,-123.03412,2,FALSE,FALSE,12263,NA,1783022684,2026-07-02T20:05:32Z,2026-07-02T20:05:32Z,2026-07-02T20:05:32Z,2.2,https://data.lime.bike/api/partners/v2/gbfs/vancouver_bc/gbfs.json,https://data.lime.bike/api/partners/v2/gbfs/vancouver_bc/free_bike_status,2026-07-02T20:05:31Z,2026-07-02T20:05:31Z
lime_vancouver,lime_vancouver_629a17f3-5843-4553-8400-62ca6b6cfefa,629a17f3-5843-4553-8400-62ca6b6cfefa,49.259171,-123.045322,2,FALSE,FALSE,27085,NA,1783022684,2026-07-02T20:05:32Z,2026-07-02T20:05:32Z,2026-07-02T20:05:32Z,2.2,https://data.lime.bike/api/partners/v2/gbfs/vancouver_bc/gbfs.json,https://data.lime.bike/api/partners/v2/gbfs/vancouver_bc/free_bike_status,2026-07-02T20:05:31Z,2026-07-02T20:05:31Z
lime_vancouver,lime_vancouver_de2447fd-f0da-4464-95fa-fdb1382fb628,de2447fd-f0da-4464-95fa-fdb1382fb628,49.246705,-123.060172,2,FALSE,FALSE,16480,NA,1783022684,2026-07-02T20:05:32Z,2026-07-02T20:05:32Z,2026-07-02T20:05:32Z,2.2,https://data.lime.bike/api/partners/v2/gbfs/vancouver_bc/gbfs.json,https://data.lime.bike/api/partners/v2/gbfs/vancouver_bc/free_bike_status,2026-07-02T20:05:31Z,2026-07-02T20:05:31Z
lime_vancouver,lime_vancouver_089ecce5-3b3a-47e3-8ce3-23aaa833ec11,089ecce5-3b3a-47e3-8ce3-23aaa833ec11,49.269775,-123.132047,2,FALSE,FALSE,22692,NA,1783022684,2026-07-02T20:05:32Z,2026-07-02T20:05:32Z,2026-07-02T20:05:32Z,2.2,https://data.lime.bike/api/partners/v2/gbfs/vancouver_bc/gbfs.json,https://data.lime.bike/api/partners/v2/gbfs/vancouver_bc/free_bike_status,2026-07-02T20:05:31Z,2026-07-02T20:05:31Z
lime_vancouver,lime_vancouver_374ae528-2c37-442d-acc5-0585dea17c1c,374ae528-2c37-442d-acc5-0585dea17c1c,49.266191,-123.098869,2,FALSE,FALSE,10863,NA,1783022684,2026-07-02T20:05:32Z,2026-07-02T20:05:32Z,2026-07-02T20:05:32Z,2.2,https://data.lime.bike/api/partners/v2/gbfs/vancouver_bc/gbfs.json,https://data.lime.bike/api/partners/v2/gbfs/vancouver_bc/free_bike_status,2026-07-02T20:05:31Z,2026-07-02T20:05:31Z
lime_vancouver,lime_vancouver_6505baad-e074-49f5-ae9e-920716a47fda,6505baad-e074-49f5-ae9e-920716a47fda,49.271167,-123.049508,2,FALSE,FALSE,42326,NA,1783022684,2026-07-02T20:05:32Z,2026-07-02T20:05:32Z,2026-07-02T20:05:32Z,2.2,https://data.lime.bike/api/partners/v2/gbfs/vancouver_bc/gbfs.json,https://data.lime.bike/api/partners/v2/gbfs/vancouver_bc/free_bike_status,2026-07-02T20:05:31Z,2026-07-02T20:05:31Z
lime_vancouver,lime_vancouver_672fd717-55b6-4d2e-ac36-e8b8c769bf96,672fd717-55b6-4d2e-ac36-e8b8c769bf96,49.286875,-123.125522,2,FALSE,FALSE,29081,NA,1783022684,2026-07-02T20:05:32Z,2026-07-02T20:05:32Z,2026-07-02T20:05:32Z,2.2,https://data.lime.bike/api/partners/v2/gbfs/vancouver_bc/gbfs.json,https://data.lime.bike/api/partners/v2/gbfs/vancouver_bc/free_bike_status,2026-07-02T20:05:31Z,2026-07-02T20:05:31Z
lime_vancouver,lime_vancouver_f0614598-9955-499e-aa2a-9ccd57fb5302,f0614598-9955-499e-aa2a-9ccd57fb5302,49.283758,-123.110548,2,FALSE,FALSE,15063,NA,1783022684,2026-07-02T20:05:32Z,2026-07-02T20:05:32Z,2026-07-02T20:05:32Z,2.2,https://data.lime.bike/api/partners/v2/gbfs/vancouver_bc/gbfs.json,https://data.lime.bike/api/partners/v2/gbfs/vancouver_bc/free_bike_status,2026-07-02T20:05:31Z,2026-07-02T20:05:31Z
lime_vancouver,lime_vancouver_36bb42b7-ba7c-4a29-acb7-1cedc8acabad,36bb42b7-ba7c-4a29-acb7-1cedc8acabad,49.280829,-123.11218,2,FALSE,FALSE,25122,NA,1783022684,2026-07-02T20:05:32Z,2026-07-02T20:05:32Z,2026-07-02T20:05:32Z,2.2,https://data.lime.bike/api/partners/v2/gbfs/vancouver_bc/gbfs.json,https://data.lime.bike/api/partners/v2/gbfs/vancouver_bc/free_bike_status,2026-07-02T20:05:31Z,2026-07-02T20:05:31Z
lime_vancouver,lime_vancouver_3333460d-e80c-4ac2-8c59-1810834e8864,3333460d-e80c-4ac2-8c59-1810834e8864,49.262775,-123.155391,2,FALSE,FALSE,43340,NA,1783022684,2026-07-02T20:05:32Z,2026-07-02T20:05:32Z,2026-07-02T20:05:32Z,2.2,https://data.lime.bike/api/partners/v2/gbfs/vancouver_bc/gbfs.json,https://data.lime.bike/api/partners/v2/gbfs/vancouver_bc/free_bike_status,2026-07-02T20:05:31Z,2026-07-02T20:05:31Z
lime_vancouver,lime_vancouver_0f79fa33-ea78-4900-9994-39e3bd702ce9,0f79fa33-ea78-4900-9994-39e3bd702ce9,49.263765,-123.157485,2,FALSE,FALSE,13197,NA,1783022684,2026-07-02T20:05:32Z,2026-07-02T20:05:32Z,2026-07-02T20:05:32Z,2.2,https://data.lime.bike/api/partners/v2/gbfs/vancouver_bc/gbfs.json,https://data.lime.bike/api/partners/v2/gbfs/vancouver_bc/free_bike_status,2026-07-02T20:05:31Z,2026-07-02T20:05:31Z
lime_vancouver,lime_vancouver_0629a266-5705-4e61-9e83-11e1c33228e8,0629a266-5705-4e61-9e83-11e1c33228e8,49.242273,-123.049142,2,FALSE,FALSE,14597,NA,1783022684,2026-07-02T20:05:32Z,2026-07-02T20:05:32Z,2026-07-02T20:05:32Z,2.2,https://data.lime.bike/api/partners/v2/gbfs/vancouver_bc/gbfs.json,https://data.lime.bike/api/partners/v2/gbfs/vancouver_bc/free_bike_status,2026-07-02T20:05:31Z,2026-07-02T20:05:31Z
lime_vancouver,lime_vancouver_ed89d1c7-26cb-429c-adc1-e52db71ecefe,ed89d1c7-26cb-429c-adc1-e52db71ecefe,49.280197,-123.131635,2,FALSE,FALSE,12263,NA,1783022684,2026-07-02T20:05:32Z,2026-07-02T20:05:32Z,2026-07-02T20:05:32Z,2.2,https://data.lime.bike/api/partners/v2/gbfs/vancouver_bc/gbfs.json,https://data.lime.bike/api/partners/v2/gbfs/vancouver_bc/free_bike_status,2026-07-02T20:05:31Z,2026-07-02T20:05:31Z
lime_vancouver,lime_vancouver_765c2862-3e65-4e66-bece-ee161cb13102,765c2862-3e65-4e66-bece-ee161cb13102,49.283624,-123.110447,2,FALSE,FALSE,5407,NA,1783022684,2026-07-02T20:05:32Z,2026-07-02T20:05:32Z,2026-07-02T20:05:32Z,2.2,https://data.lime.bike/api/partners/v2/gbfs/vancouver_bc/gbfs.json,https://data.lime.bike/api/partners/v2/gbfs/vancouver_bc/free_bike_status,2026-07-02T20:05:31Z,2026-07-02T20:05:31Z
lime_vancouver,lime_vancouver_e503972d-25ee-430e-a7fb-fe307a697023,e503972d-25ee-430e-a7fb-fe307a697023,49.232573,-123.051769,2,FALSE,FALSE,10863,NA,1783022684,2026-07-02T20:05:32Z,2026-07-02T20:05:32Z,2026-07-02T20:05:32Z,2.2,https://data.lime.bike/api/partners/v2/gbfs/vancouver_bc/gbfs.json,https://data.lime.bike/api/partners/v2/gbfs/vancouver_bc/free_bike_status,2026-07-02T20:05:31Z,2026-07-02T20:05:31Z
lime_vancouver,lime_vancouver_e7d72959-378f-4393-ac14-e1a19415b837,e7d72959-378f-4393-ac14-e1a19415b837,49.259278,-123.045365,2,FALSE,FALSE,17429,NA,1783022684,2026-07-02T20:05:32Z,2026-07-02T20:05:32Z,2026-07-02T20:05:32Z,2.2,https://data.lime.bike/api/partners/v2/gbfs/vancouver_bc/gbfs.json,https://data.lime.bike/api/partners/v2/gbfs/vancouver_bc/free_bike_status,2026-07-02T20:05:31Z,2026-07-02T20:05:31Z
lime_vancouver,lime_vancouver_426390fc-da41-4ae4-9ec5-39a8510c57ca,426390fc-da41-4ae4-9ec5-39a8510c57ca,49.238595,-123.051758,2,FALSE,FALSE,14597,NA,1783022684,2026-07-02T20:05:32Z,2026-07-02T20:05:32Z,2026-07-02T20:05:32Z,2.2,https://data.lime.bike/api/partners/v2/gbfs/vancouver_bc/gbfs.json,https://data.lime.bike/api/partners/v2/gbfs/vancouver_bc/free_bike_status,2026-07-02T20:05:31Z,2026-07-02T20:05:31Z
lime_vancouver,lime_vancouver_f88334b3-e2c8-4fe2-bb0b-3746906b06ec,f88334b3-e2c8-4fe2-bb0b-3746906b06ec,49.279559,-123.102264,2,FALSE,FALSE,34617,NA,1783022684,2026-07-02T20:05:32Z,2026-07-02T20:05:32Z,2026-07-02T20:05:32Z,2.2,https://data.lime.bike/api/partners/v2/gbfs/vancouver_bc/gbfs.json,https://data.lime.bike/api/partners/v2/gbfs/vancouver_bc/free_bike_status,2026-07-02T20:05:31Z,2026-07-02T20:05:31Z
lime_vancouver,lime_vancouver_d8d1b511-527d-4aae-b1e5-660cde829632,d8d1b511-527d-4aae-b1e5-660cde829632,49.265495,-123.143582,2,FALSE,FALSE,11796,NA,1783022684,2026-07-02T20:05:32Z,2026-07-02T20:05:32Z,2026-07-02T20:05:32Z,2.2,https://data.lime.bike/api/partners/v2/gbfs/vancouver_bc/gbfs.json,https://data.lime.bike/api/partners/v2/gbfs/vancouver_bc/free_bike_status,2026-07-02T20:05:31Z,2026-07-02T20:05:31Z
lime_vancouver,lime_vancouver_e60c9340-8b4b-44fa-ad50-2613241e8aef,e60c9340-8b4b-44fa-ad50-2613241e8aef,49.279596,-123.102443,2,FALSE,FALSE,13663,NA,1783022684,2026-07-02T20:05:32Z,2026-07-02T20:05:32Z,2026-07-02T20:05:32Z,2.2,https://data.lime.bike/api/partners/v2/gbfs/vancouver_bc/gbfs.json,https://data.lime.bike/api/partners/v2/gbfs/vancouver_bc/free_bike_status,2026-07-02T20:05:31Z,2026-07-02T20:05:31Z
lime_vancouver,lime_vancouver_f8f3efca-0529-4417-b5f6-5f972dd361cd,f8f3efca-0529-4417-b5f6-5f972dd361cd,49.258397,-123.049927,2,FALSE,FALSE,45367,NA,1783022684,2026-07-02T20:05:32Z,2026-07-02T20:05:32Z,2026-07-02T20:05:32Z,2.2,https://data.lime.bike/api/partners/v2/gbfs/vancouver_bc/gbfs.json,https://data.lime.bike/api/partners/v2/gbfs/vancouver_bc/free_bike_status,2026-07-02T20:05:31Z,2026-07-02T20:05:31Z
lime_vancouver,lime_vancouver_17f1c3af-216a-4622-82e4-77496de81d76,17f1c3af-216a-4622-82e4-77496de81d76,49.28443,-123.117437,2,FALSE,FALSE,11330,NA,1783022684,2026-07-02T20:05:32Z,2026-07-02T20:05:32Z,2026-07-02T20:05:32Z,2.2,https://data.lime.bike/api/partners/v2/gbfs/vancouver_bc/gbfs.json,https://data.lime.bike/api/partners/v2/gbfs/vancouver_bc/free_bike_status,2026-07-02T20:05:31Z,2026-07-02T20:05:31Z
lime_vancouver,lime_vancouver_a7ed1f2d-9469-433a-aab4-8dd162660bee,a7ed1f2d-9469-433a-aab4-8dd162660bee,49.269724,-123.135682,2,FALSE,FALSE,25605,NA,1783022684,2026-07-02T20:05:32Z,2026-07-02T20:05:32Z,2026-07-02T20:05:32Z,2.2,https://data.lime.bike/api/partners/v2/gbfs/vancouver_bc/gbfs.json,https://data.lime.bike/api/partners/v2/gbfs/vancouver_bc/free_bike_status,2026-07-02T20:05:31Z,2026-07-02T20:05:31Z
lime_vancouver,lime_vancouver_49295615-27d1-4aa3-88f2-957b2d3eb156,49295615-27d1-4aa3-88f2-957b2d3eb156,49.28018,-123.131728,2,FALSE,FALSE,15530,NA,1783022684,2026-07-02T20:05:32Z,2026-07-02T20:05:32Z,2026-07-02T20:05:32Z,2.2,https://data.lime.bike/api/partners/v2/gbfs/vancouver_bc/gbfs.json,https://data.lime.bike/api/partners/v2/gbfs/vancouver_bc/free_bike_status,2026-07-02T20:05:31Z,2026-07-02T20:05:31Z
lime_vancouver,lime_vancouver_f955a489-1c50-42fd-82c4-74cd31a00375,f955a489-1c50-42fd-82c4-74cd31a00375,49.289896,-123.131228,2,FALSE,FALSE,3637,NA,1783022684,2026-07-02T20:05:32Z,2026-07-02T20:05:32Z,2026-07-02T20:05:32Z,2.2,https://data.lime.bike/api/partners/v2/gbfs/vancouver_bc/gbfs.json,https://data.lime.bike/api/partners/v2/gbfs/vancouver_bc/free_bike_status,2026-07-02T20:05:31Z,2026-07-02T20:05:31Z
lime_vancouver,lime_vancouver_880672d8-c89e-4f75-a8a0-bbe4c802134f,880672d8-c89e-4f75-a8a0-bbe4c802134f,49.24983,-123.036528,2,FALSE,FALSE,43855,NA,1783022684,2026-07-02T20:05:32Z,2026-07-02T20:05:32Z,2026-07-02T20:05:32Z,2.2,https://data.lime.bike/api/partners/v2/gbfs/vancouver_bc/gbfs.json,https://data.lime.bike/api/partners/v2/gbfs/vancouver_bc/free_bike_status,2026-07-02T20:05:31Z,2026-07-02T20:05:31Z
lime_vancouver,lime_vancouver_38ba7ddc-cbae-4e34-b274-55278b656a15,38ba7ddc-cbae-4e34-b274-55278b656a15,49.238781,-123.026892,2,FALSE,FALSE,21243,NA,1783022684,2026-07-02T20:05:32Z,2026-07-02T20:05:32Z,2026-07-02T20:05:32Z,2.2,https://data.lime.bike/api/partners/v2/gbfs/vancouver_bc/gbfs.json,https://data.lime.bike/api/partners/v2/gbfs/vancouver_bc/free_bike_status,2026-07-02T20:05:31Z,2026-07-02T20:05:31Z
lime_vancouver,lime_vancouver_3095d3cb-c705-426e-89ae-4c82d0750cbd,3095d3cb-c705-426e-89ae-4c82d0750cbd,49.287878,-123.141905,2,FALSE,FALSE,23175,NA,1783022684,2026-07-02T20:05:32Z,2026-07-02T20:05:32Z,2026-07-02T20:05:32Z,2.2,https://data.lime.bike/api/partners/v2/gbfs/vancouver_bc/gbfs.json,https://data.lime.bike/api/partners/v2/gbfs/vancouver_bc/free_bike_status,2026-07-02T20:05:31Z,2026-07-02T20:05:31Z
lime_vancouver,lime_vancouver_428d2c36-ab70-4593-8205-d02c589dc49f,428d2c36-ab70-4593-8205-d02c589dc49f,49.285668,-123.135185,2,FALSE,FALSE,21726,NA,1783022684,2026-07-02T20:05:32Z,2026-07-02T20:05:32Z,2026-07-02T20:05:32Z,2.2,https://data.lime.bike/api/partners/v2/gbfs/vancouver_bc/gbfs.json,https://data.lime.bike/api/partners/v2/gbfs/vancouver_bc/free_bike_status,2026-07-02T20:05:31Z,2026-07-02T20:05:31Z
lime_vancouver,lime_vancouver_741cc6bd-2922-4d10-b897-d2f1d06a11d9,741cc6bd-2922-4d10-b897-d2f1d06a11d9,49.244818,-123.045995,2,FALSE,FALSE,25122,NA,1783022684,2026-07-02T20:05:32Z,2026-07-02T20:05:32Z,2026-07-02T20:05:32Z,2.2,https://data.lime.bike/api/partners/v2/gbfs/vancouver_bc/gbfs.json,https://data.lime.bike/api/partners/v2/gbfs/vancouver_bc/free_bike_status,2026-07-02T20:05:31Z,2026-07-02T20:05:31Z
lime_vancouver,lime_vancouver_0f199772-65ff-4d52-8a3b-e609adfc66f0,0f199772-65ff-4d52-8a3b-e609adfc66f0,49.266212,-123.140566,2,FALSE,FALSE,25122,NA,1783022684,2026-07-02T20:05:32Z,2026-07-02T20:05:32Z,2026-07-02T20:05:32Z,2.2,https://data.lime.bike/api/partners/v2/gbfs/vancouver_bc/gbfs.json,https://data.lime.bike/api/partners/v2/gbfs/vancouver_bc/free_bike_status,2026-07-02T20:05:31Z,2026-07-02T20:05:31Z
lime_vancouver,lime_vancouver_dd041019-ae5d-4b36-a40a-315ad033ef59,dd041019-ae5d-4b36-a40a-315ad033ef59,49.244843,-123.045965,2,FALSE,FALSE,13197,NA,1783022684,2026-07-02T20:05:32Z,2026-07-02T20:05:32Z,2026-07-02T20:05:32Z,2.2,https://data.lime.bike/api/partners/v2/gbfs/vancouver_bc/gbfs.json,https://data.lime.bike/api/partners/v2/gbfs/vancouver_bc/free_bike_status,2026-07-02T20:05:31Z,2026-07-02T20:05:31Z
lime_vancouver,lime_vancouver_44c3ca15-f099-4ac6-8292-1a2f320284cd,44c3ca15-f099-4ac6-8292-1a2f320284cd,49.285715,-123.130945,2,FALSE,FALSE,31575,NA,1783022684,2026-07-02T20:05:32Z,2026-07-02T20:05:32Z,2026-07-02T20:05:32Z,2.2,https://data.lime.bike/api/partners/v2/gbfs/vancouver_bc/gbfs.json,https://data.lime.bike/api/partners/v2/gbfs/vancouver_bc/free_bike_status,2026-07-02T20:05:31Z,2026-07-02T20:05:31Z
lime_vancouver,lime_vancouver_c559654d-a13d-4b2a-a47e-1d776a759f0a,c559654d-a13d-4b2a-a47e-1d776a759f0a,49.279281,-123.046834,2,FALSE,FALSE,8111,NA,1783022684,2026-07-02T20:05:32Z,2026-07-02T20:05:32Z,2026-07-02T20:05:32Z,2.2,https://data.lime.bike/api/partners/v2/gbfs/vancouver_bc/gbfs.json,https://data.lime.bike/api/partners/v2/gbfs/vancouver_bc/free_bike_status,2026-07-02T20:05:31Z,2026-07-02T20:05:31Z
lime_vancouver,lime_vancouver_cc622dfc-800d-4207-9b79-ac71d0472a16,cc622dfc-800d-4207-9b79-ac71d0472a16,49.28176,-123.074112,2,FALSE,FALSE,24623,NA,1783022684,2026-07-02T20:05:32Z,2026-07-02T20:05:32Z,2026-07-02T20:05:32Z,2.2,https://data.lime.bike/api/partners/v2/gbfs/vancouver_bc/gbfs.json,https://data.lime.bike/api/partners/v2/gbfs/vancouver_bc/free_bike_status,2026-07-02T20:05:31Z,2026-07-02T20:05:31Z
lime_vancouver,lime_vancouver_05c90730-510e-448c-bada-8d071774833a,05c90730-510e-448c-bada-8d071774833a,49.277433,-123.043672,2,FALSE,FALSE,19811,NA,1783022684,2026-07-02T20:05:32Z,2026-07-02T20:05:32Z,2026-07-02T20:05:32Z,2.2,https://data.lime.bike/api/partners/v2/gbfs/vancouver_bc/gbfs.json,https://data.lime.bike/api/partners/v2/gbfs/vancouver_bc/free_bike_status,2026-07-02T20:05:31Z,2026-07-02T20:05:31Z
lime_vancouver,lime_vancouver_c59a6fc2-5b7c-4196-baed-5a87483a3d99,c59a6fc2-5b7c-4196-baed-5a87483a3d99,49.265454,-123.14367,2,FALSE,FALSE,18845,NA,1783022684,2026-07-02T20:05:32Z,2026-07-02T20:05:32Z,2026-07-02T20:05:32Z,2.2,https://data.lime.bike/api/partners/v2/gbfs/vancouver_bc/gbfs.json,https://data.lime.bike/api/partners/v2/gbfs/vancouver_bc/free_bike_status,2026-07-02T20:05:31Z,2026-07-02T20:05:31Z
lime_vancouver,lime_vancouver_82f88c4b-fa3e-4e52-a683-c5434df87524,82f88c4b-fa3e-4e52-a683-c5434df87524,49.26149,-123.079637,2,FALSE,FALSE,39767,NA,1783022684,2026-07-02T20:05:32Z,2026-07-02T20:05:32Z,2026-07-02T20:05:32Z,2.2,https://data.lime.bike/api/partners/v2/gbfs/vancouver_bc/gbfs.json,https://data.lime.bike/api/partners/v2/gbfs/vancouver_bc/free_bike_status,2026-07-02T20:05:31Z,2026-07-02T20:05:31Z
lime_vancouver,lime_vancouver_3d94f76b-bb74-4317-b860-9123fc91a7dc,3d94f76b-bb74-4317-b860-9123fc91a7dc,49.285557,-123.046801,2,FALSE,FALSE,17429,NA,1783022684,2026-07-02T20:05:32Z,2026-07-02T20:05:32Z,2026-07-02T20:05:32Z,2.2,https://data.lime.bike/api/partners/v2/gbfs/vancouver_bc/gbfs.json,https://data.lime.bike/api/partners/v2/gbfs/vancouver_bc/free_bike_status,2026-07-02T20:05:31Z,2026-07-02T20:05:31Z
lime_vancouver,lime_vancouver_50f57822-fdfa-4412-a20a-62eaf82e63ab,50f57822-fdfa-4412-a20a-62eaf82e63ab,49.282233,-123.061664,2,FALSE,FALSE,32589,NA,1783022684,2026-07-02T20:05:32Z,2026-07-02T20:05:32Z,2026-07-02T20:05:32Z,2.2,https://data.lime.bike/api/partners/v2/gbfs/vancouver_bc/gbfs.json,https://data.lime.bike/api/partners/v2/gbfs/vancouver_bc/free_bike_status,2026-07-02T20:05:31Z,2026-07-02T20:05:31Z
lime_vancouver,lime_vancouver_b38c1002-2f80-44d2-90da-6bff8903fc86,b38c1002-2f80-44d2-90da-6bff8903fc86,49.265109,-123.125903,2,FALSE,FALSE,9946,NA,1783022684,2026-07-02T20:05:32Z,2026-07-02T20:05:32Z,2026-07-02T20:05:32Z,2.2,https://data.lime.bike/api/partners/v2/gbfs/vancouver_bc/gbfs.json,https://data.lime.bike/api/partners/v2/gbfs/vancouver_bc/free_bike_status,2026-07-02T20:05:31Z,2026-07-02T20:05:31Z
lime_vancouver,lime_vancouver_916fac5f-8176-498c-9dbc-ce287d3240e6,916fac5f-8176-498c-9dbc-ce287d3240e6,49.286596,-123.122617,2,FALSE,FALSE,17429,NA,1783022684,2026-07-02T20:05:32Z,2026-07-02T20:05:32Z,2026-07-02T20:05:32Z,2.2,https://data.lime.bike/api/partners/v2/gbfs/vancouver_bc/gbfs.json,https://data.lime.bike/api/partners/v2/gbfs/vancouver_bc/free_bike_status,2026-07-02T20:05:31Z,2026-07-02T20:05:31Z
lime_vancouver,lime_vancouver_2f741a2d-665b-44ab-83fc-cdb1404016dc,2f741a2d-665b-44ab-83fc-cdb1404016dc,49.266672,-123.115705,2,FALSE,FALSE,38206,NA,1783022684,2026-07-02T20:05:32Z,2026-07-02T20:05:32Z,2026-07-02T20:05:32Z,2.2,https://data.lime.bike/api/partners/v2/gbfs/vancouver_bc/gbfs.json,https://data.lime.bike/api/partners/v2/gbfs/vancouver_bc/free_bike_status,2026-07-02T20:05:31Z,2026-07-02T20:05:31Z
lime_vancouver,lime_vancouver_6763002c-e88c-401b-8492-da16ead08e07,6763002c-e88c-401b-8492-da16ead08e07,49.262062,-123.102013,2,FALSE,FALSE,31076,NA,1783022684,2026-07-02T20:05:32Z,2026-07-02T20:05:32Z,2026-07-02T20:05:32Z,2.2,https://data.lime.bike/api/partners/v2/gbfs/vancouver_bc/gbfs.json,https://data.lime.bike/api/partners/v2/gbfs/vancouver_bc/free_bike_status,2026-07-02T20:05:31Z,2026-07-02T20:05:31Z
lime_vancouver,lime_vancouver_4ee04677-e0fb-4eb5-b8a4-7c85175d1d98,4ee04677-e0fb-4eb5-b8a4-7c85175d1d98,49.266754,-123.115635,2,FALSE,FALSE,23657,NA,1783022684,2026-07-02T20:05:32Z,2026-07-02T20:05:32Z,2026-07-02T20:05:32Z,2.2,https://data.lime.bike/api/partners/v2/gbfs/vancouver_bc/gbfs.json,https://data.lime.bike/api/partners/v2/gbfs/vancouver_bc/free_bike_status,2026-07-02T20:05:31Z,2026-07-02T20:05:31Z
lime_vancouver,lime_vancouver_41d3b7fa-4391-4a36-9898-03a036475963,41d3b7fa-4391-4a36-9898-03a036475963,49.280194,-123.131707,2,FALSE,FALSE,25122,NA,1783022684,2026-07-02T20:05:32Z,2026-07-02T20:05:32Z,2026-07-02T20:05:32Z,2.2,https://data.lime.bike/api/partners/v2/gbfs/vancouver_bc/gbfs.json,https://data.lime.bike/api/partners/v2/gbfs/vancouver_bc/free_bike_status,2026-07-02T20:05:31Z,2026-07-02T20:05:31Z
lime_vancouver,lime_vancouver_ce030c32-d5e2-4b67-9dd6-a4bfc3fbbe49,ce030c32-d5e2-4b67-9dd6-a4bfc3fbbe49,49.27233,-123.033891,2,FALSE,FALSE,42326,NA,1783022684,2026-07-02T20:05:32Z,2026-07-02T20:05:32Z,2026-07-02T20:05:32Z,2.2,https://data.lime.bike/api/partners/v2/gbfs/vancouver_bc/gbfs.json,https://data.lime.bike/api/partners/v2/gbfs/vancouver_bc/free_bike_status,2026-07-02T20:05:31Z,2026-07-02T20:05:31Z
lime_vancouver,lime_vancouver_509c1a42-ad71-4e9d-9754-d9b4aad68c71,509c1a42-ad71-4e9d-9754-d9b4aad68c71,49.264006,-123.104912,2,FALSE,FALSE,35631,NA,1783022684,2026-07-02T20:05:32Z,2026-07-02T20:05:32Z,2026-07-02T20:05:32Z,2.2,https://data.lime.bike/api/partners/v2/gbfs/vancouver_bc/gbfs.json,https://data.lime.bike/api/partners/v2/gbfs/vancouver_bc/free_bike_status,2026-07-02T20:05:31Z,2026-07-02T20:05:31Z
lime_vancouver,lime_vancouver_02935a40-4090-479d-b6da-c5bf9d453b01,02935a40-4090-479d-b6da-c5bf9d453b01,49.28181,-123.120336,2,FALSE,FALSE,8111,NA,1783022684,2026-07-02T20:05:32Z,2026-07-02T20:05:32Z,2026-07-02T20:05:32Z,2.2,https://data.lime.bike/api/partners/v2/gbfs/vancouver_bc/gbfs.json,https://data.lime.bike/api/partners/v2/gbfs/vancouver_bc/free_bike_status,2026-07-02T20:05:31Z,2026-07-02T20:05:31Z
lime_vancouver,lime_vancouver_77bcedc0-70d9-4bc8-ac01-9608559db375,77bcedc0-70d9-4bc8-ac01-9608559db375,49.28127,-123.057675,2,FALSE,FALSE,39767,NA,1783022684,2026-07-02T20:05:32Z,2026-07-02T20:05:32Z,2026-07-02T20:05:32Z,2.2,https://data.lime.bike/api/partners/v2/gbfs/vancouver_bc/gbfs.json,https://data.lime.bike/api/partners/v2/gbfs/vancouver_bc/free_bike_status,2026-07-02T20:05:31Z,2026-07-02T20:05:31Z
lime_vancouver,lime_vancouver_f37a20e5-8838-4db3-b940-c6f5b69755d1,f37a20e5-8838-4db3-b940-c6f5b69755d1,49.273114,-123.069256,2,FALSE,FALSE,36661,NA,1783022684,2026-07-02T20:05:32Z,2026-07-02T20:05:32Z,2026-07-02T20:05:32Z,2.2,https://data.lime.bike/api/partners/v2/gbfs/vancouver_bc/gbfs.json,https://data.lime.bike/api/partners/v2/gbfs/vancouver_bc/free_bike_status,2026-07-02T20:05:31Z,2026-07-02T20:05:31Z
lime_vancouver,lime_vancouver_0fdf4003-268b-4001-8156-49c5255f4b8c,0fdf4003-268b-4001-8156-49c5255f4b8c,49.266194,-123.140624,2,FALSE,FALSE,15997,NA,1783022684,2026-07-02T20:05:32Z,2026-07-02T20:05:32Z,2026-07-02T20:05:32Z,2.2,https://data.lime.bike/api/partners/v2/gbfs/vancouver_bc/gbfs.json,https://data.lime.bike/api/partners/v2/gbfs/vancouver_bc/free_bike_status,2026-07-02T20:05:31Z,2026-07-02T20:05:31Z
lime_vancouver,lime_vancouver_5b510a58-3176-4580-9169-e78b2dbb9eaa,5b510a58-3176-4580-9169-e78b2dbb9eaa,49.265405,-123.096726,2,FALSE,FALSE,45367,NA,1783022684,2026-07-02T20:05:32Z,2026-07-02T20:05:32Z,2026-07-02T20:05:32Z,2.2,https://data.lime.bike/api/partners/v2/gbfs/vancouver_bc/gbfs.json,https://data.lime.bike/api/partners/v2/gbfs/vancouver_bc/free_bike_status,2026-07-02T20:05:31Z,2026-07-02T20:05:31Z
lime_vancouver,lime_vancouver_3a6c0cf7-3758-440e-b6f9-de33fb7c1c78,3a6c0cf7-3758-440e-b6f9-de33fb7c1c78,49.27961,-123.102434,2,FALSE,FALSE,39252,NA,1783022684,2026-07-02T20:05:32Z,2026-07-02T20:05:32Z,2026-07-02T20:05:32Z,2.2,https://data.lime.bike/api/partners/v2/gbfs/vancouver_bc/gbfs.json,https://data.lime.bike/api/partners/v2/gbfs/vancouver_bc/free_bike_status,2026-07-02T20:05:31Z,2026-07-02T20:05:31Z
lime_vancouver,lime_vancouver_903849b5-003d-4ed1-91ae-df79b01968a0,903849b5-003d-4ed1-91ae-df79b01968a0,49.267824,-123.069425,2,FALSE,FALSE,7660,NA,1783022684,2026-07-02T20:05:32Z,2026-07-02T20:05:32Z,2026-07-02T20:05:32Z,2.2,https://data.lime.bike/api/partners/v2/gbfs/vancouver_bc/gbfs.json,https://data.lime.bike/api/partners/v2/gbfs/vancouver_bc/free_bike_status,2026-07-02T20:05:31Z,2026-07-02T20:05:31Z
lime_vancouver,lime_vancouver_2627544f-471e-43e2-b2a1-a5a888f10a79,2627544f-471e-43e2-b2a1-a5a888f10a79,49.23543,-123.03097,2,FALSE,FALSE,5842,NA,1783022684,2026-07-02T20:05:32Z,2026-07-02T20:05:32Z,2026-07-02T20:05:32Z,2.2,https://data.lime.bike/api/partners/v2/gbfs/vancouver_bc/gbfs.json,https://data.lime.bike/api/partners/v2/gbfs/vancouver_bc/free_bike_status,2026-07-02T20:05:31Z,2026-07-02T20:05:31Z
lime_vancouver,lime_vancouver_245d84cb-9aba-4ec6-afd1-077679fe0fa2,245d84cb-9aba-4ec6-afd1-077679fe0fa2,49.28783,-123.141901,2,FALSE,FALSE,6743,NA,1783022684,2026-07-02T20:05:32Z,2026-07-02T20:05:32Z,2026-07-02T20:05:32Z,2.2,https://data.lime.bike/api/partners/v2/gbfs/vancouver_bc/gbfs.json,https://data.lime.bike/api/partners/v2/gbfs/vancouver_bc/free_bike_status,2026-07-02T20:05:31Z,2026-07-02T20:05:31Z
lime_vancouver,lime_vancouver_8dd261d7-d139-47fe-b7a1-eeb4c53cf93b,8dd261d7-d139-47fe-b7a1-eeb4c53cf93b,49.271864,-123.164754,2,FALSE,FALSE,36661,NA,1783022684,2026-07-02T20:05:32Z,2026-07-02T20:05:32Z,2026-07-02T20:05:32Z,2.2,https://data.lime.bike/api/partners/v2/gbfs/vancouver_bc/gbfs.json,https://data.lime.bike/api/partners/v2/gbfs/vancouver_bc/free_bike_status,2026-07-02T20:05:31Z,2026-07-02T20:05:31Z
lime_vancouver,lime_vancouver_59215878-7185-43d5-b1e0-20eadb94e164,59215878-7185-43d5-b1e0-20eadb94e164,49.235855,-123.055169,2,FALSE,FALSE,38737,NA,1783022684,2026-07-02T20:05:32Z,2026-07-02T20:05:32Z,2026-07-02T20:05:32Z,2.2,https://data.lime.bike/api/partners/v2/gbfs/vancouver_bc/gbfs.json,https://data.lime.bike/api/partners/v2/gbfs/vancouver_bc/free_bike_status,2026-07-02T20:05:31Z,2026-07-02T20:05:31Z
lime_vancouver,lime_vancouver_08e6394c-0fbc-4fa2-94e2-d452d294f045,08e6394c-0fbc-4fa2-94e2-d452d294f045,49.256453,-123.039339,2,FALSE,FALSE,40282,NA,1783022684,2026-07-02T20:05:32Z,2026-07-02T20:05:32Z,2026-07-02T20:05:32Z,2.2,https://data.lime.bike/api/partners/v2/gbfs/vancouver_bc/gbfs.json,https://data.lime.bike/api/partners/v2/gbfs/vancouver_bc/free_bike_status,2026-07-02T20:05:31Z,2026-07-02T20:05:31Z
lime_vancouver,lime_vancouver_797e29d2-bda7-474f-85ce-80d9bed6ac20,797e29d2-bda7-474f-85ce-80d9bed6ac20,49.275301,-123.06762,2,FALSE,FALSE,27584,NA,1783022684,2026-07-02T20:05:32Z,2026-07-02T20:05:32Z,2026-07-02T20:05:32Z,2.2,https://data.lime.bike/api/partners/v2/gbfs/vancouver_bc/gbfs.json,https://data.lime.bike/api/partners/v2/gbfs/vancouver_bc/free_bike_status,2026-07-02T20:05:31Z,2026-07-02T20:05:31Z
lime_vancouver,lime_vancouver_9acac210-d839-4273-b74e-20893d2899a6,9acac210-d839-4273-b74e-20893d2899a6,49.262285,-123.049664,2,FALSE,FALSE,19811,NA,1783022684,2026-07-02T20:05:32Z,2026-07-02T20:05:32Z,2026-07-02T20:05:32Z,2.2,https://data.lime.bike/api/partners/v2/gbfs/vancouver_bc/gbfs.json,https://data.lime.bike/api/partners/v2/gbfs/vancouver_bc/free_bike_status,2026-07-02T20:05:31Z,2026-07-02T20:05:31Z
lime_vancouver,lime_vancouver_68dcadf2-0027-4ec2-8ddc-439476d43ca5,68dcadf2-0027-4ec2-8ddc-439476d43ca5,49.285806,-123.135148,2,FALSE,FALSE,23657,NA,1783022684,2026-07-02T20:05:32Z,2026-07-02T20:05:32Z,2026-07-02T20:05:32Z,2.2,https://data.lime.bike/api/partners/v2/gbfs/vancouver_bc/gbfs.json,https://data.lime.bike/api/partners/v2/gbfs/vancouver_bc/free_bike_status,2026-07-02T20:05:31Z,2026-07-02T20:05:31Z
lime_vancouver,lime_vancouver_115a2b4a-5e9a-4fe3-a0ff-bc299ef4e42e,115a2b4a-5e9a-4fe3-a0ff-bc299ef4e42e,49.267822,-123.160019,2,FALSE,FALSE,40797,NA,1783022684,2026-07-02T20:05:32Z,2026-07-02T20:05:32Z,2026-07-02T20:05:32Z,2.2,https://data.lime.bike/api/partners/v2/gbfs/vancouver_bc/gbfs.json,https://data.lime.bike/api/partners/v2/gbfs/vancouver_bc/free_bike_status,2026-07-02T20:05:31Z,2026-07-02T20:05:31Z
lime_vancouver,lime_vancouver_3dc8e214-4f74-4d7b-9e0d-067049d69dde,3dc8e214-4f74-4d7b-9e0d-067049d69dde,49.265573,-123.143675,2,FALSE,FALSE,36661,NA,1783022684,2026-07-02T20:05:32Z,2026-07-02T20:05:32Z,2026-07-02T20:05:32Z,2.2,https://data.lime.bike/api/partners/v2/gbfs/vancouver_bc/gbfs.json,https://data.lime.bike/api/partners/v2/gbfs/vancouver_bc/free_bike_status,2026-07-02T20:05:31Z,2026-07-02T20:05:31Z
lime_vancouver,lime_vancouver_1ee75659-ae2a-41a7-9afe-de146690ae9e,1ee75659-ae2a-41a7-9afe-de146690ae9e,49.236908,-123.074432,2,FALSE,FALSE,43340,NA,1783022684,2026-07-02T20:05:32Z,2026-07-02T20:05:32Z,2026-07-02T20:05:32Z,2.2,https://data.lime.bike/api/partners/v2/gbfs/vancouver_bc/gbfs.json,https://data.lime.bike/api/partners/v2/gbfs/vancouver_bc/free_bike_status,2026-07-02T20:05:31Z,2026-07-02T20:05:31Z
lime_vancouver,lime_vancouver_6a02d685-ffef-43c7-88d3-7d69764edff5,6a02d685-ffef-43c7-88d3-7d69764edff5,49.283988,-123.120013,2,FALSE,FALSE,39767,NA,1783022684,2026-07-02T20:05:32Z,2026-07-02T20:05:32Z,2026-07-02T20:05:32Z,2.2,https://data.lime.bike/api/partners/v2/gbfs/vancouver_bc/gbfs.json,https://data.lime.bike/api/partners/v2/gbfs/vancouver_bc/free_bike_status,2026-07-02T20:05:31Z,2026-07-02T20:05:31Z
lime_vancouver,lime_vancouver_28303629-127b-4d2a-97cd-a3f5269cfb92,28303629-127b-4d2a-97cd-a3f5269cfb92,49.275382,-123.09234,2,FALSE,FALSE,38737,NA,1783022684,2026-07-02T20:05:32Z,2026-07-02T20:05:32Z,2026-07-02T20:05:32Z,2.2,https://data.lime.bike/api/partners/v2/gbfs/vancouver_bc/gbfs.json,https://data.lime.bike/api/partners/v2/gbfs/vancouver_bc/free_bike_status,2026-07-02T20:05:31Z,2026-07-02T20:05:31Z
lime_vancouver,lime_vancouver_e9025f0a-6fc8-4847-ae9b-d82fa67d2b48,e9025f0a-6fc8-4847-ae9b-d82fa67d2b48,49.283093,-123.06848,2,FALSE,FALSE,5407,NA,1783022684,2026-07-02T20:05:32Z,2026-07-02T20:05:32Z,2026-07-02T20:05:32Z,2.2,https://data.lime.bike/api/partners/v2/gbfs/vancouver_bc/gbfs.json,https://data.lime.bike/api/partners/v2/gbfs/vancouver_bc/free_bike_status,2026-07-02T20:05:31Z,2026-07-02T20:05:31Z
lime_vancouver,lime_vancouver_7401473f-6538-483d-aec5-8c7b00ece4b2,7401473f-6538-483d-aec5-8c7b00ece4b2,49.275365,-123.092455,2,FALSE,FALSE,19811,NA,1783022684,2026-07-02T20:05:32Z,2026-07-02T20:05:32Z,2026-07-02T20:05:32Z,2.2,https://data.lime.bike/api/partners/v2/gbfs/vancouver_bc/gbfs.json,https://data.lime.bike/api/partners/v2/gbfs/vancouver_bc/free_bike_status,2026-07-02T20:05:31Z,2026-07-02T20:05:31Z
lime_vancouver,lime_vancouver_f0b2f83c-bd15-48c8-b765-eeec542c1574,f0b2f83c-bd15-48c8-b765-eeec542c1574,49.285811,-123.135104,2,FALSE,FALSE,15063,NA,1783022684,2026-07-02T20:05:32Z,2026-07-02T20:05:32Z,2026-07-02T20:05:32Z,2.2,https://data.lime.bike/api/partners/v2/gbfs/vancouver_bc/gbfs.json,https://data.lime.bike/api/partners/v2/gbfs/vancouver_bc/free_bike_status,2026-07-02T20:05:31Z,2026-07-02T20:05:31Z
lime_vancouver,lime_vancouver_517f4f28-104f-4d58-b406-49b45c56f86b,517f4f28-104f-4d58-b406-49b45c56f86b,49.264942,-123.164891,2,FALSE,FALSE,10863,NA,1783022684,2026-07-02T20:05:32Z,2026-07-02T20:05:32Z,2026-07-02T20:05:32Z,2.2,https://data.lime.bike/api/partners/v2/gbfs/vancouver_bc/gbfs.json,https://data.lime.bike/api/partners/v2/gbfs/vancouver_bc/free_bike_status,2026-07-02T20:05:31Z,2026-07-02T20:05:31Z
lime_vancouver,lime_vancouver_6df663db-5505-47a6-ac8e-0f2594e8347d,6df663db-5505-47a6-ac8e-0f2594e8347d,49.262266,-123.049711,2,FALSE,FALSE,26586,NA,1783022684,2026-07-02T20:05:32Z,2026-07-02T20:05:32Z,2026-07-02T20:05:32Z,2.2,https://data.lime.bike/api/partners/v2/gbfs/vancouver_bc/gbfs.json,https://data.lime.bike/api/partners/v2/gbfs/vancouver_bc/free_bike_status,2026-07-02T20:05:31Z,2026-07-02T20:05:31Z
lime_vancouver,lime_vancouver_1edbcdcf-fc7b-438c-a49f-4de572771896,1edbcdcf-fc7b-438c-a49f-4de572771896,49.227607,-123.066016,2,FALSE,FALSE,25605,NA,1783022684,2026-07-02T20:05:32Z,2026-07-02T20:05:32Z,2026-07-02T20:05:32Z,2.2,https://data.lime.bike/api/partners/v2/gbfs/vancouver_bc/gbfs.json,https://data.lime.bike/api/partners/v2/gbfs/vancouver_bc/free_bike_status,2026-07-02T20:05:31Z,2026-07-02T20:05:31Z
lime_vancouver,lime_vancouver_f26dc999-1593-4626-a456-9623c45a3849,f26dc999-1593-4626-a456-9623c45a3849,49.262455,-123.12884,2,FALSE,FALSE,15530,NA,1783022684,2026-07-02T20:05:32Z,2026-07-02T20:05:32Z,2026-07-02T20:05:32Z,2.2,https://data.lime.bike/api/partners/v2/gbfs/vancouver_bc/gbfs.json,https://data.lime.bike/api/partners/v2/gbfs/vancouver_bc/free_bike_status,2026-07-02T20:05:31Z,2026-07-02T20:05:31Z
lime_vancouver,lime_vancouver_d8940c59-d889-47b7-a365-1bc33b12992f,d8940c59-d889-47b7-a365-1bc33b12992f,49.240021,-123.074118,2,FALSE,FALSE,34617,NA,1783022684,2026-07-02T20:05:32Z,2026-07-02T20:05:32Z,2026-07-02T20:05:32Z,2.2,https://data.lime.bike/api/partners/v2/gbfs/vancouver_bc/gbfs.json,https://data.lime.bike/api/partners/v2/gbfs/vancouver_bc/free_bike_status,2026-07-02T20:05:31Z,2026-07-02T20:05:31Z
lime_vancouver,lime_vancouver_12ef74b2-f36a-4218-b6a7-b927a20cd505,12ef74b2-f36a-4218-b6a7-b927a20cd505,49.287882,-123.130225,2,FALSE,FALSE,20761,NA,1783022684,2026-07-02T20:05:32Z,2026-07-02T20:05:32Z,2026-07-02T20:05:32Z,2.2,https://data.lime.bike/api/partners/v2/gbfs/vancouver_bc/gbfs.json,https://data.lime.bike/api/partners/v2/gbfs/vancouver_bc/free_bike_status,2026-07-02T20:05:31Z,2026-07-02T20:05:31Z
lime_vancouver,lime_vancouver_abd90106-a9ee-40d2-93c6-2ef07b561b38,abd90106-a9ee-40d2-93c6-2ef07b561b38,49.266395,-123.148383,2,FALSE,FALSE,22209,NA,1783022684,2026-07-02T20:05:32Z,2026-07-02T20:05:32Z,2026-07-02T20:05:32Z,2.2,https://data.lime.bike/api/partners/v2/gbfs/vancouver_bc/gbfs.json,https://data.lime.bike/api/partners/v2/gbfs/vancouver_bc/free_bike_status,2026-07-02T20:05:31Z,2026-07-02T20:05:31Z
lime_vancouver,lime_vancouver_9f93d852-e6a4-460f-990b-4f34e867fc18,9f93d852-e6a4-460f-990b-4f34e867fc18,49.266717,-123.115667,2,FALSE,FALSE,13197,NA,1783022684,2026-07-02T20:05:32Z,2026-07-02T20:05:32Z,2026-07-02T20:05:32Z,2.2,https://data.lime.bike/api/partners/v2/gbfs/vancouver_bc/gbfs.json,https://data.lime.bike/api/partners/v2/gbfs/vancouver_bc/free_bike_status,2026-07-02T20:05:31Z,2026-07-02T20:05:31Z
lime_vancouver,lime_vancouver_1609a100-bbaf-421d-a12d-34e771ff2fd5,1609a100-bbaf-421d-a12d-34e771ff2fd5,49.240038,-123.074114,2,FALSE,FALSE,12263,NA,1783022684,2026-07-02T20:05:32Z,2026-07-02T20:05:32Z,2026-07-02T20:05:32Z,2.2,https://data.lime.bike/api/partners/v2/gbfs/vancouver_bc/gbfs.json,https://data.lime.bike/api/partners/v2/gbfs/vancouver_bc/free_bike_status,2026-07-02T20:05:31Z,2026-07-02T20:05:31Z
lime_vancouver,lime_vancouver_fc4415b4-b64c-4a51-bb18-5d05e8587000,fc4415b4-b64c-4a51-bb18-5d05e8587000,49.280587,-123.124918,2,FALSE,FALSE,23657,NA,1783022684,2026-07-02T20:05:32Z,2026-07-02T20:05:32Z,2026-07-02T20:05:32Z,2.2,https://data.lime.bike/api/partners/v2/gbfs/vancouver_bc/gbfs.json,https://data.lime.bike/api/partners/v2/gbfs/vancouver_bc/free_bike_status,2026-07-02T20:05:31Z,2026-07-02T20:05:31Z
lime_vancouver,lime_vancouver_5fa6d5f9-e278-4f2e-9295-bf71f99554f2,5fa6d5f9-e278-4f2e-9295-bf71f99554f2,49.275961,-123.145655,2,FALSE,FALSE,24140,NA,1783022684,2026-07-02T20:05:32Z,2026-07-02T20:05:32Z,2026-07-02T20:05:32Z,2.2,https://data.lime.bike/api/partners/v2/gbfs/vancouver_bc/gbfs.json,https://data.lime.bike/api/partners/v2/gbfs/vancouver_bc/free_bike_status,2026-07-02T20:05:31Z,2026-07-02T20:05:31Z
lime_vancouver,lime_vancouver_701e1928-2c54-453d-b9b2-b06b36b33ef4,701e1928-2c54-453d-b9b2-b06b36b33ef4,49.247684,-123.073456,2,FALSE,FALSE,5842,NA,1783022684,2026-07-02T20:05:32Z,2026-07-02T20:05:32Z,2026-07-02T20:05:32Z,2.2,https://data.lime.bike/api/partners/v2/gbfs/vancouver_bc/gbfs.json,https://data.lime.bike/api/partners/v2/gbfs/vancouver_bc/free_bike_status,2026-07-02T20:05:31Z,2026-07-02T20:05:31Z
lime_vancouver,lime_vancouver_f02d8956-2f21-4987-81ab-e9286481f430,f02d8956-2f21-4987-81ab-e9286481f430,49.271027,-123.155022,2,FALSE,FALSE,36661,NA,1783022684,2026-07-02T20:05:32Z,2026-07-02T20:05:32Z,2026-07-02T20:05:32Z,2.2,https://data.lime.bike/api/partners/v2/gbfs/vancouver_bc/gbfs.json,https://data.lime.bike/api/partners/v2/gbfs/vancouver_bc/free_bike_status,2026-07-02T20:05:31Z,2026-07-02T20:05:31Z
lime_vancouver,lime_vancouver_86cbb4b9-5cc0-456a-aeb1-7bfce977dd05,86cbb4b9-5cc0-456a-aeb1-7bfce977dd05,49.271301,-123.146336,2,FALSE,FALSE,5407,NA,1783022684,2026-07-02T20:05:32Z,2026-07-02T20:05:32Z,2026-07-02T20:05:32Z,2.2,https://data.lime.bike/api/partners/v2/gbfs/vancouver_bc/gbfs.json,https://data.lime.bike/api/partners/v2/gbfs/vancouver_bc/free_bike_status,2026-07-02T20:05:31Z,2026-07-02T20:05:31Z
lime_vancouver,lime_vancouver_b728e456-c0ed-4a82-8bfb-10d1684fd296,b728e456-c0ed-4a82-8bfb-10d1684fd296,49.235842,-123.055204,2,FALSE,FALSE,3637,NA,1783022684,2026-07-02T20:05:32Z,2026-07-02T20:05:32Z,2026-07-02T20:05:32Z,2.2,https://data.lime.bike/api/partners/v2/gbfs/vancouver_bc/gbfs.json,https://data.lime.bike/api/partners/v2/gbfs/vancouver_bc/free_bike_status,2026-07-02T20:05:31Z,2026-07-02T20:05:31Z
lime_vancouver,lime_vancouver_3c79c154-39d2-49d7-a49b-f7e0e0fcc9f5,3c79c154-39d2-49d7-a49b-f7e0e0fcc9f5,49.24453,-123.075977,2,FALSE,FALSE,31575,NA,1783022684,2026-07-02T20:05:32Z,2026-07-02T20:05:32Z,2026-07-02T20:05:32Z,2.2,https://data.lime.bike/api/partners/v2/gbfs/vancouver_bc/gbfs.json,https://data.lime.bike/api/partners/v2/gbfs/vancouver_bc/free_bike_status,2026-07-02T20:05:31Z,2026-07-02T20:05:31Z
lime_vancouver,lime_vancouver_042f14e2-8ff1-46ef-b495-5b8dff2a914c,042f14e2-8ff1-46ef-b495-5b8dff2a914c,49.269745,-123.131903,2,FALSE,FALSE,31076,NA,1783022684,2026-07-02T20:05:32Z,2026-07-02T20:05:32Z,2026-07-02T20:05:32Z,2.2,https://data.lime.bike/api/partners/v2/gbfs/vancouver_bc/gbfs.json,https://data.lime.bike/api/partners/v2/gbfs/vancouver_bc/free_bike_status,2026-07-02T20:05:31Z,2026-07-02T20:05:31Z
lime_vancouver,lime_vancouver_1b2ac8a2-848b-4c1d-9229-e973b44c44f3,1b2ac8a2-848b-4c1d-9229-e973b44c44f3,49.227605,-123.066037,2,FALSE,FALSE,29580,NA,1783022684,2026-07-02T20:05:32Z,2026-07-02T20:05:32Z,2026-07-02T20:05:32Z,2.2,https://data.lime.bike/api/partners/v2/gbfs/vancouver_bc/gbfs.json,https://data.lime.bike/api/partners/v2/gbfs/vancouver_bc/free_bike_status,2026-07-02T20:05:31Z,2026-07-02T20:05:31Z
lime_vancouver,lime_vancouver_53cdbb22-85f2-42d6-9dcc-0e2260218853,53cdbb22-85f2-42d6-9dcc-0e2260218853,49.273093,-123.123525,2,FALSE,FALSE,9479,NA,1783022684,2026-07-02T20:05:32Z,2026-07-02T20:05:32Z,2026-07-02T20:05:32Z,2.2,https://data.lime.bike/api/partners/v2/gbfs/vancouver_bc/gbfs.json,https://data.lime.bike/api/partners/v2/gbfs/vancouver_bc/free_bike_status,2026-07-02T20:05:31Z,2026-07-02T20:05:31Z
lime_vancouver,lime_vancouver_3eb39a52-d08b-4b88-874e-ea9d72256a38,3eb39a52-d08b-4b88-874e-ea9d72256a38,49.252367,-123.034121,2,FALSE,FALSE,33603,NA,1783022684,2026-07-02T20:05:32Z,2026-07-02T20:05:32Z,2026-07-02T20:05:32Z,2.2,https://data.lime.bike/api/partners/v2/gbfs/vancouver_bc/gbfs.json,https://data.lime.bike/api/partners/v2/gbfs/vancouver_bc/free_bike_status,2026-07-02T20:05:31Z,2026-07-02T20:05:31Z
lime_vancouver,lime_vancouver_94e74bc6-7055-48c2-a218-6ee0b7027ee4,94e74bc6-7055-48c2-a218-6ee0b7027ee4,49.277419,-123.043587,2,FALSE,FALSE,11796,NA,1783022684,2026-07-02T20:05:32Z,2026-07-02T20:05:32Z,2026-07-02T20:05:32Z,2.2,https://data.lime.bike/api/partners/v2/gbfs/vancouver_bc/gbfs.json,https://data.lime.bike/api/partners/v2/gbfs/vancouver_bc/free_bike_status,2026-07-02T20:05:31Z,2026-07-02T20:05:31Z
lime_vancouver,lime_vancouver_1cc6d4fe-77ad-4108-bc4f-12790f0b815e,1cc6d4fe-77ad-4108-bc4f-12790f0b815e,49.274628,-123.087208,2,FALSE,FALSE,43340,NA,1783022684,2026-07-02T20:05:32Z,2026-07-02T20:05:32Z,2026-07-02T20:05:32Z,2.2,https://data.lime.bike/api/partners/v2/gbfs/vancouver_bc/gbfs.json,https://data.lime.bike/api/partners/v2/gbfs/vancouver_bc/free_bike_status,2026-07-02T20:05:31Z,2026-07-02T20:05:31Z
lime_vancouver,lime_vancouver_a6d55d58-5ff7-495f-b978-9481155b901c,a6d55d58-5ff7-495f-b978-9481155b901c,49.285749,-123.131036,2,FALSE,FALSE,22209,NA,1783022684,2026-07-02T20:05:32Z,2026-07-02T20:05:32Z,2026-07-02T20:05:32Z,2.2,https://data.lime.bike/api/partners/v2/gbfs/vancouver_bc/gbfs.json,https://data.lime.bike/api/partners/v2/gbfs/vancouver_bc/free_bike_status,2026-07-02T20:05:31Z,2026-07-02T20:05:31Z
lime_vancouver,lime_vancouver_3f7bc78c-1b5b-4161-9a75-92fa65f5f121,3f7bc78c-1b5b-4161-9a75-92fa65f5f121,49.270994,-123.15504,2,FALSE,FALSE,15063,NA,1783022684,2026-07-02T20:05:32Z,2026-07-02T20:05:32Z,2026-07-02T20:05:32Z,2.2,https://data.lime.bike/api/partners/v2/gbfs/vancouver_bc/gbfs.json,https://data.lime.bike/api/partners/v2/gbfs/vancouver_bc/free_bike_status,2026-07-02T20:05:31Z,2026-07-02T20:05:31Z
lime_vancouver,lime_vancouver_e1af58ab-97ee-41ab-8129-fad4c5001f35,e1af58ab-97ee-41ab-8129-fad4c5001f35,49.281407,-123.049361,2,FALSE,FALSE,25605,NA,1783022684,2026-07-02T20:05:32Z,2026-07-02T20:05:32Z,2026-07-02T20:05:32Z,2.2,https://data.lime.bike/api/partners/v2/gbfs/vancouver_bc/gbfs.json,https://data.lime.bike/api/partners/v2/gbfs/vancouver_bc/free_bike_status,2026-07-02T20:05:31Z,2026-07-02T20:05:31Z
lime_vancouver,lime_vancouver_3f842a63-601c-4c01-8083-148a271afb4f,3f842a63-601c-4c01-8083-148a271afb4f,49.269854,-123.135665,2,FALSE,FALSE,27584,NA,1783022684,2026-07-02T20:05:32Z,2026-07-02T20:05:32Z,2026-07-02T20:05:32Z,2.2,https://data.lime.bike/api/partners/v2/gbfs/vancouver_bc/gbfs.json,https://data.lime.bike/api/partners/v2/gbfs/vancouver_bc/free_bike_status,2026-07-02T20:05:31Z,2026-07-02T20:05:31Z
lime_vancouver,lime_vancouver_b25dc2a0-fadb-4f5a-a10c-204e846d1a03,b25dc2a0-fadb-4f5a-a10c-204e846d1a03,49.256383,-123.044623,2,FALSE,FALSE,37691,NA,1783022684,2026-07-02T20:05:32Z,2026-07-02T20:05:32Z,2026-07-02T20:05:32Z,2.2,https://data.lime.bike/api/partners/v2/gbfs/vancouver_bc/gbfs.json,https://data.lime.bike/api/partners/v2/gbfs/vancouver_bc/free_bike_status,2026-07-02T20:05:31Z,2026-07-02T20:05:31Z
lime_vancouver,lime_vancouver_8c95088c-1e3d-413f-83b7-bd35f1b501b3,8c95088c-1e3d-413f-83b7-bd35f1b501b3,49.254032,-123.083627,2,FALSE,FALSE,36146,NA,1783022684,2026-07-02T20:05:32Z,2026-07-02T20:05:32Z,2026-07-02T20:05:32Z,2.2,https://data.lime.bike/api/partners/v2/gbfs/vancouver_bc/gbfs.json,https://data.lime.bike/api/partners/v2/gbfs/vancouver_bc/free_bike_status,2026-07-02T20:05:31Z,2026-07-02T20:05:31Z
lime_vancouver,lime_vancouver_3068eaee-f6db-4400-8f56-3a01db4ddb37,3068eaee-f6db-4400-8f56-3a01db4ddb37,49.243461,-123.07364,2,FALSE,FALSE,13197,NA,1783022684,2026-07-02T20:05:32Z,2026-07-02T20:05:32Z,2026-07-02T20:05:32Z,2.2,https://data.lime.bike/api/partners/v2/gbfs/vancouver_bc/gbfs.json,https://data.lime.bike/api/partners/v2/gbfs/vancouver_bc/free_bike_status,2026-07-02T20:05:31Z,2026-07-02T20:05:31Z
lime_vancouver,lime_vancouver_38c7bd73-bceb-43d5-8e30-d348d88fe3e1,38c7bd73-bceb-43d5-8e30-d348d88fe3e1,49.272329,-123.03396,2,FALSE,FALSE,9479,NA,1783022684,2026-07-02T20:05:32Z,2026-07-02T20:05:32Z,2026-07-02T20:05:32Z,2.2,https://data.lime.bike/api/partners/v2/gbfs/vancouver_bc/gbfs.json,https://data.lime.bike/api/partners/v2/gbfs/vancouver_bc/free_bike_status,2026-07-02T20:05:31Z,2026-07-02T20:05:31Z
lime_vancouver,lime_vancouver_734d44dd-b3b3-43fb-bc98-f12cf3ae639d,734d44dd-b3b3-43fb-bc98-f12cf3ae639d,49.235387,-123.030875,2,FALSE,FALSE,44869,NA,1783022684,2026-07-02T20:05:32Z,2026-07-02T20:05:32Z,2026-07-02T20:05:32Z,2.2,https://data.lime.bike/api/partners/v2/gbfs/vancouver_bc/gbfs.json,https://data.lime.bike/api/partners/v2/gbfs/vancouver_bc/free_bike_status,2026-07-02T20:05:31Z,2026-07-02T20:05:31Z
lime_vancouver,lime_vancouver_b60ef188-4b66-4b34-a9ee-932694d49e35,b60ef188-4b66-4b34-a9ee-932694d49e35,49.281875,-123.120317,2,FALSE,FALSE,35116,NA,1783022684,2026-07-02T20:05:32Z,2026-07-02T20:05:32Z,2026-07-02T20:05:32Z,2.2,https://data.lime.bike/api/partners/v2/gbfs/vancouver_bc/gbfs.json,https://data.lime.bike/api/partners/v2/gbfs/vancouver_bc/free_bike_status,2026-07-02T20:05:31Z,2026-07-02T20:05:31Z
lime_vancouver,lime_vancouver_05bdb92b-eccd-4c27-8cdc-e9d8ee7f77af,05bdb92b-eccd-4c27-8cdc-e9d8ee7f77af,49.279637,-123.102416,2,FALSE,FALSE,41827,NA,1783022684,2026-07-02T20:05:32Z,2026-07-02T20:05:32Z,2026-07-02T20:05:32Z,2.2,https://data.lime.bike/api/partners/v2/gbfs/vancouver_bc/gbfs.json,https://data.lime.bike/api/partners/v2/gbfs/vancouver_bc/free_bike_status,2026-07-02T20:05:31Z,2026-07-02T20:05:31Z
lime_vancouver,lime_vancouver_0a8bbf85-5aa4-4d60-9847-1d3a33afb1b4,0a8bbf85-5aa4-4d60-9847-1d3a33afb1b4,49.254569,-123.072831,2,FALSE,FALSE,35631,NA,1783022684,2026-07-02T20:05:32Z,2026-07-02T20:05:32Z,2026-07-02T20:05:32Z,2.2,https://data.lime.bike/api/partners/v2/gbfs/vancouver_bc/gbfs.json,https://data.lime.bike/api/partners/v2/gbfs/vancouver_bc/free_bike_status,2026-07-02T20:05:31Z,2026-07-02T20:05:31Z
lime_vancouver,lime_vancouver_0a058245-e226-49d8-82f2-46606b02060f,0a058245-e226-49d8-82f2-46606b02060f,49.271872,-123.164734,2,FALSE,FALSE,16946,NA,1783022684,2026-07-02T20:05:32Z,2026-07-02T20:05:32Z,2026-07-02T20:05:32Z,2.2,https://data.lime.bike/api/partners/v2/gbfs/vancouver_bc/gbfs.json,https://data.lime.bike/api/partners/v2/gbfs/vancouver_bc/free_bike_status,2026-07-02T20:05:31Z,2026-07-02T20:05:31Z
lime_vancouver,lime_vancouver_00101c2d-7655-4ff7-ade9-25e6dfca16c0,00101c2d-7655-4ff7-ade9-25e6dfca16c0,49.269131,-123.150258,2,FALSE,FALSE,41827,NA,1783022684,2026-07-02T20:05:32Z,2026-07-02T20:05:32Z,2026-07-02T20:05:32Z,2.2,https://data.lime.bike/api/partners/v2/gbfs/vancouver_bc/gbfs.json,https://data.lime.bike/api/partners/v2/gbfs/vancouver_bc/free_bike_status,2026-07-02T20:05:31Z,2026-07-02T20:05:31Z
lime_vancouver,lime_vancouver_070e697b-679f-4fad-af8c-7a23dd68ce5f,070e697b-679f-4fad-af8c-7a23dd68ce5f,49.256361,-123.044577,2,FALSE,FALSE,15997,NA,1783022684,2026-07-02T20:05:32Z,2026-07-02T20:05:32Z,2026-07-02T20:05:32Z,2.2,https://data.lime.bike/api/partners/v2/gbfs/vancouver_bc/gbfs.json,https://data.lime.bike/api/partners/v2/gbfs/vancouver_bc/free_bike_status,2026-07-02T20:05:31Z,2026-07-02T20:05:31Z
lime_vancouver,lime_vancouver_497a6eb8-6e75-4209-8250-adbc5340c549,497a6eb8-6e75-4209-8250-adbc5340c549,49.282051,-123.120484,2,FALSE,FALSE,23175,NA,1783022684,2026-07-02T20:05:32Z,2026-07-02T20:05:32Z,2026-07-02T20:05:32Z,2.2,https://data.lime.bike/api/partners/v2/gbfs/vancouver_bc/gbfs.json,https://data.lime.bike/api/partners/v2/gbfs/vancouver_bc/free_bike_status,2026-07-02T20:05:31Z,2026-07-02T20:05:31Z
lime_vancouver,lime_vancouver_7fc9ece5-eee1-4680-8c01-1c56fac4fb6c,7fc9ece5-eee1-4680-8c01-1c56fac4fb6c,49.227611,-123.066105,2,FALSE,FALSE,37691,NA,1783022684,2026-07-02T20:05:32Z,2026-07-02T20:05:32Z,2026-07-02T20:05:32Z,2.2,https://data.lime.bike/api/partners/v2/gbfs/vancouver_bc/gbfs.json,https://data.lime.bike/api/partners/v2/gbfs/vancouver_bc/free_bike_status,2026-07-02T20:05:31Z,2026-07-02T20:05:31Z
lime_vancouver,lime_vancouver_6a913d95-0094-49f5-908e-a871967f4513,6a913d95-0094-49f5-908e-a871967f4513,49.27764,-123.073022,2,FALSE,FALSE,19811,NA,1783022684,2026-07-02T20:05:32Z,2026-07-02T20:05:32Z,2026-07-02T20:05:32Z,2.2,https://data.lime.bike/api/partners/v2/gbfs/vancouver_bc/gbfs.json,https://data.lime.bike/api/partners/v2/gbfs/vancouver_bc/free_bike_status,2026-07-02T20:05:31Z,2026-07-02T20:05:31Z
lime_vancouver,lime_vancouver_51e017d5-b395-4dda-83b5-f0b7e1773979,51e017d5-b395-4dda-83b5-f0b7e1773979,49.281965,-123.120633,2,FALSE,FALSE,17896,NA,1783022684,2026-07-02T20:05:32Z,2026-07-02T20:05:32Z,2026-07-02T20:05:32Z,2.2,https://data.lime.bike/api/partners/v2/gbfs/vancouver_bc/gbfs.json,https://data.lime.bike/api/partners/v2/gbfs/vancouver_bc/free_bike_status,2026-07-02T20:05:31Z,2026-07-02T20:05:31Z
lime_vancouver,lime_vancouver_3c5df04c-519a-4145-aeac-aa7a43edb595,3c5df04c-519a-4145-aeac-aa7a43edb595,49.266399,-123.148347,2,FALSE,FALSE,44354,NA,1783022684,2026-07-02T20:05:32Z,2026-07-02T20:05:32Z,2026-07-02T20:05:32Z,2.2,https://data.lime.bike/api/partners/v2/gbfs/vancouver_bc/gbfs.json,https://data.lime.bike/api/partners/v2/gbfs/vancouver_bc/free_bike_status,2026-07-02T20:05:31Z,2026-07-02T20:05:31Z
lime_vancouver,lime_vancouver_2a80e998-80f5-4622-97f1-4da86b0abc95,2a80e998-80f5-4622-97f1-4da86b0abc95,49.258375,-123.049914,2,FALSE,FALSE,45367,NA,1783022684,2026-07-02T20:05:32Z,2026-07-02T20:05:32Z,2026-07-02T20:05:32Z,2.2,https://data.lime.bike/api/partners/v2/gbfs/vancouver_bc/gbfs.json,https://data.lime.bike/api/partners/v2/gbfs/vancouver_bc/free_bike_status,2026-07-02T20:05:31Z,2026-07-02T20:05:31Z
lime_vancouver,lime_vancouver_decf27ef-7c05-4da4-b7bd-825134e72e2b,decf27ef-7c05-4da4-b7bd-825134e72e2b,49.275401,-123.092422,2,FALSE,FALSE,6743,NA,1783022684,2026-07-02T20:05:32Z,2026-07-02T20:05:32Z,2026-07-02T20:05:32Z,2.2,https://data.lime.bike/api/partners/v2/gbfs/vancouver_bc/gbfs.json,https://data.lime.bike/api/partners/v2/gbfs/vancouver_bc/free_bike_status,2026-07-02T20:05:31Z,2026-07-02T20:05:31Z
lime_vancouver,lime_vancouver_22b0c39e-5a62-4680-a66e-6b2c56aa3f6e,22b0c39e-5a62-4680-a66e-6b2c56aa3f6e,49.265491,-123.143608,2,FALSE,FALSE,23657,NA,1783022684,2026-07-02T20:05:32Z,2026-07-02T20:05:32Z,2026-07-02T20:05:32Z,2.2,https://data.lime.bike/api/partners/v2/gbfs/vancouver_bc/gbfs.json,https://data.lime.bike/api/partners/v2/gbfs/vancouver_bc/free_bike_status,2026-07-02T20:05:31Z,2026-07-02T20:05:31Z
lime_vancouver,lime_vancouver_01aed940-c2f3-4431-9966-2d5246b53060,01aed940-c2f3-4431-9966-2d5246b53060,49.264933,-123.164905,2,FALSE,FALSE,15063,NA,1783022684,2026-07-02T20:05:32Z,2026-07-02T20:05:32Z,2026-07-02T20:05:32Z,2.2,https://data.lime.bike/api/partners/v2/gbfs/vancouver_bc/gbfs.json,https://data.lime.bike/api/partners/v2/gbfs/vancouver_bc/free_bike_status,2026-07-02T20:05:31Z,2026-07-02T20:05:31Z
lime_vancouver,lime_vancouver_366eb88c-2a71-4078-aea5-7e15f07e57b5,366eb88c-2a71-4078-aea5-7e15f07e57b5,49.281901,-123.120245,2,FALSE,FALSE,27085,NA,1783022684,2026-07-02T20:05:32Z,2026-07-02T20:05:32Z,2026-07-02T20:05:32Z,2.2,https://data.lime.bike/api/partners/v2/gbfs/vancouver_bc/gbfs.json,https://data.lime.bike/api/partners/v2/gbfs/vancouver_bc/free_bike_status,2026-07-02T20:05:31Z,2026-07-02T20:05:31Z
lime_vancouver,lime_vancouver_8e7840a1-e1c9-4ee7-8a28-5c45dd44e620,8e7840a1-e1c9-4ee7-8a28-5c45dd44e620,49.279645,-123.109945,2,FALSE,FALSE,6743,NA,1783022684,2026-07-02T20:05:32Z,2026-07-02T20:05:32Z,2026-07-02T20:05:32Z,2.2,https://data.lime.bike/api/partners/v2/gbfs/vancouver_bc/gbfs.json,https://data.lime.bike/api/partners/v2/gbfs/vancouver_bc/free_bike_status,2026-07-02T20:05:31Z,2026-07-02T20:05:31Z
lime_vancouver,lime_vancouver_66a26757-f73e-46fb-b0d2-ddd472c6cb00,66a26757-f73e-46fb-b0d2-ddd472c6cb00,49.285476,-123.127828,2,FALSE,FALSE,12730,NA,1783022684,2026-07-02T20:05:32Z,2026-07-02T20:05:32Z,2026-07-02T20:05:32Z,2.2,https://data.lime.bike/api/partners/v2/gbfs/vancouver_bc/gbfs.json,https://data.lime.bike/api/partners/v2/gbfs/vancouver_bc/free_bike_status,2026-07-02T20:05:31Z,2026-07-02T20:05:31Z
lime_vancouver,lime_vancouver_060c7807-26f4-4a70-a1cd-814a33fff8a9,060c7807-26f4-4a70-a1cd-814a33fff8a9,49.268965,-123.104718,2,FALSE,FALSE,36146,NA,1783022684,2026-07-02T20:05:32Z,2026-07-02T20:05:32Z,2026-07-02T20:05:32Z,2.2,https://data.lime.bike/api/partners/v2/gbfs/vancouver_bc/gbfs.json,https://data.lime.bike/api/partners/v2/gbfs/vancouver_bc/free_bike_status,2026-07-02T20:05:31Z,2026-07-02T20:05:31Z
lime_vancouver,lime_vancouver_e2bfd6ec-0a7f-4ae3-9ff3-8f01a174247f,e2bfd6ec-0a7f-4ae3-9ff3-8f01a174247f,49.256446,-123.039313,2,FALSE,FALSE,20761,NA,1783022684,2026-07-02T20:05:32Z,2026-07-02T20:05:32Z,2026-07-02T20:05:32Z,2.2,https://data.lime.bike/api/partners/v2/gbfs/vancouver_bc/gbfs.json,https://data.lime.bike/api/partners/v2/gbfs/vancouver_bc/free_bike_status,2026-07-02T20:05:31Z,2026-07-02T20:05:31Z
lime_vancouver,lime_vancouver_bfd2e34c-48ec-4a66-8b69-f2afde7b4705,bfd2e34c-48ec-4a66-8b69-f2afde7b4705,49.243551,-123.073586,2,FALSE,FALSE,27085,NA,1783022684,2026-07-02T20:05:32Z,2026-07-02T20:05:32Z,2026-07-02T20:05:32Z,2.2,https://data.lime.bike/api/partners/v2/gbfs/vancouver_bc/gbfs.json,https://data.lime.bike/api/partners/v2/gbfs/vancouver_bc/free_bike_status,2026-07-02T20:05:31Z,2026-07-02T20:05:31Z
lime_vancouver,lime_vancouver_ab0ace20-0158-4043-ba44-81ea7ce22096,ab0ace20-0158-4043-ba44-81ea7ce22096,49.281798,-123.120469,2,FALSE,FALSE,32589,NA,1783022684,2026-07-02T20:05:32Z,2026-07-02T20:05:32Z,2026-07-02T20:05:32Z,2.2,https://data.lime.bike/api/partners/v2/gbfs/vancouver_bc/gbfs.json,https://data.lime.bike/api/partners/v2/gbfs/vancouver_bc/free_bike_status,2026-07-02T20:05:31Z,2026-07-02T20:05:31Z
lime_vancouver,lime_vancouver_18cfea70-f5b5-406d-9d2e-21044d0cc452,18cfea70-f5b5-406d-9d2e-21044d0cc452,49.284121,-123.132736,2,FALSE,FALSE,10863,NA,1783022684,2026-07-02T20:05:32Z,2026-07-02T20:05:32Z,2026-07-02T20:05:32Z,2.2,https://data.lime.bike/api/partners/v2/gbfs/vancouver_bc/gbfs.json,https://data.lime.bike/api/partners/v2/gbfs/vancouver_bc/free_bike_status,2026-07-02T20:05:31Z,2026-07-02T20:05:31Z
lime_vancouver,lime_vancouver_e3d83459-4fa5-46fc-86c7-e0fe9d9efe1a,e3d83459-4fa5-46fc-86c7-e0fe9d9efe1a,49.227605,-123.06604,2,FALSE,FALSE,13197,NA,1783022684,2026-07-02T20:05:32Z,2026-07-02T20:05:32Z,2026-07-02T20:05:32Z,2.2,https://data.lime.bike/api/partners/v2/gbfs/vancouver_bc/gbfs.json,https://data.lime.bike/api/partners/v2/gbfs/vancouver_bc/free_bike_status,2026-07-02T20:05:31Z,2026-07-02T20:05:31Z
lime_vancouver,lime_vancouver_b78ad5ed-6f3f-4af4-971c-61e2fb735ec4,b78ad5ed-6f3f-4af4-971c-61e2fb735ec4,49.262394,-123.13381,2,FALSE,FALSE,12263,NA,1783022684,2026-07-02T20:05:32Z,2026-07-02T20:05:32Z,2026-07-02T20:05:32Z,2.2,https://data.lime.bike/api/partners/v2/gbfs/vancouver_bc/gbfs.json,https://data.lime.bike/api/partners/v2/gbfs/vancouver_bc/free_bike_status,2026-07-02T20:05:31Z,2026-07-02T20:05:31Z
lime_vancouver,lime_vancouver_bba05969-9520-4af2-87a6-f074499b4c44,bba05969-9520-4af2-87a6-f074499b4c44,49.277419,-123.043681,2,FALSE,FALSE,35116,NA,1783022684,2026-07-02T20:05:32Z,2026-07-02T20:05:32Z,2026-07-02T20:05:32Z,2.2,https://data.lime.bike/api/partners/v2/gbfs/vancouver_bc/gbfs.json,https://data.lime.bike/api/partners/v2/gbfs/vancouver_bc/free_bike_status,2026-07-02T20:05:31Z,2026-07-02T20:05:31Z
lime_vancouver,lime_vancouver_94abca68-366a-4c76-9673-6efe73f0a718,94abca68-366a-4c76-9673-6efe73f0a718,49.262733,-123.146171,2,FALSE,FALSE,26586,NA,1783022684,2026-07-02T20:05:32Z,2026-07-02T20:05:32Z,2026-07-02T20:05:32Z,2.2,https://data.lime.bike/api/partners/v2/gbfs/vancouver_bc/gbfs.json,https://data.lime.bike/api/partners/v2/gbfs/vancouver_bc/free_bike_status,2026-07-02T20:05:31Z,2026-07-02T20:05:31Z
lime_vancouver,lime_vancouver_8fef7343-2d4c-4207-93c1-0c2ae1835bb2,8fef7343-2d4c-4207-93c1-0c2ae1835bb2,49.283724,-123.110485,2,FALSE,FALSE,3203,NA,1783022684,2026-07-02T20:05:32Z,2026-07-02T20:05:32Z,2026-07-02T20:05:32Z,2.2,https://data.lime.bike/api/partners/v2/gbfs/vancouver_bc/gbfs.json,https://data.lime.bike/api/partners/v2/gbfs/vancouver_bc/free_bike_status,2026-07-02T20:05:31Z,2026-07-02T20:05:31Z
lime_vancouver,lime_vancouver_b58b5a92-8d7f-4fbc-a67d-e37ed11be72b,b58b5a92-8d7f-4fbc-a67d-e37ed11be72b,49.26644,-123.084844,2,FALSE,FALSE,16946,NA,1783022684,2026-07-02T20:05:32Z,2026-07-02T20:05:32Z,2026-07-02T20:05:32Z,2.2,https://data.lime.bike/api/partners/v2/gbfs/vancouver_bc/gbfs.json,https://data.lime.bike/api/partners/v2/gbfs/vancouver_bc/free_bike_status,2026-07-02T20:05:31Z,2026-07-02T20:05:31Z
lime_vancouver,lime_vancouver_151d0b5d-5806-4746-96bb-faa83cb563c6,151d0b5d-5806-4746-96bb-faa83cb563c6,49.256452,-123.039375,2,FALSE,FALSE,40282,NA,1783022684,2026-07-02T20:05:32Z,2026-07-02T20:05:32Z,2026-07-02T20:05:32Z,2.2,https://data.lime.bike/api/partners/v2/gbfs/vancouver_bc/gbfs.json,https://data.lime.bike/api/partners/v2/gbfs/vancouver_bc/free_bike_status,2026-07-02T20:05:31Z,2026-07-02T20:05:31Z
lime_vancouver,lime_vancouver_9bdb2f46-39a9-47a6-bd98-b6f9939398f4,9bdb2f46-39a9-47a6-bd98-b6f9939398f4,49.287651,-123.057814,2,FALSE,FALSE,17429,NA,1783022684,2026-07-02T20:05:32Z,2026-07-02T20:05:32Z,2026-07-02T20:05:32Z,2.2,https://data.lime.bike/api/partners/v2/gbfs/vancouver_bc/gbfs.json,https://data.lime.bike/api/partners/v2/gbfs/vancouver_bc/free_bike_status,2026-07-02T20:05:31Z,2026-07-02T20:05:31Z
lime_vancouver,lime_vancouver_8686c4ca-4f49-4b9f-bd26-b8b480abfaf9,8686c4ca-4f49-4b9f-bd26-b8b480abfaf9,49.26697,-123.14338,2,FALSE,FALSE,24623,NA,1783022684,2026-07-02T20:05:32Z,2026-07-02T20:05:32Z,2026-07-02T20:05:32Z,2.2,https://data.lime.bike/api/partners/v2/gbfs/vancouver_bc/gbfs.json,https://data.lime.bike/api/partners/v2/gbfs/vancouver_bc/free_bike_status,2026-07-02T20:05:31Z,2026-07-02T20:05:31Z
lime_vancouver,lime_vancouver_7ab8e62a-d4dd-493c-9dd1-ac3ddd2b4ebe,7ab8e62a-d4dd-493c-9dd1-ac3ddd2b4ebe,49.281844,-123.120414,2,FALSE,FALSE,16946,NA,1783022684,2026-07-02T20:05:32Z,2026-07-02T20:05:32Z,2026-07-02T20:05:32Z,2.2,https://data.lime.bike/api/partners/v2/gbfs/vancouver_bc/gbfs.json,https://data.lime.bike/api/partners/v2/gbfs/vancouver_bc/free_bike_status,2026-07-02T20:05:31Z,2026-07-02T20:05:31Z
lime_vancouver,lime_vancouver_1fe9f360-8a2e-446e-ab90-9a66def3ef99,1fe9f360-8a2e-446e-ab90-9a66def3ef99,49.28365,-123.110523,2,FALSE,FALSE,24623,NA,1783022684,2026-07-02T20:05:32Z,2026-07-02T20:05:32Z,2026-07-02T20:05:32Z,2.2,https://data.lime.bike/api/partners/v2/gbfs/vancouver_bc/gbfs.json,https://data.lime.bike/api/partners/v2/gbfs/vancouver_bc/free_bike_status,2026-07-02T20:05:31Z,2026-07-02T20:05:31Z
lime_vancouver,lime_vancouver_8f08c4c6-47d0-4eb7-a23c-7ea9d9c4bf4d,8f08c4c6-47d0-4eb7-a23c-7ea9d9c4bf4d,49.281954,-123.120412,2,FALSE,FALSE,20761,NA,1783022684,2026-07-02T20:05:32Z,2026-07-02T20:05:32Z,2026-07-02T20:05:32Z,2.2,https://data.lime.bike/api/partners/v2/gbfs/vancouver_bc/gbfs.json,https://data.lime.bike/api/partners/v2/gbfs/vancouver_bc/free_bike_status,2026-07-02T20:05:31Z,2026-07-02T20:05:31Z
lime_vancouver,lime_vancouver_8725e96b-5cb1-47fc-9d4b-906359675266,8725e96b-5cb1-47fc-9d4b-906359675266,49.268207,-123.109497,2,FALSE,FALSE,6293,NA,1783022684,2026-07-02T20:05:32Z,2026-07-02T20:05:32Z,2026-07-02T20:05:32Z,2.2,https://data.lime.bike/api/partners/v2/gbfs/vancouver_bc/gbfs.json,https://data.lime.bike/api/partners/v2/gbfs/vancouver_bc/free_bike_status,2026-07-02T20:05:31Z,2026-07-02T20:05:31Z
lime_vancouver,lime_vancouver_ba4a9f60-bf87-458b-bf46-a946e7746fad,ba4a9f60-bf87-458b-bf46-a946e7746fad,49.286622,-123.1205,2,FALSE,FALSE,42841,NA,1783022684,2026-07-02T20:05:32Z,2026-07-02T20:05:32Z,2026-07-02T20:05:32Z,2.2,https://data.lime.bike/api/partners/v2/gbfs/vancouver_bc/gbfs.json,https://data.lime.bike/api/partners/v2/gbfs/vancouver_bc/free_bike_status,2026-07-02T20:05:31Z,2026-07-02T20:05:31Z
lime_vancouver,lime_vancouver_20e9c4d3-f055-435d-abfd-2ca071b2734d,20e9c4d3-f055-435d-abfd-2ca071b2734d,49.274079,-123.028629,2,FALSE,FALSE,30578,NA,1783022684,2026-07-02T20:05:32Z,2026-07-02T20:05:32Z,2026-07-02T20:05:32Z,2.2,https://data.lime.bike/api/partners/v2/gbfs/vancouver_bc/gbfs.json,https://data.lime.bike/api/partners/v2/gbfs/vancouver_bc/free_bike_status,2026-07-02T20:05:31Z,2026-07-02T20:05:31Z
lime_vancouver,lime_vancouver_89670ed6-3805-4b9f-9a1c-69516e185cc4,89670ed6-3805-4b9f-9a1c-69516e185cc4,49.279575,-123.102434,2,FALSE,FALSE,33603,NA,1783022684,2026-07-02T20:05:32Z,2026-07-02T20:05:32Z,2026-07-02T20:05:32Z,2.2,https://data.lime.bike/api/partners/v2/gbfs/vancouver_bc/gbfs.json,https://data.lime.bike/api/partners/v2/gbfs/vancouver_bc/free_bike_status,2026-07-02T20:05:31Z,2026-07-02T20:05:31Z
lime_vancouver,lime_vancouver_cd7247a4-350f-43f4-9b4e-cf79ab2da32b,cd7247a4-350f-43f4-9b4e-cf79ab2da32b,49.269139,-123.150276,2,FALSE,FALSE,36661,NA,1783022684,2026-07-02T20:05:32Z,2026-07-02T20:05:32Z,2026-07-02T20:05:32Z,2.2,https://data.lime.bike/api/partners/v2/gbfs/vancouver_bc/gbfs.json,https://data.lime.bike/api/partners/v2/gbfs/vancouver_bc/free_bike_status,2026-07-02T20:05:31Z,2026-07-02T20:05:31Z
lime_vancouver,lime_vancouver_3c00d374-cce0-4b28-8d59-5d1bf73f154d,3c00d374-cce0-4b28-8d59-5d1bf73f154d,49.280072,-123.117759,2,FALSE,FALSE,5407,NA,1783022684,2026-07-02T20:05:32Z,2026-07-02T20:05:32Z,2026-07-02T20:05:32Z,2.2,https://data.lime.bike/api/partners/v2/gbfs/vancouver_bc/gbfs.json,https://data.lime.bike/api/partners/v2/gbfs/vancouver_bc/free_bike_status,2026-07-02T20:05:31Z,2026-07-02T20:05:31Z
lime_vancouver,lime_vancouver_c2e63303-97af-4ce0-a6f6-575e90af9d46,c2e63303-97af-4ce0-a6f6-575e90af9d46,49.280918,-123.084826,2,FALSE,FALSE,11796,NA,1783022684,2026-07-02T20:05:32Z,2026-07-02T20:05:32Z,2026-07-02T20:05:32Z,2.2,https://data.lime.bike/api/partners/v2/gbfs/vancouver_bc/gbfs.json,https://data.lime.bike/api/partners/v2/gbfs/vancouver_bc/free_bike_status,2026-07-02T20:05:31Z,2026-07-02T20:05:31Z
lime_vancouver,lime_vancouver_f583f53a-4fd5-4234-96ca-c5e83b065855,f583f53a-4fd5-4234-96ca-c5e83b065855,49.262474,-123.128827,2,FALSE,FALSE,40797,NA,1783022684,2026-07-02T20:05:32Z,2026-07-02T20:05:32Z,2026-07-02T20:05:32Z,2.2,https://data.lime.bike/api/partners/v2/gbfs/vancouver_bc/gbfs.json,https://data.lime.bike/api/partners/v2/gbfs/vancouver_bc/free_bike_status,2026-07-02T20:05:31Z,2026-07-02T20:05:31Z
lime_vancouver,lime_vancouver_e8dcf48b-a744-4373-8c48-3bf1945e8e74,e8dcf48b-a744-4373-8c48-3bf1945e8e74,49.269683,-123.135662,2,FALSE,FALSE,14130,NA,1783022684,2026-07-02T20:05:32Z,2026-07-02T20:05:32Z,2026-07-02T20:05:32Z,2.2,https://data.lime.bike/api/partners/v2/gbfs/vancouver_bc/gbfs.json,https://data.lime.bike/api/partners/v2/gbfs/vancouver_bc/free_bike_status,2026-07-02T20:05:31Z,2026-07-02T20:05:31Z
lime_vancouver,lime_vancouver_fbb60c5f-c065-4422-b0bb-d4f7c988c4b7,fbb60c5f-c065-4422-b0bb-d4f7c988c4b7,49.286399,-123.139952,2,FALSE,FALSE,11796,NA,1783022684,2026-07-02T20:05:32Z,2026-07-02T20:05:32Z,2026-07-02T20:05:32Z,2.2,https://data.lime.bike/api/partners/v2/gbfs/vancouver_bc/gbfs.json,https://data.lime.bike/api/partners/v2/gbfs/vancouver_bc/free_bike_status,2026-07-02T20:05:31Z,2026-07-02T20:05:31Z
lime_vancouver,lime_vancouver_44a15aa5-ceaa-440d-a423-967d2376b91b,44a15aa5-ceaa-440d-a423-967d2376b91b,49.277667,-123.095325,2,FALSE,FALSE,36661,NA,1783022684,2026-07-02T20:05:32Z,2026-07-02T20:05:32Z,2026-07-02T20:05:32Z,2.2,https://data.lime.bike/api/partners/v2/gbfs/vancouver_bc/gbfs.json,https://data.lime.bike/api/partners/v2/gbfs/vancouver_bc/free_bike_status,2026-07-02T20:05:31Z,2026-07-02T20:05:31Z
lime_vancouver,lime_vancouver_ae8b56b0-6c5f-4c2f-9530-97854c55fad4,ae8b56b0-6c5f-4c2f-9530-97854c55fad4,49.286443,-123.140141,2,FALSE,FALSE,34617,NA,1783022684,2026-07-02T20:05:32Z,2026-07-02T20:05:32Z,2026-07-02T20:05:32Z,2.2,https://data.lime.bike/api/partners/v2/gbfs/vancouver_bc/gbfs.json,https://data.lime.bike/api/partners/v2/gbfs/vancouver_bc/free_bike_status,2026-07-02T20:05:31Z,2026-07-02T20:05:31Z
lime_vancouver,lime_vancouver_4e873bfc-ccdb-44f1-b30b-ba954d9719b9,4e873bfc-ccdb-44f1-b30b-ba954d9719b9,49.235218,-123.037567,2,FALSE,FALSE,40797,NA,1783022684,2026-07-02T20:05:32Z,2026-07-02T20:05:32Z,2026-07-02T20:05:32Z,2.2,https://data.lime.bike/api/partners/v2/gbfs/vancouver_bc/gbfs.json,https://data.lime.bike/api/partners/v2/gbfs/vancouver_bc/free_bike_status,2026-07-02T20:05:31Z,2026-07-02T20:05:31Z
lime_vancouver,lime_vancouver_67d9541d-da83-4a6a-9e36-01e1f9f6f21b,67d9541d-da83-4a6a-9e36-01e1f9f6f21b,49.267784,-123.069326,2,FALSE,FALSE,2350,NA,1783022684,2026-07-02T20:05:32Z,2026-07-02T20:05:32Z,2026-07-02T20:05:32Z,2.2,https://data.lime.bike/api/partners/v2/gbfs/vancouver_bc/gbfs.json,https://data.lime.bike/api/partners/v2/gbfs/vancouver_bc/free_bike_status,2026-07-02T20:05:31Z,2026-07-02T20:05:31Z
lime_vancouver,lime_vancouver_3f3c5646-af5e-4389-acf3-c827e0bfa055,3f3c5646-af5e-4389-acf3-c827e0bfa055,49.266118,-123.098767,2,FALSE,FALSE,42841,NA,1783022684,2026-07-02T20:05:32Z,2026-07-02T20:05:32Z,2026-07-02T20:05:32Z,2.2,https://data.lime.bike/api/partners/v2/gbfs/vancouver_bc/gbfs.json,https://data.lime.bike/api/partners/v2/gbfs/vancouver_bc/free_bike_status,2026-07-02T20:05:31Z,2026-07-02T20:05:31Z
lime_vancouver,lime_vancouver_c5c2bdc8-0fcc-4808-b08a-fdf1e3efb63e,c5c2bdc8-0fcc-4808-b08a-fdf1e3efb63e,49.289943,-123.131288,2,FALSE,FALSE,38737,NA,1783022684,2026-07-02T20:05:32Z,2026-07-02T20:05:32Z,2026-07-02T20:05:32Z,2.2,https://data.lime.bike/api/partners/v2/gbfs/vancouver_bc/gbfs.json,https://data.lime.bike/api/partners/v2/gbfs/vancouver_bc/free_bike_status,2026-07-02T20:05:31Z,2026-07-02T20:05:31Z
lime_vancouver,lime_vancouver_5abc12b2-3be2-4213-95ee-95c372c6849e,5abc12b2-3be2-4213-95ee-95c372c6849e,49.269722,-123.131888,2,FALSE,FALSE,26586,NA,1783022684,2026-07-02T20:05:32Z,2026-07-02T20:05:32Z,2026-07-02T20:05:32Z,2.2,https://data.lime.bike/api/partners/v2/gbfs/vancouver_bc/gbfs.json,https://data.lime.bike/api/partners/v2/gbfs/vancouver_bc/free_bike_status,2026-07-02T20:05:31Z,2026-07-02T20:05:31Z
lime_vancouver,lime_vancouver_3bdd2652-2f98-422c-8e75-10a4059dc9a8,3bdd2652-2f98-422c-8e75-10a4059dc9a8,49.288335,-123.11984,2,FALSE,FALSE,15530,NA,1783022684,2026-07-02T20:05:32Z,2026-07-02T20:05:32Z,2026-07-02T20:05:32Z,2.2,https://data.lime.bike/api/partners/v2/gbfs/vancouver_bc/gbfs.json,https://data.lime.bike/api/partners/v2/gbfs/vancouver_bc/free_bike_status,2026-07-02T20:05:31Z,2026-07-02T20:05:31Z
lime_vancouver,lime_vancouver_4dc01223-de3f-4fe8-a230-b912f7316d7d,4dc01223-de3f-4fe8-a230-b912f7316d7d,49.287959,-123.141864,2,FALSE,FALSE,30079,NA,1783022684,2026-07-02T20:05:32Z,2026-07-02T20:05:32Z,2026-07-02T20:05:32Z,2.2,https://data.lime.bike/api/partners/v2/gbfs/vancouver_bc/gbfs.json,https://data.lime.bike/api/partners/v2/gbfs/vancouver_bc/free_bike_status,2026-07-02T20:05:31Z,2026-07-02T20:05:31Z
lime_vancouver,lime_vancouver_880b458a-acfe-45b7-bfb4-b1c95d520014,880b458a-acfe-45b7-bfb4-b1c95d520014,49.262257,-123.049693,2,FALSE,FALSE,11796,NA,1783022684,2026-07-02T20:05:32Z,2026-07-02T20:05:32Z,2026-07-02T20:05:32Z,2.2,https://data.lime.bike/api/partners/v2/gbfs/vancouver_bc/gbfs.json,https://data.lime.bike/api/partners/v2/gbfs/vancouver_bc/free_bike_status,2026-07-02T20:05:31Z,2026-07-02T20:05:31Z
lime_vancouver,lime_vancouver_15756598-bdb8-42c6-a7a1-7f317b33ddb8,15756598-bdb8-42c6-a7a1-7f317b33ddb8,49.273758,-123.125393,2,FALSE,FALSE,11796,NA,1783022684,2026-07-02T20:05:32Z,2026-07-02T20:05:32Z,2026-07-02T20:05:32Z,2.2,https://data.lime.bike/api/partners/v2/gbfs/vancouver_bc/gbfs.json,https://data.lime.bike/api/partners/v2/gbfs/vancouver_bc/free_bike_status,2026-07-02T20:05:31Z,2026-07-02T20:05:31Z
lime_vancouver,lime_vancouver_f8bbe3cd-4185-44ae-9945-d34acf548633,f8bbe3cd-4185-44ae-9945-d34acf548633,49.266387,-123.148435,2,FALSE,FALSE,14597,NA,1783022684,2026-07-02T20:05:32Z,2026-07-02T20:05:32Z,2026-07-02T20:05:32Z,2.2,https://data.lime.bike/api/partners/v2/gbfs/vancouver_bc/gbfs.json,https://data.lime.bike/api/partners/v2/gbfs/vancouver_bc/free_bike_status,2026-07-02T20:05:31Z,2026-07-02T20:05:31Z
lime_vancouver,lime_vancouver_03cf1552-7432-48c9-a72c-cd315063137e,03cf1552-7432-48c9-a72c-cd315063137e,49.274654,-123.087213,2,FALSE,FALSE,14597,NA,1783022684,2026-07-02T20:05:32Z,2026-07-02T20:05:32Z,2026-07-02T20:05:32Z,2.2,https://data.lime.bike/api/partners/v2/gbfs/vancouver_bc/gbfs.json,https://data.lime.bike/api/partners/v2/gbfs/vancouver_bc/free_bike_status,2026-07-02T20:05:31Z,2026-07-02T20:05:31Z
lime_vancouver,lime_vancouver_6ce57d19-f791-4a54-aaac-5336550b98b6,6ce57d19-f791-4a54-aaac-5336550b98b6,49.272314,-123.033971,2,FALSE,FALSE,18379,NA,1783022684,2026-07-02T20:05:32Z,2026-07-02T20:05:32Z,2026-07-02T20:05:32Z,2.2,https://data.lime.bike/api/partners/v2/gbfs/vancouver_bc/gbfs.json,https://data.lime.bike/api/partners/v2/gbfs/vancouver_bc/free_bike_status,2026-07-02T20:05:31Z,2026-07-02T20:05:31Z
lime_vancouver,lime_vancouver_d3a750c0-c584-4104-9fb2-6d75faef2c6c,d3a750c0-c584-4104-9fb2-6d75faef2c6c,49.253182,-123.084127,2,FALSE,FALSE,35631,NA,1783022684,2026-07-02T20:05:32Z,2026-07-02T20:05:32Z,2026-07-02T20:05:32Z,2.2,https://data.lime.bike/api/partners/v2/gbfs/vancouver_bc/gbfs.json,https://data.lime.bike/api/partners/v2/gbfs/vancouver_bc/free_bike_status,2026-07-02T20:05:31Z,2026-07-02T20:05:31Z
lime_vancouver,lime_vancouver_684f5be5-6e43-48e7-b26a-8ca853cbb00a,684f5be5-6e43-48e7-b26a-8ca853cbb00a,49.28081,-123.111971,2,FALSE,FALSE,19328,NA,1783022684,2026-07-02T20:05:32Z,2026-07-02T20:05:32Z,2026-07-02T20:05:32Z,2.2,https://data.lime.bike/api/partners/v2/gbfs/vancouver_bc/gbfs.json,https://data.lime.bike/api/partners/v2/gbfs/vancouver_bc/free_bike_status,2026-07-02T20:05:31Z,2026-07-02T20:05:31Z
lime_vancouver,lime_vancouver_13c68d56-8ae0-4b6d-b491-7fbca225dc39,13c68d56-8ae0-4b6d-b491-7fbca225dc39,49.270999,-123.135541,2,FALSE,FALSE,30079,NA,1783022684,2026-07-02T20:05:32Z,2026-07-02T20:05:32Z,2026-07-02T20:05:32Z,2.2,https://data.lime.bike/api/partners/v2/gbfs/vancouver_bc/gbfs.json,https://data.lime.bike/api/partners/v2/gbfs/vancouver_bc/free_bike_status,2026-07-02T20:05:31Z,2026-07-02T20:05:31Z
lime_vancouver,lime_vancouver_62ed8cac-47a3-459b-a4f2-0804d5d7a042,62ed8cac-47a3-459b-a4f2-0804d5d7a042,49.280795,-123.025612,2,FALSE,FALSE,15063,NA,1783022684,2026-07-02T20:05:32Z,2026-07-02T20:05:32Z,2026-07-02T20:05:32Z,2.2,https://data.lime.bike/api/partners/v2/gbfs/vancouver_bc/gbfs.json,https://data.lime.bike/api/partners/v2/gbfs/vancouver_bc/free_bike_status,2026-07-02T20:05:31Z,2026-07-02T20:05:31Z
lime_vancouver,lime_vancouver_d0e644f3-5c0d-44b0-b53c-75a490408996,d0e644f3-5c0d-44b0-b53c-75a490408996,49.273049,-123.128439,2,FALSE,FALSE,17429,NA,1783022684,2026-07-02T20:05:32Z,2026-07-02T20:05:32Z,2026-07-02T20:05:32Z,2.2,https://data.lime.bike/api/partners/v2/gbfs/vancouver_bc/gbfs.json,https://data.lime.bike/api/partners/v2/gbfs/vancouver_bc/free_bike_status,2026-07-02T20:05:31Z,2026-07-02T20:05:31Z
lime_vancouver,lime_vancouver_dc350449-3b29-479d-a211-820394c49f7e,dc350449-3b29-479d-a211-820394c49f7e,49.261494,-123.079673,2,FALSE,FALSE,7194,NA,1783022684,2026-07-02T20:05:32Z,2026-07-02T20:05:32Z,2026-07-02T20:05:32Z,2.2,https://data.lime.bike/api/partners/v2/gbfs/vancouver_bc/gbfs.json,https://data.lime.bike/api/partners/v2/gbfs/vancouver_bc/free_bike_status,2026-07-02T20:05:31Z,2026-07-02T20:05:31Z
lime_vancouver,lime_vancouver_b6d63e94-5d40-4645-b20e-e4804dbc6ee2,b6d63e94-5d40-4645-b20e-e4804dbc6ee2,49.265399,-123.143655,2,FALSE,FALSE,43340,NA,1783022684,2026-07-02T20:05:32Z,2026-07-02T20:05:32Z,2026-07-02T20:05:32Z,2.2,https://data.lime.bike/api/partners/v2/gbfs/vancouver_bc/gbfs.json,https://data.lime.bike/api/partners/v2/gbfs/vancouver_bc/free_bike_status,2026-07-02T20:05:31Z,2026-07-02T20:05:31Z
lime_vancouver,lime_vancouver_4af92dd5-b33b-40b5-b93c-cb43bce49af5,4af92dd5-b33b-40b5-b93c-cb43bce49af5,49.239782,-123.047121,2,FALSE,FALSE,5842,NA,1783022684,2026-07-02T20:05:32Z,2026-07-02T20:05:32Z,2026-07-02T20:05:32Z,2.2,https://data.lime.bike/api/partners/v2/gbfs/vancouver_bc/gbfs.json,https://data.lime.bike/api/partners/v2/gbfs/vancouver_bc/free_bike_status,2026-07-02T20:05:31Z,2026-07-02T20:05:31Z
lime_vancouver,lime_vancouver_00e29ea1-57af-4801-8f1c-3b48f2d08646,00e29ea1-57af-4801-8f1c-3b48f2d08646,49.263773,-123.070081,2,FALSE,FALSE,21726,NA,1783022684,2026-07-02T20:05:32Z,2026-07-02T20:05:32Z,2026-07-02T20:05:32Z,2.2,https://data.lime.bike/api/partners/v2/gbfs/vancouver_bc/gbfs.json,https://data.lime.bike/api/partners/v2/gbfs/vancouver_bc/free_bike_status,2026-07-02T20:05:31Z,2026-07-02T20:05:31Z
lime_vancouver,lime_vancouver_8f3e239a-fe4d-420a-900c-61ab2574505b,8f3e239a-fe4d-420a-900c-61ab2574505b,49.26862,-123.159778,2,FALSE,FALSE,6743,NA,1783022684,2026-07-02T20:05:32Z,2026-07-02T20:05:32Z,2026-07-02T20:05:32Z,2.2,https://data.lime.bike/api/partners/v2/gbfs/vancouver_bc/gbfs.json,https://data.lime.bike/api/partners/v2/gbfs/vancouver_bc/free_bike_status,2026-07-02T20:05:31Z,2026-07-02T20:05:31Z
lime_vancouver,lime_vancouver_fdee66df-779c-471d-94e7-03b82b22b72e,fdee66df-779c-471d-94e7-03b82b22b72e,49.280941,-123.089426,2,FALSE,FALSE,12730,NA,1783022684,2026-07-02T20:05:32Z,2026-07-02T20:05:32Z,2026-07-02T20:05:32Z,2.2,https://data.lime.bike/api/partners/v2/gbfs/vancouver_bc/gbfs.json,https://data.lime.bike/api/partners/v2/gbfs/vancouver_bc/free_bike_status,2026-07-02T20:05:31Z,2026-07-02T20:05:31Z
lime_vancouver,lime_vancouver_1c0563f0-5b1f-463e-9348-01a596fe1848,1c0563f0-5b1f-463e-9348-01a596fe1848,49.282219,-123.0617,2,FALSE,FALSE,37691,NA,1783022684,2026-07-02T20:05:32Z,2026-07-02T20:05:32Z,2026-07-02T20:05:32Z,2.2,https://data.lime.bike/api/partners/v2/gbfs/vancouver_bc/gbfs.json,https://data.lime.bike/api/partners/v2/gbfs/vancouver_bc/free_bike_status,2026-07-02T20:05:31Z,2026-07-02T20:05:31Z
lime_vancouver,lime_vancouver_4c476515-58a3-4b8b-a05d-bcf04599ed84,4c476515-58a3-4b8b-a05d-bcf04599ed84,49.283227,-123.115984,2,FALSE,FALSE,13663,NA,1783022684,2026-07-02T20:05:32Z,2026-07-02T20:05:32Z,2026-07-02T20:05:32Z,2.2,https://data.lime.bike/api/partners/v2/gbfs/vancouver_bc/gbfs.json,https://data.lime.bike/api/partners/v2/gbfs/vancouver_bc/free_bike_status,2026-07-02T20:05:31Z,2026-07-02T20:05:31Z
lime_vancouver,lime_vancouver_a5eea69d-df1b-4dd9-8e69-295deb74736d,a5eea69d-df1b-4dd9-8e69-295deb74736d,49.235402,-123.030946,2,FALSE,FALSE,36661,NA,1783022684,2026-07-02T20:05:32Z,2026-07-02T20:05:32Z,2026-07-02T20:05:32Z,2.2,https://data.lime.bike/api/partners/v2/gbfs/vancouver_bc/gbfs.json,https://data.lime.bike/api/partners/v2/gbfs/vancouver_bc/free_bike_status,2026-07-02T20:05:31Z,2026-07-02T20:05:31Z
lime_vancouver,lime_vancouver_4408f8bb-5094-4616-b4bb-62c75ff64a99,4408f8bb-5094-4616-b4bb-62c75ff64a99,49.285315,-123.139259,2,FALSE,FALSE,6743,NA,1783022684,2026-07-02T20:05:32Z,2026-07-02T20:05:32Z,2026-07-02T20:05:32Z,2.2,https://data.lime.bike/api/partners/v2/gbfs/vancouver_bc/gbfs.json,https://data.lime.bike/api/partners/v2/gbfs/vancouver_bc/free_bike_status,2026-07-02T20:05:31Z,2026-07-02T20:05:31Z
lime_vancouver,lime_vancouver_9b51356c-320f-4d3e-84eb-6d0f56e02acf,9b51356c-320f-4d3e-84eb-6d0f56e02acf,49.264931,-123.164895,2,FALSE,FALSE,18845,NA,1783022684,2026-07-02T20:05:32Z,2026-07-02T20:05:32Z,2026-07-02T20:05:32Z,2.2,https://data.lime.bike/api/partners/v2/gbfs/vancouver_bc/gbfs.json,https://data.lime.bike/api/partners/v2/gbfs/vancouver_bc/free_bike_status,2026-07-02T20:05:31Z,2026-07-02T20:05:31Z
lime_vancouver,lime_vancouver_bef35800-270f-4e65-a926-954959e9c079,bef35800-270f-4e65-a926-954959e9c079,49.269044,-123.104728,2,FALSE,FALSE,42326,NA,1783022684,2026-07-02T20:05:32Z,2026-07-02T20:05:32Z,2026-07-02T20:05:32Z,2.2,https://data.lime.bike/api/partners/v2/gbfs/vancouver_bc/gbfs.json,https://data.lime.bike/api/partners/v2/gbfs/vancouver_bc/free_bike_status,2026-07-02T20:05:31Z,2026-07-02T20:05:31Z
lime_vancouver,lime_vancouver_df69b27e-b747-429b-81f5-c1937c17177e,df69b27e-b747-429b-81f5-c1937c17177e,49.235421,-123.03075,2,FALSE,FALSE,18845,NA,1783022684,2026-07-02T20:05:32Z,2026-07-02T20:05:32Z,2026-07-02T20:05:32Z,2.2,https://data.lime.bike/api/partners/v2/gbfs/vancouver_bc/gbfs.json,https://data.lime.bike/api/partners/v2/gbfs/vancouver_bc/free_bike_status,2026-07-02T20:05:31Z,2026-07-02T20:05:31Z
lime_vancouver,lime_vancouver_d0cbcb14-5039-4d95-aecd-f1f5159571f8,d0cbcb14-5039-4d95-aecd-f1f5159571f8,49.277326,-123.079667,2,FALSE,FALSE,9946,NA,1783022684,2026-07-02T20:05:32Z,2026-07-02T20:05:32Z,2026-07-02T20:05:32Z,2.2,https://data.lime.bike/api/partners/v2/gbfs/vancouver_bc/gbfs.json,https://data.lime.bike/api/partners/v2/gbfs/vancouver_bc/free_bike_status,2026-07-02T20:05:31Z,2026-07-02T20:05:31Z
lime_vancouver,lime_vancouver_43bfa663-10a3-468a-8c6c-d7fa2096f30c,43bfa663-10a3-468a-8c6c-d7fa2096f30c,49.285386,-123.127809,2,FALSE,FALSE,28582,NA,1783022684,2026-07-02T20:05:32Z,2026-07-02T20:05:32Z,2026-07-02T20:05:32Z,2.2,https://data.lime.bike/api/partners/v2/gbfs/vancouver_bc/gbfs.json,https://data.lime.bike/api/partners/v2/gbfs/vancouver_bc/free_bike_status,2026-07-02T20:05:31Z,2026-07-02T20:05:31Z
lime_vancouver,lime_vancouver_59bf318b-d2fc-4354-91a8-cc8635d66766,59bf318b-d2fc-4354-91a8-cc8635d66766,49.266127,-123.140541,2,FALSE,FALSE,36146,NA,1783022684,2026-07-02T20:05:32Z,2026-07-02T20:05:32Z,2026-07-02T20:05:32Z,2.2,https://data.lime.bike/api/partners/v2/gbfs/vancouver_bc/gbfs.json,https://data.lime.bike/api/partners/v2/gbfs/vancouver_bc/free_bike_status,2026-07-02T20:05:31Z,2026-07-02T20:05:31Z
lime_vancouver,lime_vancouver_433e12e6-6ea7-4b7a-8e86-17283ae14cb7,433e12e6-6ea7-4b7a-8e86-17283ae14cb7,49.280303,-123.131565,2,FALSE,FALSE,35631,NA,1783022684,2026-07-02T20:05:32Z,2026-07-02T20:05:32Z,2026-07-02T20:05:32Z,2.2,https://data.lime.bike/api/partners/v2/gbfs/vancouver_bc/gbfs.json,https://data.lime.bike/api/partners/v2/gbfs/vancouver_bc/free_bike_status,2026-07-02T20:05:31Z,2026-07-02T20:05:31Z
lime_vancouver,lime_vancouver_6171f071-ef66-400f-b619-d1529bb3bed0,6171f071-ef66-400f-b619-d1529bb3bed0,49.283786,-123.09785,2,FALSE,FALSE,33603,NA,1783022684,2026-07-02T20:05:32Z,2026-07-02T20:05:32Z,2026-07-02T20:05:32Z,2.2,https://data.lime.bike/api/partners/v2/gbfs/vancouver_bc/gbfs.json,https://data.lime.bike/api/partners/v2/gbfs/vancouver_bc/free_bike_status,2026-07-02T20:05:31Z,2026-07-02T20:05:31Z
lime_vancouver,lime_vancouver_8ce80aa0-9e39-48d8-a303-0ad7eb41309d,8ce80aa0-9e39-48d8-a303-0ad7eb41309d,49.280176,-123.131669,2,FALSE,FALSE,14597,NA,1783022684,2026-07-02T20:05:32Z,2026-07-02T20:05:32Z,2026-07-02T20:05:32Z,2.2,https://data.lime.bike/api/partners/v2/gbfs/vancouver_bc/gbfs.json,https://data.lime.bike/api/partners/v2/gbfs/vancouver_bc/free_bike_status,2026-07-02T20:05:31Z,2026-07-02T20:05:31Z
lime_vancouver,lime_vancouver_f31db742-835b-4df7-8a99-71dc08d114d1,f31db742-835b-4df7-8a99-71dc08d114d1,49.26982,-123.135627,2,FALSE,FALSE,9028,NA,1783022684,2026-07-02T20:05:32Z,2026-07-02T20:05:32Z,2026-07-02T20:05:32Z,2.2,https://data.lime.bike/api/partners/v2/gbfs/vancouver_bc/gbfs.json,https://data.lime.bike/api/partners/v2/gbfs/vancouver_bc/free_bike_status,2026-07-02T20:05:31Z,2026-07-02T20:05:31Z
lime_vancouver,lime_vancouver_63beab70-f975-4e6b-adf0-e6c9a4a71466,63beab70-f975-4e6b-adf0-e6c9a4a71466,49.283566,-123.11073,2,FALSE,FALSE,9028,NA,1783022684,2026-07-02T20:05:32Z,2026-07-02T20:05:32Z,2026-07-02T20:05:32Z,2.2,https://data.lime.bike/api/partners/v2/gbfs/vancouver_bc/gbfs.json,https://data.lime.bike/api/partners/v2/gbfs/vancouver_bc/free_bike_status,2026-07-02T20:05:31Z,2026-07-02T20:05:31Z
lime_vancouver,lime_vancouver_7ae55074-1f84-4d08-9cce-a87487ab66c7,7ae55074-1f84-4d08-9cce-a87487ab66c7,49.277659,-123.072932,2,FALSE,FALSE,15063,NA,1783022684,2026-07-02T20:05:32Z,2026-07-02T20:05:32Z,2026-07-02T20:05:32Z,2.2,https://data.lime.bike/api/partners/v2/gbfs/vancouver_bc/gbfs.json,https://data.lime.bike/api/partners/v2/gbfs/vancouver_bc/free_bike_status,2026-07-02T20:05:31Z,2026-07-02T20:05:31Z
lime_vancouver,lime_vancouver_44c88c11-9fe9-48f9-8835-773d4c0082c4,44c88c11-9fe9-48f9-8835-773d4c0082c4,49.28787,-123.141862,2,FALSE,FALSE,7194,NA,1783022684,2026-07-02T20:05:32Z,2026-07-02T20:05:32Z,2026-07-02T20:05:32Z,2.2,https://data.lime.bike/api/partners/v2/gbfs/vancouver_bc/gbfs.json,https://data.lime.bike/api/partners/v2/gbfs/vancouver_bc/free_bike_status,2026-07-02T20:05:31Z,2026-07-02T20:05:31Z
lime_vancouver,lime_vancouver_fb2063d2-a50f-4771-9183-9881581ffaf6,fb2063d2-a50f-4771-9183-9881581ffaf6,49.250455,-123.026305,2,FALSE,FALSE,33603,NA,1783022684,2026-07-02T20:05:32Z,2026-07-02T20:05:32Z,2026-07-02T20:05:32Z,2.2,https://data.lime.bike/api/partners/v2/gbfs/vancouver_bc/gbfs.json,https://data.lime.bike/api/partners/v2/gbfs/vancouver_bc/free_bike_status,2026-07-02T20:05:31Z,2026-07-02T20:05:31Z
lime_vancouver,lime_vancouver_766a8bae-00b3-4a13-848d-5f60fbd360ed,766a8bae-00b3-4a13-848d-5f60fbd360ed,49.263883,-123.034128,2,FALSE,FALSE,8111,NA,1783022684,2026-07-02T20:05:32Z,2026-07-02T20:05:32Z,2026-07-02T20:05:32Z,2.2,https://data.lime.bike/api/partners/v2/gbfs/vancouver_bc/gbfs.json,https://data.lime.bike/api/partners/v2/gbfs/vancouver_bc/free_bike_status,2026-07-02T20:05:31Z,2026-07-02T20:05:31Z
lime_vancouver,lime_vancouver_cfb3b74e-a6ae-4ec5-9aa5-131264d1e6ce,cfb3b74e-a6ae-4ec5-9aa5-131264d1e6ce,49.274145,-123.125109,2,FALSE,FALSE,18845,NA,1783022684,2026-07-02T20:05:32Z,2026-07-02T20:05:32Z,2026-07-02T20:05:32Z,2.2,https://data.lime.bike/api/partners/v2/gbfs/vancouver_bc/gbfs.json,https://data.lime.bike/api/partners/v2/gbfs/vancouver_bc/free_bike_status,2026-07-02T20:05:31Z,2026-07-02T20:05:31Z
lime_vancouver,lime_vancouver_3bbc3563-de99-43fb-acd9-49448469f097,3bbc3563-de99-43fb-acd9-49448469f097,49.276241,-123.115881,2,FALSE,FALSE,14597,NA,1783022684,2026-07-02T20:05:32Z,2026-07-02T20:05:32Z,2026-07-02T20:05:32Z,2.2,https://data.lime.bike/api/partners/v2/gbfs/vancouver_bc/gbfs.json,https://data.lime.bike/api/partners/v2/gbfs/vancouver_bc/free_bike_status,2026-07-02T20:05:31Z,2026-07-02T20:05:31Z
lime_vancouver,lime_vancouver_4565e379-2f32-4d72-900e-6a7a8b2b24d2,4565e379-2f32-4d72-900e-6a7a8b2b24d2,49.228476,-123.058802,2,FALSE,FALSE,22209,NA,1783022684,2026-07-02T20:05:32Z,2026-07-02T20:05:32Z,2026-07-02T20:05:32Z,2.2,https://data.lime.bike/api/partners/v2/gbfs/vancouver_bc/gbfs.json,https://data.lime.bike/api/partners/v2/gbfs/vancouver_bc/free_bike_status,2026-07-02T20:05:31Z,2026-07-02T20:05:31Z
lime_vancouver,lime_vancouver_d05bd1f2-7039-4e30-b935-f3dcaa73e2d9,d05bd1f2-7039-4e30-b935-f3dcaa73e2d9,49.24984,-123.036505,2,FALSE,FALSE,44869,NA,1783022684,2026-07-02T20:05:32Z,2026-07-02T20:05:32Z,2026-07-02T20:05:32Z,2.2,https://data.lime.bike/api/partners/v2/gbfs/vancouver_bc/gbfs.json,https://data.lime.bike/api/partners/v2/gbfs/vancouver_bc/free_bike_status,2026-07-02T20:05:31Z,2026-07-02T20:05:31Z
lime_vancouver,lime_vancouver_8de43937-6b73-491a-b997-4912ba96be5b,8de43937-6b73-491a-b997-4912ba96be5b,49.273137,-123.128527,2,FALSE,FALSE,9028,NA,1783022684,2026-07-02T20:05:32Z,2026-07-02T20:05:32Z,2026-07-02T20:05:32Z,2.2,https://data.lime.bike/api/partners/v2/gbfs/vancouver_bc/gbfs.json,https://data.lime.bike/api/partners/v2/gbfs/vancouver_bc/free_bike_status,2026-07-02T20:05:31Z,2026-07-02T20:05:31Z
lime_vancouver,lime_vancouver_e502832b-76e2-4f59-905c-7b5c1aeaf185,e502832b-76e2-4f59-905c-7b5c1aeaf185,49.262642,-123.13923,2,FALSE,FALSE,14597,NA,1783022684,2026-07-02T20:05:32Z,2026-07-02T20:05:32Z,2026-07-02T20:05:32Z,2.2,https://data.lime.bike/api/partners/v2/gbfs/vancouver_bc/gbfs.json,https://data.lime.bike/api/partners/v2/gbfs/vancouver_bc/free_bike_status,2026-07-02T20:05:31Z,2026-07-02T20:05:31Z
lime_vancouver,lime_vancouver_9cc5ba49-b9a3-4e18-96e1-d3c03a8f55a6,9cc5ba49-b9a3-4e18-96e1-d3c03a8f55a6,49.244787,-123.045958,2,FALSE,FALSE,36146,NA,1783022684,2026-07-02T20:05:32Z,2026-07-02T20:05:32Z,2026-07-02T20:05:32Z,2.2,https://data.lime.bike/api/partners/v2/gbfs/vancouver_bc/gbfs.json,https://data.lime.bike/api/partners/v2/gbfs/vancouver_bc/free_bike_status,2026-07-02T20:05:31Z,2026-07-02T20:05:31Z
lime_vancouver,lime_vancouver_c8a06a71-09a3-4010-9291-9bc4cbdfc79c,c8a06a71-09a3-4010-9291-9bc4cbdfc79c,49.262545,-123.119795,2,FALSE,FALSE,33088,NA,1783022684,2026-07-02T20:05:32Z,2026-07-02T20:05:32Z,2026-07-02T20:05:32Z,2.2,https://data.lime.bike/api/partners/v2/gbfs/vancouver_bc/gbfs.json,https://data.lime.bike/api/partners/v2/gbfs/vancouver_bc/free_bike_status,2026-07-02T20:05:31Z,2026-07-02T20:05:31Z
lime_vancouver,lime_vancouver_3b870194-6370-4e43-9cc0-8e4a06099b79,3b870194-6370-4e43-9cc0-8e4a06099b79,49.283159,-123.046692,2,FALSE,FALSE,34617,NA,1783022684,2026-07-02T20:05:32Z,2026-07-02T20:05:32Z,2026-07-02T20:05:32Z,2.2,https://data.lime.bike/api/partners/v2/gbfs/vancouver_bc/gbfs.json,https://data.lime.bike/api/partners/v2/gbfs/vancouver_bc/free_bike_status,2026-07-02T20:05:31Z,2026-07-02T20:05:31Z
lime_vancouver,lime_vancouver_e32098bc-01ee-4f4b-824d-e368d82fe84a,e32098bc-01ee-4f4b-824d-e368d82fe84a,49.287916,-123.130052,2,FALSE,FALSE,16480,NA,1783022684,2026-07-02T20:05:32Z,2026-07-02T20:05:32Z,2026-07-02T20:05:32Z,2.2,https://data.lime.bike/api/partners/v2/gbfs/vancouver_bc/gbfs.json,https://data.lime.bike/api/partners/v2/gbfs/vancouver_bc/free_bike_status,2026-07-02T20:05:31Z,2026-07-02T20:05:31Z
lime_vancouver,lime_vancouver_253e93a0-52b8-4cbb-a363-586bfcbd5470,253e93a0-52b8-4cbb-a363-586bfcbd5470,49.269707,-123.061872,2,FALSE,FALSE,6743,NA,1783022684,2026-07-02T20:05:32Z,2026-07-02T20:05:32Z,2026-07-02T20:05:32Z,2.2,https://data.lime.bike/api/partners/v2/gbfs/vancouver_bc/gbfs.json,https://data.lime.bike/api/partners/v2/gbfs/vancouver_bc/free_bike_status,2026-07-02T20:05:31Z,2026-07-02T20:05:31Z
lime_vancouver,lime_vancouver_5102265c-0f82-4cb3-ae6c-6737b31d8cb2,5102265c-0f82-4cb3-ae6c-6737b31d8cb2,49.266706,-123.115704,2,FALSE,FALSE,13663,NA,1783022684,2026-07-02T20:05:32Z,2026-07-02T20:05:32Z,2026-07-02T20:05:32Z,2.2,https://data.lime.bike/api/partners/v2/gbfs/vancouver_bc/gbfs.json,https://data.lime.bike/api/partners/v2/gbfs/vancouver_bc/free_bike_status,2026-07-02T20:05:31Z,2026-07-02T20:05:31Z
lime_vancouver,lime_vancouver_bacfe630-5dcf-4922-81c7-e5a22ee1152c,bacfe630-5dcf-4922-81c7-e5a22ee1152c,49.265033,-123.117201,2,FALSE,FALSE,4957,NA,1783022684,2026-07-02T20:05:32Z,2026-07-02T20:05:32Z,2026-07-02T20:05:32Z,2.2,https://data.lime.bike/api/partners/v2/gbfs/vancouver_bc/gbfs.json,https://data.lime.bike/api/partners/v2/gbfs/vancouver_bc/free_bike_status,2026-07-02T20:05:31Z,2026-07-02T20:05:31Z
lime_vancouver,lime_vancouver_83268088-e3a7-4b7c-94ed-dac07da9e377,83268088-e3a7-4b7c-94ed-dac07da9e377,49.266701,-123.115685,2,FALSE,FALSE,24623,NA,1783022684,2026-07-02T20:05:32Z,2026-07-02T20:05:32Z,2026-07-02T20:05:32Z,2.2,https://data.lime.bike/api/partners/v2/gbfs/vancouver_bc/gbfs.json,https://data.lime.bike/api/partners/v2/gbfs/vancouver_bc/free_bike_status,2026-07-02T20:05:31Z,2026-07-02T20:05:31Z
lime_vancouver,lime_vancouver_0b13c404-d4c8-4c0e-86a3-19481b9b8548,0b13c404-d4c8-4c0e-86a3-19481b9b8548,49.235886,-123.04917,2,FALSE,FALSE,19328,NA,1783022684,2026-07-02T20:05:32Z,2026-07-02T20:05:32Z,2026-07-02T20:05:32Z,2.2,https://data.lime.bike/api/partners/v2/gbfs/vancouver_bc/gbfs.json,https://data.lime.bike/api/partners/v2/gbfs/vancouver_bc/free_bike_status,2026-07-02T20:05:31Z,2026-07-02T20:05:31Z
lime_vancouver,lime_vancouver_8a331e1d-632a-470f-98d7-415cb6cf290c,8a331e1d-632a-470f-98d7-415cb6cf290c,49.267781,-123.069357,2,FALSE,FALSE,43340,NA,1783022684,2026-07-02T20:05:32Z,2026-07-02T20:05:32Z,2026-07-02T20:05:32Z,2.2,https://data.lime.bike/api/partners/v2/gbfs/vancouver_bc/gbfs.json,https://data.lime.bike/api/partners/v2/gbfs/vancouver_bc/free_bike_status,2026-07-02T20:05:31Z,2026-07-02T20:05:31Z
lime_vancouver,lime_vancouver_2911585c-1360-4b3d-b925-c67ef6337b48,2911585c-1360-4b3d-b925-c67ef6337b48,49.267942,-123.155184,2,FALSE,FALSE,41827,NA,1783022684,2026-07-02T20:05:32Z,2026-07-02T20:05:32Z,2026-07-02T20:05:32Z,2.2,https://data.lime.bike/api/partners/v2/gbfs/vancouver_bc/gbfs.json,https://data.lime.bike/api/partners/v2/gbfs/vancouver_bc/free_bike_status,2026-07-02T20:05:31Z,2026-07-02T20:05:31Z
lime_vancouver,lime_vancouver_718f7d65-91ab-4391-a0fa-90a7a73d26a0,718f7d65-91ab-4391-a0fa-90a7a73d26a0,49.277501,-123.091409,2,FALSE,FALSE,10863,NA,1783022684,2026-07-02T20:05:32Z,2026-07-02T20:05:32Z,2026-07-02T20:05:32Z,2.2,https://data.lime.bike/api/partners/v2/gbfs/vancouver_bc/gbfs.json,https://data.lime.bike/api/partners/v2/gbfs/vancouver_bc/free_bike_status,2026-07-02T20:05:31Z,2026-07-02T20:05:31Z
lime_vancouver,lime_vancouver_fe17cabc-fb68-41a2-9f67-19c85ede4110,fe17cabc-fb68-41a2-9f67-19c85ede4110,49.275966,-123.145643,2,FALSE,FALSE,25122,NA,1783022684,2026-07-02T20:05:32Z,2026-07-02T20:05:32Z,2026-07-02T20:05:32Z,2.2,https://data.lime.bike/api/partners/v2/gbfs/vancouver_bc/gbfs.json,https://data.lime.bike/api/partners/v2/gbfs/vancouver_bc/free_bike_status,2026-07-02T20:05:31Z,2026-07-02T20:05:31Z
lime_vancouver,lime_vancouver_9204ac8e-802c-433b-81ff-d7e6c1acdffe,9204ac8e-802c-433b-81ff-d7e6c1acdffe,49.282325,-123.061605,2,FALSE,FALSE,23657,NA,1783022684,2026-07-02T20:05:32Z,2026-07-02T20:05:32Z,2026-07-02T20:05:32Z,2.2,https://data.lime.bike/api/partners/v2/gbfs/vancouver_bc/gbfs.json,https://data.lime.bike/api/partners/v2/gbfs/vancouver_bc/free_bike_status,2026-07-02T20:05:31Z,2026-07-02T20:05:31Z
lime_vancouver,lime_vancouver_5d9d227f-2f2d-4ab4-9007-f3e20d4f7e86,5d9d227f-2f2d-4ab4-9007-f3e20d4f7e86,49.277401,-123.043609,2,FALSE,FALSE,33088,NA,1783022684,2026-07-02T20:05:32Z,2026-07-02T20:05:32Z,2026-07-02T20:05:32Z,2.2,https://data.lime.bike/api/partners/v2/gbfs/vancouver_bc/gbfs.json,https://data.lime.bike/api/partners/v2/gbfs/vancouver_bc/free_bike_status,2026-07-02T20:05:31Z,2026-07-02T20:05:31Z
lime_vancouver,lime_vancouver_2654c259-e785-414e-8028-cd5a32d21842,2654c259-e785-414e-8028-cd5a32d21842,49.285468,-123.127726,2,FALSE,FALSE,35631,NA,1783022684,2026-07-02T20:05:32Z,2026-07-02T20:05:32Z,2026-07-02T20:05:32Z,2.2,https://data.lime.bike/api/partners/v2/gbfs/vancouver_bc/gbfs.json,https://data.lime.bike/api/partners/v2/gbfs/vancouver_bc/free_bike_status,2026-07-02T20:05:31Z,2026-07-02T20:05:31Z
lime_vancouver,lime_vancouver_42f4c948-49b5-421f-b911-9cca3328fa1a,42f4c948-49b5-421f-b911-9cca3328fa1a,49.282219,-123.070721,2,FALSE,FALSE,11330,NA,1783022684,2026-07-02T20:05:32Z,2026-07-02T20:05:32Z,2026-07-02T20:05:32Z,2.2,https://data.lime.bike/api/partners/v2/gbfs/vancouver_bc/gbfs.json,https://data.lime.bike/api/partners/v2/gbfs/vancouver_bc/free_bike_status,2026-07-02T20:05:31Z,2026-07-02T20:05:31Z
lime_vancouver,lime_vancouver_a1fabc44-d553-4845-b812-1ce980e89239,a1fabc44-d553-4845-b812-1ce980e89239,49.266647,-123.115748,2,FALSE,FALSE,44869,NA,1783022684,2026-07-02T20:05:32Z,2026-07-02T20:05:32Z,2026-07-02T20:05:32Z,2.2,https://data.lime.bike/api/partners/v2/gbfs/vancouver_bc/gbfs.json,https://data.lime.bike/api/partners/v2/gbfs/vancouver_bc/free_bike_status,2026-07-02T20:05:31Z,2026-07-02T20:05:31Z
lime_vancouver,lime_vancouver_8d569ed4-9735-4063-9069-93f1f703dc85,8d569ed4-9735-4063-9069-93f1f703dc85,49.244908,-123.045995,2,FALSE,FALSE,40282,NA,1783022684,2026-07-02T20:05:32Z,2026-07-02T20:05:32Z,2026-07-02T20:05:32Z,2.2,https://data.lime.bike/api/partners/v2/gbfs/vancouver_bc/gbfs.json,https://data.lime.bike/api/partners/v2/gbfs/vancouver_bc/free_bike_status,2026-07-02T20:05:31Z,2026-07-02T20:05:31Z
lime_vancouver,lime_vancouver_89715198-f6c6-4c3d-a8c8-31e8f83a520f,89715198-f6c6-4c3d-a8c8-31e8f83a520f,49.269649,-123.131955,2,FALSE,FALSE,44354,NA,1783022684,2026-07-02T20:05:32Z,2026-07-02T20:05:32Z,2026-07-02T20:05:32Z,2.2,https://data.lime.bike/api/partners/v2/gbfs/vancouver_bc/gbfs.json,https://data.lime.bike/api/partners/v2/gbfs/vancouver_bc/free_bike_status,2026-07-02T20:05:31Z,2026-07-02T20:05:31Z
lime_vancouver,lime_vancouver_72972cb9-41fb-4421-be2e-e22a58fc2be6,72972cb9-41fb-4421-be2e-e22a58fc2be6,49.273882,-123.06156,2,FALSE,FALSE,22692,NA,1783022684,2026-07-02T20:05:32Z,2026-07-02T20:05:32Z,2026-07-02T20:05:32Z,2.2,https://data.lime.bike/api/partners/v2/gbfs/vancouver_bc/gbfs.json,https://data.lime.bike/api/partners/v2/gbfs/vancouver_bc/free_bike_status,2026-07-02T20:05:31Z,2026-07-02T20:05:31Z
lime_vancouver,lime_vancouver_c2538cef-2be5-4bb5-ad19-4f0c9596b121,c2538cef-2be5-4bb5-ad19-4f0c9596b121,49.269718,-123.131948,2,FALSE,FALSE,38737,NA,1783022684,2026-07-02T20:05:32Z,2026-07-02T20:05:32Z,2026-07-02T20:05:32Z,2.2,https://data.lime.bike/api/partners/v2/gbfs/vancouver_bc/gbfs.json,https://data.lime.bike/api/partners/v2/gbfs/vancouver_bc/free_bike_status,2026-07-02T20:05:31Z,2026-07-02T20:05:31Z
lime_vancouver,lime_vancouver_f8e109a8-0b9c-4792-b144-e2b6efceed10,f8e109a8-0b9c-4792-b144-e2b6efceed10,49.285754,-123.120833,2,FALSE,FALSE,41312,NA,1783022684,2026-07-02T20:05:32Z,2026-07-02T20:05:32Z,2026-07-02T20:05:32Z,2.2,https://data.lime.bike/api/partners/v2/gbfs/vancouver_bc/gbfs.json,https://data.lime.bike/api/partners/v2/gbfs/vancouver_bc/free_bike_status,2026-07-02T20:05:31Z,2026-07-02T20:05:31Z
lime_vancouver,lime_vancouver_bdb0d677-0829-42ab-be20-7bb97f185e8a,bdb0d677-0829-42ab-be20-7bb97f185e8a,49.263523,-123.098874,2,FALSE,FALSE,39252,NA,1783022684,2026-07-02T20:05:32Z,2026-07-02T20:05:32Z,2026-07-02T20:05:32Z,2.2,https://data.lime.bike/api/partners/v2/gbfs/vancouver_bc/gbfs.json,https://data.lime.bike/api/partners/v2/gbfs/vancouver_bc/free_bike_status,2026-07-02T20:05:31Z,2026-07-02T20:05:31Z
lime_vancouver,lime_vancouver_586546df-ee60-4e6b-ad51-1aa11238c923,586546df-ee60-4e6b-ad51-1aa11238c923,49.244541,-123.075902,2,FALSE,FALSE,39252,NA,1783022684,2026-07-02T20:05:32Z,2026-07-02T20:05:32Z,2026-07-02T20:05:32Z,2.2,https://data.lime.bike/api/partners/v2/gbfs/vancouver_bc/gbfs.json,https://data.lime.bike/api/partners/v2/gbfs/vancouver_bc/free_bike_status,2026-07-02T20:05:31Z,2026-07-02T20:05:31Z
lime_vancouver,lime_vancouver_142cb222-5f4b-4fba-b53c-a1eaff1d97cc,142cb222-5f4b-4fba-b53c-a1eaff1d97cc,49.271228,-123.146351,2,FALSE,FALSE,24623,NA,1783022684,2026-07-02T20:05:32Z,2026-07-02T20:05:32Z,2026-07-02T20:05:32Z,2.2,https://data.lime.bike/api/partners/v2/gbfs/vancouver_bc/gbfs.json,https://data.lime.bike/api/partners/v2/gbfs/vancouver_bc/free_bike_status,2026-07-02T20:05:31Z,2026-07-02T20:05:31Z
lime_vancouver,lime_vancouver_a44e426e-9326-4a72-aa91-499e34841cbc,a44e426e-9326-4a72-aa91-499e34841cbc,49.283671,-123.11277,2,FALSE,FALSE,30578,NA,1783022684,2026-07-02T20:05:32Z,2026-07-02T20:05:32Z,2026-07-02T20:05:32Z,2.2,https://data.lime.bike/api/partners/v2/gbfs/vancouver_bc/gbfs.json,https://data.lime.bike/api/partners/v2/gbfs/vancouver_bc/free_bike_status,2026-07-02T20:05:31Z,2026-07-02T20:05:31Z
lime_vancouver,lime_vancouver_d8385ffe-100a-4024-96eb-56eab3e621ac,d8385ffe-100a-4024-96eb-56eab3e621ac,49.265878,-123.041485,2,FALSE,FALSE,9028,NA,1783022684,2026-07-02T20:05:32Z,2026-07-02T20:05:32Z,2026-07-02T20:05:32Z,2.2,https://data.lime.bike/api/partners/v2/gbfs/vancouver_bc/gbfs.json,https://data.lime.bike/api/partners/v2/gbfs/vancouver_bc/free_bike_status,2026-07-02T20:05:31Z,2026-07-02T20:05:31Z
lime_vancouver,lime_vancouver_0030631b-4c80-4ce2-b6ba-1073734927fa,0030631b-4c80-4ce2-b6ba-1073734927fa,49.271859,-123.164731,2,FALSE,FALSE,15997,NA,1783022684,2026-07-02T20:05:32Z,2026-07-02T20:05:32Z,2026-07-02T20:05:32Z,2.2,https://data.lime.bike/api/partners/v2/gbfs/vancouver_bc/gbfs.json,https://data.lime.bike/api/partners/v2/gbfs/vancouver_bc/free_bike_status,2026-07-02T20:05:31Z,2026-07-02T20:05:31Z
lime_vancouver,lime_vancouver_919b3b69-344a-4745-b989-91079b348662,919b3b69-344a-4745-b989-91079b348662,49.279637,-123.10615,2,FALSE,FALSE,2784,NA,1783022684,2026-07-02T20:05:32Z,2026-07-02T20:05:32Z,2026-07-02T20:05:32Z,2.2,https://data.lime.bike/api/partners/v2/gbfs/vancouver_bc/gbfs.json,https://data.lime.bike/api/partners/v2/gbfs/vancouver_bc/free_bike_status,2026-07-02T20:05:31Z,2026-07-02T20:05:31Z
lime_vancouver,lime_vancouver_d3f8cc65-0a2d-46c4-bde8-b19d76ee5588,d3f8cc65-0a2d-46c4-bde8-b19d76ee5588,49.274104,-123.028652,2,FALSE,FALSE,27085,NA,1783022684,2026-07-02T20:05:32Z,2026-07-02T20:05:32Z,2026-07-02T20:05:32Z,2.2,https://data.lime.bike/api/partners/v2/gbfs/vancouver_bc/gbfs.json,https://data.lime.bike/api/partners/v2/gbfs/vancouver_bc/free_bike_status,2026-07-02T20:05:31Z,2026-07-02T20:05:31Z
lime_vancouver,lime_vancouver_23102cde-d0e0-42f9-9e56-764f8b83df91,23102cde-d0e0-42f9-9e56-764f8b83df91,49.280908,-123.025567,2,FALSE,FALSE,39767,NA,1783022684,2026-07-02T20:05:32Z,2026-07-02T20:05:32Z,2026-07-02T20:05:32Z,2.2,https://data.lime.bike/api/partners/v2/gbfs/vancouver_bc/gbfs.json,https://data.lime.bike/api/partners/v2/gbfs/vancouver_bc/free_bike_status,2026-07-02T20:05:31Z,2026-07-02T20:05:31Z
lime_vancouver,lime_vancouver_9cb533c2-a351-4aee-beed-6080cacccb8d,9cb533c2-a351-4aee-beed-6080cacccb8d,49.240754,-123.038039,2,FALSE,FALSE,35631,NA,1783022684,2026-07-02T20:05:32Z,2026-07-02T20:05:32Z,2026-07-02T20:05:32Z,2.2,https://data.lime.bike/api/partners/v2/gbfs/vancouver_bc/gbfs.json,https://data.lime.bike/api/partners/v2/gbfs/vancouver_bc/free_bike_status,2026-07-02T20:05:31Z,2026-07-02T20:05:31Z
lime_vancouver,lime_vancouver_56a2ed89-bba5-48d9-88c4-b9ca8b4a9419,56a2ed89-bba5-48d9-88c4-b9ca8b4a9419,49.290888,-123.127531,2,FALSE,FALSE,30578,NA,1783022684,2026-07-02T20:05:32Z,2026-07-02T20:05:32Z,2026-07-02T20:05:32Z,2.2,https://data.lime.bike/api/partners/v2/gbfs/vancouver_bc/gbfs.json,https://data.lime.bike/api/partners/v2/gbfs/vancouver_bc/free_bike_status,2026-07-02T20:05:31Z,2026-07-02T20:05:31Z
lime_vancouver,lime_vancouver_e5483b54-95e1-4d79-93da-8262e611ec78,e5483b54-95e1-4d79-93da-8262e611ec78,49.283622,-123.112757,2,FALSE,FALSE,15063,NA,1783022684,2026-07-02T20:05:32Z,2026-07-02T20:05:32Z,2026-07-02T20:05:32Z,2.2,https://data.lime.bike/api/partners/v2/gbfs/vancouver_bc/gbfs.json,https://data.lime.bike/api/partners/v2/gbfs/vancouver_bc/free_bike_status,2026-07-02T20:05:31Z,2026-07-02T20:05:31Z
lime_vancouver,lime_vancouver_d5533e71-e1cd-4b2b-92c9-ee716011fa47,d5533e71-e1cd-4b2b-92c9-ee716011fa47,49.28036,-123.030803,2,FALSE,FALSE,16480,NA,1783022684,2026-07-02T20:05:32Z,2026-07-02T20:05:32Z,2026-07-02T20:05:32Z,2.2,https://data.lime.bike/api/partners/v2/gbfs/vancouver_bc/gbfs.json,https://data.lime.bike/api/partners/v2/gbfs/vancouver_bc/free_bike_status,2026-07-02T20:05:31Z,2026-07-02T20:05:31Z
lime_vancouver,lime_vancouver_3e5f1bdf-a79c-48d4-86d8-13c7ad90acae,3e5f1bdf-a79c-48d4-86d8-13c7ad90acae,49.265134,-123.125858,2,FALSE,FALSE,40282,NA,1783022684,2026-07-02T20:05:32Z,2026-07-02T20:05:32Z,2026-07-02T20:05:32Z,2.2,https://data.lime.bike/api/partners/v2/gbfs/vancouver_bc/gbfs.json,https://data.lime.bike/api/partners/v2/gbfs/vancouver_bc/free_bike_status,2026-07-02T20:05:31Z,2026-07-02T20:05:31Z
lime_vancouver,lime_vancouver_d362b645-c242-45b8-9fcb-f81268219f0b,d362b645-c242-45b8-9fcb-f81268219f0b,49.271793,-123.073394,2,FALSE,FALSE,41312,NA,1783022684,2026-07-02T20:05:32Z,2026-07-02T20:05:32Z,2026-07-02T20:05:32Z,2.2,https://data.lime.bike/api/partners/v2/gbfs/vancouver_bc/gbfs.json,https://data.lime.bike/api/partners/v2/gbfs/vancouver_bc/free_bike_status,2026-07-02T20:05:31Z,2026-07-02T20:05:31Z
lime_vancouver,lime_vancouver_be8ba559-2c60-4b0f-9a42-896ec3055314,be8ba559-2c60-4b0f-9a42-896ec3055314,49.229199,-123.024048,2,FALSE,FALSE,5617,NA,1783022684,2026-07-02T20:05:32Z,2026-07-02T20:05:32Z,2026-07-02T20:05:32Z,2.2,https://data.lime.bike/api/partners/v2/gbfs/vancouver_bc/gbfs.json,https://data.lime.bike/api/partners/v2/gbfs/vancouver_bc/free_bike_status,2026-07-02T20:05:31Z,2026-07-02T20:05:31Z
lime_vancouver,lime_vancouver_49843510-b922-45cc-8854-f7b4218d49ad,49843510-b922-45cc-8854-f7b4218d49ad,49.280234,-123.079278,2,FALSE,FALSE,16480,NA,1783022684,2026-07-02T20:05:32Z,2026-07-02T20:05:32Z,2026-07-02T20:05:32Z,2.2,https://data.lime.bike/api/partners/v2/gbfs/vancouver_bc/gbfs.json,https://data.lime.bike/api/partners/v2/gbfs/vancouver_bc/free_bike_status,2026-07-02T20:05:31Z,2026-07-02T20:05:31Z
lime_vancouver,lime_vancouver_16f86d6a-debf-46b9-9514-54d77be4a046,16f86d6a-debf-46b9-9514-54d77be4a046,49.244733,-123.045852,2,FALSE,FALSE,40797,NA,1783022684,2026-07-02T20:05:32Z,2026-07-02T20:05:32Z,2026-07-02T20:05:32Z,2.2,https://data.lime.bike/api/partners/v2/gbfs/vancouver_bc/gbfs.json,https://data.lime.bike/api/partners/v2/gbfs/vancouver_bc/free_bike_status,2026-07-02T20:05:31Z,2026-07-02T20:05:31Z
lime_vancouver,lime_vancouver_eb6a5546-cbbe-474d-bbf9-9951b1717ceb,eb6a5546-cbbe-474d-bbf9-9951b1717ceb,49.268137,-123.10951,2,FALSE,FALSE,30578,NA,1783022684,2026-07-02T20:05:32Z,2026-07-02T20:05:32Z,2026-07-02T20:05:32Z,2.2,https://data.lime.bike/api/partners/v2/gbfs/vancouver_bc/gbfs.json,https://data.lime.bike/api/partners/v2/gbfs/vancouver_bc/free_bike_status,2026-07-02T20:05:31Z,2026-07-02T20:05:31Z
lime_vancouver,lime_vancouver_63cb9c48-8646-47f3-90ed-6baed34afc22,63cb9c48-8646-47f3-90ed-6baed34afc22,49.228457,-123.058752,2,FALSE,FALSE,43855,NA,1783022684,2026-07-02T20:05:32Z,2026-07-02T20:05:32Z,2026-07-02T20:05:32Z,2.2,https://data.lime.bike/api/partners/v2/gbfs/vancouver_bc/gbfs.json,https://data.lime.bike/api/partners/v2/gbfs/vancouver_bc/free_bike_status,2026-07-02T20:05:31Z,2026-07-02T20:05:31Z
lime_vancouver,lime_vancouver_bb5c6d2c-db3b-4a84-b8aa-06937d0e547d,bb5c6d2c-db3b-4a84-b8aa-06937d0e547d,49.281966,-123.120492,2,FALSE,FALSE,28582,NA,1783022684,2026-07-02T20:05:32Z,2026-07-02T20:05:32Z,2026-07-02T20:05:32Z,2.2,https://data.lime.bike/api/partners/v2/gbfs/vancouver_bc/gbfs.json,https://data.lime.bike/api/partners/v2/gbfs/vancouver_bc/free_bike_status,2026-07-02T20:05:31Z,2026-07-02T20:05:31Z
lime_vancouver,lime_vancouver_e3ccd1d5-7f34-4f9b-8713-87710e497e1b,e3ccd1d5-7f34-4f9b-8713-87710e497e1b,49.283872,-123.101722,2,FALSE,FALSE,33603,NA,1783022684,2026-07-02T20:05:32Z,2026-07-02T20:05:32Z,2026-07-02T20:05:32Z,2.2,https://data.lime.bike/api/partners/v2/gbfs/vancouver_bc/gbfs.json,https://data.lime.bike/api/partners/v2/gbfs/vancouver_bc/free_bike_status,2026-07-02T20:05:31Z,2026-07-02T20:05:31Z
lime_vancouver,lime_vancouver_e2b960c0-595f-42f8-8fcd-15a47ba41d64,e2b960c0-595f-42f8-8fcd-15a47ba41d64,49.283651,-123.112727,2,FALSE,FALSE,22692,NA,1783022684,2026-07-02T20:05:32Z,2026-07-02T20:05:32Z,2026-07-02T20:05:32Z,2.2,https://data.lime.bike/api/partners/v2/gbfs/vancouver_bc/gbfs.json,https://data.lime.bike/api/partners/v2/gbfs/vancouver_bc/free_bike_status,2026-07-02T20:05:31Z,2026-07-02T20:05:31Z
lime_vancouver,lime_vancouver_6fc08ee1-5d11-40d6-99b2-d58137466b13,6fc08ee1-5d11-40d6-99b2-d58137466b13,49.263467,-123.098891,2,FALSE,FALSE,40282,NA,1783022684,2026-07-02T20:05:32Z,2026-07-02T20:05:32Z,2026-07-02T20:05:32Z,2.2,https://data.lime.bike/api/partners/v2/gbfs/vancouver_bc/gbfs.json,https://data.lime.bike/api/partners/v2/gbfs/vancouver_bc/free_bike_status,2026-07-02T20:05:31Z,2026-07-02T20:05:31Z
lime_vancouver,lime_vancouver_47f4826f-d43a-42f2-a333-f2713f444699,47f4826f-d43a-42f2-a333-f2713f444699,49.250445,-123.026363,2,FALSE,FALSE,11796,NA,1783022684,2026-07-02T20:05:32Z,2026-07-02T20:05:32Z,2026-07-02T20:05:32Z,2.2,https://data.lime.bike/api/partners/v2/gbfs/vancouver_bc/gbfs.json,https://data.lime.bike/api/partners/v2/gbfs/vancouver_bc/free_bike_status,2026-07-02T20:05:31Z,2026-07-02T20:05:31Z
lime_vancouver,lime_vancouver_dacfd17d-6726-43fc-9b91-7f2d3c3166f3,dacfd17d-6726-43fc-9b91-7f2d3c3166f3,49.268987,-123.104735,2,FALSE,FALSE,32090,NA,1783022684,2026-07-02T20:05:32Z,2026-07-02T20:05:32Z,2026-07-02T20:05:32Z,2.2,https://data.lime.bike/api/partners/v2/gbfs/vancouver_bc/gbfs.json,https://data.lime.bike/api/partners/v2/gbfs/vancouver_bc/free_bike_status,2026-07-02T20:05:31Z,2026-07-02T20:05:31Z
lime_vancouver,lime_vancouver_a0caf7a7-f51b-44bf-8651-762d8cd87971,a0caf7a7-f51b-44bf-8651-762d8cd87971,49.265861,-123.041522,2,FALSE,FALSE,35631,NA,1783022684,2026-07-02T20:05:32Z,2026-07-02T20:05:32Z,2026-07-02T20:05:32Z,2.2,https://data.lime.bike/api/partners/v2/gbfs/vancouver_bc/gbfs.json,https://data.lime.bike/api/partners/v2/gbfs/vancouver_bc/free_bike_status,2026-07-02T20:05:31Z,2026-07-02T20:05:31Z
lime_vancouver,lime_vancouver_e777f8ee-704d-4a9b-bf77-975128fee0c4,e777f8ee-704d-4a9b-bf77-975128fee0c4,49.26244,-123.128821,2,FALSE,FALSE,36146,NA,1783022684,2026-07-02T20:05:32Z,2026-07-02T20:05:32Z,2026-07-02T20:05:32Z,2.2,https://data.lime.bike/api/partners/v2/gbfs/vancouver_bc/gbfs.json,https://data.lime.bike/api/partners/v2/gbfs/vancouver_bc/free_bike_status,2026-07-02T20:05:31Z,2026-07-02T20:05:31Z
lime_vancouver,lime_vancouver_e0f415b1-f0d1-42c0-8246-dc75fe60b862,e0f415b1-f0d1-42c0-8246-dc75fe60b862,49.287812,-123.141672,2,FALSE,FALSE,34617,NA,1783022684,2026-07-02T20:05:32Z,2026-07-02T20:05:32Z,2026-07-02T20:05:32Z,2.2,https://data.lime.bike/api/partners/v2/gbfs/vancouver_bc/gbfs.json,https://data.lime.bike/api/partners/v2/gbfs/vancouver_bc/free_bike_status,2026-07-02T20:05:31Z,2026-07-02T20:05:31Z
lime_vancouver,lime_vancouver_f6019bb5-f2fa-418d-b0ce-c4cdd727199d,f6019bb5-f2fa-418d-b0ce-c4cdd727199d,49.282275,-123.061644,2,FALSE,FALSE,33603,NA,1783022684,2026-07-02T20:05:32Z,2026-07-02T20:05:32Z,2026-07-02T20:05:32Z,2.2,https://data.lime.bike/api/partners/v2/gbfs/vancouver_bc/gbfs.json,https://data.lime.bike/api/partners/v2/gbfs/vancouver_bc/free_bike_status,2026-07-02T20:05:31Z,2026-07-02T20:05:31Z
lime_vancouver,lime_vancouver_fae404cc-a04c-4bf7-9281-4bb0084b8511,fae404cc-a04c-4bf7-9281-4bb0084b8511,49.269014,-123.164467,2,FALSE,FALSE,42841,NA,1783022684,2026-07-02T20:05:32Z,2026-07-02T20:05:32Z,2026-07-02T20:05:32Z,2.2,https://data.lime.bike/api/partners/v2/gbfs/vancouver_bc/gbfs.json,https://data.lime.bike/api/partners/v2/gbfs/vancouver_bc/free_bike_status,2026-07-02T20:05:31Z,2026-07-02T20:05:31Z
lime_vancouver,lime_vancouver_8a1b4b20-5403-41ce-a1a7-9607ffadf264,8a1b4b20-5403-41ce-a1a7-9607ffadf264,49.259245,-123.045368,2,FALSE,FALSE,7194,NA,1783022684,2026-07-02T20:05:32Z,2026-07-02T20:05:32Z,2026-07-02T20:05:32Z,2.2,https://data.lime.bike/api/partners/v2/gbfs/vancouver_bc/gbfs.json,https://data.lime.bike/api/partners/v2/gbfs/vancouver_bc/free_bike_status,2026-07-02T20:05:31Z,2026-07-02T20:05:31Z
lime_vancouver,lime_vancouver_09624fd3-865f-4678-8142-0ed96b618f3a,09624fd3-865f-4678-8142-0ed96b618f3a,49.263851,-123.109117,2,FALSE,FALSE,35631,NA,1783022684,2026-07-02T20:05:32Z,2026-07-02T20:05:32Z,2026-07-02T20:05:32Z,2.2,https://data.lime.bike/api/partners/v2/gbfs/vancouver_bc/gbfs.json,https://data.lime.bike/api/partners/v2/gbfs/vancouver_bc/free_bike_status,2026-07-02T20:05:31Z,2026-07-02T20:05:31Z
lime_vancouver,lime_vancouver_bc12aaed-155f-4747-ac64-8609a24084e4,bc12aaed-155f-4747-ac64-8609a24084e4,49.269716,-123.135577,2,FALSE,FALSE,36661,NA,1783022684,2026-07-02T20:05:32Z,2026-07-02T20:05:32Z,2026-07-02T20:05:32Z,2.2,https://data.lime.bike/api/partners/v2/gbfs/vancouver_bc/gbfs.json,https://data.lime.bike/api/partners/v2/gbfs/vancouver_bc/free_bike_status,2026-07-02T20:05:31Z,2026-07-02T20:05:31Z
lime_vancouver,lime_vancouver_a89abd38-af9a-4d0e-885c-9c9dfd12abaa,a89abd38-af9a-4d0e-885c-9c9dfd12abaa,49.266303,-123.098846,2,FALSE,FALSE,9946,NA,1783022684,2026-07-02T20:05:32Z,2026-07-02T20:05:32Z,2026-07-02T20:05:32Z,2.2,https://data.lime.bike/api/partners/v2/gbfs/vancouver_bc/gbfs.json,https://data.lime.bike/api/partners/v2/gbfs/vancouver_bc/free_bike_status,2026-07-02T20:05:31Z,2026-07-02T20:05:31Z
lime_vancouver,lime_vancouver_daf8898e-3773-497e-81fc-ec166fec9516,daf8898e-3773-497e-81fc-ec166fec9516,49.283791,-123.097901,2,FALSE,FALSE,33088,NA,1783022684,2026-07-02T20:05:32Z,2026-07-02T20:05:32Z,2026-07-02T20:05:32Z,2.2,https://data.lime.bike/api/partners/v2/gbfs/vancouver_bc/gbfs.json,https://data.lime.bike/api/partners/v2/gbfs/vancouver_bc/free_bike_status,2026-07-02T20:05:31Z,2026-07-02T20:05:31Z
lime_vancouver,lime_vancouver_0d5e6d53-ed16-440b-a88c-daf47524c2e5,0d5e6d53-ed16-440b-a88c-daf47524c2e5,49.290984,-123.127731,2,FALSE,FALSE,42841,NA,1783022684,2026-07-02T20:05:32Z,2026-07-02T20:05:32Z,2026-07-02T20:05:32Z,2.2,https://data.lime.bike/api/partners/v2/gbfs/vancouver_bc/gbfs.json,https://data.lime.bike/api/partners/v2/gbfs/vancouver_bc/free_bike_status,2026-07-02T20:05:31Z,2026-07-02T20:05:31Z
lime_vancouver,lime_vancouver_46508734-fbda-4567-900d-91fba9b09dd9,46508734-fbda-4567-900d-91fba9b09dd9,49.239944,-123.074141,2,FALSE,FALSE,41827,NA,1783022684,2026-07-02T20:05:32Z,2026-07-02T20:05:32Z,2026-07-02T20:05:32Z,2.2,https://data.lime.bike/api/partners/v2/gbfs/vancouver_bc/gbfs.json,https://data.lime.bike/api/partners/v2/gbfs/vancouver_bc/free_bike_status,2026-07-02T20:05:31Z,2026-07-02T20:05:31Z
lime_vancouver,lime_vancouver_e1a2b645-4b63-4e9f-a519-0d0b6292b691,e1a2b645-4b63-4e9f-a519-0d0b6292b691,49.265428,-123.096747,2,FALSE,FALSE,14130,NA,1783022684,2026-07-02T20:05:32Z,2026-07-02T20:05:32Z,2026-07-02T20:05:32Z,2.2,https://data.lime.bike/api/partners/v2/gbfs/vancouver_bc/gbfs.json,https://data.lime.bike/api/partners/v2/gbfs/vancouver_bc/free_bike_status,2026-07-02T20:05:31Z,2026-07-02T20:05:31Z
lime_vancouver,lime_vancouver_017d8b88-3a2c-4547-ae19-322804b208dd,017d8b88-3a2c-4547-ae19-322804b208dd,49.254581,-123.072844,2,FALSE,FALSE,7660,NA,1783022684,2026-07-02T20:05:32Z,2026-07-02T20:05:32Z,2026-07-02T20:05:32Z,2.2,https://data.lime.bike/api/partners/v2/gbfs/vancouver_bc/gbfs.json,https://data.lime.bike/api/partners/v2/gbfs/vancouver_bc/free_bike_status,2026-07-02T20:05:31Z,2026-07-02T20:05:31Z
lime_vancouver,lime_vancouver_f8df9ffb-57de-4211-83b3-3ccd803d542b,f8df9ffb-57de-4211-83b3-3ccd803d542b,49.269049,-123.164475,2,FALSE,FALSE,11796,NA,1783022684,2026-07-02T20:05:32Z,2026-07-02T20:05:32Z,2026-07-02T20:05:32Z,2.2,https://data.lime.bike/api/partners/v2/gbfs/vancouver_bc/gbfs.json,https://data.lime.bike/api/partners/v2/gbfs/vancouver_bc/free_bike_status,2026-07-02T20:05:31Z,2026-07-02T20:05:31Z
lime_vancouver,lime_vancouver_0b31f8d9-40d8-40ba-b765-90c7948feaaf,0b31f8d9-40d8-40ba-b765-90c7948feaaf,49.276236,-123.115683,2,FALSE,FALSE,27085,NA,1783022684,2026-07-02T20:05:32Z,2026-07-02T20:05:32Z,2026-07-02T20:05:32Z,2.2,https://data.lime.bike/api/partners/v2/gbfs/vancouver_bc/gbfs.json,https://data.lime.bike/api/partners/v2/gbfs/vancouver_bc/free_bike_status,2026-07-02T20:05:31Z,2026-07-02T20:05:31Z
lime_vancouver,lime_vancouver_95925b02-3cd3-4c42-b795-d817da5c8dfc,95925b02-3cd3-4c42-b795-d817da5c8dfc,49.24241,-123.049115,2,FALSE,FALSE,12730,NA,1783022684,2026-07-02T20:05:32Z,2026-07-02T20:05:32Z,2026-07-02T20:05:32Z,2.2,https://data.lime.bike/api/partners/v2/gbfs/vancouver_bc/gbfs.json,https://data.lime.bike/api/partners/v2/gbfs/vancouver_bc/free_bike_status,2026-07-02T20:05:31Z,2026-07-02T20:05:31Z
lime_vancouver,lime_vancouver_80a5f101-2ae5-4932-8285-e5d441c0af21,80a5f101-2ae5-4932-8285-e5d441c0af21,49.275356,-123.128843,2,FALSE,FALSE,8562,NA,1783022684,2026-07-02T20:05:32Z,2026-07-02T20:05:32Z,2026-07-02T20:05:32Z,2.2,https://data.lime.bike/api/partners/v2/gbfs/vancouver_bc/gbfs.json,https://data.lime.bike/api/partners/v2/gbfs/vancouver_bc/free_bike_status,2026-07-02T20:05:31Z,2026-07-02T20:05:31Z
lime_vancouver,lime_vancouver_42d36fe6-489b-4591-9ea6-8db2caf9478a,42d36fe6-489b-4591-9ea6-8db2caf9478a,49.277414,-123.087065,2,FALSE,FALSE,16480,NA,1783022684,2026-07-02T20:05:32Z,2026-07-02T20:05:32Z,2026-07-02T20:05:32Z,2.2,https://data.lime.bike/api/partners/v2/gbfs/vancouver_bc/gbfs.json,https://data.lime.bike/api/partners/v2/gbfs/vancouver_bc/free_bike_status,2026-07-02T20:05:31Z,2026-07-02T20:05:31Z
lime_vancouver,lime_vancouver_848356a8-583d-490c-927f-a4969a37a5e9,848356a8-583d-490c-927f-a4969a37a5e9,49.280319,-123.079309,2,FALSE,FALSE,28083,NA,1783022684,2026-07-02T20:05:32Z,2026-07-02T20:05:32Z,2026-07-02T20:05:32Z,2.2,https://data.lime.bike/api/partners/v2/gbfs/vancouver_bc/gbfs.json,https://data.lime.bike/api/partners/v2/gbfs/vancouver_bc/free_bike_status,2026-07-02T20:05:31Z,2026-07-02T20:05:31Z
lime_vancouver,lime_vancouver_0ab67e54-d4e7-44f7-986b-e5291f291a52,0ab67e54-d4e7-44f7-986b-e5291f291a52,49.258708,-123.057052,2,FALSE,FALSE,14130,NA,1783022684,2026-07-02T20:05:32Z,2026-07-02T20:05:32Z,2026-07-02T20:05:32Z,2.2,https://data.lime.bike/api/partners/v2/gbfs/vancouver_bc/gbfs.json,https://data.lime.bike/api/partners/v2/gbfs/vancouver_bc/free_bike_status,2026-07-02T20:05:31Z,2026-07-02T20:05:31Z
lime_vancouver,lime_vancouver_8f317a47-8441-42d9-b322-80c7bf401e6e,8f317a47-8441-42d9-b322-80c7bf401e6e,49.283556,-123.112712,2,FALSE,FALSE,12263,NA,1783022684,2026-07-02T20:05:32Z,2026-07-02T20:05:32Z,2026-07-02T20:05:32Z,2.2,https://data.lime.bike/api/partners/v2/gbfs/vancouver_bc/gbfs.json,https://data.lime.bike/api/partners/v2/gbfs/vancouver_bc/free_bike_status,2026-07-02T20:05:31Z,2026-07-02T20:05:31Z
lime_vancouver,lime_vancouver_f2d939cb-c8c7-4011-8fe6-2a8b29573833,f2d939cb-c8c7-4011-8fe6-2a8b29573833,49.280233,-123.079217,2,FALSE,FALSE,16480,NA,1783022684,2026-07-02T20:05:32Z,2026-07-02T20:05:32Z,2026-07-02T20:05:32Z,2.2,https://data.lime.bike/api/partners/v2/gbfs/vancouver_bc/gbfs.json,https://data.lime.bike/api/partners/v2/gbfs/vancouver_bc/free_bike_status,2026-07-02T20:05:31Z,2026-07-02T20:05:31Z
lime_vancouver,lime_vancouver_d504a32c-aa07-449d-8339-8de8879c2534,d504a32c-aa07-449d-8339-8de8879c2534,49.244871,-123.045968,2,FALSE,FALSE,30079,NA,1783022684,2026-07-02T20:05:32Z,2026-07-02T20:05:32Z,2026-07-02T20:05:32Z,2.2,https://data.lime.bike/api/partners/v2/gbfs/vancouver_bc/gbfs.json,https://data.lime.bike/api/partners/v2/gbfs/vancouver_bc/free_bike_status,2026-07-02T20:05:31Z,2026-07-02T20:05:31Z
lime_vancouver,lime_vancouver_d04753fa-acb4-487b-9af9-7b9127d7b486,d04753fa-acb4-487b-9af9-7b9127d7b486,49.280966,-123.089431,2,FALSE,FALSE,37691,NA,1783022684,2026-07-02T20:05:32Z,2026-07-02T20:05:32Z,2026-07-02T20:05:32Z,2.2,https://data.lime.bike/api/partners/v2/gbfs/vancouver_bc/gbfs.json,https://data.lime.bike/api/partners/v2/gbfs/vancouver_bc/free_bike_status,2026-07-02T20:05:31Z,2026-07-02T20:05:31Z
lime_vancouver,lime_vancouver_56bae1df-bef4-4fc0-9f85-9162365dd27b,56bae1df-bef4-4fc0-9f85-9162365dd27b,49.266669,-123.112379,2,FALSE,FALSE,36661,NA,1783022684,2026-07-02T20:05:32Z,2026-07-02T20:05:32Z,2026-07-02T20:05:32Z,2.2,https://data.lime.bike/api/partners/v2/gbfs/vancouver_bc/gbfs.json,https://data.lime.bike/api/partners/v2/gbfs/vancouver_bc/free_bike_status,2026-07-02T20:05:31Z,2026-07-02T20:05:31Z
lime_vancouver,lime_vancouver_1ad7724e-bc95-4099-899a-a7030a0b153e,1ad7724e-bc95-4099-899a-a7030a0b153e,49.275932,-123.145615,2,FALSE,FALSE,14597,NA,1783022684,2026-07-02T20:05:32Z,2026-07-02T20:05:32Z,2026-07-02T20:05:32Z,2.2,https://data.lime.bike/api/partners/v2/gbfs/vancouver_bc/gbfs.json,https://data.lime.bike/api/partners/v2/gbfs/vancouver_bc/free_bike_status,2026-07-02T20:05:31Z,2026-07-02T20:05:31Z
lime_vancouver,lime_vancouver_22a1d0f4-f324-4905-aafe-a0717bac3528,22a1d0f4-f324-4905-aafe-a0717bac3528,49.28371,-123.1106,2,FALSE,FALSE,19811,NA,1783022684,2026-07-02T20:05:32Z,2026-07-02T20:05:32Z,2026-07-02T20:05:32Z,2.2,https://data.lime.bike/api/partners/v2/gbfs/vancouver_bc/gbfs.json,https://data.lime.bike/api/partners/v2/gbfs/vancouver_bc/free_bike_status,2026-07-02T20:05:31Z,2026-07-02T20:05:31Z
lime_vancouver,lime_vancouver_697894ee-308b-4ae2-90ea-41024f6e9cb6,697894ee-308b-4ae2-90ea-41024f6e9cb6,49.286056,-123.122282,2,FALSE,FALSE,42841,NA,1783022684,2026-07-02T20:05:32Z,2026-07-02T20:05:32Z,2026-07-02T20:05:32Z,2.2,https://data.lime.bike/api/partners/v2/gbfs/vancouver_bc/gbfs.json,https://data.lime.bike/api/partners/v2/gbfs/vancouver_bc/free_bike_status,2026-07-02T20:05:31Z,2026-07-02T20:05:31Z
lime_vancouver,lime_vancouver_2672b203-22fa-4c4b-8478-9df1af287f01,2672b203-22fa-4c4b-8478-9df1af287f01,49.281927,-123.120543,2,FALSE,FALSE,8562,NA,1783022684,2026-07-02T20:05:32Z,2026-07-02T20:05:32Z,2026-07-02T20:05:32Z,2.2,https://data.lime.bike/api/partners/v2/gbfs/vancouver_bc/gbfs.json,https://data.lime.bike/api/partners/v2/gbfs/vancouver_bc/free_bike_status,2026-07-02T20:05:31Z,2026-07-02T20:05:31Z
lime_vancouver,lime_vancouver_1cfc136a-5a7d-4b2a-8fb4-65b3f0c7bf92,1cfc136a-5a7d-4b2a-8fb4-65b3f0c7bf92,49.259857,-123.083327,2,FALSE,FALSE,4957,NA,1783022684,2026-07-02T20:05:32Z,2026-07-02T20:05:32Z,2026-07-02T20:05:32Z,2.2,https://data.lime.bike/api/partners/v2/gbfs/vancouver_bc/gbfs.json,https://data.lime.bike/api/partners/v2/gbfs/vancouver_bc/free_bike_status,2026-07-02T20:05:31Z,2026-07-02T20:05:31Z
lime_vancouver,lime_vancouver_e1ca2640-f83f-4d71-b5fd-9751f3a713fa,e1ca2640-f83f-4d71-b5fd-9751f3a713fa,49.26778,-123.069302,2,FALSE,FALSE,39252,NA,1783022684,2026-07-02T20:05:32Z,2026-07-02T20:05:32Z,2026-07-02T20:05:32Z,2.2,https://data.lime.bike/api/partners/v2/gbfs/vancouver_bc/gbfs.json,https://data.lime.bike/api/partners/v2/gbfs/vancouver_bc/free_bike_status,2026-07-02T20:05:31Z,2026-07-02T20:05:31Z
lime_vancouver,lime_vancouver_9d915fce-1e92-4437-9520-3aa15920eea1,9d915fce-1e92-4437-9520-3aa15920eea1,49.262734,-123.146153,2,FALSE,FALSE,29081,NA,1783022684,2026-07-02T20:05:32Z,2026-07-02T20:05:32Z,2026-07-02T20:05:32Z,2.2,https://data.lime.bike/api/partners/v2/gbfs/vancouver_bc/gbfs.json,https://data.lime.bike/api/partners/v2/gbfs/vancouver_bc/free_bike_status,2026-07-02T20:05:31Z,2026-07-02T20:05:31Z
lime_vancouver,lime_vancouver_8ea464ef-f5df-4673-b263-c37737a1901d,8ea464ef-f5df-4673-b263-c37737a1901d,49.239976,-123.07412,2,FALSE,FALSE,15063,NA,1783022684,2026-07-02T20:05:32Z,2026-07-02T20:05:32Z,2026-07-02T20:05:32Z,2.2,https://data.lime.bike/api/partners/v2/gbfs/vancouver_bc/gbfs.json,https://data.lime.bike/api/partners/v2/gbfs/vancouver_bc/free_bike_status,2026-07-02T20:05:31Z,2026-07-02T20:05:31Z
lime_vancouver,lime_vancouver_4108ffc3-93b1-4714-b7ba-087352d3dc16,4108ffc3-93b1-4714-b7ba-087352d3dc16,49.265489,-123.143482,2,FALSE,FALSE,10412,NA,1783022684,2026-07-02T20:05:32Z,2026-07-02T20:05:32Z,2026-07-02T20:05:32Z,2.2,https://data.lime.bike/api/partners/v2/gbfs/vancouver_bc/gbfs.json,https://data.lime.bike/api/partners/v2/gbfs/vancouver_bc/free_bike_status,2026-07-02T20:05:31Z,2026-07-02T20:05:31Z
lime_vancouver,lime_vancouver_3491f4ea-dd67-4b8b-b83a-4b3a53ce5b41,3491f4ea-dd67-4b8b-b83a-4b3a53ce5b41,49.28635,-123.139975,2,FALSE,FALSE,4957,NA,1783022684,2026-07-02T20:05:32Z,2026-07-02T20:05:32Z,2026-07-02T20:05:32Z,2.2,https://data.lime.bike/api/partners/v2/gbfs/vancouver_bc/gbfs.json,https://data.lime.bike/api/partners/v2/gbfs/vancouver_bc/free_bike_status,2026-07-02T20:05:31Z,2026-07-02T20:05:31Z
lime_vancouver,lime_vancouver_cea1c412-f67e-40a4-91bc-ef72a52e68c6,cea1c412-f67e-40a4-91bc-ef72a52e68c6,49.271536,-123.146097,2,FALSE,FALSE,8562,NA,1783022684,2026-07-02T20:05:32Z,2026-07-02T20:05:32Z,2026-07-02T20:05:32Z,2.2,https://data.lime.bike/api/partners/v2/gbfs/vancouver_bc/gbfs.json,https://data.lime.bike/api/partners/v2/gbfs/vancouver_bc/free_bike_status,2026-07-02T20:05:31Z,2026-07-02T20:05:31Z
lime_vancouver,lime_vancouver_2dbea41f-bbe9-465e-84ba-515b78a148dd,2dbea41f-bbe9-465e-84ba-515b78a148dd,49.271076,-123.135513,2,FALSE,FALSE,18379,NA,1783022684,2026-07-02T20:05:32Z,2026-07-02T20:05:32Z,2026-07-02T20:05:32Z,2.2,https://data.lime.bike/api/partners/v2/gbfs/vancouver_bc/gbfs.json,https://data.lime.bike/api/partners/v2/gbfs/vancouver_bc/free_bike_status,2026-07-02T20:05:31Z,2026-07-02T20:05:31Z
lime_vancouver,lime_vancouver_590158d8-b639-4fa2-b437-c2a0095962eb,590158d8-b639-4fa2-b437-c2a0095962eb,49.266699,-123.115666,2,FALSE,FALSE,15063,NA,1783022684,2026-07-02T20:05:32Z,2026-07-02T20:05:32Z,2026-07-02T20:05:32Z,2.2,https://data.lime.bike/api/partners/v2/gbfs/vancouver_bc/gbfs.json,https://data.lime.bike/api/partners/v2/gbfs/vancouver_bc/free_bike_status,2026-07-02T20:05:31Z,2026-07-02T20:05:31Z
lime_vancouver,lime_vancouver_b34bd49e-eb0d-4713-8bcd-2c7d79c05f32,b34bd49e-eb0d-4713-8bcd-2c7d79c05f32,49.244885,-123.045998,2,FALSE,FALSE,41827,NA,1783022684,2026-07-02T20:05:32Z,2026-07-02T20:05:32Z,2026-07-02T20:05:32Z,2.2,https://data.lime.bike/api/partners/v2/gbfs/vancouver_bc/gbfs.json,https://data.lime.bike/api/partners/v2/gbfs/vancouver_bc/free_bike_status,2026-07-02T20:05:31Z,2026-07-02T20:05:31Z
lime_vancouver,lime_vancouver_b6d2f72f-5413-4de1-8415-a8950bb55f7b,b6d2f72f-5413-4de1-8415-a8950bb55f7b,49.269762,-123.13196,2,FALSE,FALSE,37691,NA,1783022684,2026-07-02T20:05:32Z,2026-07-02T20:05:32Z,2026-07-02T20:05:32Z,2.2,https://data.lime.bike/api/partners/v2/gbfs/vancouver_bc/gbfs.json,https://data.lime.bike/api/partners/v2/gbfs/vancouver_bc/free_bike_status,2026-07-02T20:05:31Z,2026-07-02T20:05:31Z
lime_vancouver,lime_vancouver_f3a9ea14-6ef0-406f-9407-535016f90c8b,f3a9ea14-6ef0-406f-9407-535016f90c8b,49.273163,-123.128478,2,FALSE,FALSE,20761,NA,1783022684,2026-07-02T20:05:32Z,2026-07-02T20:05:32Z,2026-07-02T20:05:32Z,2.2,https://data.lime.bike/api/partners/v2/gbfs/vancouver_bc/gbfs.json,https://data.lime.bike/api/partners/v2/gbfs/vancouver_bc/free_bike_status,2026-07-02T20:05:31Z,2026-07-02T20:05:31Z
lime_vancouver,lime_vancouver_1657f359-055c-4687-a54c-ef8a4ca171cc,1657f359-055c-4687-a54c-ef8a4ca171cc,49.283758,-123.097936,2,FALSE,FALSE,32090,NA,1783022684,2026-07-02T20:05:32Z,2026-07-02T20:05:32Z,2026-07-02T20:05:32Z,2.2,https://data.lime.bike/api/partners/v2/gbfs/vancouver_bc/gbfs.json,https://data.lime.bike/api/partners/v2/gbfs/vancouver_bc/free_bike_status,2026-07-02T20:05:31Z,2026-07-02T20:05:31Z
lime_vancouver,lime_vancouver_7a74f89e-dca5-402d-b3cc-cfca79734042,7a74f89e-dca5-402d-b3cc-cfca79734042,49.285676,-123.12087,2,FALSE,FALSE,39252,NA,1783022684,2026-07-02T20:05:32Z,2026-07-02T20:05:32Z,2026-07-02T20:05:32Z,2.2,https://data.lime.bike/api/partners/v2/gbfs/vancouver_bc/gbfs.json,https://data.lime.bike/api/partners/v2/gbfs/vancouver_bc/free_bike_status,2026-07-02T20:05:31Z,2026-07-02T20:05:31Z
lime_vancouver,lime_vancouver_507d964d-1478-4cf2-953f-dc27c12a5ad8,507d964d-1478-4cf2-953f-dc27c12a5ad8,49.277645,-123.073858,2,FALSE,FALSE,9946,NA,1783022684,2026-07-02T20:05:32Z,2026-07-02T20:05:32Z,2026-07-02T20:05:32Z,2.2,https://data.lime.bike/api/partners/v2/gbfs/vancouver_bc/gbfs.json,https://data.lime.bike/api/partners/v2/gbfs/vancouver_bc/free_bike_status,2026-07-02T20:05:31Z,2026-07-02T20:05:31Z
lime_vancouver,lime_vancouver_a0a3a18f-27aa-4885-9dfa-a6efb214554b,a0a3a18f-27aa-4885-9dfa-a6efb214554b,49.271382,-123.146383,2,FALSE,FALSE,17429,NA,1783022684,2026-07-02T20:05:32Z,2026-07-02T20:05:32Z,2026-07-02T20:05:32Z,2.2,https://data.lime.bike/api/partners/v2/gbfs/vancouver_bc/gbfs.json,https://data.lime.bike/api/partners/v2/gbfs/vancouver_bc/free_bike_status,2026-07-02T20:05:31Z,2026-07-02T20:05:31Z
lime_vancouver,lime_vancouver_cc46fc8e-8918-450f-8d2e-1491db8b59d1,cc46fc8e-8918-450f-8d2e-1491db8b59d1,49.26631,-123.104847,2,FALSE,FALSE,36661,NA,1783022684,2026-07-02T20:05:32Z,2026-07-02T20:05:32Z,2026-07-02T20:05:32Z,2.2,https://data.lime.bike/api/partners/v2/gbfs/vancouver_bc/gbfs.json,https://data.lime.bike/api/partners/v2/gbfs/vancouver_bc/free_bike_status,2026-07-02T20:05:31Z,2026-07-02T20:05:31Z
lime_vancouver,lime_vancouver_6337c3e7-b9b7-468b-850d-53a12a62e635,6337c3e7-b9b7-468b-850d-53a12a62e635,49.228456,-123.05874,2,FALSE,FALSE,12730,NA,1783022684,2026-07-02T20:05:32Z,2026-07-02T20:05:32Z,2026-07-02T20:05:32Z,2.2,https://data.lime.bike/api/partners/v2/gbfs/vancouver_bc/gbfs.json,https://data.lime.bike/api/partners/v2/gbfs/vancouver_bc/free_bike_status,2026-07-02T20:05:31Z,2026-07-02T20:05:31Z
lime_vancouver,lime_vancouver_9b667fe3-673c-4167-b721-40cc8f38e677,9b667fe3-673c-4167-b721-40cc8f38e677,49.267708,-123.16002,2,FALSE,FALSE,25605,NA,1783022684,2026-07-02T20:05:32Z,2026-07-02T20:05:32Z,2026-07-02T20:05:32Z,2.2,https://data.lime.bike/api/partners/v2/gbfs/vancouver_bc/gbfs.json,https://data.lime.bike/api/partners/v2/gbfs/vancouver_bc/free_bike_status,2026-07-02T20:05:31Z,2026-07-02T20:05:31Z
lime_vancouver,lime_vancouver_618d3337-4a48-4d10-9ac7-064371d2fe89,618d3337-4a48-4d10-9ac7-064371d2fe89,49.287868,-123.141857,2,FALSE,FALSE,40282,NA,1783022684,2026-07-02T20:05:32Z,2026-07-02T20:05:32Z,2026-07-02T20:05:32Z,2.2,https://data.lime.bike/api/partners/v2/gbfs/vancouver_bc/gbfs.json,https://data.lime.bike/api/partners/v2/gbfs/vancouver_bc/free_bike_status,2026-07-02T20:05:31Z,2026-07-02T20:05:31Z
lime_vancouver,lime_vancouver_e5d19f86-29ba-4ca7-8230-b7241ac5b81b,e5d19f86-29ba-4ca7-8230-b7241ac5b81b,49.277452,-123.087074,2,FALSE,FALSE,18379,NA,1783022684,2026-07-02T20:05:32Z,2026-07-02T20:05:32Z,2026-07-02T20:05:32Z,2.2,https://data.lime.bike/api/partners/v2/gbfs/vancouver_bc/gbfs.json,https://data.lime.bike/api/partners/v2/gbfs/vancouver_bc/free_bike_status,2026-07-02T20:05:31Z,2026-07-02T20:05:31Z
lime_vancouver,lime_vancouver_261f0732-810b-4c06-87ab-e0a733bd6236,261f0732-810b-4c06-87ab-e0a733bd6236,49.263673,-123.131372,2,FALSE,FALSE,23175,NA,1783022684,2026-07-02T20:05:32Z,2026-07-02T20:05:32Z,2026-07-02T20:05:32Z,2.2,https://data.lime.bike/api/partners/v2/gbfs/vancouver_bc/gbfs.json,https://data.lime.bike/api/partners/v2/gbfs/vancouver_bc/free_bike_status,2026-07-02T20:05:31Z,2026-07-02T20:05:31Z
lime_vancouver,lime_vancouver_e070befa-b345-4cb6-8aa8-42a17b7c61d2,e070befa-b345-4cb6-8aa8-42a17b7c61d2,49.265043,-123.117207,2,FALSE,FALSE,6743,NA,1783022684,2026-07-02T20:05:32Z,2026-07-02T20:05:32Z,2026-07-02T20:05:32Z,2.2,https://data.lime.bike/api/partners/v2/gbfs/vancouver_bc/gbfs.json,https://data.lime.bike/api/partners/v2/gbfs/vancouver_bc/free_bike_status,2026-07-02T20:05:31Z,2026-07-02T20:05:31Z
lime_vancouver,lime_vancouver_0395e172-f911-4aa3-be14-c764bdc5ea58,0395e172-f911-4aa3-be14-c764bdc5ea58,49.28513,-123.119514,2,FALSE,FALSE,5407,NA,1783022684,2026-07-02T20:05:32Z,2026-07-02T20:05:32Z,2026-07-02T20:05:32Z,2.2,https://data.lime.bike/api/partners/v2/gbfs/vancouver_bc/gbfs.json,https://data.lime.bike/api/partners/v2/gbfs/vancouver_bc/free_bike_status,2026-07-02T20:05:31Z,2026-07-02T20:05:31Z
lime_vancouver,lime_vancouver_a62bc7fd-b060-45f6-804c-ce0b1273555d,a62bc7fd-b060-45f6-804c-ce0b1273555d,49.263466,-123.098833,2,FALSE,FALSE,6743,NA,1783022684,2026-07-02T20:05:32Z,2026-07-02T20:05:32Z,2026-07-02T20:05:32Z,2.2,https://data.lime.bike/api/partners/v2/gbfs/vancouver_bc/gbfs.json,https://data.lime.bike/api/partners/v2/gbfs/vancouver_bc/free_bike_status,2026-07-02T20:05:31Z,2026-07-02T20:05:31Z
lime_vancouver,lime_vancouver_16e97e71-c4b9-46c6-af2b-60db09b84605,16e97e71-c4b9-46c6-af2b-60db09b84605,49.264187,-123.075357,2,FALSE,FALSE,39767,NA,1783022684,2026-07-02T20:05:32Z,2026-07-02T20:05:32Z,2026-07-02T20:05:32Z,2.2,https://data.lime.bike/api/partners/v2/gbfs/vancouver_bc/gbfs.json,https://data.lime.bike/api/partners/v2/gbfs/vancouver_bc/free_bike_status,2026-07-02T20:05:31Z,2026-07-02T20:05:31Z
lime_vancouver,lime_vancouver_949d8694-bb07-4554-9060-a08af13cad0a,949d8694-bb07-4554-9060-a08af13cad0a,49.291103,-123.1276,2,FALSE,FALSE,14130,NA,1783022684,2026-07-02T20:05:32Z,2026-07-02T20:05:32Z,2026-07-02T20:05:32Z,2.2,https://data.lime.bike/api/partners/v2/gbfs/vancouver_bc/gbfs.json,https://data.lime.bike/api/partners/v2/gbfs/vancouver_bc/free_bike_status,2026-07-02T20:05:31Z,2026-07-02T20:05:31Z
lime_vancouver,lime_vancouver_42873c93-30ce-47ca-b62a-acf9808f4973,42873c93-30ce-47ca-b62a-acf9808f4973,49.229307,-123.030213,2,FALSE,FALSE,28582,NA,1783022684,2026-07-02T20:05:32Z,2026-07-02T20:05:32Z,2026-07-02T20:05:32Z,2.2,https://data.lime.bike/api/partners/v2/gbfs/vancouver_bc/gbfs.json,https://data.lime.bike/api/partners/v2/gbfs/vancouver_bc/free_bike_status,2026-07-02T20:05:31Z,2026-07-02T20:05:31Z
lime_vancouver,lime_vancouver_16f6a500-3743-44e0-bef0-adf5f7b4acea,16f6a500-3743-44e0-bef0-adf5f7b4acea,49.279572,-123.106217,2,FALSE,FALSE,34102,NA,1783022684,2026-07-02T20:05:32Z,2026-07-02T20:05:32Z,2026-07-02T20:05:32Z,2.2,https://data.lime.bike/api/partners/v2/gbfs/vancouver_bc/gbfs.json,https://data.lime.bike/api/partners/v2/gbfs/vancouver_bc/free_bike_status,2026-07-02T20:05:31Z,2026-07-02T20:05:31Z
lime_vancouver,lime_vancouver_9d37e3dc-a7e4-4f88-9691-66b0d873c241,9d37e3dc-a7e4-4f88-9691-66b0d873c241,49.266408,-123.148399,2,FALSE,FALSE,40282,NA,1783022684,2026-07-02T20:05:32Z,2026-07-02T20:05:32Z,2026-07-02T20:05:32Z,2.2,https://data.lime.bike/api/partners/v2/gbfs/vancouver_bc/gbfs.json,https://data.lime.bike/api/partners/v2/gbfs/vancouver_bc/free_bike_status,2026-07-02T20:05:31Z,2026-07-02T20:05:31Z
lime_vancouver,lime_vancouver_be7961e6-fad0-401f-9a06-40a7cefe263f,be7961e6-fad0-401f-9a06-40a7cefe263f,49.239941,-123.074117,2,FALSE,FALSE,5407,NA,1783022684,2026-07-02T20:05:32Z,2026-07-02T20:05:32Z,2026-07-02T20:05:32Z,2.2,https://data.lime.bike/api/partners/v2/gbfs/vancouver_bc/gbfs.json,https://data.lime.bike/api/partners/v2/gbfs/vancouver_bc/free_bike_status,2026-07-02T20:05:31Z,2026-07-02T20:05:31Z
lime_vancouver,lime_vancouver_1f7d7eb7-fb57-4c94-8aab-200ae5ee64e7,1f7d7eb7-fb57-4c94-8aab-200ae5ee64e7,49.273108,-123.069304,2,FALSE,FALSE,10412,NA,1783022684,2026-07-02T20:05:32Z,2026-07-02T20:05:32Z,2026-07-02T20:05:32Z,2.2,https://data.lime.bike/api/partners/v2/gbfs/vancouver_bc/gbfs.json,https://data.lime.bike/api/partners/v2/gbfs/vancouver_bc/free_bike_status,2026-07-02T20:05:31Z,2026-07-02T20:05:31Z
lime_vancouver,lime_vancouver_38afb4a2-0f3f-4d39-87f3-40ab6785d1b6,38afb4a2-0f3f-4d39-87f3-40ab6785d1b6,49.283975,-123.089649,2,FALSE,FALSE,33603,NA,1783022684,2026-07-02T20:05:32Z,2026-07-02T20:05:32Z,2026-07-02T20:05:32Z,2.2,https://data.lime.bike/api/partners/v2/gbfs/vancouver_bc/gbfs.json,https://data.lime.bike/api/partners/v2/gbfs/vancouver_bc/free_bike_status,2026-07-02T20:05:31Z,2026-07-02T20:05:31Z
lime_vancouver,lime_vancouver_957258a8-840e-4650-98ff-63fffc754648,957258a8-840e-4650-98ff-63fffc754648,49.266612,-123.112416,2,FALSE,FALSE,37691,NA,1783022684,2026-07-02T20:05:32Z,2026-07-02T20:05:32Z,2026-07-02T20:05:32Z,2.2,https://data.lime.bike/api/partners/v2/gbfs/vancouver_bc/gbfs.json,https://data.lime.bike/api/partners/v2/gbfs/vancouver_bc/free_bike_status,2026-07-02T20:05:31Z,2026-07-02T20:05:31Z
lime_vancouver,lime_vancouver_ffa3aaf6-b193-485f-9605-9885b8cca299,ffa3aaf6-b193-485f-9605-9885b8cca299,49.280277,-123.03661,2,FALSE,FALSE,38737,NA,1783022684,2026-07-02T20:05:32Z,2026-07-02T20:05:32Z,2026-07-02T20:05:32Z,2.2,https://data.lime.bike/api/partners/v2/gbfs/vancouver_bc/gbfs.json,https://data.lime.bike/api/partners/v2/gbfs/vancouver_bc/free_bike_status,2026-07-02T20:05:31Z,2026-07-02T20:05:31Z
lime_vancouver,lime_vancouver_17dfaf33-b320-4a52-b4f0-6877fe4a5059,17dfaf33-b320-4a52-b4f0-6877fe4a5059,49.261532,-123.079644,2,FALSE,FALSE,12263,NA,1783022684,2026-07-02T20:05:32Z,2026-07-02T20:05:32Z,2026-07-02T20:05:32Z,2.2,https://data.lime.bike/api/partners/v2/gbfs/vancouver_bc/gbfs.json,https://data.lime.bike/api/partners/v2/gbfs/vancouver_bc/free_bike_status,2026-07-02T20:05:31Z,2026-07-02T20:05:31Z
lime_vancouver,lime_vancouver_ae20a346-e649-49dd-896e-7f5ecb0b3fe8,ae20a346-e649-49dd-896e-7f5ecb0b3fe8,49.266403,-123.148371,2,FALSE,FALSE,9028,NA,1783022684,2026-07-02T20:05:32Z,2026-07-02T20:05:32Z,2026-07-02T20:05:32Z,2.2,https://data.lime.bike/api/partners/v2/gbfs/vancouver_bc/gbfs.json,https://data.lime.bike/api/partners/v2/gbfs/vancouver_bc/free_bike_status,2026-07-02T20:05:31Z,2026-07-02T20:05:31Z
lime_vancouver,lime_vancouver_a9708e0f-d5d6-4143-9bfa-cebade97a633,a9708e0f-d5d6-4143-9bfa-cebade97a633,49.280896,-123.084836,2,FALSE,FALSE,7660,NA,1783022684,2026-07-02T20:05:32Z,2026-07-02T20:05:32Z,2026-07-02T20:05:32Z,2.2,https://data.lime.bike/api/partners/v2/gbfs/vancouver_bc/gbfs.json,https://data.lime.bike/api/partners/v2/gbfs/vancouver_bc/free_bike_status,2026-07-02T20:05:31Z,2026-07-02T20:05:31Z
lime_vancouver,lime_vancouver_0442694b-7c3f-4fad-aa4b-29594e62c06e,0442694b-7c3f-4fad-aa4b-29594e62c06e,49.230409,-123.065303,2,FALSE,FALSE,33088,NA,1783022684,2026-07-02T20:05:32Z,2026-07-02T20:05:32Z,2026-07-02T20:05:32Z,2.2,https://data.lime.bike/api/partners/v2/gbfs/vancouver_bc/gbfs.json,https://data.lime.bike/api/partners/v2/gbfs/vancouver_bc/free_bike_status,2026-07-02T20:05:31Z,2026-07-02T20:05:31Z
lime_vancouver,lime_vancouver_4fd00616-b5dd-43cf-b7f8-299be7c35140,4fd00616-b5dd-43cf-b7f8-299be7c35140,49.281501,-123.133881,2,FALSE,FALSE,32090,NA,1783022684,2026-07-02T20:05:32Z,2026-07-02T20:05:32Z,2026-07-02T20:05:32Z,2.2,https://data.lime.bike/api/partners/v2/gbfs/vancouver_bc/gbfs.json,https://data.lime.bike/api/partners/v2/gbfs/vancouver_bc/free_bike_status,2026-07-02T20:05:31Z,2026-07-02T20:05:31Z
lime_vancouver,lime_vancouver_b4dbc144-2825-4239-8e2e-2b72cd88465e,b4dbc144-2825-4239-8e2e-2b72cd88465e,49.277415,-123.043602,2,FALSE,FALSE,16946,NA,1783022684,2026-07-02T20:05:32Z,2026-07-02T20:05:32Z,2026-07-02T20:05:32Z,2.2,https://data.lime.bike/api/partners/v2/gbfs/vancouver_bc/gbfs.json,https://data.lime.bike/api/partners/v2/gbfs/vancouver_bc/free_bike_status,2026-07-02T20:05:31Z,2026-07-02T20:05:31Z
lime_vancouver,lime_vancouver_5f843025-e9d9-4b02-9f9d-06e144b37d4a,5f843025-e9d9-4b02-9f9d-06e144b37d4a,49.271017,-123.15508,2,FALSE,FALSE,14130,NA,1783022684,2026-07-02T20:05:32Z,2026-07-02T20:05:32Z,2026-07-02T20:05:32Z,2.2,https://data.lime.bike/api/partners/v2/gbfs/vancouver_bc/gbfs.json,https://data.lime.bike/api/partners/v2/gbfs/vancouver_bc/free_bike_status,2026-07-02T20:05:31Z,2026-07-02T20:05:31Z
lime_vancouver,lime_vancouver_6f19ed47-59d1-4edb-a87d-2596f083f686,6f19ed47-59d1-4edb-a87d-2596f083f686,49.283035,-123.054761,2,FALSE,FALSE,5842,NA,1783022684,2026-07-02T20:05:32Z,2026-07-02T20:05:32Z,2026-07-02T20:05:32Z,2.2,https://data.lime.bike/api/partners/v2/gbfs/vancouver_bc/gbfs.json,https://data.lime.bike/api/partners/v2/gbfs/vancouver_bc/free_bike_status,2026-07-02T20:05:31Z,2026-07-02T20:05:31Z
lime_vancouver,lime_vancouver_4d4e2d59-a011-47c1-ba91-35d2f8f7ae78,4d4e2d59-a011-47c1-ba91-35d2f8f7ae78,49.286932,-123.125659,2,FALSE,FALSE,23175,NA,1783022684,2026-07-02T20:05:32Z,2026-07-02T20:05:32Z,2026-07-02T20:05:32Z,2.2,https://data.lime.bike/api/partners/v2/gbfs/vancouver_bc/gbfs.json,https://data.lime.bike/api/partners/v2/gbfs/vancouver_bc/free_bike_status,2026-07-02T20:05:31Z,2026-07-02T20:05:31Z
lime_vancouver,lime_vancouver_daa592fd-bcc2-4907-9f24-d3f006c4d147,daa592fd-bcc2-4907-9f24-d3f006c4d147,49.264952,-123.079461,2,FALSE,FALSE,25605,NA,1783022684,2026-07-02T20:05:32Z,2026-07-02T20:05:32Z,2026-07-02T20:05:32Z,2.2,https://data.lime.bike/api/partners/v2/gbfs/vancouver_bc/gbfs.json,https://data.lime.bike/api/partners/v2/gbfs/vancouver_bc/free_bike_status,2026-07-02T20:05:31Z,2026-07-02T20:05:31Z
lime_vancouver,lime_vancouver_0d79fe3e-e9b0-46aa-b5c0-e12ab0c6126c,0d79fe3e-e9b0-46aa-b5c0-e12ab0c6126c,49.228455,-123.058794,2,FALSE,FALSE,24140,NA,1783022684,2026-07-02T20:05:32Z,2026-07-02T20:05:32Z,2026-07-02T20:05:32Z,2.2,https://data.lime.bike/api/partners/v2/gbfs/vancouver_bc/gbfs.json,https://data.lime.bike/api/partners/v2/gbfs/vancouver_bc/free_bike_status,2026-07-02T20:05:31Z,2026-07-02T20:05:31Z
lime_vancouver,lime_vancouver_bbba5d4e-a4e6-4b9f-bccd-5d29b1f1667f,bbba5d4e-a4e6-4b9f-bccd-5d29b1f1667f,49.290927,-123.12769,2,FALSE,FALSE,29580,NA,1783022684,2026-07-02T20:05:32Z,2026-07-02T20:05:32Z,2026-07-02T20:05:32Z,2.2,https://data.lime.bike/api/partners/v2/gbfs/vancouver_bc/gbfs.json,https://data.lime.bike/api/partners/v2/gbfs/vancouver_bc/free_bike_status,2026-07-02T20:05:31Z,2026-07-02T20:05:31Z
lime_vancouver,lime_vancouver_14172e2d-d7d8-4640-b074-4b2df02f9de4,14172e2d-d7d8-4640-b074-4b2df02f9de4,49.261549,-123.087283,2,FALSE,FALSE,31575,NA,1783022684,2026-07-02T20:05:32Z,2026-07-02T20:05:32Z,2026-07-02T20:05:32Z,2.2,https://data.lime.bike/api/partners/v2/gbfs/vancouver_bc/gbfs.json,https://data.lime.bike/api/partners/v2/gbfs/vancouver_bc/free_bike_status,2026-07-02T20:05:31Z,2026-07-02T20:05:31Z
lime_vancouver,lime_vancouver_29047c36-53b5-48f8-89f0-8beaed532014,29047c36-53b5-48f8-89f0-8beaed532014,49.271813,-123.152589,2,FALSE,FALSE,7194,NA,1783022684,2026-07-02T20:05:32Z,2026-07-02T20:05:32Z,2026-07-02T20:05:32Z,2.2,https://data.lime.bike/api/partners/v2/gbfs/vancouver_bc/gbfs.json,https://data.lime.bike/api/partners/v2/gbfs/vancouver_bc/free_bike_status,2026-07-02T20:05:31Z,2026-07-02T20:05:31Z
lime_vancouver,lime_vancouver_926a164e-1f6d-4397-8d20-1c58b921659e,926a164e-1f6d-4397-8d20-1c58b921659e,49.271008,-123.135378,2,FALSE,FALSE,10863,NA,1783022684,2026-07-02T20:05:32Z,2026-07-02T20:05:32Z,2026-07-02T20:05:32Z,2.2,https://data.lime.bike/api/partners/v2/gbfs/vancouver_bc/gbfs.json,https://data.lime.bike/api/partners/v2/gbfs/vancouver_bc/free_bike_status,2026-07-02T20:05:31Z,2026-07-02T20:05:31Z
lime_vancouver,lime_vancouver_75dd8e99-b6ba-4704-8cfc-28c545f1cbbb,75dd8e99-b6ba-4704-8cfc-28c545f1cbbb,49.242367,-123.049099,2,FALSE,FALSE,39252,NA,1783022684,2026-07-02T20:05:32Z,2026-07-02T20:05:32Z,2026-07-02T20:05:32Z,2.2,https://data.lime.bike/api/partners/v2/gbfs/vancouver_bc/gbfs.json,https://data.lime.bike/api/partners/v2/gbfs/vancouver_bc/free_bike_status,2026-07-02T20:05:31Z,2026-07-02T20:05:31Z
lime_vancouver,lime_vancouver_1642ba7c-0c23-497e-88f5-c6c7e6c527b8,1642ba7c-0c23-497e-88f5-c6c7e6c527b8,49.244889,-123.045991,2,FALSE,FALSE,5842,NA,1783022684,2026-07-02T20:05:32Z,2026-07-02T20:05:32Z,2026-07-02T20:05:32Z,2.2,https://data.lime.bike/api/partners/v2/gbfs/vancouver_bc/gbfs.json,https://data.lime.bike/api/partners/v2/gbfs/vancouver_bc/free_bike_status,2026-07-02T20:05:31Z,2026-07-02T20:05:31Z
lime_vancouver,lime_vancouver_a5e3dd90-2997-4f24-84b5-5f1db86b309e,a5e3dd90-2997-4f24-84b5-5f1db86b309e,49.24765,-123.073471,2,FALSE,FALSE,35631,NA,1783022684,2026-07-02T20:05:32Z,2026-07-02T20:05:32Z,2026-07-02T20:05:32Z,2.2,https://data.lime.bike/api/partners/v2/gbfs/vancouver_bc/gbfs.json,https://data.lime.bike/api/partners/v2/gbfs/vancouver_bc/free_bike_status,2026-07-02T20:05:31Z,2026-07-02T20:05:31Z
lime_vancouver,lime_vancouver_96b0e077-5848-4f83-ab00-b9567306df0b,96b0e077-5848-4f83-ab00-b9567306df0b,49.281745,-123.074185,2,FALSE,FALSE,7194,NA,1783022684,2026-07-02T20:05:32Z,2026-07-02T20:05:32Z,2026-07-02T20:05:32Z,2.2,https://data.lime.bike/api/partners/v2/gbfs/vancouver_bc/gbfs.json,https://data.lime.bike/api/partners/v2/gbfs/vancouver_bc/free_bike_status,2026-07-02T20:05:31Z,2026-07-02T20:05:31Z
lime_vancouver,lime_vancouver_690431fe-9155-463e-abee-84e8cc603ef9,690431fe-9155-463e-abee-84e8cc603ef9,49.26085,-123.062391,2,FALSE,FALSE,7194,NA,1783022684,2026-07-02T20:05:32Z,2026-07-02T20:05:32Z,2026-07-02T20:05:32Z,2.2,https://data.lime.bike/api/partners/v2/gbfs/vancouver_bc/gbfs.json,https://data.lime.bike/api/partners/v2/gbfs/vancouver_bc/free_bike_status,2026-07-02T20:05:31Z,2026-07-02T20:05:31Z
lime_vancouver,lime_vancouver_86baf5c0-5b69-438e-8595-4c60ce093194,86baf5c0-5b69-438e-8595-4c60ce093194,49.264119,-123.105029,2,FALSE,FALSE,3203,NA,1783022684,2026-07-02T20:05:32Z,2026-07-02T20:05:32Z,2026-07-02T20:05:32Z,2.2,https://data.lime.bike/api/partners/v2/gbfs/vancouver_bc/gbfs.json,https://data.lime.bike/api/partners/v2/gbfs/vancouver_bc/free_bike_status,2026-07-02T20:05:31Z,2026-07-02T20:05:31Z
lime_vancouver,lime_vancouver_273a4c42-f4a1-4eac-aead-35f8f13526d0,273a4c42-f4a1-4eac-aead-35f8f13526d0,49.277608,-123.095657,2,FALSE,FALSE,10863,NA,1783022684,2026-07-02T20:05:32Z,2026-07-02T20:05:32Z,2026-07-02T20:05:32Z,2.2,https://data.lime.bike/api/partners/v2/gbfs/vancouver_bc/gbfs.json,https://data.lime.bike/api/partners/v2/gbfs/vancouver_bc/free_bike_status,2026-07-02T20:05:31Z,2026-07-02T20:05:31Z
lime_vancouver,lime_vancouver_e14a32ad-67f7-4bce-ac1c-0b663280e5d0,e14a32ad-67f7-4bce-ac1c-0b663280e5d0,49.240029,-123.074135,2,FALSE,FALSE,32090,NA,1783022684,2026-07-02T20:05:32Z,2026-07-02T20:05:32Z,2026-07-02T20:05:32Z,2.2,https://data.lime.bike/api/partners/v2/gbfs/vancouver_bc/gbfs.json,https://data.lime.bike/api/partners/v2/gbfs/vancouver_bc/free_bike_status,2026-07-02T20:05:31Z,2026-07-02T20:05:31Z
lime_vancouver,lime_vancouver_f5a36876-48dd-4082-913d-834434debd9e,f5a36876-48dd-4082-913d-834434debd9e,49.266609,-123.112449,2,FALSE,FALSE,39252,NA,1783022684,2026-07-02T20:05:32Z,2026-07-02T20:05:32Z,2026-07-02T20:05:32Z,2.2,https://data.lime.bike/api/partners/v2/gbfs/vancouver_bc/gbfs.json,https://data.lime.bike/api/partners/v2/gbfs/vancouver_bc/free_bike_status,2026-07-02T20:05:31Z,2026-07-02T20:05:31Z
lime_vancouver,lime_vancouver_8f46a652-8f4b-4cfc-ad9e-a34fa3eaf350,8f46a652-8f4b-4cfc-ad9e-a34fa3eaf350,49.284648,-123.030955,2,FALSE,FALSE,6293,NA,1783022684,2026-07-02T20:05:32Z,2026-07-02T20:05:32Z,2026-07-02T20:05:32Z,2.2,https://data.lime.bike/api/partners/v2/gbfs/vancouver_bc/gbfs.json,https://data.lime.bike/api/partners/v2/gbfs/vancouver_bc/free_bike_status,2026-07-02T20:05:31Z,2026-07-02T20:05:31Z
lime_vancouver,lime_vancouver_e4c69c5e-9a9e-46f7-ad72-565b4c26ffa0,e4c69c5e-9a9e-46f7-ad72-565b4c26ffa0,49.283396,-123.115333,2,FALSE,FALSE,42841,NA,1783022684,2026-07-02T20:05:32Z,2026-07-02T20:05:32Z,2026-07-02T20:05:32Z,2.2,https://data.lime.bike/api/partners/v2/gbfs/vancouver_bc/gbfs.json,https://data.lime.bike/api/partners/v2/gbfs/vancouver_bc/free_bike_status,2026-07-02T20:05:31Z,2026-07-02T20:05:31Z
lime_vancouver,lime_vancouver_f69adf91-935a-452f-935b-de7597a9b5d6,f69adf91-935a-452f-935b-de7597a9b5d6,49.266075,-123.098831,2,FALSE,FALSE,28582,NA,1783022684,2026-07-02T20:05:32Z,2026-07-02T20:05:32Z,2026-07-02T20:05:32Z,2.2,https://data.lime.bike/api/partners/v2/gbfs/vancouver_bc/gbfs.json,https://data.lime.bike/api/partners/v2/gbfs/vancouver_bc/free_bike_status,2026-07-02T20:05:31Z,2026-07-02T20:05:31Z
lime_vancouver,lime_vancouver_9830b361-53e6-4bc9-9453-a7e5eb85330b,9830b361-53e6-4bc9-9453-a7e5eb85330b,49.259278,-123.045355,2,FALSE,FALSE,27584,NA,1783022684,2026-07-02T20:05:32Z,2026-07-02T20:05:32Z,2026-07-02T20:05:32Z,2.2,https://data.lime.bike/api/partners/v2/gbfs/vancouver_bc/gbfs.json,https://data.lime.bike/api/partners/v2/gbfs/vancouver_bc/free_bike_status,2026-07-02T20:05:31Z,2026-07-02T20:05:31Z
lime_vancouver,lime_vancouver_5821a3ff-2eb5-4ab3-ab25-b7dad8c77f4b,5821a3ff-2eb5-4ab3-ab25-b7dad8c77f4b,49.277635,-123.073055,2,FALSE,FALSE,9946,NA,1783022684,2026-07-02T20:05:32Z,2026-07-02T20:05:32Z,2026-07-02T20:05:32Z,2.2,https://data.lime.bike/api/partners/v2/gbfs/vancouver_bc/gbfs.json,https://data.lime.bike/api/partners/v2/gbfs/vancouver_bc/free_bike_status,2026-07-02T20:05:31Z,2026-07-02T20:05:31Z
lime_vancouver,lime_vancouver_5ceb04a0-edd1-48a5-b892-182b342b0000,5ceb04a0-edd1-48a5-b892-182b342b0000,49.279419,-123.106155,2,FALSE,FALSE,24140,NA,1783022684,2026-07-02T20:05:32Z,2026-07-02T20:05:32Z,2026-07-02T20:05:32Z,2.2,https://data.lime.bike/api/partners/v2/gbfs/vancouver_bc/gbfs.json,https://data.lime.bike/api/partners/v2/gbfs/vancouver_bc/free_bike_status,2026-07-02T20:05:31Z,2026-07-02T20:05:31Z
lime_vancouver,lime_vancouver_a3ef733f-adfe-43d4-a578-f55df0d42a10,a3ef733f-adfe-43d4-a578-f55df0d42a10,49.263654,-123.157606,2,FALSE,FALSE,39767,NA,1783022684,2026-07-02T20:05:32Z,2026-07-02T20:05:32Z,2026-07-02T20:05:32Z,2.2,https://data.lime.bike/api/partners/v2/gbfs/vancouver_bc/gbfs.json,https://data.lime.bike/api/partners/v2/gbfs/vancouver_bc/free_bike_status,2026-07-02T20:05:31Z,2026-07-02T20:05:31Z
lime_vancouver,lime_vancouver_2da10a8e-65ec-43c9-bd5f-62a405beaa67,2da10a8e-65ec-43c9-bd5f-62a405beaa67,49.263754,-123.131277,2,FALSE,FALSE,32589,NA,1783022684,2026-07-02T20:05:32Z,2026-07-02T20:05:32Z,2026-07-02T20:05:32Z,2.2,https://data.lime.bike/api/partners/v2/gbfs/vancouver_bc/gbfs.json,https://data.lime.bike/api/partners/v2/gbfs/vancouver_bc/free_bike_status,2026-07-02T20:05:31Z,2026-07-02T20:05:31Z
lime_vancouver,lime_vancouver_674fc5e9-66f2-49c4-9e41-9f3691d2f419,674fc5e9-66f2-49c4-9e41-9f3691d2f419,49.263373,-123.061939,2,FALSE,FALSE,4072,NA,1783022684,2026-07-02T20:05:32Z,2026-07-02T20:05:32Z,2026-07-02T20:05:32Z,2.2,https://data.lime.bike/api/partners/v2/gbfs/vancouver_bc/gbfs.json,https://data.lime.bike/api/partners/v2/gbfs/vancouver_bc/free_bike_status,2026-07-02T20:05:31Z,2026-07-02T20:05:31Z
lime_vancouver,lime_vancouver_0a8f8c37-4a3b-4f86-bb86-01ca078d5f2c,0a8f8c37-4a3b-4f86-bb86-01ca078d5f2c,49.280912,-123.025601,2,FALSE,FALSE,21726,NA,1783022684,2026-07-02T20:05:32Z,2026-07-02T20:05:32Z,2026-07-02T20:05:32Z,2.2,https://data.lime.bike/api/partners/v2/gbfs/vancouver_bc/gbfs.json,https://data.lime.bike/api/partners/v2/gbfs/vancouver_bc/free_bike_status,2026-07-02T20:05:31Z,2026-07-02T20:05:31Z
lime_vancouver,lime_vancouver_38b3fc85-e972-4be3-b688-409eb03db883,38b3fc85-e972-4be3-b688-409eb03db883,49.264647,-123.148509,2,FALSE,FALSE,24140,NA,1783022684,2026-07-02T20:05:32Z,2026-07-02T20:05:32Z,2026-07-02T20:05:32Z,2.2,https://data.lime.bike/api/partners/v2/gbfs/vancouver_bc/gbfs.json,https://data.lime.bike/api/partners/v2/gbfs/vancouver_bc/free_bike_status,2026-07-02T20:05:31Z,2026-07-02T20:05:31Z
lime_vancouver,lime_vancouver_bc97a120-6c67-4e86-9f4e-34175e3e8855,bc97a120-6c67-4e86-9f4e-34175e3e8855,49.254078,-123.083615,2,FALSE,FALSE,36146,NA,1783022684,2026-07-02T20:05:32Z,2026-07-02T20:05:32Z,2026-07-02T20:05:32Z,2.2,https://data.lime.bike/api/partners/v2/gbfs/vancouver_bc/gbfs.json,https://data.lime.bike/api/partners/v2/gbfs/vancouver_bc/free_bike_status,2026-07-02T20:05:31Z,2026-07-02T20:05:31Z
lime_vancouver,lime_vancouver_4bdb3447-2cf8-47e5-b64e-182bbd294bdf,4bdb3447-2cf8-47e5-b64e-182bbd294bdf,49.275954,-123.145593,2,FALSE,FALSE,4522,NA,1783022684,2026-07-02T20:05:32Z,2026-07-02T20:05:32Z,2026-07-02T20:05:32Z,2.2,https://data.lime.bike/api/partners/v2/gbfs/vancouver_bc/gbfs.json,https://data.lime.bike/api/partners/v2/gbfs/vancouver_bc/free_bike_status,2026-07-02T20:05:31Z,2026-07-02T20:05:31Z
lime_vancouver,lime_vancouver_91de40fa-2ce0-4bb2-b1f7-0f0cc2521e41,91de40fa-2ce0-4bb2-b1f7-0f0cc2521e41,49.269154,-123.150301,2,FALSE,FALSE,40282,NA,1783022684,2026-07-02T20:05:32Z,2026-07-02T20:05:32Z,2026-07-02T20:05:32Z,2.2,https://data.lime.bike/api/partners/v2/gbfs/vancouver_bc/gbfs.json,https://data.lime.bike/api/partners/v2/gbfs/vancouver_bc/free_bike_status,2026-07-02T20:05:31Z,2026-07-02T20:05:31Z
lime_vancouver,lime_vancouver_af73ac34-6af6-49f0-bb8a-9d0dfb7a5266,af73ac34-6af6-49f0-bb8a-9d0dfb7a5266,49.265129,-123.125348,2,FALSE,FALSE,38206,NA,1783022684,2026-07-02T20:05:32Z,2026-07-02T20:05:32Z,2026-07-02T20:05:32Z,2.2,https://data.lime.bike/api/partners/v2/gbfs/vancouver_bc/gbfs.json,https://data.lime.bike/api/partners/v2/gbfs/vancouver_bc/free_bike_status,2026-07-02T20:05:31Z,2026-07-02T20:05:31Z
lime_vancouver,lime_vancouver_913714bf-c794-42d9-b502-3a13978c97b4,913714bf-c794-42d9-b502-3a13978c97b4,49.266729,-123.115651,2,FALSE,FALSE,40282,NA,1783022684,2026-07-02T20:05:32Z,2026-07-02T20:05:32Z,2026-07-02T20:05:32Z,2.2,https://data.lime.bike/api/partners/v2/gbfs/vancouver_bc/gbfs.json,https://data.lime.bike/api/partners/v2/gbfs/vancouver_bc/free_bike_status,2026-07-02T20:05:31Z,2026-07-02T20:05:31Z
lime_vancouver,lime_vancouver_68c3105d-d935-4bee-9314-69b2b1421b8c,68c3105d-d935-4bee-9314-69b2b1421b8c,49.244833,-123.045876,2,FALSE,FALSE,30079,NA,1783022684,2026-07-02T20:05:32Z,2026-07-02T20:05:32Z,2026-07-02T20:05:32Z,2.2,https://data.lime.bike/api/partners/v2/gbfs/vancouver_bc/gbfs.json,https://data.lime.bike/api/partners/v2/gbfs/vancouver_bc/free_bike_status,2026-07-02T20:05:31Z,2026-07-02T20:05:31Z
lime_vancouver,lime_vancouver_b8959ae3-103d-478f-a0e6-a18c54ad1b9d,b8959ae3-103d-478f-a0e6-a18c54ad1b9d,49.26676,-123.109392,2,FALSE,FALSE,14130,NA,1783022684,2026-07-02T20:05:32Z,2026-07-02T20:05:32Z,2026-07-02T20:05:32Z,2.2,https://data.lime.bike/api/partners/v2/gbfs/vancouver_bc/gbfs.json,https://data.lime.bike/api/partners/v2/gbfs/vancouver_bc/free_bike_status,2026-07-02T20:05:31Z,2026-07-02T20:05:31Z
lime_vancouver,lime_vancouver_189053cf-91ce-4fed-b087-ce4415b6d1b8,189053cf-91ce-4fed-b087-ce4415b6d1b8,49.285525,-123.127826,2,FALSE,FALSE,14130,NA,1783022684,2026-07-02T20:05:32Z,2026-07-02T20:05:32Z,2026-07-02T20:05:32Z,2.2,https://data.lime.bike/api/partners/v2/gbfs/vancouver_bc/gbfs.json,https://data.lime.bike/api/partners/v2/gbfs/vancouver_bc/free_bike_status,2026-07-02T20:05:31Z,2026-07-02T20:05:31Z
lime_vancouver,lime_vancouver_98d75e45-5f17-433a-af52-12421bc012af,98d75e45-5f17-433a-af52-12421bc012af,49.288509,-123.046746,2,FALSE,FALSE,8111,NA,1783022684,2026-07-02T20:05:32Z,2026-07-02T20:05:32Z,2026-07-02T20:05:32Z,2.2,https://data.lime.bike/api/partners/v2/gbfs/vancouver_bc/gbfs.json,https://data.lime.bike/api/partners/v2/gbfs/vancouver_bc/free_bike_status,2026-07-02T20:05:31Z,2026-07-02T20:05:31Z
lime_vancouver,lime_vancouver_eba522b4-d2b7-4cd1-b1c2-c34031fd4fff,eba522b4-d2b7-4cd1-b1c2-c34031fd4fff,49.269072,-123.104641,2,FALSE,FALSE,7660,NA,1783022684,2026-07-02T20:05:32Z,2026-07-02T20:05:32Z,2026-07-02T20:05:32Z,2.2,https://data.lime.bike/api/partners/v2/gbfs/vancouver_bc/gbfs.json,https://data.lime.bike/api/partners/v2/gbfs/vancouver_bc/free_bike_status,2026-07-02T20:05:31Z,2026-07-02T20:05:31Z
lime_vancouver,lime_vancouver_8ec22bea-4f61-4a8a-a59a-f434f746c15c,8ec22bea-4f61-4a8a-a59a-f434f746c15c,49.25407,-123.039587,2,FALSE,FALSE,27584,NA,1783022684,2026-07-02T20:05:32Z,2026-07-02T20:05:32Z,2026-07-02T20:05:32Z,2.2,https://data.lime.bike/api/partners/v2/gbfs/vancouver_bc/gbfs.json,https://data.lime.bike/api/partners/v2/gbfs/vancouver_bc/free_bike_status,2026-07-02T20:05:31Z,2026-07-02T20:05:31Z
lime_vancouver,lime_vancouver_8490f3c4-1301-4ed7-8058-e17ba3737417,8490f3c4-1301-4ed7-8058-e17ba3737417,49.265955,-123.062191,2,FALSE,FALSE,18379,NA,1783022684,2026-07-02T20:05:32Z,2026-07-02T20:05:32Z,2026-07-02T20:05:32Z,2.2,https://data.lime.bike/api/partners/v2/gbfs/vancouver_bc/gbfs.json,https://data.lime.bike/api/partners/v2/gbfs/vancouver_bc/free_bike_status,2026-07-02T20:05:31Z,2026-07-02T20:05:31Z
lime_vancouver,lime_vancouver_2b39d579-7da8-46dd-b221-098a5c6a8931,2b39d579-7da8-46dd-b221-098a5c6a8931,49.227596,-123.066088,2,FALSE,FALSE,10412,NA,1783022684,2026-07-02T20:05:32Z,2026-07-02T20:05:32Z,2026-07-02T20:05:32Z,2.2,https://data.lime.bike/api/partners/v2/gbfs/vancouver_bc/gbfs.json,https://data.lime.bike/api/partners/v2/gbfs/vancouver_bc/free_bike_status,2026-07-02T20:05:31Z,2026-07-02T20:05:31Z
lime_vancouver,lime_vancouver_fc2e3667-0f28-4403-a51c-7618965da4ab,fc2e3667-0f28-4403-a51c-7618965da4ab,49.268105,-123.109528,2,FALSE,FALSE,11796,NA,1783022684,2026-07-02T20:05:32Z,2026-07-02T20:05:32Z,2026-07-02T20:05:32Z,2.2,https://data.lime.bike/api/partners/v2/gbfs/vancouver_bc/gbfs.json,https://data.lime.bike/api/partners/v2/gbfs/vancouver_bc/free_bike_status,2026-07-02T20:05:31Z,2026-07-02T20:05:31Z
lime_vancouver,lime_vancouver_2b0475b7-f012-410c-9e0a-b342771cf281,2b0475b7-f012-410c-9e0a-b342771cf281,49.283142,-123.046656,2,FALSE,FALSE,14597,NA,1783022684,2026-07-02T20:05:32Z,2026-07-02T20:05:32Z,2026-07-02T20:05:32Z,2.2,https://data.lime.bike/api/partners/v2/gbfs/vancouver_bc/gbfs.json,https://data.lime.bike/api/partners/v2/gbfs/vancouver_bc/free_bike_status,2026-07-02T20:05:31Z,2026-07-02T20:05:31Z
lime_vancouver,lime_vancouver_a1084c92-cb8c-4f87-b713-8acc753eb559,a1084c92-cb8c-4f87-b713-8acc753eb559,49.254177,-123.039143,2,FALSE,FALSE,43340,NA,1783022684,2026-07-02T20:05:32Z,2026-07-02T20:05:32Z,2026-07-02T20:05:32Z,2.2,https://data.lime.bike/api/partners/v2/gbfs/vancouver_bc/gbfs.json,https://data.lime.bike/api/partners/v2/gbfs/vancouver_bc/free_bike_status,2026-07-02T20:05:31Z,2026-07-02T20:05:31Z
lime_vancouver,lime_vancouver_d22be48f-576f-4839-9415-7892cf731860,d22be48f-576f-4839-9415-7892cf731860,49.236915,-123.074495,2,FALSE,FALSE,28582,NA,1783022684,2026-07-02T20:05:32Z,2026-07-02T20:05:32Z,2026-07-02T20:05:32Z,2.2,https://data.lime.bike/api/partners/v2/gbfs/vancouver_bc/gbfs.json,https://data.lime.bike/api/partners/v2/gbfs/vancouver_bc/free_bike_status,2026-07-02T20:05:31Z,2026-07-02T20:05:31Z
lime_vancouver,lime_vancouver_b77cc40d-0dda-4788-b780-7a91f9af137c,b77cc40d-0dda-4788-b780-7a91f9af137c,49.262236,-123.111206,2,FALSE,FALSE,4957,NA,1783022684,2026-07-02T20:05:32Z,2026-07-02T20:05:32Z,2026-07-02T20:05:32Z,2.2,https://data.lime.bike/api/partners/v2/gbfs/vancouver_bc/gbfs.json,https://data.lime.bike/api/partners/v2/gbfs/vancouver_bc/free_bike_status,2026-07-02T20:05:31Z,2026-07-02T20:05:31Z
lime_vancouver,lime_vancouver_c5c0911d-7ef1-47a2-8b79-682e30ab4134,c5c0911d-7ef1-47a2-8b79-682e30ab4134,49.282639,-123.115532,2,FALSE,FALSE,31575,NA,1783022684,2026-07-02T20:05:32Z,2026-07-02T20:05:32Z,2026-07-02T20:05:32Z,2.2,https://data.lime.bike/api/partners/v2/gbfs/vancouver_bc/gbfs.json,https://data.lime.bike/api/partners/v2/gbfs/vancouver_bc/free_bike_status,2026-07-02T20:05:31Z,2026-07-02T20:05:31Z
lime_vancouver,lime_vancouver_0cf0c640-564a-4bb0-b7f2-7208fbaab64c,0cf0c640-564a-4bb0-b7f2-7208fbaab64c,49.244548,-123.075909,2,FALSE,FALSE,6293,NA,1783022684,2026-07-02T20:05:32Z,2026-07-02T20:05:32Z,2026-07-02T20:05:32Z,2.2,https://data.lime.bike/api/partners/v2/gbfs/vancouver_bc/gbfs.json,https://data.lime.bike/api/partners/v2/gbfs/vancouver_bc/free_bike_status,2026-07-02T20:05:31Z,2026-07-02T20:05:31Z
lime_vancouver,lime_vancouver_f93e2aaa-2049-472e-abaf-aca0d6367351,f93e2aaa-2049-472e-abaf-aca0d6367351,49.235838,-123.055232,2,FALSE,FALSE,4072,NA,1783022684,2026-07-02T20:05:32Z,2026-07-02T20:05:32Z,2026-07-02T20:05:32Z,2.2,https://data.lime.bike/api/partners/v2/gbfs/vancouver_bc/gbfs.json,https://data.lime.bike/api/partners/v2/gbfs/vancouver_bc/free_bike_status,2026-07-02T20:05:31Z,2026-07-02T20:05:31Z
lime_vancouver,lime_vancouver_701d48ff-f06f-4053-849f-cde032ec8991,701d48ff-f06f-4053-849f-cde032ec8991,49.272304,-123.033965,2,FALSE,FALSE,36661,NA,1783022684,2026-07-02T20:05:32Z,2026-07-02T20:05:32Z,2026-07-02T20:05:32Z,2.2,https://data.lime.bike/api/partners/v2/gbfs/vancouver_bc/gbfs.json,https://data.lime.bike/api/partners/v2/gbfs/vancouver_bc/free_bike_status,2026-07-02T20:05:31Z,2026-07-02T20:05:31Z
lime_vancouver,lime_vancouver_e107cda5-39eb-48d0-bc5c-758905a65acb,e107cda5-39eb-48d0-bc5c-758905a65acb,49.2542,-123.039127,2,FALSE,FALSE,7194,NA,1783022684,2026-07-02T20:05:32Z,2026-07-02T20:05:32Z,2026-07-02T20:05:32Z,2.2,https://data.lime.bike/api/partners/v2/gbfs/vancouver_bc/gbfs.json,https://data.lime.bike/api/partners/v2/gbfs/vancouver_bc/free_bike_status,2026-07-02T20:05:31Z,2026-07-02T20:05:31Z
lime_vancouver,lime_vancouver_1512578f-532c-4039-963b-91f27f9810b1,1512578f-532c-4039-963b-91f27f9810b1,49.2667,-123.109435,2,FALSE,FALSE,36146,NA,1783022684,2026-07-02T20:05:32Z,2026-07-02T20:05:32Z,2026-07-02T20:05:32Z,2.2,https://data.lime.bike/api/partners/v2/gbfs/vancouver_bc/gbfs.json,https://data.lime.bike/api/partners/v2/gbfs/vancouver_bc/free_bike_status,2026-07-02T20:05:31Z,2026-07-02T20:05:31Z
lime_vancouver,lime_vancouver_f00d1833-f4a4-4239-a6bd-a574d3c11028,f00d1833-f4a4-4239-a6bd-a574d3c11028,49.260332,-123.073618,2,FALSE,FALSE,35631,NA,1783022684,2026-07-02T20:05:32Z,2026-07-02T20:05:32Z,2026-07-02T20:05:32Z,2.2,https://data.lime.bike/api/partners/v2/gbfs/vancouver_bc/gbfs.json,https://data.lime.bike/api/partners/v2/gbfs/vancouver_bc/free_bike_status,2026-07-02T20:05:31Z,2026-07-02T20:05:31Z
lime_vancouver,lime_vancouver_84683060-bc70-4b37-8f91-9bb34c9698ec,84683060-bc70-4b37-8f91-9bb34c9698ec,49.263879,-123.034098,2,FALSE,FALSE,34617,NA,1783022684,2026-07-02T20:05:32Z,2026-07-02T20:05:32Z,2026-07-02T20:05:32Z,2.2,https://data.lime.bike/api/partners/v2/gbfs/vancouver_bc/gbfs.json,https://data.lime.bike/api/partners/v2/gbfs/vancouver_bc/free_bike_status,2026-07-02T20:05:31Z,2026-07-02T20:05:31Z
lime_vancouver,lime_vancouver_84cde7b3-ff93-4a3f-8583-b33e601d2b53,84cde7b3-ff93-4a3f-8583-b33e601d2b53,49.242421,-123.049147,2,FALSE,FALSE,33088,NA,1783022684,2026-07-02T20:05:32Z,2026-07-02T20:05:32Z,2026-07-02T20:05:32Z,2.2,https://data.lime.bike/api/partners/v2/gbfs/vancouver_bc/gbfs.json,https://data.lime.bike/api/partners/v2/gbfs/vancouver_bc/free_bike_status,2026-07-02T20:05:31Z,2026-07-02T20:05:31Z
lime_vancouver,lime_vancouver_2ee32b9c-c9ef-43f5-8943-4fe5a08468b7,2ee32b9c-c9ef-43f5-8943-4fe5a08468b7,49.288773,-123.119682,2,FALSE,FALSE,8111,NA,1783022684,2026-07-02T20:05:32Z,2026-07-02T20:05:32Z,2026-07-02T20:05:32Z,2.2,https://data.lime.bike/api/partners/v2/gbfs/vancouver_bc/gbfs.json,https://data.lime.bike/api/partners/v2/gbfs/vancouver_bc/free_bike_status,2026-07-02T20:05:31Z,2026-07-02T20:05:31Z
lime_vancouver,lime_vancouver_9d1881bd-5eaa-4862-bde1-78403e2ce1b6,9d1881bd-5eaa-4862-bde1-78403e2ce1b6,49.274653,-123.087632,2,FALSE,FALSE,23175,NA,1783022684,2026-07-02T20:05:32Z,2026-07-02T20:05:32Z,2026-07-02T20:05:32Z,2.2,https://data.lime.bike/api/partners/v2/gbfs/vancouver_bc/gbfs.json,https://data.lime.bike/api/partners/v2/gbfs/vancouver_bc/free_bike_status,2026-07-02T20:05:31Z,2026-07-02T20:05:31Z
lime_vancouver,lime_vancouver_aebc6263-7579-46a6-9ab9-8307393ccf84,aebc6263-7579-46a6-9ab9-8307393ccf84,49.266356,-123.104759,2,FALSE,FALSE,5407,NA,1783022684,2026-07-02T20:05:32Z,2026-07-02T20:05:32Z,2026-07-02T20:05:32Z,2.2,https://data.lime.bike/api/partners/v2/gbfs/vancouver_bc/gbfs.json,https://data.lime.bike/api/partners/v2/gbfs/vancouver_bc/free_bike_status,2026-07-02T20:05:31Z,2026-07-02T20:05:31Z
lime_vancouver,lime_vancouver_8bb68ce5-0244-4039-b5a0-fef9d0713508,8bb68ce5-0244-4039-b5a0-fef9d0713508,49.287187,-123.126149,2,FALSE,FALSE,35631,NA,1783022684,2026-07-02T20:05:32Z,2026-07-02T20:05:32Z,2026-07-02T20:05:32Z,2.2,https://data.lime.bike/api/partners/v2/gbfs/vancouver_bc/gbfs.json,https://data.lime.bike/api/partners/v2/gbfs/vancouver_bc/free_bike_status,2026-07-02T20:05:31Z,2026-07-02T20:05:31Z
lime_vancouver,lime_vancouver_9e2e28af-8f26-4791-848c-bb8f8cdef945,9e2e28af-8f26-4791-848c-bb8f8cdef945,49.278342,-123.108068,2,FALSE,FALSE,36661,NA,1783022684,2026-07-02T20:05:32Z,2026-07-02T20:05:32Z,2026-07-02T20:05:32Z,2.2,https://data.lime.bike/api/partners/v2/gbfs/vancouver_bc/gbfs.json,https://data.lime.bike/api/partners/v2/gbfs/vancouver_bc/free_bike_status,2026-07-02T20:05:31Z,2026-07-02T20:05:31Z
lime_vancouver,lime_vancouver_ae002042-9c50-436f-a7ea-3327e168b6ae,ae002042-9c50-436f-a7ea-3327e168b6ae,49.276726,-123.128802,2,FALSE,FALSE,18379,NA,1783022684,2026-07-02T20:05:32Z,2026-07-02T20:05:32Z,2026-07-02T20:05:32Z,2.2,https://data.lime.bike/api/partners/v2/gbfs/vancouver_bc/gbfs.json,https://data.lime.bike/api/partners/v2/gbfs/vancouver_bc/free_bike_status,2026-07-02T20:05:31Z,2026-07-02T20:05:31Z
lime_vancouver,lime_vancouver_9351aa28-cb56-4d48-ae1d-30617c2a38a6,9351aa28-cb56-4d48-ae1d-30617c2a38a6,49.264171,-123.109547,2,FALSE,FALSE,13197,NA,1783022684,2026-07-02T20:05:32Z,2026-07-02T20:05:32Z,2026-07-02T20:05:32Z,2.2,https://data.lime.bike/api/partners/v2/gbfs/vancouver_bc/gbfs.json,https://data.lime.bike/api/partners/v2/gbfs/vancouver_bc/free_bike_status,2026-07-02T20:05:31Z,2026-07-02T20:05:31Z
lime_vancouver,lime_vancouver_be34d827-ddd7-40a6-bb9b-efb08273b842,be34d827-ddd7-40a6-bb9b-efb08273b842,49.26975,-123.061867,2,FALSE,FALSE,5842,NA,1783022684,2026-07-02T20:05:32Z,2026-07-02T20:05:32Z,2026-07-02T20:05:32Z,2.2,https://data.lime.bike/api/partners/v2/gbfs/vancouver_bc/gbfs.json,https://data.lime.bike/api/partners/v2/gbfs/vancouver_bc/free_bike_status,2026-07-02T20:05:31Z,2026-07-02T20:05:31Z
lime_vancouver,lime_vancouver_753a3947-979e-4446-bc55-85628d2ce1c4,753a3947-979e-4446-bc55-85628d2ce1c4,49.280216,-123.131503,2,FALSE,FALSE,9946,NA,1783022684,2026-07-02T20:05:32Z,2026-07-02T20:05:32Z,2026-07-02T20:05:32Z,2.2,https://data.lime.bike/api/partners/v2/gbfs/vancouver_bc/gbfs.json,https://data.lime.bike/api/partners/v2/gbfs/vancouver_bc/free_bike_status,2026-07-02T20:05:31Z,2026-07-02T20:05:31Z
lime_vancouver,lime_vancouver_eff79bc5-dd24-4c43-afa9-d5d249764b49,eff79bc5-dd24-4c43-afa9-d5d249764b49,49.262643,-123.11979,2,FALSE,FALSE,23657,NA,1783022684,2026-07-02T20:05:32Z,2026-07-02T20:05:32Z,2026-07-02T20:05:32Z,2.2,https://data.lime.bike/api/partners/v2/gbfs/vancouver_bc/gbfs.json,https://data.lime.bike/api/partners/v2/gbfs/vancouver_bc/free_bike_status,2026-07-02T20:05:31Z,2026-07-02T20:05:31Z
lime_vancouver,lime_vancouver_8027721e-d7e1-4128-b930-ae1f50400bcc,8027721e-d7e1-4128-b930-ae1f50400bcc,49.274033,-123.073175,2,FALSE,FALSE,6743,NA,1783022684,2026-07-02T20:05:32Z,2026-07-02T20:05:32Z,2026-07-02T20:05:32Z,2.2,https://data.lime.bike/api/partners/v2/gbfs/vancouver_bc/gbfs.json,https://data.lime.bike/api/partners/v2/gbfs/vancouver_bc/free_bike_status,2026-07-02T20:05:31Z,2026-07-02T20:05:31Z
lime_vancouver,lime_vancouver_e5c2ab5b-7fae-49e8-88dd-8784eb501f18,e5c2ab5b-7fae-49e8-88dd-8784eb501f18,49.244846,-123.045961,2,FALSE,FALSE,6293,NA,1783022684,2026-07-02T20:05:32Z,2026-07-02T20:05:32Z,2026-07-02T20:05:32Z,2.2,https://data.lime.bike/api/partners/v2/gbfs/vancouver_bc/gbfs.json,https://data.lime.bike/api/partners/v2/gbfs/vancouver_bc/free_bike_status,2026-07-02T20:05:31Z,2026-07-02T20:05:31Z
lime_vancouver,lime_vancouver_96bd65ba-a6ee-41bd-b02e-76a2b2405085,96bd65ba-a6ee-41bd-b02e-76a2b2405085,49.265885,-123.041499,2,FALSE,FALSE,44354,NA,1783022684,2026-07-02T20:05:32Z,2026-07-02T20:05:32Z,2026-07-02T20:05:32Z,2.2,https://data.lime.bike/api/partners/v2/gbfs/vancouver_bc/gbfs.json,https://data.lime.bike/api/partners/v2/gbfs/vancouver_bc/free_bike_status,2026-07-02T20:05:31Z,2026-07-02T20:05:31Z
lime_vancouver,lime_vancouver_971a54e7-4376-469d-a7f4-426334cfe078,971a54e7-4376-469d-a7f4-426334cfe078,49.231083,-123.032567,2,FALSE,FALSE,43340,NA,1783022684,2026-07-02T20:05:32Z,2026-07-02T20:05:32Z,2026-07-02T20:05:32Z,2.2,https://data.lime.bike/api/partners/v2/gbfs/vancouver_bc/gbfs.json,https://data.lime.bike/api/partners/v2/gbfs/vancouver_bc/free_bike_status,2026-07-02T20:05:31Z,2026-07-02T20:05:31Z
lime_vancouver,lime_vancouver_18cee5ab-ea4a-46cc-9442-ce719cd01326,18cee5ab-ea4a-46cc-9442-ce719cd01326,49.27954,-123.10245,2,FALSE,FALSE,8562,NA,1783022684,2026-07-02T20:05:32Z,2026-07-02T20:05:32Z,2026-07-02T20:05:32Z,2.2,https://data.lime.bike/api/partners/v2/gbfs/vancouver_bc/gbfs.json,https://data.lime.bike/api/partners/v2/gbfs/vancouver_bc/free_bike_status,2026-07-02T20:05:31Z,2026-07-02T20:05:31Z
lime_vancouver,lime_vancouver_c5093fbe-0917-466d-8b6b-52e054a5e2d5,c5093fbe-0917-466d-8b6b-52e054a5e2d5,49.262277,-123.105009,2,FALSE,FALSE,14130,NA,1783022684,2026-07-02T20:05:32Z,2026-07-02T20:05:32Z,2026-07-02T20:05:32Z,2.2,https://data.lime.bike/api/partners/v2/gbfs/vancouver_bc/gbfs.json,https://data.lime.bike/api/partners/v2/gbfs/vancouver_bc/free_bike_status,2026-07-02T20:05:31Z,2026-07-02T20:05:31Z
lime_vancouver,lime_vancouver_0831b85f-d019-455c-aa13-b0e6dc6bc222,0831b85f-d019-455c-aa13-b0e6dc6bc222,49.285719,-123.130946,2,FALSE,FALSE,9479,NA,1783022684,2026-07-02T20:05:32Z,2026-07-02T20:05:32Z,2026-07-02T20:05:32Z,2.2,https://data.lime.bike/api/partners/v2/gbfs/vancouver_bc/gbfs.json,https://data.lime.bike/api/partners/v2/gbfs/vancouver_bc/free_bike_status,2026-07-02T20:05:31Z,2026-07-02T20:05:31Z
lime_vancouver,lime_vancouver_208e1359-efe8-4bbc-996e-944520e269c2,208e1359-efe8-4bbc-996e-944520e269c2,49.281431,-123.049417,2,FALSE,FALSE,35631,NA,1783022684,2026-07-02T20:05:32Z,2026-07-02T20:05:32Z,2026-07-02T20:05:32Z,2.2,https://data.lime.bike/api/partners/v2/gbfs/vancouver_bc/gbfs.json,https://data.lime.bike/api/partners/v2/gbfs/vancouver_bc/free_bike_status,2026-07-02T20:05:31Z,2026-07-02T20:05:31Z
lime_vancouver,lime_vancouver_692c1182-1649-4110-bdef-b93fc44e004a,692c1182-1649-4110-bdef-b93fc44e004a,49.231098,-123.032573,2,FALSE,FALSE,36146,NA,1783022684,2026-07-02T20:05:32Z,2026-07-02T20:05:32Z,2026-07-02T20:05:32Z,2.2,https://data.lime.bike/api/partners/v2/gbfs/vancouver_bc/gbfs.json,https://data.lime.bike/api/partners/v2/gbfs/vancouver_bc/free_bike_status,2026-07-02T20:05:31Z,2026-07-02T20:05:31Z
lime_vancouver,lime_vancouver_4e6bbebc-2cb1-4e81-a86d-c9f08299f325,4e6bbebc-2cb1-4e81-a86d-c9f08299f325,49.235231,-123.037603,2,FALSE,FALSE,11796,NA,1783022684,2026-07-02T20:05:32Z,2026-07-02T20:05:32Z,2026-07-02T20:05:32Z,2.2,https://data.lime.bike/api/partners/v2/gbfs/vancouver_bc/gbfs.json,https://data.lime.bike/api/partners/v2/gbfs/vancouver_bc/free_bike_status,2026-07-02T20:05:31Z,2026-07-02T20:05:31Z
lime_vancouver,lime_vancouver_6942227b-0516-4299-af81-8214b7deac13,6942227b-0516-4299-af81-8214b7deac13,49.263837,-123.157611,2,FALSE,FALSE,15530,NA,1783022684,2026-07-02T20:05:32Z,2026-07-02T20:05:32Z,2026-07-02T20:05:32Z,2.2,https://data.lime.bike/api/partners/v2/gbfs/vancouver_bc/gbfs.json,https://data.lime.bike/api/partners/v2/gbfs/vancouver_bc/free_bike_status,2026-07-02T20:05:31Z,2026-07-02T20:05:31Z
lime_vancouver,lime_vancouver_52cc954e-cdab-45a5-bce5-6832ac4abfe4,52cc954e-cdab-45a5-bce5-6832ac4abfe4,49.281984,-123.120447,2,FALSE,FALSE,44354,NA,1783022684,2026-07-02T20:05:32Z,2026-07-02T20:05:32Z,2026-07-02T20:05:32Z,2.2,https://data.lime.bike/api/partners/v2/gbfs/vancouver_bc/gbfs.json,https://data.lime.bike/api/partners/v2/gbfs/vancouver_bc/free_bike_status,2026-07-02T20:05:31Z,2026-07-02T20:05:31Z
lime_vancouver,lime_vancouver_cf9f5a5e-505a-4288-92f1-5079b6388267,cf9f5a5e-505a-4288-92f1-5079b6388267,49.274211,-123.12517,2,FALSE,FALSE,40797,NA,1783022684,2026-07-02T20:05:32Z,2026-07-02T20:05:32Z,2026-07-02T20:05:32Z,2.2,https://data.lime.bike/api/partners/v2/gbfs/vancouver_bc/gbfs.json,https://data.lime.bike/api/partners/v2/gbfs/vancouver_bc/free_bike_status,2026-07-02T20:05:31Z,2026-07-02T20:05:31Z
lime_vancouver,lime_vancouver_a57600fb-4873-427a-8183-82259cc8d120,a57600fb-4873-427a-8183-82259cc8d120,49.285500999999996,-123.127822,2,FALSE,FALSE,19811,NA,1783022684,2026-07-02T20:05:32Z,2026-07-02T20:05:32Z,2026-07-02T20:05:32Z,2.2,https://data.lime.bike/api/partners/v2/gbfs/vancouver_bc/gbfs.json,https://data.lime.bike/api/partners/v2/gbfs/vancouver_bc/free_bike_status,2026-07-02T20:05:31Z,2026-07-02T20:05:31Z
lime_vancouver,lime_vancouver_0b3f5e1a-1695-48a6-8951-3dee4f5de865,0b3f5e1a-1695-48a6-8951-3dee4f5de865,49.285727,-123.131012,2,FALSE,FALSE,13197,NA,1783022684,2026-07-02T20:05:32Z,2026-07-02T20:05:32Z,2026-07-02T20:05:32Z,2.2,https://data.lime.bike/api/partners/v2/gbfs/vancouver_bc/gbfs.json,https://data.lime.bike/api/partners/v2/gbfs/vancouver_bc/free_bike_status,2026-07-02T20:05:31Z,2026-07-02T20:05:31Z
lime_vancouver,lime_vancouver_64400de6-8fef-4e0c-b0c4-51b1520055e4,64400de6-8fef-4e0c-b0c4-51b1520055e4,49.269019,-123.104749,2,FALSE,FALSE,26586,NA,1783022684,2026-07-02T20:05:32Z,2026-07-02T20:05:32Z,2026-07-02T20:05:32Z,2.2,https://data.lime.bike/api/partners/v2/gbfs/vancouver_bc/gbfs.json,https://data.lime.bike/api/partners/v2/gbfs/vancouver_bc/free_bike_status,2026-07-02T20:05:31Z,2026-07-02T20:05:31Z
lime_vancouver,lime_vancouver_cc6e646b-03b3-48fd-8a7e-7b8e138b4f67,cc6e646b-03b3-48fd-8a7e-7b8e138b4f67,49.264957,-123.117135,2,FALSE,FALSE,39252,NA,1783022684,2026-07-02T20:05:32Z,2026-07-02T20:05:32Z,2026-07-02T20:05:32Z,2.2,https://data.lime.bike/api/partners/v2/gbfs/vancouver_bc/gbfs.json,https://data.lime.bike/api/partners/v2/gbfs/vancouver_bc/free_bike_status,2026-07-02T20:05:31Z,2026-07-02T20:05:31Z
lime_vancouver,lime_vancouver_44dbfb3b-150d-43a9-b164-467ffd0899af,44dbfb3b-150d-43a9-b164-467ffd0899af,49.284967,-123.061599,2,FALSE,FALSE,4957,NA,1783022684,2026-07-02T20:05:32Z,2026-07-02T20:05:32Z,2026-07-02T20:05:32Z,2.2,https://data.lime.bike/api/partners/v2/gbfs/vancouver_bc/gbfs.json,https://data.lime.bike/api/partners/v2/gbfs/vancouver_bc/free_bike_status,2026-07-02T20:05:31Z,2026-07-02T20:05:31Z
lime_vancouver,lime_vancouver_fa6b6b3c-e177-4a58-bea3-7920c2a2d9ce,fa6b6b3c-e177-4a58-bea3-7920c2a2d9ce,49.271335,-123.146247,2,FALSE,FALSE,43855,NA,1783022684,2026-07-02T20:05:32Z,2026-07-02T20:05:32Z,2026-07-02T20:05:32Z,2.2,https://data.lime.bike/api/partners/v2/gbfs/vancouver_bc/gbfs.json,https://data.lime.bike/api/partners/v2/gbfs/vancouver_bc/free_bike_status,2026-07-02T20:05:31Z,2026-07-02T20:05:31Z
lime_vancouver,lime_vancouver_cefa9fa7-9f67-405e-bd79-25a0336367c4,cefa9fa7-9f67-405e-bd79-25a0336367c4,49.269689,-123.135684,2,FALSE,FALSE,10863,NA,1783022684,2026-07-02T20:05:32Z,2026-07-02T20:05:32Z,2026-07-02T20:05:32Z,2.2,https://data.lime.bike/api/partners/v2/gbfs/vancouver_bc/gbfs.json,https://data.lime.bike/api/partners/v2/gbfs/vancouver_bc/free_bike_status,2026-07-02T20:05:31Z,2026-07-02T20:05:31Z
lime_vancouver,lime_vancouver_6a04e7b9-fd6f-46a0-9ff9-2ba367459ad3,6a04e7b9-fd6f-46a0-9ff9-2ba367459ad3,49.235906,-123.049114,2,FALSE,FALSE,23175,NA,1783022684,2026-07-02T20:05:32Z,2026-07-02T20:05:32Z,2026-07-02T20:05:32Z,2.2,https://data.lime.bike/api/partners/v2/gbfs/vancouver_bc/gbfs.json,https://data.lime.bike/api/partners/v2/gbfs/vancouver_bc/free_bike_status,2026-07-02T20:05:31Z,2026-07-02T20:05:31Z
lime_vancouver,lime_vancouver_5458d093-8b53-4214-b59e-4e57814867b6,5458d093-8b53-4214-b59e-4e57814867b6,49.266962,-123.143381,2,FALSE,FALSE,35631,NA,1783022684,2026-07-02T20:05:32Z,2026-07-02T20:05:32Z,2026-07-02T20:05:32Z,2.2,https://data.lime.bike/api/partners/v2/gbfs/vancouver_bc/gbfs.json,https://data.lime.bike/api/partners/v2/gbfs/vancouver_bc/free_bike_status,2026-07-02T20:05:31Z,2026-07-02T20:05:31Z
lime_vancouver,lime_vancouver_08040541-4bc9-46cd-9026-64d8666bde87,08040541-4bc9-46cd-9026-64d8666bde87,49.263685,-123.157624,2,FALSE,FALSE,3203,NA,1783022684,2026-07-02T20:05:32Z,2026-07-02T20:05:32Z,2026-07-02T20:05:32Z,2.2,https://data.lime.bike/api/partners/v2/gbfs/vancouver_bc/gbfs.json,https://data.lime.bike/api/partners/v2/gbfs/vancouver_bc/free_bike_status,2026-07-02T20:05:31Z,2026-07-02T20:05:31Z
lime_vancouver,lime_vancouver_8ba29a92-a8bb-4dda-a82e-705991d17803,8ba29a92-a8bb-4dda-a82e-705991d17803,49.266255,-123.104789,2,FALSE,FALSE,12263,NA,1783022684,2026-07-02T20:05:32Z,2026-07-02T20:05:32Z,2026-07-02T20:05:32Z,2.2,https://data.lime.bike/api/partners/v2/gbfs/vancouver_bc/gbfs.json,https://data.lime.bike/api/partners/v2/gbfs/vancouver_bc/free_bike_status,2026-07-02T20:05:31Z,2026-07-02T20:05:31Z
lime_vancouver,lime_vancouver_5a7afab5-1484-47c1-a4a6-6df5bdd67446,5a7afab5-1484-47c1-a4a6-6df5bdd67446,49.277623,-123.09531,2,FALSE,FALSE,14130,NA,1783022684,2026-07-02T20:05:32Z,2026-07-02T20:05:32Z,2026-07-02T20:05:32Z,2.2,https://data.lime.bike/api/partners/v2/gbfs/vancouver_bc/gbfs.json,https://data.lime.bike/api/partners/v2/gbfs/vancouver_bc/free_bike_status,2026-07-02T20:05:31Z,2026-07-02T20:05:31Z
lime_vancouver,lime_vancouver_4530d157-10da-4dbb-b790-3ee3a416b4be,4530d157-10da-4dbb-b790-3ee3a416b4be,49.235389,-123.03086,2,FALSE,FALSE,19811,NA,1783022684,2026-07-02T20:05:32Z,2026-07-02T20:05:32Z,2026-07-02T20:05:32Z,2.2,https://data.lime.bike/api/partners/v2/gbfs/vancouver_bc/gbfs.json,https://data.lime.bike/api/partners/v2/gbfs/vancouver_bc/free_bike_status,2026-07-02T20:05:31Z,2026-07-02T20:05:31Z
lime_vancouver,lime_vancouver_6a9ae0a0-64c9-4618-873f-c89cef08e8bc,6a9ae0a0-64c9-4618-873f-c89cef08e8bc,49.263822,-123.109137,2,FALSE,FALSE,36661,NA,1783022684,2026-07-02T20:05:32Z,2026-07-02T20:05:32Z,2026-07-02T20:05:32Z,2.2,https://data.lime.bike/api/partners/v2/gbfs/vancouver_bc/gbfs.json,https://data.lime.bike/api/partners/v2/gbfs/vancouver_bc/free_bike_status,2026-07-02T20:05:31Z,2026-07-02T20:05:31Z
lime_vancouver,lime_vancouver_03381cbe-4c2c-4b19-b182-1d0bb8f4f6e3,03381cbe-4c2c-4b19-b182-1d0bb8f4f6e3,49.229313,-123.03015,2,FALSE,FALSE,17896,NA,1783022684,2026-07-02T20:05:32Z,2026-07-02T20:05:32Z,2026-07-02T20:05:32Z,2.2,https://data.lime.bike/api/partners/v2/gbfs/vancouver_bc/gbfs.json,https://data.lime.bike/api/partners/v2/gbfs/vancouver_bc/free_bike_status,2026-07-02T20:05:31Z,2026-07-02T20:05:31Z
lime_vancouver,lime_vancouver_c8e8ca75-38ac-4b4d-8c9f-a56add6a0ae0,c8e8ca75-38ac-4b4d-8c9f-a56add6a0ae0,49.280259,-123.079185,2,FALSE,FALSE,15530,NA,1783022684,2026-07-02T20:05:32Z,2026-07-02T20:05:32Z,2026-07-02T20:05:32Z,2.2,https://data.lime.bike/api/partners/v2/gbfs/vancouver_bc/gbfs.json,https://data.lime.bike/api/partners/v2/gbfs/vancouver_bc/free_bike_status,2026-07-02T20:05:31Z,2026-07-02T20:05:31Z
lime_vancouver,lime_vancouver_b8b85f83-f823-483c-858d-add9e589a557,b8b85f83-f823-483c-858d-add9e589a557,49.247641,-123.073459,2,FALSE,FALSE,15530,NA,1783022684,2026-07-02T20:05:32Z,2026-07-02T20:05:32Z,2026-07-02T20:05:32Z,2.2,https://data.lime.bike/api/partners/v2/gbfs/vancouver_bc/gbfs.json,https://data.lime.bike/api/partners/v2/gbfs/vancouver_bc/free_bike_status,2026-07-02T20:05:31Z,2026-07-02T20:05:31Z
lime_vancouver,lime_vancouver_e5034347-9006-4c33-b2b6-3aeeaae0b1ba,e5034347-9006-4c33-b2b6-3aeeaae0b1ba,49.269754,-123.135637,2,FALSE,FALSE,9946,NA,1783022684,2026-07-02T20:05:32Z,2026-07-02T20:05:32Z,2026-07-02T20:05:32Z,2.2,https://data.lime.bike/api/partners/v2/gbfs/vancouver_bc/gbfs.json,https://data.lime.bike/api/partners/v2/gbfs/vancouver_bc/free_bike_status,2026-07-02T20:05:31Z,2026-07-02T20:05:31Z
lime_vancouver,lime_vancouver_39914936-4bb6-462d-8aeb-9b7cc806c3d0,39914936-4bb6-462d-8aeb-9b7cc806c3d0,49.26915,-123.15026,2,FALSE,FALSE,23175,NA,1783022684,2026-07-02T20:05:32Z,2026-07-02T20:05:32Z,2026-07-02T20:05:32Z,2.2,https://data.lime.bike/api/partners/v2/gbfs/vancouver_bc/gbfs.json,https://data.lime.bike/api/partners/v2/gbfs/vancouver_bc/free_bike_status,2026-07-02T20:05:31Z,2026-07-02T20:05:31Z
lime_vancouver,lime_vancouver_e0755393-03bd-4724-b4c7-7fa438f3de42,e0755393-03bd-4724-b4c7-7fa438f3de42,49.235385,-123.030879,2,FALSE,FALSE,39252,NA,1783022684,2026-07-02T20:05:32Z,2026-07-02T20:05:32Z,2026-07-02T20:05:32Z,2.2,https://data.lime.bike/api/partners/v2/gbfs/vancouver_bc/gbfs.json,https://data.lime.bike/api/partners/v2/gbfs/vancouver_bc/free_bike_status,2026-07-02T20:05:31Z,2026-07-02T20:05:31Z
lime_vancouver,lime_vancouver_d78608ff-ab05-4a71-9e10-d357ebb29468,d78608ff-ab05-4a71-9e10-d357ebb29468,49.284847,-123.095239,2,FALSE,FALSE,7660,NA,1783022684,2026-07-02T20:05:32Z,2026-07-02T20:05:32Z,2026-07-02T20:05:32Z,2.2,https://data.lime.bike/api/partners/v2/gbfs/vancouver_bc/gbfs.json,https://data.lime.bike/api/partners/v2/gbfs/vancouver_bc/free_bike_status,2026-07-02T20:05:31Z,2026-07-02T20:05:31Z
lime_vancouver,lime_vancouver_07670975-7212-4da1-a108-462215dca2a4,07670975-7212-4da1-a108-462215dca2a4,49.244828,-123.045979,2,FALSE,FALSE,34617,NA,1783022684,2026-07-02T20:05:32Z,2026-07-02T20:05:32Z,2026-07-02T20:05:32Z,2.2,https://data.lime.bike/api/partners/v2/gbfs/vancouver_bc/gbfs.json,https://data.lime.bike/api/partners/v2/gbfs/vancouver_bc/free_bike_status,2026-07-02T20:05:31Z,2026-07-02T20:05:31Z
lime_vancouver,lime_vancouver_8600b8eb-32b3-4257-8669-62c5b1ca5246,8600b8eb-32b3-4257-8669-62c5b1ca5246,49.281468,-123.137342,2,FALSE,FALSE,5407,NA,1783022684,2026-07-02T20:05:32Z,2026-07-02T20:05:32Z,2026-07-02T20:05:32Z,2.2,https://data.lime.bike/api/partners/v2/gbfs/vancouver_bc/gbfs.json,https://data.lime.bike/api/partners/v2/gbfs/vancouver_bc/free_bike_status,2026-07-02T20:05:31Z,2026-07-02T20:05:31Z
lime_vancouver,lime_vancouver_46e40d05-c39a-42d0-b986-07ba639eac27,46e40d05-c39a-42d0-b986-07ba639eac27,49.285678,-123.130914,2,FALSE,FALSE,35631,NA,1783022684,2026-07-02T20:05:32Z,2026-07-02T20:05:32Z,2026-07-02T20:05:32Z,2.2,https://data.lime.bike/api/partners/v2/gbfs/vancouver_bc/gbfs.json,https://data.lime.bike/api/partners/v2/gbfs/vancouver_bc/free_bike_status,2026-07-02T20:05:31Z,2026-07-02T20:05:31Z
lime_vancouver,lime_vancouver_6b39a860-35cf-4c3b-b657-7c3f1cb2acf6,6b39a860-35cf-4c3b-b657-7c3f1cb2acf6,49.24352,-123.07362,2,FALSE,FALSE,28083,NA,1783022684,2026-07-02T20:05:32Z,2026-07-02T20:05:32Z,2026-07-02T20:05:32Z,2.2,https://data.lime.bike/api/partners/v2/gbfs/vancouver_bc/gbfs.json,https://data.lime.bike/api/partners/v2/gbfs/vancouver_bc/free_bike_status,2026-07-02T20:05:31Z,2026-07-02T20:05:31Z
lime_vancouver,lime_vancouver_d98a2d75-9273-447f-9967-cb19f9c6a4a6,d98a2d75-9273-447f-9967-cb19f9c6a4a6,49.277404,-123.043577,2,FALSE,FALSE,10412,NA,1783022684,2026-07-02T20:05:32Z,2026-07-02T20:05:32Z,2026-07-02T20:05:32Z,2.2,https://data.lime.bike/api/partners/v2/gbfs/vancouver_bc/gbfs.json,https://data.lime.bike/api/partners/v2/gbfs/vancouver_bc/free_bike_status,2026-07-02T20:05:31Z,2026-07-02T20:05:31Z
lime_vancouver,lime_vancouver_6231c94f-ec61-4aaa-bbff-1bddeeaed2ae,6231c94f-ec61-4aaa-bbff-1bddeeaed2ae,49.274086,-123.028642,2,FALSE,FALSE,16480,NA,1783022684,2026-07-02T20:05:32Z,2026-07-02T20:05:32Z,2026-07-02T20:05:32Z,2.2,https://data.lime.bike/api/partners/v2/gbfs/vancouver_bc/gbfs.json,https://data.lime.bike/api/partners/v2/gbfs/vancouver_bc/free_bike_status,2026-07-02T20:05:31Z,2026-07-02T20:05:31Z
lime_vancouver,lime_vancouver_3840f704-9370-4d12-997c-ed00cca57635,3840f704-9370-4d12-997c-ed00cca57635,49.252352,-123.034156,2,FALSE,FALSE,39252,NA,1783022684,2026-07-02T20:05:32Z,2026-07-02T20:05:32Z,2026-07-02T20:05:32Z,2.2,https://data.lime.bike/api/partners/v2/gbfs/vancouver_bc/gbfs.json,https://data.lime.bike/api/partners/v2/gbfs/vancouver_bc/free_bike_status,2026-07-02T20:05:31Z,2026-07-02T20:05:31Z
lime_vancouver,lime_vancouver_72dd97fd-496c-470b-9a36-f042c47b482e,72dd97fd-496c-470b-9a36-f042c47b482e,49.256422,-123.039334,2,FALSE,FALSE,44354,NA,1783022684,2026-07-02T20:05:32Z,2026-07-02T20:05:32Z,2026-07-02T20:05:32Z,2.2,https://data.lime.bike/api/partners/v2/gbfs/vancouver_bc/gbfs.json,https://data.lime.bike/api/partners/v2/gbfs/vancouver_bc/free_bike_status,2026-07-02T20:05:31Z,2026-07-02T20:05:31Z
lime_vancouver,lime_vancouver_e34fd598-9408-47f0-9420-5ba79e919593,e34fd598-9408-47f0-9420-5ba79e919593,49.264941,-123.164929,2,FALSE,FALSE,38737,NA,1783022684,2026-07-02T20:05:32Z,2026-07-02T20:05:32Z,2026-07-02T20:05:32Z,2.2,https://data.lime.bike/api/partners/v2/gbfs/vancouver_bc/gbfs.json,https://data.lime.bike/api/partners/v2/gbfs/vancouver_bc/free_bike_status,2026-07-02T20:05:31Z,2026-07-02T20:05:31Z
lime_vancouver,lime_vancouver_c100e718-f844-455a-835d-7f7b69c50ad6,c100e718-f844-455a-835d-7f7b69c50ad6,49.283774,-123.097914,2,FALSE,FALSE,6293,NA,1783022684,2026-07-02T20:05:32Z,2026-07-02T20:05:32Z,2026-07-02T20:05:32Z,2.2,https://data.lime.bike/api/partners/v2/gbfs/vancouver_bc/gbfs.json,https://data.lime.bike/api/partners/v2/gbfs/vancouver_bc/free_bike_status,2026-07-02T20:05:31Z,2026-07-02T20:05:31Z
lime_vancouver,lime_vancouver_87de4082-c3b0-4872-a386-d620923a9134,87de4082-c3b0-4872-a386-d620923a9134,49.283974,-123.089685,2,FALSE,FALSE,23175,NA,1783022684,2026-07-02T20:05:32Z,2026-07-02T20:05:32Z,2026-07-02T20:05:32Z,2.2,https://data.lime.bike/api/partners/v2/gbfs/vancouver_bc/gbfs.json,https://data.lime.bike/api/partners/v2/gbfs/vancouver_bc/free_bike_status,2026-07-02T20:05:31Z,2026-07-02T20:05:31Z
lime_vancouver,lime_vancouver_596dd08d-6e8b-428b-8b92-d33c46096538,596dd08d-6e8b-428b-8b92-d33c46096538,49.280416,-123.030748,2,FALSE,FALSE,13663,NA,1783022684,2026-07-02T20:05:32Z,2026-07-02T20:05:32Z,2026-07-02T20:05:32Z,2.2,https://data.lime.bike/api/partners/v2/gbfs/vancouver_bc/gbfs.json,https://data.lime.bike/api/partners/v2/gbfs/vancouver_bc/free_bike_status,2026-07-02T20:05:31Z,2026-07-02T20:05:31Z
lime_vancouver,lime_vancouver_cd05808f-9113-45dc-87f2-25df6e53bf0a,cd05808f-9113-45dc-87f2-25df6e53bf0a,49.289956,-123.130858,2,FALSE,FALSE,9479,NA,1783022684,2026-07-02T20:05:32Z,2026-07-02T20:05:32Z,2026-07-02T20:05:32Z,2.2,https://data.lime.bike/api/partners/v2/gbfs/vancouver_bc/gbfs.json,https://data.lime.bike/api/partners/v2/gbfs/vancouver_bc/free_bike_status,2026-07-02T20:05:31Z,2026-07-02T20:05:31Z
lime_vancouver,lime_vancouver_cca7b73a-030d-4498-b555-531b6e6d2085,cca7b73a-030d-4498-b555-531b6e6d2085,49.277648,-123.095271,2,FALSE,FALSE,40282,NA,1783022684,2026-07-02T20:05:32Z,2026-07-02T20:05:32Z,2026-07-02T20:05:32Z,2.2,https://data.lime.bike/api/partners/v2/gbfs/vancouver_bc/gbfs.json,https://data.lime.bike/api/partners/v2/gbfs/vancouver_bc/free_bike_status,2026-07-02T20:05:31Z,2026-07-02T20:05:31Z
lime_vancouver,lime_vancouver_555ba19c-258f-47ec-b128-30468262653b,555ba19c-258f-47ec-b128-30468262653b,49.265474,-123.143766,2,FALSE,FALSE,15997,NA,1783022684,2026-07-02T20:05:32Z,2026-07-02T20:05:32Z,2026-07-02T20:05:32Z,2.2,https://data.lime.bike/api/partners/v2/gbfs/vancouver_bc/gbfs.json,https://data.lime.bike/api/partners/v2/gbfs/vancouver_bc/free_bike_status,2026-07-02T20:05:31Z,2026-07-02T20:05:31Z
lime_vancouver,lime_vancouver_e02266a4-80a8-4b99-aba1-5bfeced2ad50,e02266a4-80a8-4b99-aba1-5bfeced2ad50,49.267791,-123.069338,2,FALSE,FALSE,29580,NA,1783022684,2026-07-02T20:05:32Z,2026-07-02T20:05:32Z,2026-07-02T20:05:32Z,2.2,https://data.lime.bike/api/partners/v2/gbfs/vancouver_bc/gbfs.json,https://data.lime.bike/api/partners/v2/gbfs/vancouver_bc/free_bike_status,2026-07-02T20:05:31Z,2026-07-02T20:05:31Z
lime_vancouver,lime_vancouver_7e3cf780-5f9e-49bd-a685-1d8549b4e0c4,7e3cf780-5f9e-49bd-a685-1d8549b4e0c4,49.281719,-123.074074,2,FALSE,FALSE,15063,NA,1783022684,2026-07-02T20:05:32Z,2026-07-02T20:05:32Z,2026-07-02T20:05:32Z,2.2,https://data.lime.bike/api/partners/v2/gbfs/vancouver_bc/gbfs.json,https://data.lime.bike/api/partners/v2/gbfs/vancouver_bc/free_bike_status,2026-07-02T20:05:31Z,2026-07-02T20:05:31Z
lime_vancouver,lime_vancouver_bf79eb0a-923d-4058-bbcb-e615b42cf262,bf79eb0a-923d-4058-bbcb-e615b42cf262,49.266203,-123.140678,2,FALSE,FALSE,11330,NA,1783022684,2026-07-02T20:05:32Z,2026-07-02T20:05:32Z,2026-07-02T20:05:32Z,2.2,https://data.lime.bike/api/partners/v2/gbfs/vancouver_bc/gbfs.json,https://data.lime.bike/api/partners/v2/gbfs/vancouver_bc/free_bike_status,2026-07-02T20:05:31Z,2026-07-02T20:05:31Z
lime_vancouver,lime_vancouver_78a88c52-32e6-4956-8863-5a38712e5142,78a88c52-32e6-4956-8863-5a38712e5142,49.276274,-123.115671,2,FALSE,FALSE,18845,NA,1783022684,2026-07-02T20:05:32Z,2026-07-02T20:05:32Z,2026-07-02T20:05:32Z,2.2,https://data.lime.bike/api/partners/v2/gbfs/vancouver_bc/gbfs.json,https://data.lime.bike/api/partners/v2/gbfs/vancouver_bc/free_bike_status,2026-07-02T20:05:31Z,2026-07-02T20:05:31Z
lime_vancouver,lime_vancouver_cfa5d012-3f3f-4972-bed2-d2ef8531a482,cfa5d012-3f3f-4972-bed2-d2ef8531a482,49.264016,-123.104889,2,FALSE,FALSE,37691,NA,1783022684,2026-07-02T20:05:32Z,2026-07-02T20:05:32Z,2026-07-02T20:05:32Z,2.2,https://data.lime.bike/api/partners/v2/gbfs/vancouver_bc/gbfs.json,https://data.lime.bike/api/partners/v2/gbfs/vancouver_bc/free_bike_status,2026-07-02T20:05:31Z,2026-07-02T20:05:31Z
lime_vancouver,lime_vancouver_00b2856d-a226-469f-b18d-197166bce423,00b2856d-a226-469f-b18d-197166bce423,49.227201,-123.074199,2,FALSE,FALSE,34617,NA,1783022684,2026-07-02T20:05:32Z,2026-07-02T20:05:32Z,2026-07-02T20:05:32Z,2.2,https://data.lime.bike/api/partners/v2/gbfs/vancouver_bc/gbfs.json,https://data.lime.bike/api/partners/v2/gbfs/vancouver_bc/free_bike_status,2026-07-02T20:05:31Z,2026-07-02T20:05:31Z
lime_vancouver,lime_vancouver_a09a7750-8a1e-470a-b9ab-e6a00677ef4c,a09a7750-8a1e-470a-b9ab-e6a00677ef4c,49.288558,-123.119826,2,FALSE,FALSE,35631,NA,1783022684,2026-07-02T20:05:32Z,2026-07-02T20:05:32Z,2026-07-02T20:05:32Z,2.2,https://data.lime.bike/api/partners/v2/gbfs/vancouver_bc/gbfs.json,https://data.lime.bike/api/partners/v2/gbfs/vancouver_bc/free_bike_status,2026-07-02T20:05:31Z,2026-07-02T20:05:31Z
lime_vancouver,lime_vancouver_38878d24-afb8-43c8-a107-24c8676386c9,38878d24-afb8-43c8-a107-24c8676386c9,49.263772,-123.131369,2,FALSE,FALSE,33088,NA,1783022684,2026-07-02T20:05:32Z,2026-07-02T20:05:32Z,2026-07-02T20:05:32Z,2.2,https://data.lime.bike/api/partners/v2/gbfs/vancouver_bc/gbfs.json,https://data.lime.bike/api/partners/v2/gbfs/vancouver_bc/free_bike_status,2026-07-02T20:05:31Z,2026-07-02T20:05:31Z
lime_vancouver,lime_vancouver_d7f412b5-9edc-4fd5-832b-a1db7293ce14,d7f412b5-9edc-4fd5-832b-a1db7293ce14,49.262317,-123.133775,2,FALSE,FALSE,20278,NA,1783022684,2026-07-02T20:05:32Z,2026-07-02T20:05:32Z,2026-07-02T20:05:32Z,2.2,https://data.lime.bike/api/partners/v2/gbfs/vancouver_bc/gbfs.json,https://data.lime.bike/api/partners/v2/gbfs/vancouver_bc/free_bike_status,2026-07-02T20:05:31Z,2026-07-02T20:05:31Z
lime_vancouver,lime_vancouver_f519aecd-4030-4d60-b9fb-5fff3724899a,f519aecd-4030-4d60-b9fb-5fff3724899a,49.261593,-123.087433,2,FALSE,FALSE,20278,NA,1783022684,2026-07-02T20:05:32Z,2026-07-02T20:05:32Z,2026-07-02T20:05:32Z,2.2,https://data.lime.bike/api/partners/v2/gbfs/vancouver_bc/gbfs.json,https://data.lime.bike/api/partners/v2/gbfs/vancouver_bc/free_bike_status,2026-07-02T20:05:31Z,2026-07-02T20:05:31Z
lime_vancouver,lime_vancouver_e1218ee4-4930-485d-af2d-2a3f8cd5eea4,e1218ee4-4930-485d-af2d-2a3f8cd5eea4,49.280841,-123.084724,2,FALSE,FALSE,24623,NA,1783022684,2026-07-02T20:05:32Z,2026-07-02T20:05:32Z,2026-07-02T20:05:32Z,2.2,https://data.lime.bike/api/partners/v2/gbfs/vancouver_bc/gbfs.json,https://data.lime.bike/api/partners/v2/gbfs/vancouver_bc/free_bike_status,2026-07-02T20:05:31Z,2026-07-02T20:05:31Z
lime_vancouver,lime_vancouver_9f83613c-eecd-4b0e-a64c-6ecb2e846e92,9f83613c-eecd-4b0e-a64c-6ecb2e846e92,49.283814,-123.097897,2,FALSE,FALSE,11330,NA,1783022684,2026-07-02T20:05:32Z,2026-07-02T20:05:32Z,2026-07-02T20:05:32Z,2.2,https://data.lime.bike/api/partners/v2/gbfs/vancouver_bc/gbfs.json,https://data.lime.bike/api/partners/v2/gbfs/vancouver_bc/free_bike_status,2026-07-02T20:05:31Z,2026-07-02T20:05:31Z
lime_vancouver,lime_vancouver_30f6fe42-2dbf-4eb6-87aa-f3a26543971e,30f6fe42-2dbf-4eb6-87aa-f3a26543971e,49.280277,-123.131608,2,FALSE,FALSE,13197,NA,1783022684,2026-07-02T20:05:32Z,2026-07-02T20:05:32Z,2026-07-02T20:05:32Z,2.2,https://data.lime.bike/api/partners/v2/gbfs/vancouver_bc/gbfs.json,https://data.lime.bike/api/partners/v2/gbfs/vancouver_bc/free_bike_status,2026-07-02T20:05:31Z,2026-07-02T20:05:31Z
lime_vancouver,lime_vancouver_c0acd45d-1c13-4de4-b96c-d3ac8ba18945,c0acd45d-1c13-4de4-b96c-d3ac8ba18945,49.25417,-123.039118,2,FALSE,FALSE,41312,NA,1783022684,2026-07-02T20:05:32Z,2026-07-02T20:05:32Z,2026-07-02T20:05:32Z,2.2,https://data.lime.bike/api/partners/v2/gbfs/vancouver_bc/gbfs.json,https://data.lime.bike/api/partners/v2/gbfs/vancouver_bc/free_bike_status,2026-07-02T20:05:31Z,2026-07-02T20:05:31Z
lime_vancouver,lime_vancouver_dcffd413-9e94-4ff2-8ef6-f8994f25c3fb,dcffd413-9e94-4ff2-8ef6-f8994f25c3fb,49.262516,-123.133682,2,FALSE,FALSE,21243,NA,1783022684,2026-07-02T20:05:32Z,2026-07-02T20:05:32Z,2026-07-02T20:05:32Z,2.2,https://data.lime.bike/api/partners/v2/gbfs/vancouver_bc/gbfs.json,https://data.lime.bike/api/partners/v2/gbfs/vancouver_bc/free_bike_status,2026-07-02T20:05:31Z,2026-07-02T20:05:31Z
lime_vancouver,lime_vancouver_f68b6f05-b09c-4990-a64f-8b8a24b1f37a,f68b6f05-b09c-4990-a64f-8b8a24b1f37a,49.281757,-123.074078,2,FALSE,FALSE,27584,NA,1783022684,2026-07-02T20:05:32Z,2026-07-02T20:05:32Z,2026-07-02T20:05:32Z,2.2,https://data.lime.bike/api/partners/v2/gbfs/vancouver_bc/gbfs.json,https://data.lime.bike/api/partners/v2/gbfs/vancouver_bc/free_bike_status,2026-07-02T20:05:31Z,2026-07-02T20:05:31Z
lime_vancouver,lime_vancouver_04168f5c-9356-4d5a-a771-1c8ffb62270d,04168f5c-9356-4d5a-a771-1c8ffb62270d,49.239983,-123.0741,2,FALSE,FALSE,13197,NA,1783022684,2026-07-02T20:05:32Z,2026-07-02T20:05:32Z,2026-07-02T20:05:32Z,2.2,https://data.lime.bike/api/partners/v2/gbfs/vancouver_bc/gbfs.json,https://data.lime.bike/api/partners/v2/gbfs/vancouver_bc/free_bike_status,2026-07-02T20:05:31Z,2026-07-02T20:05:31Z
lime_vancouver,lime_vancouver_38da095f-c4d9-483b-ae4d-897723f2d0b5,38da095f-c4d9-483b-ae4d-897723f2d0b5,49.285836,-123.135232,2,FALSE,FALSE,17429,NA,1783022684,2026-07-02T20:05:32Z,2026-07-02T20:05:32Z,2026-07-02T20:05:32Z,2.2,https://data.lime.bike/api/partners/v2/gbfs/vancouver_bc/gbfs.json,https://data.lime.bike/api/partners/v2/gbfs/vancouver_bc/free_bike_status,2026-07-02T20:05:31Z,2026-07-02T20:05:31Z
lime_vancouver,lime_vancouver_a397f33a-154f-41ef-a215-7b0bbdb116a2,a397f33a-154f-41ef-a215-7b0bbdb116a2,49.290664,-123.133707,2,FALSE,FALSE,25605,NA,1783022684,2026-07-02T20:05:32Z,2026-07-02T20:05:32Z,2026-07-02T20:05:32Z,2.2,https://data.lime.bike/api/partners/v2/gbfs/vancouver_bc/gbfs.json,https://data.lime.bike/api/partners/v2/gbfs/vancouver_bc/free_bike_status,2026-07-02T20:05:31Z,2026-07-02T20:05:31Z
lime_vancouver,lime_vancouver_a6149845-c32c-4c58-adc8-a8ee2226ce99,a6149845-c32c-4c58-adc8-a8ee2226ce99,49.244797,-123.052141,2,FALSE,FALSE,39767,NA,1783022684,2026-07-02T20:05:32Z,2026-07-02T20:05:32Z,2026-07-02T20:05:32Z,2.2,https://data.lime.bike/api/partners/v2/gbfs/vancouver_bc/gbfs.json,https://data.lime.bike/api/partners/v2/gbfs/vancouver_bc/free_bike_status,2026-07-02T20:05:31Z,2026-07-02T20:05:31Z
lime_vancouver,lime_vancouver_53dbeca1-2ad9-401a-a5eb-6dc80783d394,53dbeca1-2ad9-401a-a5eb-6dc80783d394,49.273098,-123.128473,2,FALSE,FALSE,31575,NA,1783022684,2026-07-02T20:05:32Z,2026-07-02T20:05:32Z,2026-07-02T20:05:32Z,2.2,https://data.lime.bike/api/partners/v2/gbfs/vancouver_bc/gbfs.json,https://data.lime.bike/api/partners/v2/gbfs/vancouver_bc/free_bike_status,2026-07-02T20:05:31Z,2026-07-02T20:05:31Z
lime_vancouver,lime_vancouver_2d59f1c3-3e96-456d-8d6e-d6fe6a8555ee,2d59f1c3-3e96-456d-8d6e-d6fe6a8555ee,49.244793,-123.052144,2,FALSE,FALSE,44354,NA,1783022684,2026-07-02T20:05:32Z,2026-07-02T20:05:32Z,2026-07-02T20:05:32Z,2.2,https://data.lime.bike/api/partners/v2/gbfs/vancouver_bc/gbfs.json,https://data.lime.bike/api/partners/v2/gbfs/vancouver_bc/free_bike_status,2026-07-02T20:05:31Z,2026-07-02T20:05:31Z
lime_vancouver,lime_vancouver_3fb860d1-78f4-4d89-b5c7-026a717a8cb0,3fb860d1-78f4-4d89-b5c7-026a717a8cb0,49.262099,-123.102458,2,FALSE,FALSE,23657,NA,1783022684,2026-07-02T20:05:32Z,2026-07-02T20:05:32Z,2026-07-02T20:05:32Z,2.2,https://data.lime.bike/api/partners/v2/gbfs/vancouver_bc/gbfs.json,https://data.lime.bike/api/partners/v2/gbfs/vancouver_bc/free_bike_status,2026-07-02T20:05:31Z,2026-07-02T20:05:31Z
lime_vancouver,lime_vancouver_b54d4971-21fa-4a85-b152-70b25bae9947,b54d4971-21fa-4a85-b152-70b25bae9947,49.270999,-123.155067,2,FALSE,FALSE,38737,NA,1783022684,2026-07-02T20:05:32Z,2026-07-02T20:05:32Z,2026-07-02T20:05:32Z,2.2,https://data.lime.bike/api/partners/v2/gbfs/vancouver_bc/gbfs.json,https://data.lime.bike/api/partners/v2/gbfs/vancouver_bc/free_bike_status,2026-07-02T20:05:31Z,2026-07-02T20:05:31Z
lime_vancouver,lime_vancouver_73d4712c-9a3c-4587-9337-74fc2a8774e1,73d4712c-9a3c-4587-9337-74fc2a8774e1,49.262657,-123.139236,2,FALSE,FALSE,7194,NA,1783022684,2026-07-02T20:05:32Z,2026-07-02T20:05:32Z,2026-07-02T20:05:32Z,2.2,https://data.lime.bike/api/partners/v2/gbfs/vancouver_bc/gbfs.json,https://data.lime.bike/api/partners/v2/gbfs/vancouver_bc/free_bike_status,2026-07-02T20:05:31Z,2026-07-02T20:05:31Z
lime_vancouver,lime_vancouver_8e1d1fb1-5a3f-47bb-897f-3581f23b6d74,8e1d1fb1-5a3f-47bb-897f-3581f23b6d74,49.244872,-123.052114,2,FALSE,FALSE,31575,NA,1783022684,2026-07-02T20:05:32Z,2026-07-02T20:05:32Z,2026-07-02T20:05:32Z,2.2,https://data.lime.bike/api/partners/v2/gbfs/vancouver_bc/gbfs.json,https://data.lime.bike/api/partners/v2/gbfs/vancouver_bc/free_bike_status,2026-07-02T20:05:31Z,2026-07-02T20:05:31Z
lime_vancouver,lime_vancouver_fc22972a-94a9-4b01-8875-94f437b334e1,fc22972a-94a9-4b01-8875-94f437b334e1,49.247731,-123.073414,2,FALSE,FALSE,28083,NA,1783022684,2026-07-02T20:05:32Z,2026-07-02T20:05:32Z,2026-07-02T20:05:32Z,2.2,https://data.lime.bike/api/partners/v2/gbfs/vancouver_bc/gbfs.json,https://data.lime.bike/api/partners/v2/gbfs/vancouver_bc/free_bike_status,2026-07-02T20:05:31Z,2026-07-02T20:05:31Z
lime_vancouver,lime_vancouver_d44ded94-5a48-4532-8739-8a890bec6cd0,d44ded94-5a48-4532-8739-8a890bec6cd0,49.265263,-123.135675,2,FALSE,FALSE,8562,NA,1783022684,2026-07-02T20:05:32Z,2026-07-02T20:05:32Z,2026-07-02T20:05:32Z,2.2,https://data.lime.bike/api/partners/v2/gbfs/vancouver_bc/gbfs.json,https://data.lime.bike/api/partners/v2/gbfs/vancouver_bc/free_bike_status,2026-07-02T20:05:31Z,2026-07-02T20:05:31Z
lime_vancouver,lime_vancouver_6337ef4f-3a6e-4554-88c0-78814379cf18,6337ef4f-3a6e-4554-88c0-78814379cf18,49.274099,-123.028685,2,FALSE,FALSE,8562,NA,1783022684,2026-07-02T20:05:32Z,2026-07-02T20:05:32Z,2026-07-02T20:05:32Z,2.2,https://data.lime.bike/api/partners/v2/gbfs/vancouver_bc/gbfs.json,https://data.lime.bike/api/partners/v2/gbfs/vancouver_bc/free_bike_status,2026-07-02T20:05:31Z,2026-07-02T20:05:31Z
lime_vancouver,lime_vancouver_660a8d07-7146-4a87-860b-ab8491833004,660a8d07-7146-4a87-860b-ab8491833004,49.238791,-123.026919,2,FALSE,FALSE,32589,NA,1783022684,2026-07-02T20:05:32Z,2026-07-02T20:05:32Z,2026-07-02T20:05:32Z,2.2,https://data.lime.bike/api/partners/v2/gbfs/vancouver_bc/gbfs.json,https://data.lime.bike/api/partners/v2/gbfs/vancouver_bc/free_bike_status,2026-07-02T20:05:31Z,2026-07-02T20:05:31Z
lime_vancouver,lime_vancouver_7743be8c-3a02-4382-8960-181f41f6ebf0,7743be8c-3a02-4382-8960-181f41f6ebf0,49.271272,-123.135141,2,FALSE,FALSE,6293,NA,1783022684,2026-07-02T20:05:32Z,2026-07-02T20:05:32Z,2026-07-02T20:05:32Z,2.2,https://data.lime.bike/api/partners/v2/gbfs/vancouver_bc/gbfs.json,https://data.lime.bike/api/partners/v2/gbfs/vancouver_bc/free_bike_status,2026-07-02T20:05:31Z,2026-07-02T20:05:31Z
lime_vancouver,lime_vancouver_8e76cfbd-7a2f-4b78-9f66-ccfb4f5edc62,8e76cfbd-7a2f-4b78-9f66-ccfb4f5edc62,49.264651,-123.148484,2,FALSE,FALSE,18379,NA,1783022684,2026-07-02T20:05:32Z,2026-07-02T20:05:32Z,2026-07-02T20:05:32Z,2.2,https://data.lime.bike/api/partners/v2/gbfs/vancouver_bc/gbfs.json,https://data.lime.bike/api/partners/v2/gbfs/vancouver_bc/free_bike_status,2026-07-02T20:05:31Z,2026-07-02T20:05:31Z
lime_vancouver,lime_vancouver_9b2b44fc-08a2-43a1-bc75-0ba0b7b00c59,9b2b44fc-08a2-43a1-bc75-0ba0b7b00c59,49.283658,-123.110736,2,FALSE,FALSE,5842,NA,1783022684,2026-07-02T20:05:32Z,2026-07-02T20:05:32Z,2026-07-02T20:05:32Z,2.2,https://data.lime.bike/api/partners/v2/gbfs/vancouver_bc/gbfs.json,https://data.lime.bike/api/partners/v2/gbfs/vancouver_bc/free_bike_status,2026-07-02T20:05:31Z,2026-07-02T20:05:31Z
lime_vancouver,lime_vancouver_44ce39eb-31ca-4afd-baeb-dc17f6a2ec8c,44ce39eb-31ca-4afd-baeb-dc17f6a2ec8c,49.281479,-123.057846,2,FALSE,FALSE,2784,NA,1783022684,2026-07-02T20:05:32Z,2026-07-02T20:05:32Z,2026-07-02T20:05:32Z,2.2,https://data.lime.bike/api/partners/v2/gbfs/vancouver_bc/gbfs.json,https://data.lime.bike/api/partners/v2/gbfs/vancouver_bc/free_bike_status,2026-07-02T20:05:31Z,2026-07-02T20:05:31Z
lime_vancouver,lime_vancouver_a944076e-01e6-4cf9-84c2-65c7fa8e3502,a944076e-01e6-4cf9-84c2-65c7fa8e3502,49.235451,-123.030946,2,FALSE,FALSE,11796,NA,1783022684,2026-07-02T20:05:32Z,2026-07-02T20:05:32Z,2026-07-02T20:05:32Z,2.2,https://data.lime.bike/api/partners/v2/gbfs/vancouver_bc/gbfs.json,https://data.lime.bike/api/partners/v2/gbfs/vancouver_bc/free_bike_status,2026-07-02T20:05:31Z,2026-07-02T20:05:31Z
lime_vancouver,lime_vancouver_e5d6bbe0-d151-4e83-8c3c-20d9799d17f8,e5d6bbe0-d151-4e83-8c3c-20d9799d17f8,49.268019,-123.155232,2,FALSE,FALSE,7660,NA,1783022684,2026-07-02T20:05:32Z,2026-07-02T20:05:32Z,2026-07-02T20:05:32Z,2.2,https://data.lime.bike/api/partners/v2/gbfs/vancouver_bc/gbfs.json,https://data.lime.bike/api/partners/v2/gbfs/vancouver_bc/free_bike_status,2026-07-02T20:05:31Z,2026-07-02T20:05:31Z
lime_vancouver,lime_vancouver_635ac4bc-1fa6-4d86-b6e9-d297c0126d20,635ac4bc-1fa6-4d86-b6e9-d297c0126d20,49.283179,-123.115916,2,FALSE,FALSE,38206,NA,1783022684,2026-07-02T20:05:32Z,2026-07-02T20:05:32Z,2026-07-02T20:05:32Z,2.2,https://data.lime.bike/api/partners/v2/gbfs/vancouver_bc/gbfs.json,https://data.lime.bike/api/partners/v2/gbfs/vancouver_bc/free_bike_status,2026-07-02T20:05:31Z,2026-07-02T20:05:31Z
lime_vancouver,lime_vancouver_0bcc537a-77d3-4498-9851-3407fa0f76eb,0bcc537a-77d3-4498-9851-3407fa0f76eb,49.273099,-123.069295,2,FALSE,FALSE,29580,NA,1783022684,2026-07-02T20:05:32Z,2026-07-02T20:05:32Z,2026-07-02T20:05:32Z,2.2,https://data.lime.bike/api/partners/v2/gbfs/vancouver_bc/gbfs.json,https://data.lime.bike/api/partners/v2/gbfs/vancouver_bc/free_bike_status,2026-07-02T20:05:31Z,2026-07-02T20:05:31Z
lime_vancouver,lime_vancouver_bfa9fa63-ff44-49f9-bd9c-9675919a46ce,bfa9fa63-ff44-49f9-bd9c-9675919a46ce,49.281229,-123.107532,2,FALSE,FALSE,12730,NA,1783022684,2026-07-02T20:05:32Z,2026-07-02T20:05:32Z,2026-07-02T20:05:32Z,2.2,https://data.lime.bike/api/partners/v2/gbfs/vancouver_bc/gbfs.json,https://data.lime.bike/api/partners/v2/gbfs/vancouver_bc/free_bike_status,2026-07-02T20:05:31Z,2026-07-02T20:05:31Z
lime_vancouver,lime_vancouver_33d95736-e600-4150-8909-b8f52ca72421,33d95736-e600-4150-8909-b8f52ca72421,49.290556,-123.044173,2,FALSE,FALSE,9479,NA,1783022684,2026-07-02T20:05:32Z,2026-07-02T20:05:32Z,2026-07-02T20:05:32Z,2.2,https://data.lime.bike/api/partners/v2/gbfs/vancouver_bc/gbfs.json,https://data.lime.bike/api/partners/v2/gbfs/vancouver_bc/free_bike_status,2026-07-02T20:05:31Z,2026-07-02T20:05:31Z
lime_vancouver,lime_vancouver_2038d2c1-5152-418e-a029-4145ecf2c3e6,2038d2c1-5152-418e-a029-4145ecf2c3e6,49.235214,-123.037607,2,FALSE,FALSE,9946,NA,1783022684,2026-07-02T20:05:32Z,2026-07-02T20:05:32Z,2026-07-02T20:05:32Z,2.2,https://data.lime.bike/api/partners/v2/gbfs/vancouver_bc/gbfs.json,https://data.lime.bike/api/partners/v2/gbfs/vancouver_bc/free_bike_status,2026-07-02T20:05:31Z,2026-07-02T20:05:31Z
lime_vancouver,lime_vancouver_66c2cda3-0ea2-4c99-987d-24079b1780a3,66c2cda3-0ea2-4c99-987d-24079b1780a3,49.266199,-123.098817,2,FALSE,FALSE,38206,NA,1783022684,2026-07-02T20:05:32Z,2026-07-02T20:05:32Z,2026-07-02T20:05:32Z,2.2,https://data.lime.bike/api/partners/v2/gbfs/vancouver_bc/gbfs.json,https://data.lime.bike/api/partners/v2/gbfs/vancouver_bc/free_bike_status,2026-07-02T20:05:31Z,2026-07-02T20:05:31Z
lime_vancouver,lime_vancouver_b153469f-231e-455e-bd1d-2f380a736452,b153469f-231e-455e-bd1d-2f380a736452,49.262632,-123.13914,2,FALSE,FALSE,30079,NA,1783022684,2026-07-02T20:05:32Z,2026-07-02T20:05:32Z,2026-07-02T20:05:32Z,2.2,https://data.lime.bike/api/partners/v2/gbfs/vancouver_bc/gbfs.json,https://data.lime.bike/api/partners/v2/gbfs/vancouver_bc/free_bike_status,2026-07-02T20:05:31Z,2026-07-02T20:05:31Z
lime_vancouver,lime_vancouver_4b378fa6-76f8-454a-80f6-7d87074bce83,4b378fa6-76f8-454a-80f6-7d87074bce83,49.262737,-123.146157,2,FALSE,FALSE,7194,NA,1783022684,2026-07-02T20:05:32Z,2026-07-02T20:05:32Z,2026-07-02T20:05:32Z,2.2,https://data.lime.bike/api/partners/v2/gbfs/vancouver_bc/gbfs.json,https://data.lime.bike/api/partners/v2/gbfs/vancouver_bc/free_bike_status,2026-07-02T20:05:31Z,2026-07-02T20:05:31Z
lime_vancouver,lime_vancouver_dc1dc547-f58b-4dae-89a1-e2571325590c,dc1dc547-f58b-4dae-89a1-e2571325590c,49.238786,-123.026898,2,FALSE,FALSE,27085,NA,1783022684,2026-07-02T20:05:32Z,2026-07-02T20:05:32Z,2026-07-02T20:05:32Z,2.2,https://data.lime.bike/api/partners/v2/gbfs/vancouver_bc/gbfs.json,https://data.lime.bike/api/partners/v2/gbfs/vancouver_bc/free_bike_status,2026-07-02T20:05:31Z,2026-07-02T20:05:31Z
lime_vancouver,lime_vancouver_8a77b43d-c983-4e22-8782-01e0cb68689d,8a77b43d-c983-4e22-8782-01e0cb68689d,49.280295,-123.11133,2,FALSE,FALSE,10863,NA,1783022684,2026-07-02T20:05:32Z,2026-07-02T20:05:32Z,2026-07-02T20:05:32Z,2.2,https://data.lime.bike/api/partners/v2/gbfs/vancouver_bc/gbfs.json,https://data.lime.bike/api/partners/v2/gbfs/vancouver_bc/free_bike_status,2026-07-02T20:05:31Z,2026-07-02T20:05:31Z
lime_vancouver,lime_vancouver_fdef9b94-c7b0-4a9d-a95c-cf20ab7f842d,fdef9b94-c7b0-4a9d-a95c-cf20ab7f842d,49.281855,-123.120405,2,FALSE,FALSE,12730,NA,1783022684,2026-07-02T20:05:32Z,2026-07-02T20:05:32Z,2026-07-02T20:05:32Z,2.2,https://data.lime.bike/api/partners/v2/gbfs/vancouver_bc/gbfs.json,https://data.lime.bike/api/partners/v2/gbfs/vancouver_bc/free_bike_status,2026-07-02T20:05:31Z,2026-07-02T20:05:31Z
lime_vancouver,lime_vancouver_3ff850c3-66c8-4f1c-962a-d0566480d926,3ff850c3-66c8-4f1c-962a-d0566480d926,49.247693,-123.073441,2,FALSE,FALSE,32090,NA,1783022684,2026-07-02T20:05:32Z,2026-07-02T20:05:32Z,2026-07-02T20:05:32Z,2.2,https://data.lime.bike/api/partners/v2/gbfs/vancouver_bc/gbfs.json,https://data.lime.bike/api/partners/v2/gbfs/vancouver_bc/free_bike_status,2026-07-02T20:05:31Z,2026-07-02T20:05:31Z
lime_vancouver,lime_vancouver_4e45fbee-11e6-41db-956e-80c3c0b19bb8,4e45fbee-11e6-41db-956e-80c3c0b19bb8,49.279574,-123.102464,2,FALSE,FALSE,7660,NA,1783022684,2026-07-02T20:05:32Z,2026-07-02T20:05:32Z,2026-07-02T20:05:32Z,2.2,https://data.lime.bike/api/partners/v2/gbfs/vancouver_bc/gbfs.json,https://data.lime.bike/api/partners/v2/gbfs/vancouver_bc/free_bike_status,2026-07-02T20:05:31Z,2026-07-02T20:05:31Z
lime_vancouver,lime_vancouver_96c3b73c-e1c6-490a-83b2-0fbf27076631,96c3b73c-e1c6-490a-83b2-0fbf27076631,49.26617,-123.140668,2,FALSE,FALSE,39252,NA,1783022684,2026-07-02T20:05:32Z,2026-07-02T20:05:32Z,2026-07-02T20:05:32Z,2.2,https://data.lime.bike/api/partners/v2/gbfs/vancouver_bc/gbfs.json,https://data.lime.bike/api/partners/v2/gbfs/vancouver_bc/free_bike_status,2026-07-02T20:05:31Z,2026-07-02T20:05:31Z
lime_vancouver,lime_vancouver_e0f74d6c-6fbf-4ad2-9ccd-465d2cb927f3,e0f74d6c-6fbf-4ad2-9ccd-465d2cb927f3,49.244826,-123.045977,2,FALSE,FALSE,26586,NA,1783022684,2026-07-02T20:05:32Z,2026-07-02T20:05:32Z,2026-07-02T20:05:32Z,2.2,https://data.lime.bike/api/partners/v2/gbfs/vancouver_bc/gbfs.json,https://data.lime.bike/api/partners/v2/gbfs/vancouver_bc/free_bike_status,2026-07-02T20:05:31Z,2026-07-02T20:05:31Z
lime_vancouver,lime_vancouver_459003e3-afd8-46c4-853b-84d359250036,459003e3-afd8-46c4-853b-84d359250036,49.25074,-123.083755,2,FALSE,FALSE,8111,NA,1783022684,2026-07-02T20:05:32Z,2026-07-02T20:05:32Z,2026-07-02T20:05:32Z,2.2,https://data.lime.bike/api/partners/v2/gbfs/vancouver_bc/gbfs.json,https://data.lime.bike/api/partners/v2/gbfs/vancouver_bc/free_bike_status,2026-07-02T20:05:31Z,2026-07-02T20:05:31Z
lime_vancouver,lime_vancouver_7135bbfc-cf43-4644-87d7-4eba240fb93d,7135bbfc-cf43-4644-87d7-4eba240fb93d,49.280922,-123.089557,2,FALSE,FALSE,32589,NA,1783022684,2026-07-02T20:05:32Z,2026-07-02T20:05:32Z,2026-07-02T20:05:32Z,2.2,https://data.lime.bike/api/partners/v2/gbfs/vancouver_bc/gbfs.json,https://data.lime.bike/api/partners/v2/gbfs/vancouver_bc/free_bike_status,2026-07-02T20:05:31Z,2026-07-02T20:05:31Z
lime_vancouver,lime_vancouver_f342da7b-560b-43c4-9ac1-918eff12eb47,f342da7b-560b-43c4-9ac1-918eff12eb47,49.242404,-123.049112,2,FALSE,FALSE,31076,NA,1783022684,2026-07-02T20:05:32Z,2026-07-02T20:05:32Z,2026-07-02T20:05:32Z,2.2,https://data.lime.bike/api/partners/v2/gbfs/vancouver_bc/gbfs.json,https://data.lime.bike/api/partners/v2/gbfs/vancouver_bc/free_bike_status,2026-07-02T20:05:31Z,2026-07-02T20:05:31Z
lime_vancouver,lime_vancouver_f95437d6-005e-4eb8-937d-095626d18d26,f95437d6-005e-4eb8-937d-095626d18d26,49.277592,-123.095244,2,FALSE,FALSE,4957,NA,1783022684,2026-07-02T20:05:32Z,2026-07-02T20:05:32Z,2026-07-02T20:05:32Z,2.2,https://data.lime.bike/api/partners/v2/gbfs/vancouver_bc/gbfs.json,https://data.lime.bike/api/partners/v2/gbfs/vancouver_bc/free_bike_status,2026-07-02T20:05:31Z,2026-07-02T20:05:31Z
lime_vancouver,lime_vancouver_b0dc3f36-2067-4e1f-a5d3-fb94aa7c59c4,b0dc3f36-2067-4e1f-a5d3-fb94aa7c59c4,49.262736,-123.14629,2,FALSE,FALSE,19811,NA,1783022684,2026-07-02T20:05:32Z,2026-07-02T20:05:32Z,2026-07-02T20:05:32Z,2.2,https://data.lime.bike/api/partners/v2/gbfs/vancouver_bc/gbfs.json,https://data.lime.bike/api/partners/v2/gbfs/vancouver_bc/free_bike_status,2026-07-02T20:05:31Z,2026-07-02T20:05:31Z
lime_vancouver,lime_vancouver_7c70aa5d-1844-4b05-a718-1033b8618155,7c70aa5d-1844-4b05-a718-1033b8618155,49.229304,-123.030194,2,FALSE,FALSE,34102,NA,1783022684,2026-07-02T20:05:32Z,2026-07-02T20:05:32Z,2026-07-02T20:05:32Z,2.2,https://data.lime.bike/api/partners/v2/gbfs/vancouver_bc/gbfs.json,https://data.lime.bike/api/partners/v2/gbfs/vancouver_bc/free_bike_status,2026-07-02T20:05:31Z,2026-07-02T20:05:31Z
lime_vancouver,lime_vancouver_3a9c5407-3619-4587-b047-329326da36a9,3a9c5407-3619-4587-b047-329326da36a9,49.281634,-123.120661,2,FALSE,FALSE,6293,NA,1783022684,2026-07-02T20:05:32Z,2026-07-02T20:05:32Z,2026-07-02T20:05:32Z,2.2,https://data.lime.bike/api/partners/v2/gbfs/vancouver_bc/gbfs.json,https://data.lime.bike/api/partners/v2/gbfs/vancouver_bc/free_bike_status,2026-07-02T20:05:31Z,2026-07-02T20:05:31Z
lime_vancouver,lime_vancouver_900c4196-2774-4dca-a98b-9e2d7c169198,900c4196-2774-4dca-a98b-9e2d7c169198,49.238648,-123.05167,2,FALSE,FALSE,13663,NA,1783022684,2026-07-02T20:05:32Z,2026-07-02T20:05:32Z,2026-07-02T20:05:32Z,2.2,https://data.lime.bike/api/partners/v2/gbfs/vancouver_bc/gbfs.json,https://data.lime.bike/api/partners/v2/gbfs/vancouver_bc/free_bike_status,2026-07-02T20:05:31Z,2026-07-02T20:05:31Z
lime_vancouver,lime_vancouver_4c4d8b21-8a5e-4071-a7df-2cf182c03259,4c4d8b21-8a5e-4071-a7df-2cf182c03259,49.27311,-123.069094,2,FALSE,FALSE,32090,NA,1783022684,2026-07-02T20:05:32Z,2026-07-02T20:05:32Z,2026-07-02T20:05:32Z,2.2,https://data.lime.bike/api/partners/v2/gbfs/vancouver_bc/gbfs.json,https://data.lime.bike/api/partners/v2/gbfs/vancouver_bc/free_bike_status,2026-07-02T20:05:31Z,2026-07-02T20:05:31Z
lime_vancouver,lime_vancouver_1832c17c-eb61-4388-b875-5560255767c6,1832c17c-eb61-4388-b875-5560255767c6,49.280977,-123.089473,2,FALSE,FALSE,28083,NA,1783022684,2026-07-02T20:05:32Z,2026-07-02T20:05:32Z,2026-07-02T20:05:32Z,2.2,https://data.lime.bike/api/partners/v2/gbfs/vancouver_bc/gbfs.json,https://data.lime.bike/api/partners/v2/gbfs/vancouver_bc/free_bike_status,2026-07-02T20:05:31Z,2026-07-02T20:05:31Z
lime_vancouver,lime_vancouver_4070ad19-3ba7-473c-a9a0-e0aacca24c39,4070ad19-3ba7-473c-a9a0-e0aacca24c39,49.280023,-123.131848,2,FALSE,FALSE,30079,NA,1783022684,2026-07-02T20:05:32Z,2026-07-02T20:05:32Z,2026-07-02T20:05:32Z,2.2,https://data.lime.bike/api/partners/v2/gbfs/vancouver_bc/gbfs.json,https://data.lime.bike/api/partners/v2/gbfs/vancouver_bc/free_bike_status,2026-07-02T20:05:31Z,2026-07-02T20:05:31Z
lime_vancouver,lime_vancouver_725d994b-8185-4848-92d4-102b2afcd252,725d994b-8185-4848-92d4-102b2afcd252,49.28313,-123.046665,2,FALSE,FALSE,15530,NA,1783022684,2026-07-02T20:05:32Z,2026-07-02T20:05:32Z,2026-07-02T20:05:32Z,2.2,https://data.lime.bike/api/partners/v2/gbfs/vancouver_bc/gbfs.json,https://data.lime.bike/api/partners/v2/gbfs/vancouver_bc/free_bike_status,2026-07-02T20:05:31Z,2026-07-02T20:05:31Z
lime_vancouver,lime_vancouver_150ddc4a-d840-48f0-b4fe-cd75c3354902,150ddc4a-d840-48f0-b4fe-cd75c3354902,49.283175,-123.115945,2,FALSE,FALSE,41312,NA,1783022684,2026-07-02T20:05:32Z,2026-07-02T20:05:32Z,2026-07-02T20:05:32Z,2.2,https://data.lime.bike/api/partners/v2/gbfs/vancouver_bc/gbfs.json,https://data.lime.bike/api/partners/v2/gbfs/vancouver_bc/free_bike_status,2026-07-02T20:05:31Z,2026-07-02T20:05:31Z
lime_vancouver,lime_vancouver_aaa17379-8d92-4796-bd37-1da85d8db57a,aaa17379-8d92-4796-bd37-1da85d8db57a,49.266554,-123.112241,2,FALSE,FALSE,37176,NA,1783022684,2026-07-02T20:05:32Z,2026-07-02T20:05:32Z,2026-07-02T20:05:32Z,2.2,https://data.lime.bike/api/partners/v2/gbfs/vancouver_bc/gbfs.json,https://data.lime.bike/api/partners/v2/gbfs/vancouver_bc/free_bike_status,2026-07-02T20:05:31Z,2026-07-02T20:05:31Z
lime_vancouver,lime_vancouver_ac8b97ad-a77c-4ed4-994d-362c43360751,ac8b97ad-a77c-4ed4-994d-362c43360751,49.252367,-123.034064,2,FALSE,FALSE,9028,NA,1783022684,2026-07-02T20:05:32Z,2026-07-02T20:05:32Z,2026-07-02T20:05:32Z,2.2,https://data.lime.bike/api/partners/v2/gbfs/vancouver_bc/gbfs.json,https://data.lime.bike/api/partners/v2/gbfs/vancouver_bc/free_bike_status,2026-07-02T20:05:31Z,2026-07-02T20:05:31Z
lime_vancouver,lime_vancouver_96213402-7899-45e8-ac73-7817a1dcf65e,96213402-7899-45e8-ac73-7817a1dcf65e,49.28851,-123.046815,2,FALSE,FALSE,19328,NA,1783022684,2026-07-02T20:05:32Z,2026-07-02T20:05:32Z,2026-07-02T20:05:32Z,2.2,https://data.lime.bike/api/partners/v2/gbfs/vancouver_bc/gbfs.json,https://data.lime.bike/api/partners/v2/gbfs/vancouver_bc/free_bike_status,2026-07-02T20:05:31Z,2026-07-02T20:05:31Z
lime_vancouver,lime_vancouver_3ec464f6-25ae-4e8a-b40b-e0d52c854020,3ec464f6-25ae-4e8a-b40b-e0d52c854020,49.232622,-123.051738,2,FALSE,FALSE,31076,NA,1783022684,2026-07-02T20:05:32Z,2026-07-02T20:05:32Z,2026-07-02T20:05:32Z,2.2,https://data.lime.bike/api/partners/v2/gbfs/vancouver_bc/gbfs.json,https://data.lime.bike/api/partners/v2/gbfs/vancouver_bc/free_bike_status,2026-07-02T20:05:31Z,2026-07-02T20:05:31Z
lime_vancouver,lime_vancouver_5caeaa71-4127-491d-9143-e1eae5579045,5caeaa71-4127-491d-9143-e1eae5579045,49.252391,-123.034126,2,FALSE,FALSE,15530,NA,1783022684,2026-07-02T20:05:32Z,2026-07-02T20:05:32Z,2026-07-02T20:05:32Z,2.2,https://data.lime.bike/api/partners/v2/gbfs/vancouver_bc/gbfs.json,https://data.lime.bike/api/partners/v2/gbfs/vancouver_bc/free_bike_status,2026-07-02T20:05:31Z,2026-07-02T20:05:31Z
lime_vancouver,lime_vancouver_f990ed89-58f0-41ad-965e-9d755a50a618,f990ed89-58f0-41ad-965e-9d755a50a618,49.259299,-123.045374,2,FALSE,FALSE,39767,NA,1783022684,2026-07-02T20:05:32Z,2026-07-02T20:05:32Z,2026-07-02T20:05:32Z,2.2,https://data.lime.bike/api/partners/v2/gbfs/vancouver_bc/gbfs.json,https://data.lime.bike/api/partners/v2/gbfs/vancouver_bc/free_bike_status,2026-07-02T20:05:31Z,2026-07-02T20:05:31Z
lime_vancouver,lime_vancouver_dc4f481d-eaf6-4f97-addc-b25ef60e6cce,dc4f481d-eaf6-4f97-addc-b25ef60e6cce,49.263689,-123.157618,2,FALSE,FALSE,44354,NA,1783022684,2026-07-02T20:05:32Z,2026-07-02T20:05:32Z,2026-07-02T20:05:32Z,2.2,https://data.lime.bike/api/partners/v2/gbfs/vancouver_bc/gbfs.json,https://data.lime.bike/api/partners/v2/gbfs/vancouver_bc/free_bike_status,2026-07-02T20:05:31Z,2026-07-02T20:05:31Z
lime_vancouver,lime_vancouver_deb6ef8b-4981-49d3-907e-b89bf7daf670,deb6ef8b-4981-49d3-907e-b89bf7daf670,49.263771,-123.070002,2,FALSE,FALSE,4072,NA,1783022684,2026-07-02T20:05:32Z,2026-07-02T20:05:32Z,2026-07-02T20:05:32Z,2.2,https://data.lime.bike/api/partners/v2/gbfs/vancouver_bc/gbfs.json,https://data.lime.bike/api/partners/v2/gbfs/vancouver_bc/free_bike_status,2026-07-02T20:05:31Z,2026-07-02T20:05:31Z
lime_vancouver,lime_vancouver_c73088d3-531c-496f-bbde-4e7a055ca23f,c73088d3-531c-496f-bbde-4e7a055ca23f,49.244863,-123.045999,2,FALSE,FALSE,40797,NA,1783022684,2026-07-02T20:05:32Z,2026-07-02T20:05:32Z,2026-07-02T20:05:32Z,2.2,https://data.lime.bike/api/partners/v2/gbfs/vancouver_bc/gbfs.json,https://data.lime.bike/api/partners/v2/gbfs/vancouver_bc/free_bike_status,2026-07-02T20:05:31Z,2026-07-02T20:05:31Z
lime_vancouver,lime_vancouver_0ba17cdd-4404-440c-bfe2-2079203950ed,0ba17cdd-4404-440c-bfe2-2079203950ed,49.283786,-123.097871,2,FALSE,FALSE,13197,NA,1783022684,2026-07-02T20:05:32Z,2026-07-02T20:05:32Z,2026-07-02T20:05:32Z,2.2,https://data.lime.bike/api/partners/v2/gbfs/vancouver_bc/gbfs.json,https://data.lime.bike/api/partners/v2/gbfs/vancouver_bc/free_bike_status,2026-07-02T20:05:31Z,2026-07-02T20:05:31Z
lime_vancouver,lime_vancouver_a85124da-8398-4df6-9e3b-4a251efca010,a85124da-8398-4df6-9e3b-4a251efca010,49.254029,-123.083657,2,FALSE,FALSE,23657,NA,1783022684,2026-07-02T20:05:32Z,2026-07-02T20:05:32Z,2026-07-02T20:05:32Z,2.2,https://data.lime.bike/api/partners/v2/gbfs/vancouver_bc/gbfs.json,https://data.lime.bike/api/partners/v2/gbfs/vancouver_bc/free_bike_status,2026-07-02T20:05:31Z,2026-07-02T20:05:31Z
lime_vancouver,lime_vancouver_63667a18-032f-41ac-b106-1eaafa14ce27,63667a18-032f-41ac-b106-1eaafa14ce27,49.265136,-123.124926,2,FALSE,FALSE,14130,NA,1783022684,2026-07-02T20:05:32Z,2026-07-02T20:05:32Z,2026-07-02T20:05:32Z,2.2,https://data.lime.bike/api/partners/v2/gbfs/vancouver_bc/gbfs.json,https://data.lime.bike/api/partners/v2/gbfs/vancouver_bc/free_bike_status,2026-07-02T20:05:31Z,2026-07-02T20:05:31Z
lime_vancouver,lime_vancouver_cae8a5e9-e403-4578-bac7-0f1aaab7a8ed,cae8a5e9-e403-4578-bac7-0f1aaab7a8ed,49.238633,-123.051713,2,FALSE,FALSE,38737,NA,1783022684,2026-07-02T20:05:32Z,2026-07-02T20:05:32Z,2026-07-02T20:05:32Z,2.2,https://data.lime.bike/api/partners/v2/gbfs/vancouver_bc/gbfs.json,https://data.lime.bike/api/partners/v2/gbfs/vancouver_bc/free_bike_status,2026-07-02T20:05:31Z,2026-07-02T20:05:31Z
lime_vancouver,lime_vancouver_f7dbe63f-7772-40a5-b979-fec110bd09f6,f7dbe63f-7772-40a5-b979-fec110bd09f6,49.28097,-123.089484,2,FALSE,FALSE,8111,NA,1783022684,2026-07-02T20:05:32Z,2026-07-02T20:05:32Z,2026-07-02T20:05:32Z,2.2,https://data.lime.bike/api/partners/v2/gbfs/vancouver_bc/gbfs.json,https://data.lime.bike/api/partners/v2/gbfs/vancouver_bc/free_bike_status,2026-07-02T20:05:31Z,2026-07-02T20:05:31Z
lime_vancouver,lime_vancouver_42e6b49d-044f-485a-bd10-9a5ec2fdbaca,42e6b49d-044f-485a-bd10-9a5ec2fdbaca,49.231093,-123.032616,2,FALSE,FALSE,26586,NA,1783022684,2026-07-02T20:05:32Z,2026-07-02T20:05:32Z,2026-07-02T20:05:32Z,2.2,https://data.lime.bike/api/partners/v2/gbfs/vancouver_bc/gbfs.json,https://data.lime.bike/api/partners/v2/gbfs/vancouver_bc/free_bike_status,2026-07-02T20:05:31Z,2026-07-02T20:05:31Z
lime_vancouver,lime_vancouver_125d1986-756f-4e7c-ab90-82915264fc79,125d1986-756f-4e7c-ab90-82915264fc79,49.28579,-123.135179,2,FALSE,FALSE,44869,NA,1783022684,2026-07-02T20:05:32Z,2026-07-02T20:05:32Z,2026-07-02T20:05:32Z,2.2,https://data.lime.bike/api/partners/v2/gbfs/vancouver_bc/gbfs.json,https://data.lime.bike/api/partners/v2/gbfs/vancouver_bc/free_bike_status,2026-07-02T20:05:31Z,2026-07-02T20:05:31Z
lime_vancouver,lime_vancouver_3c12c675-abb5-4f11-8f22-f9fc61cbb380,3c12c675-abb5-4f11-8f22-f9fc61cbb380,49.250717,-123.083769,2,FALSE,FALSE,5842,NA,1783022684,2026-07-02T20:05:32Z,2026-07-02T20:05:32Z,2026-07-02T20:05:32Z,2.2,https://data.lime.bike/api/partners/v2/gbfs/vancouver_bc/gbfs.json,https://data.lime.bike/api/partners/v2/gbfs/vancouver_bc/free_bike_status,2026-07-02T20:05:31Z,2026-07-02T20:05:31Z
lime_vancouver,lime_vancouver_ed558352-e05e-4c91-be3b-dfb4ef7b22e1,ed558352-e05e-4c91-be3b-dfb4ef7b22e1,49.283894,-123.089532,2,FALSE,FALSE,9479,NA,1783022684,2026-07-02T20:05:32Z,2026-07-02T20:05:32Z,2026-07-02T20:05:32Z,2.2,https://data.lime.bike/api/partners/v2/gbfs/vancouver_bc/gbfs.json,https://data.lime.bike/api/partners/v2/gbfs/vancouver_bc/free_bike_status,2026-07-02T20:05:31Z,2026-07-02T20:05:31Z
lime_vancouver,lime_vancouver_29baaaa1-3f32-4725-a40e-5f9e44419d3a,29baaaa1-3f32-4725-a40e-5f9e44419d3a,49.265261,-123.135787,2,FALSE,FALSE,8562,NA,1783022684,2026-07-02T20:05:32Z,2026-07-02T20:05:32Z,2026-07-02T20:05:32Z,2.2,https://data.lime.bike/api/partners/v2/gbfs/vancouver_bc/gbfs.json,https://data.lime.bike/api/partners/v2/gbfs/vancouver_bc/free_bike_status,2026-07-02T20:05:31Z,2026-07-02T20:05:31Z
lime_vancouver,lime_vancouver_4e191650-352b-451f-b761-eb11cf86ab20,4e191650-352b-451f-b761-eb11cf86ab20,49.256454,-123.034167,2,FALSE,FALSE,41312,NA,1783022684,2026-07-02T20:05:32Z,2026-07-02T20:05:32Z,2026-07-02T20:05:32Z,2.2,https://data.lime.bike/api/partners/v2/gbfs/vancouver_bc/gbfs.json,https://data.lime.bike/api/partners/v2/gbfs/vancouver_bc/free_bike_status,2026-07-02T20:05:31Z,2026-07-02T20:05:31Z
lime_vancouver,lime_vancouver_e0b888c4-ae32-4040-b82b-1a09bd40a7ed,e0b888c4-ae32-4040-b82b-1a09bd40a7ed,49.285063,-123.095182,2,FALSE,FALSE,30578,NA,1783022684,2026-07-02T20:05:32Z,2026-07-02T20:05:32Z,2026-07-02T20:05:32Z,2.2,https://data.lime.bike/api/partners/v2/gbfs/vancouver_bc/gbfs.json,https://data.lime.bike/api/partners/v2/gbfs/vancouver_bc/free_bike_status,2026-07-02T20:05:31Z,2026-07-02T20:05:31Z
lime_vancouver,lime_vancouver_528f7a5b-b931-4b75-9b71-17f8fbafd831,528f7a5b-b931-4b75-9b71-17f8fbafd831,49.280275,-123.131656,2,FALSE,FALSE,32589,NA,1783022684,2026-07-02T20:05:32Z,2026-07-02T20:05:32Z,2026-07-02T20:05:32Z,2.2,https://data.lime.bike/api/partners/v2/gbfs/vancouver_bc/gbfs.json,https://data.lime.bike/api/partners/v2/gbfs/vancouver_bc/free_bike_status,2026-07-02T20:05:31Z,2026-07-02T20:05:31Z
lime_vancouver,lime_vancouver_61aff8d2-f489-4f66-9068-94004b8c0736,61aff8d2-f489-4f66-9068-94004b8c0736,49.28411,-123.132559,2,FALSE,FALSE,30079,NA,1783022684,2026-07-02T20:05:32Z,2026-07-02T20:05:32Z,2026-07-02T20:05:32Z,2.2,https://data.lime.bike/api/partners/v2/gbfs/vancouver_bc/gbfs.json,https://data.lime.bike/api/partners/v2/gbfs/vancouver_bc/free_bike_status,2026-07-02T20:05:31Z,2026-07-02T20:05:31Z
lime_vancouver,lime_vancouver_aeb7d1e5-fb8d-47fd-92a7-aafaebb11d70,aeb7d1e5-fb8d-47fd-92a7-aafaebb11d70,49.231109,-123.032632,2,FALSE,FALSE,9479,NA,1783022684,2026-07-02T20:05:32Z,2026-07-02T20:05:32Z,2026-07-02T20:05:32Z,2.2,https://data.lime.bike/api/partners/v2/gbfs/vancouver_bc/gbfs.json,https://data.lime.bike/api/partners/v2/gbfs/vancouver_bc/free_bike_status,2026-07-02T20:05:31Z,2026-07-02T20:05:31Z
lime_vancouver,lime_vancouver_9632576c-cc2b-4ccd-93df-85122353414e,9632576c-cc2b-4ccd-93df-85122353414e,49.258695,-123.049844,2,FALSE,FALSE,25122,NA,1783022684,2026-07-02T20:05:32Z,2026-07-02T20:05:32Z,2026-07-02T20:05:32Z,2.2,https://data.lime.bike/api/partners/v2/gbfs/vancouver_bc/gbfs.json,https://data.lime.bike/api/partners/v2/gbfs/vancouver_bc/free_bike_status,2026-07-02T20:05:31Z,2026-07-02T20:05:31Z
lime_vancouver,lime_vancouver_4dfd9469-486d-488a-a5b7-40b097c71525,4dfd9469-486d-488a-a5b7-40b097c71525,49.280843,-123.025565,2,FALSE,FALSE,7194,NA,1783022684,2026-07-02T20:05:32Z,2026-07-02T20:05:32Z,2026-07-02T20:05:32Z,2.2,https://data.lime.bike/api/partners/v2/gbfs/vancouver_bc/gbfs.json,https://data.lime.bike/api/partners/v2/gbfs/vancouver_bc/free_bike_status,2026-07-02T20:05:31Z,2026-07-02T20:05:31Z
lime_vancouver,lime_vancouver_b61ea226-9f06-4fec-b46e-33dba2ef9e9c,b61ea226-9f06-4fec-b46e-33dba2ef9e9c,49.267952,-123.15523,2,FALSE,FALSE,35631,NA,1783022684,2026-07-02T20:05:32Z,2026-07-02T20:05:32Z,2026-07-02T20:05:32Z,2.2,https://data.lime.bike/api/partners/v2/gbfs/vancouver_bc/gbfs.json,https://data.lime.bike/api/partners/v2/gbfs/vancouver_bc/free_bike_status,2026-07-02T20:05:31Z,2026-07-02T20:05:31Z
lime_vancouver,lime_vancouver_bb212614-f39c-4dd0-82ce-a4357062b42b,bb212614-f39c-4dd0-82ce-a4357062b42b,49.286509,-123.140034,2,FALSE,FALSE,46381,NA,1783022684,2026-07-02T20:05:32Z,2026-07-02T20:05:32Z,2026-07-02T20:05:32Z,2.2,https://data.lime.bike/api/partners/v2/gbfs/vancouver_bc/gbfs.json,https://data.lime.bike/api/partners/v2/gbfs/vancouver_bc/free_bike_status,2026-07-02T20:05:31Z,2026-07-02T20:05:31Z
lime_vancouver,lime_vancouver_5de02010-0359-4db3-b304-088970fd43b2,5de02010-0359-4db3-b304-088970fd43b2,49.274102,-123.028669,2,FALSE,FALSE,17896,NA,1783022684,2026-07-02T20:05:32Z,2026-07-02T20:05:32Z,2026-07-02T20:05:32Z,2.2,https://data.lime.bike/api/partners/v2/gbfs/vancouver_bc/gbfs.json,https://data.lime.bike/api/partners/v2/gbfs/vancouver_bc/free_bike_status,2026-07-02T20:05:31Z,2026-07-02T20:05:31Z
lime_vancouver,lime_vancouver_730dfbfd-ab10-4c10-83cc-9d9cea659b4f,730dfbfd-ab10-4c10-83cc-9d9cea659b4f,49.279581,-123.102368,2,FALSE,FALSE,36146,NA,1783022684,2026-07-02T20:05:32Z,2026-07-02T20:05:32Z,2026-07-02T20:05:32Z,2.2,https://data.lime.bike/api/partners/v2/gbfs/vancouver_bc/gbfs.json,https://data.lime.bike/api/partners/v2/gbfs/vancouver_bc/free_bike_status,2026-07-02T20:05:31Z,2026-07-02T20:05:31Z
lime_vancouver,lime_vancouver_dedfe8af-e56f-4a68-b01c-08a0f92ed1bf,dedfe8af-e56f-4a68-b01c-08a0f92ed1bf,49.283192,-123.115689,2,FALSE,FALSE,7660,NA,1783022684,2026-07-02T20:05:32Z,2026-07-02T20:05:32Z,2026-07-02T20:05:32Z,2.2,https://data.lime.bike/api/partners/v2/gbfs/vancouver_bc/gbfs.json,https://data.lime.bike/api/partners/v2/gbfs/vancouver_bc/free_bike_status,2026-07-02T20:05:31Z,2026-07-02T20:05:31Z
lime_vancouver,lime_vancouver_adaab77c-6fdc-4e8e-97a3-4d7e5f429138,adaab77c-6fdc-4e8e-97a3-4d7e5f429138,49.250782,-123.083814,2,FALSE,FALSE,23175,NA,1783022684,2026-07-02T20:05:32Z,2026-07-02T20:05:32Z,2026-07-02T20:05:32Z,2.2,https://data.lime.bike/api/partners/v2/gbfs/vancouver_bc/gbfs.json,https://data.lime.bike/api/partners/v2/gbfs/vancouver_bc/free_bike_status,2026-07-02T20:05:31Z,2026-07-02T20:05:31Z
lime_vancouver,lime_vancouver_46864147-1a03-4a7c-b113-d54dcc8c5cd8,46864147-1a03-4a7c-b113-d54dcc8c5cd8,49.238569,-123.051704,2,FALSE,FALSE,43340,NA,1783022684,2026-07-02T20:05:32Z,2026-07-02T20:05:32Z,2026-07-02T20:05:32Z,2.2,https://data.lime.bike/api/partners/v2/gbfs/vancouver_bc/gbfs.json,https://data.lime.bike/api/partners/v2/gbfs/vancouver_bc/free_bike_status,2026-07-02T20:05:31Z,2026-07-02T20:05:31Z
lime_vancouver,lime_vancouver_6bf938ef-8769-4928-a76e-bf122c62c896,6bf938ef-8769-4928-a76e-bf122c62c896,49.240744,-123.038007,2,FALSE,FALSE,15063,NA,1783022684,2026-07-02T20:05:32Z,2026-07-02T20:05:32Z,2026-07-02T20:05:32Z,2.2,https://data.lime.bike/api/partners/v2/gbfs/vancouver_bc/gbfs.json,https://data.lime.bike/api/partners/v2/gbfs/vancouver_bc/free_bike_status,2026-07-02T20:05:31Z,2026-07-02T20:05:31Z
lime_vancouver,lime_vancouver_939d26b7-dc6b-471c-af0e-913ccff8ad6a,939d26b7-dc6b-471c-af0e-913ccff8ad6a,49.286619,-123.122461,2,FALSE,FALSE,14130,NA,1783022684,2026-07-02T20:05:32Z,2026-07-02T20:05:32Z,2026-07-02T20:05:32Z,2.2,https://data.lime.bike/api/partners/v2/gbfs/vancouver_bc/gbfs.json,https://data.lime.bike/api/partners/v2/gbfs/vancouver_bc/free_bike_status,2026-07-02T20:05:31Z,2026-07-02T20:05:31Z
lime_vancouver,lime_vancouver_0e669eb5-f18a-4afc-a382-1105608324bd,0e669eb5-f18a-4afc-a382-1105608324bd,49.231049,-123.032545,2,FALSE,FALSE,13197,NA,1783022684,2026-07-02T20:05:32Z,2026-07-02T20:05:32Z,2026-07-02T20:05:32Z,2.2,https://data.lime.bike/api/partners/v2/gbfs/vancouver_bc/gbfs.json,https://data.lime.bike/api/partners/v2/gbfs/vancouver_bc/free_bike_status,2026-07-02T20:05:31Z,2026-07-02T20:05:31Z
lime_vancouver,lime_vancouver_8b6c7df1-e2fa-4f7a-b5ad-f847988eeebb,8b6c7df1-e2fa-4f7a-b5ad-f847988eeebb,49.232908,-123.074216,2,FALSE,FALSE,15063,NA,1783022684,2026-07-02T20:05:32Z,2026-07-02T20:05:32Z,2026-07-02T20:05:32Z,2.2,https://data.lime.bike/api/partners/v2/gbfs/vancouver_bc/gbfs.json,https://data.lime.bike/api/partners/v2/gbfs/vancouver_bc/free_bike_status,2026-07-02T20:05:31Z,2026-07-02T20:05:31Z
lime_vancouver,lime_vancouver_82eab6ff-34e7-47ac-9721-d3034b60c917,82eab6ff-34e7-47ac-9721-d3034b60c917,49.287944,-123.130265,2,FALSE,FALSE,11330,NA,1783022684,2026-07-02T20:05:32Z,2026-07-02T20:05:32Z,2026-07-02T20:05:32Z,2.2,https://data.lime.bike/api/partners/v2/gbfs/vancouver_bc/gbfs.json,https://data.lime.bike/api/partners/v2/gbfs/vancouver_bc/free_bike_status,2026-07-02T20:05:31Z,2026-07-02T20:05:31Z
lime_vancouver,lime_vancouver_7d3fc362-717e-4d7e-bd8d-3b4ed1a0f59c,7d3fc362-717e-4d7e-bd8d-3b4ed1a0f59c,49.266242,-123.098881,2,FALSE,FALSE,10412,NA,1783022684,2026-07-02T20:05:32Z,2026-07-02T20:05:32Z,2026-07-02T20:05:32Z,2.2,https://data.lime.bike/api/partners/v2/gbfs/vancouver_bc/gbfs.json,https://data.lime.bike/api/partners/v2/gbfs/vancouver_bc/free_bike_status,2026-07-02T20:05:31Z,2026-07-02T20:05:31Z
lime_vancouver,lime_vancouver_e5d4c03d-8c44-4a85-b30c-01adb5254cd5,e5d4c03d-8c44-4a85-b30c-01adb5254cd5,49.28508,-123.09524,2,FALSE,FALSE,12730,NA,1783022684,2026-07-02T20:05:32Z,2026-07-02T20:05:32Z,2026-07-02T20:05:32Z,2.2,https://data.lime.bike/api/partners/v2/gbfs/vancouver_bc/gbfs.json,https://data.lime.bike/api/partners/v2/gbfs/vancouver_bc/free_bike_status,2026-07-02T20:05:31Z,2026-07-02T20:05:31Z
lime_vancouver,lime_vancouver_0440f8be-d934-458c-b596-d0676d69d982,0440f8be-d934-458c-b596-d0676d69d982,49.282922,-123.106257,2,FALSE,FALSE,10863,NA,1783022684,2026-07-02T20:05:32Z,2026-07-02T20:05:32Z,2026-07-02T20:05:32Z,2.2,https://data.lime.bike/api/partners/v2/gbfs/vancouver_bc/gbfs.json,https://data.lime.bike/api/partners/v2/gbfs/vancouver_bc/free_bike_status,2026-07-02T20:05:31Z,2026-07-02T20:05:31Z
lime_vancouver,lime_vancouver_8d0c2b69-2c28-4d2a-b86f-99cb6120c9b4,8d0c2b69-2c28-4d2a-b86f-99cb6120c9b4,49.260888,-123.062475,2,FALSE,FALSE,8111,NA,1783022684,2026-07-02T20:05:32Z,2026-07-02T20:05:32Z,2026-07-02T20:05:32Z,2.2,https://data.lime.bike/api/partners/v2/gbfs/vancouver_bc/gbfs.json,https://data.lime.bike/api/partners/v2/gbfs/vancouver_bc/free_bike_status,2026-07-02T20:05:31Z,2026-07-02T20:05:31Z
lime_vancouver,lime_vancouver_1b8ded75-d02d-4326-8606-01200c3a71ed,1b8ded75-d02d-4326-8606-01200c3a71ed,49.274625,-123.087163,2,FALSE,FALSE,21726,NA,1783022684,2026-07-02T20:05:32Z,2026-07-02T20:05:32Z,2026-07-02T20:05:32Z,2.2,https://data.lime.bike/api/partners/v2/gbfs/vancouver_bc/gbfs.json,https://data.lime.bike/api/partners/v2/gbfs/vancouver_bc/free_bike_status,2026-07-02T20:05:31Z,2026-07-02T20:05:31Z
lime_vancouver,lime_vancouver_baaeb04f-142e-4567-83fa-89af72e3c084,baaeb04f-142e-4567-83fa-89af72e3c084,49.262146,-123.111238,2,FALSE,FALSE,32090,NA,1783022684,2026-07-02T20:05:32Z,2026-07-02T20:05:32Z,2026-07-02T20:05:32Z,2.2,https://data.lime.bike/api/partners/v2/gbfs/vancouver_bc/gbfs.json,https://data.lime.bike/api/partners/v2/gbfs/vancouver_bc/free_bike_status,2026-07-02T20:05:31Z,2026-07-02T20:05:31Z
lime_vancouver,lime_vancouver_070c5ab4-d2bf-4858-8e8a-77fc34c7376d,070c5ab4-d2bf-4858-8e8a-77fc34c7376d,49.262234,-123.115595,2,FALSE,FALSE,14597,NA,1783022684,2026-07-02T20:05:32Z,2026-07-02T20:05:32Z,2026-07-02T20:05:32Z,2.2,https://data.lime.bike/api/partners/v2/gbfs/vancouver_bc/gbfs.json,https://data.lime.bike/api/partners/v2/gbfs/vancouver_bc/free_bike_status,2026-07-02T20:05:31Z,2026-07-02T20:05:31Z
lime_vancouver,lime_vancouver_2395c5c3-7261-4abc-89c4-06c4d05eb2d8,2395c5c3-7261-4abc-89c4-06c4d05eb2d8,49.23524,-123.037576,2,FALSE,FALSE,36661,NA,1783022684,2026-07-02T20:05:32Z,2026-07-02T20:05:32Z,2026-07-02T20:05:32Z,2.2,https://data.lime.bike/api/partners/v2/gbfs/vancouver_bc/gbfs.json,https://data.lime.bike/api/partners/v2/gbfs/vancouver_bc/free_bike_status,2026-07-02T20:05:31Z,2026-07-02T20:05:31Z
lime_vancouver,lime_vancouver_2711153b-3472-45ba-87f2-6a7a73f9b4e3,2711153b-3472-45ba-87f2-6a7a73f9b4e3,49.261491,-123.079712,2,FALSE,FALSE,31575,NA,1783022684,2026-07-02T20:05:32Z,2026-07-02T20:05:32Z,2026-07-02T20:05:32Z,2.2,https://data.lime.bike/api/partners/v2/gbfs/vancouver_bc/gbfs.json,https://data.lime.bike/api/partners/v2/gbfs/vancouver_bc/free_bike_status,2026-07-02T20:05:31Z,2026-07-02T20:05:31Z
lime_vancouver,lime_vancouver_6452b802-fd5a-4998-9ff2-7d2151562deb,6452b802-fd5a-4998-9ff2-7d2151562deb,49.269727,-123.13562,2,FALSE,FALSE,14130,NA,1783022684,2026-07-02T20:05:32Z,2026-07-02T20:05:32Z,2026-07-02T20:05:32Z,2.2,https://data.lime.bike/api/partners/v2/gbfs/vancouver_bc/gbfs.json,https://data.lime.bike/api/partners/v2/gbfs/vancouver_bc/free_bike_status,2026-07-02T20:05:31Z,2026-07-02T20:05:31Z
lime_vancouver,lime_vancouver_857a3a95-d337-49de-9e50-3b9faed003fd,857a3a95-d337-49de-9e50-3b9faed003fd,49.260884,-123.062456,2,FALSE,FALSE,44869,NA,1783022684,2026-07-02T20:05:32Z,2026-07-02T20:05:32Z,2026-07-02T20:05:32Z,2.2,https://data.lime.bike/api/partners/v2/gbfs/vancouver_bc/gbfs.json,https://data.lime.bike/api/partners/v2/gbfs/vancouver_bc/free_bike_status,2026-07-02T20:05:31Z,2026-07-02T20:05:31Z
lime_vancouver,lime_vancouver_2d87c245-51b0-451d-9455-ac600e56f384,2d87c245-51b0-451d-9455-ac600e56f384,49.266188,-123.140689,2,FALSE,FALSE,24623,NA,1783022684,2026-07-02T20:05:32Z,2026-07-02T20:05:32Z,2026-07-02T20:05:32Z,2.2,https://data.lime.bike/api/partners/v2/gbfs/vancouver_bc/gbfs.json,https://data.lime.bike/api/partners/v2/gbfs/vancouver_bc/free_bike_status,2026-07-02T20:05:31Z,2026-07-02T20:05:31Z
lime_vancouver,lime_vancouver_a1a53f80-2075-4ae9-b3a8-6a5537294ffc,a1a53f80-2075-4ae9-b3a8-6a5537294ffc,49.236904,-123.074415,2,FALSE,FALSE,5842,NA,1783022684,2026-07-02T20:05:32Z,2026-07-02T20:05:32Z,2026-07-02T20:05:32Z,2.2,https://data.lime.bike/api/partners/v2/gbfs/vancouver_bc/gbfs.json,https://data.lime.bike/api/partners/v2/gbfs/vancouver_bc/free_bike_status,2026-07-02T20:05:31Z,2026-07-02T20:05:31Z
lime_vancouver,lime_vancouver_6e44ece3-30f6-417a-a86d-4d482398f20e,6e44ece3-30f6-417a-a86d-4d482398f20e,49.28399,-123.089686,2,FALSE,FALSE,11330,NA,1783022684,2026-07-02T20:05:32Z,2026-07-02T20:05:32Z,2026-07-02T20:05:32Z,2.2,https://data.lime.bike/api/partners/v2/gbfs/vancouver_bc/gbfs.json,https://data.lime.bike/api/partners/v2/gbfs/vancouver_bc/free_bike_status,2026-07-02T20:05:31Z,2026-07-02T20:05:31Z
lime_vancouver,lime_vancouver_0aaf7c32-67fb-4b9d-95e8-d712797a4756,0aaf7c32-67fb-4b9d-95e8-d712797a4756,49.266648000000004,-123.050625,2,FALSE,FALSE,29081,NA,1783022684,2026-07-02T20:05:32Z,2026-07-02T20:05:32Z,2026-07-02T20:05:32Z,2.2,https://data.lime.bike/api/partners/v2/gbfs/vancouver_bc/gbfs.json,https://data.lime.bike/api/partners/v2/gbfs/vancouver_bc/free_bike_status,2026-07-02T20:05:31Z,2026-07-02T20:05:31Z
lime_vancouver,lime_vancouver_f09f30eb-ef3a-4f02-bc72-2c60e7a72658,f09f30eb-ef3a-4f02-bc72-2c60e7a72658,49.274034,-123.073129,2,FALSE,FALSE,4072,NA,1783022684,2026-07-02T20:05:32Z,2026-07-02T20:05:32Z,2026-07-02T20:05:32Z,2.2,https://data.lime.bike/api/partners/v2/gbfs/vancouver_bc/gbfs.json,https://data.lime.bike/api/partners/v2/gbfs/vancouver_bc/free_bike_status,2026-07-02T20:05:31Z,2026-07-02T20:05:31Z
lime_vancouver,lime_vancouver_99129556-b31a-4287-834e-317135928fe6,99129556-b31a-4287-834e-317135928fe6,49.264648,-123.14837,2,FALSE,FALSE,18379,NA,1783022684,2026-07-02T20:05:32Z,2026-07-02T20:05:32Z,2026-07-02T20:05:32Z,2.2,https://data.lime.bike/api/partners/v2/gbfs/vancouver_bc/gbfs.json,https://data.lime.bike/api/partners/v2/gbfs/vancouver_bc/free_bike_status,2026-07-02T20:05:31Z,2026-07-02T20:05:31Z
lime_vancouver,lime_vancouver_5a113f6a-5992-4566-9b59-6cf48fe5a2be,5a113f6a-5992-4566-9b59-6cf48fe5a2be,49.271863,-123.164677,2,FALSE,FALSE,40282,NA,1783022684,2026-07-02T20:05:32Z,2026-07-02T20:05:32Z,2026-07-02T20:05:32Z,2.2,https://data.lime.bike/api/partners/v2/gbfs/vancouver_bc/gbfs.json,https://data.lime.bike/api/partners/v2/gbfs/vancouver_bc/free_bike_status,2026-07-02T20:05:31Z,2026-07-02T20:05:31Z
lime_vancouver,lime_vancouver_8863f2e3-e918-45a7-856c-03a201601641,8863f2e3-e918-45a7-856c-03a201601641,49.231061,-123.03254,2,FALSE,FALSE,43855,NA,1783022684,2026-07-02T20:05:32Z,2026-07-02T20:05:32Z,2026-07-02T20:05:32Z,2.2,https://data.lime.bike/api/partners/v2/gbfs/vancouver_bc/gbfs.json,https://data.lime.bike/api/partners/v2/gbfs/vancouver_bc/free_bike_status,2026-07-02T20:05:31Z,2026-07-02T20:05:31Z
lime_vancouver,lime_vancouver_d8ce9967-c767-4871-bf48-6ce1ac5ed454,d8ce9967-c767-4871-bf48-6ce1ac5ed454,49.247728,-123.073444,2,FALSE,FALSE,32589,NA,1783022684,2026-07-02T20:05:32Z,2026-07-02T20:05:32Z,2026-07-02T20:05:32Z,2.2,https://data.lime.bike/api/partners/v2/gbfs/vancouver_bc/gbfs.json,https://data.lime.bike/api/partners/v2/gbfs/vancouver_bc/free_bike_status,2026-07-02T20:05:31Z,2026-07-02T20:05:31Z
lime_vancouver,lime_vancouver_be140862-64f1-4f0f-bfc7-8ce3ca0e59f5,be140862-64f1-4f0f-bfc7-8ce3ca0e59f5,49.229304,-123.030177,2,FALSE,FALSE,9946,NA,1783022684,2026-07-02T20:05:32Z,2026-07-02T20:05:32Z,2026-07-02T20:05:32Z,2.2,https://data.lime.bike/api/partners/v2/gbfs/vancouver_bc/gbfs.json,https://data.lime.bike/api/partners/v2/gbfs/vancouver_bc/free_bike_status,2026-07-02T20:05:31Z,2026-07-02T20:05:31Z
lime_vancouver,lime_vancouver_4eb38c5e-fc70-414d-9487-f556518e940c,4eb38c5e-fc70-414d-9487-f556518e940c,49.265871,-123.097139,2,FALSE,FALSE,14597,NA,1783022684,2026-07-02T20:05:32Z,2026-07-02T20:05:32Z,2026-07-02T20:05:32Z,2.2,https://data.lime.bike/api/partners/v2/gbfs/vancouver_bc/gbfs.json,https://data.lime.bike/api/partners/v2/gbfs/vancouver_bc/free_bike_status,2026-07-02T20:05:31Z,2026-07-02T20:05:31Z
lime_vancouver,lime_vancouver_45aa6428-2a82-4e75-b4f2-b1982418e8c7,45aa6428-2a82-4e75-b4f2-b1982418e8c7,49.280175,-123.131655,2,FALSE,FALSE,33088,NA,1783022684,2026-07-02T20:05:32Z,2026-07-02T20:05:32Z,2026-07-02T20:05:32Z,2.2,https://data.lime.bike/api/partners/v2/gbfs/vancouver_bc/gbfs.json,https://data.lime.bike/api/partners/v2/gbfs/vancouver_bc/free_bike_status,2026-07-02T20:05:31Z,2026-07-02T20:05:31Z
lime_vancouver,lime_vancouver_4e682dae-d446-4de0-a4a2-ebfce792e882,4e682dae-d446-4de0-a4a2-ebfce792e882,49.288077,-123.116191,2,FALSE,FALSE,4072,NA,1783022684,2026-07-02T20:05:32Z,2026-07-02T20:05:32Z,2026-07-02T20:05:32Z,2.2,https://data.lime.bike/api/partners/v2/gbfs/vancouver_bc/gbfs.json,https://data.lime.bike/api/partners/v2/gbfs/vancouver_bc/free_bike_status,2026-07-02T20:05:31Z,2026-07-02T20:05:31Z
lime_vancouver,lime_vancouver_f70efb4b-81c6-4bbc-a29c-f0f2ea6a312a,f70efb4b-81c6-4bbc-a29c-f0f2ea6a312a,49.264939,-123.164948,2,FALSE,FALSE,9479,NA,1783022684,2026-07-02T20:05:32Z,2026-07-02T20:05:32Z,2026-07-02T20:05:32Z,2.2,https://data.lime.bike/api/partners/v2/gbfs/vancouver_bc/gbfs.json,https://data.lime.bike/api/partners/v2/gbfs/vancouver_bc/free_bike_status,2026-07-02T20:05:31Z,2026-07-02T20:05:31Z
lime_vancouver,lime_vancouver_024f4752-e0a2-4b13-a31e-cfc3c6581325,024f4752-e0a2-4b13-a31e-cfc3c6581325,49.283162,-123.115493,2,FALSE,FALSE,28083,NA,1783022684,2026-07-02T20:05:32Z,2026-07-02T20:05:32Z,2026-07-02T20:05:32Z,2.2,https://data.lime.bike/api/partners/v2/gbfs/vancouver_bc/gbfs.json,https://data.lime.bike/api/partners/v2/gbfs/vancouver_bc/free_bike_status,2026-07-02T20:05:31Z,2026-07-02T20:05:31Z
lime_vancouver,lime_vancouver_2365d970-6bf1-45d3-9755-4ec70e0dd0d3,2365d970-6bf1-45d3-9755-4ec70e0dd0d3,49.26255,-123.119842,2,FALSE,FALSE,5407,NA,1783022684,2026-07-02T20:05:32Z,2026-07-02T20:05:32Z,2026-07-02T20:05:32Z,2.2,https://data.lime.bike/api/partners/v2/gbfs/vancouver_bc/gbfs.json,https://data.lime.bike/api/partners/v2/gbfs/vancouver_bc/free_bike_status,2026-07-02T20:05:31Z,2026-07-02T20:05:31Z
lime_vancouver,lime_vancouver_9ba45810-d23c-4d1e-8aa1-2f96d60507f4,9ba45810-d23c-4d1e-8aa1-2f96d60507f4,49.262192,-123.115549,2,FALSE,FALSE,8562,NA,1783022684,2026-07-02T20:05:32Z,2026-07-02T20:05:32Z,2026-07-02T20:05:32Z,2.2,https://data.lime.bike/api/partners/v2/gbfs/vancouver_bc/gbfs.json,https://data.lime.bike/api/partners/v2/gbfs/vancouver_bc/free_bike_status,2026-07-02T20:05:31Z,2026-07-02T20:05:31Z
lime_vancouver,lime_vancouver_9f42190c-9c11-4e73-a970-1f7f17fd8545,9f42190c-9c11-4e73-a970-1f7f17fd8545,49.264898,-123.117099,2,FALSE,FALSE,26104,NA,1783022684,2026-07-02T20:05:32Z,2026-07-02T20:05:32Z,2026-07-02T20:05:32Z,2.2,https://data.lime.bike/api/partners/v2/gbfs/vancouver_bc/gbfs.json,https://data.lime.bike/api/partners/v2/gbfs/vancouver_bc/free_bike_status,2026-07-02T20:05:31Z,2026-07-02T20:05:31Z
lime_vancouver,lime_vancouver_0023f855-5af0-439a-8d17-b96831463f7b,0023f855-5af0-439a-8d17-b96831463f7b,49.280938,-123.089455,2,FALSE,FALSE,43855,NA,1783022684,2026-07-02T20:05:32Z,2026-07-02T20:05:32Z,2026-07-02T20:05:32Z,2.2,https://data.lime.bike/api/partners/v2/gbfs/vancouver_bc/gbfs.json,https://data.lime.bike/api/partners/v2/gbfs/vancouver_bc/free_bike_status,2026-07-02T20:05:31Z,2026-07-02T20:05:31Z
lime_vancouver,lime_vancouver_569963b7-ff01-463c-809e-5aa8a559b7ad,569963b7-ff01-463c-809e-5aa8a559b7ad,49.263727,-123.131344,2,FALSE,FALSE,22692,NA,1783022684,2026-07-02T20:05:32Z,2026-07-02T20:05:32Z,2026-07-02T20:05:32Z,2.2,https://data.lime.bike/api/partners/v2/gbfs/vancouver_bc/gbfs.json,https://data.lime.bike/api/partners/v2/gbfs/vancouver_bc/free_bike_status,2026-07-02T20:05:31Z,2026-07-02T20:05:31Z
lime_vancouver,lime_vancouver_91825c8d-98ac-41e0-bbdc-a35618b81f85,91825c8d-98ac-41e0-bbdc-a35618b81f85,49.285757,-123.130936,2,FALSE,FALSE,20278,NA,1783022684,2026-07-02T20:05:32Z,2026-07-02T20:05:32Z,2026-07-02T20:05:32Z,2.2,https://data.lime.bike/api/partners/v2/gbfs/vancouver_bc/gbfs.json,https://data.lime.bike/api/partners/v2/gbfs/vancouver_bc/free_bike_status,2026-07-02T20:05:31Z,2026-07-02T20:05:31Z
lime_vancouver,lime_vancouver_a536d3c9-13d2-4bba-9474-e9e88bcc518b,a536d3c9-13d2-4bba-9474-e9e88bcc518b,49.244802,-123.045943,2,FALSE,FALSE,17896,NA,1783022684,2026-07-02T20:05:32Z,2026-07-02T20:05:32Z,2026-07-02T20:05:32Z,2.2,https://data.lime.bike/api/partners/v2/gbfs/vancouver_bc/gbfs.json,https://data.lime.bike/api/partners/v2/gbfs/vancouver_bc/free_bike_status,2026-07-02T20:05:31Z,2026-07-02T20:05:31Z
lime_vancouver,lime_vancouver_e0c8fc10-7834-4b40-a737-0c9f611006de,e0c8fc10-7834-4b40-a737-0c9f611006de,49.26683,-123.049614,2,FALSE,FALSE,45882,NA,1783022684,2026-07-02T20:05:32Z,2026-07-02T20:05:32Z,2026-07-02T20:05:32Z,2.2,https://data.lime.bike/api/partners/v2/gbfs/vancouver_bc/gbfs.json,https://data.lime.bike/api/partners/v2/gbfs/vancouver_bc/free_bike_status,2026-07-02T20:05:31Z,2026-07-02T20:05:31Z
lime_vancouver,lime_vancouver_aa077217-c10e-4415-bfe1-617b06f8434b,aa077217-c10e-4415-bfe1-617b06f8434b,49.246684,-123.060165,2,FALSE,FALSE,22209,NA,1783022684,2026-07-02T20:05:32Z,2026-07-02T20:05:32Z,2026-07-02T20:05:32Z,2.2,https://data.lime.bike/api/partners/v2/gbfs/vancouver_bc/gbfs.json,https://data.lime.bike/api/partners/v2/gbfs/vancouver_bc/free_bike_status,2026-07-02T20:05:31Z,2026-07-02T20:05:31Z
lime_vancouver,lime_vancouver_20d68648-8aad-4e62-a39c-1c3e0ff28f1a,20d68648-8aad-4e62-a39c-1c3e0ff28f1a,49.26227,-123.104995,2,FALSE,FALSE,7194,NA,1783022684,2026-07-02T20:05:32Z,2026-07-02T20:05:32Z,2026-07-02T20:05:32Z,2.2,https://data.lime.bike/api/partners/v2/gbfs/vancouver_bc/gbfs.json,https://data.lime.bike/api/partners/v2/gbfs/vancouver_bc/free_bike_status,2026-07-02T20:05:31Z,2026-07-02T20:05:31Z
lime_vancouver,lime_vancouver_0b39cd46-fdb2-47a5-9acf-55624dc814c9,0b39cd46-fdb2-47a5-9acf-55624dc814c9,49.275032,-123.049663,2,FALSE,FALSE,40797,NA,1783022684,2026-07-02T20:05:32Z,2026-07-02T20:05:32Z,2026-07-02T20:05:32Z,2.2,https://data.lime.bike/api/partners/v2/gbfs/vancouver_bc/gbfs.json,https://data.lime.bike/api/partners/v2/gbfs/vancouver_bc/free_bike_status,2026-07-02T20:05:31Z,2026-07-02T20:05:31Z
lime_vancouver,lime_vancouver_5b596b49-6d0f-4422-af34-396454a20433,5b596b49-6d0f-4422-af34-396454a20433,49.266417,-123.148356,2,FALSE,FALSE,6743,NA,1783022684,2026-07-02T20:05:32Z,2026-07-02T20:05:32Z,2026-07-02T20:05:32Z,2.2,https://data.lime.bike/api/partners/v2/gbfs/vancouver_bc/gbfs.json,https://data.lime.bike/api/partners/v2/gbfs/vancouver_bc/free_bike_status,2026-07-02T20:05:31Z,2026-07-02T20:05:31Z
lime_vancouver,lime_vancouver_2456c139-8a70-41ee-ad34-538b862179f3,2456c139-8a70-41ee-ad34-538b862179f3,49.2837,-123.112542,2,FALSE,FALSE,4957,NA,1783022684,2026-07-02T20:05:32Z,2026-07-02T20:05:32Z,2026-07-02T20:05:32Z,2.2,https://data.lime.bike/api/partners/v2/gbfs/vancouver_bc/gbfs.json,https://data.lime.bike/api/partners/v2/gbfs/vancouver_bc/free_bike_status,2026-07-02T20:05:31Z,2026-07-02T20:05:31Z
lime_vancouver,lime_vancouver_4cd100f4-3a5d-46ba-ab37-9f3b56863132,4cd100f4-3a5d-46ba-ab37-9f3b56863132,49.286444,-123.122372,2,FALSE,FALSE,35631,NA,1783022684,2026-07-02T20:05:32Z,2026-07-02T20:05:32Z,2026-07-02T20:05:32Z,2.2,https://data.lime.bike/api/partners/v2/gbfs/vancouver_bc/gbfs.json,https://data.lime.bike/api/partners/v2/gbfs/vancouver_bc/free_bike_status,2026-07-02T20:05:31Z,2026-07-02T20:05:31Z
lime_vancouver,lime_vancouver_fea1e814-d529-4565-b00a-b36e71bf4f6d,fea1e814-d529-4565-b00a-b36e71bf4f6d,49.265871,-123.041482,2,FALSE,FALSE,22209,NA,1783022684,2026-07-02T20:05:32Z,2026-07-02T20:05:32Z,2026-07-02T20:05:32Z,2.2,https://data.lime.bike/api/partners/v2/gbfs/vancouver_bc/gbfs.json,https://data.lime.bike/api/partners/v2/gbfs/vancouver_bc/free_bike_status,2026-07-02T20:05:31Z,2026-07-02T20:05:31Z
lime_vancouver,lime_vancouver_08a24275-95e3-4540-b9b5-7db044c4dfc3,08a24275-95e3-4540-b9b5-7db044c4dfc3,49.238587,-123.051724,2,FALSE,FALSE,8562,NA,1783022684,2026-07-02T20:05:32Z,2026-07-02T20:05:32Z,2026-07-02T20:05:32Z,2.2,https://data.lime.bike/api/partners/v2/gbfs/vancouver_bc/gbfs.json,https://data.lime.bike/api/partners/v2/gbfs/vancouver_bc/free_bike_status,2026-07-02T20:05:31Z,2026-07-02T20:05:31Z
lime_vancouver,lime_vancouver_129833ee-e20c-4e71-88e5-8bc672f16206,129833ee-e20c-4e71-88e5-8bc672f16206,49.271279,-123.146359,2,FALSE,FALSE,20278,NA,1783022684,2026-07-02T20:05:32Z,2026-07-02T20:05:32Z,2026-07-02T20:05:32Z,2.2,https://data.lime.bike/api/partners/v2/gbfs/vancouver_bc/gbfs.json,https://data.lime.bike/api/partners/v2/gbfs/vancouver_bc/free_bike_status,2026-07-02T20:05:31Z,2026-07-02T20:05:31Z
lime_vancouver,lime_vancouver_e90128e9-24c0-4fb3-91a5-2f71e510168f,e90128e9-24c0-4fb3-91a5-2f71e510168f,49.262632,-123.11983,2,FALSE,FALSE,19328,NA,1783022684,2026-07-02T20:05:32Z,2026-07-02T20:05:32Z,2026-07-02T20:05:32Z,2.2,https://data.lime.bike/api/partners/v2/gbfs/vancouver_bc/gbfs.json,https://data.lime.bike/api/partners/v2/gbfs/vancouver_bc/free_bike_status,2026-07-02T20:05:31Z,2026-07-02T20:05:31Z
lime_vancouver,lime_vancouver_877d6a4d-c6df-4d2b-960d-ff1da637575f,877d6a4d-c6df-4d2b-960d-ff1da637575f,49.254112,-123.083696,2,FALSE,FALSE,23175,NA,1783022684,2026-07-02T20:05:32Z,2026-07-02T20:05:32Z,2026-07-02T20:05:32Z,2.2,https://data.lime.bike/api/partners/v2/gbfs/vancouver_bc/gbfs.json,https://data.lime.bike/api/partners/v2/gbfs/vancouver_bc/free_bike_status,2026-07-02T20:05:31Z,2026-07-02T20:05:31Z
lime_vancouver,lime_vancouver_762f7b0d-a0e3-4407-9806-4bf17e938b0f,762f7b0d-a0e3-4407-9806-4bf17e938b0f,49.268475,-123.159808,2,FALSE,FALSE,7660,NA,1783022684,2026-07-02T20:05:32Z,2026-07-02T20:05:32Z,2026-07-02T20:05:32Z,2.2,https://data.lime.bike/api/partners/v2/gbfs/vancouver_bc/gbfs.json,https://data.lime.bike/api/partners/v2/gbfs/vancouver_bc/free_bike_status,2026-07-02T20:05:31Z,2026-07-02T20:05:31Z
lime_vancouver,lime_vancouver_dc7a6146-eab9-4111-b871-a7f55947acac,dc7a6146-eab9-4111-b871-a7f55947acac,49.266197,-123.098856,2,FALSE,FALSE,26586,NA,1783022684,2026-07-02T20:05:32Z,2026-07-02T20:05:32Z,2026-07-02T20:05:32Z,2.2,https://data.lime.bike/api/partners/v2/gbfs/vancouver_bc/gbfs.json,https://data.lime.bike/api/partners/v2/gbfs/vancouver_bc/free_bike_status,2026-07-02T20:05:31Z,2026-07-02T20:05:31Z
lime_vancouver,lime_vancouver_b2a85a6b-bce1-486b-baf6-1d1a9565bbb0,b2a85a6b-bce1-486b-baf6-1d1a9565bbb0,49.256373,-123.04467,2,FALSE,FALSE,22692,NA,1783022684,2026-07-02T20:05:32Z,2026-07-02T20:05:32Z,2026-07-02T20:05:32Z,2.2,https://data.lime.bike/api/partners/v2/gbfs/vancouver_bc/gbfs.json,https://data.lime.bike/api/partners/v2/gbfs/vancouver_bc/free_bike_status,2026-07-02T20:05:31Z,2026-07-02T20:05:31Z
lime_vancouver,lime_vancouver_28bc81bd-0659-4e7d-9973-2734dfc13b4c,28bc81bd-0659-4e7d-9973-2734dfc13b4c,49.268101,-123.109521,2,FALSE,FALSE,42841,NA,1783022684,2026-07-02T20:05:32Z,2026-07-02T20:05:32Z,2026-07-02T20:05:32Z,2.2,https://data.lime.bike/api/partners/v2/gbfs/vancouver_bc/gbfs.json,https://data.lime.bike/api/partners/v2/gbfs/vancouver_bc/free_bike_status,2026-07-02T20:05:31Z,2026-07-02T20:05:31Z
lime_vancouver,lime_vancouver_6a0ed7ab-f1dc-42f7-b6f3-45011bf19573,6a0ed7ab-f1dc-42f7-b6f3-45011bf19573,49.285066,-123.095297,2,FALSE,FALSE,7660,NA,1783022684,2026-07-02T20:05:32Z,2026-07-02T20:05:32Z,2026-07-02T20:05:32Z,2.2,https://data.lime.bike/api/partners/v2/gbfs/vancouver_bc/gbfs.json,https://data.lime.bike/api/partners/v2/gbfs/vancouver_bc/free_bike_status,2026-07-02T20:05:31Z,2026-07-02T20:05:31Z
lime_vancouver,lime_vancouver_e77a4334-97ae-4a9c-b3ed-366b4d7b4318,e77a4334-97ae-4a9c-b3ed-366b4d7b4318,49.231077,-123.032566,2,FALSE,FALSE,15530,NA,1783022684,2026-07-02T20:05:32Z,2026-07-02T20:05:32Z,2026-07-02T20:05:32Z,2.2,https://data.lime.bike/api/partners/v2/gbfs/vancouver_bc/gbfs.json,https://data.lime.bike/api/partners/v2/gbfs/vancouver_bc/free_bike_status,2026-07-02T20:05:31Z,2026-07-02T20:05:31Z
lime_vancouver,lime_vancouver_eac60072-5300-44f3-804b-96bb9daac051,eac60072-5300-44f3-804b-96bb9daac051,49.266335,-123.104815,2,FALSE,FALSE,43340,NA,1783022684,2026-07-02T20:05:32Z,2026-07-02T20:05:32Z,2026-07-02T20:05:32Z,2.2,https://data.lime.bike/api/partners/v2/gbfs/vancouver_bc/gbfs.json,https://data.lime.bike/api/partners/v2/gbfs/vancouver_bc/free_bike_status,2026-07-02T20:05:31Z,2026-07-02T20:05:31Z
lime_vancouver,lime_vancouver_2fb5f9c6-281d-4ecc-9246-910adf0e823e,2fb5f9c6-281d-4ecc-9246-910adf0e823e,49.269757,-123.13567,2,FALSE,FALSE,41312,NA,1783022684,2026-07-02T20:05:32Z,2026-07-02T20:05:32Z,2026-07-02T20:05:32Z,2.2,https://data.lime.bike/api/partners/v2/gbfs/vancouver_bc/gbfs.json,https://data.lime.bike/api/partners/v2/gbfs/vancouver_bc/free_bike_status,2026-07-02T20:05:31Z,2026-07-02T20:05:31Z
lime_vancouver,lime_vancouver_bd305d71-abe8-4a27-81e0-bb17dc9a778b,bd305d71-abe8-4a27-81e0-bb17dc9a778b,49.283638,-123.110701,2,FALSE,FALSE,11330,NA,1783022684,2026-07-02T20:05:32Z,2026-07-02T20:05:32Z,2026-07-02T20:05:32Z,2.2,https://data.lime.bike/api/partners/v2/gbfs/vancouver_bc/gbfs.json,https://data.lime.bike/api/partners/v2/gbfs/vancouver_bc/free_bike_status,2026-07-02T20:05:31Z,2026-07-02T20:05:31Z
lime_vancouver,lime_vancouver_4f5bdae9-f56b-41a1-9720-5224e5e406aa,4f5bdae9-f56b-41a1-9720-5224e5e406aa,49.240011,-123.074152,2,FALSE,FALSE,33603,NA,1783022684,2026-07-02T20:05:32Z,2026-07-02T20:05:32Z,2026-07-02T20:05:32Z,2.2,https://data.lime.bike/api/partners/v2/gbfs/vancouver_bc/gbfs.json,https://data.lime.bike/api/partners/v2/gbfs/vancouver_bc/free_bike_status,2026-07-02T20:05:31Z,2026-07-02T20:05:31Z
lime_vancouver,lime_vancouver_34597ff7-1cb0-40b5-955f-1d0b1796ad26,34597ff7-1cb0-40b5-955f-1d0b1796ad26,49.281725,-123.07409,2,FALSE,FALSE,21243,NA,1783022684,2026-07-02T20:05:32Z,2026-07-02T20:05:32Z,2026-07-02T20:05:32Z,2.2,https://data.lime.bike/api/partners/v2/gbfs/vancouver_bc/gbfs.json,https://data.lime.bike/api/partners/v2/gbfs/vancouver_bc/free_bike_status,2026-07-02T20:05:31Z,2026-07-02T20:05:31Z
lime_vancouver,lime_vancouver_0d90adb4-580b-49ff-a0a0-fe1ecab8819a,0d90adb4-580b-49ff-a0a0-fe1ecab8819a,49.281782,-123.120378,2,FALSE,FALSE,29580,NA,1783022684,2026-07-02T20:05:32Z,2026-07-02T20:05:32Z,2026-07-02T20:05:32Z,2.2,https://data.lime.bike/api/partners/v2/gbfs/vancouver_bc/gbfs.json,https://data.lime.bike/api/partners/v2/gbfs/vancouver_bc/free_bike_status,2026-07-02T20:05:31Z,2026-07-02T20:05:31Z
lime_vancouver,lime_vancouver_67b0d0d0-60b6-4ff5-b0a4-10189a6261a7,67b0d0d0-60b6-4ff5-b0a4-10189a6261a7,49.232612,-123.051746,2,FALSE,FALSE,29580,NA,1783022684,2026-07-02T20:05:32Z,2026-07-02T20:05:32Z,2026-07-02T20:05:32Z,2.2,https://data.lime.bike/api/partners/v2/gbfs/vancouver_bc/gbfs.json,https://data.lime.bike/api/partners/v2/gbfs/vancouver_bc/free_bike_status,2026-07-02T20:05:31Z,2026-07-02T20:05:31Z
lime_vancouver,lime_vancouver_8a325bfa-5349-470c-a3fd-efc1953fa611,8a325bfa-5349-470c-a3fd-efc1953fa611,49.288387,-123.115775,2,FALSE,FALSE,9028,NA,1783022684,2026-07-02T20:05:32Z,2026-07-02T20:05:32Z,2026-07-02T20:05:32Z,2.2,https://data.lime.bike/api/partners/v2/gbfs/vancouver_bc/gbfs.json,https://data.lime.bike/api/partners/v2/gbfs/vancouver_bc/free_bike_status,2026-07-02T20:05:31Z,2026-07-02T20:05:31Z
lime_vancouver,lime_vancouver_c6b082b8-d427-43d2-a13f-111b998ad3be,c6b082b8-d427-43d2-a13f-111b998ad3be,49.262678,-123.155317,2,FALSE,FALSE,5842,NA,1783022684,2026-07-02T20:05:32Z,2026-07-02T20:05:32Z,2026-07-02T20:05:32Z,2.2,https://data.lime.bike/api/partners/v2/gbfs/vancouver_bc/gbfs.json,https://data.lime.bike/api/partners/v2/gbfs/vancouver_bc/free_bike_status,2026-07-02T20:05:31Z,2026-07-02T20:05:31Z
lime_vancouver,lime_vancouver_52e0ce9a-8aba-4f86-8368-2850bb749fa4,52e0ce9a-8aba-4f86-8368-2850bb749fa4,49.254117,-123.083567,2,FALSE,FALSE,18845,NA,1783022684,2026-07-02T20:05:32Z,2026-07-02T20:05:32Z,2026-07-02T20:05:32Z,2.2,https://data.lime.bike/api/partners/v2/gbfs/vancouver_bc/gbfs.json,https://data.lime.bike/api/partners/v2/gbfs/vancouver_bc/free_bike_status,2026-07-02T20:05:31Z,2026-07-02T20:05:31Z
lime_vancouver,lime_vancouver_d281ecab-9e81-4b0f-b4f1-5e20ba5eca9d,d281ecab-9e81-4b0f-b4f1-5e20ba5eca9d,49.291004,-123.127697,2,FALSE,FALSE,45882,NA,1783022684,2026-07-02T20:05:32Z,2026-07-02T20:05:32Z,2026-07-02T20:05:32Z,2.2,https://data.lime.bike/api/partners/v2/gbfs/vancouver_bc/gbfs.json,https://data.lime.bike/api/partners/v2/gbfs/vancouver_bc/free_bike_status,2026-07-02T20:05:31Z,2026-07-02T20:05:31Z
lime_vancouver,lime_vancouver_c39b8d58-e8e1-47be-a0ae-35cb7ddd2510,c39b8d58-e8e1-47be-a0ae-35cb7ddd2510,49.288552,-123.046786,2,FALSE,FALSE,15063,NA,1783022684,2026-07-02T20:05:32Z,2026-07-02T20:05:32Z,2026-07-02T20:05:32Z,2.2,https://data.lime.bike/api/partners/v2/gbfs/vancouver_bc/gbfs.json,https://data.lime.bike/api/partners/v2/gbfs/vancouver_bc/free_bike_status,2026-07-02T20:05:31Z,2026-07-02T20:05:31Z
lime_vancouver,lime_vancouver_6aaa23c5-ea76-4b0b-8237-8c9998cef138,6aaa23c5-ea76-4b0b-8237-8c9998cef138,49.26617,-123.101696,2,FALSE,FALSE,35631,NA,1783022684,2026-07-02T20:05:32Z,2026-07-02T20:05:32Z,2026-07-02T20:05:32Z,2.2,https://data.lime.bike/api/partners/v2/gbfs/vancouver_bc/gbfs.json,https://data.lime.bike/api/partners/v2/gbfs/vancouver_bc/free_bike_status,2026-07-02T20:05:31Z,2026-07-02T20:05:31Z
lime_vancouver,lime_vancouver_e06ef1e6-7f7e-4e15-8dc3-c3659d4e28ea,e06ef1e6-7f7e-4e15-8dc3-c3659d4e28ea,49.281808,-123.120317,2,FALSE,FALSE,27085,NA,1783022684,2026-07-02T20:05:32Z,2026-07-02T20:05:32Z,2026-07-02T20:05:32Z,2.2,https://data.lime.bike/api/partners/v2/gbfs/vancouver_bc/gbfs.json,https://data.lime.bike/api/partners/v2/gbfs/vancouver_bc/free_bike_status,2026-07-02T20:05:31Z,2026-07-02T20:05:31Z
lime_vancouver,lime_vancouver_7ad3e5b1-b449-42b0-b2b3-d1167745a0f8,7ad3e5b1-b449-42b0-b2b3-d1167745a0f8,49.266167,-123.09884,2,FALSE,FALSE,7660,NA,1783022684,2026-07-02T20:05:32Z,2026-07-02T20:05:32Z,2026-07-02T20:05:32Z,2.2,https://data.lime.bike/api/partners/v2/gbfs/vancouver_bc/gbfs.json,https://data.lime.bike/api/partners/v2/gbfs/vancouver_bc/free_bike_status,2026-07-02T20:05:31Z,2026-07-02T20:05:31Z
lime_vancouver,lime_vancouver_5a1d7dcf-4930-4eba-aee5-954aff6d7bf8,5a1d7dcf-4930-4eba-aee5-954aff6d7bf8,49.284977,-123.095198,2,FALSE,FALSE,39767,NA,1783022684,2026-07-02T20:05:32Z,2026-07-02T20:05:32Z,2026-07-02T20:05:32Z,2.2,https://data.lime.bike/api/partners/v2/gbfs/vancouver_bc/gbfs.json,https://data.lime.bike/api/partners/v2/gbfs/vancouver_bc/free_bike_status,2026-07-02T20:05:31Z,2026-07-02T20:05:31Z
lime_vancouver,lime_vancouver_93eaeae1-f4d0-4fd4-a8e2-4480bd761a2d,93eaeae1-f4d0-4fd4-a8e2-4480bd761a2d,49.262086,-123.102065,2,FALSE,FALSE,28582,NA,1783022684,2026-07-02T20:05:32Z,2026-07-02T20:05:32Z,2026-07-02T20:05:32Z,2.2,https://data.lime.bike/api/partners/v2/gbfs/vancouver_bc/gbfs.json,https://data.lime.bike/api/partners/v2/gbfs/vancouver_bc/free_bike_status,2026-07-02T20:05:31Z,2026-07-02T20:05:31Z
lime_vancouver,lime_vancouver_67c3a3ad-fa7e-470f-9852-da32b27e7c77,67c3a3ad-fa7e-470f-9852-da32b27e7c77,49.262441,-123.119828,2,FALSE,FALSE,14597,NA,1783022684,2026-07-02T20:05:32Z,2026-07-02T20:05:32Z,2026-07-02T20:05:32Z,2.2,https://data.lime.bike/api/partners/v2/gbfs/vancouver_bc/gbfs.json,https://data.lime.bike/api/partners/v2/gbfs/vancouver_bc/free_bike_status,2026-07-02T20:05:31Z,2026-07-02T20:05:31Z
lime_vancouver,lime_vancouver_da5026d3-44d7-48f1-a567-78b405c15192,da5026d3-44d7-48f1-a567-78b405c15192,49.280366,-123.030799,2,FALSE,FALSE,7660,NA,1783022684,2026-07-02T20:05:32Z,2026-07-02T20:05:32Z,2026-07-02T20:05:32Z,2.2,https://data.lime.bike/api/partners/v2/gbfs/vancouver_bc/gbfs.json,https://data.lime.bike/api/partners/v2/gbfs/vancouver_bc/free_bike_status,2026-07-02T20:05:31Z,2026-07-02T20:05:31Z
lime_vancouver,lime_vancouver_9aa9eaa7-27db-4203-97ed-f6cf4d3d35d7,9aa9eaa7-27db-4203-97ed-f6cf4d3d35d7,49.267785,-123.069355,2,FALSE,FALSE,11796,NA,1783022684,2026-07-02T20:05:32Z,2026-07-02T20:05:32Z,2026-07-02T20:05:32Z,2.2,https://data.lime.bike/api/partners/v2/gbfs/vancouver_bc/gbfs.json,https://data.lime.bike/api/partners/v2/gbfs/vancouver_bc/free_bike_status,2026-07-02T20:05:31Z,2026-07-02T20:05:31Z
lime_vancouver,lime_vancouver_7ea4fe3b-fdf5-45e1-a6c1-22d6a0005c9f,7ea4fe3b-fdf5-45e1-a6c1-22d6a0005c9f,49.263865,-123.10916,2,FALSE,FALSE,35116,NA,1783022684,2026-07-02T20:05:32Z,2026-07-02T20:05:32Z,2026-07-02T20:05:32Z,2.2,https://data.lime.bike/api/partners/v2/gbfs/vancouver_bc/gbfs.json,https://data.lime.bike/api/partners/v2/gbfs/vancouver_bc/free_bike_status,2026-07-02T20:05:31Z,2026-07-02T20:05:31Z
lime_vancouver,lime_vancouver_552b87bb-e18a-4519-ae6e-e79329c10b4f,552b87bb-e18a-4519-ae6e-e79329c10b4f,49.277274,-123.079705,2,FALSE,FALSE,9479,NA,1783022684,2026-07-02T20:05:32Z,2026-07-02T20:05:32Z,2026-07-02T20:05:32Z,2.2,https://data.lime.bike/api/partners/v2/gbfs/vancouver_bc/gbfs.json,https://data.lime.bike/api/partners/v2/gbfs/vancouver_bc/free_bike_status,2026-07-02T20:05:31Z,2026-07-02T20:05:31Z
lime_vancouver,lime_vancouver_26302527-0bda-479d-ade4-0be993ccd9c2,26302527-0bda-479d-ade4-0be993ccd9c2,49.284022,-123.132503,2,FALSE,FALSE,37691,NA,1783022684,2026-07-02T20:05:32Z,2026-07-02T20:05:32Z,2026-07-02T20:05:32Z,2.2,https://data.lime.bike/api/partners/v2/gbfs/vancouver_bc/gbfs.json,https://data.lime.bike/api/partners/v2/gbfs/vancouver_bc/free_bike_status,2026-07-02T20:05:31Z,2026-07-02T20:05:31Z
lime_vancouver,lime_vancouver_a66f9b65-adcd-4d8a-b8c5-c6c078005f14,a66f9b65-adcd-4d8a-b8c5-c6c078005f14,49.247682,-123.073457,2,FALSE,FALSE,42841,NA,1783022684,2026-07-02T20:05:32Z,2026-07-02T20:05:32Z,2026-07-02T20:05:32Z,2.2,https://data.lime.bike/api/partners/v2/gbfs/vancouver_bc/gbfs.json,https://data.lime.bike/api/partners/v2/gbfs/vancouver_bc/free_bike_status,2026-07-02T20:05:31Z,2026-07-02T20:05:31Z
lime_vancouver,lime_vancouver_edf494fa-506d-4f3a-8a21-894aa450340b,edf494fa-506d-4f3a-8a21-894aa450340b,49.262437,-123.119724,2,FALSE,FALSE,20278,NA,1783022684,2026-07-02T20:05:32Z,2026-07-02T20:05:32Z,2026-07-02T20:05:32Z,2.2,https://data.lime.bike/api/partners/v2/gbfs/vancouver_bc/gbfs.json,https://data.lime.bike/api/partners/v2/gbfs/vancouver_bc/free_bike_status,2026-07-02T20:05:31Z,2026-07-02T20:05:31Z
lime_vancouver,lime_vancouver_adb88a02-cc73-4d17-a496-de257a789c15,adb88a02-cc73-4d17-a496-de257a789c15,49.263486,-123.098899,2,FALSE,FALSE,35116,NA,1783022684,2026-07-02T20:05:32Z,2026-07-02T20:05:32Z,2026-07-02T20:05:32Z,2.2,https://data.lime.bike/api/partners/v2/gbfs/vancouver_bc/gbfs.json,https://data.lime.bike/api/partners/v2/gbfs/vancouver_bc/free_bike_status,2026-07-02T20:05:31Z,2026-07-02T20:05:31Z
lime_vancouver,lime_vancouver_9ada5b45-328b-43e2-8284-ea03d9a9c524,9ada5b45-328b-43e2-8284-ea03d9a9c524,49.265854,-123.041515,2,FALSE,FALSE,20761,NA,1783022684,2026-07-02T20:05:32Z,2026-07-02T20:05:32Z,2026-07-02T20:05:32Z,2.2,https://data.lime.bike/api/partners/v2/gbfs/vancouver_bc/gbfs.json,https://data.lime.bike/api/partners/v2/gbfs/vancouver_bc/free_bike_status,2026-07-02T20:05:31Z,2026-07-02T20:05:31Z
lime_vancouver,lime_vancouver_d3e74b82-c646-4ed2-abdc-30b4a6cb9db5,d3e74b82-c646-4ed2-abdc-30b4a6cb9db5,49.254275,-123.068501,2,FALSE,FALSE,13663,NA,1783022684,2026-07-02T20:05:32Z,2026-07-02T20:05:32Z,2026-07-02T20:05:32Z,2.2,https://data.lime.bike/api/partners/v2/gbfs/vancouver_bc/gbfs.json,https://data.lime.bike/api/partners/v2/gbfs/vancouver_bc/free_bike_status,2026-07-02T20:05:31Z,2026-07-02T20:05:31Z
lime_vancouver,lime_vancouver_54e5814d-9c80-44f2-a2c3-c384266d187a,54e5814d-9c80-44f2-a2c3-c384266d187a,49.246722,-123.060154,2,FALSE,FALSE,36146,NA,1783022684,2026-07-02T20:05:32Z,2026-07-02T20:05:32Z,2026-07-02T20:05:32Z,2.2,https://data.lime.bike/api/partners/v2/gbfs/vancouver_bc/gbfs.json,https://data.lime.bike/api/partners/v2/gbfs/vancouver_bc/free_bike_status,2026-07-02T20:05:31Z,2026-07-02T20:05:31Z
lime_vancouver,lime_vancouver_8173f48b-d907-4192-a989-31894466ba98,8173f48b-d907-4192-a989-31894466ba98,49.28858,-123.119802,2,FALSE,FALSE,13197,NA,1783022684,2026-07-02T20:05:32Z,2026-07-02T20:05:32Z,2026-07-02T20:05:32Z,2.2,https://data.lime.bike/api/partners/v2/gbfs/vancouver_bc/gbfs.json,https://data.lime.bike/api/partners/v2/gbfs/vancouver_bc/free_bike_status,2026-07-02T20:05:31Z,2026-07-02T20:05:31Z
lime_vancouver,lime_vancouver_1b1e2d06-54bc-459c-80d9-289a9c27cf9a,1b1e2d06-54bc-459c-80d9-289a9c27cf9a,49.281666,-123.074166,2,FALSE,FALSE,22209,NA,1783022684,2026-07-02T20:05:32Z,2026-07-02T20:05:32Z,2026-07-02T20:05:32Z,2.2,https://data.lime.bike/api/partners/v2/gbfs/vancouver_bc/gbfs.json,https://data.lime.bike/api/partners/v2/gbfs/vancouver_bc/free_bike_status,2026-07-02T20:05:31Z,2026-07-02T20:05:31Z
lime_vancouver,lime_vancouver_20070c43-2dd3-4a75-95f4-cec1211acd84,20070c43-2dd3-4a75-95f4-cec1211acd84,49.274211,-123.125374,2,FALSE,FALSE,17429,NA,1783022684,2026-07-02T20:05:32Z,2026-07-02T20:05:32Z,2026-07-02T20:05:32Z,2.2,https://data.lime.bike/api/partners/v2/gbfs/vancouver_bc/gbfs.json,https://data.lime.bike/api/partners/v2/gbfs/vancouver_bc/free_bike_status,2026-07-02T20:05:31Z,2026-07-02T20:05:31Z
lime_vancouver,lime_vancouver_b28ae1fe-2eb7-47f8-90b6-8720b06daffb,b28ae1fe-2eb7-47f8-90b6-8720b06daffb,49.273274,-123.128432,2,FALSE,FALSE,15997,NA,1783022684,2026-07-02T20:05:32Z,2026-07-02T20:05:32Z,2026-07-02T20:05:32Z,2.2,https://data.lime.bike/api/partners/v2/gbfs/vancouver_bc/gbfs.json,https://data.lime.bike/api/partners/v2/gbfs/vancouver_bc/free_bike_status,2026-07-02T20:05:31Z,2026-07-02T20:05:31Z
lime_vancouver,lime_vancouver_b6bbde4f-78d3-40a5-8551-8d384c4d220e,b6bbde4f-78d3-40a5-8551-8d384c4d220e,49.281978,-123.12039300000001,2,FALSE,FALSE,27584,NA,1783022684,2026-07-02T20:05:32Z,2026-07-02T20:05:32Z,2026-07-02T20:05:32Z,2.2,https://data.lime.bike/api/partners/v2/gbfs/vancouver_bc/gbfs.json,https://data.lime.bike/api/partners/v2/gbfs/vancouver_bc/free_bike_status,2026-07-02T20:05:31Z,2026-07-02T20:05:31Z
lime_vancouver,lime_vancouver_3406e0a0-9c0a-4ff7-9e29-ec56ea24e92a,3406e0a0-9c0a-4ff7-9e29-ec56ea24e92a,49.2712,-123.049488,2,FALSE,FALSE,34617,NA,1783022684,2026-07-02T20:05:32Z,2026-07-02T20:05:32Z,2026-07-02T20:05:32Z,2.2,https://data.lime.bike/api/partners/v2/gbfs/vancouver_bc/gbfs.json,https://data.lime.bike/api/partners/v2/gbfs/vancouver_bc/free_bike_status,2026-07-02T20:05:31Z,2026-07-02T20:05:31Z
lime_vancouver,lime_vancouver_e28bb409-1a99-4c3a-85bd-fb7f25970d3a,e28bb409-1a99-4c3a-85bd-fb7f25970d3a,49.271062,-123.155023,2,FALSE,FALSE,33603,NA,1783022684,2026-07-02T20:05:32Z,2026-07-02T20:05:32Z,2026-07-02T20:05:32Z,2.2,https://data.lime.bike/api/partners/v2/gbfs/vancouver_bc/gbfs.json,https://data.lime.bike/api/partners/v2/gbfs/vancouver_bc/free_bike_status,2026-07-02T20:05:31Z,2026-07-02T20:05:31Z
lime_vancouver,lime_vancouver_a441acb9-0cb7-4398-be89-ce0e055edf1f,a441acb9-0cb7-4398-be89-ce0e055edf1f,49.290623,-123.133741,2,FALSE,FALSE,11330,NA,1783022684,2026-07-02T20:05:32Z,2026-07-02T20:05:32Z,2026-07-02T20:05:32Z,2.2,https://data.lime.bike/api/partners/v2/gbfs/vancouver_bc/gbfs.json,https://data.lime.bike/api/partners/v2/gbfs/vancouver_bc/free_bike_status,2026-07-02T20:05:31Z,2026-07-02T20:05:31Z
lime_vancouver,lime_vancouver_6caad2b8-2938-4e2b-89f0-40caad4b6e85,6caad2b8-2938-4e2b-89f0-40caad4b6e85,49.286686,-123.12233,2,FALSE,FALSE,23657,NA,1783022684,2026-07-02T20:05:32Z,2026-07-02T20:05:32Z,2026-07-02T20:05:32Z,2.2,https://data.lime.bike/api/partners/v2/gbfs/vancouver_bc/gbfs.json,https://data.lime.bike/api/partners/v2/gbfs/vancouver_bc/free_bike_status,2026-07-02T20:05:31Z,2026-07-02T20:05:31Z
lime_vancouver,lime_vancouver_bdd58d62-f510-478d-8eb8-689998a15338,bdd58d62-f510-478d-8eb8-689998a15338,49.261549,-123.087662,2,FALSE,FALSE,11330,NA,1783022684,2026-07-02T20:05:32Z,2026-07-02T20:05:32Z,2026-07-02T20:05:32Z,2.2,https://data.lime.bike/api/partners/v2/gbfs/vancouver_bc/gbfs.json,https://data.lime.bike/api/partners/v2/gbfs/vancouver_bc/free_bike_status,2026-07-02T20:05:31Z,2026-07-02T20:05:31Z
lime_vancouver,lime_vancouver_fdc128e5-65b7-423f-a246-5fec87485bae,fdc128e5-65b7-423f-a246-5fec87485bae,49.236859,-123.074398,2,FALSE,FALSE,28083,NA,1783022684,2026-07-02T20:05:32Z,2026-07-02T20:05:32Z,2026-07-02T20:05:32Z,2.2,https://data.lime.bike/api/partners/v2/gbfs/vancouver_bc/gbfs.json,https://data.lime.bike/api/partners/v2/gbfs/vancouver_bc/free_bike_status,2026-07-02T20:05:31Z,2026-07-02T20:05:31Z
lime_vancouver,lime_vancouver_0f0786fd-6382-46d9-8efc-6dab60614691,0f0786fd-6382-46d9-8efc-6dab60614691,49.251737,-123.07217,2,FALSE,FALSE,9479,NA,1783022684,2026-07-02T20:05:32Z,2026-07-02T20:05:32Z,2026-07-02T20:05:32Z,2.2,https://data.lime.bike/api/partners/v2/gbfs/vancouver_bc/gbfs.json,https://data.lime.bike/api/partners/v2/gbfs/vancouver_bc/free_bike_status,2026-07-02T20:05:31Z,2026-07-02T20:05:31Z
lime_vancouver,lime_vancouver_6bb8d383-32bc-4c2f-b014-c204d72bf3fb,6bb8d383-32bc-4c2f-b014-c204d72bf3fb,49.290636,-123.133714,2,FALSE,FALSE,37176,NA,1783022684,2026-07-02T20:05:32Z,2026-07-02T20:05:32Z,2026-07-02T20:05:32Z,2.2,https://data.lime.bike/api/partners/v2/gbfs/vancouver_bc/gbfs.json,https://data.lime.bike/api/partners/v2/gbfs/vancouver_bc/free_bike_status,2026-07-02T20:05:31Z,2026-07-02T20:05:31Z
lime_vancouver,lime_vancouver_2cab541d-5d41-4e8e-afa3-d0563fa52022,2cab541d-5d41-4e8e-afa3-d0563fa52022,49.250484,-123.026319,2,FALSE,FALSE,20761,NA,1783022684,2026-07-02T20:05:32Z,2026-07-02T20:05:32Z,2026-07-02T20:05:32Z,2.2,https://data.lime.bike/api/partners/v2/gbfs/vancouver_bc/gbfs.json,https://data.lime.bike/api/partners/v2/gbfs/vancouver_bc/free_bike_status,2026-07-02T20:05:31Z,2026-07-02T20:05:31Z
lime_vancouver,lime_vancouver_f99a3919-1d2a-4c2b-8e26-302b6bd8610f,f99a3919-1d2a-4c2b-8e26-302b6bd8610f,49.282169,-123.070735,2,FALSE,FALSE,20278,NA,1783022684,2026-07-02T20:05:32Z,2026-07-02T20:05:32Z,2026-07-02T20:05:32Z,2.2,https://data.lime.bike/api/partners/v2/gbfs/vancouver_bc/gbfs.json,https://data.lime.bike/api/partners/v2/gbfs/vancouver_bc/free_bike_status,2026-07-02T20:05:31Z,2026-07-02T20:05:31Z
lime_vancouver,lime_vancouver_cb27f0aa-e088-4080-a7be-33cc1b5987c9,cb27f0aa-e088-4080-a7be-33cc1b5987c9,49.280903,-123.084849,2,FALSE,FALSE,6293,NA,1783022684,2026-07-02T20:05:32Z,2026-07-02T20:05:32Z,2026-07-02T20:05:32Z,2.2,https://data.lime.bike/api/partners/v2/gbfs/vancouver_bc/gbfs.json,https://data.lime.bike/api/partners/v2/gbfs/vancouver_bc/free_bike_status,2026-07-02T20:05:31Z,2026-07-02T20:05:31Z
lime_vancouver,lime_vancouver_93c09786-def5-4191-b158-6887d3c6666a,93c09786-def5-4191-b158-6887d3c6666a,49.262256,-123.115646,2,FALSE,FALSE,25605,NA,1783022684,2026-07-02T20:05:32Z,2026-07-02T20:05:32Z,2026-07-02T20:05:32Z,2.2,https://data.lime.bike/api/partners/v2/gbfs/vancouver_bc/gbfs.json,https://data.lime.bike/api/partners/v2/gbfs/vancouver_bc/free_bike_status,2026-07-02T20:05:31Z,2026-07-02T20:05:31Z
lime_vancouver,lime_vancouver_d22f1ad3-772e-47ff-86cc-134c6a715822,d22f1ad3-772e-47ff-86cc-134c6a715822,49.262237,-123.115695,2,FALSE,FALSE,17429,NA,1783022684,2026-07-02T20:05:32Z,2026-07-02T20:05:32Z,2026-07-02T20:05:32Z,2.2,https://data.lime.bike/api/partners/v2/gbfs/vancouver_bc/gbfs.json,https://data.lime.bike/api/partners/v2/gbfs/vancouver_bc/free_bike_status,2026-07-02T20:05:31Z,2026-07-02T20:05:31Z
lime_vancouver,lime_vancouver_05122558-b0a7-497f-b921-4e30086a0c75,05122558-b0a7-497f-b921-4e30086a0c75,49.286517,-123.122667,2,FALSE,FALSE,30578,NA,1783022684,2026-07-02T20:05:32Z,2026-07-02T20:05:32Z,2026-07-02T20:05:32Z,2.2,https://data.lime.bike/api/partners/v2/gbfs/vancouver_bc/gbfs.json,https://data.lime.bike/api/partners/v2/gbfs/vancouver_bc/free_bike_status,2026-07-02T20:05:31Z,2026-07-02T20:05:31Z
lime_vancouver,lime_vancouver_4f311f30-00f4-4aa6-9e90-1a0bf0cba4ea,4f311f30-00f4-4aa6-9e90-1a0bf0cba4ea,49.288206,-123.115909,2,FALSE,FALSE,22209,NA,1783022684,2026-07-02T20:05:32Z,2026-07-02T20:05:32Z,2026-07-02T20:05:32Z,2.2,https://data.lime.bike/api/partners/v2/gbfs/vancouver_bc/gbfs.json,https://data.lime.bike/api/partners/v2/gbfs/vancouver_bc/free_bike_status,2026-07-02T20:05:31Z,2026-07-02T20:05:31Z
lime_vancouver,lime_vancouver_3b9a878f-f9e3-4f2b-a1cb-0e036f809030,3b9a878f-f9e3-4f2b-a1cb-0e036f809030,49.262225,-123.115678,2,FALSE,FALSE,14130,NA,1783022684,2026-07-02T20:05:32Z,2026-07-02T20:05:32Z,2026-07-02T20:05:32Z,2.2,https://data.lime.bike/api/partners/v2/gbfs/vancouver_bc/gbfs.json,https://data.lime.bike/api/partners/v2/gbfs/vancouver_bc/free_bike_status,2026-07-02T20:05:31Z,2026-07-02T20:05:31Z
lime_vancouver,lime_vancouver_0bf12bbc-92c8-4684-ac57-71a6ec22e4b2,0bf12bbc-92c8-4684-ac57-71a6ec22e4b2,49.23105,-123.032487,2,FALSE,FALSE,13197,NA,1783022684,2026-07-02T20:05:32Z,2026-07-02T20:05:32Z,2026-07-02T20:05:32Z,2.2,https://data.lime.bike/api/partners/v2/gbfs/vancouver_bc/gbfs.json,https://data.lime.bike/api/partners/v2/gbfs/vancouver_bc/free_bike_status,2026-07-02T20:05:31Z,2026-07-02T20:05:31Z
lime_vancouver,lime_vancouver_b6b97042-277b-4955-87fe-28d65ad261ea,b6b97042-277b-4955-87fe-28d65ad261ea,49.288537,-123.0468,2,FALSE,FALSE,14130,NA,1783022684,2026-07-02T20:05:32Z,2026-07-02T20:05:32Z,2026-07-02T20:05:32Z,2.2,https://data.lime.bike/api/partners/v2/gbfs/vancouver_bc/gbfs.json,https://data.lime.bike/api/partners/v2/gbfs/vancouver_bc/free_bike_status,2026-07-02T20:05:31Z,2026-07-02T20:05:31Z
lime_vancouver,lime_vancouver_e504da3d-fb21-4d76-bec1-89c5e306346b,e504da3d-fb21-4d76-bec1-89c5e306346b,49.266672,-123.115649,2,FALSE,FALSE,39767,NA,1783022684,2026-07-02T20:05:32Z,2026-07-02T20:05:32Z,2026-07-02T20:05:32Z,2.2,https://data.lime.bike/api/partners/v2/gbfs/vancouver_bc/gbfs.json,https://data.lime.bike/api/partners/v2/gbfs/vancouver_bc/free_bike_status,2026-07-02T20:05:31Z,2026-07-02T20:05:31Z
lime_vancouver,lime_vancouver_9171c8ea-dca4-4294-8258-8fc76980e1a4,9171c8ea-dca4-4294-8258-8fc76980e1a4,49.280825,-123.089568,2,FALSE,FALSE,27085,NA,1783022684,2026-07-02T20:05:32Z,2026-07-02T20:05:32Z,2026-07-02T20:05:32Z,2.2,https://data.lime.bike/api/partners/v2/gbfs/vancouver_bc/gbfs.json,https://data.lime.bike/api/partners/v2/gbfs/vancouver_bc/free_bike_status,2026-07-02T20:05:31Z,2026-07-02T20:05:31Z
lime_vancouver,lime_vancouver_61115fea-880f-42a7-b43a-b1287f34cb98,61115fea-880f-42a7-b43a-b1287f34cb98,49.262681,-123.146255,2,FALSE,FALSE,39767,NA,1783022684,2026-07-02T20:05:32Z,2026-07-02T20:05:32Z,2026-07-02T20:05:32Z,2.2,https://data.lime.bike/api/partners/v2/gbfs/vancouver_bc/gbfs.json,https://data.lime.bike/api/partners/v2/gbfs/vancouver_bc/free_bike_status,2026-07-02T20:05:31Z,2026-07-02T20:05:31Z
lime_vancouver,lime_vancouver_8d920d01-6fa1-49ad-a498-e8a3da038961,8d920d01-6fa1-49ad-a498-e8a3da038961,49.262781,-123.139077,2,FALSE,FALSE,26104,NA,1783022684,2026-07-02T20:05:32Z,2026-07-02T20:05:32Z,2026-07-02T20:05:32Z,2.2,https://data.lime.bike/api/partners/v2/gbfs/vancouver_bc/gbfs.json,https://data.lime.bike/api/partners/v2/gbfs/vancouver_bc/free_bike_status,2026-07-02T20:05:31Z,2026-07-02T20:05:31Z
lime_vancouver,lime_vancouver_c390503a-99a4-4ba5-8eff-5cd661590e87,c390503a-99a4-4ba5-8eff-5cd661590e87,49.264615,-123.148493,2,FALSE,FALSE,9946,NA,1783022684,2026-07-02T20:05:32Z,2026-07-02T20:05:32Z,2026-07-02T20:05:32Z,2.2,https://data.lime.bike/api/partners/v2/gbfs/vancouver_bc/gbfs.json,https://data.lime.bike/api/partners/v2/gbfs/vancouver_bc/free_bike_status,2026-07-02T20:05:31Z,2026-07-02T20:05:31Z
lime_vancouver,lime_vancouver_06ab1e39-9fe9-45fb-9d2d-3e0a5dbda7ca,06ab1e39-9fe9-45fb-9d2d-3e0a5dbda7ca,49.247625,-123.07349,2,FALSE,FALSE,20278,NA,1783022684,2026-07-02T20:05:32Z,2026-07-02T20:05:32Z,2026-07-02T20:05:32Z,2.2,https://data.lime.bike/api/partners/v2/gbfs/vancouver_bc/gbfs.json,https://data.lime.bike/api/partners/v2/gbfs/vancouver_bc/free_bike_status,2026-07-02T20:05:31Z,2026-07-02T20:05:31Z
lime_vancouver,lime_vancouver_13aee01b-37d3-44c3-92bc-6491bb99c925,13aee01b-37d3-44c3-92bc-6491bb99c925,49.281851,-123.120539,2,FALSE,FALSE,33603,NA,1783022684,2026-07-02T20:05:32Z,2026-07-02T20:05:32Z,2026-07-02T20:05:32Z,2.2,https://data.lime.bike/api/partners/v2/gbfs/vancouver_bc/gbfs.json,https://data.lime.bike/api/partners/v2/gbfs/vancouver_bc/free_bike_status,2026-07-02T20:05:31Z,2026-07-02T20:05:31Z
lime_vancouver,lime_vancouver_76477e78-44cf-484d-a732-b0e71edacf85,76477e78-44cf-484d-a732-b0e71edacf85,49.283164,-123.115828,2,FALSE,FALSE,29580,NA,1783022684,2026-07-02T20:05:32Z,2026-07-02T20:05:32Z,2026-07-02T20:05:32Z,2.2,https://data.lime.bike/api/partners/v2/gbfs/vancouver_bc/gbfs.json,https://data.lime.bike/api/partners/v2/gbfs/vancouver_bc/free_bike_status,2026-07-02T20:05:31Z,2026-07-02T20:05:31Z
lime_vancouver,lime_vancouver_f94b5dce-af64-4e87-b2fe-61fb6f0787f4,f94b5dce-af64-4e87-b2fe-61fb6f0787f4,49.250453,-123.026301,2,FALSE,FALSE,21726,NA,1783022684,2026-07-02T20:05:32Z,2026-07-02T20:05:32Z,2026-07-02T20:05:32Z,2.2,https://data.lime.bike/api/partners/v2/gbfs/vancouver_bc/gbfs.json,https://data.lime.bike/api/partners/v2/gbfs/vancouver_bc/free_bike_status,2026-07-02T20:05:31Z,2026-07-02T20:05:31Z
lime_vancouver,lime_vancouver_6e4b3f56-c610-4588-aba3-0670ae4f3cb2,6e4b3f56-c610-4588-aba3-0670ae4f3cb2,49.227221,-123.074219,2,FALSE,FALSE,25605,NA,1783022684,2026-07-02T20:05:32Z,2026-07-02T20:05:32Z,2026-07-02T20:05:32Z,2.2,https://data.lime.bike/api/partners/v2/gbfs/vancouver_bc/gbfs.json,https://data.lime.bike/api/partners/v2/gbfs/vancouver_bc/free_bike_status,2026-07-02T20:05:31Z,2026-07-02T20:05:31Z
lime_vancouver,lime_vancouver_d747e7d2-387d-4dc2-a8d4-19fe61b4ac76,d747e7d2-387d-4dc2-a8d4-19fe61b4ac76,49.286142,-123.122344,2,FALSE,FALSE,39767,NA,1783022684,2026-07-02T20:05:32Z,2026-07-02T20:05:32Z,2026-07-02T20:05:32Z,2.2,https://data.lime.bike/api/partners/v2/gbfs/vancouver_bc/gbfs.json,https://data.lime.bike/api/partners/v2/gbfs/vancouver_bc/free_bike_status,2026-07-02T20:05:31Z,2026-07-02T20:05:31Z
lime_vancouver,lime_vancouver_9b37f5f7-8523-4fc3-a55c-92afae8e1da5,9b37f5f7-8523-4fc3-a55c-92afae8e1da5,49.254161,-123.039124,2,FALSE,FALSE,22692,NA,1783022684,2026-07-02T20:05:32Z,2026-07-02T20:05:32Z,2026-07-02T20:05:32Z,2.2,https://data.lime.bike/api/partners/v2/gbfs/vancouver_bc/gbfs.json,https://data.lime.bike/api/partners/v2/gbfs/vancouver_bc/free_bike_status,2026-07-02T20:05:31Z,2026-07-02T20:05:31Z
lime_vancouver,lime_vancouver_b4fd418f-f369-44af-811c-3e2bf18976db,b4fd418f-f369-44af-811c-3e2bf18976db,49.282173,-123.070696,2,FALSE,FALSE,29081,NA,1783022684,2026-07-02T20:05:32Z,2026-07-02T20:05:32Z,2026-07-02T20:05:32Z,2.2,https://data.lime.bike/api/partners/v2/gbfs/vancouver_bc/gbfs.json,https://data.lime.bike/api/partners/v2/gbfs/vancouver_bc/free_bike_status,2026-07-02T20:05:31Z,2026-07-02T20:05:31Z
lime_vancouver,lime_vancouver_55cbae5e-ce7d-442f-8bde-9cde81b9f128,55cbae5e-ce7d-442f-8bde-9cde81b9f128,49.262454,-123.128648,2,FALSE,FALSE,25605,NA,1783022684,2026-07-02T20:05:32Z,2026-07-02T20:05:32Z,2026-07-02T20:05:32Z,2.2,https://data.lime.bike/api/partners/v2/gbfs/vancouver_bc/gbfs.json,https://data.lime.bike/api/partners/v2/gbfs/vancouver_bc/free_bike_status,2026-07-02T20:05:31Z,2026-07-02T20:05:31Z
lime_vancouver,lime_vancouver_a64a041d-0186-455e-9bbc-144118a87b17,a64a041d-0186-455e-9bbc-144118a87b17,49.289969,-123.131367,2,FALSE,FALSE,18845,NA,1783022684,2026-07-02T20:05:32Z,2026-07-02T20:05:32Z,2026-07-02T20:05:32Z,2.2,https://data.lime.bike/api/partners/v2/gbfs/vancouver_bc/gbfs.json,https://data.lime.bike/api/partners/v2/gbfs/vancouver_bc/free_bike_status,2026-07-02T20:05:31Z,2026-07-02T20:05:31Z
lime_vancouver,lime_vancouver_f20e3dc1-0f70-41a2-9dd6-c566420d12f7,f20e3dc1-0f70-41a2-9dd6-c566420d12f7,49.279581,-123.102336,2,FALSE,FALSE,8562,NA,1783022684,2026-07-02T20:05:32Z,2026-07-02T20:05:32Z,2026-07-02T20:05:32Z,2.2,https://data.lime.bike/api/partners/v2/gbfs/vancouver_bc/gbfs.json,https://data.lime.bike/api/partners/v2/gbfs/vancouver_bc/free_bike_status,2026-07-02T20:05:31Z,2026-07-02T20:05:31Z
lime_vancouver,lime_vancouver_750325eb-b584-45ac-af5f-7768e48ba947,750325eb-b584-45ac-af5f-7768e48ba947,49.259235,-123.045386,2,FALSE,FALSE,8111,NA,1783022684,2026-07-02T20:05:32Z,2026-07-02T20:05:32Z,2026-07-02T20:05:32Z,2.2,https://data.lime.bike/api/partners/v2/gbfs/vancouver_bc/gbfs.json,https://data.lime.bike/api/partners/v2/gbfs/vancouver_bc/free_bike_status,2026-07-02T20:05:31Z,2026-07-02T20:05:31Z
lime_vancouver,lime_vancouver_3aee389e-127c-47dd-b8b7-33193cefc3b3,3aee389e-127c-47dd-b8b7-33193cefc3b3,49.265865,-123.041497,2,FALSE,FALSE,15063,NA,1783022684,2026-07-02T20:05:32Z,2026-07-02T20:05:32Z,2026-07-02T20:05:32Z,2.2,https://data.lime.bike/api/partners/v2/gbfs/vancouver_bc/gbfs.json,https://data.lime.bike/api/partners/v2/gbfs/vancouver_bc/free_bike_status,2026-07-02T20:05:31Z,2026-07-02T20:05:31Z
lime_vancouver,lime_vancouver_86c283c5-4af5-4d20-b3c5-9981828df3b9,86c283c5-4af5-4d20-b3c5-9981828df3b9,49.283552,-123.112774,2,FALSE,FALSE,39252,NA,1783022684,2026-07-02T20:05:32Z,2026-07-02T20:05:32Z,2026-07-02T20:05:32Z,2.2,https://data.lime.bike/api/partners/v2/gbfs/vancouver_bc/gbfs.json,https://data.lime.bike/api/partners/v2/gbfs/vancouver_bc/free_bike_status,2026-07-02T20:05:31Z,2026-07-02T20:05:31Z
lime_vancouver,lime_vancouver_8add1860-0602-440c-b458-99dce7eaa16b,8add1860-0602-440c-b458-99dce7eaa16b,49.265156,-123.125987,2,FALSE,FALSE,33603,NA,1783022684,2026-07-02T20:05:32Z,2026-07-02T20:05:32Z,2026-07-02T20:05:32Z,2.2,https://data.lime.bike/api/partners/v2/gbfs/vancouver_bc/gbfs.json,https://data.lime.bike/api/partners/v2/gbfs/vancouver_bc/free_bike_status,2026-07-02T20:05:31Z,2026-07-02T20:05:31Z
lime_vancouver,lime_vancouver_f665c80e-8d33-463d-ae2a-723f205403f6,f665c80e-8d33-463d-ae2a-723f205403f6,49.264951,-123.164919,2,FALSE,FALSE,7660,NA,1783022684,2026-07-02T20:05:32Z,2026-07-02T20:05:32Z,2026-07-02T20:05:32Z,2.2,https://data.lime.bike/api/partners/v2/gbfs/vancouver_bc/gbfs.json,https://data.lime.bike/api/partners/v2/gbfs/vancouver_bc/free_bike_status,2026-07-02T20:05:31Z,2026-07-02T20:05:31Z
lime_vancouver,lime_vancouver_a03d82be-de4c-4ff5-9ad5-f63b18a6f5af,a03d82be-de4c-4ff5-9ad5-f63b18a6f5af,49.250475,-123.026333,2,FALSE,FALSE,30079,NA,1783022684,2026-07-02T20:05:32Z,2026-07-02T20:05:32Z,2026-07-02T20:05:32Z,2.2,https://data.lime.bike/api/partners/v2/gbfs/vancouver_bc/gbfs.json,https://data.lime.bike/api/partners/v2/gbfs/vancouver_bc/free_bike_status,2026-07-02T20:05:31Z,2026-07-02T20:05:31Z
lime_vancouver,lime_vancouver_2d042722-d484-4a1b-91a8-b36dae67e1c4,2d042722-d484-4a1b-91a8-b36dae67e1c4,49.262602,-123.120085,2,FALSE,FALSE,9479,NA,1783022684,2026-07-02T20:05:32Z,2026-07-02T20:05:32Z,2026-07-02T20:05:32Z,2.2,https://data.lime.bike/api/partners/v2/gbfs/vancouver_bc/gbfs.json,https://data.lime.bike/api/partners/v2/gbfs/vancouver_bc/free_bike_status,2026-07-02T20:05:31Z,2026-07-02T20:05:31Z
lime_vancouver,lime_vancouver_359d85ea-9734-41f6-ad26-29c9bb9f335a,359d85ea-9734-41f6-ad26-29c9bb9f335a,49.27957,-123.10247,2,FALSE,FALSE,18379,NA,1783022684,2026-07-02T20:05:32Z,2026-07-02T20:05:32Z,2026-07-02T20:05:32Z,2.2,https://data.lime.bike/api/partners/v2/gbfs/vancouver_bc/gbfs.json,https://data.lime.bike/api/partners/v2/gbfs/vancouver_bc/free_bike_status,2026-07-02T20:05:31Z,2026-07-02T20:05:31Z
lime_vancouver,lime_vancouver_d315dd20-2b92-4a1f-8971-ab2a86611b9e,d315dd20-2b92-4a1f-8971-ab2a86611b9e,49.259856,-123.083294,2,FALSE,FALSE,16480,NA,1783022684,2026-07-02T20:05:32Z,2026-07-02T20:05:32Z,2026-07-02T20:05:32Z,2.2,https://data.lime.bike/api/partners/v2/gbfs/vancouver_bc/gbfs.json,https://data.lime.bike/api/partners/v2/gbfs/vancouver_bc/free_bike_status,2026-07-02T20:05:31Z,2026-07-02T20:05:31Z
lime_vancouver,lime_vancouver_6bb70f3e-ebf6-4032-9d64-440e045ea059,6bb70f3e-ebf6-4032-9d64-440e045ea059,49.262437,-123.128711,2,FALSE,FALSE,22209,NA,1783022684,2026-07-02T20:05:32Z,2026-07-02T20:05:32Z,2026-07-02T20:05:32Z,2.2,https://data.lime.bike/api/partners/v2/gbfs/vancouver_bc/gbfs.json,https://data.lime.bike/api/partners/v2/gbfs/vancouver_bc/free_bike_status,2026-07-02T20:05:31Z,2026-07-02T20:05:31Z
lime_vancouver,lime_vancouver_d00c6625-36bc-4f89-9e74-85bbf68215b3,d00c6625-36bc-4f89-9e74-85bbf68215b3,49.283037,-123.068552,2,FALSE,FALSE,32090,NA,1783022684,2026-07-02T20:05:32Z,2026-07-02T20:05:32Z,2026-07-02T20:05:32Z,2.2,https://data.lime.bike/api/partners/v2/gbfs/vancouver_bc/gbfs.json,https://data.lime.bike/api/partners/v2/gbfs/vancouver_bc/free_bike_status,2026-07-02T20:05:31Z,2026-07-02T20:05:31Z
lime_vancouver,lime_vancouver_cbd10fd4-d1fc-4e29-9e1d-e7656efc442e,cbd10fd4-d1fc-4e29-9e1d-e7656efc442e,49.288311,-123.115968,2,FALSE,FALSE,12730,NA,1783022684,2026-07-02T20:05:32Z,2026-07-02T20:05:32Z,2026-07-02T20:05:32Z,2.2,https://data.lime.bike/api/partners/v2/gbfs/vancouver_bc/gbfs.json,https://data.lime.bike/api/partners/v2/gbfs/vancouver_bc/free_bike_status,2026-07-02T20:05:31Z,2026-07-02T20:05:31Z
lime_vancouver,lime_vancouver_4fc4b30a-544b-4497-9f83-5dc68e8197e5,4fc4b30a-544b-4497-9f83-5dc68e8197e5,49.283033,-123.10664,2,FALSE,FALSE,24140,NA,1783022684,2026-07-02T20:05:32Z,2026-07-02T20:05:32Z,2026-07-02T20:05:32Z,2.2,https://data.lime.bike/api/partners/v2/gbfs/vancouver_bc/gbfs.json,https://data.lime.bike/api/partners/v2/gbfs/vancouver_bc/free_bike_status,2026-07-02T20:05:31Z,2026-07-02T20:05:31Z
lime_vancouver,lime_vancouver_9b200112-8647-43c5-afb8-38ca90e784fa,9b200112-8647-43c5-afb8-38ca90e784fa,49.286411,-123.122504,2,FALSE,FALSE,37691,NA,1783022684,2026-07-02T20:05:32Z,2026-07-02T20:05:32Z,2026-07-02T20:05:32Z,2.2,https://data.lime.bike/api/partners/v2/gbfs/vancouver_bc/gbfs.json,https://data.lime.bike/api/partners/v2/gbfs/vancouver_bc/free_bike_status,2026-07-02T20:05:31Z,2026-07-02T20:05:31Z
lime_vancouver,lime_vancouver_a3419d17-ae54-4b12-9874-d614db06fa66,a3419d17-ae54-4b12-9874-d614db06fa66,49.2311,-123.032617,2,FALSE,FALSE,40282,NA,1783022684,2026-07-02T20:05:32Z,2026-07-02T20:05:32Z,2026-07-02T20:05:32Z,2.2,https://data.lime.bike/api/partners/v2/gbfs/vancouver_bc/gbfs.json,https://data.lime.bike/api/partners/v2/gbfs/vancouver_bc/free_bike_status,2026-07-02T20:05:31Z,2026-07-02T20:05:31Z
lime_vancouver,lime_vancouver_488796a1-d2e3-4c33-a210-4fdff47fe9e0,488796a1-d2e3-4c33-a210-4fdff47fe9e0,49.268951,-123.104737,2,FALSE,FALSE,9479,NA,1783022684,2026-07-02T20:05:32Z,2026-07-02T20:05:32Z,2026-07-02T20:05:32Z,2.2,https://data.lime.bike/api/partners/v2/gbfs/vancouver_bc/gbfs.json,https://data.lime.bike/api/partners/v2/gbfs/vancouver_bc/free_bike_status,2026-07-02T20:05:31Z,2026-07-02T20:05:31Z
lime_vancouver,lime_vancouver_6f779938-92ee-43b1-869e-21b8e08626c2,6f779938-92ee-43b1-869e-21b8e08626c2,49.284621,-123.03095,2,FALSE,FALSE,18379,NA,1783022684,2026-07-02T20:05:32Z,2026-07-02T20:05:32Z,2026-07-02T20:05:32Z,2.2,https://data.lime.bike/api/partners/v2/gbfs/vancouver_bc/gbfs.json,https://data.lime.bike/api/partners/v2/gbfs/vancouver_bc/free_bike_status,2026-07-02T20:05:31Z,2026-07-02T20:05:31Z
lime_vancouver,lime_vancouver_f3694917-49fa-44bc-8114-2bcd5544843e,f3694917-49fa-44bc-8114-2bcd5544843e,49.282218,-123.124316,2,FALSE,FALSE,11796,NA,1783022684,2026-07-02T20:05:32Z,2026-07-02T20:05:32Z,2026-07-02T20:05:32Z,2.2,https://data.lime.bike/api/partners/v2/gbfs/vancouver_bc/gbfs.json,https://data.lime.bike/api/partners/v2/gbfs/vancouver_bc/free_bike_status,2026-07-02T20:05:31Z,2026-07-02T20:05:31Z
lime_vancouver,lime_vancouver_a2771c87-1b48-441d-a670-0ef0809ecef3,a2771c87-1b48-441d-a670-0ef0809ecef3,49.280214,-123.079112,2,FALSE,FALSE,6743,NA,1783022684,2026-07-02T20:05:32Z,2026-07-02T20:05:32Z,2026-07-02T20:05:32Z,2.2,https://data.lime.bike/api/partners/v2/gbfs/vancouver_bc/gbfs.json,https://data.lime.bike/api/partners/v2/gbfs/vancouver_bc/free_bike_status,2026-07-02T20:05:31Z,2026-07-02T20:05:31Z
lime_vancouver,lime_vancouver_59564707-cb14-4645-8274-da263e367a04,59564707-cb14-4645-8274-da263e367a04,49.280503,-123.038057,2,FALSE,FALSE,13197,NA,1783022684,2026-07-02T20:05:32Z,2026-07-02T20:05:32Z,2026-07-02T20:05:32Z,2.2,https://data.lime.bike/api/partners/v2/gbfs/vancouver_bc/gbfs.json,https://data.lime.bike/api/partners/v2/gbfs/vancouver_bc/free_bike_status,2026-07-02T20:05:31Z,2026-07-02T20:05:31Z
lime_vancouver,lime_vancouver_bd925e72-c6fa-4de8-a7e5-78571639ed52,bd925e72-c6fa-4de8-a7e5-78571639ed52,49.275376,-123.092394,2,FALSE,FALSE,36661,NA,1783022684,2026-07-02T20:05:32Z,2026-07-02T20:05:32Z,2026-07-02T20:05:32Z,2.2,https://data.lime.bike/api/partners/v2/gbfs/vancouver_bc/gbfs.json,https://data.lime.bike/api/partners/v2/gbfs/vancouver_bc/free_bike_status,2026-07-02T20:05:31Z,2026-07-02T20:05:31Z
lime_vancouver,lime_vancouver_484569c0-a8c5-4571-9dbf-22bbf02b99a7,484569c0-a8c5-4571-9dbf-22bbf02b99a7,49.283057,-123.106658,2,FALSE,FALSE,28083,NA,1783022684,2026-07-02T20:05:32Z,2026-07-02T20:05:32Z,2026-07-02T20:05:32Z,2.2,https://data.lime.bike/api/partners/v2/gbfs/vancouver_bc/gbfs.json,https://data.lime.bike/api/partners/v2/gbfs/vancouver_bc/free_bike_status,2026-07-02T20:05:31Z,2026-07-02T20:05:31Z
lime_vancouver,lime_vancouver_80d8ad50-6941-4bbe-936e-129498be3923,80d8ad50-6941-4bbe-936e-129498be3923,49.283693,-123.119709,2,FALSE,FALSE,24623,NA,1783022684,2026-07-02T20:05:32Z,2026-07-02T20:05:32Z,2026-07-02T20:05:32Z,2.2,https://data.lime.bike/api/partners/v2/gbfs/vancouver_bc/gbfs.json,https://data.lime.bike/api/partners/v2/gbfs/vancouver_bc/free_bike_status,2026-07-02T20:05:31Z,2026-07-02T20:05:31Z
lime_vancouver,lime_vancouver_d1f61587-c123-4fe8-b578-692eef214a06,d1f61587-c123-4fe8-b578-692eef214a06,49.285437,-123.128019,2,FALSE,FALSE,33603,NA,1783022684,2026-07-02T20:05:32Z,2026-07-02T20:05:32Z,2026-07-02T20:05:32Z,2.2,https://data.lime.bike/api/partners/v2/gbfs/vancouver_bc/gbfs.json,https://data.lime.bike/api/partners/v2/gbfs/vancouver_bc/free_bike_status,2026-07-02T20:05:31Z,2026-07-02T20:05:31Z
lime_vancouver,lime_vancouver_8c7064f0-2a43-4a81-bf3c-0d01b10205de,8c7064f0-2a43-4a81-bf3c-0d01b10205de,49.290664,-123.133687,2,FALSE,FALSE,20761,NA,1783022684,2026-07-02T20:05:32Z,2026-07-02T20:05:32Z,2026-07-02T20:05:32Z,2.2,https://data.lime.bike/api/partners/v2/gbfs/vancouver_bc/gbfs.json,https://data.lime.bike/api/partners/v2/gbfs/vancouver_bc/free_bike_status,2026-07-02T20:05:31Z,2026-07-02T20:05:31Z
lime_vancouver,lime_vancouver_478545dc-ed1b-4c1f-903c-a7588f870a7a,478545dc-ed1b-4c1f-903c-a7588f870a7a,49.266757,-123.109457,2,FALSE,FALSE,5407,NA,1783022684,2026-07-02T20:05:32Z,2026-07-02T20:05:32Z,2026-07-02T20:05:32Z,2.2,https://data.lime.bike/api/partners/v2/gbfs/vancouver_bc/gbfs.json,https://data.lime.bike/api/partners/v2/gbfs/vancouver_bc/free_bike_status,2026-07-02T20:05:31Z,2026-07-02T20:05:31Z
lime_vancouver,lime_vancouver_5a6e5097-bfe6-4afd-bcb5-0f4d175b8c70,5a6e5097-bfe6-4afd-bcb5-0f4d175b8c70,49.274093,-123.028713,2,FALSE,FALSE,28582,NA,1783022684,2026-07-02T20:05:32Z,2026-07-02T20:05:32Z,2026-07-02T20:05:32Z,2.2,https://data.lime.bike/api/partners/v2/gbfs/vancouver_bc/gbfs.json,https://data.lime.bike/api/partners/v2/gbfs/vancouver_bc/free_bike_status,2026-07-02T20:05:31Z,2026-07-02T20:05:31Z
lime_vancouver,lime_vancouver_456e94d0-d935-49ab-819a-ce1dd27f853b,456e94d0-d935-49ab-819a-ce1dd27f853b,49.258693,-123.057084,2,FALSE,FALSE,33603,NA,1783022684,2026-07-02T20:05:32Z,2026-07-02T20:05:32Z,2026-07-02T20:05:32Z,2.2,https://data.lime.bike/api/partners/v2/gbfs/vancouver_bc/gbfs.json,https://data.lime.bike/api/partners/v2/gbfs/vancouver_bc/free_bike_status,2026-07-02T20:05:31Z,2026-07-02T20:05:31Z
lime_vancouver,lime_vancouver_698e79a9-a78e-4563-b11d-fe5cf12dd077,698e79a9-a78e-4563-b11d-fe5cf12dd077,49.262746,-123.139204,2,FALSE,FALSE,40797,NA,1783022684,2026-07-02T20:05:32Z,2026-07-02T20:05:32Z,2026-07-02T20:05:32Z,2.2,https://data.lime.bike/api/partners/v2/gbfs/vancouver_bc/gbfs.json,https://data.lime.bike/api/partners/v2/gbfs/vancouver_bc/free_bike_status,2026-07-02T20:05:31Z,2026-07-02T20:05:31Z
lime_vancouver,lime_vancouver_a8ffbfad-a90b-4fdf-b90a-5c1e387ecf46,a8ffbfad-a90b-4fdf-b90a-5c1e387ecf46,49.238599,-123.051732,2,FALSE,FALSE,37691,NA,1783022684,2026-07-02T20:05:32Z,2026-07-02T20:05:32Z,2026-07-02T20:05:32Z,2.2,https://data.lime.bike/api/partners/v2/gbfs/vancouver_bc/gbfs.json,https://data.lime.bike/api/partners/v2/gbfs/vancouver_bc/free_bike_status,2026-07-02T20:05:31Z,2026-07-02T20:05:31Z
lime_vancouver,lime_vancouver_8876cc77-36ae-4c7e-b20d-7ec3174d689b,8876cc77-36ae-4c7e-b20d-7ec3174d689b,49.286754,-123.029606,2,FALSE,FALSE,13663,NA,1783022684,2026-07-02T20:05:32Z,2026-07-02T20:05:32Z,2026-07-02T20:05:32Z,2.2,https://data.lime.bike/api/partners/v2/gbfs/vancouver_bc/gbfs.json,https://data.lime.bike/api/partners/v2/gbfs/vancouver_bc/free_bike_status,2026-07-02T20:05:31Z,2026-07-02T20:05:31Z
lime_vancouver,lime_vancouver_d9a08ce8-6c89-4bea-b906-2345b6785eb6,d9a08ce8-6c89-4bea-b906-2345b6785eb6,49.290566,-123.044178,2,FALSE,FALSE,32090,NA,1783022684,2026-07-02T20:05:32Z,2026-07-02T20:05:32Z,2026-07-02T20:05:32Z,2.2,https://data.lime.bike/api/partners/v2/gbfs/vancouver_bc/gbfs.json,https://data.lime.bike/api/partners/v2/gbfs/vancouver_bc/free_bike_status,2026-07-02T20:05:31Z,2026-07-02T20:05:31Z
lime_vancouver,lime_vancouver_00cc6838-6c29-411f-954b-388a08fba12f,00cc6838-6c29-411f-954b-388a08fba12f,49.263762,-123.070051,2,FALSE,FALSE,18379,NA,1783022684,2026-07-02T20:05:32Z,2026-07-02T20:05:32Z,2026-07-02T20:05:32Z,2.2,https://data.lime.bike/api/partners/v2/gbfs/vancouver_bc/gbfs.json,https://data.lime.bike/api/partners/v2/gbfs/vancouver_bc/free_bike_status,2026-07-02T20:05:31Z,2026-07-02T20:05:31Z
lime_vancouver,lime_vancouver_62a19f2d-151c-4aa9-b660-0e694c75c791,62a19f2d-151c-4aa9-b660-0e694c75c791,49.262613,-123.119766,2,FALSE,FALSE,19328,NA,1783022684,2026-07-02T20:05:32Z,2026-07-02T20:05:32Z,2026-07-02T20:05:32Z,2.2,https://data.lime.bike/api/partners/v2/gbfs/vancouver_bc/gbfs.json,https://data.lime.bike/api/partners/v2/gbfs/vancouver_bc/free_bike_status,2026-07-02T20:05:31Z,2026-07-02T20:05:31Z
lime_vancouver,lime_vancouver_51e72320-d0b8-4fde-8e07-340c1c54e380,51e72320-d0b8-4fde-8e07-340c1c54e380,49.27931,-123.046817,2,FALSE,FALSE,41312,NA,1783022684,2026-07-02T20:05:32Z,2026-07-02T20:05:32Z,2026-07-02T20:05:32Z,2.2,https://data.lime.bike/api/partners/v2/gbfs/vancouver_bc/gbfs.json,https://data.lime.bike/api/partners/v2/gbfs/vancouver_bc/free_bike_status,2026-07-02T20:05:31Z,2026-07-02T20:05:31Z
lime_vancouver,lime_vancouver_84e7ae56-73af-424f-9307-5682196bc682,84e7ae56-73af-424f-9307-5682196bc682,49.240786,-123.038037,2,FALSE,FALSE,7660,NA,1783022684,2026-07-02T20:05:32Z,2026-07-02T20:05:32Z,2026-07-02T20:05:32Z,2.2,https://data.lime.bike/api/partners/v2/gbfs/vancouver_bc/gbfs.json,https://data.lime.bike/api/partners/v2/gbfs/vancouver_bc/free_bike_status,2026-07-02T20:05:31Z,2026-07-02T20:05:31Z
lime_vancouver,lime_vancouver_6d60d340-79db-414a-a0b7-38734ef4404b,6d60d340-79db-414a-a0b7-38734ef4404b,49.265011,-123.117117,2,FALSE,FALSE,19811,NA,1783022684,2026-07-02T20:05:32Z,2026-07-02T20:05:32Z,2026-07-02T20:05:32Z,2.2,https://data.lime.bike/api/partners/v2/gbfs/vancouver_bc/gbfs.json,https://data.lime.bike/api/partners/v2/gbfs/vancouver_bc/free_bike_status,2026-07-02T20:05:31Z,2026-07-02T20:05:31Z
lime_vancouver,lime_vancouver_8d4c0e90-6fd5-4b3e-8b69-64a8319332f2,8d4c0e90-6fd5-4b3e-8b69-64a8319332f2,49.228459,-123.058749,2,FALSE,FALSE,27584,NA,1783022684,2026-07-02T20:05:32Z,2026-07-02T20:05:32Z,2026-07-02T20:05:32Z,2.2,https://data.lime.bike/api/partners/v2/gbfs/vancouver_bc/gbfs.json,https://data.lime.bike/api/partners/v2/gbfs/vancouver_bc/free_bike_status,2026-07-02T20:05:31Z,2026-07-02T20:05:31Z
lime_vancouver,lime_vancouver_4742b8b9-29d4-481c-9ded-98fc2f1e3ae6,4742b8b9-29d4-481c-9ded-98fc2f1e3ae6,49.281515,-123.133943,2,FALSE,FALSE,10863,NA,1783022684,2026-07-02T20:05:32Z,2026-07-02T20:05:32Z,2026-07-02T20:05:32Z,2.2,https://data.lime.bike/api/partners/v2/gbfs/vancouver_bc/gbfs.json,https://data.lime.bike/api/partners/v2/gbfs/vancouver_bc/free_bike_status,2026-07-02T20:05:31Z,2026-07-02T20:05:31Z
lime_vancouver,lime_vancouver_f865e98c-fb77-4bbd-890b-f5d8d1df8c06,f865e98c-fb77-4bbd-890b-f5d8d1df8c06,49.227223,-123.074247,2,FALSE,FALSE,9479,NA,1783022684,2026-07-02T20:05:32Z,2026-07-02T20:05:32Z,2026-07-02T20:05:32Z,2.2,https://data.lime.bike/api/partners/v2/gbfs/vancouver_bc/gbfs.json,https://data.lime.bike/api/partners/v2/gbfs/vancouver_bc/free_bike_status,2026-07-02T20:05:31Z,2026-07-02T20:05:31Z
lime_vancouver,lime_vancouver_366a2c89-5535-4187-96d7-516768578df4,366a2c89-5535-4187-96d7-516768578df4,49.285345,-123.130406,2,FALSE,FALSE,35631,NA,1783022684,2026-07-02T20:05:32Z,2026-07-02T20:05:32Z,2026-07-02T20:05:32Z,2.2,https://data.lime.bike/api/partners/v2/gbfs/vancouver_bc/gbfs.json,https://data.lime.bike/api/partners/v2/gbfs/vancouver_bc/free_bike_status,2026-07-02T20:05:31Z,2026-07-02T20:05:31Z
lime_vancouver,lime_vancouver_692fac41-4dc8-4954-a1ec-98a2520bae6b,692fac41-4dc8-4954-a1ec-98a2520bae6b,49.237457,-123.036206,2,FALSE,FALSE,44354,NA,1783022684,2026-07-02T20:05:32Z,2026-07-02T20:05:32Z,2026-07-02T20:05:32Z,2.2,https://data.lime.bike/api/partners/v2/gbfs/vancouver_bc/gbfs.json,https://data.lime.bike/api/partners/v2/gbfs/vancouver_bc/free_bike_status,2026-07-02T20:05:31Z,2026-07-02T20:05:31Z
lime_vancouver,lime_vancouver_203d263c-651f-480d-ae6c-62d26c5c504d,203d263c-651f-480d-ae6c-62d26c5c504d,49.279289,-123.046815,2,FALSE,FALSE,8111,NA,1783022684,2026-07-02T20:05:32Z,2026-07-02T20:05:32Z,2026-07-02T20:05:32Z,2.2,https://data.lime.bike/api/partners/v2/gbfs/vancouver_bc/gbfs.json,https://data.lime.bike/api/partners/v2/gbfs/vancouver_bc/free_bike_status,2026-07-02T20:05:31Z,2026-07-02T20:05:31Z
lime_vancouver,lime_vancouver_5314c895-27cf-4309-85ef-0ff63fda0cc8,5314c895-27cf-4309-85ef-0ff63fda0cc8,49.264057,-123.104935,2,FALSE,FALSE,21726,NA,1783022684,2026-07-02T20:05:32Z,2026-07-02T20:05:32Z,2026-07-02T20:05:32Z,2.2,https://data.lime.bike/api/partners/v2/gbfs/vancouver_bc/gbfs.json,https://data.lime.bike/api/partners/v2/gbfs/vancouver_bc/free_bike_status,2026-07-02T20:05:31Z,2026-07-02T20:05:31Z
lime_vancouver,lime_vancouver_cf34fbf9-2665-4b07-b722-03df392a8e74,cf34fbf9-2665-4b07-b722-03df392a8e74,49.280234,-123.036494,2,FALSE,FALSE,30578,NA,1783022684,2026-07-02T20:05:32Z,2026-07-02T20:05:32Z,2026-07-02T20:05:32Z,2.2,https://data.lime.bike/api/partners/v2/gbfs/vancouver_bc/gbfs.json,https://data.lime.bike/api/partners/v2/gbfs/vancouver_bc/free_bike_status,2026-07-02T20:05:31Z,2026-07-02T20:05:31Z
lime_vancouver,lime_vancouver_ab568ea8-5e93-44e2-aa3b-b529d4e6dccc,ab568ea8-5e93-44e2-aa3b-b529d4e6dccc,49.283971,-123.11972,2,FALSE,FALSE,44354,NA,1783022684,2026-07-02T20:05:32Z,2026-07-02T20:05:32Z,2026-07-02T20:05:32Z,2.2,https://data.lime.bike/api/partners/v2/gbfs/vancouver_bc/gbfs.json,https://data.lime.bike/api/partners/v2/gbfs/vancouver_bc/free_bike_status,2026-07-02T20:05:31Z,2026-07-02T20:05:31Z
lime_vancouver,lime_vancouver_5136be7d-d2f9-4c5d-b580-d75594006e3d,5136be7d-d2f9-4c5d-b580-d75594006e3d,49.290037,-123.124178,2,FALSE,FALSE,20761,NA,1783022684,2026-07-02T20:05:32Z,2026-07-02T20:05:32Z,2026-07-02T20:05:32Z,2.2,https://data.lime.bike/api/partners/v2/gbfs/vancouver_bc/gbfs.json,https://data.lime.bike/api/partners/v2/gbfs/vancouver_bc/free_bike_status,2026-07-02T20:05:31Z,2026-07-02T20:05:31Z
lime_vancouver,lime_vancouver_1bcc45e9-189d-41fb-aff6-593a13e6bfd4,1bcc45e9-189d-41fb-aff6-593a13e6bfd4,49.242891,-123.031183,2,FALSE,FALSE,7660,NA,1783022684,2026-07-02T20:05:32Z,2026-07-02T20:05:32Z,2026-07-02T20:05:32Z,2.2,https://data.lime.bike/api/partners/v2/gbfs/vancouver_bc/gbfs.json,https://data.lime.bike/api/partners/v2/gbfs/vancouver_bc/free_bike_status,2026-07-02T20:05:31Z,2026-07-02T20:05:31Z
lime_vancouver,lime_vancouver_82f16779-d7e4-4a56-8c17-2cab16910382,82f16779-d7e4-4a56-8c17-2cab16910382,49.236878,-123.074412,2,FALSE,FALSE,11796,NA,1783022684,2026-07-02T20:05:32Z,2026-07-02T20:05:32Z,2026-07-02T20:05:32Z,2.2,https://data.lime.bike/api/partners/v2/gbfs/vancouver_bc/gbfs.json,https://data.lime.bike/api/partners/v2/gbfs/vancouver_bc/free_bike_status,2026-07-02T20:05:31Z,2026-07-02T20:05:31Z
lime_vancouver,lime_vancouver_41afd95b-be6e-4af5-9e42-e8ad655ba3ac,41afd95b-be6e-4af5-9e42-e8ad655ba3ac,49.25453,-123.072877,2,FALSE,FALSE,21243,NA,1783022684,2026-07-02T20:05:32Z,2026-07-02T20:05:32Z,2026-07-02T20:05:32Z,2.2,https://data.lime.bike/api/partners/v2/gbfs/vancouver_bc/gbfs.json,https://data.lime.bike/api/partners/v2/gbfs/vancouver_bc/free_bike_status,2026-07-02T20:05:31Z,2026-07-02T20:05:31Z
lime_vancouver,lime_vancouver_e2f9937f-3699-4a7f-9a7f-7ef39b134377,e2f9937f-3699-4a7f-9a7f-7ef39b134377,49.239996,-123.074153,2,FALSE,FALSE,37691,NA,1783022684,2026-07-02T20:05:32Z,2026-07-02T20:05:32Z,2026-07-02T20:05:32Z,2.2,https://data.lime.bike/api/partners/v2/gbfs/vancouver_bc/gbfs.json,https://data.lime.bike/api/partners/v2/gbfs/vancouver_bc/free_bike_status,2026-07-02T20:05:31Z,2026-07-02T20:05:31Z
lime_vancouver,lime_vancouver_5974e0b1-3ec6-4d11-a9ce-9ab7323d5247,5974e0b1-3ec6-4d11-a9ce-9ab7323d5247,49.27954,-123.106176,2,FALSE,FALSE,28083,NA,1783022684,2026-07-02T20:05:32Z,2026-07-02T20:05:32Z,2026-07-02T20:05:32Z,2.2,https://data.lime.bike/api/partners/v2/gbfs/vancouver_bc/gbfs.json,https://data.lime.bike/api/partners/v2/gbfs/vancouver_bc/free_bike_status,2026-07-02T20:05:31Z,2026-07-02T20:05:31Z
lime_vancouver,lime_vancouver_6ad95451-624e-41d6-bfe9-be63304c3572,6ad95451-624e-41d6-bfe9-be63304c3572,49.274607,-123.08713,2,FALSE,FALSE,34102,NA,1783022684,2026-07-02T20:05:32Z,2026-07-02T20:05:32Z,2026-07-02T20:05:32Z,2.2,https://data.lime.bike/api/partners/v2/gbfs/vancouver_bc/gbfs.json,https://data.lime.bike/api/partners/v2/gbfs/vancouver_bc/free_bike_status,2026-07-02T20:05:31Z,2026-07-02T20:05:31Z
lime_vancouver,lime_vancouver_49c55847-0ac6-41b1-86c8-ba99b01a676d,49c55847-0ac6-41b1-86c8-ba99b01a676d,49.279772,-123.117892,2,FALSE,FALSE,7194,NA,1783022684,2026-07-02T20:05:32Z,2026-07-02T20:05:32Z,2026-07-02T20:05:32Z,2.2,https://data.lime.bike/api/partners/v2/gbfs/vancouver_bc/gbfs.json,https://data.lime.bike/api/partners/v2/gbfs/vancouver_bc/free_bike_status,2026-07-02T20:05:31Z,2026-07-02T20:05:31Z
lime_vancouver,lime_vancouver_faf5b87a-1982-456b-84b4-5af8edca2a24,faf5b87a-1982-456b-84b4-5af8edca2a24,49.283215,-123.115674,2,FALSE,FALSE,6293,NA,1783022684,2026-07-02T20:05:32Z,2026-07-02T20:05:32Z,2026-07-02T20:05:32Z,2.2,https://data.lime.bike/api/partners/v2/gbfs/vancouver_bc/gbfs.json,https://data.lime.bike/api/partners/v2/gbfs/vancouver_bc/free_bike_status,2026-07-02T20:05:31Z,2026-07-02T20:05:31Z
lime_vancouver,lime_vancouver_42d9af1d-32a9-46b0-83ac-c9ae24902eff,42d9af1d-32a9-46b0-83ac-c9ae24902eff,49.288213,-123.117257,2,FALSE,FALSE,17429,NA,1783022684,2026-07-02T20:05:32Z,2026-07-02T20:05:32Z,2026-07-02T20:05:32Z,2.2,https://data.lime.bike/api/partners/v2/gbfs/vancouver_bc/gbfs.json,https://data.lime.bike/api/partners/v2/gbfs/vancouver_bc/free_bike_status,2026-07-02T20:05:31Z,2026-07-02T20:05:31Z
lime_vancouver,lime_vancouver_47b7e816-727c-4d7b-b670-29d0caa96ddb,47b7e816-727c-4d7b-b670-29d0caa96ddb,49.277597,-123.049537,2,FALSE,FALSE,16480,NA,1783022684,2026-07-02T20:05:32Z,2026-07-02T20:05:32Z,2026-07-02T20:05:32Z,2.2,https://data.lime.bike/api/partners/v2/gbfs/vancouver_bc/gbfs.json,https://data.lime.bike/api/partners/v2/gbfs/vancouver_bc/free_bike_status,2026-07-02T20:05:31Z,2026-07-02T20:05:31Z
lime_vancouver,lime_vancouver_9f4a2350-33cd-41da-bbf8-d73d74d859fb,9f4a2350-33cd-41da-bbf8-d73d74d859fb,49.283611,-123.112713,2,FALSE,FALSE,29081,NA,1783022684,2026-07-02T20:05:32Z,2026-07-02T20:05:32Z,2026-07-02T20:05:32Z,2.2,https://data.lime.bike/api/partners/v2/gbfs/vancouver_bc/gbfs.json,https://data.lime.bike/api/partners/v2/gbfs/vancouver_bc/free_bike_status,2026-07-02T20:05:31Z,2026-07-02T20:05:31Z
lime_vancouver,lime_vancouver_d728fd38-de8e-4c4f-a123-61b177796fd3,d728fd38-de8e-4c4f-a123-61b177796fd3,49.254132,-123.083614,2,FALSE,FALSE,10863,NA,1783022684,2026-07-02T20:05:32Z,2026-07-02T20:05:32Z,2026-07-02T20:05:32Z,2.2,https://data.lime.bike/api/partners/v2/gbfs/vancouver_bc/gbfs.json,https://data.lime.bike/api/partners/v2/gbfs/vancouver_bc/free_bike_status,2026-07-02T20:05:31Z,2026-07-02T20:05:31Z
lime_vancouver,lime_vancouver_3e799e76-2f8a-415d-9dc7-31c52217327d,3e799e76-2f8a-415d-9dc7-31c52217327d,49.262468,-123.119914,2,FALSE,FALSE,36146,NA,1783022684,2026-07-02T20:05:32Z,2026-07-02T20:05:32Z,2026-07-02T20:05:32Z,2.2,https://data.lime.bike/api/partners/v2/gbfs/vancouver_bc/gbfs.json,https://data.lime.bike/api/partners/v2/gbfs/vancouver_bc/free_bike_status,2026-07-02T20:05:31Z,2026-07-02T20:05:31Z
lime_vancouver,lime_vancouver_d3b356bf-154a-4c19-bcdd-48d626c7c60f,d3b356bf-154a-4c19-bcdd-48d626c7c60f,49.235849,-123.055269,2,FALSE,FALSE,6743,NA,1783022684,2026-07-02T20:05:32Z,2026-07-02T20:05:32Z,2026-07-02T20:05:32Z,2.2,https://data.lime.bike/api/partners/v2/gbfs/vancouver_bc/gbfs.json,https://data.lime.bike/api/partners/v2/gbfs/vancouver_bc/free_bike_status,2026-07-02T20:05:31Z,2026-07-02T20:05:31Z
lime_vancouver,lime_vancouver_c7eaaaea-892b-41d3-8541-c314edd89af2,c7eaaaea-892b-41d3-8541-c314edd89af2,49.274997,-123.06755,2,FALSE,FALSE,40282,NA,1783022684,2026-07-02T20:05:32Z,2026-07-02T20:05:32Z,2026-07-02T20:05:32Z,2.2,https://data.lime.bike/api/partners/v2/gbfs/vancouver_bc/gbfs.json,https://data.lime.bike/api/partners/v2/gbfs/vancouver_bc/free_bike_status,2026-07-02T20:05:31Z,2026-07-02T20:05:31Z
lime_vancouver,lime_vancouver_db216fe6-e574-4510-98b4-e7e7685dd39d,db216fe6-e574-4510-98b4-e7e7685dd39d,49.264644,-123.148364,2,FALSE,FALSE,27085,NA,1783022684,2026-07-02T20:05:32Z,2026-07-02T20:05:32Z,2026-07-02T20:05:32Z,2.2,https://data.lime.bike/api/partners/v2/gbfs/vancouver_bc/gbfs.json,https://data.lime.bike/api/partners/v2/gbfs/vancouver_bc/free_bike_status,2026-07-02T20:05:31Z,2026-07-02T20:05:31Z
lime_vancouver,lime_vancouver_81cbb085-f270-47a7-ae64-f0a14339e121,81cbb085-f270-47a7-ae64-f0a14339e121,49.264892,-123.164932,2,FALSE,FALSE,25122,NA,1783022684,2026-07-02T20:05:32Z,2026-07-02T20:05:32Z,2026-07-02T20:05:32Z,2.2,https://data.lime.bike/api/partners/v2/gbfs/vancouver_bc/gbfs.json,https://data.lime.bike/api/partners/v2/gbfs/vancouver_bc/free_bike_status,2026-07-02T20:05:31Z,2026-07-02T20:05:31Z
lime_vancouver,lime_vancouver_cd3eb5fd-e2a4-4af1-ba15-bbf29e387cb2,cd3eb5fd-e2a4-4af1-ba15-bbf29e387cb2,49.26273,-123.14628,2,FALSE,FALSE,17429,NA,1783022684,2026-07-02T20:05:32Z,2026-07-02T20:05:32Z,2026-07-02T20:05:32Z,2.2,https://data.lime.bike/api/partners/v2/gbfs/vancouver_bc/gbfs.json,https://data.lime.bike/api/partners/v2/gbfs/vancouver_bc/free_bike_status,2026-07-02T20:05:31Z,2026-07-02T20:05:31Z
lime_vancouver,lime_vancouver_ddba709c-cb8e-4cf1-849d-1208af97eb5e,ddba709c-cb8e-4cf1-849d-1208af97eb5e,49.262406,-123.119971,2,FALSE,FALSE,43340,NA,1783022684,2026-07-02T20:05:32Z,2026-07-02T20:05:32Z,2026-07-02T20:05:32Z,2.2,https://data.lime.bike/api/partners/v2/gbfs/vancouver_bc/gbfs.json,https://data.lime.bike/api/partners/v2/gbfs/vancouver_bc/free_bike_status,2026-07-02T20:05:31Z,2026-07-02T20:05:31Z
lime_vancouver,lime_vancouver_1678ae27-a374-418d-92ac-9012a9c04120,1678ae27-a374-418d-92ac-9012a9c04120,49.262495,-123.119788,2,FALSE,FALSE,17896,NA,1783022684,2026-07-02T20:05:32Z,2026-07-02T20:05:32Z,2026-07-02T20:05:32Z,2.2,https://data.lime.bike/api/partners/v2/gbfs/vancouver_bc/gbfs.json,https://data.lime.bike/api/partners/v2/gbfs/vancouver_bc/free_bike_status,2026-07-02T20:05:31Z,2026-07-02T20:05:31Z
lime_vancouver,lime_vancouver_7ff5cbb7-62e3-4245-b3e3-9b1310ef47a4,7ff5cbb7-62e3-4245-b3e3-9b1310ef47a4,49.283412,-123.102325,2,FALSE,FALSE,10412,NA,1783022684,2026-07-02T20:05:32Z,2026-07-02T20:05:32Z,2026-07-02T20:05:32Z,2.2,https://data.lime.bike/api/partners/v2/gbfs/vancouver_bc/gbfs.json,https://data.lime.bike/api/partners/v2/gbfs/vancouver_bc/free_bike_status,2026-07-02T20:05:31Z,2026-07-02T20:05:31Z
lime_vancouver,lime_vancouver_b01ee633-a0ef-4930-8732-a10e59b1abfc,b01ee633-a0ef-4930-8732-a10e59b1abfc,49.258366,-123.049944,2,FALSE,FALSE,44354,NA,1783022684,2026-07-02T20:05:32Z,2026-07-02T20:05:32Z,2026-07-02T20:05:32Z,2.2,https://data.lime.bike/api/partners/v2/gbfs/vancouver_bc/gbfs.json,https://data.lime.bike/api/partners/v2/gbfs/vancouver_bc/free_bike_status,2026-07-02T20:05:31Z,2026-07-02T20:05:31Z
lime_vancouver,lime_vancouver_611d680f-fc3d-42f0-9811-c41693ca1086,611d680f-fc3d-42f0-9811-c41693ca1086,49.28096,-123.084863,2,FALSE,FALSE,10412,NA,1783022684,2026-07-02T20:05:32Z,2026-07-02T20:05:32Z,2026-07-02T20:05:32Z,2.2,https://data.lime.bike/api/partners/v2/gbfs/vancouver_bc/gbfs.json,https://data.lime.bike/api/partners/v2/gbfs/vancouver_bc/free_bike_status,2026-07-02T20:05:31Z,2026-07-02T20:05:31Z
lime_vancouver,lime_vancouver_b79ed222-4a5a-464d-a5fd-b1e15ad82910,b79ed222-4a5a-464d-a5fd-b1e15ad82910,49.283478,-123.102175,2,FALSE,FALSE,17896,NA,1783022684,2026-07-02T20:05:32Z,2026-07-02T20:05:32Z,2026-07-02T20:05:32Z,2.2,https://data.lime.bike/api/partners/v2/gbfs/vancouver_bc/gbfs.json,https://data.lime.bike/api/partners/v2/gbfs/vancouver_bc/free_bike_status,2026-07-02T20:05:31Z,2026-07-02T20:05:31Z
lime_vancouver,lime_vancouver_58f03d37-c4ae-43b6-a584-371740ef5c43,58f03d37-c4ae-43b6-a584-371740ef5c43,49.266847,-123.049578,2,FALSE,FALSE,15530,NA,1783022684,2026-07-02T20:05:32Z,2026-07-02T20:05:32Z,2026-07-02T20:05:32Z,2.2,https://data.lime.bike/api/partners/v2/gbfs/vancouver_bc/gbfs.json,https://data.lime.bike/api/partners/v2/gbfs/vancouver_bc/free_bike_status,2026-07-02T20:05:31Z,2026-07-02T20:05:31Z
lime_vancouver,lime_vancouver_6670b0c1-434e-42b6-8ce7-9ffcd1a83bbd,6670b0c1-434e-42b6-8ce7-9ffcd1a83bbd,49.263859,-123.034075,2,FALSE,FALSE,38206,NA,1783022684,2026-07-02T20:05:32Z,2026-07-02T20:05:32Z,2026-07-02T20:05:32Z,2.2,https://data.lime.bike/api/partners/v2/gbfs/vancouver_bc/gbfs.json,https://data.lime.bike/api/partners/v2/gbfs/vancouver_bc/free_bike_status,2026-07-02T20:05:31Z,2026-07-02T20:05:31Z
lime_vancouver,lime_vancouver_8ddaf3be-c5f1-4641-bf5a-85f0c6f3e04d,8ddaf3be-c5f1-4641-bf5a-85f0c6f3e04d,49.281785,-123.120372,2,FALSE,FALSE,45882,NA,1783022684,2026-07-02T20:05:32Z,2026-07-02T20:05:32Z,2026-07-02T20:05:32Z,2.2,https://data.lime.bike/api/partners/v2/gbfs/vancouver_bc/gbfs.json,https://data.lime.bike/api/partners/v2/gbfs/vancouver_bc/free_bike_status,2026-07-02T20:05:31Z,2026-07-02T20:05:31Z
lime_vancouver,lime_vancouver_ed4a6a96-b60f-4ff1-abe3-aaa7af41749a,ed4a6a96-b60f-4ff1-abe3-aaa7af41749a,49.283023,-123.05487,2,FALSE,FALSE,40282,NA,1783022684,2026-07-02T20:05:32Z,2026-07-02T20:05:32Z,2026-07-02T20:05:32Z,2.2,https://data.lime.bike/api/partners/v2/gbfs/vancouver_bc/gbfs.json,https://data.lime.bike/api/partners/v2/gbfs/vancouver_bc/free_bike_status,2026-07-02T20:05:31Z,2026-07-02T20:05:31Z
lime_vancouver,lime_vancouver_45969579-358e-49f4-9fa0-130cf47b5ec6,45969579-358e-49f4-9fa0-130cf47b5ec6,49.274033,-123.073212,2,FALSE,FALSE,10863,NA,1783022684,2026-07-02T20:05:32Z,2026-07-02T20:05:32Z,2026-07-02T20:05:32Z,2.2,https://data.lime.bike/api/partners/v2/gbfs/vancouver_bc/gbfs.json,https://data.lime.bike/api/partners/v2/gbfs/vancouver_bc/free_bike_status,2026-07-02T20:05:31Z,2026-07-02T20:05:31Z
lime_vancouver,lime_vancouver_6a68f269-cf48-423c-b761-82df96ec68a8,6a68f269-cf48-423c-b761-82df96ec68a8,49.283708,-123.110612,2,FALSE,FALSE,36146,NA,1783022684,2026-07-02T20:05:32Z,2026-07-02T20:05:32Z,2026-07-02T20:05:32Z,2.2,https://data.lime.bike/api/partners/v2/gbfs/vancouver_bc/gbfs.json,https://data.lime.bike/api/partners/v2/gbfs/vancouver_bc/free_bike_status,2026-07-02T20:05:31Z,2026-07-02T20:05:31Z
lime_vancouver,lime_vancouver_52c4b693-794f-4f6e-9204-a5da8e8e4113,52c4b693-794f-4f6e-9204-a5da8e8e4113,49.242885,-123.031168,2,FALSE,FALSE,15063,NA,1783022684,2026-07-02T20:05:32Z,2026-07-02T20:05:32Z,2026-07-02T20:05:32Z,2.2,https://data.lime.bike/api/partners/v2/gbfs/vancouver_bc/gbfs.json,https://data.lime.bike/api/partners/v2/gbfs/vancouver_bc/free_bike_status,2026-07-02T20:05:31Z,2026-07-02T20:05:31Z
lime_vancouver,lime_vancouver_fba010d3-fdcd-4c95-89f0-8f60b8cfec8a,fba010d3-fdcd-4c95-89f0-8f60b8cfec8a,49.235404,-123.030917,2,FALSE,FALSE,6743,NA,1783022684,2026-07-02T20:05:32Z,2026-07-02T20:05:32Z,2026-07-02T20:05:32Z,2.2,https://data.lime.bike/api/partners/v2/gbfs/vancouver_bc/gbfs.json,https://data.lime.bike/api/partners/v2/gbfs/vancouver_bc/free_bike_status,2026-07-02T20:05:31Z,2026-07-02T20:05:31Z
lime_vancouver,lime_vancouver_149eec18-11a7-4794-af3a-8bfb6371eeed,149eec18-11a7-4794-af3a-8bfb6371eeed,49.262694,-123.139114,2,FALSE,FALSE,7660,NA,1783022684,2026-07-02T20:05:32Z,2026-07-02T20:05:32Z,2026-07-02T20:05:32Z,2.2,https://data.lime.bike/api/partners/v2/gbfs/vancouver_bc/gbfs.json,https://data.lime.bike/api/partners/v2/gbfs/vancouver_bc/free_bike_status,2026-07-02T20:05:31Z,2026-07-02T20:05:31Z
lime_vancouver,lime_vancouver_2ef439e1-f1d7-4139-84cc-2fff0a400304,2ef439e1-f1d7-4139-84cc-2fff0a400304,49.279249,-123.046789,2,FALSE,FALSE,14597,NA,1783022684,2026-07-02T20:05:32Z,2026-07-02T20:05:32Z,2026-07-02T20:05:32Z,2.2,https://data.lime.bike/api/partners/v2/gbfs/vancouver_bc/gbfs.json,https://data.lime.bike/api/partners/v2/gbfs/vancouver_bc/free_bike_status,2026-07-02T20:05:31Z,2026-07-02T20:05:31Z
lime_vancouver,lime_vancouver_b07a5739-3342-457f-bb0d-5bc0024afa97,b07a5739-3342-457f-bb0d-5bc0024afa97,49.279472,-123.102332,2,FALSE,FALSE,5842,NA,1783022684,2026-07-02T20:05:32Z,2026-07-02T20:05:32Z,2026-07-02T20:05:32Z,2.2,https://data.lime.bike/api/partners/v2/gbfs/vancouver_bc/gbfs.json,https://data.lime.bike/api/partners/v2/gbfs/vancouver_bc/free_bike_status,2026-07-02T20:05:31Z,2026-07-02T20:05:31Z
lime_vancouver,lime_vancouver_e487be50-6e95-4137-9fb3-860da34238cb,e487be50-6e95-4137-9fb3-860da34238cb,49.2663,-123.104743,2,FALSE,FALSE,44354,NA,1783022684,2026-07-02T20:05:32Z,2026-07-02T20:05:32Z,2026-07-02T20:05:32Z,2.2,https://data.lime.bike/api/partners/v2/gbfs/vancouver_bc/gbfs.json,https://data.lime.bike/api/partners/v2/gbfs/vancouver_bc/free_bike_status,2026-07-02T20:05:31Z,2026-07-02T20:05:31Z
lime_vancouver,lime_vancouver_f052b5c7-54f9-44a8-820b-551caaeedc7e,f052b5c7-54f9-44a8-820b-551caaeedc7e,49.281582,-123.120069,2,FALSE,FALSE,19328,NA,1783022684,2026-07-02T20:05:32Z,2026-07-02T20:05:32Z,2026-07-02T20:05:32Z,2.2,https://data.lime.bike/api/partners/v2/gbfs/vancouver_bc/gbfs.json,https://data.lime.bike/api/partners/v2/gbfs/vancouver_bc/free_bike_status,2026-07-02T20:05:31Z,2026-07-02T20:05:31Z
lime_vancouver,lime_vancouver_9f4d537f-ee1b-4e06-9a75-b0014aa722e0,9f4d537f-ee1b-4e06-9a75-b0014aa722e0,49.283114,-123.134301,2,FALSE,FALSE,16946,NA,1783022684,2026-07-02T20:05:32Z,2026-07-02T20:05:32Z,2026-07-02T20:05:32Z,2.2,https://data.lime.bike/api/partners/v2/gbfs/vancouver_bc/gbfs.json,https://data.lime.bike/api/partners/v2/gbfs/vancouver_bc/free_bike_status,2026-07-02T20:05:31Z,2026-07-02T20:05:31Z
lime_vancouver,lime_vancouver_b5f49040-20b8-4805-bcef-ce46fc8da806,b5f49040-20b8-4805-bcef-ce46fc8da806,49.280259,-123.030825,2,FALSE,FALSE,16480,NA,1783022684,2026-07-02T20:05:32Z,2026-07-02T20:05:32Z,2026-07-02T20:05:32Z,2.2,https://data.lime.bike/api/partners/v2/gbfs/vancouver_bc/gbfs.json,https://data.lime.bike/api/partners/v2/gbfs/vancouver_bc/free_bike_status,2026-07-02T20:05:31Z,2026-07-02T20:05:31Z
lime_vancouver,lime_vancouver_fc607988-93c6-48a3-8955-d51254526b3b,fc607988-93c6-48a3-8955-d51254526b3b,49.283588,-123.112717,2,FALSE,FALSE,15997,NA,1783022684,2026-07-02T20:05:32Z,2026-07-02T20:05:32Z,2026-07-02T20:05:32Z,2.2,https://data.lime.bike/api/partners/v2/gbfs/vancouver_bc/gbfs.json,https://data.lime.bike/api/partners/v2/gbfs/vancouver_bc/free_bike_status,2026-07-02T20:05:31Z,2026-07-02T20:05:31Z
lime_vancouver,lime_vancouver_2d661c49-40d1-4862-a9a2-50f2e205510b,2d661c49-40d1-4862-a9a2-50f2e205510b,49.288616,-123.120049,2,FALSE,FALSE,6293,NA,1783022684,2026-07-02T20:05:32Z,2026-07-02T20:05:32Z,2026-07-02T20:05:32Z,2.2,https://data.lime.bike/api/partners/v2/gbfs/vancouver_bc/gbfs.json,https://data.lime.bike/api/partners/v2/gbfs/vancouver_bc/free_bike_status,2026-07-02T20:05:31Z,2026-07-02T20:05:31Z
lime_vancouver,lime_vancouver_537b1478-efe8-4f70-beb7-15f8191e4ee0,537b1478-efe8-4f70-beb7-15f8191e4ee0,49.266429,-123.08481,2,FALSE,FALSE,34102,NA,1783022684,2026-07-02T20:05:32Z,2026-07-02T20:05:32Z,2026-07-02T20:05:32Z,2.2,https://data.lime.bike/api/partners/v2/gbfs/vancouver_bc/gbfs.json,https://data.lime.bike/api/partners/v2/gbfs/vancouver_bc/free_bike_status,2026-07-02T20:05:31Z,2026-07-02T20:05:31Z
lime_vancouver,lime_vancouver_b6a1372d-5288-417c-8b7e-7ec5ff1109fb,b6a1372d-5288-417c-8b7e-7ec5ff1109fb,49.262719,-123.155303,2,FALSE,FALSE,9479,NA,1783022684,2026-07-02T20:05:32Z,2026-07-02T20:05:32Z,2026-07-02T20:05:32Z,2.2,https://data.lime.bike/api/partners/v2/gbfs/vancouver_bc/gbfs.json,https://data.lime.bike/api/partners/v2/gbfs/vancouver_bc/free_bike_status,2026-07-02T20:05:31Z,2026-07-02T20:05:31Z
lime_vancouver,lime_vancouver_2a7f05d8-9e94-42ea-b929-748ebac02074,2a7f05d8-9e94-42ea-b929-748ebac02074,49.280918,-123.02556,2,FALSE,FALSE,5842,NA,1783022684,2026-07-02T20:05:32Z,2026-07-02T20:05:32Z,2026-07-02T20:05:32Z,2.2,https://data.lime.bike/api/partners/v2/gbfs/vancouver_bc/gbfs.json,https://data.lime.bike/api/partners/v2/gbfs/vancouver_bc/free_bike_status,2026-07-02T20:05:31Z,2026-07-02T20:05:31Z
lime_vancouver,lime_vancouver_48265207-45c2-4646-be5d-093cc2c0f73b,48265207-45c2-4646-be5d-093cc2c0f73b,49.283202,-123.115785,2,FALSE,FALSE,22209,NA,1783022684,2026-07-02T20:05:32Z,2026-07-02T20:05:32Z,2026-07-02T20:05:32Z,2.2,https://data.lime.bike/api/partners/v2/gbfs/vancouver_bc/gbfs.json,https://data.lime.bike/api/partners/v2/gbfs/vancouver_bc/free_bike_status,2026-07-02T20:05:31Z,2026-07-02T20:05:31Z
lime_vancouver,lime_vancouver_b16c3fea-f16a-484d-97af-9123ce0986e9,b16c3fea-f16a-484d-97af-9123ce0986e9,49.269061,-123.164456,2,FALSE,FALSE,11330,NA,1783022684,2026-07-02T20:05:32Z,2026-07-02T20:05:32Z,2026-07-02T20:05:32Z,2.2,https://data.lime.bike/api/partners/v2/gbfs/vancouver_bc/gbfs.json,https://data.lime.bike/api/partners/v2/gbfs/vancouver_bc/free_bike_status,2026-07-02T20:05:31Z,2026-07-02T20:05:31Z
lime_vancouver,lime_vancouver_f569762f-8989-4fbc-ac31-37910613613e,f569762f-8989-4fbc-ac31-37910613613e,49.239786,-123.047081,2,FALSE,FALSE,35631,NA,1783022684,2026-07-02T20:05:32Z,2026-07-02T20:05:32Z,2026-07-02T20:05:32Z,2.2,https://data.lime.bike/api/partners/v2/gbfs/vancouver_bc/gbfs.json,https://data.lime.bike/api/partners/v2/gbfs/vancouver_bc/free_bike_status,2026-07-02T20:05:31Z,2026-07-02T20:05:31Z
lime_vancouver,lime_vancouver_46f8a2e9-6e3a-4fa7-b1ec-e3691eb3be8c,46f8a2e9-6e3a-4fa7-b1ec-e3691eb3be8c,49.266194,-123.101615,2,FALSE,FALSE,37691,NA,1783022684,2026-07-02T20:05:32Z,2026-07-02T20:05:32Z,2026-07-02T20:05:32Z,2.2,https://data.lime.bike/api/partners/v2/gbfs/vancouver_bc/gbfs.json,https://data.lime.bike/api/partners/v2/gbfs/vancouver_bc/free_bike_status,2026-07-02T20:05:31Z,2026-07-02T20:05:31Z
lime_vancouver,lime_vancouver_6bd57d60-8de6-40b8-89b1-9b2453adcb30,6bd57d60-8de6-40b8-89b1-9b2453adcb30,49.277274,-123.079699,2,FALSE,FALSE,4957,NA,1783022684,2026-07-02T20:05:32Z,2026-07-02T20:05:32Z,2026-07-02T20:05:32Z,2.2,https://data.lime.bike/api/partners/v2/gbfs/vancouver_bc/gbfs.json,https://data.lime.bike/api/partners/v2/gbfs/vancouver_bc/free_bike_status,2026-07-02T20:05:31Z,2026-07-02T20:05:31Z
lime_vancouver,lime_vancouver_a434a853-c9b9-4591-a96c-051e73cdd834,a434a853-c9b9-4591-a96c-051e73cdd834,49.290694,-123.128241,2,FALSE,FALSE,11330,NA,1783022684,2026-07-02T20:05:32Z,2026-07-02T20:05:32Z,2026-07-02T20:05:32Z,2.2,https://data.lime.bike/api/partners/v2/gbfs/vancouver_bc/gbfs.json,https://data.lime.bike/api/partners/v2/gbfs/vancouver_bc/free_bike_status,2026-07-02T20:05:31Z,2026-07-02T20:05:31Z
lime_vancouver,lime_vancouver_62e93b1f-5bca-4d40-87a6-3ca740d2ccbe,62e93b1f-5bca-4d40-87a6-3ca740d2ccbe,49.286291,-123.122127,2,FALSE,FALSE,29081,NA,1783022684,2026-07-02T20:05:32Z,2026-07-02T20:05:32Z,2026-07-02T20:05:32Z,2.2,https://data.lime.bike/api/partners/v2/gbfs/vancouver_bc/gbfs.json,https://data.lime.bike/api/partners/v2/gbfs/vancouver_bc/free_bike_status,2026-07-02T20:05:31Z,2026-07-02T20:05:31Z
lime_vancouver,lime_vancouver_dea164ef-751c-4baa-b813-7b06e73434b9,dea164ef-751c-4baa-b813-7b06e73434b9,49.26621,-123.140611,2,FALSE,FALSE,13197,NA,1783022684,2026-07-02T20:05:32Z,2026-07-02T20:05:32Z,2026-07-02T20:05:32Z,2.2,https://data.lime.bike/api/partners/v2/gbfs/vancouver_bc/gbfs.json,https://data.lime.bike/api/partners/v2/gbfs/vancouver_bc/free_bike_status,2026-07-02T20:05:31Z,2026-07-02T20:05:31Z
lime_vancouver,lime_vancouver_064654ca-67bc-4c49-b32f-36a40eb0b734,064654ca-67bc-4c49-b32f-36a40eb0b734,49.285591,-123.120775,2,FALSE,FALSE,25122,NA,1783022684,2026-07-02T20:05:32Z,2026-07-02T20:05:32Z,2026-07-02T20:05:32Z,2.2,https://data.lime.bike/api/partners/v2/gbfs/vancouver_bc/gbfs.json,https://data.lime.bike/api/partners/v2/gbfs/vancouver_bc/free_bike_status,2026-07-02T20:05:31Z,2026-07-02T20:05:31Z
lime_vancouver,lime_vancouver_65fcf691-5ceb-4ca8-8390-f77237bc6e20,65fcf691-5ceb-4ca8-8390-f77237bc6e20,49.271203,-123.135557,2,FALSE,FALSE,7194,NA,1783022684,2026-07-02T20:05:32Z,2026-07-02T20:05:32Z,2026-07-02T20:05:32Z,2.2,https://data.lime.bike/api/partners/v2/gbfs/vancouver_bc/gbfs.json,https://data.lime.bike/api/partners/v2/gbfs/vancouver_bc/free_bike_status,2026-07-02T20:05:31Z,2026-07-02T20:05:31Z
lime_vancouver,lime_vancouver_7fd0209e-386f-4519-bb65-b378f0c39d02,7fd0209e-386f-4519-bb65-b378f0c39d02,49.281669,-123.12354,2,FALSE,FALSE,27584,NA,1783022684,2026-07-02T20:05:32Z,2026-07-02T20:05:32Z,2026-07-02T20:05:32Z,2.2,https://data.lime.bike/api/partners/v2/gbfs/vancouver_bc/gbfs.json,https://data.lime.bike/api/partners/v2/gbfs/vancouver_bc/free_bike_status,2026-07-02T20:05:31Z,2026-07-02T20:05:31Z
lime_vancouver,lime_vancouver_12190605-c769-43df-8c72-b15afabde48e,12190605-c769-43df-8c72-b15afabde48e,49.283937,-123.119857,2,FALSE,FALSE,40797,NA,1783022684,2026-07-02T20:05:32Z,2026-07-02T20:05:32Z,2026-07-02T20:05:32Z,2.2,https://data.lime.bike/api/partners/v2/gbfs/vancouver_bc/gbfs.json,https://data.lime.bike/api/partners/v2/gbfs/vancouver_bc/free_bike_status,2026-07-02T20:05:31Z,2026-07-02T20:05:31Z
lime_vancouver,lime_vancouver_33140eb5-48db-4307-aa51-b1b0e0fb3c5f,33140eb5-48db-4307-aa51-b1b0e0fb3c5f,49.281684,-123.074132,2,FALSE,FALSE,27584,NA,1783022684,2026-07-02T20:05:32Z,2026-07-02T20:05:32Z,2026-07-02T20:05:32Z,2.2,https://data.lime.bike/api/partners/v2/gbfs/vancouver_bc/gbfs.json,https://data.lime.bike/api/partners/v2/gbfs/vancouver_bc/free_bike_status,2026-07-02T20:05:31Z,2026-07-02T20:05:31Z
lime_vancouver,lime_vancouver_2d3b878c-580d-471b-a43d-b1b500641c68,2d3b878c-580d-471b-a43d-b1b500641c68,49.272333,-123.033976,2,FALSE,FALSE,21243,NA,1783022684,2026-07-02T20:05:32Z,2026-07-02T20:05:32Z,2026-07-02T20:05:32Z,2.2,https://data.lime.bike/api/partners/v2/gbfs/vancouver_bc/gbfs.json,https://data.lime.bike/api/partners/v2/gbfs/vancouver_bc/free_bike_status,2026-07-02T20:05:31Z,2026-07-02T20:05:31Z
lime_vancouver,lime_vancouver_7fa37819-343d-45a7-9b50-8299482f889e,7fa37819-343d-45a7-9b50-8299482f889e,49.265978,-123.062178,2,FALSE,FALSE,5407,NA,1783022684,2026-07-02T20:05:32Z,2026-07-02T20:05:32Z,2026-07-02T20:05:32Z,2.2,https://data.lime.bike/api/partners/v2/gbfs/vancouver_bc/gbfs.json,https://data.lime.bike/api/partners/v2/gbfs/vancouver_bc/free_bike_status,2026-07-02T20:05:31Z,2026-07-02T20:05:31Z
lime_vancouver,lime_vancouver_20bdb440-365b-4a93-aa84-92458ec8895c,20bdb440-365b-4a93-aa84-92458ec8895c,49.284001,-123.089687,2,FALSE,FALSE,5842,NA,1783022684,2026-07-02T20:05:32Z,2026-07-02T20:05:32Z,2026-07-02T20:05:32Z,2.2,https://data.lime.bike/api/partners/v2/gbfs/vancouver_bc/gbfs.json,https://data.lime.bike/api/partners/v2/gbfs/vancouver_bc/free_bike_status,2026-07-02T20:05:31Z,2026-07-02T20:05:31Z
lime_vancouver,lime_vancouver_b56dd963-71aa-40fd-b745-567a7eda09f5,b56dd963-71aa-40fd-b745-567a7eda09f5,49.288574,-123.119993,2,FALSE,FALSE,40797,NA,1783022684,2026-07-02T20:05:32Z,2026-07-02T20:05:32Z,2026-07-02T20:05:32Z,2.2,https://data.lime.bike/api/partners/v2/gbfs/vancouver_bc/gbfs.json,https://data.lime.bike/api/partners/v2/gbfs/vancouver_bc/free_bike_status,2026-07-02T20:05:31Z,2026-07-02T20:05:31Z
lime_vancouver,lime_vancouver_c66935d7-f8db-4389-8373-41c7b08cb28f,c66935d7-f8db-4389-8373-41c7b08cb28f,49.269816,-123.135828,2,FALSE,FALSE,28582,NA,1783022684,2026-07-02T20:05:32Z,2026-07-02T20:05:32Z,2026-07-02T20:05:32Z,2.2,https://data.lime.bike/api/partners/v2/gbfs/vancouver_bc/gbfs.json,https://data.lime.bike/api/partners/v2/gbfs/vancouver_bc/free_bike_status,2026-07-02T20:05:31Z,2026-07-02T20:05:31Z
lime_vancouver,lime_vancouver_07298cd5-7039-45fe-8b3b-e06b54d6c0a9,07298cd5-7039-45fe-8b3b-e06b54d6c0a9,49.287055,-123.125856,2,FALSE,FALSE,35116,NA,1783022684,2026-07-02T20:05:32Z,2026-07-02T20:05:32Z,2026-07-02T20:05:32Z,2.2,https://data.lime.bike/api/partners/v2/gbfs/vancouver_bc/gbfs.json,https://data.lime.bike/api/partners/v2/gbfs/vancouver_bc/free_bike_status,2026-07-02T20:05:31Z,2026-07-02T20:05:31Z
lime_vancouver,lime_vancouver_7f3b8143-0835-476f-a6a9-3f5c2ad12e63,7f3b8143-0835-476f-a6a9-3f5c2ad12e63,49.266201,-123.101643,2,FALSE,FALSE,20761,NA,1783022684,2026-07-02T20:05:32Z,2026-07-02T20:05:32Z,2026-07-02T20:05:32Z,2.2,https://data.lime.bike/api/partners/v2/gbfs/vancouver_bc/gbfs.json,https://data.lime.bike/api/partners/v2/gbfs/vancouver_bc/free_bike_status,2026-07-02T20:05:31Z,2026-07-02T20:05:31Z
lime_vancouver,lime_vancouver_f26004e2-fcdf-4ec9-853a-fb8c772f65a6,f26004e2-fcdf-4ec9-853a-fb8c772f65a6,49.283763,-123.1106,2,FALSE,FALSE,16480,NA,1783022684,2026-07-02T20:05:32Z,2026-07-02T20:05:32Z,2026-07-02T20:05:32Z,2.2,https://data.lime.bike/api/partners/v2/gbfs/vancouver_bc/gbfs.json,https://data.lime.bike/api/partners/v2/gbfs/vancouver_bc/free_bike_status,2026-07-02T20:05:31Z,2026-07-02T20:05:31Z
lime_vancouver,lime_vancouver_2461b3b4-4791-448c-a9e4-b9ca0963519d,2461b3b4-4791-448c-a9e4-b9ca0963519d,49.262097,-123.102197,2,FALSE,FALSE,2784,NA,1783022684,2026-07-02T20:05:32Z,2026-07-02T20:05:32Z,2026-07-02T20:05:32Z,2.2,https://data.lime.bike/api/partners/v2/gbfs/vancouver_bc/gbfs.json,https://data.lime.bike/api/partners/v2/gbfs/vancouver_bc/free_bike_status,2026-07-02T20:05:31Z,2026-07-02T20:05:31Z
lime_vancouver,lime_vancouver_17d5af69-2d1f-4d0e-84b7-c3cc7b370bb3,17d5af69-2d1f-4d0e-84b7-c3cc7b370bb3,49.283621,-123.112744,2,FALSE,FALSE,34102,NA,1783022684,2026-07-02T20:05:32Z,2026-07-02T20:05:32Z,2026-07-02T20:05:32Z,2.2,https://data.lime.bike/api/partners/v2/gbfs/vancouver_bc/gbfs.json,https://data.lime.bike/api/partners/v2/gbfs/vancouver_bc/free_bike_status,2026-07-02T20:05:31Z,2026-07-02T20:05:31Z
lime_vancouver,lime_vancouver_54197c90-4aaa-4056-94aa-1a59eb89a52e,54197c90-4aaa-4056-94aa-1a59eb89a52e,49.283032,-123.054817,2,FALSE,FALSE,4522,NA,1783022684,2026-07-02T20:05:32Z,2026-07-02T20:05:32Z,2026-07-02T20:05:32Z,2.2,https://data.lime.bike/api/partners/v2/gbfs/vancouver_bc/gbfs.json,https://data.lime.bike/api/partners/v2/gbfs/vancouver_bc/free_bike_status,2026-07-02T20:05:31Z,2026-07-02T20:05:31Z
lime_vancouver,lime_vancouver_39b560e4-941a-4603-84a4-19775d5456e8,39b560e4-941a-4603-84a4-19775d5456e8,49.259833,-123.083303,2,FALSE,FALSE,31575,NA,1783022684,2026-07-02T20:05:32Z,2026-07-02T20:05:32Z,2026-07-02T20:05:32Z,2.2,https://data.lime.bike/api/partners/v2/gbfs/vancouver_bc/gbfs.json,https://data.lime.bike/api/partners/v2/gbfs/vancouver_bc/free_bike_status,2026-07-02T20:05:31Z,2026-07-02T20:05:31Z
lime_vancouver,lime_vancouver_e948e08c-26ec-4279-b8bb-3541f1e82729,e948e08c-26ec-4279-b8bb-3541f1e82729,49.264029,-123.104876,2,FALSE,FALSE,28582,NA,1783022684,2026-07-02T20:05:32Z,2026-07-02T20:05:32Z,2026-07-02T20:05:32Z,2.2,https://data.lime.bike/api/partners/v2/gbfs/vancouver_bc/gbfs.json,https://data.lime.bike/api/partners/v2/gbfs/vancouver_bc/free_bike_status,2026-07-02T20:05:31Z,2026-07-02T20:05:31Z
lime_vancouver,lime_vancouver_c5b1e3b4-3236-419e-b84a-44d03c252a2b,c5b1e3b4-3236-419e-b84a-44d03c252a2b,49.268463,-123.15978,2,FALSE,FALSE,43855,NA,1783022684,2026-07-02T20:05:32Z,2026-07-02T20:05:32Z,2026-07-02T20:05:32Z,2.2,https://data.lime.bike/api/partners/v2/gbfs/vancouver_bc/gbfs.json,https://data.lime.bike/api/partners/v2/gbfs/vancouver_bc/free_bike_status,2026-07-02T20:05:31Z,2026-07-02T20:05:31Z
lime_vancouver,lime_vancouver_a3b6d05b-9970-4e38-8d9c-02e110466aff,a3b6d05b-9970-4e38-8d9c-02e110466aff,49.263738,-123.070054,2,FALSE,FALSE,24623,NA,1783022684,2026-07-02T20:05:32Z,2026-07-02T20:05:32Z,2026-07-02T20:05:32Z,2.2,https://data.lime.bike/api/partners/v2/gbfs/vancouver_bc/gbfs.json,https://data.lime.bike/api/partners/v2/gbfs/vancouver_bc/free_bike_status,2026-07-02T20:05:31Z,2026-07-02T20:05:31Z
lime_vancouver,lime_vancouver_16a01425-cd1b-49dd-9131-3331aa4ae3b1,16a01425-cd1b-49dd-9131-3331aa4ae3b1,49.271426,-123.146388,2,FALSE,FALSE,21726,NA,1783022684,2026-07-02T20:05:32Z,2026-07-02T20:05:32Z,2026-07-02T20:05:32Z,2.2,https://data.lime.bike/api/partners/v2/gbfs/vancouver_bc/gbfs.json,https://data.lime.bike/api/partners/v2/gbfs/vancouver_bc/free_bike_status,2026-07-02T20:05:31Z,2026-07-02T20:05:31Z
lime_vancouver,lime_vancouver_2dfe82f3-88a9-4860-8243-c8db3530ac01,2dfe82f3-88a9-4860-8243-c8db3530ac01,49.254562,-123.049599,2,FALSE,FALSE,40282,NA,1783022684,2026-07-02T20:05:32Z,2026-07-02T20:05:32Z,2026-07-02T20:05:32Z,2.2,https://data.lime.bike/api/partners/v2/gbfs/vancouver_bc/gbfs.json,https://data.lime.bike/api/partners/v2/gbfs/vancouver_bc/free_bike_status,2026-07-02T20:05:31Z,2026-07-02T20:05:31Z
lime_vancouver,lime_vancouver_55726e03-ab1c-4a75-8850-136291932b47,55726e03-ab1c-4a75-8850-136291932b47,49.281901,-123.120401,2,FALSE,FALSE,5842,NA,1783022684,2026-07-02T20:05:32Z,2026-07-02T20:05:32Z,2026-07-02T20:05:32Z,2.2,https://data.lime.bike/api/partners/v2/gbfs/vancouver_bc/gbfs.json,https://data.lime.bike/api/partners/v2/gbfs/vancouver_bc/free_bike_status,2026-07-02T20:05:31Z,2026-07-02T20:05:31Z
lime_vancouver,lime_vancouver_b7221d2c-a918-454c-bc93-7a2343e6dcc1,b7221d2c-a918-454c-bc93-7a2343e6dcc1,49.288132,-123.116138,2,FALSE,FALSE,26104,NA,1783022684,2026-07-02T20:05:32Z,2026-07-02T20:05:32Z,2026-07-02T20:05:32Z,2.2,https://data.lime.bike/api/partners/v2/gbfs/vancouver_bc/gbfs.json,https://data.lime.bike/api/partners/v2/gbfs/vancouver_bc/free_bike_status,2026-07-02T20:05:31Z,2026-07-02T20:05:31Z
lime_vancouver,lime_vancouver_bf4e6067-e5db-4478-9f62-c8127629f967,bf4e6067-e5db-4478-9f62-c8127629f967,49.266238,-123.140567,2,FALSE,FALSE,25122,NA,1783022684,2026-07-02T20:05:32Z,2026-07-02T20:05:32Z,2026-07-02T20:05:32Z,2.2,https://data.lime.bike/api/partners/v2/gbfs/vancouver_bc/gbfs.json,https://data.lime.bike/api/partners/v2/gbfs/vancouver_bc/free_bike_status,2026-07-02T20:05:31Z,2026-07-02T20:05:31Z
lime_vancouver,lime_vancouver_ca2d5278-d368-4760-b68c-cef05961c582,ca2d5278-d368-4760-b68c-cef05961c582,49.231078,-123.032607,2,FALSE,FALSE,17429,NA,1783022684,2026-07-02T20:05:32Z,2026-07-02T20:05:32Z,2026-07-02T20:05:32Z,2.2,https://data.lime.bike/api/partners/v2/gbfs/vancouver_bc/gbfs.json,https://data.lime.bike/api/partners/v2/gbfs/vancouver_bc/free_bike_status,2026-07-02T20:05:31Z,2026-07-02T20:05:31Z
lime_vancouver,lime_vancouver_d81b4010-428e-477d-88a4-0795cfd42407,d81b4010-428e-477d-88a4-0795cfd42407,49.28307,-123.115283,2,FALSE,FALSE,24140,NA,1783022684,2026-07-02T20:05:32Z,2026-07-02T20:05:32Z,2026-07-02T20:05:32Z,2.2,https://data.lime.bike/api/partners/v2/gbfs/vancouver_bc/gbfs.json,https://data.lime.bike/api/partners/v2/gbfs/vancouver_bc/free_bike_status,2026-07-02T20:05:31Z,2026-07-02T20:05:31Z
lime_vancouver,lime_vancouver_f31c35f2-1882-4118-86b0-84e02de94925,f31c35f2-1882-4118-86b0-84e02de94925,49.254113,-123.083616,2,FALSE,FALSE,5842,NA,1783022684,2026-07-02T20:05:32Z,2026-07-02T20:05:32Z,2026-07-02T20:05:32Z,2.2,https://data.lime.bike/api/partners/v2/gbfs/vancouver_bc/gbfs.json,https://data.lime.bike/api/partners/v2/gbfs/vancouver_bc/free_bike_status,2026-07-02T20:05:31Z,2026-07-02T20:05:31Z
lime_vancouver,lime_vancouver_d85fb331-f1a8-4bde-b83d-b7c9442efe07,d85fb331-f1a8-4bde-b83d-b7c9442efe07,49.280147,-123.131684,2,FALSE,FALSE,5842,NA,1783022684,2026-07-02T20:05:32Z,2026-07-02T20:05:32Z,2026-07-02T20:05:32Z,2.2,https://data.lime.bike/api/partners/v2/gbfs/vancouver_bc/gbfs.json,https://data.lime.bike/api/partners/v2/gbfs/vancouver_bc/free_bike_status,2026-07-02T20:05:31Z,2026-07-02T20:05:31Z
lime_vancouver,lime_vancouver_e459a314-23b8-4945-98de-d35f426f0883,e459a314-23b8-4945-98de-d35f426f0883,49.273179,-123.123407,2,FALSE,FALSE,7660,NA,1783022684,2026-07-02T20:05:32Z,2026-07-02T20:05:32Z,2026-07-02T20:05:32Z,2.2,https://data.lime.bike/api/partners/v2/gbfs/vancouver_bc/gbfs.json,https://data.lime.bike/api/partners/v2/gbfs/vancouver_bc/free_bike_status,2026-07-02T20:05:31Z,2026-07-02T20:05:31Z
lime_vancouver,lime_vancouver_15a513ac-0c30-478d-aa70-ba032ee20e95,15a513ac-0c30-478d-aa70-ba032ee20e95,49.23528,-123.037568,2,FALSE,FALSE,36146,NA,1783022684,2026-07-02T20:05:32Z,2026-07-02T20:05:32Z,2026-07-02T20:05:32Z,2.2,https://data.lime.bike/api/partners/v2/gbfs/vancouver_bc/gbfs.json,https://data.lime.bike/api/partners/v2/gbfs/vancouver_bc/free_bike_status,2026-07-02T20:05:31Z,2026-07-02T20:05:31Z
lime_vancouver,lime_vancouver_ca17ff09-c8be-4c7c-93b9-6beb031fac7c,ca17ff09-c8be-4c7c-93b9-6beb031fac7c,49.227225,-123.074213,2,FALSE,FALSE,24140,NA,1783022684,2026-07-02T20:05:32Z,2026-07-02T20:05:32Z,2026-07-02T20:05:32Z,2.2,https://data.lime.bike/api/partners/v2/gbfs/vancouver_bc/gbfs.json,https://data.lime.bike/api/partners/v2/gbfs/vancouver_bc/free_bike_status,2026-07-02T20:05:31Z,2026-07-02T20:05:31Z
lime_vancouver,lime_vancouver_cc1d5232-5849-4558-820e-0a3bc2b1c921,cc1d5232-5849-4558-820e-0a3bc2b1c921,49.283859,-123.119929,2,FALSE,FALSE,16946,NA,1783022684,2026-07-02T20:05:32Z,2026-07-02T20:05:32Z,2026-07-02T20:05:32Z,2.2,https://data.lime.bike/api/partners/v2/gbfs/vancouver_bc/gbfs.json,https://data.lime.bike/api/partners/v2/gbfs/vancouver_bc/free_bike_status,2026-07-02T20:05:31Z,2026-07-02T20:05:31Z
lime_vancouver,lime_vancouver_575ab974-af3e-492d-b5fa-ac72b5dda9ea,575ab974-af3e-492d-b5fa-ac72b5dda9ea,49.283157,-123.115689,2,FALSE,FALSE,33088,NA,1783022684,2026-07-02T20:05:32Z,2026-07-02T20:05:32Z,2026-07-02T20:05:32Z,2.2,https://data.lime.bike/api/partners/v2/gbfs/vancouver_bc/gbfs.json,https://data.lime.bike/api/partners/v2/gbfs/vancouver_bc/free_bike_status,2026-07-02T20:05:31Z,2026-07-02T20:05:31Z
lime_vancouver,lime_vancouver_0ee5f6ea-1913-418f-8988-85be42b8a1dd,0ee5f6ea-1913-418f-8988-85be42b8a1dd,49.264616,-123.148472,2,FALSE,FALSE,12730,NA,1783022684,2026-07-02T20:05:32Z,2026-07-02T20:05:32Z,2026-07-02T20:05:32Z,2.2,https://data.lime.bike/api/partners/v2/gbfs/vancouver_bc/gbfs.json,https://data.lime.bike/api/partners/v2/gbfs/vancouver_bc/free_bike_status,2026-07-02T20:05:31Z,2026-07-02T20:05:31Z
lime_vancouver,lime_vancouver_76c52dbf-b9fd-4e60-88d7-48cc6cbd407d,76c52dbf-b9fd-4e60-88d7-48cc6cbd407d,49.239977,-123.074123,2,FALSE,FALSE,15063,NA,1783022684,2026-07-02T20:05:32Z,2026-07-02T20:05:32Z,2026-07-02T20:05:32Z,2.2,https://data.lime.bike/api/partners/v2/gbfs/vancouver_bc/gbfs.json,https://data.lime.bike/api/partners/v2/gbfs/vancouver_bc/free_bike_status,2026-07-02T20:05:31Z,2026-07-02T20:05:31Z
lime_vancouver,lime_vancouver_89cf9c70-24f7-404c-b717-995932009f3a,89cf9c70-24f7-404c-b717-995932009f3a,49.26371,-123.157604,2,FALSE,FALSE,7194,NA,1783022684,2026-07-02T20:05:32Z,2026-07-02T20:05:32Z,2026-07-02T20:05:32Z,2.2,https://data.lime.bike/api/partners/v2/gbfs/vancouver_bc/gbfs.json,https://data.lime.bike/api/partners/v2/gbfs/vancouver_bc/free_bike_status,2026-07-02T20:05:31Z,2026-07-02T20:05:31Z
lime_vancouver,lime_vancouver_cfb15a3f-d418-4f09-9d11-03e53592c5a9,cfb15a3f-d418-4f09-9d11-03e53592c5a9,49.275272,-123.132936,2,FALSE,FALSE,26586,NA,1783022684,2026-07-02T20:05:32Z,2026-07-02T20:05:32Z,2026-07-02T20:05:32Z,2.2,https://data.lime.bike/api/partners/v2/gbfs/vancouver_bc/gbfs.json,https://data.lime.bike/api/partners/v2/gbfs/vancouver_bc/free_bike_status,2026-07-02T20:05:31Z,2026-07-02T20:05:31Z
lime_vancouver,lime_vancouver_f039dd0f-9cde-4cb9-a183-293f02806a81,f039dd0f-9cde-4cb9-a183-293f02806a81,49.262701,-123.146225,2,FALSE,FALSE,17429,NA,1783022684,2026-07-02T20:05:32Z,2026-07-02T20:05:32Z,2026-07-02T20:05:32Z,2.2,https://data.lime.bike/api/partners/v2/gbfs/vancouver_bc/gbfs.json,https://data.lime.bike/api/partners/v2/gbfs/vancouver_bc/free_bike_status,2026-07-02T20:05:31Z,2026-07-02T20:05:31Z
lime_vancouver,lime_vancouver_d2227cb3-959f-49e4-9657-506e1feb78ab,d2227cb3-959f-49e4-9657-506e1feb78ab,49.266411,-123.148367,2,FALSE,FALSE,9028,NA,1783022684,2026-07-02T20:05:32Z,2026-07-02T20:05:32Z,2026-07-02T20:05:32Z,2.2,https://data.lime.bike/api/partners/v2/gbfs/vancouver_bc/gbfs.json,https://data.lime.bike/api/partners/v2/gbfs/vancouver_bc/free_bike_status,2026-07-02T20:05:31Z,2026-07-02T20:05:31Z
lime_vancouver,lime_vancouver_3314b74d-723a-49b5-8c6f-b0531115c394,3314b74d-723a-49b5-8c6f-b0531115c394,49.266199,-123.140538,2,FALSE,FALSE,42326,NA,1783022684,2026-07-02T20:05:32Z,2026-07-02T20:05:32Z,2026-07-02T20:05:32Z,2.2,https://data.lime.bike/api/partners/v2/gbfs/vancouver_bc/gbfs.json,https://data.lime.bike/api/partners/v2/gbfs/vancouver_bc/free_bike_status,2026-07-02T20:05:31Z,2026-07-02T20:05:31Z
lime_vancouver,lime_vancouver_49e7b0c4-b22d-4217-b51e-44182f0d90aa,49e7b0c4-b22d-4217-b51e-44182f0d90aa,49.236873,-123.074469,2,FALSE,FALSE,19811,NA,1783022684,2026-07-02T20:05:32Z,2026-07-02T20:05:32Z,2026-07-02T20:05:32Z,2.2,https://data.lime.bike/api/partners/v2/gbfs/vancouver_bc/gbfs.json,https://data.lime.bike/api/partners/v2/gbfs/vancouver_bc/free_bike_status,2026-07-02T20:05:31Z,2026-07-02T20:05:31Z
lime_vancouver,lime_vancouver_a1368caf-b9cf-4e51-9009-1f154ba0da24,a1368caf-b9cf-4e51-9009-1f154ba0da24,49.280546,-123.038068,2,FALSE,FALSE,36661,NA,1783022684,2026-07-02T20:05:32Z,2026-07-02T20:05:32Z,2026-07-02T20:05:32Z,2.2,https://data.lime.bike/api/partners/v2/gbfs/vancouver_bc/gbfs.json,https://data.lime.bike/api/partners/v2/gbfs/vancouver_bc/free_bike_status,2026-07-02T20:05:31Z,2026-07-02T20:05:31Z
lime_vancouver,lime_vancouver_5fbb5907-5e7e-493c-86f0-f50ec84ce73a,5fbb5907-5e7e-493c-86f0-f50ec84ce73a,49.244553,-123.075978,2,FALSE,FALSE,41312,NA,1783022684,2026-07-02T20:05:32Z,2026-07-02T20:05:32Z,2026-07-02T20:05:32Z,2.2,https://data.lime.bike/api/partners/v2/gbfs/vancouver_bc/gbfs.json,https://data.lime.bike/api/partners/v2/gbfs/vancouver_bc/free_bike_status,2026-07-02T20:05:31Z,2026-07-02T20:05:31Z
lime_vancouver,lime_vancouver_548f4144-ec6b-4eae-824a-2d77a2064ce3,548f4144-ec6b-4eae-824a-2d77a2064ce3,49.25419,-123.03912,2,FALSE,FALSE,10412,NA,1783022684,2026-07-02T20:05:32Z,2026-07-02T20:05:32Z,2026-07-02T20:05:32Z,2.2,https://data.lime.bike/api/partners/v2/gbfs/vancouver_bc/gbfs.json,https://data.lime.bike/api/partners/v2/gbfs/vancouver_bc/free_bike_status,2026-07-02T20:05:31Z,2026-07-02T20:05:31Z
lime_vancouver,lime_vancouver_348d4969-d86a-4026-a06a-1785471e263a,348d4969-d86a-4026-a06a-1785471e263a,49.290567,-123.044168,2,FALSE,FALSE,8562,NA,1783022684,2026-07-02T20:05:32Z,2026-07-02T20:05:32Z,2026-07-02T20:05:32Z,2.2,https://data.lime.bike/api/partners/v2/gbfs/vancouver_bc/gbfs.json,https://data.lime.bike/api/partners/v2/gbfs/vancouver_bc/free_bike_status,2026-07-02T20:05:31Z,2026-07-02T20:05:31Z
lime_vancouver,lime_vancouver_0bf9a1f7-b4ac-4227-940c-60fac25f99d6,0bf9a1f7-b4ac-4227-940c-60fac25f99d6,49.283181,-123.115774,2,FALSE,FALSE,6293,NA,1783022684,2026-07-02T20:05:32Z,2026-07-02T20:05:32Z,2026-07-02T20:05:32Z,2.2,https://data.lime.bike/api/partners/v2/gbfs/vancouver_bc/gbfs.json,https://data.lime.bike/api/partners/v2/gbfs/vancouver_bc/free_bike_status,2026-07-02T20:05:31Z,2026-07-02T20:05:31Z
lime_vancouver,lime_vancouver_54671bf3-05df-46e3-9c21-03b2886381ba,54671bf3-05df-46e3-9c21-03b2886381ba,49.235916,-123.049134,2,FALSE,FALSE,21726,NA,1783022684,2026-07-02T20:05:32Z,2026-07-02T20:05:32Z,2026-07-02T20:05:32Z,2.2,https://data.lime.bike/api/partners/v2/gbfs/vancouver_bc/gbfs.json,https://data.lime.bike/api/partners/v2/gbfs/vancouver_bc/free_bike_status,2026-07-02T20:05:31Z,2026-07-02T20:05:31Z
lime_vancouver,lime_vancouver_7b4d95de-bc8a-43e1-9847-d44491579a30,7b4d95de-bc8a-43e1-9847-d44491579a30,49.265508,-123.143596,2,FALSE,FALSE,18845,NA,1783022684,2026-07-02T20:05:32Z,2026-07-02T20:05:32Z,2026-07-02T20:05:32Z,2.2,https://data.lime.bike/api/partners/v2/gbfs/vancouver_bc/gbfs.json,https://data.lime.bike/api/partners/v2/gbfs/vancouver_bc/free_bike_status,2026-07-02T20:05:31Z,2026-07-02T20:05:31Z
lime_vancouver,lime_vancouver_a49c7466-3d42-467c-b134-14d459d2cc8e,a49c7466-3d42-467c-b134-14d459d2cc8e,49.277666,-123.095354,2,FALSE,FALSE,36146,NA,1783022684,2026-07-02T20:05:32Z,2026-07-02T20:05:32Z,2026-07-02T20:05:32Z,2.2,https://data.lime.bike/api/partners/v2/gbfs/vancouver_bc/gbfs.json,https://data.lime.bike/api/partners/v2/gbfs/vancouver_bc/free_bike_status,2026-07-02T20:05:31Z,2026-07-02T20:05:31Z
lime_vancouver,lime_vancouver_58cd3cd8-f26f-4905-a450-66f605406f59,58cd3cd8-f26f-4905-a450-66f605406f59,49.266846,-123.049595,2,FALSE,FALSE,4522,NA,1783022684,2026-07-02T20:05:32Z,2026-07-02T20:05:32Z,2026-07-02T20:05:32Z,2.2,https://data.lime.bike/api/partners/v2/gbfs/vancouver_bc/gbfs.json,https://data.lime.bike/api/partners/v2/gbfs/vancouver_bc/free_bike_status,2026-07-02T20:05:31Z,2026-07-02T20:05:31Z
lime_vancouver,lime_vancouver_5bba3f10-da8e-4269-a860-18f3f3cf1d4e,5bba3f10-da8e-4269-a860-18f3f3cf1d4e,49.256369,-123.044599,2,FALSE,FALSE,19328,NA,1783022684,2026-07-02T20:05:32Z,2026-07-02T20:05:32Z,2026-07-02T20:05:32Z,2.2,https://data.lime.bike/api/partners/v2/gbfs/vancouver_bc/gbfs.json,https://data.lime.bike/api/partners/v2/gbfs/vancouver_bc/free_bike_status,2026-07-02T20:05:31Z,2026-07-02T20:05:31Z
lime_vancouver,lime_vancouver_eefad782-ea92-465d-b0de-73bc3c51fe3f,eefad782-ea92-465d-b0de-73bc3c51fe3f,49.283544,-123.112682,2,FALSE,FALSE,38206,NA,1783022684,2026-07-02T20:05:32Z,2026-07-02T20:05:32Z,2026-07-02T20:05:32Z,2.2,https://data.lime.bike/api/partners/v2/gbfs/vancouver_bc/gbfs.json,https://data.lime.bike/api/partners/v2/gbfs/vancouver_bc/free_bike_status,2026-07-02T20:05:31Z,2026-07-02T20:05:31Z
lime_vancouver,lime_vancouver_bee7b5a7-79dc-4c0b-bcb4-a4d2c8f6aa0d,bee7b5a7-79dc-4c0b-bcb4-a4d2c8f6aa0d,49.235866,-123.055194,2,FALSE,FALSE,28582,NA,1783022684,2026-07-02T20:05:32Z,2026-07-02T20:05:32Z,2026-07-02T20:05:32Z,2.2,https://data.lime.bike/api/partners/v2/gbfs/vancouver_bc/gbfs.json,https://data.lime.bike/api/partners/v2/gbfs/vancouver_bc/free_bike_status,2026-07-02T20:05:31Z,2026-07-02T20:05:31Z
lime_vancouver,lime_vancouver_e597dc25-5659-417f-a3ae-de3de2ea9702,e597dc25-5659-417f-a3ae-de3de2ea9702,49.260348,-123.073628,2,FALSE,FALSE,32090,NA,1783022684,2026-07-02T20:05:32Z,2026-07-02T20:05:32Z,2026-07-02T20:05:32Z,2.2,https://data.lime.bike/api/partners/v2/gbfs/vancouver_bc/gbfs.json,https://data.lime.bike/api/partners/v2/gbfs/vancouver_bc/free_bike_status,2026-07-02T20:05:31Z,2026-07-02T20:05:31Z
lime_vancouver,lime_vancouver_b4200a80-11ed-487b-80d5-312b22211db1,b4200a80-11ed-487b-80d5-312b22211db1,49.264909,-123.164921,2,FALSE,FALSE,17429,NA,1783022684,2026-07-02T20:05:32Z,2026-07-02T20:05:32Z,2026-07-02T20:05:32Z,2.2,https://data.lime.bike/api/partners/v2/gbfs/vancouver_bc/gbfs.json,https://data.lime.bike/api/partners/v2/gbfs/vancouver_bc/free_bike_status,2026-07-02T20:05:31Z,2026-07-02T20:05:31Z
lime_vancouver,lime_vancouver_e1cbc622-217c-4be7-b978-91060a828367,e1cbc622-217c-4be7-b978-91060a828367,49.268519,-123.159822,2,FALSE,FALSE,22692,NA,1783022684,2026-07-02T20:05:32Z,2026-07-02T20:05:32Z,2026-07-02T20:05:32Z,2.2,https://data.lime.bike/api/partners/v2/gbfs/vancouver_bc/gbfs.json,https://data.lime.bike/api/partners/v2/gbfs/vancouver_bc/free_bike_status,2026-07-02T20:05:31Z,2026-07-02T20:05:31Z
lime_vancouver,lime_vancouver_a7d82696-831b-4e84-b828-d9ac8aacf517,a7d82696-831b-4e84-b828-d9ac8aacf517,49.244546,-123.075938,2,FALSE,FALSE,17896,NA,1783022684,2026-07-02T20:05:32Z,2026-07-02T20:05:32Z,2026-07-02T20:05:32Z,2.2,https://data.lime.bike/api/partners/v2/gbfs/vancouver_bc/gbfs.json,https://data.lime.bike/api/partners/v2/gbfs/vancouver_bc/free_bike_status,2026-07-02T20:05:31Z,2026-07-02T20:05:31Z
lime_vancouver,lime_vancouver_c8c1a644-ed17-4d0a-846a-e1d75ec67513,c8c1a644-ed17-4d0a-846a-e1d75ec67513,49.29003,-123.124299,2,FALSE,FALSE,29580,NA,1783022684,2026-07-02T20:05:32Z,2026-07-02T20:05:32Z,2026-07-02T20:05:32Z,2.2,https://data.lime.bike/api/partners/v2/gbfs/vancouver_bc/gbfs.json,https://data.lime.bike/api/partners/v2/gbfs/vancouver_bc/free_bike_status,2026-07-02T20:05:31Z,2026-07-02T20:05:31Z
lime_vancouver,lime_vancouver_f810cdc0-03b9-497f-bb19-87ffde5bd6c9,f810cdc0-03b9-497f-bb19-87ffde5bd6c9,49.26206,-123.102083,2,FALSE,FALSE,25605,NA,1783022684,2026-07-02T20:05:32Z,2026-07-02T20:05:32Z,2026-07-02T20:05:32Z,2.2,https://data.lime.bike/api/partners/v2/gbfs/vancouver_bc/gbfs.json,https://data.lime.bike/api/partners/v2/gbfs/vancouver_bc/free_bike_status,2026-07-02T20:05:31Z,2026-07-02T20:05:31Z
lime_vancouver,lime_vancouver_9f3bd592-fe28-402a-b49a-c5f193ea5829,9f3bd592-fe28-402a-b49a-c5f193ea5829,49.26257,-123.11987,2,FALSE,FALSE,40797,NA,1783022684,2026-07-02T20:05:32Z,2026-07-02T20:05:32Z,2026-07-02T20:05:32Z,2.2,https://data.lime.bike/api/partners/v2/gbfs/vancouver_bc/gbfs.json,https://data.lime.bike/api/partners/v2/gbfs/vancouver_bc/free_bike_status,2026-07-02T20:05:31Z,2026-07-02T20:05:31Z
lime_vancouver,lime_vancouver_0cf8a2fa-41aa-4e10-9684-e428748ab3e8,0cf8a2fa-41aa-4e10-9684-e428748ab3e8,49.258713,-123.057047,2,FALSE,FALSE,7660,NA,1783022684,2026-07-02T20:05:32Z,2026-07-02T20:05:32Z,2026-07-02T20:05:32Z,2.2,https://data.lime.bike/api/partners/v2/gbfs/vancouver_bc/gbfs.json,https://data.lime.bike/api/partners/v2/gbfs/vancouver_bc/free_bike_status,2026-07-02T20:05:31Z,2026-07-02T20:05:31Z
lime_vancouver,lime_vancouver_869284a8-a3bd-49ce-bd39-e041e6d35d8b,869284a8-a3bd-49ce-bd39-e041e6d35d8b,49.282211,-123.070678,2,FALSE,FALSE,29081,NA,1783022684,2026-07-02T20:05:32Z,2026-07-02T20:05:32Z,2026-07-02T20:05:32Z,2.2,https://data.lime.bike/api/partners/v2/gbfs/vancouver_bc/gbfs.json,https://data.lime.bike/api/partners/v2/gbfs/vancouver_bc/free_bike_status,2026-07-02T20:05:31Z,2026-07-02T20:05:31Z
lime_vancouver,lime_vancouver_a85c8113-6f3f-46b0-81b5-a3c413df974e,a85c8113-6f3f-46b0-81b5-a3c413df974e,49.288017,-123.116054,2,FALSE,FALSE,35631,NA,1783022684,2026-07-02T20:05:32Z,2026-07-02T20:05:32Z,2026-07-02T20:05:32Z,2.2,https://data.lime.bike/api/partners/v2/gbfs/vancouver_bc/gbfs.json,https://data.lime.bike/api/partners/v2/gbfs/vancouver_bc/free_bike_status,2026-07-02T20:05:31Z,2026-07-02T20:05:31Z
lime_vancouver,lime_vancouver_02b04689-9d10-46af-bd62-b965cd0983e9,02b04689-9d10-46af-bd62-b965cd0983e9,49.262331,-123.105023,2,FALSE,FALSE,35116,NA,1783022684,2026-07-02T20:05:32Z,2026-07-02T20:05:32Z,2026-07-02T20:05:32Z,2.2,https://data.lime.bike/api/partners/v2/gbfs/vancouver_bc/gbfs.json,https://data.lime.bike/api/partners/v2/gbfs/vancouver_bc/free_bike_status,2026-07-02T20:05:31Z,2026-07-02T20:05:31Z
lime_vancouver,lime_vancouver_79f43011-1d42-47cc-bad3-3dc0bb9bc660,79f43011-1d42-47cc-bad3-3dc0bb9bc660,49.236885,-123.074445,2,FALSE,FALSE,31076,NA,1783022684,2026-07-02T20:05:32Z,2026-07-02T20:05:32Z,2026-07-02T20:05:32Z,2.2,https://data.lime.bike/api/partners/v2/gbfs/vancouver_bc/gbfs.json,https://data.lime.bike/api/partners/v2/gbfs/vancouver_bc/free_bike_status,2026-07-02T20:05:31Z,2026-07-02T20:05:31Z
lime_vancouver,lime_vancouver_b389a648-af20-4a01-a3fb-5912c4af1535,b389a648-af20-4a01-a3fb-5912c4af1535,49.264914,-123.164882,2,FALSE,FALSE,40797,NA,1783022684,2026-07-02T20:05:32Z,2026-07-02T20:05:32Z,2026-07-02T20:05:32Z,2.2,https://data.lime.bike/api/partners/v2/gbfs/vancouver_bc/gbfs.json,https://data.lime.bike/api/partners/v2/gbfs/vancouver_bc/free_bike_status,2026-07-02T20:05:31Z,2026-07-02T20:05:31Z
lime_vancouver,lime_vancouver_e9d63b14-41a3-45eb-85d5-70b3d7fbd365,e9d63b14-41a3-45eb-85d5-70b3d7fbd365,49.280932,-123.089423,2,FALSE,FALSE,28083,NA,1783022684,2026-07-02T20:05:32Z,2026-07-02T20:05:32Z,2026-07-02T20:05:32Z,2.2,https://data.lime.bike/api/partners/v2/gbfs/vancouver_bc/gbfs.json,https://data.lime.bike/api/partners/v2/gbfs/vancouver_bc/free_bike_status,2026-07-02T20:05:31Z,2026-07-02T20:05:31Z
lime_vancouver,lime_vancouver_89bd014a-dc25-4f5a-9f65-004b0cfa537b,89bd014a-dc25-4f5a-9f65-004b0cfa537b,49.279575,-123.102391,2,FALSE,FALSE,9028,NA,1783022684,2026-07-02T20:05:32Z,2026-07-02T20:05:32Z,2026-07-02T20:05:32Z,2.2,https://data.lime.bike/api/partners/v2/gbfs/vancouver_bc/gbfs.json,https://data.lime.bike/api/partners/v2/gbfs/vancouver_bc/free_bike_status,2026-07-02T20:05:31Z,2026-07-02T20:05:31Z
lime_vancouver,lime_vancouver_1335ddaa-a6aa-46ef-b63a-bdf5f9636cff,1335ddaa-a6aa-46ef-b63a-bdf5f9636cff,49.286324,-123.122494,2,FALSE,FALSE,37691,NA,1783022684,2026-07-02T20:05:32Z,2026-07-02T20:05:32Z,2026-07-02T20:05:32Z,2.2,https://data.lime.bike/api/partners/v2/gbfs/vancouver_bc/gbfs.json,https://data.lime.bike/api/partners/v2/gbfs/vancouver_bc/free_bike_status,2026-07-02T20:05:31Z,2026-07-02T20:05:31Z
lime_vancouver,lime_vancouver_f127cc58-ce15-4e9f-ad27-293962fb6dcc,f127cc58-ce15-4e9f-ad27-293962fb6dcc,49.229321,-123.030221,2,FALSE,FALSE,38737,NA,1783022684,2026-07-02T20:05:32Z,2026-07-02T20:05:32Z,2026-07-02T20:05:32Z,2.2,https://data.lime.bike/api/partners/v2/gbfs/vancouver_bc/gbfs.json,https://data.lime.bike/api/partners/v2/gbfs/vancouver_bc/free_bike_status,2026-07-02T20:05:31Z,2026-07-02T20:05:31Z
lime_vancouver,lime_vancouver_cbb4554e-b364-4be2-8e20-fd04047843f7,cbb4554e-b364-4be2-8e20-fd04047843f7,49.283361,-123.133996,2,FALSE,FALSE,33088,NA,1783022684,2026-07-02T20:05:32Z,2026-07-02T20:05:32Z,2026-07-02T20:05:32Z,2.2,https://data.lime.bike/api/partners/v2/gbfs/vancouver_bc/gbfs.json,https://data.lime.bike/api/partners/v2/gbfs/vancouver_bc/free_bike_status,2026-07-02T20:05:31Z,2026-07-02T20:05:31Z
lime_vancouver,lime_vancouver_33a0dd55-14b1-44a5-a926-b8866398e457,33a0dd55-14b1-44a5-a926-b8866398e457,49.264999,-123.117084,2,FALSE,FALSE,39767,NA,1783022684,2026-07-02T20:05:32Z,2026-07-02T20:05:32Z,2026-07-02T20:05:32Z,2.2,https://data.lime.bike/api/partners/v2/gbfs/vancouver_bc/gbfs.json,https://data.lime.bike/api/partners/v2/gbfs/vancouver_bc/free_bike_status,2026-07-02T20:05:31Z,2026-07-02T20:05:31Z
lime_vancouver,lime_vancouver_483f5f5d-1434-45be-8c03-fdf1d9a553ea,483f5f5d-1434-45be-8c03-fdf1d9a553ea,49.281655,-123.074111,2,FALSE,FALSE,3637,NA,1783022684,2026-07-02T20:05:32Z,2026-07-02T20:05:32Z,2026-07-02T20:05:32Z,2.2,https://data.lime.bike/api/partners/v2/gbfs/vancouver_bc/gbfs.json,https://data.lime.bike/api/partners/v2/gbfs/vancouver_bc/free_bike_status,2026-07-02T20:05:31Z,2026-07-02T20:05:31Z
lime_vancouver,lime_vancouver_b1f49501-9410-4c16-b08c-14b297719bc1,b1f49501-9410-4c16-b08c-14b297719bc1,49.283076,-123.04669,2,FALSE,FALSE,27584,NA,1783022684,2026-07-02T20:05:32Z,2026-07-02T20:05:32Z,2026-07-02T20:05:32Z,2.2,https://data.lime.bike/api/partners/v2/gbfs/vancouver_bc/gbfs.json,https://data.lime.bike/api/partners/v2/gbfs/vancouver_bc/free_bike_status,2026-07-02T20:05:31Z,2026-07-02T20:05:31Z
lime_vancouver,lime_vancouver_79fd0fee-a0db-428d-80d6-031f27dc7274,79fd0fee-a0db-428d-80d6-031f27dc7274,49.280912,-123.089456,2,FALSE,FALSE,36661,NA,1783022684,2026-07-02T20:05:32Z,2026-07-02T20:05:32Z,2026-07-02T20:05:32Z,2.2,https://data.lime.bike/api/partners/v2/gbfs/vancouver_bc/gbfs.json,https://data.lime.bike/api/partners/v2/gbfs/vancouver_bc/free_bike_status,2026-07-02T20:05:31Z,2026-07-02T20:05:31Z
lime_vancouver,lime_vancouver_54efa546-9d04-4d1f-b23c-28244bf2b783,54efa546-9d04-4d1f-b23c-28244bf2b783,49.283263,-123.11576,2,FALSE,FALSE,41312,NA,1783022684,2026-07-02T20:05:32Z,2026-07-02T20:05:32Z,2026-07-02T20:05:32Z,2.2,https://data.lime.bike/api/partners/v2/gbfs/vancouver_bc/gbfs.json,https://data.lime.bike/api/partners/v2/gbfs/vancouver_bc/free_bike_status,2026-07-02T20:05:31Z,2026-07-02T20:05:31Z
lime_vancouver,lime_vancouver_49ab8217-7090-4d0a-b4ea-0989e62813ba,49ab8217-7090-4d0a-b4ea-0989e62813ba,49.256461,-123.034077,2,FALSE,FALSE,6743,NA,1783022684,2026-07-02T20:05:32Z,2026-07-02T20:05:32Z,2026-07-02T20:05:32Z,2.2,https://data.lime.bike/api/partners/v2/gbfs/vancouver_bc/gbfs.json,https://data.lime.bike/api/partners/v2/gbfs/vancouver_bc/free_bike_status,2026-07-02T20:05:31Z,2026-07-02T20:05:31Z
lime_vancouver,lime_vancouver_5a3d1ffd-f55c-4746-89a2-f7c6c8cce222,5a3d1ffd-f55c-4746-89a2-f7c6c8cce222,49.277436,-123.087022,2,FALSE,FALSE,16946,NA,1783022684,2026-07-02T20:05:32Z,2026-07-02T20:05:32Z,2026-07-02T20:05:32Z,2.2,https://data.lime.bike/api/partners/v2/gbfs/vancouver_bc/gbfs.json,https://data.lime.bike/api/partners/v2/gbfs/vancouver_bc/free_bike_status,2026-07-02T20:05:31Z,2026-07-02T20:05:31Z
lime_vancouver,lime_vancouver_25dcdfb8-3d4a-4c03-8c3a-1247206d9402,25dcdfb8-3d4a-4c03-8c3a-1247206d9402,49.268526,-123.15983,2,FALSE,FALSE,15063,NA,1783022684,2026-07-02T20:05:32Z,2026-07-02T20:05:32Z,2026-07-02T20:05:32Z,2.2,https://data.lime.bike/api/partners/v2/gbfs/vancouver_bc/gbfs.json,https://data.lime.bike/api/partners/v2/gbfs/vancouver_bc/free_bike_status,2026-07-02T20:05:31Z,2026-07-02T20:05:31Z
lime_vancouver,lime_vancouver_0ac202f4-52a6-46cd-87f1-07bdb30659df,0ac202f4-52a6-46cd-87f1-07bdb30659df,49.264044,-123.104924,2,FALSE,FALSE,7194,NA,1783022684,2026-07-02T20:05:32Z,2026-07-02T20:05:32Z,2026-07-02T20:05:32Z,2.2,https://data.lime.bike/api/partners/v2/gbfs/vancouver_bc/gbfs.json,https://data.lime.bike/api/partners/v2/gbfs/vancouver_bc/free_bike_status,2026-07-02T20:05:31Z,2026-07-02T20:05:31Z
lime_vancouver,lime_vancouver_6edceb93-20ab-4988-b3a8-4290bf1921ce,6edceb93-20ab-4988-b3a8-4290bf1921ce,49.277433,-123.087063,2,FALSE,FALSE,9946,NA,1783022684,2026-07-02T20:05:32Z,2026-07-02T20:05:32Z,2026-07-02T20:05:32Z,2.2,https://data.lime.bike/api/partners/v2/gbfs/vancouver_bc/gbfs.json,https://data.lime.bike/api/partners/v2/gbfs/vancouver_bc/free_bike_status,2026-07-02T20:05:31Z,2026-07-02T20:05:31Z
lime_vancouver,lime_vancouver_a0d30d1b-564d-4bb2-b7cc-a79548a372ae,a0d30d1b-564d-4bb2-b7cc-a79548a372ae,49.285034,-123.095303,2,FALSE,FALSE,8562,NA,1783022684,2026-07-02T20:05:32Z,2026-07-02T20:05:32Z,2026-07-02T20:05:32Z,2.2,https://data.lime.bike/api/partners/v2/gbfs/vancouver_bc/gbfs.json,https://data.lime.bike/api/partners/v2/gbfs/vancouver_bc/free_bike_status,2026-07-02T20:05:31Z,2026-07-02T20:05:31Z
lime_vancouver,lime_vancouver_dd2e5181-e248-4c0b-9bd1-39caeddfe7a4,dd2e5181-e248-4c0b-9bd1-39caeddfe7a4,49.235401,-123.030905,2,FALSE,FALSE,35631,NA,1783022684,2026-07-02T20:05:32Z,2026-07-02T20:05:32Z,2026-07-02T20:05:32Z,2.2,https://data.lime.bike/api/partners/v2/gbfs/vancouver_bc/gbfs.json,https://data.lime.bike/api/partners/v2/gbfs/vancouver_bc/free_bike_status,2026-07-02T20:05:31Z,2026-07-02T20:05:31Z
lime_vancouver,lime_vancouver_abf056e3-9a40-422c-ad80-8f7e9e9bcf73,abf056e3-9a40-422c-ad80-8f7e9e9bcf73,49.267008,-123.143401,2,FALSE,FALSE,18845,NA,1783022684,2026-07-02T20:05:32Z,2026-07-02T20:05:32Z,2026-07-02T20:05:32Z,2.2,https://data.lime.bike/api/partners/v2/gbfs/vancouver_bc/gbfs.json,https://data.lime.bike/api/partners/v2/gbfs/vancouver_bc/free_bike_status,2026-07-02T20:05:31Z,2026-07-02T20:05:31Z
lime_vancouver,lime_vancouver_2eb1a0f2-d3ec-4233-bf79-97d424fa0081,2eb1a0f2-d3ec-4233-bf79-97d424fa0081,49.274619,-123.087187,2,FALSE,FALSE,44354,NA,1783022684,2026-07-02T20:05:32Z,2026-07-02T20:05:32Z,2026-07-02T20:05:32Z,2.2,https://data.lime.bike/api/partners/v2/gbfs/vancouver_bc/gbfs.json,https://data.lime.bike/api/partners/v2/gbfs/vancouver_bc/free_bike_status,2026-07-02T20:05:31Z,2026-07-02T20:05:31Z
lime_vancouver,lime_vancouver_1f846fc8-d94e-4488-92ab-f2153ad1a53d,1f846fc8-d94e-4488-92ab-f2153ad1a53d,49.235166,-123.03761,2,FALSE,FALSE,13197,NA,1783022684,2026-07-02T20:05:32Z,2026-07-02T20:05:32Z,2026-07-02T20:05:32Z,2.2,https://data.lime.bike/api/partners/v2/gbfs/vancouver_bc/gbfs.json,https://data.lime.bike/api/partners/v2/gbfs/vancouver_bc/free_bike_status,2026-07-02T20:05:31Z,2026-07-02T20:05:31Z
lime_vancouver,lime_vancouver_8b98a83e-e800-4597-829b-e863965c7d7e,8b98a83e-e800-4597-829b-e863965c7d7e,49.242385,-123.049103,2,FALSE,FALSE,11796,NA,1783022684,2026-07-02T20:05:32Z,2026-07-02T20:05:32Z,2026-07-02T20:05:32Z,2.2,https://data.lime.bike/api/partners/v2/gbfs/vancouver_bc/gbfs.json,https://data.lime.bike/api/partners/v2/gbfs/vancouver_bc/free_bike_status,2026-07-02T20:05:31Z,2026-07-02T20:05:31Z
lime_vancouver,lime_vancouver_a2f1c572-13fd-40d8-8045-63c3924ebb77,a2f1c572-13fd-40d8-8045-63c3924ebb77,49.244541,-123.075961,2,FALSE,FALSE,37176,NA,1783022684,2026-07-02T20:05:32Z,2026-07-02T20:05:32Z,2026-07-02T20:05:32Z,2.2,https://data.lime.bike/api/partners/v2/gbfs/vancouver_bc/gbfs.json,https://data.lime.bike/api/partners/v2/gbfs/vancouver_bc/free_bike_status,2026-07-02T20:05:31Z,2026-07-02T20:05:31Z
lime_vancouver,lime_vancouver_ea2f38e0-502a-4abd-bfee-bba753b5a807,ea2f38e0-502a-4abd-bfee-bba753b5a807,49.267779,-123.069329,2,FALSE,FALSE,30079,NA,1783022684,2026-07-02T20:05:32Z,2026-07-02T20:05:32Z,2026-07-02T20:05:32Z,2.2,https://data.lime.bike/api/partners/v2/gbfs/vancouver_bc/gbfs.json,https://data.lime.bike/api/partners/v2/gbfs/vancouver_bc/free_bike_status,2026-07-02T20:05:31Z,2026-07-02T20:05:31Z
lime_vancouver,lime_vancouver_fe5f52bc-61db-4244-ad6e-f8f159c24ad5,fe5f52bc-61db-4244-ad6e-f8f159c24ad5,49.286874,-123.125854,2,FALSE,FALSE,20278,NA,1783022684,2026-07-02T20:05:32Z,2026-07-02T20:05:32Z,2026-07-02T20:05:32Z,2.2,https://data.lime.bike/api/partners/v2/gbfs/vancouver_bc/gbfs.json,https://data.lime.bike/api/partners/v2/gbfs/vancouver_bc/free_bike_status,2026-07-02T20:05:31Z,2026-07-02T20:05:31Z
lime_vancouver,lime_vancouver_625ad526-9369-4c85-b72a-fb84caf10b3d,625ad526-9369-4c85-b72a-fb84caf10b3d,49.227219,-123.07422,2,FALSE,FALSE,24623,NA,1783022684,2026-07-02T20:05:32Z,2026-07-02T20:05:32Z,2026-07-02T20:05:32Z,2.2,https://data.lime.bike/api/partners/v2/gbfs/vancouver_bc/gbfs.json,https://data.lime.bike/api/partners/v2/gbfs/vancouver_bc/free_bike_status,2026-07-02T20:05:31Z,2026-07-02T20:05:31Z
lime_vancouver,lime_vancouver_3cd213eb-f529-46b2-a69a-f119a5c31a2c,3cd213eb-f529-46b2-a69a-f119a5c31a2c,49.291075,-123.127633,2,FALSE,FALSE,28083,NA,1783022684,2026-07-02T20:05:32Z,2026-07-02T20:05:32Z,2026-07-02T20:05:32Z,2.2,https://data.lime.bike/api/partners/v2/gbfs/vancouver_bc/gbfs.json,https://data.lime.bike/api/partners/v2/gbfs/vancouver_bc/free_bike_status,2026-07-02T20:05:31Z,2026-07-02T20:05:31Z
lime_vancouver,lime_vancouver_15db626c-c683-4bb3-9f84-214f7220b33b,15db626c-c683-4bb3-9f84-214f7220b33b,49.263725,-123.069958,2,FALSE,FALSE,19328,NA,1783022684,2026-07-02T20:05:32Z,2026-07-02T20:05:32Z,2026-07-02T20:05:32Z,2.2,https://data.lime.bike/api/partners/v2/gbfs/vancouver_bc/gbfs.json,https://data.lime.bike/api/partners/v2/gbfs/vancouver_bc/free_bike_status,2026-07-02T20:05:31Z,2026-07-02T20:05:31Z
lime_vancouver,lime_vancouver_fdc8709e-edcd-42a2-88e6-1fecb22b51c3,fdc8709e-edcd-42a2-88e6-1fecb22b51c3,49.266663,-123.109385,2,FALSE,FALSE,39767,NA,1783022684,2026-07-02T20:05:32Z,2026-07-02T20:05:32Z,2026-07-02T20:05:32Z,2.2,https://data.lime.bike/api/partners/v2/gbfs/vancouver_bc/gbfs.json,https://data.lime.bike/api/partners/v2/gbfs/vancouver_bc/free_bike_status,2026-07-02T20:05:31Z,2026-07-02T20:05:31Z
lime_vancouver,lime_vancouver_99bc89e2-3a1a-49de-9965-5ee3d9984ccd,99bc89e2-3a1a-49de-9965-5ee3d9984ccd,49.283989,-123.089689,2,FALSE,FALSE,5407,NA,1783022684,2026-07-02T20:05:32Z,2026-07-02T20:05:32Z,2026-07-02T20:05:32Z,2.2,https://data.lime.bike/api/partners/v2/gbfs/vancouver_bc/gbfs.json,https://data.lime.bike/api/partners/v2/gbfs/vancouver_bc/free_bike_status,2026-07-02T20:05:31Z,2026-07-02T20:05:31Z
lime_vancouver,lime_vancouver_08fcddc5-1e31-40b7-99f4-751fcb9ccec9,08fcddc5-1e31-40b7-99f4-751fcb9ccec9,49.242923,-123.031215,2,FALSE,FALSE,12730,NA,1783022684,2026-07-02T20:05:32Z,2026-07-02T20:05:32Z,2026-07-02T20:05:32Z,2.2,https://data.lime.bike/api/partners/v2/gbfs/vancouver_bc/gbfs.json,https://data.lime.bike/api/partners/v2/gbfs/vancouver_bc/free_bike_status,2026-07-02T20:05:31Z,2026-07-02T20:05:31Z
lime_vancouver,lime_vancouver_022cced7-d1e1-43fb-9ac3-16b24edc300f,022cced7-d1e1-43fb-9ac3-16b24edc300f,49.250738,-123.083754,2,FALSE,FALSE,38206,NA,1783022684,2026-07-02T20:05:32Z,2026-07-02T20:05:32Z,2026-07-02T20:05:32Z,2.2,https://data.lime.bike/api/partners/v2/gbfs/vancouver_bc/gbfs.json,https://data.lime.bike/api/partners/v2/gbfs/vancouver_bc/free_bike_status,2026-07-02T20:05:31Z,2026-07-02T20:05:31Z
lime_vancouver,lime_vancouver_8be98558-ec83-4647-b92f-1eee859ce400,8be98558-ec83-4647-b92f-1eee859ce400,49.284028,-123.119577,2,FALSE,FALSE,9479,NA,1783022684,2026-07-02T20:05:32Z,2026-07-02T20:05:32Z,2026-07-02T20:05:32Z,2.2,https://data.lime.bike/api/partners/v2/gbfs/vancouver_bc/gbfs.json,https://data.lime.bike/api/partners/v2/gbfs/vancouver_bc/free_bike_status,2026-07-02T20:05:31Z,2026-07-02T20:05:31Z
lime_vancouver,lime_vancouver_b02934fd-9732-4a39-9aa6-980d8482e5ac,b02934fd-9732-4a39-9aa6-980d8482e5ac,49.254003,-123.083689,2,FALSE,FALSE,3637,NA,1783022684,2026-07-02T20:05:32Z,2026-07-02T20:05:32Z,2026-07-02T20:05:32Z,2.2,https://data.lime.bike/api/partners/v2/gbfs/vancouver_bc/gbfs.json,https://data.lime.bike/api/partners/v2/gbfs/vancouver_bc/free_bike_status,2026-07-02T20:05:31Z,2026-07-02T20:05:31Z
lime_vancouver,lime_vancouver_aa42f108-e5ff-49c7-a466-7d39b045d71c,aa42f108-e5ff-49c7-a466-7d39b045d71c,49.286386,-123.122424,2,FALSE,FALSE,45367,NA,1783022684,2026-07-02T20:05:32Z,2026-07-02T20:05:32Z,2026-07-02T20:05:32Z,2.2,https://data.lime.bike/api/partners/v2/gbfs/vancouver_bc/gbfs.json,https://data.lime.bike/api/partners/v2/gbfs/vancouver_bc/free_bike_status,2026-07-02T20:05:31Z,2026-07-02T20:05:31Z
lime_vancouver,lime_vancouver_8c172fbe-ed63-4249-808b-994af729f63f,8c172fbe-ed63-4249-808b-994af729f63f,49.244895,-123.045958,2,FALSE,FALSE,19328,NA,1783022684,2026-07-02T20:05:32Z,2026-07-02T20:05:32Z,2026-07-02T20:05:32Z,2.2,https://data.lime.bike/api/partners/v2/gbfs/vancouver_bc/gbfs.json,https://data.lime.bike/api/partners/v2/gbfs/vancouver_bc/free_bike_status,2026-07-02T20:05:31Z,2026-07-02T20:05:31Z
lime_vancouver,lime_vancouver_b843c66a-af50-48b1-bf44-ea3ce0ba9c1f,b843c66a-af50-48b1-bf44-ea3ce0ba9c1f,49.283152,-123.046665,2,FALSE,FALSE,23175,NA,1783022684,2026-07-02T20:05:32Z,2026-07-02T20:05:32Z,2026-07-02T20:05:32Z,2.2,https://data.lime.bike/api/partners/v2/gbfs/vancouver_bc/gbfs.json,https://data.lime.bike/api/partners/v2/gbfs/vancouver_bc/free_bike_status,2026-07-02T20:05:31Z,2026-07-02T20:05:31Z
lime_vancouver,lime_vancouver_4d29896f-4a4c-4ece-9423-0661d8dbb134,4d29896f-4a4c-4ece-9423-0661d8dbb134,49.267955,-123.155161,2,FALSE,FALSE,13663,NA,1783022684,2026-07-02T20:05:32Z,2026-07-02T20:05:32Z,2026-07-02T20:05:32Z,2.2,https://data.lime.bike/api/partners/v2/gbfs/vancouver_bc/gbfs.json,https://data.lime.bike/api/partners/v2/gbfs/vancouver_bc/free_bike_status,2026-07-02T20:05:31Z,2026-07-02T20:05:31Z
lime_vancouver,lime_vancouver_8d804020-30c5-478d-a193-2fe088568989,8d804020-30c5-478d-a193-2fe088568989,49.246696,-123.060175,2,FALSE,FALSE,9946,NA,1783022684,2026-07-02T20:05:32Z,2026-07-02T20:05:32Z,2026-07-02T20:05:32Z,2.2,https://data.lime.bike/api/partners/v2/gbfs/vancouver_bc/gbfs.json,https://data.lime.bike/api/partners/v2/gbfs/vancouver_bc/free_bike_status,2026-07-02T20:05:31Z,2026-07-02T20:05:31Z
lime_vancouver,lime_vancouver_5bea2121-21cb-4b0b-9bc9-18fdd1f9c90d,5bea2121-21cb-4b0b-9bc9-18fdd1f9c90d,49.262314,-123.133746,2,FALSE,FALSE,16946,NA,1783022684,2026-07-02T20:05:32Z,2026-07-02T20:05:32Z,2026-07-02T20:05:32Z,2.2,https://data.lime.bike/api/partners/v2/gbfs/vancouver_bc/gbfs.json,https://data.lime.bike/api/partners/v2/gbfs/vancouver_bc/free_bike_status,2026-07-02T20:05:31Z,2026-07-02T20:05:31Z
lime_vancouver,lime_vancouver_18cad36e-66f6-42f7-843f-e4b367db5a2a,18cad36e-66f6-42f7-843f-e4b367db5a2a,49.283674,-123.097908,2,FALSE,FALSE,22209,NA,1783022684,2026-07-02T20:05:32Z,2026-07-02T20:05:32Z,2026-07-02T20:05:32Z,2.2,https://data.lime.bike/api/partners/v2/gbfs/vancouver_bc/gbfs.json,https://data.lime.bike/api/partners/v2/gbfs/vancouver_bc/free_bike_status,2026-07-02T20:05:31Z,2026-07-02T20:05:31Z
lime_vancouver,lime_vancouver_280e2718-3bb4-438b-8c02-8fdd9abacd27,280e2718-3bb4-438b-8c02-8fdd9abacd27,49.286346,-123.122684,2,FALSE,FALSE,12730,NA,1783022684,2026-07-02T20:05:32Z,2026-07-02T20:05:32Z,2026-07-02T20:05:32Z,2.2,https://data.lime.bike/api/partners/v2/gbfs/vancouver_bc/gbfs.json,https://data.lime.bike/api/partners/v2/gbfs/vancouver_bc/free_bike_status,2026-07-02T20:05:31Z,2026-07-02T20:05:31Z
lime_vancouver,lime_vancouver_bd4effc5-5c41-4ae2-b03c-bba83de21244,bd4effc5-5c41-4ae2-b03c-bba83de21244,49.262674,-123.139257,2,FALSE,FALSE,44354,NA,1783022684,2026-07-02T20:05:32Z,2026-07-02T20:05:32Z,2026-07-02T20:05:32Z,2.2,https://data.lime.bike/api/partners/v2/gbfs/vancouver_bc/gbfs.json,https://data.lime.bike/api/partners/v2/gbfs/vancouver_bc/free_bike_status,2026-07-02T20:05:31Z,2026-07-02T20:05:31Z
lime_vancouver,lime_vancouver_5295ebf6-bb1c-485d-9060-6d915d1a8c8c,5295ebf6-bb1c-485d-9060-6d915d1a8c8c,49.268466,-123.159797,2,FALSE,FALSE,30578,NA,1783022684,2026-07-02T20:05:32Z,2026-07-02T20:05:32Z,2026-07-02T20:05:32Z,2.2,https://data.lime.bike/api/partners/v2/gbfs/vancouver_bc/gbfs.json,https://data.lime.bike/api/partners/v2/gbfs/vancouver_bc/free_bike_status,2026-07-02T20:05:31Z,2026-07-02T20:05:31Z
lime_vancouver,lime_vancouver_851345e9-5a47-4284-9dd5-bae2a5fb26bb,851345e9-5a47-4284-9dd5-bae2a5fb26bb,49.26086,-123.062381,2,FALSE,FALSE,28083,NA,1783022684,2026-07-02T20:05:32Z,2026-07-02T20:05:32Z,2026-07-02T20:05:32Z,2.2,https://data.lime.bike/api/partners/v2/gbfs/vancouver_bc/gbfs.json,https://data.lime.bike/api/partners/v2/gbfs/vancouver_bc/free_bike_status,2026-07-02T20:05:31Z,2026-07-02T20:05:31Z
lime_vancouver,lime_vancouver_a15c6992-cb9d-4bd0-9940-7ee7d968d708,a15c6992-cb9d-4bd0-9940-7ee7d968d708,49.262768,-123.146208,2,FALSE,FALSE,25122,NA,1783022684,2026-07-02T20:05:32Z,2026-07-02T20:05:32Z,2026-07-02T20:05:32Z,2.2,https://data.lime.bike/api/partners/v2/gbfs/vancouver_bc/gbfs.json,https://data.lime.bike/api/partners/v2/gbfs/vancouver_bc/free_bike_status,2026-07-02T20:05:31Z,2026-07-02T20:05:31Z
lime_vancouver,lime_vancouver_6b74ac8f-b71a-475e-b38b-50731cfa00ec,6b74ac8f-b71a-475e-b38b-50731cfa00ec,49.280247,-123.036604,2,FALSE,FALSE,25122,NA,1783022684,2026-07-02T20:05:32Z,2026-07-02T20:05:32Z,2026-07-02T20:05:32Z,2.2,https://data.lime.bike/api/partners/v2/gbfs/vancouver_bc/gbfs.json,https://data.lime.bike/api/partners/v2/gbfs/vancouver_bc/free_bike_status,2026-07-02T20:05:31Z,2026-07-02T20:05:31Z
lime_vancouver,lime_vancouver_6ba095bd-f967-48fa-8471-1c5fa15eab5f,6ba095bd-f967-48fa-8471-1c5fa15eab5f,49.273884,-123.061552,2,FALSE,FALSE,9946,NA,1783022684,2026-07-02T20:05:32Z,2026-07-02T20:05:32Z,2026-07-02T20:05:32Z,2.2,https://data.lime.bike/api/partners/v2/gbfs/vancouver_bc/gbfs.json,https://data.lime.bike/api/partners/v2/gbfs/vancouver_bc/free_bike_status,2026-07-02T20:05:31Z,2026-07-02T20:05:31Z
lime_vancouver,lime_vancouver_366e831e-92e1-400a-bdd6-50ea7a7b9f45,366e831e-92e1-400a-bdd6-50ea7a7b9f45,49.227594,-123.066031,2,FALSE,FALSE,11330,NA,1783022684,2026-07-02T20:05:32Z,2026-07-02T20:05:32Z,2026-07-02T20:05:32Z,2.2,https://data.lime.bike/api/partners/v2/gbfs/vancouver_bc/gbfs.json,https://data.lime.bike/api/partners/v2/gbfs/vancouver_bc/free_bike_status,2026-07-02T20:05:31Z,2026-07-02T20:05:31Z
lime_vancouver,lime_vancouver_060cb260-978b-412c-8fd6-6c5bf844e08a,060cb260-978b-412c-8fd6-6c5bf844e08a,49.276661,-123.062031,2,FALSE,FALSE,29580,NA,1783022684,2026-07-02T20:05:32Z,2026-07-02T20:05:32Z,2026-07-02T20:05:32Z,2.2,https://data.lime.bike/api/partners/v2/gbfs/vancouver_bc/gbfs.json,https://data.lime.bike/api/partners/v2/gbfs/vancouver_bc/free_bike_status,2026-07-02T20:05:31Z,2026-07-02T20:05:31Z
lime_vancouver,lime_vancouver_8b47b189-6ed5-48e3-b9ee-df301dbdd19b,8b47b189-6ed5-48e3-b9ee-df301dbdd19b,49.236884,-123.074445,2,FALSE,FALSE,19328,NA,1783022684,2026-07-02T20:05:32Z,2026-07-02T20:05:32Z,2026-07-02T20:05:32Z,2.2,https://data.lime.bike/api/partners/v2/gbfs/vancouver_bc/gbfs.json,https://data.lime.bike/api/partners/v2/gbfs/vancouver_bc/free_bike_status,2026-07-02T20:05:31Z,2026-07-02T20:05:31Z
lime_vancouver,lime_vancouver_1612e3a4-f1c5-4158-951b-f3fed3ccbdbf,1612e3a4-f1c5-4158-951b-f3fed3ccbdbf,49.268444,-123.159808,2,FALSE,FALSE,21726,NA,1783022684,2026-07-02T20:05:32Z,2026-07-02T20:05:32Z,2026-07-02T20:05:32Z,2.2,https://data.lime.bike/api/partners/v2/gbfs/vancouver_bc/gbfs.json,https://data.lime.bike/api/partners/v2/gbfs/vancouver_bc/free_bike_status,2026-07-02T20:05:31Z,2026-07-02T20:05:31Z
lime_vancouver,lime_vancouver_ca5260b5-1da3-4487-aea2-85479fb5d94b,ca5260b5-1da3-4487-aea2-85479fb5d94b,49.272317,-123.033917,2,FALSE,FALSE,42841,NA,1783022684,2026-07-02T20:05:32Z,2026-07-02T20:05:32Z,2026-07-02T20:05:32Z,2.2,https://data.lime.bike/api/partners/v2/gbfs/vancouver_bc/gbfs.json,https://data.lime.bike/api/partners/v2/gbfs/vancouver_bc/free_bike_status,2026-07-02T20:05:31Z,2026-07-02T20:05:31Z
lime_vancouver,lime_vancouver_3909d7eb-03b9-406f-915d-4e0de5b52586,3909d7eb-03b9-406f-915d-4e0de5b52586,49.267004,-123.143352,2,FALSE,FALSE,11330,NA,1783022684,2026-07-02T20:05:32Z,2026-07-02T20:05:32Z,2026-07-02T20:05:32Z,2.2,https://data.lime.bike/api/partners/v2/gbfs/vancouver_bc/gbfs.json,https://data.lime.bike/api/partners/v2/gbfs/vancouver_bc/free_bike_status,2026-07-02T20:05:31Z,2026-07-02T20:05:31Z
lime_vancouver,lime_vancouver_231ed633-aa65-4cab-85b6-6541abe700f1,231ed633-aa65-4cab-85b6-6541abe700f1,49.283259,-123.115839,2,FALSE,FALSE,21394,NA,1783022684,2026-07-02T20:05:32Z,2026-07-02T20:05:32Z,2026-07-02T20:05:32Z,2.2,https://data.lime.bike/api/partners/v2/gbfs/vancouver_bc/gbfs.json,https://data.lime.bike/api/partners/v2/gbfs/vancouver_bc/free_bike_status,2026-07-02T20:05:31Z,2026-07-02T20:05:31Z
lime_vancouver,lime_vancouver_b432f58c-83ab-479e-80e3-3a3d75d2b903,b432f58c-83ab-479e-80e3-3a3d75d2b903,49.274496,-123.125296,2,FALSE,FALSE,9028,NA,1783022684,2026-07-02T20:05:32Z,2026-07-02T20:05:32Z,2026-07-02T20:05:32Z,2.2,https://data.lime.bike/api/partners/v2/gbfs/vancouver_bc/gbfs.json,https://data.lime.bike/api/partners/v2/gbfs/vancouver_bc/free_bike_status,2026-07-02T20:05:31Z,2026-07-02T20:05:31Z
lime_vancouver,lime_vancouver_5598fee2-0acd-40ae-b15f-5a8bc7979d8c,5598fee2-0acd-40ae-b15f-5a8bc7979d8c,49.266594,-123.113598,2,FALSE,FALSE,25122,NA,1783022684,2026-07-02T20:05:32Z,2026-07-02T20:05:32Z,2026-07-02T20:05:32Z,2.2,https://data.lime.bike/api/partners/v2/gbfs/vancouver_bc/gbfs.json,https://data.lime.bike/api/partners/v2/gbfs/vancouver_bc/free_bike_status,2026-07-02T20:05:31Z,2026-07-02T20:05:31Z
lime_vancouver,lime_vancouver_5840727f-e0db-435e-a268-a09fb596d8a8,5840727f-e0db-435e-a268-a09fb596d8a8,49.247677,-123.073445,2,FALSE,FALSE,37176,NA,1783022684,2026-07-02T20:05:32Z,2026-07-02T20:05:32Z,2026-07-02T20:05:32Z,2.2,https://data.lime.bike/api/partners/v2/gbfs/vancouver_bc/gbfs.json,https://data.lime.bike/api/partners/v2/gbfs/vancouver_bc/free_bike_status,2026-07-02T20:05:31Z,2026-07-02T20:05:31Z
lime_vancouver,lime_vancouver_a2db19c4-a778-463d-95a6-39065c5b99d3,a2db19c4-a778-463d-95a6-39065c5b99d3,49.266157,-123.098776,2,FALSE,FALSE,10863,NA,1783022684,2026-07-02T20:05:32Z,2026-07-02T20:05:32Z,2026-07-02T20:05:32Z,2.2,https://data.lime.bike/api/partners/v2/gbfs/vancouver_bc/gbfs.json,https://data.lime.bike/api/partners/v2/gbfs/vancouver_bc/free_bike_status,2026-07-02T20:05:31Z,2026-07-02T20:05:31Z
lime_vancouver,lime_vancouver_376dfb8e-dac0-4445-a174-470b53b5b356,376dfb8e-dac0-4445-a174-470b53b5b356,49.25075,-123.083754,2,FALSE,FALSE,15530,NA,1783022684,2026-07-02T20:05:32Z,2026-07-02T20:05:32Z,2026-07-02T20:05:32Z,2.2,https://data.lime.bike/api/partners/v2/gbfs/vancouver_bc/gbfs.json,https://data.lime.bike/api/partners/v2/gbfs/vancouver_bc/free_bike_status,2026-07-02T20:05:31Z,2026-07-02T20:05:31Z
lime_vancouver,lime_vancouver_2924cb7a-face-4757-bca1-11e7e7c7301f,2924cb7a-face-4757-bca1-11e7e7c7301f,49.240793,-123.038038,2,FALSE,FALSE,29580,NA,1783022684,2026-07-02T20:05:32Z,2026-07-02T20:05:32Z,2026-07-02T20:05:32Z,2.2,https://data.lime.bike/api/partners/v2/gbfs/vancouver_bc/gbfs.json,https://data.lime.bike/api/partners/v2/gbfs/vancouver_bc/free_bike_status,2026-07-02T20:05:31Z,2026-07-02T20:05:31Z
lime_vancouver,lime_vancouver_e87bacce-7876-4c61-805a-cca9d7c2a562,e87bacce-7876-4c61-805a-cca9d7c2a562,49.26545,-123.096761,2,FALSE,FALSE,6293,NA,1783022684,2026-07-02T20:05:32Z,2026-07-02T20:05:32Z,2026-07-02T20:05:32Z,2.2,https://data.lime.bike/api/partners/v2/gbfs/vancouver_bc/gbfs.json,https://data.lime.bike/api/partners/v2/gbfs/vancouver_bc/free_bike_status,2026-07-02T20:05:31Z,2026-07-02T20:05:31Z
lime_vancouver,lime_vancouver_0af3b973-9936-4dcb-a45b-fbf9cd45f849,0af3b973-9936-4dcb-a45b-fbf9cd45f849,49.271861,-123.164758,2,FALSE,FALSE,7194,NA,1783022684,2026-07-02T20:05:32Z,2026-07-02T20:05:32Z,2026-07-02T20:05:32Z,2.2,https://data.lime.bike/api/partners/v2/gbfs/vancouver_bc/gbfs.json,https://data.lime.bike/api/partners/v2/gbfs/vancouver_bc/free_bike_status,2026-07-02T20:05:31Z,2026-07-02T20:05:31Z
lime_vancouver,lime_vancouver_f77785ce-8379-47fe-96c8-0f81ca2a3dd8,f77785ce-8379-47fe-96c8-0f81ca2a3dd8,49.266324,-123.10479,2,FALSE,FALSE,40797,NA,1783022684,2026-07-02T20:05:32Z,2026-07-02T20:05:32Z,2026-07-02T20:05:32Z,2.2,https://data.lime.bike/api/partners/v2/gbfs/vancouver_bc/gbfs.json,https://data.lime.bike/api/partners/v2/gbfs/vancouver_bc/free_bike_status,2026-07-02T20:05:31Z,2026-07-02T20:05:31Z
lime_vancouver,lime_vancouver_fec76bc2-a013-4d0f-8030-0d2add7e9be0,fec76bc2-a013-4d0f-8030-0d2add7e9be0,49.288603,-123.119899,2,FALSE,FALSE,6743,NA,1783022684,2026-07-02T20:05:32Z,2026-07-02T20:05:32Z,2026-07-02T20:05:32Z,2.2,https://data.lime.bike/api/partners/v2/gbfs/vancouver_bc/gbfs.json,https://data.lime.bike/api/partners/v2/gbfs/vancouver_bc/free_bike_status,2026-07-02T20:05:31Z,2026-07-02T20:05:31Z
lime_vancouver,lime_vancouver_77b69ef4-8af2-4268-8e2c-b4f14c58712e,77b69ef4-8af2-4268-8e2c-b4f14c58712e,49.263853,-123.10914,2,FALSE,FALSE,15997,NA,1783022684,2026-07-02T20:05:32Z,2026-07-02T20:05:32Z,2026-07-02T20:05:32Z,2.2,https://data.lime.bike/api/partners/v2/gbfs/vancouver_bc/gbfs.json,https://data.lime.bike/api/partners/v2/gbfs/vancouver_bc/free_bike_status,2026-07-02T20:05:31Z,2026-07-02T20:05:31Z
lime_vancouver,lime_vancouver_8b6423e6-c8f7-4b4b-8280-6157bb278b50,8b6423e6-c8f7-4b4b-8280-6157bb278b50,49.239982,-123.074145,2,FALSE,FALSE,12263,NA,1783022684,2026-07-02T20:05:32Z,2026-07-02T20:05:32Z,2026-07-02T20:05:32Z,2.2,https://data.lime.bike/api/partners/v2/gbfs/vancouver_bc/gbfs.json,https://data.lime.bike/api/partners/v2/gbfs/vancouver_bc/free_bike_status,2026-07-02T20:05:31Z,2026-07-02T20:05:31Z
lime_vancouver,lime_vancouver_0a4f07ec-3409-436d-ac3b-43e7307e0a3d,0a4f07ec-3409-436d-ac3b-43e7307e0a3d,49.277616,-123.073073,2,FALSE,FALSE,8111,NA,1783022684,2026-07-02T20:05:32Z,2026-07-02T20:05:32Z,2026-07-02T20:05:32Z,2.2,https://data.lime.bike/api/partners/v2/gbfs/vancouver_bc/gbfs.json,https://data.lime.bike/api/partners/v2/gbfs/vancouver_bc/free_bike_status,2026-07-02T20:05:31Z,2026-07-02T20:05:31Z
lime_vancouver,lime_vancouver_b0e4b2b0-52bc-49fb-889d-382638ce088f,b0e4b2b0-52bc-49fb-889d-382638ce088f,49.238585,-123.051717,2,FALSE,FALSE,36146,NA,1783022684,2026-07-02T20:05:32Z,2026-07-02T20:05:32Z,2026-07-02T20:05:32Z,2.2,https://data.lime.bike/api/partners/v2/gbfs/vancouver_bc/gbfs.json,https://data.lime.bike/api/partners/v2/gbfs/vancouver_bc/free_bike_status,2026-07-02T20:05:31Z,2026-07-02T20:05:31Z
lime_vancouver,lime_vancouver_c36cdccd-7e55-4f6e-b12c-e519e39f53c7,c36cdccd-7e55-4f6e-b12c-e519e39f53c7,49.27982,-123.117922,2,FALSE,FALSE,10863,NA,1783022684,2026-07-02T20:05:32Z,2026-07-02T20:05:32Z,2026-07-02T20:05:32Z,2.2,https://data.lime.bike/api/partners/v2/gbfs/vancouver_bc/gbfs.json,https://data.lime.bike/api/partners/v2/gbfs/vancouver_bc/free_bike_status,2026-07-02T20:05:31Z,2026-07-02T20:05:31Z
lime_vancouver,lime_vancouver_2658576c-3341-4b7c-bfd9-f8367f3b46d0,2658576c-3341-4b7c-bfd9-f8367f3b46d0,49.281732,-123.074176,2,FALSE,FALSE,34617,NA,1783022684,2026-07-02T20:05:32Z,2026-07-02T20:05:32Z,2026-07-02T20:05:32Z,2.2,https://data.lime.bike/api/partners/v2/gbfs/vancouver_bc/gbfs.json,https://data.lime.bike/api/partners/v2/gbfs/vancouver_bc/free_bike_status,2026-07-02T20:05:31Z,2026-07-02T20:05:31Z
lime_vancouver,lime_vancouver_67b24730-c2ca-4934-831f-f14ca7ee4ded,67b24730-c2ca-4934-831f-f14ca7ee4ded,49.277584,-123.095032,2,FALSE,FALSE,32589,NA,1783022684,2026-07-02T20:05:32Z,2026-07-02T20:05:32Z,2026-07-02T20:05:32Z,2.2,https://data.lime.bike/api/partners/v2/gbfs/vancouver_bc/gbfs.json,https://data.lime.bike/api/partners/v2/gbfs/vancouver_bc/free_bike_status,2026-07-02T20:05:31Z,2026-07-02T20:05:31Z
lime_vancouver,lime_vancouver_87dea16b-dafc-4813-aa60-e874ae12c721,87dea16b-dafc-4813-aa60-e874ae12c721,49.269698,-123.135619,2,FALSE,FALSE,10412,NA,1783022684,2026-07-02T20:05:32Z,2026-07-02T20:05:32Z,2026-07-02T20:05:32Z,2.2,https://data.lime.bike/api/partners/v2/gbfs/vancouver_bc/gbfs.json,https://data.lime.bike/api/partners/v2/gbfs/vancouver_bc/free_bike_status,2026-07-02T20:05:31Z,2026-07-02T20:05:31Z
lime_vancouver,lime_vancouver_182e024d-623a-41bb-b19e-c9a0fda2c729,182e024d-623a-41bb-b19e-c9a0fda2c729,49.271196,-123.049546,2,FALSE,FALSE,10863,NA,1783022684,2026-07-02T20:05:32Z,2026-07-02T20:05:32Z,2026-07-02T20:05:32Z,2.2,https://data.lime.bike/api/partners/v2/gbfs/vancouver_bc/gbfs.json,https://data.lime.bike/api/partners/v2/gbfs/vancouver_bc/free_bike_status,2026-07-02T20:05:31Z,2026-07-02T20:05:31Z
lime_vancouver,lime_vancouver_5b912a6f-a0bb-40cc-9cba-c2cde5b7e39f,5b912a6f-a0bb-40cc-9cba-c2cde5b7e39f,49.266334,-123.104762,2,FALSE,FALSE,14597,NA,1783022684,2026-07-02T20:05:32Z,2026-07-02T20:05:32Z,2026-07-02T20:05:32Z,2.2,https://data.lime.bike/api/partners/v2/gbfs/vancouver_bc/gbfs.json,https://data.lime.bike/api/partners/v2/gbfs/vancouver_bc/free_bike_status,2026-07-02T20:05:31Z,2026-07-02T20:05:31Z
lime_vancouver,lime_vancouver_6beefbe8-11d5-4542-bed5-99a0e67d9914,6beefbe8-11d5-4542-bed5-99a0e67d9914,49.288528,-123.046786,2,FALSE,FALSE,23657,NA,1783022684,2026-07-02T20:05:32Z,2026-07-02T20:05:32Z,2026-07-02T20:05:32Z,2.2,https://data.lime.bike/api/partners/v2/gbfs/vancouver_bc/gbfs.json,https://data.lime.bike/api/partners/v2/gbfs/vancouver_bc/free_bike_status,2026-07-02T20:05:31Z,2026-07-02T20:05:31Z
lime_vancouver,lime_vancouver_a3fdaa4a-c1bd-46e6-adc8-5f963a5e4938,a3fdaa4a-c1bd-46e6-adc8-5f963a5e4938,49.283935,-123.12026,2,FALSE,FALSE,5842,NA,1783022684,2026-07-02T20:05:32Z,2026-07-02T20:05:32Z,2026-07-02T20:05:32Z,2.2,https://data.lime.bike/api/partners/v2/gbfs/vancouver_bc/gbfs.json,https://data.lime.bike/api/partners/v2/gbfs/vancouver_bc/free_bike_status,2026-07-02T20:05:31Z,2026-07-02T20:05:31Z
lime_vancouver,lime_vancouver_1ad3875f-5619-4ace-8bb7-fd4b439a4a6b,1ad3875f-5619-4ace-8bb7-fd4b439a4a6b,49.265308,-123.135611,2,FALSE,FALSE,32589,NA,1783022684,2026-07-02T20:05:32Z,2026-07-02T20:05:32Z,2026-07-02T20:05:32Z,2.2,https://data.lime.bike/api/partners/v2/gbfs/vancouver_bc/gbfs.json,https://data.lime.bike/api/partners/v2/gbfs/vancouver_bc/free_bike_status,2026-07-02T20:05:31Z,2026-07-02T20:05:31Z
lime_vancouver,lime_vancouver_f0dc3b49-051c-486c-87ad-4a1f31d3e5c6,f0dc3b49-051c-486c-87ad-4a1f31d3e5c6,49.264038,-123.104913,2,FALSE,FALSE,25122,NA,1783022684,2026-07-02T20:05:32Z,2026-07-02T20:05:32Z,2026-07-02T20:05:32Z,2.2,https://data.lime.bike/api/partners/v2/gbfs/vancouver_bc/gbfs.json,https://data.lime.bike/api/partners/v2/gbfs/vancouver_bc/free_bike_status,2026-07-02T20:05:31Z,2026-07-02T20:05:31Z
lime_vancouver,lime_vancouver_cbcf2c7e-e622-49ba-944c-f654e1626ba2,cbcf2c7e-e622-49ba-944c-f654e1626ba2,49.266872,-123.049602,2,FALSE,FALSE,37691,NA,1783022684,2026-07-02T20:05:32Z,2026-07-02T20:05:32Z,2026-07-02T20:05:32Z,2.2,https://data.lime.bike/api/partners/v2/gbfs/vancouver_bc/gbfs.json,https://data.lime.bike/api/partners/v2/gbfs/vancouver_bc/free_bike_status,2026-07-02T20:05:31Z,2026-07-02T20:05:31Z
lime_vancouver,lime_vancouver_0a70bbda-8502-4df5-8de4-4e5c5affb9d9,0a70bbda-8502-4df5-8de4-4e5c5affb9d9,49.283752,-123.11053,2,FALSE,FALSE,26104,NA,1783022684,2026-07-02T20:05:32Z,2026-07-02T20:05:32Z,2026-07-02T20:05:32Z,2.2,https://data.lime.bike/api/partners/v2/gbfs/vancouver_bc/gbfs.json,https://data.lime.bike/api/partners/v2/gbfs/vancouver_bc/free_bike_status,2026-07-02T20:05:31Z,2026-07-02T20:05:31Z
lime_vancouver,lime_vancouver_2bc1011f-8d7b-4b25-906d-3418d3cdec5d,2bc1011f-8d7b-4b25-906d-3418d3cdec5d,49.266828,-123.143382,2,FALSE,FALSE,24140,NA,1783022684,2026-07-02T20:05:32Z,2026-07-02T20:05:32Z,2026-07-02T20:05:32Z,2.2,https://data.lime.bike/api/partners/v2/gbfs/vancouver_bc/gbfs.json,https://data.lime.bike/api/partners/v2/gbfs/vancouver_bc/free_bike_status,2026-07-02T20:05:31Z,2026-07-02T20:05:31Z
lime_vancouver,lime_vancouver_40e83c1e-d998-42d5-91a3-9ef5b852e5a9,40e83c1e-d998-42d5-91a3-9ef5b852e5a9,49.277419,-123.086998,2,FALSE,FALSE,18379,NA,1783022684,2026-07-02T20:05:32Z,2026-07-02T20:05:32Z,2026-07-02T20:05:32Z,2.2,https://data.lime.bike/api/partners/v2/gbfs/vancouver_bc/gbfs.json,https://data.lime.bike/api/partners/v2/gbfs/vancouver_bc/free_bike_status,2026-07-02T20:05:31Z,2026-07-02T20:05:31Z
lime_vancouver,lime_vancouver_daf89ac0-13d2-46bd-94f7-195a39bdeed9,daf89ac0-13d2-46bd-94f7-195a39bdeed9,49.247659,-123.073469,2,FALSE,FALSE,15063,NA,1783022684,2026-07-02T20:05:32Z,2026-07-02T20:05:32Z,2026-07-02T20:05:32Z,2.2,https://data.lime.bike/api/partners/v2/gbfs/vancouver_bc/gbfs.json,https://data.lime.bike/api/partners/v2/gbfs/vancouver_bc/free_bike_status,2026-07-02T20:05:31Z,2026-07-02T20:05:31Z
lime_vancouver,lime_vancouver_b0bcb4a1-3030-41f7-9019-f5165b8cbdc9,b0bcb4a1-3030-41f7-9019-f5165b8cbdc9,49.277572,-123.095343,2,FALSE,FALSE,36661,NA,1783022684,2026-07-02T20:05:32Z,2026-07-02T20:05:32Z,2026-07-02T20:05:32Z,2.2,https://data.lime.bike/api/partners/v2/gbfs/vancouver_bc/gbfs.json,https://data.lime.bike/api/partners/v2/gbfs/vancouver_bc/free_bike_status,2026-07-02T20:05:31Z,2026-07-02T20:05:31Z
lime_vancouver,lime_vancouver_ab552b82-48af-4a93-942e-84b62f87aa48,ab552b82-48af-4a93-942e-84b62f87aa48,49.267773,-123.069374,2,FALSE,FALSE,36146,NA,1783022684,2026-07-02T20:05:32Z,2026-07-02T20:05:32Z,2026-07-02T20:05:32Z,2.2,https://data.lime.bike/api/partners/v2/gbfs/vancouver_bc/gbfs.json,https://data.lime.bike/api/partners/v2/gbfs/vancouver_bc/free_bike_status,2026-07-02T20:05:31Z,2026-07-02T20:05:31Z
lime_vancouver,lime_vancouver_5aebf7ba-1677-4b88-b935-d9b6e05f242b,5aebf7ba-1677-4b88-b935-d9b6e05f242b,49.262526,-123.119806,2,FALSE,FALSE,21243,NA,1783022684,2026-07-02T20:05:32Z,2026-07-02T20:05:32Z,2026-07-02T20:05:32Z,2.2,https://data.lime.bike/api/partners/v2/gbfs/vancouver_bc/gbfs.json,https://data.lime.bike/api/partners/v2/gbfs/vancouver_bc/free_bike_status,2026-07-02T20:05:31Z,2026-07-02T20:05:31Z
lime_vancouver,lime_vancouver_c0b534a2-0005-43b9-9023-965e7c12e0ef,c0b534a2-0005-43b9-9023-965e7c12e0ef,49.28149,-123.049424,2,FALSE,FALSE,7194,NA,1783022684,2026-07-02T20:05:32Z,2026-07-02T20:05:32Z,2026-07-02T20:05:32Z,2.2,https://data.lime.bike/api/partners/v2/gbfs/vancouver_bc/gbfs.json,https://data.lime.bike/api/partners/v2/gbfs/vancouver_bc/free_bike_status,2026-07-02T20:05:31Z,2026-07-02T20:05:31Z
lime_vancouver,lime_vancouver_93c67168-0f83-475e-8795-15202358adb0,93c67168-0f83-475e-8795-15202358adb0,49.27105,-123.13544,2,FALSE,FALSE,27085,NA,1783022684,2026-07-02T20:05:32Z,2026-07-02T20:05:32Z,2026-07-02T20:05:32Z,2.2,https://data.lime.bike/api/partners/v2/gbfs/vancouver_bc/gbfs.json,https://data.lime.bike/api/partners/v2/gbfs/vancouver_bc/free_bike_status,2026-07-02T20:05:31Z,2026-07-02T20:05:31Z
lime_vancouver,lime_vancouver_a31d2fab-e90e-4ab4-8be3-d233870f3a15,a31d2fab-e90e-4ab4-8be3-d233870f3a15,49.283786,-123.097904,2,FALSE,FALSE,9479,NA,1783022684,2026-07-02T20:05:32Z,2026-07-02T20:05:32Z,2026-07-02T20:05:32Z,2.2,https://data.lime.bike/api/partners/v2/gbfs/vancouver_bc/gbfs.json,https://data.lime.bike/api/partners/v2/gbfs/vancouver_bc/free_bike_status,2026-07-02T20:05:31Z,2026-07-02T20:05:31Z
lime_vancouver,lime_vancouver_a7463c27-cd51-4e5c-8fd4-775a71c99665,a7463c27-cd51-4e5c-8fd4-775a71c99665,49.250748,-123.083732,2,FALSE,FALSE,45367,NA,1783022684,2026-07-02T20:05:32Z,2026-07-02T20:05:32Z,2026-07-02T20:05:32Z,2.2,https://data.lime.bike/api/partners/v2/gbfs/vancouver_bc/gbfs.json,https://data.lime.bike/api/partners/v2/gbfs/vancouver_bc/free_bike_status,2026-07-02T20:05:31Z,2026-07-02T20:05:31Z
lime_vancouver,lime_vancouver_fa3fe128-1e2e-4b99-91ee-29e1c35f569d,fa3fe128-1e2e-4b99-91ee-29e1c35f569d,49.287697,-123.057645,2,FALSE,FALSE,18845,NA,1783022684,2026-07-02T20:05:32Z,2026-07-02T20:05:32Z,2026-07-02T20:05:32Z,2.2,https://data.lime.bike/api/partners/v2/gbfs/vancouver_bc/gbfs.json,https://data.lime.bike/api/partners/v2/gbfs/vancouver_bc/free_bike_status,2026-07-02T20:05:31Z,2026-07-02T20:05:31Z
lime_vancouver,lime_vancouver_b2328b91-6fbc-40f1-a536-aa90deaec427,b2328b91-6fbc-40f1-a536-aa90deaec427,49.266946,-123.143398,2,FALSE,FALSE,24623,NA,1783022684,2026-07-02T20:05:32Z,2026-07-02T20:05:32Z,2026-07-02T20:05:32Z,2.2,https://data.lime.bike/api/partners/v2/gbfs/vancouver_bc/gbfs.json,https://data.lime.bike/api/partners/v2/gbfs/vancouver_bc/free_bike_status,2026-07-02T20:05:31Z,2026-07-02T20:05:31Z
lime_vancouver,lime_vancouver_46fb2557-4e04-4af9-901e-c40e068b3e17,46fb2557-4e04-4af9-901e-c40e068b3e17,49.283866,-123.119559,2,FALSE,FALSE,31575,NA,1783022684,2026-07-02T20:05:32Z,2026-07-02T20:05:32Z,2026-07-02T20:05:32Z,2.2,https://data.lime.bike/api/partners/v2/gbfs/vancouver_bc/gbfs.json,https://data.lime.bike/api/partners/v2/gbfs/vancouver_bc/free_bike_status,2026-07-02T20:05:31Z,2026-07-02T20:05:31Z
lime_vancouver,lime_vancouver_abd165c0-1a87-47dc-a5f2-e6bed885300b,abd165c0-1a87-47dc-a5f2-e6bed885300b,49.258715,-123.057156,2,FALSE,FALSE,18845,NA,1783022684,2026-07-02T20:05:32Z,2026-07-02T20:05:32Z,2026-07-02T20:05:32Z,2.2,https://data.lime.bike/api/partners/v2/gbfs/vancouver_bc/gbfs.json,https://data.lime.bike/api/partners/v2/gbfs/vancouver_bc/free_bike_status,2026-07-02T20:05:31Z,2026-07-02T20:05:31Z
lime_vancouver,lime_vancouver_e62bb695-4a02-478c-bad9-cf9acf1b432c,e62bb695-4a02-478c-bad9-cf9acf1b432c,49.279624,-123.110104,2,FALSE,FALSE,6293,NA,1783022684,2026-07-02T20:05:32Z,2026-07-02T20:05:32Z,2026-07-02T20:05:32Z,2.2,https://data.lime.bike/api/partners/v2/gbfs/vancouver_bc/gbfs.json,https://data.lime.bike/api/partners/v2/gbfs/vancouver_bc/free_bike_status,2026-07-02T20:05:31Z,2026-07-02T20:05:31Z
lime_vancouver,lime_vancouver_bd74e094-8662-49ec-b57c-2aaefc199fc7,bd74e094-8662-49ec-b57c-2aaefc199fc7,49.281773,-123.074204,2,FALSE,FALSE,17429,NA,1783022684,2026-07-02T20:05:32Z,2026-07-02T20:05:32Z,2026-07-02T20:05:32Z,2.2,https://data.lime.bike/api/partners/v2/gbfs/vancouver_bc/gbfs.json,https://data.lime.bike/api/partners/v2/gbfs/vancouver_bc/free_bike_status,2026-07-02T20:05:31Z,2026-07-02T20:05:31Z
lime_vancouver,lime_vancouver_90edeef1-e9fe-45fb-83d4-640c8ebb7dd1,90edeef1-e9fe-45fb-83d4-640c8ebb7dd1,49.280209,-123.131704,2,FALSE,FALSE,26586,NA,1783022684,2026-07-02T20:05:32Z,2026-07-02T20:05:32Z,2026-07-02T20:05:32Z,2.2,https://data.lime.bike/api/partners/v2/gbfs/vancouver_bc/gbfs.json,https://data.lime.bike/api/partners/v2/gbfs/vancouver_bc/free_bike_status,2026-07-02T20:05:31Z,2026-07-02T20:05:31Z
lime_vancouver,lime_vancouver_1b1d4ccc-2c04-465a-8dbf-2f36e2df7d97,1b1d4ccc-2c04-465a-8dbf-2f36e2df7d97,49.281464,-123.049441,2,FALSE,FALSE,41312,NA,1783022684,2026-07-02T20:05:32Z,2026-07-02T20:05:32Z,2026-07-02T20:05:32Z,2.2,https://data.lime.bike/api/partners/v2/gbfs/vancouver_bc/gbfs.json,https://data.lime.bike/api/partners/v2/gbfs/vancouver_bc/free_bike_status,2026-07-02T20:05:31Z,2026-07-02T20:05:31Z
lime_vancouver,lime_vancouver_e0b62825-35f1-401f-a3d8-295a79a2afe9,e0b62825-35f1-401f-a3d8-295a79a2afe9,49.229187,-123.023903,2,FALSE,FALSE,34842,NA,1783022684,2026-07-02T20:05:32Z,2026-07-02T20:05:32Z,2026-07-02T20:05:32Z,2.2,https://data.lime.bike/api/partners/v2/gbfs/vancouver_bc/gbfs.json,https://data.lime.bike/api/partners/v2/gbfs/vancouver_bc/free_bike_status,2026-07-02T20:05:31Z,2026-07-02T20:05:31Z
lime_vancouver,lime_vancouver_26c9ee8f-5ce9-4d80-bba6-cb0025c9816b,26c9ee8f-5ce9-4d80-bba6-cb0025c9816b,49.274069,-123.028632,2,FALSE,FALSE,39767,NA,1783022684,2026-07-02T20:05:32Z,2026-07-02T20:05:32Z,2026-07-02T20:05:32Z,2.2,https://data.lime.bike/api/partners/v2/gbfs/vancouver_bc/gbfs.json,https://data.lime.bike/api/partners/v2/gbfs/vancouver_bc/free_bike_status,2026-07-02T20:05:31Z,2026-07-02T20:05:31Z
lime_vancouver,lime_vancouver_6e069045-7fa3-4f15-b30f-4c414d4f3d4a,6e069045-7fa3-4f15-b30f-4c414d4f3d4a,49.262216,-123.11123,2,FALSE,FALSE,4957,NA,1783022684,2026-07-02T20:05:32Z,2026-07-02T20:05:32Z,2026-07-02T20:05:32Z,2.2,https://data.lime.bike/api/partners/v2/gbfs/vancouver_bc/gbfs.json,https://data.lime.bike/api/partners/v2/gbfs/vancouver_bc/free_bike_status,2026-07-02T20:05:31Z,2026-07-02T20:05:31Z
lime_vancouver,lime_vancouver_a2aa9cf3-ef1a-4ddc-8603-7b34f0858762,a2aa9cf3-ef1a-4ddc-8603-7b34f0858762,49.274306,-123.12527,2,FALSE,FALSE,9028,NA,1783022684,2026-07-02T20:05:32Z,2026-07-02T20:05:32Z,2026-07-02T20:05:32Z,2.2,https://data.lime.bike/api/partners/v2/gbfs/vancouver_bc/gbfs.json,https://data.lime.bike/api/partners/v2/gbfs/vancouver_bc/free_bike_status,2026-07-02T20:05:31Z,2026-07-02T20:05:31Z
lime_vancouver,lime_vancouver_d23cee93-86d8-469f-b953-1ca49d3eed19,d23cee93-86d8-469f-b953-1ca49d3eed19,49.284989,-123.06158,2,FALSE,FALSE,7194,NA,1783022684,2026-07-02T20:05:32Z,2026-07-02T20:05:32Z,2026-07-02T20:05:32Z,2.2,https://data.lime.bike/api/partners/v2/gbfs/vancouver_bc/gbfs.json,https://data.lime.bike/api/partners/v2/gbfs/vancouver_bc/free_bike_status,2026-07-02T20:05:31Z,2026-07-02T20:05:31Z
lime_vancouver,lime_vancouver_4a7fe4f9-88fe-4ebb-84bb-43797d4826e4,4a7fe4f9-88fe-4ebb-84bb-43797d4826e4,49.262669,-123.13917,2,FALSE,FALSE,4690,NA,1783022684,2026-07-02T20:05:32Z,2026-07-02T20:05:32Z,2026-07-02T20:05:32Z,2.2,https://data.lime.bike/api/partners/v2/gbfs/vancouver_bc/gbfs.json,https://data.lime.bike/api/partners/v2/gbfs/vancouver_bc/free_bike_status,2026-07-02T20:05:31Z,2026-07-02T20:05:31Z
lime_vancouver,lime_vancouver_3acafc1d-2647-4b13-b9ff-80b04e1ca4f7,3acafc1d-2647-4b13-b9ff-80b04e1ca4f7,49.272307,-123.033954,2,FALSE,FALSE,27085,NA,1783022684,2026-07-02T20:05:32Z,2026-07-02T20:05:32Z,2026-07-02T20:05:32Z,2.2,https://data.lime.bike/api/partners/v2/gbfs/vancouver_bc/gbfs.json,https://data.lime.bike/api/partners/v2/gbfs/vancouver_bc/free_bike_status,2026-07-02T20:05:31Z,2026-07-02T20:05:31Z
lime_vancouver,lime_vancouver_7703d08b-efdc-4ada-ab53-f9632365cc17,7703d08b-efdc-4ada-ab53-f9632365cc17,49.288278,-123.115933,2,FALSE,FALSE,31076,NA,1783022684,2026-07-02T20:05:32Z,2026-07-02T20:05:32Z,2026-07-02T20:05:32Z,2.2,https://data.lime.bike/api/partners/v2/gbfs/vancouver_bc/gbfs.json,https://data.lime.bike/api/partners/v2/gbfs/vancouver_bc/free_bike_status,2026-07-02T20:05:31Z,2026-07-02T20:05:31Z
lime_vancouver,lime_vancouver_d532e538-1167-45d9-97ad-47757b3ecf3b,d532e538-1167-45d9-97ad-47757b3ecf3b,49.266288,-123.104784,2,FALSE,FALSE,42841,NA,1783022684,2026-07-02T20:05:32Z,2026-07-02T20:05:32Z,2026-07-02T20:05:32Z,2.2,https://data.lime.bike/api/partners/v2/gbfs/vancouver_bc/gbfs.json,https://data.lime.bike/api/partners/v2/gbfs/vancouver_bc/free_bike_status,2026-07-02T20:05:31Z,2026-07-02T20:05:31Z
lime_vancouver,lime_vancouver_a2b529bb-8b54-4770-b2e7-b3602d62d867,a2b529bb-8b54-4770-b2e7-b3602d62d867,49.267538,-123.036234,2,FALSE,FALSE,37176,NA,1783022684,2026-07-02T20:05:32Z,2026-07-02T20:05:32Z,2026-07-02T20:05:32Z,2.2,https://data.lime.bike/api/partners/v2/gbfs/vancouver_bc/gbfs.json,https://data.lime.bike/api/partners/v2/gbfs/vancouver_bc/free_bike_status,2026-07-02T20:05:31Z,2026-07-02T20:05:31Z
lime_vancouver,lime_vancouver_922b4b99-4264-47e1-90aa-d0fd3c926603,922b4b99-4264-47e1-90aa-d0fd3c926603,49.235406,-123.030899,2,FALSE,FALSE,39252,NA,1783022684,2026-07-02T20:05:32Z,2026-07-02T20:05:32Z,2026-07-02T20:05:32Z,2.2,https://data.lime.bike/api/partners/v2/gbfs/vancouver_bc/gbfs.json,https://data.lime.bike/api/partners/v2/gbfs/vancouver_bc/free_bike_status,2026-07-02T20:05:31Z,2026-07-02T20:05:31Z
lime_vancouver,lime_vancouver_db3c39b2-6641-4773-9045-1e70c704a9bd,db3c39b2-6641-4773-9045-1e70c704a9bd,49.262488,-123.119816,2,FALSE,FALSE,25122,NA,1783022684,2026-07-02T20:05:32Z,2026-07-02T20:05:32Z,2026-07-02T20:05:32Z,2.2,https://data.lime.bike/api/partners/v2/gbfs/vancouver_bc/gbfs.json,https://data.lime.bike/api/partners/v2/gbfs/vancouver_bc/free_bike_status,2026-07-02T20:05:31Z,2026-07-02T20:05:31Z
lime_vancouver,lime_vancouver_638bfc03-289d-43a0-8665-2edcb21d48e9,638bfc03-289d-43a0-8665-2edcb21d48e9,49.262708,-123.139118,2,FALSE,FALSE,7194,NA,1783022684,2026-07-02T20:05:32Z,2026-07-02T20:05:32Z,2026-07-02T20:05:32Z,2.2,https://data.lime.bike/api/partners/v2/gbfs/vancouver_bc/gbfs.json,https://data.lime.bike/api/partners/v2/gbfs/vancouver_bc/free_bike_status,2026-07-02T20:05:31Z,2026-07-02T20:05:31Z
lime_vancouver,lime_vancouver_3c931cb2-43e3-4f17-a388-bd423bf94216,3c931cb2-43e3-4f17-a388-bd423bf94216,49.283044,-123.054834,2,FALSE,FALSE,4072,NA,1783022684,2026-07-02T20:05:32Z,2026-07-02T20:05:32Z,2026-07-02T20:05:32Z,2.2,https://data.lime.bike/api/partners/v2/gbfs/vancouver_bc/gbfs.json,https://data.lime.bike/api/partners/v2/gbfs/vancouver_bc/free_bike_status,2026-07-02T20:05:31Z,2026-07-02T20:05:31Z
lime_vancouver,lime_vancouver_e9b292d8-b920-4937-ba93-cfddb147e3f2,e9b292d8-b920-4937-ba93-cfddb147e3f2,49.281667,-123.123649,2,FALSE,FALSE,3203,NA,1783022684,2026-07-02T20:05:32Z,2026-07-02T20:05:32Z,2026-07-02T20:05:32Z,2.2,https://data.lime.bike/api/partners/v2/gbfs/vancouver_bc/gbfs.json,https://data.lime.bike/api/partners/v2/gbfs/vancouver_bc/free_bike_status,2026-07-02T20:05:31Z,2026-07-02T20:05:31Z
lime_vancouver,lime_vancouver_3910b03b-ea2b-4f44-9415-0806068a1b46,3910b03b-ea2b-4f44-9415-0806068a1b46,49.288288,-123.115922,2,FALSE,FALSE,29580,NA,1783022684,2026-07-02T20:05:32Z,2026-07-02T20:05:32Z,2026-07-02T20:05:32Z,2.2,https://data.lime.bike/api/partners/v2/gbfs/vancouver_bc/gbfs.json,https://data.lime.bike/api/partners/v2/gbfs/vancouver_bc/free_bike_status,2026-07-02T20:05:31Z,2026-07-02T20:05:31Z
lime_vancouver,lime_vancouver_2853ddc2-4ce0-4060-8b38-8288b0243fb6,2853ddc2-4ce0-4060-8b38-8288b0243fb6,49.25646,-123.034133,2,FALSE,FALSE,21243,NA,1783022684,2026-07-02T20:05:32Z,2026-07-02T20:05:32Z,2026-07-02T20:05:32Z,2.2,https://data.lime.bike/api/partners/v2/gbfs/vancouver_bc/gbfs.json,https://data.lime.bike/api/partners/v2/gbfs/vancouver_bc/free_bike_status,2026-07-02T20:05:31Z,2026-07-02T20:05:31Z
lime_vancouver,lime_vancouver_0d07a24f-e89b-41c6-8ac8-a9a3af32397c,0d07a24f-e89b-41c6-8ac8-a9a3af32397c,49.26236,-123.104944,2,FALSE,FALSE,36661,NA,1783022684,2026-07-02T20:05:32Z,2026-07-02T20:05:32Z,2026-07-02T20:05:32Z,2.2,https://data.lime.bike/api/partners/v2/gbfs/vancouver_bc/gbfs.json,https://data.lime.bike/api/partners/v2/gbfs/vancouver_bc/free_bike_status,2026-07-02T20:05:31Z,2026-07-02T20:05:31Z
lime_vancouver,lime_vancouver_2a4de42c-b4f6-4ffa-bb44-14e6f30d7523,2a4de42c-b4f6-4ffa-bb44-14e6f30d7523,49.235434,-123.030911,2,FALSE,FALSE,25122,NA,1783022684,2026-07-02T20:05:32Z,2026-07-02T20:05:32Z,2026-07-02T20:05:32Z,2.2,https://data.lime.bike/api/partners/v2/gbfs/vancouver_bc/gbfs.json,https://data.lime.bike/api/partners/v2/gbfs/vancouver_bc/free_bike_status,2026-07-02T20:05:31Z,2026-07-02T20:05:31Z
lime_vancouver,lime_vancouver_4f2bedd9-4fb0-4205-9f2d-20ccdeefea10,4f2bedd9-4fb0-4205-9f2d-20ccdeefea10,49.288327,-123.132908,2,FALSE,FALSE,32090,NA,1783022684,2026-07-02T20:05:32Z,2026-07-02T20:05:32Z,2026-07-02T20:05:32Z,2.2,https://data.lime.bike/api/partners/v2/gbfs/vancouver_bc/gbfs.json,https://data.lime.bike/api/partners/v2/gbfs/vancouver_bc/free_bike_status,2026-07-02T20:05:31Z,2026-07-02T20:05:31Z
lime_vancouver,lime_vancouver_39e66f1b-455b-4fc5-b454-1a9dd39f9d96,39e66f1b-455b-4fc5-b454-1a9dd39f9d96,49.246796,-123.060017,2,FALSE,FALSE,22692,NA,1783022684,2026-07-02T20:05:32Z,2026-07-02T20:05:32Z,2026-07-02T20:05:32Z,2.2,https://data.lime.bike/api/partners/v2/gbfs/vancouver_bc/gbfs.json,https://data.lime.bike/api/partners/v2/gbfs/vancouver_bc/free_bike_status,2026-07-02T20:05:31Z,2026-07-02T20:05:31Z
lime_vancouver,lime_vancouver_a894f2d8-dee6-4f02-a185-b90f7426408d,a894f2d8-dee6-4f02-a185-b90f7426408d,49.283618,-123.112697,2,FALSE,FALSE,27584,NA,1783022684,2026-07-02T20:05:32Z,2026-07-02T20:05:32Z,2026-07-02T20:05:32Z,2.2,https://data.lime.bike/api/partners/v2/gbfs/vancouver_bc/gbfs.json,https://data.lime.bike/api/partners/v2/gbfs/vancouver_bc/free_bike_status,2026-07-02T20:05:31Z,2026-07-02T20:05:31Z
lime_vancouver,lime_vancouver_f9ecb777-8347-4092-b764-4745c1631187,f9ecb777-8347-4092-b764-4745c1631187,49.280886,-123.112174,2,FALSE,FALSE,27085,NA,1783022684,2026-07-02T20:05:32Z,2026-07-02T20:05:32Z,2026-07-02T20:05:32Z,2.2,https://data.lime.bike/api/partners/v2/gbfs/vancouver_bc/gbfs.json,https://data.lime.bike/api/partners/v2/gbfs/vancouver_bc/free_bike_status,2026-07-02T20:05:31Z,2026-07-02T20:05:31Z
lime_vancouver,lime_vancouver_a2f17fe8-3941-4520-b858-de8723ed8728,a2f17fe8-3941-4520-b858-de8723ed8728,49.285802,-123.121819,2,FALSE,FALSE,34617,NA,1783022684,2026-07-02T20:05:32Z,2026-07-02T20:05:32Z,2026-07-02T20:05:32Z,2.2,https://data.lime.bike/api/partners/v2/gbfs/vancouver_bc/gbfs.json,https://data.lime.bike/api/partners/v2/gbfs/vancouver_bc/free_bike_status,2026-07-02T20:05:31Z,2026-07-02T20:05:31Z
lime_vancouver,lime_vancouver_86f2ef88-2390-4b41-8f86-8fba9ea88cdd,86f2ef88-2390-4b41-8f86-8fba9ea88cdd,49.259886,-123.083328,2,FALSE,FALSE,8111,NA,1783022684,2026-07-02T20:05:32Z,2026-07-02T20:05:32Z,2026-07-02T20:05:32Z,2.2,https://data.lime.bike/api/partners/v2/gbfs/vancouver_bc/gbfs.json,https://data.lime.bike/api/partners/v2/gbfs/vancouver_bc/free_bike_status,2026-07-02T20:05:31Z,2026-07-02T20:05:31Z
lime_vancouver,lime_vancouver_8dc9f253-e5f0-482e-b9be-98073c3544c7,8dc9f253-e5f0-482e-b9be-98073c3544c7,49.259877,-123.083325,2,FALSE,FALSE,6743,NA,1783022684,2026-07-02T20:05:32Z,2026-07-02T20:05:32Z,2026-07-02T20:05:32Z,2.2,https://data.lime.bike/api/partners/v2/gbfs/vancouver_bc/gbfs.json,https://data.lime.bike/api/partners/v2/gbfs/vancouver_bc/free_bike_status,2026-07-02T20:05:31Z,2026-07-02T20:05:31Z
lime_vancouver,lime_vancouver_0e01e428-0f47-4c35-b11a-bae9f4d7bb90,0e01e428-0f47-4c35-b11a-bae9f4d7bb90,49.262444,-123.119895,2,FALSE,FALSE,10412,NA,1783022684,2026-07-02T20:05:32Z,2026-07-02T20:05:32Z,2026-07-02T20:05:32Z,2.2,https://data.lime.bike/api/partners/v2/gbfs/vancouver_bc/gbfs.json,https://data.lime.bike/api/partners/v2/gbfs/vancouver_bc/free_bike_status,2026-07-02T20:05:31Z,2026-07-02T20:05:31Z
lime_vancouver,lime_vancouver_661d9a8c-0049-4bf5-8276-696b27fb83c2,661d9a8c-0049-4bf5-8276-696b27fb83c2,49.271365,-123.057967,2,FALSE,FALSE,18379,NA,1783022684,2026-07-02T20:05:32Z,2026-07-02T20:05:32Z,2026-07-02T20:05:32Z,2.2,https://data.lime.bike/api/partners/v2/gbfs/vancouver_bc/gbfs.json,https://data.lime.bike/api/partners/v2/gbfs/vancouver_bc/free_bike_status,2026-07-02T20:05:31Z,2026-07-02T20:05:31Z
lime_vancouver,lime_vancouver_2081a0df-62ac-4aeb-ae35-f3560e81f679,2081a0df-62ac-4aeb-ae35-f3560e81f679,49.283815,-123.119773,2,FALSE,FALSE,11330,NA,1783022684,2026-07-02T20:05:32Z,2026-07-02T20:05:32Z,2026-07-02T20:05:32Z,2.2,https://data.lime.bike/api/partners/v2/gbfs/vancouver_bc/gbfs.json,https://data.lime.bike/api/partners/v2/gbfs/vancouver_bc/free_bike_status,2026-07-02T20:05:31Z,2026-07-02T20:05:31Z
lime_vancouver,lime_vancouver_364806bc-d104-479b-8614-8cc18ab00cd5,364806bc-d104-479b-8614-8cc18ab00cd5,49.262767,-123.14617200000001,2,FALSE,FALSE,16946,NA,1783022684,2026-07-02T20:05:32Z,2026-07-02T20:05:32Z,2026-07-02T20:05:32Z,2.2,https://data.lime.bike/api/partners/v2/gbfs/vancouver_bc/gbfs.json,https://data.lime.bike/api/partners/v2/gbfs/vancouver_bc/free_bike_status,2026-07-02T20:05:31Z,2026-07-02T20:05:31Z
lime_vancouver,lime_vancouver_a848f843-f863-47d3-a4bc-b18fe91205ee,a848f843-f863-47d3-a4bc-b18fe91205ee,49.244908,-123.045946,2,FALSE,FALSE,4522,NA,1783022684,2026-07-02T20:05:32Z,2026-07-02T20:05:32Z,2026-07-02T20:05:32Z,2.2,https://data.lime.bike/api/partners/v2/gbfs/vancouver_bc/gbfs.json,https://data.lime.bike/api/partners/v2/gbfs/vancouver_bc/free_bike_status,2026-07-02T20:05:31Z,2026-07-02T20:05:31Z
lime_vancouver,lime_vancouver_83da0a32-b8b2-48f5-987c-b2758126f285,83da0a32-b8b2-48f5-987c-b2758126f285,49.286215,-123.122261,2,FALSE,FALSE,40282,NA,1783022684,2026-07-02T20:05:32Z,2026-07-02T20:05:32Z,2026-07-02T20:05:32Z,2.2,https://data.lime.bike/api/partners/v2/gbfs/vancouver_bc/gbfs.json,https://data.lime.bike/api/partners/v2/gbfs/vancouver_bc/free_bike_status,2026-07-02T20:05:31Z,2026-07-02T20:05:31Z
lime_vancouver,lime_vancouver_20ed3b6f-c939-41c9-96e9-4f8e6f8332fb,20ed3b6f-c939-41c9-96e9-4f8e6f8332fb,49.26908,-123.164466,2,FALSE,FALSE,7660,NA,1783022684,2026-07-02T20:05:32Z,2026-07-02T20:05:32Z,2026-07-02T20:05:32Z,2.2,https://data.lime.bike/api/partners/v2/gbfs/vancouver_bc/gbfs.json,https://data.lime.bike/api/partners/v2/gbfs/vancouver_bc/free_bike_status,2026-07-02T20:05:31Z,2026-07-02T20:05:31Z
lime_vancouver,lime_vancouver_09217d6b-9d13-4a36-bb51-16faa13d480c,09217d6b-9d13-4a36-bb51-16faa13d480c,49.250711,-123.083729,2,FALSE,FALSE,33088,NA,1783022684,2026-07-02T20:05:32Z,2026-07-02T20:05:32Z,2026-07-02T20:05:32Z,2.2,https://data.lime.bike/api/partners/v2/gbfs/vancouver_bc/gbfs.json,https://data.lime.bike/api/partners/v2/gbfs/vancouver_bc/free_bike_status,2026-07-02T20:05:31Z,2026-07-02T20:05:31Z
lime_vancouver,lime_vancouver_14b88fb1-4641-4af1-8f20-e52e5c991205,14b88fb1-4641-4af1-8f20-e52e5c991205,49.268425,-123.159792,2,FALSE,FALSE,8111,NA,1783022684,2026-07-02T20:05:32Z,2026-07-02T20:05:32Z,2026-07-02T20:05:32Z,2.2,https://data.lime.bike/api/partners/v2/gbfs/vancouver_bc/gbfs.json,https://data.lime.bike/api/partners/v2/gbfs/vancouver_bc/free_bike_status,2026-07-02T20:05:31Z,2026-07-02T20:05:31Z
lime_vancouver,lime_vancouver_6d088400-f589-43f2-9c19-95310554ed49,6d088400-f589-43f2-9c19-95310554ed49,49.238552,-123.051705,2,FALSE,FALSE,15997,NA,1783022684,2026-07-02T20:05:32Z,2026-07-02T20:05:32Z,2026-07-02T20:05:32Z,2.2,https://data.lime.bike/api/partners/v2/gbfs/vancouver_bc/gbfs.json,https://data.lime.bike/api/partners/v2/gbfs/vancouver_bc/free_bike_status,2026-07-02T20:05:31Z,2026-07-02T20:05:31Z
lime_vancouver,lime_vancouver_9e26bfe8-e270-4d9c-b90b-f55d45787086,9e26bfe8-e270-4d9c-b90b-f55d45787086,49.262371,-123.119897,2,FALSE,FALSE,33603,NA,1783022684,2026-07-02T20:05:32Z,2026-07-02T20:05:32Z,2026-07-02T20:05:32Z,2.2,https://data.lime.bike/api/partners/v2/gbfs/vancouver_bc/gbfs.json,https://data.lime.bike/api/partners/v2/gbfs/vancouver_bc/free_bike_status,2026-07-02T20:05:31Z,2026-07-02T20:05:31Z
lime_vancouver,lime_vancouver_7b003b32-8804-48c9-aa4f-d63f2db7b996,7b003b32-8804-48c9-aa4f-d63f2db7b996,49.264676,-123.14856,2,FALSE,FALSE,43340,NA,1783022684,2026-07-02T20:05:32Z,2026-07-02T20:05:32Z,2026-07-02T20:05:32Z,2.2,https://data.lime.bike/api/partners/v2/gbfs/vancouver_bc/gbfs.json,https://data.lime.bike/api/partners/v2/gbfs/vancouver_bc/free_bike_status,2026-07-02T20:05:31Z,2026-07-02T20:05:31Z
lime_vancouver,lime_vancouver_317e0791-7d23-4622-b96d-11769f8f18f9,317e0791-7d23-4622-b96d-11769f8f18f9,49.269699,-123.135617,2,FALSE,FALSE,26104,NA,1783022684,2026-07-02T20:05:32Z,2026-07-02T20:05:32Z,2026-07-02T20:05:32Z,2.2,https://data.lime.bike/api/partners/v2/gbfs/vancouver_bc/gbfs.json,https://data.lime.bike/api/partners/v2/gbfs/vancouver_bc/free_bike_status,2026-07-02T20:05:31Z,2026-07-02T20:05:31Z
lime_vancouver,lime_vancouver_823aab76-c522-4db6-9d11-4b73edbb6e92,823aab76-c522-4db6-9d11-4b73edbb6e92,49.237447,-123.03618,2,FALSE,FALSE,29081,NA,1783022684,2026-07-02T20:05:32Z,2026-07-02T20:05:32Z,2026-07-02T20:05:32Z,2.2,https://data.lime.bike/api/partners/v2/gbfs/vancouver_bc/gbfs.json,https://data.lime.bike/api/partners/v2/gbfs/vancouver_bc/free_bike_status,2026-07-02T20:05:31Z,2026-07-02T20:05:31Z
lime_vancouver,lime_vancouver_222aad55-52a7-493c-bfdc-09cd1fa87968,222aad55-52a7-493c-bfdc-09cd1fa87968,49.238576,-123.051706,2,FALSE,FALSE,27085,NA,1783022684,2026-07-02T20:05:32Z,2026-07-02T20:05:32Z,2026-07-02T20:05:32Z,2.2,https://data.lime.bike/api/partners/v2/gbfs/vancouver_bc/gbfs.json,https://data.lime.bike/api/partners/v2/gbfs/vancouver_bc/free_bike_status,2026-07-02T20:05:31Z,2026-07-02T20:05:31Z
lime_vancouver,lime_vancouver_f632959f-57fc-4918-88c1-f554bcbbb5cc,f632959f-57fc-4918-88c1-f554bcbbb5cc,49.286365,-123.122415,2,FALSE,FALSE,39252,NA,1783022684,2026-07-02T20:05:32Z,2026-07-02T20:05:32Z,2026-07-02T20:05:32Z,2.2,https://data.lime.bike/api/partners/v2/gbfs/vancouver_bc/gbfs.json,https://data.lime.bike/api/partners/v2/gbfs/vancouver_bc/free_bike_status,2026-07-02T20:05:31Z,2026-07-02T20:05:31Z
lime_vancouver,lime_vancouver_2488ecf8-9397-4c40-bef0-22725024b7d7,2488ecf8-9397-4c40-bef0-22725024b7d7,49.2823,-123.061654,2,FALSE,FALSE,19328,NA,1783022684,2026-07-02T20:05:32Z,2026-07-02T20:05:32Z,2026-07-02T20:05:32Z,2.2,https://data.lime.bike/api/partners/v2/gbfs/vancouver_bc/gbfs.json,https://data.lime.bike/api/partners/v2/gbfs/vancouver_bc/free_bike_status,2026-07-02T20:05:31Z,2026-07-02T20:05:31Z
lime_vancouver,lime_vancouver_00f59bb0-c04d-41b0-bc59-e3c304a61baf,00f59bb0-c04d-41b0-bc59-e3c304a61baf,49.26694,-123.143334,2,FALSE,FALSE,33603,NA,1783022684,2026-07-02T20:05:32Z,2026-07-02T20:05:32Z,2026-07-02T20:05:32Z,2.2,https://data.lime.bike/api/partners/v2/gbfs/vancouver_bc/gbfs.json,https://data.lime.bike/api/partners/v2/gbfs/vancouver_bc/free_bike_status,2026-07-02T20:05:31Z,2026-07-02T20:05:31Z
lime_vancouver,lime_vancouver_f574a9af-1d81-4ad9-a2ee-d83f35666f68,f574a9af-1d81-4ad9-a2ee-d83f35666f68,49.267532,-123.036209,2,FALSE,FALSE,40282,NA,1783022684,2026-07-02T20:05:32Z,2026-07-02T20:05:32Z,2026-07-02T20:05:32Z,2.2,https://data.lime.bike/api/partners/v2/gbfs/vancouver_bc/gbfs.json,https://data.lime.bike/api/partners/v2/gbfs/vancouver_bc/free_bike_status,2026-07-02T20:05:31Z,2026-07-02T20:05:31Z
lime_vancouver,lime_vancouver_7fdf420b-31d3-4e5c-ab87-2c19e77140ba,7fdf420b-31d3-4e5c-ab87-2c19e77140ba,49.274984,-123.132713,2,FALSE,FALSE,31076,NA,1783022684,2026-07-02T20:05:32Z,2026-07-02T20:05:32Z,2026-07-02T20:05:32Z,2.2,https://data.lime.bike/api/partners/v2/gbfs/vancouver_bc/gbfs.json,https://data.lime.bike/api/partners/v2/gbfs/vancouver_bc/free_bike_status,2026-07-02T20:05:31Z,2026-07-02T20:05:31Z
lime_vancouver,lime_vancouver_be128751-d0d2-4ef7-8ea3-7b5b84637c22,be128751-d0d2-4ef7-8ea3-7b5b84637c22,49.283236,-123.11583,2,FALSE,FALSE,10863,NA,1783022684,2026-07-02T20:05:32Z,2026-07-02T20:05:32Z,2026-07-02T20:05:32Z,2.2,https://data.lime.bike/api/partners/v2/gbfs/vancouver_bc/gbfs.json,https://data.lime.bike/api/partners/v2/gbfs/vancouver_bc/free_bike_status,2026-07-02T20:05:31Z,2026-07-02T20:05:31Z
lime_vancouver,lime_vancouver_1fff38c2-5423-493e-969a-a64c771c9d38,1fff38c2-5423-493e-969a-a64c771c9d38,49.254203,-123.039135,2,FALSE,FALSE,11796,NA,1783022684,2026-07-02T20:05:32Z,2026-07-02T20:05:32Z,2026-07-02T20:05:32Z,2.2,https://data.lime.bike/api/partners/v2/gbfs/vancouver_bc/gbfs.json,https://data.lime.bike/api/partners/v2/gbfs/vancouver_bc/free_bike_status,2026-07-02T20:05:31Z,2026-07-02T20:05:31Z
lime_vancouver,lime_vancouver_df403d1c-c926-48a9-a893-660a9dce8a7c,df403d1c-c926-48a9-a893-660a9dce8a7c,49.264635,-123.148457,2,FALSE,FALSE,43855,NA,1783022684,2026-07-02T20:05:32Z,2026-07-02T20:05:32Z,2026-07-02T20:05:32Z,2.2,https://data.lime.bike/api/partners/v2/gbfs/vancouver_bc/gbfs.json,https://data.lime.bike/api/partners/v2/gbfs/vancouver_bc/free_bike_status,2026-07-02T20:05:31Z,2026-07-02T20:05:31Z
lime_vancouver,lime_vancouver_bdd82478-e4a9-4970-b545-4ad884625468,bdd82478-e4a9-4970-b545-4ad884625468,49.251616,-123.072176,2,FALSE,FALSE,10412,NA,1783022684,2026-07-02T20:05:32Z,2026-07-02T20:05:32Z,2026-07-02T20:05:32Z,2.2,https://data.lime.bike/api/partners/v2/gbfs/vancouver_bc/gbfs.json,https://data.lime.bike/api/partners/v2/gbfs/vancouver_bc/free_bike_status,2026-07-02T20:05:31Z,2026-07-02T20:05:31Z
lime_vancouver,lime_vancouver_dfa01be6-ee93-44fa-9e45-7c1823bc148f,dfa01be6-ee93-44fa-9e45-7c1823bc148f,49.26844,-123.15978,2,FALSE,FALSE,13663,NA,1783022684,2026-07-02T20:05:32Z,2026-07-02T20:05:32Z,2026-07-02T20:05:32Z,2.2,https://data.lime.bike/api/partners/v2/gbfs/vancouver_bc/gbfs.json,https://data.lime.bike/api/partners/v2/gbfs/vancouver_bc/free_bike_status,2026-07-02T20:05:31Z,2026-07-02T20:05:31Z
lime_vancouver,lime_vancouver_57ef644f-f090-4c7a-9fcd-27a951b24485,57ef644f-f090-4c7a-9fcd-27a951b24485,49.266725,-123.10943,2,FALSE,FALSE,10412,NA,1783022684,2026-07-02T20:05:32Z,2026-07-02T20:05:32Z,2026-07-02T20:05:32Z,2.2,https://data.lime.bike/api/partners/v2/gbfs/vancouver_bc/gbfs.json,https://data.lime.bike/api/partners/v2/gbfs/vancouver_bc/free_bike_status,2026-07-02T20:05:31Z,2026-07-02T20:05:31Z
lime_vancouver,lime_vancouver_28d28ef4-4c75-423b-9e03-373c040201a3,28d28ef4-4c75-423b-9e03-373c040201a3,49.281729,-123.123448,2,FALSE,FALSE,35631,NA,1783022684,2026-07-02T20:05:32Z,2026-07-02T20:05:32Z,2026-07-02T20:05:32Z,2.2,https://data.lime.bike/api/partners/v2/gbfs/vancouver_bc/gbfs.json,https://data.lime.bike/api/partners/v2/gbfs/vancouver_bc/free_bike_status,2026-07-02T20:05:31Z,2026-07-02T20:05:31Z
lime_vancouver,lime_vancouver_a1656e86-3adb-44e5-95ca-321a27e3cbf3,a1656e86-3adb-44e5-95ca-321a27e3cbf3,49.277645,-123.095338,2,FALSE,FALSE,6293,NA,1783022684,2026-07-02T20:05:32Z,2026-07-02T20:05:32Z,2026-07-02T20:05:32Z,2.2,https://data.lime.bike/api/partners/v2/gbfs/vancouver_bc/gbfs.json,https://data.lime.bike/api/partners/v2/gbfs/vancouver_bc/free_bike_status,2026-07-02T20:05:31Z,2026-07-02T20:05:31Z
lime_vancouver,lime_vancouver_69f3358a-fd4f-4ca4-bf5e-20b295cf6ef4,69f3358a-fd4f-4ca4-bf5e-20b295cf6ef4,49.280907,-123.025585,2,FALSE,FALSE,31076,NA,1783022684,2026-07-02T20:05:32Z,2026-07-02T20:05:32Z,2026-07-02T20:05:32Z,2.2,https://data.lime.bike/api/partners/v2/gbfs/vancouver_bc/gbfs.json,https://data.lime.bike/api/partners/v2/gbfs/vancouver_bc/free_bike_status,2026-07-02T20:05:31Z,2026-07-02T20:05:31Z
lime_vancouver,lime_vancouver_71172158-b3a4-4c90-b368-101348f47bb3,71172158-b3a4-4c90-b368-101348f47bb3,49.279806,-123.102389,2,FALSE,FALSE,20761,NA,1783022684,2026-07-02T20:05:32Z,2026-07-02T20:05:32Z,2026-07-02T20:05:32Z,2.2,https://data.lime.bike/api/partners/v2/gbfs/vancouver_bc/gbfs.json,https://data.lime.bike/api/partners/v2/gbfs/vancouver_bc/free_bike_status,2026-07-02T20:05:31Z,2026-07-02T20:05:31Z
lime_vancouver,lime_vancouver_4542158b-f876-4e92-ac42-cafd8c3e4b7c,4542158b-f876-4e92-ac42-cafd8c3e4b7c,49.266447,-123.104762,2,FALSE,FALSE,24623,NA,1783022684,2026-07-02T20:05:32Z,2026-07-02T20:05:32Z,2026-07-02T20:05:32Z,2.2,https://data.lime.bike/api/partners/v2/gbfs/vancouver_bc/gbfs.json,https://data.lime.bike/api/partners/v2/gbfs/vancouver_bc/free_bike_status,2026-07-02T20:05:31Z,2026-07-02T20:05:31Z
lime_vancouver,lime_vancouver_fb0f373b-fc25-43b8-8252-4de0f022a898,fb0f373b-fc25-43b8-8252-4de0f022a898,49.288546,-123.046776,2,FALSE,FALSE,9946,NA,1783022684,2026-07-02T20:05:32Z,2026-07-02T20:05:32Z,2026-07-02T20:05:32Z,2.2,https://data.lime.bike/api/partners/v2/gbfs/vancouver_bc/gbfs.json,https://data.lime.bike/api/partners/v2/gbfs/vancouver_bc/free_bike_status,2026-07-02T20:05:31Z,2026-07-02T20:05:31Z
lime_vancouver,lime_vancouver_47ad9641-5407-481e-b0a5-4b4f7b89b229,47ad9641-5407-481e-b0a5-4b4f7b89b229,49.263123,-123.073571,2,FALSE,FALSE,7194,NA,1783022684,2026-07-02T20:05:32Z,2026-07-02T20:05:32Z,2026-07-02T20:05:32Z,2.2,https://data.lime.bike/api/partners/v2/gbfs/vancouver_bc/gbfs.json,https://data.lime.bike/api/partners/v2/gbfs/vancouver_bc/free_bike_status,2026-07-02T20:05:31Z,2026-07-02T20:05:31Z
lime_vancouver,lime_vancouver_a9678004-e0b3-4388-b487-db7af15c1483,a9678004-e0b3-4388-b487-db7af15c1483,49.244896,-123.045944,2,FALSE,FALSE,32090,NA,1783022684,2026-07-02T20:05:32Z,2026-07-02T20:05:32Z,2026-07-02T20:05:32Z,2.2,https://data.lime.bike/api/partners/v2/gbfs/vancouver_bc/gbfs.json,https://data.lime.bike/api/partners/v2/gbfs/vancouver_bc/free_bike_status,2026-07-02T20:05:31Z,2026-07-02T20:05:31Z
lime_vancouver,lime_vancouver_8126e34c-34a7-4183-ba60-00846bfa8b95,8126e34c-34a7-4183-ba60-00846bfa8b95,49.280574,-123.038046,2,FALSE,FALSE,36146,NA,1783022684,2026-07-02T20:05:32Z,2026-07-02T20:05:32Z,2026-07-02T20:05:32Z,2.2,https://data.lime.bike/api/partners/v2/gbfs/vancouver_bc/gbfs.json,https://data.lime.bike/api/partners/v2/gbfs/vancouver_bc/free_bike_status,2026-07-02T20:05:31Z,2026-07-02T20:05:31Z
lime_vancouver,lime_vancouver_595ed8e0-6096-47a4-be8f-2664225f79a8,595ed8e0-6096-47a4-be8f-2664225f79a8,49.262259,-123.11568,2,FALSE,FALSE,19328,NA,1783022684,2026-07-02T20:05:32Z,2026-07-02T20:05:32Z,2026-07-02T20:05:32Z,2.2,https://data.lime.bike/api/partners/v2/gbfs/vancouver_bc/gbfs.json,https://data.lime.bike/api/partners/v2/gbfs/vancouver_bc/free_bike_status,2026-07-02T20:05:31Z,2026-07-02T20:05:31Z
lime_vancouver,lime_vancouver_84a5808f-0834-4a26-8823-7af46074d95c,84a5808f-0834-4a26-8823-7af46074d95c,49.249818,-123.036493,2,FALSE,FALSE,43855,NA,1783022684,2026-07-02T20:05:32Z,2026-07-02T20:05:32Z,2026-07-02T20:05:32Z,2.2,https://data.lime.bike/api/partners/v2/gbfs/vancouver_bc/gbfs.json,https://data.lime.bike/api/partners/v2/gbfs/vancouver_bc/free_bike_status,2026-07-02T20:05:31Z,2026-07-02T20:05:31Z
lime_vancouver,lime_vancouver_8901d91d-0f61-4105-9646-2bd488c0ed7f,8901d91d-0f61-4105-9646-2bd488c0ed7f,49.246228,-123.03356,2,FALSE,FALSE,10412,NA,1783022684,2026-07-02T20:05:32Z,2026-07-02T20:05:32Z,2026-07-02T20:05:32Z,2.2,https://data.lime.bike/api/partners/v2/gbfs/vancouver_bc/gbfs.json,https://data.lime.bike/api/partners/v2/gbfs/vancouver_bc/free_bike_status,2026-07-02T20:05:31Z,2026-07-02T20:05:31Z
lime_vancouver,lime_vancouver_46025fa7-6ced-48a9-9098-9ba2d5806220,46025fa7-6ced-48a9-9098-9ba2d5806220,49.262255,-123.111167,2,FALSE,FALSE,10863,NA,1783022684,2026-07-02T20:05:32Z,2026-07-02T20:05:32Z,2026-07-02T20:05:32Z,2.2,https://data.lime.bike/api/partners/v2/gbfs/vancouver_bc/gbfs.json,https://data.lime.bike/api/partners/v2/gbfs/vancouver_bc/free_bike_status,2026-07-02T20:05:31Z,2026-07-02T20:05:31Z
lime_vancouver,lime_vancouver_7ad173d7-977d-4db4-bf36-1d54b7495d98,7ad173d7-977d-4db4-bf36-1d54b7495d98,49.281668,-123.074146,2,FALSE,FALSE,44354,NA,1783022684,2026-07-02T20:05:32Z,2026-07-02T20:05:32Z,2026-07-02T20:05:32Z,2.2,https://data.lime.bike/api/partners/v2/gbfs/vancouver_bc/gbfs.json,https://data.lime.bike/api/partners/v2/gbfs/vancouver_bc/free_bike_status,2026-07-02T20:05:31Z,2026-07-02T20:05:31Z
lime_vancouver,lime_vancouver_293dca5b-7e24-4cd8-b5c6-3ff249a3f1eb,293dca5b-7e24-4cd8-b5c6-3ff249a3f1eb,49.283705,-123.112654,2,FALSE,FALSE,35116,NA,1783022684,2026-07-02T20:05:32Z,2026-07-02T20:05:32Z,2026-07-02T20:05:32Z,2.2,https://data.lime.bike/api/partners/v2/gbfs/vancouver_bc/gbfs.json,https://data.lime.bike/api/partners/v2/gbfs/vancouver_bc/free_bike_status,2026-07-02T20:05:31Z,2026-07-02T20:05:31Z
lime_vancouver,lime_vancouver_7705a597-6e86-4256-b1c6-1937efe15681,7705a597-6e86-4256-b1c6-1937efe15681,49.283114,-123.115582,2,FALSE,FALSE,45367,NA,1783022684,2026-07-02T20:05:32Z,2026-07-02T20:05:32Z,2026-07-02T20:05:32Z,2.2,https://data.lime.bike/api/partners/v2/gbfs/vancouver_bc/gbfs.json,https://data.lime.bike/api/partners/v2/gbfs/vancouver_bc/free_bike_status,2026-07-02T20:05:31Z,2026-07-02T20:05:31Z
lime_vancouver,lime_vancouver_13eab45b-69a6-48f0-b396-63586c563487,13eab45b-69a6-48f0-b396-63586c563487,49.290683,-123.133765,2,FALSE,FALSE,37691,NA,1783022684,2026-07-02T20:05:32Z,2026-07-02T20:05:32Z,2026-07-02T20:05:32Z,2.2,https://data.lime.bike/api/partners/v2/gbfs/vancouver_bc/gbfs.json,https://data.lime.bike/api/partners/v2/gbfs/vancouver_bc/free_bike_status,2026-07-02T20:05:31Z,2026-07-02T20:05:31Z
lime_vancouver,lime_vancouver_640b1a6c-32c7-48e9-b69e-fee0e8f25c5e,640b1a6c-32c7-48e9-b69e-fee0e8f25c5e,49.283742,-123.110649,2,FALSE,FALSE,4957,NA,1783022684,2026-07-02T20:05:32Z,2026-07-02T20:05:32Z,2026-07-02T20:05:32Z,2.2,https://data.lime.bike/api/partners/v2/gbfs/vancouver_bc/gbfs.json,https://data.lime.bike/api/partners/v2/gbfs/vancouver_bc/free_bike_status,2026-07-02T20:05:31Z,2026-07-02T20:05:31Z
lime_vancouver,lime_vancouver_6a3e8070-f19b-45fa-8c59-2bb54a7b3083,6a3e8070-f19b-45fa-8c59-2bb54a7b3083,49.235864,-123.055182,2,FALSE,FALSE,27085,NA,1783022684,2026-07-02T20:05:32Z,2026-07-02T20:05:32Z,2026-07-02T20:05:32Z,2.2,https://data.lime.bike/api/partners/v2/gbfs/vancouver_bc/gbfs.json,https://data.lime.bike/api/partners/v2/gbfs/vancouver_bc/free_bike_status,2026-07-02T20:05:31Z,2026-07-02T20:05:31Z
lime_vancouver,lime_vancouver_ac8dc243-4d6c-4330-9596-0724a438c639,ac8dc243-4d6c-4330-9596-0724a438c639,49.273047,-123.069413,2,FALSE,FALSE,14597,NA,1783022684,2026-07-02T20:05:32Z,2026-07-02T20:05:32Z,2026-07-02T20:05:32Z,2.2,https://data.lime.bike/api/partners/v2/gbfs/vancouver_bc/gbfs.json,https://data.lime.bike/api/partners/v2/gbfs/vancouver_bc/free_bike_status,2026-07-02T20:05:31Z,2026-07-02T20:05:31Z
lime_vancouver,lime_vancouver_566da899-037a-48fc-9169-af5fdaeaa2fc,566da899-037a-48fc-9169-af5fdaeaa2fc,49.283045,-123.120905,2,FALSE,FALSE,3637,NA,1783022684,2026-07-02T20:05:32Z,2026-07-02T20:05:32Z,2026-07-02T20:05:32Z,2.2,https://data.lime.bike/api/partners/v2/gbfs/vancouver_bc/gbfs.json,https://data.lime.bike/api/partners/v2/gbfs/vancouver_bc/free_bike_status,2026-07-02T20:05:31Z,2026-07-02T20:05:31Z
lime_vancouver,lime_vancouver_1a032e2b-0401-4a96-a727-797dc5329000,1a032e2b-0401-4a96-a727-797dc5329000,49.244826,-123.052129,2,FALSE,FALSE,31575,NA,1783022684,2026-07-02T20:05:32Z,2026-07-02T20:05:32Z,2026-07-02T20:05:32Z,2.2,https://data.lime.bike/api/partners/v2/gbfs/vancouver_bc/gbfs.json,https://data.lime.bike/api/partners/v2/gbfs/vancouver_bc/free_bike_status,2026-07-02T20:05:31Z,2026-07-02T20:05:31Z
lime_vancouver,lime_vancouver_c90a6546-69a4-47f2-904e-e8ae3352d75f,c90a6546-69a4-47f2-904e-e8ae3352d75f,49.227576,-123.066061,2,FALSE,FALSE,4522,NA,1783022684,2026-07-02T20:05:32Z,2026-07-02T20:05:32Z,2026-07-02T20:05:32Z,2.2,https://data.lime.bike/api/partners/v2/gbfs/vancouver_bc/gbfs.json,https://data.lime.bike/api/partners/v2/gbfs/vancouver_bc/free_bike_status,2026-07-02T20:05:31Z,2026-07-02T20:05:31Z
lime_vancouver,lime_vancouver_c7b54b4b-aabc-4026-b769-b55f60176b71,c7b54b4b-aabc-4026-b769-b55f60176b71,49.281674,-123.123626,2,FALSE,FALSE,6293,NA,1783022684,2026-07-02T20:05:32Z,2026-07-02T20:05:32Z,2026-07-02T20:05:32Z,2.2,https://data.lime.bike/api/partners/v2/gbfs/vancouver_bc/gbfs.json,https://data.lime.bike/api/partners/v2/gbfs/vancouver_bc/free_bike_status,2026-07-02T20:05:31Z,2026-07-02T20:05:31Z
lime_vancouver,lime_vancouver_f24a2eb9-3b1a-4f5a-986c-a0d476f2f456,f24a2eb9-3b1a-4f5a-986c-a0d476f2f456,49.271168,-123.135502,2,FALSE,FALSE,23175,NA,1783022684,2026-07-02T20:05:32Z,2026-07-02T20:05:32Z,2026-07-02T20:05:32Z,2.2,https://data.lime.bike/api/partners/v2/gbfs/vancouver_bc/gbfs.json,https://data.lime.bike/api/partners/v2/gbfs/vancouver_bc/free_bike_status,2026-07-02T20:05:31Z,2026-07-02T20:05:31Z
lime_vancouver,lime_vancouver_0a2d1796-dfb9-434c-b74f-e68530854cc8,0a2d1796-dfb9-434c-b74f-e68530854cc8,49.264665,-123.148396,2,FALSE,FALSE,13197,NA,1783022684,2026-07-02T20:05:32Z,2026-07-02T20:05:32Z,2026-07-02T20:05:32Z,2.2,https://data.lime.bike/api/partners/v2/gbfs/vancouver_bc/gbfs.json,https://data.lime.bike/api/partners/v2/gbfs/vancouver_bc/free_bike_status,2026-07-02T20:05:31Z,2026-07-02T20:05:31Z
lime_vancouver,lime_vancouver_d6f4eec7-78b1-4b01-9d23-edaa203a162c,d6f4eec7-78b1-4b01-9d23-edaa203a162c,49.286728,-123.122587,2,FALSE,FALSE,41827,NA,1783022684,2026-07-02T20:05:32Z,2026-07-02T20:05:32Z,2026-07-02T20:05:32Z,2.2,https://data.lime.bike/api/partners/v2/gbfs/vancouver_bc/gbfs.json,https://data.lime.bike/api/partners/v2/gbfs/vancouver_bc/free_bike_status,2026-07-02T20:05:31Z,2026-07-02T20:05:31Z
lime_vancouver,lime_vancouver_75a8e1e7-ce1f-48ec-9893-e4799eb9ed69,75a8e1e7-ce1f-48ec-9893-e4799eb9ed69,49.274077,-123.028665,2,FALSE,FALSE,4522,NA,1783022684,2026-07-02T20:05:32Z,2026-07-02T20:05:32Z,2026-07-02T20:05:32Z,2.2,https://data.lime.bike/api/partners/v2/gbfs/vancouver_bc/gbfs.json,https://data.lime.bike/api/partners/v2/gbfs/vancouver_bc/free_bike_status,2026-07-02T20:05:31Z,2026-07-02T20:05:31Z
lime_vancouver,lime_vancouver_7d6d0353-ca3e-47e2-9896-c9c10d1b01e4,7d6d0353-ca3e-47e2-9896-c9c10d1b01e4,49.283104,-123.068514,2,FALSE,FALSE,28083,NA,1783022684,2026-07-02T20:05:32Z,2026-07-02T20:05:32Z,2026-07-02T20:05:32Z,2.2,https://data.lime.bike/api/partners/v2/gbfs/vancouver_bc/gbfs.json,https://data.lime.bike/api/partners/v2/gbfs/vancouver_bc/free_bike_status,2026-07-02T20:05:31Z,2026-07-02T20:05:31Z
lime_vancouver,lime_vancouver_481086d6-1885-498a-8dac-96ca24d66b80,481086d6-1885-498a-8dac-96ca24d66b80,49.280879,-123.025629,2,FALSE,FALSE,3203,NA,1783022684,2026-07-02T20:05:32Z,2026-07-02T20:05:32Z,2026-07-02T20:05:32Z,2.2,https://data.lime.bike/api/partners/v2/gbfs/vancouver_bc/gbfs.json,https://data.lime.bike/api/partners/v2/gbfs/vancouver_bc/free_bike_status,2026-07-02T20:05:31Z,2026-07-02T20:05:31Z
lime_vancouver,lime_vancouver_c7b9f011-1447-4bb6-a471-332cdba99f9b,c7b9f011-1447-4bb6-a471-332cdba99f9b,49.265892,-123.041489,2,FALSE,FALSE,7660,NA,1783022684,2026-07-02T20:05:32Z,2026-07-02T20:05:32Z,2026-07-02T20:05:32Z,2.2,https://data.lime.bike/api/partners/v2/gbfs/vancouver_bc/gbfs.json,https://data.lime.bike/api/partners/v2/gbfs/vancouver_bc/free_bike_status,2026-07-02T20:05:31Z,2026-07-02T20:05:31Z
lime_vancouver,lime_vancouver_a99646f9-a99d-4b83-9569-8572a0d66010,a99646f9-a99d-4b83-9569-8572a0d66010,49.279293,-123.046825,2,FALSE,FALSE,16480,NA,1783022684,2026-07-02T20:05:32Z,2026-07-02T20:05:32Z,2026-07-02T20:05:32Z,2.2,https://data.lime.bike/api/partners/v2/gbfs/vancouver_bc/gbfs.json,https://data.lime.bike/api/partners/v2/gbfs/vancouver_bc/free_bike_status,2026-07-02T20:05:31Z,2026-07-02T20:05:31Z
lime_vancouver,lime_vancouver_3907b6fc-6143-4e56-8865-607362e78e61,3907b6fc-6143-4e56-8865-607362e78e61,49.259266,-123.045369,2,FALSE,FALSE,37691,NA,1783022684,2026-07-02T20:05:32Z,2026-07-02T20:05:32Z,2026-07-02T20:05:32Z,2.2,https://data.lime.bike/api/partners/v2/gbfs/vancouver_bc/gbfs.json,https://data.lime.bike/api/partners/v2/gbfs/vancouver_bc/free_bike_status,2026-07-02T20:05:31Z,2026-07-02T20:05:31Z
lime_vancouver,lime_vancouver_a73fa779-d930-4df4-aa60-8e4f41482c0a,a73fa779-d930-4df4-aa60-8e4f41482c0a,49.231065,-123.032506,2,FALSE,FALSE,17429,NA,1783022684,2026-07-02T20:05:32Z,2026-07-02T20:05:32Z,2026-07-02T20:05:32Z,2.2,https://data.lime.bike/api/partners/v2/gbfs/vancouver_bc/gbfs.json,https://data.lime.bike/api/partners/v2/gbfs/vancouver_bc/free_bike_status,2026-07-02T20:05:31Z,2026-07-02T20:05:31Z
lime_vancouver,lime_vancouver_ebdd60a8-7888-4bab-98f1-011785d1d1d5,ebdd60a8-7888-4bab-98f1-011785d1d1d5,49.267552,-123.036178,2,FALSE,FALSE,22209,NA,1783022684,2026-07-02T20:05:32Z,2026-07-02T20:05:32Z,2026-07-02T20:05:32Z,2.2,https://data.lime.bike/api/partners/v2/gbfs/vancouver_bc/gbfs.json,https://data.lime.bike/api/partners/v2/gbfs/vancouver_bc/free_bike_status,2026-07-02T20:05:31Z,2026-07-02T20:05:31Z
lime_vancouver,lime_vancouver_808b4663-2bd9-4f7c-a519-9c04339a1caa,808b4663-2bd9-4f7c-a519-9c04339a1caa,49.26216,-123.096037,2,FALSE,FALSE,14597,NA,1783022684,2026-07-02T20:05:32Z,2026-07-02T20:05:32Z,2026-07-02T20:05:32Z,2.2,https://data.lime.bike/api/partners/v2/gbfs/vancouver_bc/gbfs.json,https://data.lime.bike/api/partners/v2/gbfs/vancouver_bc/free_bike_status,2026-07-02T20:05:31Z,2026-07-02T20:05:31Z
lime_vancouver,lime_vancouver_8a1c3c68-69a8-41b9-8987-59506687cb37,8a1c3c68-69a8-41b9-8987-59506687cb37,49.269651,-123.132003,2,FALSE,FALSE,37691,NA,1783022684,2026-07-02T20:05:32Z,2026-07-02T20:05:32Z,2026-07-02T20:05:32Z,2.2,https://data.lime.bike/api/partners/v2/gbfs/vancouver_bc/gbfs.json,https://data.lime.bike/api/partners/v2/gbfs/vancouver_bc/free_bike_status,2026-07-02T20:05:31Z,2026-07-02T20:05:31Z
lime_vancouver,lime_vancouver_9b7abd82-67cd-4c5a-aa3e-2af31e0ebf67,9b7abd82-67cd-4c5a-aa3e-2af31e0ebf67,49.2638,-123.070085,2,FALSE,FALSE,4957,NA,1783022684,2026-07-02T20:05:32Z,2026-07-02T20:05:32Z,2026-07-02T20:05:32Z,2.2,https://data.lime.bike/api/partners/v2/gbfs/vancouver_bc/gbfs.json,https://data.lime.bike/api/partners/v2/gbfs/vancouver_bc/free_bike_status,2026-07-02T20:05:31Z,2026-07-02T20:05:31Z
lime_vancouver,lime_vancouver_06ee72fe-33e1-420c-93f5-4c98faedf230,06ee72fe-33e1-420c-93f5-4c98faedf230,49.285152,-123.095254,2,FALSE,FALSE,10412,NA,1783022684,2026-07-02T20:05:32Z,2026-07-02T20:05:32Z,2026-07-02T20:05:32Z,2.2,https://data.lime.bike/api/partners/v2/gbfs/vancouver_bc/gbfs.json,https://data.lime.bike/api/partners/v2/gbfs/vancouver_bc/free_bike_status,2026-07-02T20:05:31Z,2026-07-02T20:05:31Z
lime_vancouver,lime_vancouver_a29efc70-acdb-4f58-8ee0-5fd551261b09,a29efc70-acdb-4f58-8ee0-5fd551261b09,49.288558,-123.119856,2,FALSE,FALSE,23175,NA,1783022684,2026-07-02T20:05:32Z,2026-07-02T20:05:32Z,2026-07-02T20:05:32Z,2.2,https://data.lime.bike/api/partners/v2/gbfs/vancouver_bc/gbfs.json,https://data.lime.bike/api/partners/v2/gbfs/vancouver_bc/free_bike_status,2026-07-02T20:05:31Z,2026-07-02T20:05:31Z
lime_vancouver,lime_vancouver_c132eca2-da07-4781-b26c-12c980028cda,c132eca2-da07-4781-b26c-12c980028cda,49.244529,-123.075911,2,FALSE,FALSE,5407,NA,1783022684,2026-07-02T20:05:32Z,2026-07-02T20:05:32Z,2026-07-02T20:05:32Z,2.2,https://data.lime.bike/api/partners/v2/gbfs/vancouver_bc/gbfs.json,https://data.lime.bike/api/partners/v2/gbfs/vancouver_bc/free_bike_status,2026-07-02T20:05:31Z,2026-07-02T20:05:31Z
lime_vancouver,lime_vancouver_d98593da-c809-4a4d-aa54-074713f42522,d98593da-c809-4a4d-aa54-074713f42522,49.280939,-123.089499,2,FALSE,FALSE,23657,NA,1783022684,2026-07-02T20:05:32Z,2026-07-02T20:05:32Z,2026-07-02T20:05:32Z,2.2,https://data.lime.bike/api/partners/v2/gbfs/vancouver_bc/gbfs.json,https://data.lime.bike/api/partners/v2/gbfs/vancouver_bc/free_bike_status,2026-07-02T20:05:31Z,2026-07-02T20:05:31Z
lime_vancouver,lime_vancouver_89a4fb8a-39ea-4264-89e4-a0f1b69afcef,89a4fb8a-39ea-4264-89e4-a0f1b69afcef,49.236893,-123.074408,2,FALSE,FALSE,37691,NA,1783022684,2026-07-02T20:05:32Z,2026-07-02T20:05:32Z,2026-07-02T20:05:32Z,2.2,https://data.lime.bike/api/partners/v2/gbfs/vancouver_bc/gbfs.json,https://data.lime.bike/api/partners/v2/gbfs/vancouver_bc/free_bike_status,2026-07-02T20:05:31Z,2026-07-02T20:05:31Z
lime_vancouver,lime_vancouver_ad0af49e-2e8d-4532-810d-3c6c4e9b9a51,ad0af49e-2e8d-4532-810d-3c6c4e9b9a51,49.28018,-123.131628,2,FALSE,FALSE,35116,NA,1783022684,2026-07-02T20:05:32Z,2026-07-02T20:05:32Z,2026-07-02T20:05:32Z,2.2,https://data.lime.bike/api/partners/v2/gbfs/vancouver_bc/gbfs.json,https://data.lime.bike/api/partners/v2/gbfs/vancouver_bc/free_bike_status,2026-07-02T20:05:31Z,2026-07-02T20:05:31Z
lime_vancouver,lime_vancouver_e77e7af3-c9a8-4602-9e15-363e936f7494,e77e7af3-c9a8-4602-9e15-363e936f7494,49.235207,-123.037597,2,FALSE,FALSE,18379,NA,1783022684,2026-07-02T20:05:32Z,2026-07-02T20:05:32Z,2026-07-02T20:05:32Z,2.2,https://data.lime.bike/api/partners/v2/gbfs/vancouver_bc/gbfs.json,https://data.lime.bike/api/partners/v2/gbfs/vancouver_bc/free_bike_status,2026-07-02T20:05:31Z,2026-07-02T20:05:31Z
lime_vancouver,lime_vancouver_85b6bdf4-4171-4b33-b52b-44bcfb989b61,85b6bdf4-4171-4b33-b52b-44bcfb989b61,49.236883,-123.074477,2,FALSE,FALSE,18379,NA,1783022684,2026-07-02T20:05:32Z,2026-07-02T20:05:32Z,2026-07-02T20:05:32Z,2.2,https://data.lime.bike/api/partners/v2/gbfs/vancouver_bc/gbfs.json,https://data.lime.bike/api/partners/v2/gbfs/vancouver_bc/free_bike_status,2026-07-02T20:05:31Z,2026-07-02T20:05:31Z
lime_vancouver,lime_vancouver_4822125e-be54-47c0-a41a-cc00876f3413,4822125e-be54-47c0-a41a-cc00876f3413,49.28785,-123.141916,2,FALSE,FALSE,31575,NA,1783022684,2026-07-02T20:05:32Z,2026-07-02T20:05:32Z,2026-07-02T20:05:32Z,2.2,https://data.lime.bike/api/partners/v2/gbfs/vancouver_bc/gbfs.json,https://data.lime.bike/api/partners/v2/gbfs/vancouver_bc/free_bike_status,2026-07-02T20:05:31Z,2026-07-02T20:05:31Z
lime_vancouver,lime_vancouver_75fae1f4-34d6-4cca-a7e1-c468c03371e6,75fae1f4-34d6-4cca-a7e1-c468c03371e6,49.267522,-123.036257,2,FALSE,FALSE,5407,NA,1783022684,2026-07-02T20:05:32Z,2026-07-02T20:05:32Z,2026-07-02T20:05:32Z,2.2,https://data.lime.bike/api/partners/v2/gbfs/vancouver_bc/gbfs.json,https://data.lime.bike/api/partners/v2/gbfs/vancouver_bc/free_bike_status,2026-07-02T20:05:31Z,2026-07-02T20:05:31Z
lime_vancouver,lime_vancouver_39228b83-93da-42f9-b1f7-2128432813e2,39228b83-93da-42f9-b1f7-2128432813e2,49.281429,-123.057908,2,FALSE,FALSE,3637,NA,1783022684,2026-07-02T20:05:32Z,2026-07-02T20:05:32Z,2026-07-02T20:05:32Z,2.2,https://data.lime.bike/api/partners/v2/gbfs/vancouver_bc/gbfs.json,https://data.lime.bike/api/partners/v2/gbfs/vancouver_bc/free_bike_status,2026-07-02T20:05:31Z,2026-07-02T20:05:31Z
lime_vancouver,lime_vancouver_6de51046-663a-4aba-b700-46d6e570131b,6de51046-663a-4aba-b700-46d6e570131b,49.285647,-123.130828,2,FALSE,FALSE,34102,NA,1783022684,2026-07-02T20:05:32Z,2026-07-02T20:05:32Z,2026-07-02T20:05:32Z,2.2,https://data.lime.bike/api/partners/v2/gbfs/vancouver_bc/gbfs.json,https://data.lime.bike/api/partners/v2/gbfs/vancouver_bc/free_bike_status,2026-07-02T20:05:31Z,2026-07-02T20:05:31Z
lime_vancouver,lime_vancouver_7ba2703c-0ce9-41b6-893b-c425dec03074,7ba2703c-0ce9-41b6-893b-c425dec03074,49.264993,-123.11723,2,FALSE,FALSE,39252,NA,1783022684,2026-07-02T20:05:32Z,2026-07-02T20:05:32Z,2026-07-02T20:05:32Z,2.2,https://data.lime.bike/api/partners/v2/gbfs/vancouver_bc/gbfs.json,https://data.lime.bike/api/partners/v2/gbfs/vancouver_bc/free_bike_status,2026-07-02T20:05:31Z,2026-07-02T20:05:31Z
lime_vancouver,lime_vancouver_0a4f62ab-8fe4-4b7f-ae73-e0e5593dcfb0,0a4f62ab-8fe4-4b7f-ae73-e0e5593dcfb0,49.288549,-123.119828,2,FALSE,FALSE,33603,NA,1783022684,2026-07-02T20:05:32Z,2026-07-02T20:05:32Z,2026-07-02T20:05:32Z,2.2,https://data.lime.bike/api/partners/v2/gbfs/vancouver_bc/gbfs.json,https://data.lime.bike/api/partners/v2/gbfs/vancouver_bc/free_bike_status,2026-07-02T20:05:31Z,2026-07-02T20:05:31Z
lime_vancouver,lime_vancouver_358d2923-001b-42a9-94eb-7867a2d9ab6f,358d2923-001b-42a9-94eb-7867a2d9ab6f,49.230427,-123.065338,2,FALSE,FALSE,6293,NA,1783022684,2026-07-02T20:05:32Z,2026-07-02T20:05:32Z,2026-07-02T20:05:32Z,2.2,https://data.lime.bike/api/partners/v2/gbfs/vancouver_bc/gbfs.json,https://data.lime.bike/api/partners/v2/gbfs/vancouver_bc/free_bike_status,2026-07-02T20:05:31Z,2026-07-02T20:05:31Z
lime_vancouver,lime_vancouver_72b65892-8f4f-4e19-b86d-768fbe58d340,72b65892-8f4f-4e19-b86d-768fbe58d340,49.238577,-123.051719,2,FALSE,FALSE,10863,NA,1783022684,2026-07-02T20:05:32Z,2026-07-02T20:05:32Z,2026-07-02T20:05:32Z,2.2,https://data.lime.bike/api/partners/v2/gbfs/vancouver_bc/gbfs.json,https://data.lime.bike/api/partners/v2/gbfs/vancouver_bc/free_bike_status,2026-07-02T20:05:31Z,2026-07-02T20:05:31Z
lime_vancouver,lime_vancouver_99b462ab-82a8-4e93-8cac-5ce6534a4298,99b462ab-82a8-4e93-8cac-5ce6534a4298,49.280613,-123.131975,2,FALSE,FALSE,4957,NA,1783022684,2026-07-02T20:05:32Z,2026-07-02T20:05:32Z,2026-07-02T20:05:32Z,2.2,https://data.lime.bike/api/partners/v2/gbfs/vancouver_bc/gbfs.json,https://data.lime.bike/api/partners/v2/gbfs/vancouver_bc/free_bike_status,2026-07-02T20:05:31Z,2026-07-02T20:05:31Z
lime_vancouver,lime_vancouver_925d6abc-d23d-485f-b634-45be0762cc85,925d6abc-d23d-485f-b634-45be0762cc85,49.268466,-123.159798,2,FALSE,FALSE,12730,NA,1783022684,2026-07-02T20:05:32Z,2026-07-02T20:05:32Z,2026-07-02T20:05:32Z,2.2,https://data.lime.bike/api/partners/v2/gbfs/vancouver_bc/gbfs.json,https://data.lime.bike/api/partners/v2/gbfs/vancouver_bc/free_bike_status,2026-07-02T20:05:31Z,2026-07-02T20:05:31Z
lime_vancouver,lime_vancouver_b0c99a81-bf41-4c62-bb60-d6f317eabef9,b0c99a81-bf41-4c62-bb60-d6f317eabef9,49.244785,-123.075411,2,FALSE,FALSE,2784,NA,1783022684,2026-07-02T20:05:32Z,2026-07-02T20:05:32Z,2026-07-02T20:05:32Z,2.2,https://data.lime.bike/api/partners/v2/gbfs/vancouver_bc/gbfs.json,https://data.lime.bike/api/partners/v2/gbfs/vancouver_bc/free_bike_status,2026-07-02T20:05:31Z,2026-07-02T20:05:31Z
lime_vancouver,lime_vancouver_db62049c-32bd-4624-83a8-63707287f9d0,db62049c-32bd-4624-83a8-63707287f9d0,49.288564,-123.119873,2,FALSE,FALSE,18379,NA,1783022684,2026-07-02T20:05:32Z,2026-07-02T20:05:32Z,2026-07-02T20:05:32Z,2.2,https://data.lime.bike/api/partners/v2/gbfs/vancouver_bc/gbfs.json,https://data.lime.bike/api/partners/v2/gbfs/vancouver_bc/free_bike_status,2026-07-02T20:05:31Z,2026-07-02T20:05:31Z
lime_vancouver,lime_vancouver_278cea6f-6d03-4006-8994-a7ec812a89bf,278cea6f-6d03-4006-8994-a7ec812a89bf,49.277262,-123.079656,2,FALSE,FALSE,15063,NA,1783022684,2026-07-02T20:05:32Z,2026-07-02T20:05:32Z,2026-07-02T20:05:32Z,2.2,https://data.lime.bike/api/partners/v2/gbfs/vancouver_bc/gbfs.json,https://data.lime.bike/api/partners/v2/gbfs/vancouver_bc/free_bike_status,2026-07-02T20:05:31Z,2026-07-02T20:05:31Z
lime_vancouver,lime_vancouver_e6d3bf67-f791-44d3-8044-6b98d043797f,e6d3bf67-f791-44d3-8044-6b98d043797f,49.240745,-123.038024,2,FALSE,FALSE,17896,NA,1783022684,2026-07-02T20:05:32Z,2026-07-02T20:05:32Z,2026-07-02T20:05:32Z,2.2,https://data.lime.bike/api/partners/v2/gbfs/vancouver_bc/gbfs.json,https://data.lime.bike/api/partners/v2/gbfs/vancouver_bc/free_bike_status,2026-07-02T20:05:31Z,2026-07-02T20:05:31Z
lime_vancouver,lime_vancouver_0f07ff34-fd3a-4480-bb31-e9399892504c,0f07ff34-fd3a-4480-bb31-e9399892504c,49.264953,-123.164835,2,FALSE,FALSE,23175,NA,1783022684,2026-07-02T20:05:32Z,2026-07-02T20:05:32Z,2026-07-02T20:05:32Z,2.2,https://data.lime.bike/api/partners/v2/gbfs/vancouver_bc/gbfs.json,https://data.lime.bike/api/partners/v2/gbfs/vancouver_bc/free_bike_status,2026-07-02T20:05:31Z,2026-07-02T20:05:31Z
lime_vancouver,lime_vancouver_45ab83cb-d162-4e46-9bd1-5bb67ff0f8bc,45ab83cb-d162-4e46-9bd1-5bb67ff0f8bc,49.229312,-123.030223,2,FALSE,FALSE,20278,NA,1783022684,2026-07-02T20:05:32Z,2026-07-02T20:05:32Z,2026-07-02T20:05:32Z,2.2,https://data.lime.bike/api/partners/v2/gbfs/vancouver_bc/gbfs.json,https://data.lime.bike/api/partners/v2/gbfs/vancouver_bc/free_bike_status,2026-07-02T20:05:31Z,2026-07-02T20:05:31Z
lime_vancouver,lime_vancouver_dcfce119-3a64-4b9a-99b5-17637cff6ecb,dcfce119-3a64-4b9a-99b5-17637cff6ecb,49.26996,-123.135252,2,FALSE,FALSE,34102,NA,1783022684,2026-07-02T20:05:32Z,2026-07-02T20:05:32Z,2026-07-02T20:05:32Z,2.2,https://data.lime.bike/api/partners/v2/gbfs/vancouver_bc/gbfs.json,https://data.lime.bike/api/partners/v2/gbfs/vancouver_bc/free_bike_status,2026-07-02T20:05:31Z,2026-07-02T20:05:31Z
lime_vancouver,lime_vancouver_320cf5d9-fbee-453b-bc6d-613d460eac62,320cf5d9-fbee-453b-bc6d-613d460eac62,49.28886,-123.119718,2,FALSE,FALSE,8562,NA,1783022684,2026-07-02T20:05:32Z,2026-07-02T20:05:32Z,2026-07-02T20:05:32Z,2.2,https://data.lime.bike/api/partners/v2/gbfs/vancouver_bc/gbfs.json,https://data.lime.bike/api/partners/v2/gbfs/vancouver_bc/free_bike_status,2026-07-02T20:05:31Z,2026-07-02T20:05:31Z
lime_vancouver,lime_vancouver_74b77f31-3a9f-4cc0-abf1-e1ee406d1d63,74b77f31-3a9f-4cc0-abf1-e1ee406d1d63,49.266211,-123.101613,2,FALSE,FALSE,37176,NA,1783022684,2026-07-02T20:05:32Z,2026-07-02T20:05:32Z,2026-07-02T20:05:32Z,2.2,https://data.lime.bike/api/partners/v2/gbfs/vancouver_bc/gbfs.json,https://data.lime.bike/api/partners/v2/gbfs/vancouver_bc/free_bike_status,2026-07-02T20:05:31Z,2026-07-02T20:05:31Z
lime_vancouver,lime_vancouver_5ca9fc90-377e-4f39-82d3-a3790d73ddb5,5ca9fc90-377e-4f39-82d3-a3790d73ddb5,49.259273,-123.045294,2,FALSE,FALSE,25605,NA,1783022684,2026-07-02T20:05:32Z,2026-07-02T20:05:32Z,2026-07-02T20:05:32Z,2.2,https://data.lime.bike/api/partners/v2/gbfs/vancouver_bc/gbfs.json,https://data.lime.bike/api/partners/v2/gbfs/vancouver_bc/free_bike_status,2026-07-02T20:05:31Z,2026-07-02T20:05:31Z
lime_vancouver,lime_vancouver_751dd5d9-b22c-4af4-a91a-62ab4c8f025f,751dd5d9-b22c-4af4-a91a-62ab4c8f025f,49.274304,-123.125202,2,FALSE,FALSE,4522,NA,1783022684,2026-07-02T20:05:32Z,2026-07-02T20:05:32Z,2026-07-02T20:05:32Z,2.2,https://data.lime.bike/api/partners/v2/gbfs/vancouver_bc/gbfs.json,https://data.lime.bike/api/partners/v2/gbfs/vancouver_bc/free_bike_status,2026-07-02T20:05:31Z,2026-07-02T20:05:31Z
lime_vancouver,lime_vancouver_a6196a42-381b-4fca-8eb2-d6e541cd50c9,a6196a42-381b-4fca-8eb2-d6e541cd50c9,49.27409,-123.028697,2,FALSE,FALSE,43855,NA,1783022684,2026-07-02T20:05:32Z,2026-07-02T20:05:32Z,2026-07-02T20:05:32Z,2.2,https://data.lime.bike/api/partners/v2/gbfs/vancouver_bc/gbfs.json,https://data.lime.bike/api/partners/v2/gbfs/vancouver_bc/free_bike_status,2026-07-02T20:05:31Z,2026-07-02T20:05:31Z
lime_vancouver,lime_vancouver_683f83f9-829a-413c-ac58-159645a0fa49,683f83f9-829a-413c-ac58-159645a0fa49,49.283549,-123.112689,2,FALSE,FALSE,6743,NA,1783022684,2026-07-02T20:05:32Z,2026-07-02T20:05:32Z,2026-07-02T20:05:32Z,2.2,https://data.lime.bike/api/partners/v2/gbfs/vancouver_bc/gbfs.json,https://data.lime.bike/api/partners/v2/gbfs/vancouver_bc/free_bike_status,2026-07-02T20:05:31Z,2026-07-02T20:05:31Z
lime_vancouver,lime_vancouver_704f6039-cce7-419f-8c72-5aef781697e4,704f6039-cce7-419f-8c72-5aef781697e4,49.26401,-123.104896,2,FALSE,FALSE,24140,NA,1783022684,2026-07-02T20:05:32Z,2026-07-02T20:05:32Z,2026-07-02T20:05:32Z,2.2,https://data.lime.bike/api/partners/v2/gbfs/vancouver_bc/gbfs.json,https://data.lime.bike/api/partners/v2/gbfs/vancouver_bc/free_bike_status,2026-07-02T20:05:31Z,2026-07-02T20:05:31Z
lime_vancouver,lime_vancouver_49205af2-e1cb-43d1-913d-f4408a15477f,49205af2-e1cb-43d1-913d-f4408a15477f,49.237474,-123.036173,2,FALSE,FALSE,17896,NA,1783022684,2026-07-02T20:05:32Z,2026-07-02T20:05:32Z,2026-07-02T20:05:32Z,2.2,https://data.lime.bike/api/partners/v2/gbfs/vancouver_bc/gbfs.json,https://data.lime.bike/api/partners/v2/gbfs/vancouver_bc/free_bike_status,2026-07-02T20:05:31Z,2026-07-02T20:05:31Z
lime_vancouver,lime_vancouver_0f25fd0b-8bd1-4102-8bb0-80bcdb898924,0f25fd0b-8bd1-4102-8bb0-80bcdb898924,49.286771,-123.029649,2,FALSE,FALSE,16946,NA,1783022684,2026-07-02T20:05:32Z,2026-07-02T20:05:32Z,2026-07-02T20:05:32Z,2.2,https://data.lime.bike/api/partners/v2/gbfs/vancouver_bc/gbfs.json,https://data.lime.bike/api/partners/v2/gbfs/vancouver_bc/free_bike_status,2026-07-02T20:05:31Z,2026-07-02T20:05:31Z
lime_vancouver,lime_vancouver_a21900cb-48c5-41d0-957f-f8debdbca6ce,a21900cb-48c5-41d0-957f-f8debdbca6ce,49.283118,-123.115705,2,FALSE,FALSE,24140,NA,1783022684,2026-07-02T20:05:32Z,2026-07-02T20:05:32Z,2026-07-02T20:05:32Z,2.2,https://data.lime.bike/api/partners/v2/gbfs/vancouver_bc/gbfs.json,https://data.lime.bike/api/partners/v2/gbfs/vancouver_bc/free_bike_status,2026-07-02T20:05:31Z,2026-07-02T20:05:31Z
lime_vancouver,lime_vancouver_7dcbfce9-284f-41f3-bd00-c01a86a6b76a,7dcbfce9-284f-41f3-bd00-c01a86a6b76a,49.280886,-123.112151,2,FALSE,FALSE,10863,NA,1783022684,2026-07-02T20:05:32Z,2026-07-02T20:05:32Z,2026-07-02T20:05:32Z,2.2,https://data.lime.bike/api/partners/v2/gbfs/vancouver_bc/gbfs.json,https://data.lime.bike/api/partners/v2/gbfs/vancouver_bc/free_bike_status,2026-07-02T20:05:31Z,2026-07-02T20:05:31Z
lime_vancouver,lime_vancouver_f3ff8d2a-00ea-4a63-ac31-d0ffa2b42ab6,f3ff8d2a-00ea-4a63-ac31-d0ffa2b42ab6,49.290576,-123.044183,2,FALSE,FALSE,16946,NA,1783022684,2026-07-02T20:05:32Z,2026-07-02T20:05:32Z,2026-07-02T20:05:32Z,2.2,https://data.lime.bike/api/partners/v2/gbfs/vancouver_bc/gbfs.json,https://data.lime.bike/api/partners/v2/gbfs/vancouver_bc/free_bike_status,2026-07-02T20:05:31Z,2026-07-02T20:05:31Z
lime_vancouver,lime_vancouver_2be06725-668f-465c-a94f-c35ee1ef3440,2be06725-668f-465c-a94f-c35ee1ef3440,49.263895,-123.034112,2,FALSE,FALSE,9946,NA,1783022684,2026-07-02T20:05:32Z,2026-07-02T20:05:32Z,2026-07-02T20:05:32Z,2.2,https://data.lime.bike/api/partners/v2/gbfs/vancouver_bc/gbfs.json,https://data.lime.bike/api/partners/v2/gbfs/vancouver_bc/free_bike_status,2026-07-02T20:05:31Z,2026-07-02T20:05:31Z
lime_vancouver,lime_vancouver_29f90450-b8de-4336-814d-9c5dd566516c,29f90450-b8de-4336-814d-9c5dd566516c,49.274623,-123.087186,2,FALSE,FALSE,19328,NA,1783022684,2026-07-02T20:05:32Z,2026-07-02T20:05:32Z,2026-07-02T20:05:32Z,2.2,https://data.lime.bike/api/partners/v2/gbfs/vancouver_bc/gbfs.json,https://data.lime.bike/api/partners/v2/gbfs/vancouver_bc/free_bike_status,2026-07-02T20:05:31Z,2026-07-02T20:05:31Z
lime_vancouver,lime_vancouver_1eb5b0a4-79f0-4665-aca6-38506dd7e1b0,1eb5b0a4-79f0-4665-aca6-38506dd7e1b0,49.262666,-123.155379,2,FALSE,FALSE,27584,NA,1783022684,2026-07-02T20:05:32Z,2026-07-02T20:05:32Z,2026-07-02T20:05:32Z,2.2,https://data.lime.bike/api/partners/v2/gbfs/vancouver_bc/gbfs.json,https://data.lime.bike/api/partners/v2/gbfs/vancouver_bc/free_bike_status,2026-07-02T20:05:31Z,2026-07-02T20:05:31Z
lime_vancouver,lime_vancouver_10105134-f06f-463c-adbb-6c0510234825,10105134-f06f-463c-adbb-6c0510234825,49.267518,-123.036222,2,FALSE,FALSE,11796,NA,1783022684,2026-07-02T20:05:32Z,2026-07-02T20:05:32Z,2026-07-02T20:05:32Z,2.2,https://data.lime.bike/api/partners/v2/gbfs/vancouver_bc/gbfs.json,https://data.lime.bike/api/partners/v2/gbfs/vancouver_bc/free_bike_status,2026-07-02T20:05:31Z,2026-07-02T20:05:31Z
lime_vancouver,lime_vancouver_a14e81ee-bec1-4e93-b5ca-78e635e6d5f7,a14e81ee-bec1-4e93-b5ca-78e635e6d5f7,49.232895,-123.074242,2,FALSE,FALSE,5842,NA,1783022684,2026-07-02T20:05:32Z,2026-07-02T20:05:32Z,2026-07-02T20:05:32Z,2.2,https://data.lime.bike/api/partners/v2/gbfs/vancouver_bc/gbfs.json,https://data.lime.bike/api/partners/v2/gbfs/vancouver_bc/free_bike_status,2026-07-02T20:05:31Z,2026-07-02T20:05:31Z
lime_vancouver,lime_vancouver_7cfe647c-4c2b-42a0-a147-707ba1c5593c,7cfe647c-4c2b-42a0-a147-707ba1c5593c,49.264004,-123.104895,2,FALSE,FALSE,15997,NA,1783022684,2026-07-02T20:05:32Z,2026-07-02T20:05:32Z,2026-07-02T20:05:32Z,2.2,https://data.lime.bike/api/partners/v2/gbfs/vancouver_bc/gbfs.json,https://data.lime.bike/api/partners/v2/gbfs/vancouver_bc/free_bike_status,2026-07-02T20:05:31Z,2026-07-02T20:05:31Z
lime_vancouver,lime_vancouver_fc86cfd4-d880-4367-8426-abd3738ff37a,fc86cfd4-d880-4367-8426-abd3738ff37a,49.266274,-123.098905,2,FALSE,FALSE,7194,NA,1783022684,2026-07-02T20:05:32Z,2026-07-02T20:05:32Z,2026-07-02T20:05:32Z,2.2,https://data.lime.bike/api/partners/v2/gbfs/vancouver_bc/gbfs.json,https://data.lime.bike/api/partners/v2/gbfs/vancouver_bc/free_bike_status,2026-07-02T20:05:31Z,2026-07-02T20:05:31Z
lime_vancouver,lime_vancouver_f646f95b-4637-4dac-8e7b-eef290da1d93,f646f95b-4637-4dac-8e7b-eef290da1d93,49.254509,-123.072871,2,FALSE,FALSE,29580,NA,1783022684,2026-07-02T20:05:32Z,2026-07-02T20:05:32Z,2026-07-02T20:05:32Z,2.2,https://data.lime.bike/api/partners/v2/gbfs/vancouver_bc/gbfs.json,https://data.lime.bike/api/partners/v2/gbfs/vancouver_bc/free_bike_status,2026-07-02T20:05:31Z,2026-07-02T20:05:31Z
lime_vancouver,lime_vancouver_7ae0f1fb-c5b4-4a1c-8b28-1cdaef9f33b6,7ae0f1fb-c5b4-4a1c-8b28-1cdaef9f33b6,49.281755,-123.123539,2,FALSE,FALSE,17896,NA,1783022684,2026-07-02T20:05:32Z,2026-07-02T20:05:32Z,2026-07-02T20:05:32Z,2.2,https://data.lime.bike/api/partners/v2/gbfs/vancouver_bc/gbfs.json,https://data.lime.bike/api/partners/v2/gbfs/vancouver_bc/free_bike_status,2026-07-02T20:05:31Z,2026-07-02T20:05:31Z
lime_vancouver,lime_vancouver_e7d8cfea-94c8-4810-800a-0bbd8c8aa32f,e7d8cfea-94c8-4810-800a-0bbd8c8aa32f,49.277268,-123.079688,2,FALSE,FALSE,8562,NA,1783022684,2026-07-02T20:05:32Z,2026-07-02T20:05:32Z,2026-07-02T20:05:32Z,2.2,https://data.lime.bike/api/partners/v2/gbfs/vancouver_bc/gbfs.json,https://data.lime.bike/api/partners/v2/gbfs/vancouver_bc/free_bike_status,2026-07-02T20:05:31Z,2026-07-02T20:05:31Z
lime_vancouver,lime_vancouver_a7479f0f-78b6-4e2a-9484-e541c6f42749,a7479f0f-78b6-4e2a-9484-e541c6f42749,49.283512,-123.112714,2,FALSE,FALSE,24140,NA,1783022684,2026-07-02T20:05:32Z,2026-07-02T20:05:32Z,2026-07-02T20:05:32Z,2.2,https://data.lime.bike/api/partners/v2/gbfs/vancouver_bc/gbfs.json,https://data.lime.bike/api/partners/v2/gbfs/vancouver_bc/free_bike_status,2026-07-02T20:05:31Z,2026-07-02T20:05:31Z
lime_vancouver,lime_vancouver_0f8a33ba-f304-41ba-87d1-9bcf2ea83c33,0f8a33ba-f304-41ba-87d1-9bcf2ea83c33,49.266871,-123.049585,2,FALSE,FALSE,10412,NA,1783022684,2026-07-02T20:05:32Z,2026-07-02T20:05:32Z,2026-07-02T20:05:32Z,2.2,https://data.lime.bike/api/partners/v2/gbfs/vancouver_bc/gbfs.json,https://data.lime.bike/api/partners/v2/gbfs/vancouver_bc/free_bike_status,2026-07-02T20:05:31Z,2026-07-02T20:05:31Z
lime_vancouver,lime_vancouver_215b6b32-59bd-4b02-a6b6-bcf4b6dea7dd,215b6b32-59bd-4b02-a6b6-bcf4b6dea7dd,49.280192,-123.131624,2,FALSE,FALSE,36146,NA,1783022684,2026-07-02T20:05:32Z,2026-07-02T20:05:32Z,2026-07-02T20:05:32Z,2.2,https://data.lime.bike/api/partners/v2/gbfs/vancouver_bc/gbfs.json,https://data.lime.bike/api/partners/v2/gbfs/vancouver_bc/free_bike_status,2026-07-02T20:05:31Z,2026-07-02T20:05:31Z
lime_vancouver,lime_vancouver_eb428445-49f5-4254-93ea-7b4c7d738ebf,eb428445-49f5-4254-93ea-7b4c7d738ebf,49.28315,-123.046635,2,FALSE,FALSE,17429,NA,1783022684,2026-07-02T20:05:32Z,2026-07-02T20:05:32Z,2026-07-02T20:05:32Z,2.2,https://data.lime.bike/api/partners/v2/gbfs/vancouver_bc/gbfs.json,https://data.lime.bike/api/partners/v2/gbfs/vancouver_bc/free_bike_status,2026-07-02T20:05:31Z,2026-07-02T20:05:31Z
lime_vancouver,lime_vancouver_1a3728a0-20c6-48a1-bbb4-5af0821f5fa7,1a3728a0-20c6-48a1-bbb4-5af0821f5fa7,49.229316,-123.030161,2,FALSE,FALSE,16946,NA,1783022684,2026-07-02T20:05:32Z,2026-07-02T20:05:32Z,2026-07-02T20:05:32Z,2.2,https://data.lime.bike/api/partners/v2/gbfs/vancouver_bc/gbfs.json,https://data.lime.bike/api/partners/v2/gbfs/vancouver_bc/free_bike_status,2026-07-02T20:05:31Z,2026-07-02T20:05:31Z
lime_vancouver,lime_vancouver_703291e4-f115-49d7-8583-7660236fbaa1,703291e4-f115-49d7-8583-7660236fbaa1,49.283604,-123.10289,2,FALSE,FALSE,15063,NA,1783022684,2026-07-02T20:05:32Z,2026-07-02T20:05:32Z,2026-07-02T20:05:32Z,2.2,https://data.lime.bike/api/partners/v2/gbfs/vancouver_bc/gbfs.json,https://data.lime.bike/api/partners/v2/gbfs/vancouver_bc/free_bike_status,2026-07-02T20:05:31Z,2026-07-02T20:05:31Z
lime_vancouver,lime_vancouver_7ecab0de-4a8d-423b-b081-f1aa91b18ce0,7ecab0de-4a8d-423b-b081-f1aa91b18ce0,49.285508,-123.046817,2,FALSE,FALSE,41312,NA,1783022684,2026-07-02T20:05:32Z,2026-07-02T20:05:32Z,2026-07-02T20:05:32Z,2.2,https://data.lime.bike/api/partners/v2/gbfs/vancouver_bc/gbfs.json,https://data.lime.bike/api/partners/v2/gbfs/vancouver_bc/free_bike_status,2026-07-02T20:05:31Z,2026-07-02T20:05:31Z
lime_vancouver,lime_vancouver_9cf6385e-66ce-48fa-a2d7-5c040cea7aec,9cf6385e-66ce-48fa-a2d7-5c040cea7aec,49.258763,-123.057205,2,FALSE,FALSE,34102,NA,1783022684,2026-07-02T20:05:32Z,2026-07-02T20:05:32Z,2026-07-02T20:05:32Z,2.2,https://data.lime.bike/api/partners/v2/gbfs/vancouver_bc/gbfs.json,https://data.lime.bike/api/partners/v2/gbfs/vancouver_bc/free_bike_status,2026-07-02T20:05:31Z,2026-07-02T20:05:31Z
lime_vancouver,lime_vancouver_6744eedf-1923-4b9f-a907-8bbcbdc2a44a,6744eedf-1923-4b9f-a907-8bbcbdc2a44a,49.262582,-123.119843,2,FALSE,FALSE,15530,NA,1783022684,2026-07-02T20:05:32Z,2026-07-02T20:05:32Z,2026-07-02T20:05:32Z,2.2,https://data.lime.bike/api/partners/v2/gbfs/vancouver_bc/gbfs.json,https://data.lime.bike/api/partners/v2/gbfs/vancouver_bc/free_bike_status,2026-07-02T20:05:31Z,2026-07-02T20:05:31Z
lime_vancouver,lime_vancouver_6dca76b9-efa8-452a-81c1-7808adb6d7d5,6dca76b9-efa8-452a-81c1-7808adb6d7d5,49.288488,-123.119643,2,FALSE,FALSE,17429,NA,1783022684,2026-07-02T20:05:32Z,2026-07-02T20:05:32Z,2026-07-02T20:05:32Z,2.2,https://data.lime.bike/api/partners/v2/gbfs/vancouver_bc/gbfs.json,https://data.lime.bike/api/partners/v2/gbfs/vancouver_bc/free_bike_status,2026-07-02T20:05:31Z,2026-07-02T20:05:31Z
lime_vancouver,lime_vancouver_8495524a-323e-458e-ab20-baa27e17dccc,8495524a-323e-458e-ab20-baa27e17dccc,49.242376,-123.04912,2,FALSE,FALSE,7660,NA,1783022684,2026-07-02T20:05:32Z,2026-07-02T20:05:32Z,2026-07-02T20:05:32Z,2.2,https://data.lime.bike/api/partners/v2/gbfs/vancouver_bc/gbfs.json,https://data.lime.bike/api/partners/v2/gbfs/vancouver_bc/free_bike_status,2026-07-02T20:05:31Z,2026-07-02T20:05:31Z
lime_vancouver,lime_vancouver_d55fa3e4-db0b-41fe-a22d-c1bbbdfdf0d4,d55fa3e4-db0b-41fe-a22d-c1bbbdfdf0d4,49.283588,-123.112732,2,FALSE,FALSE,24623,NA,1783022684,2026-07-02T20:05:32Z,2026-07-02T20:05:32Z,2026-07-02T20:05:32Z,2.2,https://data.lime.bike/api/partners/v2/gbfs/vancouver_bc/gbfs.json,https://data.lime.bike/api/partners/v2/gbfs/vancouver_bc/free_bike_status,2026-07-02T20:05:31Z,2026-07-02T20:05:31Z
lime_vancouver,lime_vancouver_50ab6094-7f27-4298-bbe3-c3eb1117dd25,50ab6094-7f27-4298-bbe3-c3eb1117dd25,49.238587,-123.051746,2,FALSE,FALSE,41312,NA,1783022684,2026-07-02T20:05:32Z,2026-07-02T20:05:32Z,2026-07-02T20:05:32Z,2.2,https://data.lime.bike/api/partners/v2/gbfs/vancouver_bc/gbfs.json,https://data.lime.bike/api/partners/v2/gbfs/vancouver_bc/free_bike_status,2026-07-02T20:05:31Z,2026-07-02T20:05:31Z
lime_vancouver,lime_vancouver_be19ef69-d8fb-49f8-a933-88af8cd12eb8,be19ef69-d8fb-49f8-a933-88af8cd12eb8,49.24482,-123.052135,2,FALSE,FALSE,23175,NA,1783022684,2026-07-02T20:05:32Z,2026-07-02T20:05:32Z,2026-07-02T20:05:32Z,2.2,https://data.lime.bike/api/partners/v2/gbfs/vancouver_bc/gbfs.json,https://data.lime.bike/api/partners/v2/gbfs/vancouver_bc/free_bike_status,2026-07-02T20:05:31Z,2026-07-02T20:05:31Z
lime_vancouver,lime_vancouver_1dc3a230-10af-4872-9ddf-6e72d0d5ae4c,1dc3a230-10af-4872-9ddf-6e72d0d5ae4c,49.266332,-123.104781,2,FALSE,FALSE,15997,NA,1783022684,2026-07-02T20:05:32Z,2026-07-02T20:05:32Z,2026-07-02T20:05:32Z,2.2,https://data.lime.bike/api/partners/v2/gbfs/vancouver_bc/gbfs.json,https://data.lime.bike/api/partners/v2/gbfs/vancouver_bc/free_bike_status,2026-07-02T20:05:31Z,2026-07-02T20:05:31Z
lime_vancouver,lime_vancouver_bfeaf1c0-ed09-48c1-907c-fb911519400d,bfeaf1c0-ed09-48c1-907c-fb911519400d,49.286943,-123.126474,2,FALSE,FALSE,4072,NA,1783022684,2026-07-02T20:05:32Z,2026-07-02T20:05:32Z,2026-07-02T20:05:32Z,2.2,https://data.lime.bike/api/partners/v2/gbfs/vancouver_bc/gbfs.json,https://data.lime.bike/api/partners/v2/gbfs/vancouver_bc/free_bike_status,2026-07-02T20:05:31Z,2026-07-02T20:05:31Z
lime_vancouver,lime_vancouver_beeed7f5-c415-4a58-9c47-6e3fde13e502,beeed7f5-c415-4a58-9c47-6e3fde13e502,49.280932,-123.025613,2,FALSE,FALSE,4072,NA,1783022684,2026-07-02T20:05:32Z,2026-07-02T20:05:32Z,2026-07-02T20:05:32Z,2.2,https://data.lime.bike/api/partners/v2/gbfs/vancouver_bc/gbfs.json,https://data.lime.bike/api/partners/v2/gbfs/vancouver_bc/free_bike_status,2026-07-02T20:05:31Z,2026-07-02T20:05:31Z
lime_vancouver,lime_vancouver_6a474d54-3be9-4b66-898c-4f0f8a99a21f,6a474d54-3be9-4b66-898c-4f0f8a99a21f,49.254064,-123.08367,2,FALSE,FALSE,17429,NA,1783022684,2026-07-02T20:05:32Z,2026-07-02T20:05:32Z,2026-07-02T20:05:32Z,2.2,https://data.lime.bike/api/partners/v2/gbfs/vancouver_bc/gbfs.json,https://data.lime.bike/api/partners/v2/gbfs/vancouver_bc/free_bike_status,2026-07-02T20:05:31Z,2026-07-02T20:05:31Z
lime_vancouver,lime_vancouver_f95a32a3-32be-4771-90b6-6c68690cc19a,f95a32a3-32be-4771-90b6-6c68690cc19a,49.280899,-123.084783,2,FALSE,FALSE,34617,NA,1783022684,2026-07-02T20:05:32Z,2026-07-02T20:05:32Z,2026-07-02T20:05:32Z,2.2,https://data.lime.bike/api/partners/v2/gbfs/vancouver_bc/gbfs.json,https://data.lime.bike/api/partners/v2/gbfs/vancouver_bc/free_bike_status,2026-07-02T20:05:31Z,2026-07-02T20:05:31Z
lime_vancouver,lime_vancouver_00f34f9c-da05-4ca4-a115-047713b403c6,00f34f9c-da05-4ca4-a115-047713b403c6,49.264977,-123.117202,2,FALSE,FALSE,26104,NA,1783022684,2026-07-02T20:05:32Z,2026-07-02T20:05:32Z,2026-07-02T20:05:32Z,2.2,https://data.lime.bike/api/partners/v2/gbfs/vancouver_bc/gbfs.json,https://data.lime.bike/api/partners/v2/gbfs/vancouver_bc/free_bike_status,2026-07-02T20:05:31Z,2026-07-02T20:05:31Z
lime_vancouver,lime_vancouver_42f85a70-2322-4eb0-9679-6932ec49719c,42f85a70-2322-4eb0-9679-6932ec49719c,49.277413,-123.04363,2,FALSE,FALSE,23175,NA,1783022684,2026-07-02T20:05:32Z,2026-07-02T20:05:32Z,2026-07-02T20:05:32Z,2.2,https://data.lime.bike/api/partners/v2/gbfs/vancouver_bc/gbfs.json,https://data.lime.bike/api/partners/v2/gbfs/vancouver_bc/free_bike_status,2026-07-02T20:05:31Z,2026-07-02T20:05:31Z
lime_vancouver,lime_vancouver_061f2a53-298c-46e2-b8d1-a4e60ae07637,061f2a53-298c-46e2-b8d1-a4e60ae07637,49.2829,-123.134728,2,FALSE,FALSE,34617,NA,1783022684,2026-07-02T20:05:32Z,2026-07-02T20:05:32Z,2026-07-02T20:05:32Z,2.2,https://data.lime.bike/api/partners/v2/gbfs/vancouver_bc/gbfs.json,https://data.lime.bike/api/partners/v2/gbfs/vancouver_bc/free_bike_status,2026-07-02T20:05:31Z,2026-07-02T20:05:31Z
lime_vancouver,lime_vancouver_8910bdde-a8ba-47b6-b023-9a324e58b503,8910bdde-a8ba-47b6-b023-9a324e58b503,49.273878,-123.061602,2,FALSE,FALSE,35631,NA,1783022684,2026-07-02T20:05:32Z,2026-07-02T20:05:32Z,2026-07-02T20:05:32Z,2.2,https://data.lime.bike/api/partners/v2/gbfs/vancouver_bc/gbfs.json,https://data.lime.bike/api/partners/v2/gbfs/vancouver_bc/free_bike_status,2026-07-02T20:05:31Z,2026-07-02T20:05:31Z
lime_vancouver,lime_vancouver_e6c6938e-33a6-4c0e-a553-940fba426f6b,e6c6938e-33a6-4c0e-a553-940fba426f6b,49.26206,-123.102038,2,FALSE,FALSE,30578,NA,1783022684,2026-07-02T20:05:32Z,2026-07-02T20:05:32Z,2026-07-02T20:05:32Z,2.2,https://data.lime.bike/api/partners/v2/gbfs/vancouver_bc/gbfs.json,https://data.lime.bike/api/partners/v2/gbfs/vancouver_bc/free_bike_status,2026-07-02T20:05:31Z,2026-07-02T20:05:31Z
lime_vancouver,lime_vancouver_6a865ffb-1c93-4baf-b240-a6cc1a28f3f0,6a865ffb-1c93-4baf-b240-a6cc1a28f3f0,49.26376,-123.131365,2,FALSE,FALSE,21726,NA,1783022684,2026-07-02T20:05:32Z,2026-07-02T20:05:32Z,2026-07-02T20:05:32Z,2.2,https://data.lime.bike/api/partners/v2/gbfs/vancouver_bc/gbfs.json,https://data.lime.bike/api/partners/v2/gbfs/vancouver_bc/free_bike_status,2026-07-02T20:05:31Z,2026-07-02T20:05:31Z
lime_vancouver,lime_vancouver_8dc98275-6e08-4488-9450-a6c862248274,8dc98275-6e08-4488-9450-a6c862248274,49.266759,-123.109453,2,FALSE,FALSE,39252,NA,1783022684,2026-07-02T20:05:32Z,2026-07-02T20:05:32Z,2026-07-02T20:05:32Z,2.2,https://data.lime.bike/api/partners/v2/gbfs/vancouver_bc/gbfs.json,https://data.lime.bike/api/partners/v2/gbfs/vancouver_bc/free_bike_status,2026-07-02T20:05:31Z,2026-07-02T20:05:31Z
lime_vancouver,lime_vancouver_7efd5cec-03f2-406c-974e-303f207f7f62,7efd5cec-03f2-406c-974e-303f207f7f62,49.273872,-123.061587,2,FALSE,FALSE,27584,NA,1783022684,2026-07-02T20:05:32Z,2026-07-02T20:05:32Z,2026-07-02T20:05:32Z,2.2,https://data.lime.bike/api/partners/v2/gbfs/vancouver_bc/gbfs.json,https://data.lime.bike/api/partners/v2/gbfs/vancouver_bc/free_bike_status,2026-07-02T20:05:31Z,2026-07-02T20:05:31Z
lime_vancouver,lime_vancouver_719fb8e8-ec63-4b0c-b306-1b28f6226ab0,719fb8e8-ec63-4b0c-b306-1b28f6226ab0,49.274753,-123.056989,2,FALSE,FALSE,5842,NA,1783022684,2026-07-02T20:05:32Z,2026-07-02T20:05:32Z,2026-07-02T20:05:32Z,2.2,https://data.lime.bike/api/partners/v2/gbfs/vancouver_bc/gbfs.json,https://data.lime.bike/api/partners/v2/gbfs/vancouver_bc/free_bike_status,2026-07-02T20:05:31Z,2026-07-02T20:05:31Z
lime_vancouver,lime_vancouver_29eccd25-f29e-4cbf-b527-1d23af872ec9,29eccd25-f29e-4cbf-b527-1d23af872ec9,49.2664,-123.148431,2,FALSE,FALSE,43855,NA,1783022684,2026-07-02T20:05:32Z,2026-07-02T20:05:32Z,2026-07-02T20:05:32Z,2.2,https://data.lime.bike/api/partners/v2/gbfs/vancouver_bc/gbfs.json,https://data.lime.bike/api/partners/v2/gbfs/vancouver_bc/free_bike_status,2026-07-02T20:05:31Z,2026-07-02T20:05:31Z
lime_vancouver,lime_vancouver_17ef5680-b35f-42da-aa34-38c4e71a1cec,17ef5680-b35f-42da-aa34-38c4e71a1cec,49.283766,-123.09792,2,FALSE,FALSE,32589,NA,1783022684,2026-07-02T20:05:32Z,2026-07-02T20:05:32Z,2026-07-02T20:05:32Z,2.2,https://data.lime.bike/api/partners/v2/gbfs/vancouver_bc/gbfs.json,https://data.lime.bike/api/partners/v2/gbfs/vancouver_bc/free_bike_status,2026-07-02T20:05:31Z,2026-07-02T20:05:31Z
lime_vancouver,lime_vancouver_0aff0d1c-30d2-45cf-ab27-c1fceb4d8606,0aff0d1c-30d2-45cf-ab27-c1fceb4d8606,49.288645,-123.119895,2,FALSE,FALSE,31076,NA,1783022684,2026-07-02T20:05:32Z,2026-07-02T20:05:32Z,2026-07-02T20:05:32Z,2.2,https://data.lime.bike/api/partners/v2/gbfs/vancouver_bc/gbfs.json,https://data.lime.bike/api/partners/v2/gbfs/vancouver_bc/free_bike_status,2026-07-02T20:05:31Z,2026-07-02T20:05:31Z
lime_vancouver,lime_vancouver_fbfe3703-d4e9-42d1-99f4-245c199e633c,fbfe3703-d4e9-42d1-99f4-245c199e633c,49.251617,-123.072208,2,FALSE,FALSE,34102,NA,1783022684,2026-07-02T20:05:32Z,2026-07-02T20:05:32Z,2026-07-02T20:05:32Z,2.2,https://data.lime.bike/api/partners/v2/gbfs/vancouver_bc/gbfs.json,https://data.lime.bike/api/partners/v2/gbfs/vancouver_bc/free_bike_status,2026-07-02T20:05:31Z,2026-07-02T20:05:31Z
lime_vancouver,lime_vancouver_0c1de001-a4ef-4412-98ac-8d43cd6a5e9e,0c1de001-a4ef-4412-98ac-8d43cd6a5e9e,49.274609,-123.087167,2,FALSE,FALSE,40282,NA,1783022684,2026-07-02T20:05:32Z,2026-07-02T20:05:32Z,2026-07-02T20:05:32Z,2.2,https://data.lime.bike/api/partners/v2/gbfs/vancouver_bc/gbfs.json,https://data.lime.bike/api/partners/v2/gbfs/vancouver_bc/free_bike_status,2026-07-02T20:05:31Z,2026-07-02T20:05:31Z
lime_vancouver,lime_vancouver_3a2edd1d-32cf-41b0-bce2-f87834239659,3a2edd1d-32cf-41b0-bce2-f87834239659,49.274107,-123.028703,2,FALSE,FALSE,17896,NA,1783022684,2026-07-02T20:05:32Z,2026-07-02T20:05:32Z,2026-07-02T20:05:32Z,2.2,https://data.lime.bike/api/partners/v2/gbfs/vancouver_bc/gbfs.json,https://data.lime.bike/api/partners/v2/gbfs/vancouver_bc/free_bike_status,2026-07-02T20:05:31Z,2026-07-02T20:05:31Z
lime_vancouver,lime_vancouver_6470bb17-278c-4732-9b86-c312710e9e6d,6470bb17-278c-4732-9b86-c312710e9e6d,49.288021,-123.116035,2,FALSE,FALSE,3637,NA,1783022684,2026-07-02T20:05:32Z,2026-07-02T20:05:32Z,2026-07-02T20:05:32Z,2.2,https://data.lime.bike/api/partners/v2/gbfs/vancouver_bc/gbfs.json,https://data.lime.bike/api/partners/v2/gbfs/vancouver_bc/free_bike_status,2026-07-02T20:05:31Z,2026-07-02T20:05:31Z
lime_vancouver,lime_vancouver_06314857-2687-497a-938d-8863e05ec1ba,06314857-2687-497a-938d-8863e05ec1ba,49.283048,-123.054808,2,FALSE,FALSE,35631,NA,1783022684,2026-07-02T20:05:32Z,2026-07-02T20:05:32Z,2026-07-02T20:05:32Z,2.2,https://data.lime.bike/api/partners/v2/gbfs/vancouver_bc/gbfs.json,https://data.lime.bike/api/partners/v2/gbfs/vancouver_bc/free_bike_status,2026-07-02T20:05:31Z,2026-07-02T20:05:31Z
lime_vancouver,lime_vancouver_bab6eff2-0fb7-41a9-b7cd-331c0f9cf645,bab6eff2-0fb7-41a9-b7cd-331c0f9cf645,49.243528,-123.073632,2,FALSE,FALSE,6293,NA,1783022684,2026-07-02T20:05:32Z,2026-07-02T20:05:32Z,2026-07-02T20:05:32Z,2.2,https://data.lime.bike/api/partners/v2/gbfs/vancouver_bc/gbfs.json,https://data.lime.bike/api/partners/v2/gbfs/vancouver_bc/free_bike_status,2026-07-02T20:05:31Z,2026-07-02T20:05:31Z
lime_vancouver,lime_vancouver_56fcf698-a9c4-48a5-8548-560e3e22e5bd,56fcf698-a9c4-48a5-8548-560e3e22e5bd,49.270009,-123.135222,2,FALSE,FALSE,37176,NA,1783022684,2026-07-02T20:05:32Z,2026-07-02T20:05:32Z,2026-07-02T20:05:32Z,2.2,https://data.lime.bike/api/partners/v2/gbfs/vancouver_bc/gbfs.json,https://data.lime.bike/api/partners/v2/gbfs/vancouver_bc/free_bike_status,2026-07-02T20:05:31Z,2026-07-02T20:05:31Z
lime_vancouver,lime_vancouver_c1289cce-619a-458f-9c3d-ea50baac3881,c1289cce-619a-458f-9c3d-ea50baac3881,49.266262,-123.098919,2,FALSE,FALSE,15530,NA,1783022684,2026-07-02T20:05:32Z,2026-07-02T20:05:32Z,2026-07-02T20:05:32Z,2.2,https://data.lime.bike/api/partners/v2/gbfs/vancouver_bc/gbfs.json,https://data.lime.bike/api/partners/v2/gbfs/vancouver_bc/free_bike_status,2026-07-02T20:05:31Z,2026-07-02T20:05:31Z
lime_vancouver,lime_vancouver_eb8ead4d-42fd-4626-872a-bd76b50649fe,eb8ead4d-42fd-4626-872a-bd76b50649fe,49.288095,-123.116028,2,FALSE,FALSE,37176,NA,1783022684,2026-07-02T20:05:32Z,2026-07-02T20:05:32Z,2026-07-02T20:05:32Z,2.2,https://data.lime.bike/api/partners/v2/gbfs/vancouver_bc/gbfs.json,https://data.lime.bike/api/partners/v2/gbfs/vancouver_bc/free_bike_status,2026-07-02T20:05:31Z,2026-07-02T20:05:31Z
lime_vancouver,lime_vancouver_1117cd64-f1d1-4d90-95b5-c04325ebbf5b,1117cd64-f1d1-4d90-95b5-c04325ebbf5b,49.268521,-123.159788,2,FALSE,FALSE,16480,NA,1783022684,2026-07-02T20:05:32Z,2026-07-02T20:05:32Z,2026-07-02T20:05:32Z,2.2,https://data.lime.bike/api/partners/v2/gbfs/vancouver_bc/gbfs.json,https://data.lime.bike/api/partners/v2/gbfs/vancouver_bc/free_bike_status,2026-07-02T20:05:31Z,2026-07-02T20:05:31Z
lime_vancouver,lime_vancouver_1eae79a0-1e7c-4f92-95ae-3f476eb7780d,1eae79a0-1e7c-4f92-95ae-3f476eb7780d,49.290629,-123.133727,2,FALSE,FALSE,6743,NA,1783022684,2026-07-02T20:05:32Z,2026-07-02T20:05:32Z,2026-07-02T20:05:32Z,2.2,https://data.lime.bike/api/partners/v2/gbfs/vancouver_bc/gbfs.json,https://data.lime.bike/api/partners/v2/gbfs/vancouver_bc/free_bike_status,2026-07-02T20:05:31Z,2026-07-02T20:05:31Z
lime_vancouver,lime_vancouver_1f47fce4-31d9-4be3-aa56-d0d677c1c148,1f47fce4-31d9-4be3-aa56-d0d677c1c148,49.290545,-123.044177,2,FALSE,FALSE,42326,NA,1783022684,2026-07-02T20:05:32Z,2026-07-02T20:05:32Z,2026-07-02T20:05:32Z,2.2,https://data.lime.bike/api/partners/v2/gbfs/vancouver_bc/gbfs.json,https://data.lime.bike/api/partners/v2/gbfs/vancouver_bc/free_bike_status,2026-07-02T20:05:31Z,2026-07-02T20:05:31Z
lime_vancouver,lime_vancouver_f0e1c71c-d9d9-467c-a40a-a06e473d4e28,f0e1c71c-d9d9-467c-a40a-a06e473d4e28,49.288544,-123.116029,2,FALSE,FALSE,24623,NA,1783022684,2026-07-02T20:05:32Z,2026-07-02T20:05:32Z,2026-07-02T20:05:32Z,2.2,https://data.lime.bike/api/partners/v2/gbfs/vancouver_bc/gbfs.json,https://data.lime.bike/api/partners/v2/gbfs/vancouver_bc/free_bike_status,2026-07-02T20:05:31Z,2026-07-02T20:05:31Z
lime_vancouver,lime_vancouver_9bb31718-a904-474b-b150-f95f9294a765,9bb31718-a904-474b-b150-f95f9294a765,49.266348,-123.104763,2,FALSE,FALSE,42841,NA,1783022684,2026-07-02T20:05:32Z,2026-07-02T20:05:32Z,2026-07-02T20:05:32Z,2.2,https://data.lime.bike/api/partners/v2/gbfs/vancouver_bc/gbfs.json,https://data.lime.bike/api/partners/v2/gbfs/vancouver_bc/free_bike_status,2026-07-02T20:05:31Z,2026-07-02T20:05:31Z
lime_vancouver,lime_vancouver_1f6c6cd8-500f-4d65-a8fb-c2c33a0bc230,1f6c6cd8-500f-4d65-a8fb-c2c33a0bc230,49.273151,-123.12337,2,FALSE,FALSE,13197,NA,1783022684,2026-07-02T20:05:32Z,2026-07-02T20:05:32Z,2026-07-02T20:05:32Z,2.2,https://data.lime.bike/api/partners/v2/gbfs/vancouver_bc/gbfs.json,https://data.lime.bike/api/partners/v2/gbfs/vancouver_bc/free_bike_status,2026-07-02T20:05:31Z,2026-07-02T20:05:31Z
lime_vancouver,lime_vancouver_a150830a-8fd2-46c5-a8bd-2576ec20254b,a150830a-8fd2-46c5-a8bd-2576ec20254b,49.262727,-123.146254,2,FALSE,FALSE,13197,NA,1783022684,2026-07-02T20:05:32Z,2026-07-02T20:05:32Z,2026-07-02T20:05:32Z,2.2,https://data.lime.bike/api/partners/v2/gbfs/vancouver_bc/gbfs.json,https://data.lime.bike/api/partners/v2/gbfs/vancouver_bc/free_bike_status,2026-07-02T20:05:31Z,2026-07-02T20:05:31Z
