provider,vehicle_key,vehicle_id,lat,lon,vehicle_type_id,is_reserved,is_disabled,current_range_meters,station_id,last_reported,fetched_at_utc,fetched_at_vancouver,feed_last_updated_utc,gbfs_version,source_gbfs_url,source_vehicle_feed_url,snapshot_time_utc,snapshot_time_vancouver
mobi_vancouver,mobi_vancouver_5fc22b5a-990f-4195-afee-874639f14213,5fc22b5a-990f-4195-afee-874639f14213,49.282214,-123.114101,1,FALSE,TRUE,0,0012,1783242986,2026-07-05T09:16:55Z,2026-07-05T09:16:55Z,2026-07-05T09:16:25Z,2.2,https://gbfs.kappa.fifteen.eu/gbfs/2.2/mobi/en/gbfs.json,https://gbfs.kappa.fifteen.eu/gbfs/2.2/mobi/en/free_bike_status.json,2026-07-05T09:16:54Z,2026-07-05T09:16:54Z
mobi_vancouver,mobi_vancouver_e3cf2480-f217-4d5a-a365-92423e611f9b,e3cf2480-f217-4d5a-a365-92423e611f9b,49.277844,-123.120942,1,FALSE,TRUE,0,0079,1783242986,2026-07-05T09:16:55Z,2026-07-05T09:16:55Z,2026-07-05T09:16:25Z,2.2,https://gbfs.kappa.fifteen.eu/gbfs/2.2/mobi/en/gbfs.json,https://gbfs.kappa.fifteen.eu/gbfs/2.2/mobi/en/free_bike_status.json,2026-07-05T09:16:54Z,2026-07-05T09:16:54Z
mobi_vancouver,mobi_vancouver_1b1a8fc0-2cea-400d-b860-15f0ecec233d,1b1a8fc0-2cea-400d-b860-15f0ecec233d,49.268269,-123.147885,1,FALSE,TRUE,0,0063,1783242986,2026-07-05T09:16:55Z,2026-07-05T09:16:55Z,2026-07-05T09:16:25Z,2.2,https://gbfs.kappa.fifteen.eu/gbfs/2.2/mobi/en/gbfs.json,https://gbfs.kappa.fifteen.eu/gbfs/2.2/mobi/en/free_bike_status.json,2026-07-05T09:16:54Z,2026-07-05T09:16:54Z
mobi_vancouver,mobi_vancouver_b152228e-3f0f-4775-bb4a-648a6431bf9e,b152228e-3f0f-4775-bb4a-648a6431bf9e,49.265336,-123.145823,1,FALSE,TRUE,0,0140,1783242986,2026-07-05T09:16:55Z,2026-07-05T09:16:55Z,2026-07-05T09:16:25Z,2.2,https://gbfs.kappa.fifteen.eu/gbfs/2.2/mobi/en/gbfs.json,https://gbfs.kappa.fifteen.eu/gbfs/2.2/mobi/en/free_bike_status.json,2026-07-05T09:16:54Z,2026-07-05T09:16:54Z
mobi_vancouver,mobi_vancouver_2daa2e9f-cf61-4c9e-9e10-0c0f14148d93,2daa2e9f-cf61-4c9e-9e10-0c0f14148d93,49.261736,-123.24648,1,FALSE,TRUE,1200,2136,1783242986,2026-07-05T09:16:55Z,2026-07-05T09:16:55Z,2026-07-05T09:16:25Z,2.2,https://gbfs.kappa.fifteen.eu/gbfs/2.2/mobi/en/gbfs.json,https://gbfs.kappa.fifteen.eu/gbfs/2.2/mobi/en/free_bike_status.json,2026-07-05T09:16:54Z,2026-07-05T09:16:54Z
mobi_vancouver,mobi_vancouver_51289362-fb4d-4a73-a20d-7af2fb31084d,51289362-fb4d-4a73-a20d-7af2fb31084d,49.256845,-123.120071,2,FALSE,FALSE,3600,0130,1783242986,2026-07-05T09:16:55Z,2026-07-05T09:16:55Z,2026-07-05T09:16:25Z,2.2,https://gbfs.kappa.fifteen.eu/gbfs/2.2/mobi/en/gbfs.json,https://gbfs.kappa.fifteen.eu/gbfs/2.2/mobi/en/free_bike_status.json,2026-07-05T09:16:54Z,2026-07-05T09:16:54Z
mobi_vancouver,mobi_vancouver_30b98db8-59f4-4302-b342-fcc0f8b77bf5,30b98db8-59f4-4302-b342-fcc0f8b77bf5,49.252691,-123.101289,2,FALSE,FALSE,3600,0561,1783242986,2026-07-05T09:16:55Z,2026-07-05T09:16:55Z,2026-07-05T09:16:25Z,2.2,https://gbfs.kappa.fifteen.eu/gbfs/2.2/mobi/en/gbfs.json,https://gbfs.kappa.fifteen.eu/gbfs/2.2/mobi/en/free_bike_status.json,2026-07-05T09:16:54Z,2026-07-05T09:16:54Z
mobi_vancouver,mobi_vancouver_a817c32f-dd8e-4842-947e-fcd754f394da,a817c32f-dd8e-4842-947e-fcd754f394da,49.245535,-123.120496,1,FALSE,FALSE,3600,0516,1783242986,2026-07-05T09:16:55Z,2026-07-05T09:16:55Z,2026-07-05T09:16:25Z,2.2,https://gbfs.kappa.fifteen.eu/gbfs/2.2/mobi/en/gbfs.json,https://gbfs.kappa.fifteen.eu/gbfs/2.2/mobi/en/free_bike_status.json,2026-07-05T09:16:54Z,2026-07-05T09:16:54Z
mobi_vancouver,mobi_vancouver_a140a6ee-6853-424c-9972-0b786f9b5b68,a140a6ee-6853-424c-9972-0b786f9b5b68,49.25894,-123.139272,2,FALSE,FALSE,4000,0071,1783242986,2026-07-05T09:16:55Z,2026-07-05T09:16:55Z,2026-07-05T09:16:25Z,2.2,https://gbfs.kappa.fifteen.eu/gbfs/2.2/mobi/en/gbfs.json,https://gbfs.kappa.fifteen.eu/gbfs/2.2/mobi/en/free_bike_status.json,2026-07-05T09:16:54Z,2026-07-05T09:16:54Z
mobi_vancouver,mobi_vancouver_1b2dc696-a838-4959-8b47-56c483b67897,1b2dc696-a838-4959-8b47-56c483b67897,49.280216,-123.117639,2,FALSE,FALSE,4000,0129,1783242986,2026-07-05T09:16:55Z,2026-07-05T09:16:55Z,2026-07-05T09:16:25Z,2.2,https://gbfs.kappa.fifteen.eu/gbfs/2.2/mobi/en/gbfs.json,https://gbfs.kappa.fifteen.eu/gbfs/2.2/mobi/en/free_bike_status.json,2026-07-05T09:16:54Z,2026-07-05T09:16:54Z
mobi_vancouver,mobi_vancouver_5fc90d5c-9eaf-4327-8285-431be9eac27f,5fc90d5c-9eaf-4327-8285-431be9eac27f,49.2756,-123.102661,2,FALSE,FALSE,4000,0148,1783242986,2026-07-05T09:16:55Z,2026-07-05T09:16:55Z,2026-07-05T09:16:25Z,2.2,https://gbfs.kappa.fifteen.eu/gbfs/2.2/mobi/en/gbfs.json,https://gbfs.kappa.fifteen.eu/gbfs/2.2/mobi/en/free_bike_status.json,2026-07-05T09:16:54Z,2026-07-05T09:16:54Z
mobi_vancouver,mobi_vancouver_a548bc1e-bbae-4de0-b3fc-3d74199b6a96,a548bc1e-bbae-4de0-b3fc-3d74199b6a96,49.27247,-123.185643,2,FALSE,FALSE,4000,0410,1783242986,2026-07-05T09:16:55Z,2026-07-05T09:16:55Z,2026-07-05T09:16:25Z,2.2,https://gbfs.kappa.fifteen.eu/gbfs/2.2/mobi/en/gbfs.json,https://gbfs.kappa.fifteen.eu/gbfs/2.2/mobi/en/free_bike_status.json,2026-07-05T09:16:54Z,2026-07-05T09:16:54Z
mobi_vancouver,mobi_vancouver_15dba93a-3dbf-4782-8dd1-fd3571b4bcec,15dba93a-3dbf-4782-8dd1-fd3571b4bcec,49.271471,-123.17731,2,FALSE,FALSE,4000,0440,1783242986,2026-07-05T09:16:55Z,2026-07-05T09:16:55Z,2026-07-05T09:16:25Z,2.2,https://gbfs.kappa.fifteen.eu/gbfs/2.2/mobi/en/gbfs.json,https://gbfs.kappa.fifteen.eu/gbfs/2.2/mobi/en/free_bike_status.json,2026-07-05T09:16:54Z,2026-07-05T09:16:54Z
mobi_vancouver,mobi_vancouver_221eaa5f-a3d1-4656-9141-9afecdc6dc36,221eaa5f-a3d1-4656-9141-9afecdc6dc36,49.252656,-123.067965,2,FALSE,FALSE,4000,0352,1783242986,2026-07-05T09:16:55Z,2026-07-05T09:16:55Z,2026-07-05T09:16:25Z,2.2,https://gbfs.kappa.fifteen.eu/gbfs/2.2/mobi/en/gbfs.json,https://gbfs.kappa.fifteen.eu/gbfs/2.2/mobi/en/free_bike_status.json,2026-07-05T09:16:54Z,2026-07-05T09:16:54Z
mobi_vancouver,mobi_vancouver_f2d1611f-0c08-465f-8069-c94c99744027,f2d1611f-0c08-465f-8069-c94c99744027,49.247204,-123.101549,2,FALSE,FALSE,4000,0565,1783242986,2026-07-05T09:16:55Z,2026-07-05T09:16:55Z,2026-07-05T09:16:25Z,2.2,https://gbfs.kappa.fifteen.eu/gbfs/2.2/mobi/en/gbfs.json,https://gbfs.kappa.fifteen.eu/gbfs/2.2/mobi/en/free_bike_status.json,2026-07-05T09:16:54Z,2026-07-05T09:16:54Z
mobi_vancouver,mobi_vancouver_944b884b-6aee-466e-ae16-1c54905377f3,944b884b-6aee-466e-ae16-1c54905377f3,49.269172,-123.25279,2,FALSE,FALSE,4000,2131,1783242986,2026-07-05T09:16:55Z,2026-07-05T09:16:55Z,2026-07-05T09:16:25Z,2.2,https://gbfs.kappa.fifteen.eu/gbfs/2.2/mobi/en/gbfs.json,https://gbfs.kappa.fifteen.eu/gbfs/2.2/mobi/en/free_bike_status.json,2026-07-05T09:16:54Z,2026-07-05T09:16:54Z
mobi_vancouver,mobi_vancouver_542f482a-a65d-4e9e-b22b-5100f9f89022,542f482a-a65d-4e9e-b22b-5100f9f89022,49.262141,-123.101961,2,FALSE,FALSE,4400,0074,1783242986,2026-07-05T09:16:55Z,2026-07-05T09:16:55Z,2026-07-05T09:16:25Z,2.2,https://gbfs.kappa.fifteen.eu/gbfs/2.2/mobi/en/gbfs.json,https://gbfs.kappa.fifteen.eu/gbfs/2.2/mobi/en/free_bike_status.json,2026-07-05T09:16:54Z,2026-07-05T09:16:54Z
mobi_vancouver,mobi_vancouver_fa80508a-4333-4d67-b8bc-c2775f8484f0,fa80508a-4333-4d67-b8bc-c2775f8484f0,49.259183,-123.120126,2,FALSE,FALSE,4800,0106,1783242986,2026-07-05T09:16:55Z,2026-07-05T09:16:55Z,2026-07-05T09:16:25Z,2.2,https://gbfs.kappa.fifteen.eu/gbfs/2.2/mobi/en/gbfs.json,https://gbfs.kappa.fifteen.eu/gbfs/2.2/mobi/en/free_bike_status.json,2026-07-05T09:16:54Z,2026-07-05T09:16:54Z
mobi_vancouver,mobi_vancouver_9457bd5c-5ee0-4ba0-b7c6-ec845a456b80,9457bd5c-5ee0-4ba0-b7c6-ec845a456b80,49.283749,-123.136133,2,FALSE,FALSE,4800,0087,1783242986,2026-07-05T09:16:55Z,2026-07-05T09:16:55Z,2026-07-05T09:16:25Z,2.2,https://gbfs.kappa.fifteen.eu/gbfs/2.2/mobi/en/gbfs.json,https://gbfs.kappa.fifteen.eu/gbfs/2.2/mobi/en/free_bike_status.json,2026-07-05T09:16:54Z,2026-07-05T09:16:54Z
mobi_vancouver,mobi_vancouver_1d2dd165-e08d-454d-9936-7ee96ba54530,1d2dd165-e08d-454d-9936-7ee96ba54530,49.261353,-123.085333,2,FALSE,FALSE,4800,0265,1783242986,2026-07-05T09:16:55Z,2026-07-05T09:16:55Z,2026-07-05T09:16:25Z,2.2,https://gbfs.kappa.fifteen.eu/gbfs/2.2/mobi/en/gbfs.json,https://gbfs.kappa.fifteen.eu/gbfs/2.2/mobi/en/free_bike_status.json,2026-07-05T09:16:54Z,2026-07-05T09:16:54Z
mobi_vancouver,mobi_vancouver_00ef2499-8a78-4e00-b805-527034927659,00ef2499-8a78-4e00-b805-527034927659,49.2731,-123.0732,2,FALSE,FALSE,4800,0253,1783242986,2026-07-05T09:16:55Z,2026-07-05T09:16:55Z,2026-07-05T09:16:25Z,2.2,https://gbfs.kappa.fifteen.eu/gbfs/2.2/mobi/en/gbfs.json,https://gbfs.kappa.fifteen.eu/gbfs/2.2/mobi/en/free_bike_status.json,2026-07-05T09:16:54Z,2026-07-05T09:16:54Z
mobi_vancouver,mobi_vancouver_3cd030d1-4ccc-45ae-82a6-ffba491ac55e,3cd030d1-4ccc-45ae-82a6-ffba491ac55e,49.261188,-123.066009,2,FALSE,FALSE,4800,0274,1783242986,2026-07-05T09:16:55Z,2026-07-05T09:16:55Z,2026-07-05T09:16:25Z,2.2,https://gbfs.kappa.fifteen.eu/gbfs/2.2/mobi/en/gbfs.json,https://gbfs.kappa.fifteen.eu/gbfs/2.2/mobi/en/free_bike_status.json,2026-07-05T09:16:54Z,2026-07-05T09:16:54Z
mobi_vancouver,mobi_vancouver_5eee11c9-99ac-445c-85d9-ba511cae1e8e,5eee11c9-99ac-445c-85d9-ba511cae1e8e,49.266725,-123.065925,2,FALSE,FALSE,4800,0273,1783242986,2026-07-05T09:16:55Z,2026-07-05T09:16:55Z,2026-07-05T09:16:25Z,2.2,https://gbfs.kappa.fifteen.eu/gbfs/2.2/mobi/en/gbfs.json,https://gbfs.kappa.fifteen.eu/gbfs/2.2/mobi/en/free_bike_status.json,2026-07-05T09:16:54Z,2026-07-05T09:16:54Z
mobi_vancouver,mobi_vancouver_1436b731-15d1-4055-9156-2349a199b004,1436b731-15d1-4055-9156-2349a199b004,49.27033,-123.10275,1,FALSE,FALSE,4800,0177,1783242986,2026-07-05T09:16:55Z,2026-07-05T09:16:55Z,2026-07-05T09:16:25Z,2.2,https://gbfs.kappa.fifteen.eu/gbfs/2.2/mobi/en/gbfs.json,https://gbfs.kappa.fifteen.eu/gbfs/2.2/mobi/en/free_bike_status.json,2026-07-05T09:16:54Z,2026-07-05T09:16:54Z
mobi_vancouver,mobi_vancouver_1b3b4e84-7195-46a7-8f78-b8d267643fb2,1b3b4e84-7195-46a7-8f78-b8d267643fb2,49.268269,-123.147885,2,FALSE,FALSE,5200,0076,1783242986,2026-07-05T09:16:55Z,2026-07-05T09:16:55Z,2026-07-05T09:16:25Z,2.2,https://gbfs.kappa.fifteen.eu/gbfs/2.2/mobi/en/gbfs.json,https://gbfs.kappa.fifteen.eu/gbfs/2.2/mobi/en/free_bike_status.json,2026-07-05T09:16:54Z,2026-07-05T09:16:54Z
mobi_vancouver,mobi_vancouver_8ef220a2-f5b6-4f13-b470-399ee1c9844d,8ef220a2-f5b6-4f13-b470-399ee1c9844d,49.266724,-123.104824,2,FALSE,FALSE,5200,0073,1783242986,2026-07-05T09:16:55Z,2026-07-05T09:16:55Z,2026-07-05T09:16:25Z,2.2,https://gbfs.kappa.fifteen.eu/gbfs/2.2/mobi/en/gbfs.json,https://gbfs.kappa.fifteen.eu/gbfs/2.2/mobi/en/free_bike_status.json,2026-07-05T09:16:54Z,2026-07-05T09:16:54Z
mobi_vancouver,mobi_vancouver_bd4b5baf-0892-4d2b-99f4-7d44cd5f9b70,bd4b5baf-0892-4d2b-99f4-7d44cd5f9b70,49.284157,-123.099917,2,FALSE,FALSE,5200,0150,1783242986,2026-07-05T09:16:55Z,2026-07-05T09:16:55Z,2026-07-05T09:16:25Z,2.2,https://gbfs.kappa.fifteen.eu/gbfs/2.2/mobi/en/gbfs.json,https://gbfs.kappa.fifteen.eu/gbfs/2.2/mobi/en/free_bike_status.json,2026-07-05T09:16:54Z,2026-07-05T09:16:54Z
mobi_vancouver,mobi_vancouver_198cbb4a-b804-4550-87bd-cd491ed45e20,198cbb4a-b804-4550-87bd-cd491ed45e20,49.261188,-123.066009,2,FALSE,FALSE,5200,0274,1783242986,2026-07-05T09:16:55Z,2026-07-05T09:16:55Z,2026-07-05T09:16:25Z,2.2,https://gbfs.kappa.fifteen.eu/gbfs/2.2/mobi/en/gbfs.json,https://gbfs.kappa.fifteen.eu/gbfs/2.2/mobi/en/free_bike_status.json,2026-07-05T09:16:54Z,2026-07-05T09:16:54Z
mobi_vancouver,mobi_vancouver_662f3d37-d632-4ba9-88e9-a20a1dd541ae,662f3d37-d632-4ba9-88e9-a20a1dd541ae,49.263518,-123.09568,2,FALSE,FALSE,5600,0262,1783242986,2026-07-05T09:16:55Z,2026-07-05T09:16:55Z,2026-07-05T09:16:25Z,2.2,https://gbfs.kappa.fifteen.eu/gbfs/2.2/mobi/en/gbfs.json,https://gbfs.kappa.fifteen.eu/gbfs/2.2/mobi/en/free_bike_status.json,2026-07-05T09:16:54Z,2026-07-05T09:16:54Z
mobi_vancouver,mobi_vancouver_fedf0290-f43b-4348-9f19-cbbea083819e,fedf0290-f43b-4348-9f19-cbbea083819e,49.261188,-123.066009,2,FALSE,FALSE,5600,0274,1783242986,2026-07-05T09:16:55Z,2026-07-05T09:16:55Z,2026-07-05T09:16:25Z,2.2,https://gbfs.kappa.fifteen.eu/gbfs/2.2/mobi/en/gbfs.json,https://gbfs.kappa.fifteen.eu/gbfs/2.2/mobi/en/free_bike_status.json,2026-07-05T09:16:54Z,2026-07-05T09:16:54Z
mobi_vancouver,mobi_vancouver_bd52b07b-b4c9-4260-bafd-13517f86af5f,bd52b07b-b4c9-4260-bafd-13517f86af5f,49.245135,-123.116098,2,FALSE,FALSE,5600,0526,1783242986,2026-07-05T09:16:55Z,2026-07-05T09:16:55Z,2026-07-05T09:16:25Z,2.2,https://gbfs.kappa.fifteen.eu/gbfs/2.2/mobi/en/gbfs.json,https://gbfs.kappa.fifteen.eu/gbfs/2.2/mobi/en/free_bike_status.json,2026-07-05T09:16:54Z,2026-07-05T09:16:54Z
mobi_vancouver,mobi_vancouver_99d22670-d373-4c3b-bbcb-baebe17edba1,99d22670-d373-4c3b-bbcb-baebe17edba1,49.251358,-123.115637,2,FALSE,FALSE,5600,0532,1783242986,2026-07-05T09:16:55Z,2026-07-05T09:16:55Z,2026-07-05T09:16:25Z,2.2,https://gbfs.kappa.fifteen.eu/gbfs/2.2/mobi/en/gbfs.json,https://gbfs.kappa.fifteen.eu/gbfs/2.2/mobi/en/free_bike_status.json,2026-07-05T09:16:54Z,2026-07-05T09:16:54Z
mobi_vancouver,mobi_vancouver_06e3e200-7c96-4560-add4-0eb6034c5082,06e3e200-7c96-4560-add4-0eb6034c5082,49.27808,-123.130557,2,FALSE,FALSE,6000,0089,1783242986,2026-07-05T09:16:55Z,2026-07-05T09:16:55Z,2026-07-05T09:16:25Z,2.2,https://gbfs.kappa.fifteen.eu/gbfs/2.2/mobi/en/gbfs.json,https://gbfs.kappa.fifteen.eu/gbfs/2.2/mobi/en/free_bike_status.json,2026-07-05T09:16:54Z,2026-07-05T09:16:54Z
mobi_vancouver,mobi_vancouver_6f2468f1-a2bb-408c-afed-1e53b3f19759,6f2468f1-a2bb-408c-afed-1e53b3f19759,49.277844,-123.120942,2,FALSE,FALSE,6000,0079,1783242986,2026-07-05T09:16:55Z,2026-07-05T09:16:55Z,2026-07-05T09:16:25Z,2.2,https://gbfs.kappa.fifteen.eu/gbfs/2.2/mobi/en/gbfs.json,https://gbfs.kappa.fifteen.eu/gbfs/2.2/mobi/en/free_bike_status.json,2026-07-05T09:16:54Z,2026-07-05T09:16:54Z
mobi_vancouver,mobi_vancouver_1c1568cb-521f-4d56-bebb-1a28e542cc90,1c1568cb-521f-4d56-bebb-1a28e542cc90,49.266636,-123.183661,2,FALSE,FALSE,6000,0414,1783242986,2026-07-05T09:16:55Z,2026-07-05T09:16:55Z,2026-07-05T09:16:25Z,2.2,https://gbfs.kappa.fifteen.eu/gbfs/2.2/mobi/en/gbfs.json,https://gbfs.kappa.fifteen.eu/gbfs/2.2/mobi/en/free_bike_status.json,2026-07-05T09:16:54Z,2026-07-05T09:16:54Z
mobi_vancouver,mobi_vancouver_9e5f086f-30cf-4e14-b97c-c42aac5ec888,9e5f086f-30cf-4e14-b97c-c42aac5ec888,49.278095,-123.114685,2,FALSE,FALSE,6400,0026,1783242986,2026-07-05T09:16:55Z,2026-07-05T09:16:55Z,2026-07-05T09:16:25Z,2.2,https://gbfs.kappa.fifteen.eu/gbfs/2.2/mobi/en/gbfs.json,https://gbfs.kappa.fifteen.eu/gbfs/2.2/mobi/en/free_bike_status.json,2026-07-05T09:16:54Z,2026-07-05T09:16:54Z
mobi_vancouver,mobi_vancouver_51929ad9-453b-4297-9cb8-274f725124a4,51929ad9-453b-4297-9cb8-274f725124a4,49.27821,-123.136972,2,FALSE,FALSE,6400,0083,1783242986,2026-07-05T09:16:55Z,2026-07-05T09:16:55Z,2026-07-05T09:16:25Z,2.2,https://gbfs.kappa.fifteen.eu/gbfs/2.2/mobi/en/gbfs.json,https://gbfs.kappa.fifteen.eu/gbfs/2.2/mobi/en/free_bike_status.json,2026-07-05T09:16:54Z,2026-07-05T09:16:54Z
mobi_vancouver,mobi_vancouver_a1f875e5-717d-4ab3-8996-05087789c9a3,a1f875e5-717d-4ab3-8996-05087789c9a3,49.261973,-123.09725,2,FALSE,FALSE,6400,0186,1783242986,2026-07-05T09:16:55Z,2026-07-05T09:16:55Z,2026-07-05T09:16:25Z,2.2,https://gbfs.kappa.fifteen.eu/gbfs/2.2/mobi/en/gbfs.json,https://gbfs.kappa.fifteen.eu/gbfs/2.2/mobi/en/free_bike_status.json,2026-07-05T09:16:54Z,2026-07-05T09:16:54Z
mobi_vancouver,mobi_vancouver_066715ec-51d3-4f68-82c5-84f3ed58fcbf,066715ec-51d3-4f68-82c5-84f3ed58fcbf,49.282087,-123.056909,2,FALSE,FALSE,6400,0642,1783242986,2026-07-05T09:16:55Z,2026-07-05T09:16:55Z,2026-07-05T09:16:25Z,2.2,https://gbfs.kappa.fifteen.eu/gbfs/2.2/mobi/en/gbfs.json,https://gbfs.kappa.fifteen.eu/gbfs/2.2/mobi/en/free_bike_status.json,2026-07-05T09:16:54Z,2026-07-05T09:16:54Z
mobi_vancouver,mobi_vancouver_b9c095e2-33f2-46a6-b02a-9325dd5efa32,b9c095e2-33f2-46a6-b02a-9325dd5efa32,49.284605,-123.108662,1,FALSE,FALSE,6800,0052,1783242986,2026-07-05T09:16:55Z,2026-07-05T09:16:55Z,2026-07-05T09:16:25Z,2.2,https://gbfs.kappa.fifteen.eu/gbfs/2.2/mobi/en/gbfs.json,https://gbfs.kappa.fifteen.eu/gbfs/2.2/mobi/en/free_bike_status.json,2026-07-05T09:16:54Z,2026-07-05T09:16:54Z
mobi_vancouver,mobi_vancouver_219b9bc5-7b3b-469c-9e7a-4cdbe4e37778,219b9bc5-7b3b-469c-9e7a-4cdbe4e37778,49.273663,-123.127075,2,FALSE,FALSE,6800,0044,1783242986,2026-07-05T09:16:55Z,2026-07-05T09:16:55Z,2026-07-05T09:16:25Z,2.2,https://gbfs.kappa.fifteen.eu/gbfs/2.2/mobi/en/gbfs.json,https://gbfs.kappa.fifteen.eu/gbfs/2.2/mobi/en/free_bike_status.json,2026-07-05T09:16:54Z,2026-07-05T09:16:54Z
mobi_vancouver,mobi_vancouver_f86c6626-0bfc-4998-83d4-94e15a9711b7,f86c6626-0bfc-4998-83d4-94e15a9711b7,49.283749,-123.136133,2,FALSE,FALSE,6800,0087,1783242986,2026-07-05T09:16:55Z,2026-07-05T09:16:55Z,2026-07-05T09:16:25Z,2.2,https://gbfs.kappa.fifteen.eu/gbfs/2.2/mobi/en/gbfs.json,https://gbfs.kappa.fifteen.eu/gbfs/2.2/mobi/en/free_bike_status.json,2026-07-05T09:16:54Z,2026-07-05T09:16:54Z
mobi_vancouver,mobi_vancouver_f2560d44-f2fa-42a3-ad50-ff2b6b3112d9,f2560d44-f2fa-42a3-ad50-ff2b6b3112d9,49.266751,-123.073501,2,FALSE,FALSE,6800,0250,1783242986,2026-07-05T09:16:55Z,2026-07-05T09:16:55Z,2026-07-05T09:16:25Z,2.2,https://gbfs.kappa.fifteen.eu/gbfs/2.2/mobi/en/gbfs.json,https://gbfs.kappa.fifteen.eu/gbfs/2.2/mobi/en/free_bike_status.json,2026-07-05T09:16:54Z,2026-07-05T09:16:54Z
mobi_vancouver,mobi_vancouver_36c26c7a-4c0b-4629-b3fa-6f7461cceba6,36c26c7a-4c0b-4629-b3fa-6f7461cceba6,49.272969,-123.164325,2,FALSE,FALSE,6800,0460,1783242986,2026-07-05T09:16:55Z,2026-07-05T09:16:55Z,2026-07-05T09:16:25Z,2.2,https://gbfs.kappa.fifteen.eu/gbfs/2.2/mobi/en/gbfs.json,https://gbfs.kappa.fifteen.eu/gbfs/2.2/mobi/en/free_bike_status.json,2026-07-05T09:16:54Z,2026-07-05T09:16:54Z
mobi_vancouver,mobi_vancouver_c5c3f291-cb5a-4293-bdcd-06abfd1e0607,c5c3f291-cb5a-4293-bdcd-06abfd1e0607,49.266924,-123.173849,2,FALSE,FALSE,6800,0443,1783242986,2026-07-05T09:16:55Z,2026-07-05T09:16:55Z,2026-07-05T09:16:25Z,2.2,https://gbfs.kappa.fifteen.eu/gbfs/2.2/mobi/en/gbfs.json,https://gbfs.kappa.fifteen.eu/gbfs/2.2/mobi/en/free_bike_status.json,2026-07-05T09:16:54Z,2026-07-05T09:16:54Z
mobi_vancouver,mobi_vancouver_1f5a98b5-cc43-44f4-82a6-7575038abad3,1f5a98b5-cc43-44f4-82a6-7575038abad3,49.268837,-123.177633,2,FALSE,FALSE,6800,0431,1783242986,2026-07-05T09:16:55Z,2026-07-05T09:16:55Z,2026-07-05T09:16:25Z,2.2,https://gbfs.kappa.fifteen.eu/gbfs/2.2/mobi/en/gbfs.json,https://gbfs.kappa.fifteen.eu/gbfs/2.2/mobi/en/free_bike_status.json,2026-07-05T09:16:54Z,2026-07-05T09:16:54Z
mobi_vancouver,mobi_vancouver_cd031a3e-81ed-4cb7-968c-f0ee5bba8cd5,cd031a3e-81ed-4cb7-968c-f0ee5bba8cd5,49.249722,-123.104991,2,FALSE,FALSE,6800,0554,1783242986,2026-07-05T09:16:55Z,2026-07-05T09:16:55Z,2026-07-05T09:16:25Z,2.2,https://gbfs.kappa.fifteen.eu/gbfs/2.2/mobi/en/gbfs.json,https://gbfs.kappa.fifteen.eu/gbfs/2.2/mobi/en/free_bike_status.json,2026-07-05T09:16:54Z,2026-07-05T09:16:54Z
mobi_vancouver,mobi_vancouver_daf4d7af-8625-477b-a56b-23deee9bbf85,daf4d7af-8625-477b-a56b-23deee9bbf85,49.279764,-123.110154,2,FALSE,FALSE,7200,0005,1783242986,2026-07-05T09:16:55Z,2026-07-05T09:16:55Z,2026-07-05T09:16:25Z,2.2,https://gbfs.kappa.fifteen.eu/gbfs/2.2/mobi/en/gbfs.json,https://gbfs.kappa.fifteen.eu/gbfs/2.2/mobi/en/free_bike_status.json,2026-07-05T09:16:54Z,2026-07-05T09:16:54Z
mobi_vancouver,mobi_vancouver_20383f6f-47f9-47b9-9c9b-67b80508f7b7,20383f6f-47f9-47b9-9c9b-67b80508f7b7,49.280216,-123.117639,2,FALSE,FALSE,7200,0129,1783242986,2026-07-05T09:16:55Z,2026-07-05T09:16:55Z,2026-07-05T09:16:25Z,2.2,https://gbfs.kappa.fifteen.eu/gbfs/2.2/mobi/en/gbfs.json,https://gbfs.kappa.fifteen.eu/gbfs/2.2/mobi/en/free_bike_status.json,2026-07-05T09:16:54Z,2026-07-05T09:16:54Z
mobi_vancouver,mobi_vancouver_3dbc097f-ffd5-4817-be6f-cb36171855b2,3dbc097f-ffd5-4817-be6f-cb36171855b2,49.275683,-123.124388,2,FALSE,FALSE,7200,0082,1783242986,2026-07-05T09:16:55Z,2026-07-05T09:16:55Z,2026-07-05T09:16:25Z,2.2,https://gbfs.kappa.fifteen.eu/gbfs/2.2/mobi/en/gbfs.json,https://gbfs.kappa.fifteen.eu/gbfs/2.2/mobi/en/free_bike_status.json,2026-07-05T09:16:54Z,2026-07-05T09:16:54Z
mobi_vancouver,mobi_vancouver_5caabffa-6ff5-40e2-8c61-037f0cfb86b0,5caabffa-6ff5-40e2-8c61-037f0cfb86b0,49.283298,-123.142288,2,FALSE,FALSE,7200,0044,1783242986,2026-07-05T09:16:55Z,2026-07-05T09:16:55Z,2026-07-05T09:16:25Z,2.2,https://gbfs.kappa.fifteen.eu/gbfs/2.2/mobi/en/gbfs.json,https://gbfs.kappa.fifteen.eu/gbfs/2.2/mobi/en/free_bike_status.json,2026-07-05T09:16:54Z,2026-07-05T09:16:54Z
mobi_vancouver,mobi_vancouver_c4906faa-20ff-47fc-9de1-3f387e9839bb,c4906faa-20ff-47fc-9de1-3f387e9839bb,49.258761,-123.127071,2,FALSE,FALSE,7200,0202,1783242986,2026-07-05T09:16:55Z,2026-07-05T09:16:55Z,2026-07-05T09:16:25Z,2.2,https://gbfs.kappa.fifteen.eu/gbfs/2.2/mobi/en/gbfs.json,https://gbfs.kappa.fifteen.eu/gbfs/2.2/mobi/en/free_bike_status.json,2026-07-05T09:16:54Z,2026-07-05T09:16:54Z
mobi_vancouver,mobi_vancouver_5a1a3cf6-0764-4019-aaf5-542e507c76a2,5a1a3cf6-0764-4019-aaf5-542e507c76a2,49.257985,-123.083366,2,FALSE,FALSE,7200,0281,1783242986,2026-07-05T09:16:55Z,2026-07-05T09:16:55Z,2026-07-05T09:16:25Z,2.2,https://gbfs.kappa.fifteen.eu/gbfs/2.2/mobi/en/gbfs.json,https://gbfs.kappa.fifteen.eu/gbfs/2.2/mobi/en/free_bike_status.json,2026-07-05T09:16:54Z,2026-07-05T09:16:54Z
mobi_vancouver,mobi_vancouver_332854d9-1953-4ed9-8454-c8f46f43f7bc,332854d9-1953-4ed9-8454-c8f46f43f7bc,49.277615,-123.091654,2,FALSE,FALSE,7200,0215,1783242986,2026-07-05T09:16:55Z,2026-07-05T09:16:55Z,2026-07-05T09:16:25Z,2.2,https://gbfs.kappa.fifteen.eu/gbfs/2.2/mobi/en/gbfs.json,https://gbfs.kappa.fifteen.eu/gbfs/2.2/mobi/en/free_bike_status.json,2026-07-05T09:16:54Z,2026-07-05T09:16:54Z
mobi_vancouver,mobi_vancouver_2d1ff4c5-1cc8-4341-b4f4-fcf60b399f1a,2d1ff4c5-1cc8-4341-b4f4-fcf60b399f1a,49.282503,-123.124697,2,FALSE,FALSE,7200,0217,1783242986,2026-07-05T09:16:55Z,2026-07-05T09:16:55Z,2026-07-05T09:16:25Z,2.2,https://gbfs.kappa.fifteen.eu/gbfs/2.2/mobi/en/gbfs.json,https://gbfs.kappa.fifteen.eu/gbfs/2.2/mobi/en/free_bike_status.json,2026-07-05T09:16:54Z,2026-07-05T09:16:54Z
mobi_vancouver,mobi_vancouver_47509b6f-833e-4e0c-9a4f-e5f4155edbd7,47509b6f-833e-4e0c-9a4f-e5f4155edbd7,49.254818,-123.114785,1,FALSE,FALSE,7200,0531,1783242986,2026-07-05T09:16:55Z,2026-07-05T09:16:55Z,2026-07-05T09:16:25Z,2.2,https://gbfs.kappa.fifteen.eu/gbfs/2.2/mobi/en/gbfs.json,https://gbfs.kappa.fifteen.eu/gbfs/2.2/mobi/en/free_bike_status.json,2026-07-05T09:16:54Z,2026-07-05T09:16:54Z
mobi_vancouver,mobi_vancouver_a64e1117-69cd-4e8c-8d12-992ec3fc073d,a64e1117-69cd-4e8c-8d12-992ec3fc073d,49.274232,-123.129998,1,FALSE,FALSE,7200,0314,1783242986,2026-07-05T09:16:55Z,2026-07-05T09:16:55Z,2026-07-05T09:16:25Z,2.2,https://gbfs.kappa.fifteen.eu/gbfs/2.2/mobi/en/gbfs.json,https://gbfs.kappa.fifteen.eu/gbfs/2.2/mobi/en/free_bike_status.json,2026-07-05T09:16:54Z,2026-07-05T09:16:54Z
mobi_vancouver,mobi_vancouver_b1e92735-d23b-4835-9b14-53470c408dc2,b1e92735-d23b-4835-9b14-53470c408dc2,49.243375,-123.104978,2,FALSE,FALSE,7200,0557,1783242986,2026-07-05T09:16:55Z,2026-07-05T09:16:55Z,2026-07-05T09:16:25Z,2.2,https://gbfs.kappa.fifteen.eu/gbfs/2.2/mobi/en/gbfs.json,https://gbfs.kappa.fifteen.eu/gbfs/2.2/mobi/en/free_bike_status.json,2026-07-05T09:16:54Z,2026-07-05T09:16:54Z
mobi_vancouver,mobi_vancouver_8e392cbd-d87f-498d-9acd-ffa72d36964c,8e392cbd-d87f-498d-9acd-ffa72d36964c,49.25976,-123.2479,1,FALSE,FALSE,7200,2127,1783242986,2026-07-05T09:16:55Z,2026-07-05T09:16:55Z,2026-07-05T09:16:25Z,2.2,https://gbfs.kappa.fifteen.eu/gbfs/2.2/mobi/en/gbfs.json,https://gbfs.kappa.fifteen.eu/gbfs/2.2/mobi/en/free_bike_status.json,2026-07-05T09:16:54Z,2026-07-05T09:16:54Z
mobi_vancouver,mobi_vancouver_58c64138-2c1e-4ec1-acb4-168880370b48,58c64138-2c1e-4ec1-acb4-168880370b48,49.27709,-123.07589,2,FALSE,FALSE,7200,,1783242986,2026-07-05T09:16:55Z,2026-07-05T09:16:55Z,2026-07-05T09:16:25Z,2.2,https://gbfs.kappa.fifteen.eu/gbfs/2.2/mobi/en/gbfs.json,https://gbfs.kappa.fifteen.eu/gbfs/2.2/mobi/en/free_bike_status.json,2026-07-05T09:16:54Z,2026-07-05T09:16:54Z
mobi_vancouver,mobi_vancouver_1150df89-1ce9-42aa-9c50-2508cf328a1c,1150df89-1ce9-42aa-9c50-2508cf328a1c,49.275679,-123.116963,2,FALSE,FALSE,7600,0027,1783242986,2026-07-05T09:16:55Z,2026-07-05T09:16:55Z,2026-07-05T09:16:25Z,2.2,https://gbfs.kappa.fifteen.eu/gbfs/2.2/mobi/en/gbfs.json,https://gbfs.kappa.fifteen.eu/gbfs/2.2/mobi/en/free_bike_status.json,2026-07-05T09:16:54Z,2026-07-05T09:16:54Z
mobi_vancouver,mobi_vancouver_03afe8da-9542-45c9-9d3a-b5a16d2d7be5,03afe8da-9542-45c9-9d3a-b5a16d2d7be5,49.28062,-123.12482,2,FALSE,FALSE,7600,0037,1783242986,2026-07-05T09:16:55Z,2026-07-05T09:16:55Z,2026-07-05T09:16:25Z,2.2,https://gbfs.kappa.fifteen.eu/gbfs/2.2/mobi/en/gbfs.json,https://gbfs.kappa.fifteen.eu/gbfs/2.2/mobi/en/free_bike_status.json,2026-07-05T09:16:54Z,2026-07-05T09:16:54Z
mobi_vancouver,mobi_vancouver_26549a80-7b3a-4288-957e-07ff42f9d3ef,26549a80-7b3a-4288-957e-07ff42f9d3ef,49.276436,-123.11877,2,FALSE,FALSE,7600,0078,1783242986,2026-07-05T09:16:55Z,2026-07-05T09:16:55Z,2026-07-05T09:16:25Z,2.2,https://gbfs.kappa.fifteen.eu/gbfs/2.2/mobi/en/gbfs.json,https://gbfs.kappa.fifteen.eu/gbfs/2.2/mobi/en/free_bike_status.json,2026-07-05T09:16:54Z,2026-07-05T09:16:54Z
mobi_vancouver,mobi_vancouver_83c246ab-3217-4050-ad31-0595b8a80815,83c246ab-3217-4050-ad31-0595b8a80815,49.277166,-123.129833,2,FALSE,FALSE,7600,0019,1783242986,2026-07-05T09:16:55Z,2026-07-05T09:16:55Z,2026-07-05T09:16:25Z,2.2,https://gbfs.kappa.fifteen.eu/gbfs/2.2/mobi/en/gbfs.json,https://gbfs.kappa.fifteen.eu/gbfs/2.2/mobi/en/free_bike_status.json,2026-07-05T09:16:54Z,2026-07-05T09:16:54Z
mobi_vancouver,mobi_vancouver_89ec4b9f-e0a5-4cae-b44e-0c2e82158f91,89ec4b9f-e0a5-4cae-b44e-0c2e82158f91,49.25849,-123.104799,2,FALSE,FALSE,7600,0132,1783242986,2026-07-05T09:16:55Z,2026-07-05T09:16:55Z,2026-07-05T09:16:25Z,2.2,https://gbfs.kappa.fifteen.eu/gbfs/2.2/mobi/en/gbfs.json,https://gbfs.kappa.fifteen.eu/gbfs/2.2/mobi/en/free_bike_status.json,2026-07-05T09:16:54Z,2026-07-05T09:16:54Z
mobi_vancouver,mobi_vancouver_95090bc2-6b6c-4285-be07-1c4bf658158a,95090bc2-6b6c-4285-be07-1c4bf658158a,49.283749,-123.136133,2,FALSE,FALSE,7600,0087,1783242986,2026-07-05T09:16:55Z,2026-07-05T09:16:55Z,2026-07-05T09:16:25Z,2.2,https://gbfs.kappa.fifteen.eu/gbfs/2.2/mobi/en/gbfs.json,https://gbfs.kappa.fifteen.eu/gbfs/2.2/mobi/en/free_bike_status.json,2026-07-05T09:16:54Z,2026-07-05T09:16:54Z
mobi_vancouver,mobi_vancouver_4dbb5370-3f6e-430a-9468-8a94a778ed67,4dbb5370-3f6e-430a-9468-8a94a778ed67,49.261122,-123.097571,2,FALSE,FALSE,7600,0179,1783242986,2026-07-05T09:16:55Z,2026-07-05T09:16:55Z,2026-07-05T09:16:25Z,2.2,https://gbfs.kappa.fifteen.eu/gbfs/2.2/mobi/en/gbfs.json,https://gbfs.kappa.fifteen.eu/gbfs/2.2/mobi/en/free_bike_status.json,2026-07-05T09:16:54Z,2026-07-05T09:16:54Z
mobi_vancouver,mobi_vancouver_91b82111-e90c-44b9-b02d-9ceeaca57c4b,91b82111-e90c-44b9-b02d-9ceeaca57c4b,49.282055,-123.133045,1,FALSE,FALSE,8000,0187,1783242986,2026-07-05T09:16:55Z,2026-07-05T09:16:55Z,2026-07-05T09:16:25Z,2.2,https://gbfs.kappa.fifteen.eu/gbfs/2.2/mobi/en/gbfs.json,https://gbfs.kappa.fifteen.eu/gbfs/2.2/mobi/en/free_bike_status.json,2026-07-05T09:16:54Z,2026-07-05T09:16:54Z
mobi_vancouver,mobi_vancouver_3249a0e3-2258-4344-ae32-b5dc64df702a,3249a0e3-2258-4344-ae32-b5dc64df702a,49.261742,-123.13148,1,FALSE,FALSE,8000,0166,1783242986,2026-07-05T09:16:55Z,2026-07-05T09:16:55Z,2026-07-05T09:16:25Z,2.2,https://gbfs.kappa.fifteen.eu/gbfs/2.2/mobi/en/gbfs.json,https://gbfs.kappa.fifteen.eu/gbfs/2.2/mobi/en/free_bike_status.json,2026-07-05T09:16:54Z,2026-07-05T09:16:54Z
mobi_vancouver,mobi_vancouver_09e788da-62d1-4f9f-a979-653500aa1557,09e788da-62d1-4f9f-a979-653500aa1557,49.27709,-123.07589,2,FALSE,FALSE,8000,,1783242986,2026-07-05T09:16:55Z,2026-07-05T09:16:55Z,2026-07-05T09:16:25Z,2.2,https://gbfs.kappa.fifteen.eu/gbfs/2.2/mobi/en/gbfs.json,https://gbfs.kappa.fifteen.eu/gbfs/2.2/mobi/en/free_bike_status.json,2026-07-05T09:16:54Z,2026-07-05T09:16:54Z
mobi_vancouver,mobi_vancouver_fcf2eb7f-dcbc-442d-b677-43e411170627,fcf2eb7f-dcbc-442d-b677-43e411170627,49.277595,-123.09583,2,FALSE,FALSE,8400,0212,1783242986,2026-07-05T09:16:55Z,2026-07-05T09:16:55Z,2026-07-05T09:16:25Z,2.2,https://gbfs.kappa.fifteen.eu/gbfs/2.2/mobi/en/gbfs.json,https://gbfs.kappa.fifteen.eu/gbfs/2.2/mobi/en/free_bike_status.json,2026-07-05T09:16:54Z,2026-07-05T09:16:54Z
mobi_vancouver,mobi_vancouver_0af20982-7d44-47ce-934d-d9bfee056f13,0af20982-7d44-47ce-934d-d9bfee056f13,49.267725,-123.11311,2,FALSE,FALSE,8400,0144,1783242986,2026-07-05T09:16:55Z,2026-07-05T09:16:55Z,2026-07-05T09:16:25Z,2.2,https://gbfs.kappa.fifteen.eu/gbfs/2.2/mobi/en/gbfs.json,https://gbfs.kappa.fifteen.eu/gbfs/2.2/mobi/en/free_bike_status.json,2026-07-05T09:16:54Z,2026-07-05T09:16:54Z
mobi_vancouver,mobi_vancouver_0e79052c-898c-4daf-8ed6-42a6ac87edd3,0e79052c-898c-4daf-8ed6-42a6ac87edd3,49.275679,-123.116963,2,FALSE,FALSE,8800,0027,1783242986,2026-07-05T09:16:55Z,2026-07-05T09:16:55Z,2026-07-05T09:16:25Z,2.2,https://gbfs.kappa.fifteen.eu/gbfs/2.2/mobi/en/gbfs.json,https://gbfs.kappa.fifteen.eu/gbfs/2.2/mobi/en/free_bike_status.json,2026-07-05T09:16:54Z,2026-07-05T09:16:54Z
mobi_vancouver,mobi_vancouver_617c076d-f082-4fd4-b523-3a6cc16b9e30,617c076d-f082-4fd4-b523-3a6cc16b9e30,49.265605,-123.152566,2,FALSE,FALSE,8800,0109,1783242986,2026-07-05T09:16:55Z,2026-07-05T09:16:55Z,2026-07-05T09:16:25Z,2.2,https://gbfs.kappa.fifteen.eu/gbfs/2.2/mobi/en/gbfs.json,https://gbfs.kappa.fifteen.eu/gbfs/2.2/mobi/en/free_bike_status.json,2026-07-05T09:16:54Z,2026-07-05T09:16:54Z
mobi_vancouver,mobi_vancouver_52c2d92a-fbc6-4d8d-b3a6-fae1fdd74a6d,52c2d92a-fbc6-4d8d-b3a6-fae1fdd74a6d,49.257654,-123.153212,2,FALSE,FALSE,8800,0113,1783242986,2026-07-05T09:16:55Z,2026-07-05T09:16:55Z,2026-07-05T09:16:25Z,2.2,https://gbfs.kappa.fifteen.eu/gbfs/2.2/mobi/en/gbfs.json,https://gbfs.kappa.fifteen.eu/gbfs/2.2/mobi/en/free_bike_status.json,2026-07-05T09:16:54Z,2026-07-05T09:16:54Z
mobi_vancouver,mobi_vancouver_1388f542-b323-449a-b8ec-1b049c96ef6e,1388f542-b323-449a-b8ec-1b049c96ef6e,49.284062,-123.095097,2,FALSE,FALSE,8800,0161,1783242986,2026-07-05T09:16:55Z,2026-07-05T09:16:55Z,2026-07-05T09:16:25Z,2.2,https://gbfs.kappa.fifteen.eu/gbfs/2.2/mobi/en/gbfs.json,https://gbfs.kappa.fifteen.eu/gbfs/2.2/mobi/en/free_bike_status.json,2026-07-05T09:16:54Z,2026-07-05T09:16:54Z
mobi_vancouver,mobi_vancouver_d776b0e9-8e09-44db-aedb-c969968f4288,d776b0e9-8e09-44db-aedb-c969968f4288,49.274881,-123.069323,1,FALSE,FALSE,8800,0224,1783242986,2026-07-05T09:16:55Z,2026-07-05T09:16:55Z,2026-07-05T09:16:25Z,2.2,https://gbfs.kappa.fifteen.eu/gbfs/2.2/mobi/en/gbfs.json,https://gbfs.kappa.fifteen.eu/gbfs/2.2/mobi/en/free_bike_status.json,2026-07-05T09:16:54Z,2026-07-05T09:16:54Z
mobi_vancouver,mobi_vancouver_8b19211d-9083-439d-b49c-45a4df3b8e3e,8b19211d-9083-439d-b49c-45a4df3b8e3e,49.302577,-123.155616,2,FALSE,FALSE,8800,0103,1783242986,2026-07-05T09:16:55Z,2026-07-05T09:16:55Z,2026-07-05T09:16:25Z,2.2,https://gbfs.kappa.fifteen.eu/gbfs/2.2/mobi/en/gbfs.json,https://gbfs.kappa.fifteen.eu/gbfs/2.2/mobi/en/free_bike_status.json,2026-07-05T09:16:54Z,2026-07-05T09:16:54Z
mobi_vancouver,mobi_vancouver_31a75159-8cf8-49a1-9356-898e0405261c,31a75159-8cf8-49a1-9356-898e0405261c,49.302577,-123.155616,2,FALSE,FALSE,8800,0103,1783242986,2026-07-05T09:16:55Z,2026-07-05T09:16:55Z,2026-07-05T09:16:25Z,2.2,https://gbfs.kappa.fifteen.eu/gbfs/2.2/mobi/en/gbfs.json,https://gbfs.kappa.fifteen.eu/gbfs/2.2/mobi/en/free_bike_status.json,2026-07-05T09:16:54Z,2026-07-05T09:16:54Z
mobi_vancouver,mobi_vancouver_79061176-187d-43ee-a69c-be79d24fd52c,79061176-187d-43ee-a69c-be79d24fd52c,49.282503,-123.124697,2,FALSE,FALSE,8800,0217,1783242986,2026-07-05T09:16:55Z,2026-07-05T09:16:55Z,2026-07-05T09:16:25Z,2.2,https://gbfs.kappa.fifteen.eu/gbfs/2.2/mobi/en/gbfs.json,https://gbfs.kappa.fifteen.eu/gbfs/2.2/mobi/en/free_bike_status.json,2026-07-05T09:16:54Z,2026-07-05T09:16:54Z
mobi_vancouver,mobi_vancouver_2e18e56b-655e-4d04-ab6c-3816ac65788a,2e18e56b-655e-4d04-ab6c-3816ac65788a,49.263962,-123.112621,2,FALSE,FALSE,8800,0170,1783242986,2026-07-05T09:16:55Z,2026-07-05T09:16:55Z,2026-07-05T09:16:25Z,2.2,https://gbfs.kappa.fifteen.eu/gbfs/2.2/mobi/en/gbfs.json,https://gbfs.kappa.fifteen.eu/gbfs/2.2/mobi/en/free_bike_status.json,2026-07-05T09:16:54Z,2026-07-05T09:16:54Z
mobi_vancouver,mobi_vancouver_e6bcfe32-5dfa-425a-b5b2-109b1c718191,e6bcfe32-5dfa-425a-b5b2-109b1c718191,49.263073,-123.254307,2,FALSE,FALSE,8800,2114,1783242986,2026-07-05T09:16:55Z,2026-07-05T09:16:55Z,2026-07-05T09:16:25Z,2.2,https://gbfs.kappa.fifteen.eu/gbfs/2.2/mobi/en/gbfs.json,https://gbfs.kappa.fifteen.eu/gbfs/2.2/mobi/en/free_bike_status.json,2026-07-05T09:16:54Z,2026-07-05T09:16:54Z
mobi_vancouver,mobi_vancouver_375fbf49-3815-4b93-b9ff-0d91e8103542,375fbf49-3815-4b93-b9ff-0d91e8103542,49.25478,-123.23621,2,FALSE,FALSE,8800,2252,1783242986,2026-07-05T09:16:55Z,2026-07-05T09:16:55Z,2026-07-05T09:16:25Z,2.2,https://gbfs.kappa.fifteen.eu/gbfs/2.2/mobi/en/gbfs.json,https://gbfs.kappa.fifteen.eu/gbfs/2.2/mobi/en/free_bike_status.json,2026-07-05T09:16:54Z,2026-07-05T09:16:54Z
mobi_vancouver,mobi_vancouver_b7b95b3d-393c-484c-bf26-6a19dc876771,b7b95b3d-393c-484c-bf26-6a19dc876771,49.293264,-123.132861,2,FALSE,FALSE,8800,0181,1783242986,2026-07-05T09:16:55Z,2026-07-05T09:16:55Z,2026-07-05T09:16:25Z,2.2,https://gbfs.kappa.fifteen.eu/gbfs/2.2/mobi/en/gbfs.json,https://gbfs.kappa.fifteen.eu/gbfs/2.2/mobi/en/free_bike_status.json,2026-07-05T09:16:54Z,2026-07-05T09:16:54Z
mobi_vancouver,mobi_vancouver_4e9408ff-1845-4ea5-be07-62b41c3e6a07,4e9408ff-1845-4ea5-be07-62b41c3e6a07,49.265939,-123.1129,2,FALSE,FALSE,9200,0171,1783242986,2026-07-05T09:16:55Z,2026-07-05T09:16:55Z,2026-07-05T09:16:25Z,2.2,https://gbfs.kappa.fifteen.eu/gbfs/2.2/mobi/en/gbfs.json,https://gbfs.kappa.fifteen.eu/gbfs/2.2/mobi/en/free_bike_status.json,2026-07-05T09:16:54Z,2026-07-05T09:16:54Z
mobi_vancouver,mobi_vancouver_f922d93a-03fa-4fb8-ad9b-ba242582bc83,f922d93a-03fa-4fb8-ad9b-ba242582bc83,49.270905,-123.126006,2,FALSE,FALSE,9200,0136,1783242986,2026-07-05T09:16:55Z,2026-07-05T09:16:55Z,2026-07-05T09:16:25Z,2.2,https://gbfs.kappa.fifteen.eu/gbfs/2.2/mobi/en/gbfs.json,https://gbfs.kappa.fifteen.eu/gbfs/2.2/mobi/en/free_bike_status.json,2026-07-05T09:16:54Z,2026-07-05T09:16:54Z
mobi_vancouver,mobi_vancouver_7025c3b0-8b1a-45cc-bb50-231dee4f25da,7025c3b0-8b1a-45cc-bb50-231dee4f25da,49.283227,-123.120523,2,FALSE,FALSE,9200,0099,1783242986,2026-07-05T09:16:55Z,2026-07-05T09:16:55Z,2026-07-05T09:16:25Z,2.2,https://gbfs.kappa.fifteen.eu/gbfs/2.2/mobi/en/gbfs.json,https://gbfs.kappa.fifteen.eu/gbfs/2.2/mobi/en/free_bike_status.json,2026-07-05T09:16:54Z,2026-07-05T09:16:54Z
mobi_vancouver,mobi_vancouver_7258945d-f440-49f9-a917-8a1125c5c68e,7258945d-f440-49f9-a917-8a1125c5c68e,49.262242,-123.081459,2,FALSE,FALSE,9200,0246,1783242986,2026-07-05T09:16:55Z,2026-07-05T09:16:55Z,2026-07-05T09:16:25Z,2.2,https://gbfs.kappa.fifteen.eu/gbfs/2.2/mobi/en/gbfs.json,https://gbfs.kappa.fifteen.eu/gbfs/2.2/mobi/en/free_bike_status.json,2026-07-05T09:16:54Z,2026-07-05T09:16:54Z
mobi_vancouver,mobi_vancouver_ac9c3496-bf70-4992-8292-760c7530d3a0,ac9c3496-bf70-4992-8292-760c7530d3a0,49.27247,-123.185643,2,FALSE,FALSE,9200,0410,1783242986,2026-07-05T09:16:55Z,2026-07-05T09:16:55Z,2026-07-05T09:16:25Z,2.2,https://gbfs.kappa.fifteen.eu/gbfs/2.2/mobi/en/gbfs.json,https://gbfs.kappa.fifteen.eu/gbfs/2.2/mobi/en/free_bike_status.json,2026-07-05T09:16:54Z,2026-07-05T09:16:54Z
mobi_vancouver,mobi_vancouver_cd595184-9330-41de-80cc-345dfc5d697f,cd595184-9330-41de-80cc-345dfc5d697f,49.258429,-123.101766,2,FALSE,FALSE,9600,0134,1783242986,2026-07-05T09:16:55Z,2026-07-05T09:16:55Z,2026-07-05T09:16:25Z,2.2,https://gbfs.kappa.fifteen.eu/gbfs/2.2/mobi/en/gbfs.json,https://gbfs.kappa.fifteen.eu/gbfs/2.2/mobi/en/free_bike_status.json,2026-07-05T09:16:54Z,2026-07-05T09:16:54Z
mobi_vancouver,mobi_vancouver_8e321e2f-a380-4145-b9f3-5a8a6960d6bb,8e321e2f-a380-4145-b9f3-5a8a6960d6bb,49.266774,-123.141135,1,FALSE,FALSE,9600,0153,1783242986,2026-07-05T09:16:55Z,2026-07-05T09:16:55Z,2026-07-05T09:16:25Z,2.2,https://gbfs.kappa.fifteen.eu/gbfs/2.2/mobi/en/gbfs.json,https://gbfs.kappa.fifteen.eu/gbfs/2.2/mobi/en/free_bike_status.json,2026-07-05T09:16:54Z,2026-07-05T09:16:54Z
mobi_vancouver,mobi_vancouver_548dea0a-3b07-44fa-92c6-b0c2bb618757,548dea0a-3b07-44fa-92c6-b0c2bb618757,49.28567,-123.112543,2,FALSE,FALSE,9600,0021,1783242986,2026-07-05T09:16:55Z,2026-07-05T09:16:55Z,2026-07-05T09:16:25Z,2.2,https://gbfs.kappa.fifteen.eu/gbfs/2.2/mobi/en/gbfs.json,https://gbfs.kappa.fifteen.eu/gbfs/2.2/mobi/en/free_bike_status.json,2026-07-05T09:16:54Z,2026-07-05T09:16:54Z
mobi_vancouver,mobi_vancouver_d7e0ae14-be85-41f0-bc0c-0552ac873f7b,d7e0ae14-be85-41f0-bc0c-0552ac873f7b,49.265071,-123.123864,1,FALSE,FALSE,9600,0191,1783242986,2026-07-05T09:16:55Z,2026-07-05T09:16:55Z,2026-07-05T09:16:25Z,2.2,https://gbfs.kappa.fifteen.eu/gbfs/2.2/mobi/en/gbfs.json,https://gbfs.kappa.fifteen.eu/gbfs/2.2/mobi/en/free_bike_status.json,2026-07-05T09:16:54Z,2026-07-05T09:16:54Z
mobi_vancouver,mobi_vancouver_1f75139f-d92f-4d15-b23e-9be1139368b8,1f75139f-d92f-4d15-b23e-9be1139368b8,49.282087,-123.056909,2,FALSE,FALSE,9600,0642,1783242986,2026-07-05T09:16:55Z,2026-07-05T09:16:55Z,2026-07-05T09:16:25Z,2.2,https://gbfs.kappa.fifteen.eu/gbfs/2.2/mobi/en/gbfs.json,https://gbfs.kappa.fifteen.eu/gbfs/2.2/mobi/en/free_bike_status.json,2026-07-05T09:16:54Z,2026-07-05T09:16:54Z
mobi_vancouver,mobi_vancouver_a9bf2f97-2abe-4775-a373-6f05a840c0fd,a9bf2f97-2abe-4775-a373-6f05a840c0fd,49.2585,-123.2521,1,FALSE,FALSE,9600,2117,1783242986,2026-07-05T09:16:55Z,2026-07-05T09:16:55Z,2026-07-05T09:16:25Z,2.2,https://gbfs.kappa.fifteen.eu/gbfs/2.2/mobi/en/gbfs.json,https://gbfs.kappa.fifteen.eu/gbfs/2.2/mobi/en/free_bike_status.json,2026-07-05T09:16:54Z,2026-07-05T09:16:54Z
mobi_vancouver,mobi_vancouver_8842c3d9-4de7-4e77-940c-870e4089f9e3,8842c3d9-4de7-4e77-940c-870e4089f9e3,49.271721,-123.104207,1,FALSE,FALSE,10000,0011,1783242986,2026-07-05T09:16:55Z,2026-07-05T09:16:55Z,2026-07-05T09:16:25Z,2.2,https://gbfs.kappa.fifteen.eu/gbfs/2.2/mobi/en/gbfs.json,https://gbfs.kappa.fifteen.eu/gbfs/2.2/mobi/en/free_bike_status.json,2026-07-05T09:16:54Z,2026-07-05T09:16:54Z
mobi_vancouver,mobi_vancouver_3a424642-c05e-4e9b-9e85-77410a07f5e4,3a424642-c05e-4e9b-9e85-77410a07f5e4,49.264215,-123.117772,2,FALSE,FALSE,10000,0008,1783242986,2026-07-05T09:16:55Z,2026-07-05T09:16:55Z,2026-07-05T09:16:25Z,2.2,https://gbfs.kappa.fifteen.eu/gbfs/2.2/mobi/en/gbfs.json,https://gbfs.kappa.fifteen.eu/gbfs/2.2/mobi/en/free_bike_status.json,2026-07-05T09:16:54Z,2026-07-05T09:16:54Z
mobi_vancouver,mobi_vancouver_b20e5533-3dde-40cd-868d-2f1f15fce7e8,b20e5533-3dde-40cd-868d-2f1f15fce7e8,49.28602,-123.116624,2,FALSE,FALSE,10000,0024,1783242986,2026-07-05T09:16:55Z,2026-07-05T09:16:55Z,2026-07-05T09:16:25Z,2.2,https://gbfs.kappa.fifteen.eu/gbfs/2.2/mobi/en/gbfs.json,https://gbfs.kappa.fifteen.eu/gbfs/2.2/mobi/en/free_bike_status.json,2026-07-05T09:16:54Z,2026-07-05T09:16:54Z
mobi_vancouver,mobi_vancouver_2a78fde7-8765-4f28-a863-a129efa94e15,2a78fde7-8765-4f28-a863-a129efa94e15,49.268269,-123.147885,1,FALSE,FALSE,10000,0076,1783242986,2026-07-05T09:16:55Z,2026-07-05T09:16:55Z,2026-07-05T09:16:25Z,2.2,https://gbfs.kappa.fifteen.eu/gbfs/2.2/mobi/en/gbfs.json,https://gbfs.kappa.fifteen.eu/gbfs/2.2/mobi/en/free_bike_status.json,2026-07-05T09:16:54Z,2026-07-05T09:16:54Z
mobi_vancouver,mobi_vancouver_e444405a-8a5a-4c70-b8a2-1fba0c8c5e3f,e444405a-8a5a-4c70-b8a2-1fba0c8c5e3f,49.258761,-123.127071,1,FALSE,FALSE,10000,0202,1783242986,2026-07-05T09:16:55Z,2026-07-05T09:16:55Z,2026-07-05T09:16:25Z,2.2,https://gbfs.kappa.fifteen.eu/gbfs/2.2/mobi/en/gbfs.json,https://gbfs.kappa.fifteen.eu/gbfs/2.2/mobi/en/free_bike_status.json,2026-07-05T09:16:54Z,2026-07-05T09:16:54Z
mobi_vancouver,mobi_vancouver_635aa9e1-af6d-48a5-9d52-d7971262c7d7,635aa9e1-af6d-48a5-9d52-d7971262c7d7,49.254667,-123.101389,2,FALSE,FALSE,10000,0255,1783242986,2026-07-05T09:16:55Z,2026-07-05T09:16:55Z,2026-07-05T09:16:25Z,2.2,https://gbfs.kappa.fifteen.eu/gbfs/2.2/mobi/en/gbfs.json,https://gbfs.kappa.fifteen.eu/gbfs/2.2/mobi/en/free_bike_status.json,2026-07-05T09:16:54Z,2026-07-05T09:16:54Z
mobi_vancouver,mobi_vancouver_dea05635-76a4-4c92-a5c2-6bacf0407ec1,dea05635-76a4-4c92-a5c2-6bacf0407ec1,49.27029,-123.135025,1,FALSE,FALSE,10000,0189,1783242986,2026-07-05T09:16:55Z,2026-07-05T09:16:55Z,2026-07-05T09:16:25Z,2.2,https://gbfs.kappa.fifteen.eu/gbfs/2.2/mobi/en/gbfs.json,https://gbfs.kappa.fifteen.eu/gbfs/2.2/mobi/en/free_bike_status.json,2026-07-05T09:16:54Z,2026-07-05T09:16:54Z
mobi_vancouver,mobi_vancouver_17023b04-53e1-4d2c-9ccc-d08e5c949de0,17023b04-53e1-4d2c-9ccc-d08e5c949de0,49.274232,-123.129998,1,FALSE,FALSE,10000,0314,1783242986,2026-07-05T09:16:55Z,2026-07-05T09:16:55Z,2026-07-05T09:16:25Z,2.2,https://gbfs.kappa.fifteen.eu/gbfs/2.2/mobi/en/gbfs.json,https://gbfs.kappa.fifteen.eu/gbfs/2.2/mobi/en/free_bike_status.json,2026-07-05T09:16:54Z,2026-07-05T09:16:54Z
mobi_vancouver,mobi_vancouver_ef1a3a71-b653-4d53-a60f-0b44f8f5eaf0,ef1a3a71-b653-4d53-a60f-0b44f8f5eaf0,49.245535,-123.120496,1,FALSE,FALSE,10000,0516,1783242986,2026-07-05T09:16:55Z,2026-07-05T09:16:55Z,2026-07-05T09:16:25Z,2.2,https://gbfs.kappa.fifteen.eu/gbfs/2.2/mobi/en/gbfs.json,https://gbfs.kappa.fifteen.eu/gbfs/2.2/mobi/en/free_bike_status.json,2026-07-05T09:16:54Z,2026-07-05T09:16:54Z
mobi_vancouver,mobi_vancouver_fb9a87fd-355c-4fa6-9128-1566e247ccfa,fb9a87fd-355c-4fa6-9128-1566e247ccfa,49.287528,-123.142139,1,FALSE,FALSE,10400,0187,1783242986,2026-07-05T09:16:55Z,2026-07-05T09:16:55Z,2026-07-05T09:16:25Z,2.2,https://gbfs.kappa.fifteen.eu/gbfs/2.2/mobi/en/gbfs.json,https://gbfs.kappa.fifteen.eu/gbfs/2.2/mobi/en/free_bike_status.json,2026-07-05T09:16:54Z,2026-07-05T09:16:54Z
mobi_vancouver,mobi_vancouver_9866a7b7-c317-4109-ad96-933538517c47,9866a7b7-c317-4109-ad96-933538517c47,49.28803,-123.142135,2,FALSE,FALSE,10400,0014,1783242986,2026-07-05T09:16:55Z,2026-07-05T09:16:55Z,2026-07-05T09:16:25Z,2.2,https://gbfs.kappa.fifteen.eu/gbfs/2.2/mobi/en/gbfs.json,https://gbfs.kappa.fifteen.eu/gbfs/2.2/mobi/en/free_bike_status.json,2026-07-05T09:16:54Z,2026-07-05T09:16:54Z
mobi_vancouver,mobi_vancouver_c768190e-f98a-4fcb-bf0c-692212c85b5e,c768190e-f98a-4fcb-bf0c-692212c85b5e,49.281301,-123.139108,2,FALSE,FALSE,10400,0084,1783242986,2026-07-05T09:16:55Z,2026-07-05T09:16:55Z,2026-07-05T09:16:25Z,2.2,https://gbfs.kappa.fifteen.eu/gbfs/2.2/mobi/en/gbfs.json,https://gbfs.kappa.fifteen.eu/gbfs/2.2/mobi/en/free_bike_status.json,2026-07-05T09:16:54Z,2026-07-05T09:16:54Z
mobi_vancouver,mobi_vancouver_5e5db1d2-829c-4100-a221-a6250a7127c2,5e5db1d2-829c-4100-a221-a6250a7127c2,49.276897,-123.101746,2,FALSE,FALSE,10400,0801,1783242986,2026-07-05T09:16:55Z,2026-07-05T09:16:55Z,2026-07-05T09:16:25Z,2.2,https://gbfs.kappa.fifteen.eu/gbfs/2.2/mobi/en/gbfs.json,https://gbfs.kappa.fifteen.eu/gbfs/2.2/mobi/en/free_bike_status.json,2026-07-05T09:16:54Z,2026-07-05T09:16:54Z
mobi_vancouver,mobi_vancouver_a0ce73d8-6083-4acd-b75c-62030e5e7a30,a0ce73d8-6083-4acd-b75c-62030e5e7a30,49.276897,-123.101746,2,FALSE,FALSE,10400,0801,1783242986,2026-07-05T09:16:55Z,2026-07-05T09:16:55Z,2026-07-05T09:16:25Z,2.2,https://gbfs.kappa.fifteen.eu/gbfs/2.2/mobi/en/gbfs.json,https://gbfs.kappa.fifteen.eu/gbfs/2.2/mobi/en/free_bike_status.json,2026-07-05T09:16:54Z,2026-07-05T09:16:54Z
mobi_vancouver,mobi_vancouver_7ca3b49b-fa5f-45c3-8f80-e405166c7a28,7ca3b49b-fa5f-45c3-8f80-e405166c7a28,49.268616,-123.069908,1,FALSE,FALSE,10400,0240,1783242986,2026-07-05T09:16:55Z,2026-07-05T09:16:55Z,2026-07-05T09:16:25Z,2.2,https://gbfs.kappa.fifteen.eu/gbfs/2.2/mobi/en/gbfs.json,https://gbfs.kappa.fifteen.eu/gbfs/2.2/mobi/en/free_bike_status.json,2026-07-05T09:16:54Z,2026-07-05T09:16:54Z
mobi_vancouver,mobi_vancouver_c88dd45a-8db4-458b-939b-8f828ba23805,c88dd45a-8db4-458b-939b-8f828ba23805,49.279369,-123.091241,2,FALSE,FALSE,10400,0229,1783242986,2026-07-05T09:16:55Z,2026-07-05T09:16:55Z,2026-07-05T09:16:25Z,2.2,https://gbfs.kappa.fifteen.eu/gbfs/2.2/mobi/en/gbfs.json,https://gbfs.kappa.fifteen.eu/gbfs/2.2/mobi/en/free_bike_status.json,2026-07-05T09:16:54Z,2026-07-05T09:16:54Z
mobi_vancouver,mobi_vancouver_404a7ca3-56cc-49a4-8d83-2781f89da204,404a7ca3-56cc-49a4-8d83-2781f89da204,49.273691,-123.102232,2,FALSE,FALSE,10400,0193,1783242986,2026-07-05T09:16:55Z,2026-07-05T09:16:55Z,2026-07-05T09:16:25Z,2.2,https://gbfs.kappa.fifteen.eu/gbfs/2.2/mobi/en/gbfs.json,https://gbfs.kappa.fifteen.eu/gbfs/2.2/mobi/en/free_bike_status.json,2026-07-05T09:16:54Z,2026-07-05T09:16:54Z
mobi_vancouver,mobi_vancouver_febd28db-5e5a-4f09-83eb-cd9a7a88463a,febd28db-5e5a-4f09-83eb-cd9a7a88463a,49.290587,-123.13625,1,FALSE,FALSE,10400,0122,1783242986,2026-07-05T09:16:55Z,2026-07-05T09:16:55Z,2026-07-05T09:16:25Z,2.2,https://gbfs.kappa.fifteen.eu/gbfs/2.2/mobi/en/gbfs.json,https://gbfs.kappa.fifteen.eu/gbfs/2.2/mobi/en/free_bike_status.json,2026-07-05T09:16:54Z,2026-07-05T09:16:54Z
mobi_vancouver,mobi_vancouver_d9a62ec7-d60f-45a6-96df-a4154c5d43f2,d9a62ec7-d60f-45a6-96df-a4154c5d43f2,49.271221,-123.191133,2,FALSE,FALSE,10400,0400,1783242986,2026-07-05T09:16:55Z,2026-07-05T09:16:55Z,2026-07-05T09:16:25Z,2.2,https://gbfs.kappa.fifteen.eu/gbfs/2.2/mobi/en/gbfs.json,https://gbfs.kappa.fifteen.eu/gbfs/2.2/mobi/en/free_bike_status.json,2026-07-05T09:16:54Z,2026-07-05T09:16:54Z
mobi_vancouver,mobi_vancouver_07abf278-19b6-4f7a-b69d-257bf6decd47,07abf278-19b6-4f7a-b69d-257bf6decd47,49.269172,-123.25279,2,FALSE,FALSE,10400,2131,1783242986,2026-07-05T09:16:55Z,2026-07-05T09:16:55Z,2026-07-05T09:16:25Z,2.2,https://gbfs.kappa.fifteen.eu/gbfs/2.2/mobi/en/gbfs.json,https://gbfs.kappa.fifteen.eu/gbfs/2.2/mobi/en/free_bike_status.json,2026-07-05T09:16:54Z,2026-07-05T09:16:54Z
mobi_vancouver,mobi_vancouver_5cbe9176-8687-444b-855b-ad960bf09861,5cbe9176-8687-444b-855b-ad960bf09861,49.2506,-123.23238,2,FALSE,FALSE,10400,2255,1783242986,2026-07-05T09:16:55Z,2026-07-05T09:16:55Z,2026-07-05T09:16:25Z,2.2,https://gbfs.kappa.fifteen.eu/gbfs/2.2/mobi/en/gbfs.json,https://gbfs.kappa.fifteen.eu/gbfs/2.2/mobi/en/free_bike_status.json,2026-07-05T09:16:54Z,2026-07-05T09:16:54Z
mobi_vancouver,mobi_vancouver_43943910-fcd0-40bb-b10f-8cf5d7b989ed,43943910-fcd0-40bb-b10f-8cf5d7b989ed,49.279259,-123.119145,2,FALSE,FALSE,10800,0058,1783242986,2026-07-05T09:16:55Z,2026-07-05T09:16:55Z,2026-07-05T09:16:25Z,2.2,https://gbfs.kappa.fifteen.eu/gbfs/2.2/mobi/en/gbfs.json,https://gbfs.kappa.fifteen.eu/gbfs/2.2/mobi/en/free_bike_status.json,2026-07-05T09:16:54Z,2026-07-05T09:16:54Z
mobi_vancouver,mobi_vancouver_e7d17ad6-8d3c-46f9-b424-06a22ac2f84d,e7d17ad6-8d3c-46f9-b424-06a22ac2f84d,49.279739,-123.116251,2,FALSE,FALSE,10800,0025,1783242986,2026-07-05T09:16:55Z,2026-07-05T09:16:55Z,2026-07-05T09:16:25Z,2.2,https://gbfs.kappa.fifteen.eu/gbfs/2.2/mobi/en/gbfs.json,https://gbfs.kappa.fifteen.eu/gbfs/2.2/mobi/en/free_bike_status.json,2026-07-05T09:16:54Z,2026-07-05T09:16:54Z
mobi_vancouver,mobi_vancouver_f6030840-0bb1-475f-aa0c-0c018e42c66f,f6030840-0bb1-475f-aa0c-0c018e42c66f,49.269969,-123.109623,2,FALSE,FALSE,10800,0173,1783242986,2026-07-05T09:16:55Z,2026-07-05T09:16:55Z,2026-07-05T09:16:25Z,2.2,https://gbfs.kappa.fifteen.eu/gbfs/2.2/mobi/en/gbfs.json,https://gbfs.kappa.fifteen.eu/gbfs/2.2/mobi/en/free_bike_status.json,2026-07-05T09:16:54Z,2026-07-05T09:16:54Z
mobi_vancouver,mobi_vancouver_4d0f5c13-0f9b-43d2-a873-41f363b2ead9,4d0f5c13-0f9b-43d2-a873-41f363b2ead9,49.266476,-123.109389,2,FALSE,FALSE,10800,0165,1783242986,2026-07-05T09:16:55Z,2026-07-05T09:16:55Z,2026-07-05T09:16:25Z,2.2,https://gbfs.kappa.fifteen.eu/gbfs/2.2/mobi/en/gbfs.json,https://gbfs.kappa.fifteen.eu/gbfs/2.2/mobi/en/free_bike_status.json,2026-07-05T09:16:54Z,2026-07-05T09:16:54Z
mobi_vancouver,mobi_vancouver_81e57741-384f-45b5-bb1e-2ad44032a15b,81e57741-384f-45b5-bb1e-2ad44032a15b,49.281506,-123.120101,2,FALSE,FALSE,10800,0063,1783242986,2026-07-05T09:16:55Z,2026-07-05T09:16:55Z,2026-07-05T09:16:25Z,2.2,https://gbfs.kappa.fifteen.eu/gbfs/2.2/mobi/en/gbfs.json,https://gbfs.kappa.fifteen.eu/gbfs/2.2/mobi/en/free_bike_status.json,2026-07-05T09:16:54Z,2026-07-05T09:16:54Z
mobi_vancouver,mobi_vancouver_af33265b-6bab-4a7e-ba42-2920042108df,af33265b-6bab-4a7e-ba42-2920042108df,49.258924,-123.152591,1,FALSE,FALSE,10800,0152,1783242986,2026-07-05T09:16:55Z,2026-07-05T09:16:55Z,2026-07-05T09:16:25Z,2.2,https://gbfs.kappa.fifteen.eu/gbfs/2.2/mobi/en/gbfs.json,https://gbfs.kappa.fifteen.eu/gbfs/2.2/mobi/en/free_bike_status.json,2026-07-05T09:16:54Z,2026-07-05T09:16:54Z
mobi_vancouver,mobi_vancouver_5d9ea97a-3a8b-490e-ad78-d7c74748e9bf,5d9ea97a-3a8b-490e-ad78-d7c74748e9bf,49.283749,-123.136133,2,FALSE,FALSE,10800,0087,1783242986,2026-07-05T09:16:55Z,2026-07-05T09:16:55Z,2026-07-05T09:16:25Z,2.2,https://gbfs.kappa.fifteen.eu/gbfs/2.2/mobi/en/gbfs.json,https://gbfs.kappa.fifteen.eu/gbfs/2.2/mobi/en/free_bike_status.json,2026-07-05T09:16:54Z,2026-07-05T09:16:54Z
mobi_vancouver,mobi_vancouver_f482e5a7-0a13-4c51-9493-42143b2a3d42,f482e5a7-0a13-4c51-9493-42143b2a3d42,49.277665,-123.073653,1,FALSE,FALSE,10800,0222,1783242986,2026-07-05T09:16:55Z,2026-07-05T09:16:55Z,2026-07-05T09:16:25Z,2.2,https://gbfs.kappa.fifteen.eu/gbfs/2.2/mobi/en/gbfs.json,https://gbfs.kappa.fifteen.eu/gbfs/2.2/mobi/en/free_bike_status.json,2026-07-05T09:16:54Z,2026-07-05T09:16:54Z
mobi_vancouver,mobi_vancouver_4b1600c8-6dbd-4826-90cc-930ef38bacaa,4b1600c8-6dbd-4826-90cc-930ef38bacaa,49.28763,-123.127245,2,FALSE,FALSE,10800,0207,1783242986,2026-07-05T09:16:55Z,2026-07-05T09:16:55Z,2026-07-05T09:16:25Z,2.2,https://gbfs.kappa.fifteen.eu/gbfs/2.2/mobi/en/gbfs.json,https://gbfs.kappa.fifteen.eu/gbfs/2.2/mobi/en/free_bike_status.json,2026-07-05T09:16:54Z,2026-07-05T09:16:54Z
mobi_vancouver,mobi_vancouver_f0144cd7-d8e4-4061-a61c-afebe9b76570,f0144cd7-d8e4-4061-a61c-afebe9b76570,49.277333,-123.087359,1,FALSE,FALSE,10800,0219,1783242986,2026-07-05T09:16:55Z,2026-07-05T09:16:55Z,2026-07-05T09:16:25Z,2.2,https://gbfs.kappa.fifteen.eu/gbfs/2.2/mobi/en/gbfs.json,https://gbfs.kappa.fifteen.eu/gbfs/2.2/mobi/en/free_bike_status.json,2026-07-05T09:16:54Z,2026-07-05T09:16:54Z
mobi_vancouver,mobi_vancouver_8a7e327e-8ab8-4cd2-b044-53e9e4d056de,8a7e327e-8ab8-4cd2-b044-53e9e4d056de,49.282503,-123.124697,2,FALSE,FALSE,10800,0217,1783242986,2026-07-05T09:16:55Z,2026-07-05T09:16:55Z,2026-07-05T09:16:25Z,2.2,https://gbfs.kappa.fifteen.eu/gbfs/2.2/mobi/en/gbfs.json,https://gbfs.kappa.fifteen.eu/gbfs/2.2/mobi/en/free_bike_status.json,2026-07-05T09:16:54Z,2026-07-05T09:16:54Z
mobi_vancouver,mobi_vancouver_a3a86138-05c0-40e8-9bfb-be2914096806,a3a86138-05c0-40e8-9bfb-be2914096806,49.284554,-123.111031,2,FALSE,FALSE,10800,0124,1783242986,2026-07-05T09:16:55Z,2026-07-05T09:16:55Z,2026-07-05T09:16:25Z,2.2,https://gbfs.kappa.fifteen.eu/gbfs/2.2/mobi/en/gbfs.json,https://gbfs.kappa.fifteen.eu/gbfs/2.2/mobi/en/free_bike_status.json,2026-07-05T09:16:54Z,2026-07-05T09:16:54Z
mobi_vancouver,mobi_vancouver_17197d7b-fc6f-4ee4-abcc-c4e1e5c3fef7,17197d7b-fc6f-4ee4-abcc-c4e1e5c3fef7,49.266924,-123.173849,1,FALSE,FALSE,10800,0443,1783242986,2026-07-05T09:16:55Z,2026-07-05T09:16:55Z,2026-07-05T09:16:25Z,2.2,https://gbfs.kappa.fifteen.eu/gbfs/2.2/mobi/en/gbfs.json,https://gbfs.kappa.fifteen.eu/gbfs/2.2/mobi/en/free_bike_status.json,2026-07-05T09:16:54Z,2026-07-05T09:16:54Z
mobi_vancouver,mobi_vancouver_56fbd8c1-8742-4b8a-bb13-e67553fd4d86,56fbd8c1-8742-4b8a-bb13-e67553fd4d86,49.268837,-123.177633,2,FALSE,FALSE,10800,0431,1783242986,2026-07-05T09:16:55Z,2026-07-05T09:16:55Z,2026-07-05T09:16:25Z,2.2,https://gbfs.kappa.fifteen.eu/gbfs/2.2/mobi/en/gbfs.json,https://gbfs.kappa.fifteen.eu/gbfs/2.2/mobi/en/free_bike_status.json,2026-07-05T09:16:54Z,2026-07-05T09:16:54Z
mobi_vancouver,mobi_vancouver_fd66f469-5883-45aa-8de8-269d7d77aa9f,fd66f469-5883-45aa-8de8-269d7d77aa9f,49.25094,-123.101306,2,FALSE,FALSE,11200,0026,1783242986,2026-07-05T09:16:55Z,2026-07-05T09:16:55Z,2026-07-05T09:16:25Z,2.2,https://gbfs.kappa.fifteen.eu/gbfs/2.2/mobi/en/gbfs.json,https://gbfs.kappa.fifteen.eu/gbfs/2.2/mobi/en/free_bike_status.json,2026-07-05T09:16:54Z,2026-07-05T09:16:54Z
mobi_vancouver,mobi_vancouver_98ecb9d7-797b-4fcb-a6f0-1c10d2257162,98ecb9d7-797b-4fcb-a6f0-1c10d2257162,49.265605,-123.152566,1,FALSE,FALSE,11200,0109,1783242986,2026-07-05T09:16:55Z,2026-07-05T09:16:55Z,2026-07-05T09:16:25Z,2.2,https://gbfs.kappa.fifteen.eu/gbfs/2.2/mobi/en/gbfs.json,https://gbfs.kappa.fifteen.eu/gbfs/2.2/mobi/en/free_bike_status.json,2026-07-05T09:16:54Z,2026-07-05T09:16:54Z
mobi_vancouver,mobi_vancouver_04682507-b4d2-4e22-8828-8d1a0bb21e17,04682507-b4d2-4e22-8828-8d1a0bb21e17,49.267859,-123.145782,2,FALSE,FALSE,11200,0139,1783242986,2026-07-05T09:16:55Z,2026-07-05T09:16:55Z,2026-07-05T09:16:25Z,2.2,https://gbfs.kappa.fifteen.eu/gbfs/2.2/mobi/en/gbfs.json,https://gbfs.kappa.fifteen.eu/gbfs/2.2/mobi/en/free_bike_status.json,2026-07-05T09:16:54Z,2026-07-05T09:16:54Z
mobi_vancouver,mobi_vancouver_ceba9502-6de3-4bcf-b573-632ebcae19d6,ceba9502-6de3-4bcf-b573-632ebcae19d6,49.265005,-123.079481,2,FALSE,FALSE,11200,0236,1783242986,2026-07-05T09:16:55Z,2026-07-05T09:16:55Z,2026-07-05T09:16:25Z,2.2,https://gbfs.kappa.fifteen.eu/gbfs/2.2/mobi/en/gbfs.json,https://gbfs.kappa.fifteen.eu/gbfs/2.2/mobi/en/free_bike_status.json,2026-07-05T09:16:54Z,2026-07-05T09:16:54Z
mobi_vancouver,mobi_vancouver_bc4fa62c-c381-4f13-9d8d-b79d3f55af8c,bc4fa62c-c381-4f13-9d8d-b79d3f55af8c,49.273103,-123.069892,1,FALSE,FALSE,11200,0235,1783242986,2026-07-05T09:16:55Z,2026-07-05T09:16:55Z,2026-07-05T09:16:25Z,2.2,https://gbfs.kappa.fifteen.eu/gbfs/2.2/mobi/en/gbfs.json,https://gbfs.kappa.fifteen.eu/gbfs/2.2/mobi/en/free_bike_status.json,2026-07-05T09:16:54Z,2026-07-05T09:16:54Z
mobi_vancouver,mobi_vancouver_91fd69fc-011b-410d-9aeb-e5ad35faa23f,91fd69fc-011b-410d-9aeb-e5ad35faa23f,49.273103,-123.069892,1,FALSE,FALSE,11200,0235,1783242986,2026-07-05T09:16:55Z,2026-07-05T09:16:55Z,2026-07-05T09:16:25Z,2.2,https://gbfs.kappa.fifteen.eu/gbfs/2.2/mobi/en/gbfs.json,https://gbfs.kappa.fifteen.eu/gbfs/2.2/mobi/en/free_bike_status.json,2026-07-05T09:16:54Z,2026-07-05T09:16:54Z
mobi_vancouver,mobi_vancouver_50dafba2-1e76-4a0c-ae1c-c1f562048c51,50dafba2-1e76-4a0c-ae1c-c1f562048c51,49.27709,-123.07589,2,FALSE,FALSE,11200,,1783242986,2026-07-05T09:16:55Z,2026-07-05T09:16:55Z,2026-07-05T09:16:25Z,2.2,https://gbfs.kappa.fifteen.eu/gbfs/2.2/mobi/en/gbfs.json,https://gbfs.kappa.fifteen.eu/gbfs/2.2/mobi/en/free_bike_status.json,2026-07-05T09:16:54Z,2026-07-05T09:16:54Z
mobi_vancouver,mobi_vancouver_2075b19c-038b-473d-92f3-52f04eb85cf5,2075b19c-038b-473d-92f3-52f04eb85cf5,49.270877,-123.115103,1,FALSE,FALSE,11600,0009,1783242986,2026-07-05T09:16:55Z,2026-07-05T09:16:55Z,2026-07-05T09:16:25Z,2.2,https://gbfs.kappa.fifteen.eu/gbfs/2.2/mobi/en/gbfs.json,https://gbfs.kappa.fifteen.eu/gbfs/2.2/mobi/en/free_bike_status.json,2026-07-05T09:16:54Z,2026-07-05T09:16:54Z
mobi_vancouver,mobi_vancouver_ab1041b8-53d5-4f77-a717-f2d168395b06,ab1041b8-53d5-4f77-a717-f2d168395b06,49.272827,-123.147744,1,FALSE,FALSE,11600,0065,1783242986,2026-07-05T09:16:55Z,2026-07-05T09:16:55Z,2026-07-05T09:16:25Z,2.2,https://gbfs.kappa.fifteen.eu/gbfs/2.2/mobi/en/gbfs.json,https://gbfs.kappa.fifteen.eu/gbfs/2.2/mobi/en/free_bike_status.json,2026-07-05T09:16:54Z,2026-07-05T09:16:54Z
mobi_vancouver,mobi_vancouver_9052073a-b4c6-4cd9-9efc-142026f59e80,9052073a-b4c6-4cd9-9efc-142026f59e80,49.270721,-123.146175,2,FALSE,FALSE,11600,0108,1783242986,2026-07-05T09:16:55Z,2026-07-05T09:16:55Z,2026-07-05T09:16:25Z,2.2,https://gbfs.kappa.fifteen.eu/gbfs/2.2/mobi/en/gbfs.json,https://gbfs.kappa.fifteen.eu/gbfs/2.2/mobi/en/free_bike_status.json,2026-07-05T09:16:54Z,2026-07-05T09:16:54Z
mobi_vancouver,mobi_vancouver_40aac53e-6105-47bb-86f1-11eb5d7538b7,40aac53e-6105-47bb-86f1-11eb5d7538b7,49.263242,-123.070521,1,FALSE,FALSE,11600,0242,1783242986,2026-07-05T09:16:55Z,2026-07-05T09:16:55Z,2026-07-05T09:16:25Z,2.2,https://gbfs.kappa.fifteen.eu/gbfs/2.2/mobi/en/gbfs.json,https://gbfs.kappa.fifteen.eu/gbfs/2.2/mobi/en/free_bike_status.json,2026-07-05T09:16:54Z,2026-07-05T09:16:54Z
mobi_vancouver,mobi_vancouver_38ba83d9-94fa-4a6a-96df-e6cd162eda67,38ba83d9-94fa-4a6a-96df-e6cd162eda67,49.255034,-123.120226,2,FALSE,FALSE,11600,0511,1783242986,2026-07-05T09:16:55Z,2026-07-05T09:16:55Z,2026-07-05T09:16:25Z,2.2,https://gbfs.kappa.fifteen.eu/gbfs/2.2/mobi/en/gbfs.json,https://gbfs.kappa.fifteen.eu/gbfs/2.2/mobi/en/free_bike_status.json,2026-07-05T09:16:54Z,2026-07-05T09:16:54Z
mobi_vancouver,mobi_vancouver_3cc30545-a1fd-492b-b029-ee94cd65aa2f,3cc30545-a1fd-492b-b029-ee94cd65aa2f,49.276865,-123.075823,1,FALSE,FALSE,11600,0642,1783242986,2026-07-05T09:16:55Z,2026-07-05T09:16:55Z,2026-07-05T09:16:25Z,2.2,https://gbfs.kappa.fifteen.eu/gbfs/2.2/mobi/en/gbfs.json,https://gbfs.kappa.fifteen.eu/gbfs/2.2/mobi/en/free_bike_status.json,2026-07-05T09:16:54Z,2026-07-05T09:16:54Z
mobi_vancouver,mobi_vancouver_5d135e55-aa72-4028-8a57-addc9f0518ba,5d135e55-aa72-4028-8a57-addc9f0518ba,49.293264,-123.132861,2,FALSE,FALSE,11600,0181,1783242986,2026-07-05T09:16:55Z,2026-07-05T09:16:55Z,2026-07-05T09:16:25Z,2.2,https://gbfs.kappa.fifteen.eu/gbfs/2.2/mobi/en/gbfs.json,https://gbfs.kappa.fifteen.eu/gbfs/2.2/mobi/en/free_bike_status.json,2026-07-05T09:16:54Z,2026-07-05T09:16:54Z
mobi_vancouver,mobi_vancouver_c6267219-7c4d-42b7-9796-a8d6fe063076,c6267219-7c4d-42b7-9796-a8d6fe063076,49.257654,-123.153212,1,FALSE,FALSE,12000,0113,1783242986,2026-07-05T09:16:55Z,2026-07-05T09:16:55Z,2026-07-05T09:16:25Z,2.2,https://gbfs.kappa.fifteen.eu/gbfs/2.2/mobi/en/gbfs.json,https://gbfs.kappa.fifteen.eu/gbfs/2.2/mobi/en/free_bike_status.json,2026-07-05T09:16:54Z,2026-07-05T09:16:54Z
mobi_vancouver,mobi_vancouver_fe3c822d-0745-4978-8dc4-3cac6bb80cf7,fe3c822d-0745-4978-8dc4-3cac6bb80cf7,49.265242,-123.095577,2,FALSE,FALSE,12000,0297,1783242986,2026-07-05T09:16:55Z,2026-07-05T09:16:55Z,2026-07-05T09:16:25Z,2.2,https://gbfs.kappa.fifteen.eu/gbfs/2.2/mobi/en/gbfs.json,https://gbfs.kappa.fifteen.eu/gbfs/2.2/mobi/en/free_bike_status.json,2026-07-05T09:16:54Z,2026-07-05T09:16:54Z
mobi_vancouver,mobi_vancouver_8c4e67da-0cc5-47f9-a58b-64f629d34d44,8c4e67da-0cc5-47f9-a58b-64f629d34d44,49.265071,-123.123864,1,FALSE,FALSE,12000,0191,1783242986,2026-07-05T09:16:55Z,2026-07-05T09:16:55Z,2026-07-05T09:16:25Z,2.2,https://gbfs.kappa.fifteen.eu/gbfs/2.2/mobi/en/gbfs.json,https://gbfs.kappa.fifteen.eu/gbfs/2.2/mobi/en/free_bike_status.json,2026-07-05T09:16:54Z,2026-07-05T09:16:54Z
mobi_vancouver,mobi_vancouver_c8d0a940-7436-40ba-a10c-600f85899c79,c8d0a940-7436-40ba-a10c-600f85899c79,49.264483,-123.173926,1,FALSE,FALSE,12000,0444,1783242986,2026-07-05T09:16:55Z,2026-07-05T09:16:55Z,2026-07-05T09:16:25Z,2.2,https://gbfs.kappa.fifteen.eu/gbfs/2.2/mobi/en/gbfs.json,https://gbfs.kappa.fifteen.eu/gbfs/2.2/mobi/en/free_bike_status.json,2026-07-05T09:16:54Z,2026-07-05T09:16:54Z
mobi_vancouver,mobi_vancouver_6b839479-a4f4-4746-a7e0-cc7d48cf1d3c,6b839479-a4f4-4746-a7e0-cc7d48cf1d3c,49.264928,-123.168068,1,FALSE,FALSE,12000,0452,1783242986,2026-07-05T09:16:55Z,2026-07-05T09:16:55Z,2026-07-05T09:16:25Z,2.2,https://gbfs.kappa.fifteen.eu/gbfs/2.2/mobi/en/gbfs.json,https://gbfs.kappa.fifteen.eu/gbfs/2.2/mobi/en/free_bike_status.json,2026-07-05T09:16:54Z,2026-07-05T09:16:54Z
mobi_vancouver,mobi_vancouver_83a40637-cdec-4348-ad88-a6d3fda69a37,83a40637-cdec-4348-ad88-a6d3fda69a37,49.271044,-123.170661,2,FALSE,FALSE,12000,0450,1783242986,2026-07-05T09:16:55Z,2026-07-05T09:16:55Z,2026-07-05T09:16:25Z,2.2,https://gbfs.kappa.fifteen.eu/gbfs/2.2/mobi/en/gbfs.json,https://gbfs.kappa.fifteen.eu/gbfs/2.2/mobi/en/free_bike_status.json,2026-07-05T09:16:54Z,2026-07-05T09:16:54Z
mobi_vancouver,mobi_vancouver_d50e3ba3-f838-4c34-86aa-85af4ade1431,d50e3ba3-f838-4c34-86aa-85af4ade1431,49.264326,-123.164725,1,FALSE,FALSE,12000,0464,1783242986,2026-07-05T09:16:55Z,2026-07-05T09:16:55Z,2026-07-05T09:16:25Z,2.2,https://gbfs.kappa.fifteen.eu/gbfs/2.2/mobi/en/gbfs.json,https://gbfs.kappa.fifteen.eu/gbfs/2.2/mobi/en/free_bike_status.json,2026-07-05T09:16:54Z,2026-07-05T09:16:54Z
mobi_vancouver,mobi_vancouver_ebac5974-f5ea-48d9-be28-cf9fe7a9c176,ebac5974-f5ea-48d9-be28-cf9fe7a9c176,49.255034,-123.120226,2,FALSE,FALSE,12000,0511,1783242986,2026-07-05T09:16:55Z,2026-07-05T09:16:55Z,2026-07-05T09:16:25Z,2.2,https://gbfs.kappa.fifteen.eu/gbfs/2.2/mobi/en/gbfs.json,https://gbfs.kappa.fifteen.eu/gbfs/2.2/mobi/en/free_bike_status.json,2026-07-05T09:16:54Z,2026-07-05T09:16:54Z
mobi_vancouver,mobi_vancouver_ea7c8743-5be8-4922-8953-ddb29193823e,ea7c8743-5be8-4922-8953-ddb29193823e,49.282087,-123.056909,1,FALSE,FALSE,12000,0642,1783242986,2026-07-05T09:16:55Z,2026-07-05T09:16:55Z,2026-07-05T09:16:25Z,2.2,https://gbfs.kappa.fifteen.eu/gbfs/2.2/mobi/en/gbfs.json,https://gbfs.kappa.fifteen.eu/gbfs/2.2/mobi/en/free_bike_status.json,2026-07-05T09:16:54Z,2026-07-05T09:16:54Z
mobi_vancouver,mobi_vancouver_4b7e0c25-8468-466b-9c99-9724cca8682f,4b7e0c25-8468-466b-9c99-9724cca8682f,49.261736,-123.24648,1,FALSE,FALSE,12000,2136,1783242986,2026-07-05T09:16:55Z,2026-07-05T09:16:55Z,2026-07-05T09:16:25Z,2.2,https://gbfs.kappa.fifteen.eu/gbfs/2.2/mobi/en/gbfs.json,https://gbfs.kappa.fifteen.eu/gbfs/2.2/mobi/en/free_bike_status.json,2026-07-05T09:16:54Z,2026-07-05T09:16:54Z
mobi_vancouver,mobi_vancouver_225d2fbe-26c7-4d1f-a44c-1d31a96cc227,225d2fbe-26c7-4d1f-a44c-1d31a96cc227,49.28725,-123.11298,2,FALSE,FALSE,12400,0014,1783242986,2026-07-05T09:16:55Z,2026-07-05T09:16:55Z,2026-07-05T09:16:25Z,2.2,https://gbfs.kappa.fifteen.eu/gbfs/2.2/mobi/en/gbfs.json,https://gbfs.kappa.fifteen.eu/gbfs/2.2/mobi/en/free_bike_status.json,2026-07-05T09:16:54Z,2026-07-05T09:16:54Z
mobi_vancouver,mobi_vancouver_cf50f8a2-2613-4f19-8da6-a73e53c6b63b,cf50f8a2-2613-4f19-8da6-a73e53c6b63b,49.275683,-123.124388,1,FALSE,FALSE,12400,0082,1783242986,2026-07-05T09:16:55Z,2026-07-05T09:16:55Z,2026-07-05T09:16:25Z,2.2,https://gbfs.kappa.fifteen.eu/gbfs/2.2/mobi/en/gbfs.json,https://gbfs.kappa.fifteen.eu/gbfs/2.2/mobi/en/free_bike_status.json,2026-07-05T09:16:54Z,2026-07-05T09:16:54Z
mobi_vancouver,mobi_vancouver_95000e75-9f5e-4dfc-a09c-e417b26db8a0,95000e75-9f5e-4dfc-a09c-e417b26db8a0,49.263837,-123.105173,1,FALSE,FALSE,12400,0107,1783242986,2026-07-05T09:16:55Z,2026-07-05T09:16:55Z,2026-07-05T09:16:25Z,2.2,https://gbfs.kappa.fifteen.eu/gbfs/2.2/mobi/en/gbfs.json,https://gbfs.kappa.fifteen.eu/gbfs/2.2/mobi/en/free_bike_status.json,2026-07-05T09:16:54Z,2026-07-05T09:16:54Z
mobi_vancouver,mobi_vancouver_fa8b8a58-95f8-40e7-9ca6-e80ea1821f9a,fa8b8a58-95f8-40e7-9ca6-e80ea1821f9a,49.281301,-123.139108,2,FALSE,FALSE,12400,0084,1783242986,2026-07-05T09:16:55Z,2026-07-05T09:16:55Z,2026-07-05T09:16:25Z,2.2,https://gbfs.kappa.fifteen.eu/gbfs/2.2/mobi/en/gbfs.json,https://gbfs.kappa.fifteen.eu/gbfs/2.2/mobi/en/free_bike_status.json,2026-07-05T09:16:54Z,2026-07-05T09:16:54Z
mobi_vancouver,mobi_vancouver_48c98aea-9eb7-4674-84fd-27d758d18287,48c98aea-9eb7-4674-84fd-27d758d18287,49.267859,-123.145782,1,FALSE,FALSE,12400,0139,1783242986,2026-07-05T09:16:55Z,2026-07-05T09:16:55Z,2026-07-05T09:16:25Z,2.2,https://gbfs.kappa.fifteen.eu/gbfs/2.2/mobi/en/gbfs.json,https://gbfs.kappa.fifteen.eu/gbfs/2.2/mobi/en/free_bike_status.json,2026-07-05T09:16:54Z,2026-07-05T09:16:54Z
mobi_vancouver,mobi_vancouver_3997b3f7-7780-4db7-adf2-50fa296d4721,3997b3f7-7780-4db7-adf2-50fa296d4721,49.255034,-123.120226,2,FALSE,FALSE,12400,0511,1783242986,2026-07-05T09:16:55Z,2026-07-05T09:16:55Z,2026-07-05T09:16:25Z,2.2,https://gbfs.kappa.fifteen.eu/gbfs/2.2/mobi/en/gbfs.json,https://gbfs.kappa.fifteen.eu/gbfs/2.2/mobi/en/free_bike_status.json,2026-07-05T09:16:54Z,2026-07-05T09:16:54Z
mobi_vancouver,mobi_vancouver_e63e1596-cac9-4954-9d4c-6385bc7c3273,e63e1596-cac9-4954-9d4c-6385bc7c3273,49.259579,-123.114769,1,FALSE,FALSE,12400,0311,1783242986,2026-07-05T09:16:55Z,2026-07-05T09:16:55Z,2026-07-05T09:16:25Z,2.2,https://gbfs.kappa.fifteen.eu/gbfs/2.2/mobi/en/gbfs.json,https://gbfs.kappa.fifteen.eu/gbfs/2.2/mobi/en/free_bike_status.json,2026-07-05T09:16:54Z,2026-07-05T09:16:54Z
mobi_vancouver,mobi_vancouver_72bc4a71-6b65-4e55-a1ec-66fe40f62405,72bc4a71-6b65-4e55-a1ec-66fe40f62405,49.285575,-123.061575,1,FALSE,FALSE,12400,0621,1783242986,2026-07-05T09:16:55Z,2026-07-05T09:16:55Z,2026-07-05T09:16:25Z,2.2,https://gbfs.kappa.fifteen.eu/gbfs/2.2/mobi/en/gbfs.json,https://gbfs.kappa.fifteen.eu/gbfs/2.2/mobi/en/free_bike_status.json,2026-07-05T09:16:54Z,2026-07-05T09:16:54Z
mobi_vancouver,mobi_vancouver_6f2d59c2-c4b0-446d-9678-2bb7a159ed5a,6f2d59c2-c4b0-446d-9678-2bb7a159ed5a,49.2661,-123.24568,2,FALSE,FALSE,12400,2154,1783242986,2026-07-05T09:16:55Z,2026-07-05T09:16:55Z,2026-07-05T09:16:25Z,2.2,https://gbfs.kappa.fifteen.eu/gbfs/2.2/mobi/en/gbfs.json,https://gbfs.kappa.fifteen.eu/gbfs/2.2/mobi/en/free_bike_status.json,2026-07-05T09:16:54Z,2026-07-05T09:16:54Z
mobi_vancouver,mobi_vancouver_e90cfcc9-08b2-4a4b-9b89-f5376aa0a5ad,e90cfcc9-08b2-4a4b-9b89-f5376aa0a5ad,49.28725,-123.11298,2,FALSE,FALSE,12800,0014,1783242986,2026-07-05T09:16:55Z,2026-07-05T09:16:55Z,2026-07-05T09:16:25Z,2.2,https://gbfs.kappa.fifteen.eu/gbfs/2.2/mobi/en/gbfs.json,https://gbfs.kappa.fifteen.eu/gbfs/2.2/mobi/en/free_bike_status.json,2026-07-05T09:16:54Z,2026-07-05T09:16:54Z
mobi_vancouver,mobi_vancouver_9e940d28-7e7b-4bd5-952b-a49b8666ab03,9e940d28-7e7b-4bd5-952b-a49b8666ab03,49.257654,-123.153212,1,FALSE,FALSE,12800,0113,1783242986,2026-07-05T09:16:55Z,2026-07-05T09:16:55Z,2026-07-05T09:16:25Z,2.2,https://gbfs.kappa.fifteen.eu/gbfs/2.2/mobi/en/gbfs.json,https://gbfs.kappa.fifteen.eu/gbfs/2.2/mobi/en/free_bike_status.json,2026-07-05T09:16:54Z,2026-07-05T09:16:54Z
mobi_vancouver,mobi_vancouver_798c5a45-7440-4347-b26b-83c6720976bc,798c5a45-7440-4347-b26b-83c6720976bc,49.273663,-123.127075,2,FALSE,FALSE,12800,0044,1783242986,2026-07-05T09:16:55Z,2026-07-05T09:16:55Z,2026-07-05T09:16:25Z,2.2,https://gbfs.kappa.fifteen.eu/gbfs/2.2/mobi/en/gbfs.json,https://gbfs.kappa.fifteen.eu/gbfs/2.2/mobi/en/free_bike_status.json,2026-07-05T09:16:54Z,2026-07-05T09:16:54Z
mobi_vancouver,mobi_vancouver_ec47bd08-45b7-4b73-b3d6-a684bcfb86c1,ec47bd08-45b7-4b73-b3d6-a684bcfb86c1,49.269969,-123.109623,2,FALSE,FALSE,12800,0173,1783242986,2026-07-05T09:16:55Z,2026-07-05T09:16:55Z,2026-07-05T09:16:25Z,2.2,https://gbfs.kappa.fifteen.eu/gbfs/2.2/mobi/en/gbfs.json,https://gbfs.kappa.fifteen.eu/gbfs/2.2/mobi/en/free_bike_status.json,2026-07-05T09:16:54Z,2026-07-05T09:16:54Z
mobi_vancouver,mobi_vancouver_956c4e10-5e00-4980-a2a2-f661a83ebee6,956c4e10-5e00-4980-a2a2-f661a83ebee6,49.27821,-123.136972,1,FALSE,FALSE,12800,0083,1783242986,2026-07-05T09:16:55Z,2026-07-05T09:16:55Z,2026-07-05T09:16:25Z,2.2,https://gbfs.kappa.fifteen.eu/gbfs/2.2/mobi/en/gbfs.json,https://gbfs.kappa.fifteen.eu/gbfs/2.2/mobi/en/free_bike_status.json,2026-07-05T09:16:54Z,2026-07-05T09:16:54Z
mobi_vancouver,mobi_vancouver_ec2f419b-6456-4236-93a3-c969d92c8ff4,ec2f419b-6456-4236-93a3-c969d92c8ff4,49.262598,-123.138921,2,FALSE,FALSE,12800,0070,1783242986,2026-07-05T09:16:55Z,2026-07-05T09:16:55Z,2026-07-05T09:16:25Z,2.2,https://gbfs.kappa.fifteen.eu/gbfs/2.2/mobi/en/gbfs.json,https://gbfs.kappa.fifteen.eu/gbfs/2.2/mobi/en/free_bike_status.json,2026-07-05T09:16:54Z,2026-07-05T09:16:54Z
mobi_vancouver,mobi_vancouver_1b74a02e-be14-4d44-94b9-fe272ca55d56,1b74a02e-be14-4d44-94b9-fe272ca55d56,49.261403,-123.070102,1,FALSE,FALSE,12800,0244,1783242986,2026-07-05T09:16:55Z,2026-07-05T09:16:55Z,2026-07-05T09:16:25Z,2.2,https://gbfs.kappa.fifteen.eu/gbfs/2.2/mobi/en/gbfs.json,https://gbfs.kappa.fifteen.eu/gbfs/2.2/mobi/en/free_bike_status.json,2026-07-05T09:16:54Z,2026-07-05T09:16:54Z
mobi_vancouver,mobi_vancouver_f4c3a92c-415c-4946-8343-fc3a28baa97c,f4c3a92c-415c-4946-8343-fc3a28baa97c,49.264251,-123.073853,1,FALSE,FALSE,12800,0249,1783242986,2026-07-05T09:16:55Z,2026-07-05T09:16:55Z,2026-07-05T09:16:25Z,2.2,https://gbfs.kappa.fifteen.eu/gbfs/2.2/mobi/en/gbfs.json,https://gbfs.kappa.fifteen.eu/gbfs/2.2/mobi/en/free_bike_status.json,2026-07-05T09:16:54Z,2026-07-05T09:16:54Z
mobi_vancouver,mobi_vancouver_aa94c5e9-2c9d-41e9-8e3d-43377651b366,aa94c5e9-2c9d-41e9-8e3d-43377651b366,49.284554,-123.111031,1,FALSE,FALSE,12800,0124,1783242986,2026-07-05T09:16:55Z,2026-07-05T09:16:55Z,2026-07-05T09:16:25Z,2.2,https://gbfs.kappa.fifteen.eu/gbfs/2.2/mobi/en/gbfs.json,https://gbfs.kappa.fifteen.eu/gbfs/2.2/mobi/en/free_bike_status.json,2026-07-05T09:16:54Z,2026-07-05T09:16:54Z
mobi_vancouver,mobi_vancouver_58f23096-a7d7-4419-9e25-56f404af72cc,58f23096-a7d7-4419-9e25-56f404af72cc,49.264928,-123.168068,1,FALSE,FALSE,12800,0452,1783242986,2026-07-05T09:16:55Z,2026-07-05T09:16:55Z,2026-07-05T09:16:25Z,2.2,https://gbfs.kappa.fifteen.eu/gbfs/2.2/mobi/en/gbfs.json,https://gbfs.kappa.fifteen.eu/gbfs/2.2/mobi/en/free_bike_status.json,2026-07-05T09:16:54Z,2026-07-05T09:16:54Z
mobi_vancouver,mobi_vancouver_a0ca1f2c-f04b-4ff8-b6c0-65e64c17be49,a0ca1f2c-f04b-4ff8-b6c0-65e64c17be49,49.266579,-123.248549,1,FALSE,FALSE,12800,2143,1783242986,2026-07-05T09:16:55Z,2026-07-05T09:16:55Z,2026-07-05T09:16:25Z,2.2,https://gbfs.kappa.fifteen.eu/gbfs/2.2/mobi/en/gbfs.json,https://gbfs.kappa.fifteen.eu/gbfs/2.2/mobi/en/free_bike_status.json,2026-07-05T09:16:54Z,2026-07-05T09:16:54Z
mobi_vancouver,mobi_vancouver_d4b6a1c5-b2df-4cc7-9548-e2416682e1f5,d4b6a1c5-b2df-4cc7-9548-e2416682e1f5,49.283482,-123.103738,1,FALSE,FALSE,12800,0013,1783242986,2026-07-05T09:16:55Z,2026-07-05T09:16:55Z,2026-07-05T09:16:25Z,2.2,https://gbfs.kappa.fifteen.eu/gbfs/2.2/mobi/en/gbfs.json,https://gbfs.kappa.fifteen.eu/gbfs/2.2/mobi/en/free_bike_status.json,2026-07-05T09:16:54Z,2026-07-05T09:16:54Z
mobi_vancouver,mobi_vancouver_f269e493-d12a-45d5-abbc-5c0294fe1848,f269e493-d12a-45d5-abbc-5c0294fe1848,49.27549,-123.12882,1,FALSE,FALSE,12800,0318,1783242986,2026-07-05T09:16:55Z,2026-07-05T09:16:55Z,2026-07-05T09:16:25Z,2.2,https://gbfs.kappa.fifteen.eu/gbfs/2.2/mobi/en/gbfs.json,https://gbfs.kappa.fifteen.eu/gbfs/2.2/mobi/en/free_bike_status.json,2026-07-05T09:16:54Z,2026-07-05T09:16:54Z
mobi_vancouver,mobi_vancouver_6e255f83-73f4-42c6-9a7a-5b3d1b6c9fea,6e255f83-73f4-42c6-9a7a-5b3d1b6c9fea,49.289255,-123.132677,2,FALSE,FALSE,13200,0041,1783242986,2026-07-05T09:16:55Z,2026-07-05T09:16:55Z,2026-07-05T09:16:25Z,2.2,https://gbfs.kappa.fifteen.eu/gbfs/2.2/mobi/en/gbfs.json,https://gbfs.kappa.fifteen.eu/gbfs/2.2/mobi/en/free_bike_status.json,2026-07-05T09:16:54Z,2026-07-05T09:16:54Z
mobi_vancouver,mobi_vancouver_dfca7ea3-7f30-4141-bdca-f337e81e84ef,dfca7ea3-7f30-4141-bdca-f337e81e84ef,49.284157,-123.099917,1,FALSE,FALSE,13200,0150,1783242986,2026-07-05T09:16:55Z,2026-07-05T09:16:55Z,2026-07-05T09:16:25Z,2.2,https://gbfs.kappa.fifteen.eu/gbfs/2.2/mobi/en/gbfs.json,https://gbfs.kappa.fifteen.eu/gbfs/2.2/mobi/en/free_bike_status.json,2026-07-05T09:16:54Z,2026-07-05T09:16:54Z
mobi_vancouver,mobi_vancouver_d0bbe903-9ba5-44af-a203-7dc346b2d35d,d0bbe903-9ba5-44af-a203-7dc346b2d35d,49.277178,-123.13,2,FALSE,FALSE,13200,0196,1783242986,2026-07-05T09:16:55Z,2026-07-05T09:16:55Z,2026-07-05T09:16:25Z,2.2,https://gbfs.kappa.fifteen.eu/gbfs/2.2/mobi/en/gbfs.json,https://gbfs.kappa.fifteen.eu/gbfs/2.2/mobi/en/free_bike_status.json,2026-07-05T09:16:54Z,2026-07-05T09:16:54Z
mobi_vancouver,mobi_vancouver_43a81734-a199-4b7b-8415-906d15b0a6df,43a81734-a199-4b7b-8415-906d15b0a6df,49.262062,-123.104656,2,FALSE,FALSE,13200,0176,1783242986,2026-07-05T09:16:55Z,2026-07-05T09:16:55Z,2026-07-05T09:16:25Z,2.2,https://gbfs.kappa.fifteen.eu/gbfs/2.2/mobi/en/gbfs.json,https://gbfs.kappa.fifteen.eu/gbfs/2.2/mobi/en/free_bike_status.json,2026-07-05T09:16:54Z,2026-07-05T09:16:54Z
mobi_vancouver,mobi_vancouver_d94c8bbe-bb06-4ffc-979f-a3dc4e7f4e5a,d94c8bbe-bb06-4ffc-979f-a3dc4e7f4e5a,49.262242,-123.081459,1,FALSE,FALSE,13200,0246,1783242986,2026-07-05T09:16:55Z,2026-07-05T09:16:55Z,2026-07-05T09:16:25Z,2.2,https://gbfs.kappa.fifteen.eu/gbfs/2.2/mobi/en/gbfs.json,https://gbfs.kappa.fifteen.eu/gbfs/2.2/mobi/en/free_bike_status.json,2026-07-05T09:16:54Z,2026-07-05T09:16:54Z
mobi_vancouver,mobi_vancouver_c5d70315-8cda-4abf-99c5-6bc810e35d93,c5d70315-8cda-4abf-99c5-6bc810e35d93,49.262242,-123.081459,2,FALSE,FALSE,13200,0246,1783242986,2026-07-05T09:16:55Z,2026-07-05T09:16:55Z,2026-07-05T09:16:25Z,2.2,https://gbfs.kappa.fifteen.eu/gbfs/2.2/mobi/en/gbfs.json,https://gbfs.kappa.fifteen.eu/gbfs/2.2/mobi/en/free_bike_status.json,2026-07-05T09:16:54Z,2026-07-05T09:16:54Z
mobi_vancouver,mobi_vancouver_e1f1076c-dc47-45c7-b601-1698e5720705,e1f1076c-dc47-45c7-b601-1698e5720705,49.275882,-123.071865,1,FALSE,FALSE,13200,0232,1783242986,2026-07-05T09:16:55Z,2026-07-05T09:16:55Z,2026-07-05T09:16:25Z,2.2,https://gbfs.kappa.fifteen.eu/gbfs/2.2/mobi/en/gbfs.json,https://gbfs.kappa.fifteen.eu/gbfs/2.2/mobi/en/free_bike_status.json,2026-07-05T09:16:54Z,2026-07-05T09:16:54Z
mobi_vancouver,mobi_vancouver_455656db-dd87-401a-975f-09b352cda8d8,455656db-dd87-401a-975f-09b352cda8d8,49.280284,-123.097052,1,FALSE,FALSE,13200,0213,1783242986,2026-07-05T09:16:55Z,2026-07-05T09:16:55Z,2026-07-05T09:16:25Z,2.2,https://gbfs.kappa.fifteen.eu/gbfs/2.2/mobi/en/gbfs.json,https://gbfs.kappa.fifteen.eu/gbfs/2.2/mobi/en/free_bike_status.json,2026-07-05T09:16:54Z,2026-07-05T09:16:54Z
mobi_vancouver,mobi_vancouver_d4f8f70a-8966-42c8-9214-5ce07644247e,d4f8f70a-8966-42c8-9214-5ce07644247e,49.280332,-123.070068,1,FALSE,FALSE,13200,0224,1783242986,2026-07-05T09:16:55Z,2026-07-05T09:16:55Z,2026-07-05T09:16:25Z,2.2,https://gbfs.kappa.fifteen.eu/gbfs/2.2/mobi/en/gbfs.json,https://gbfs.kappa.fifteen.eu/gbfs/2.2/mobi/en/free_bike_status.json,2026-07-05T09:16:54Z,2026-07-05T09:16:54Z
mobi_vancouver,mobi_vancouver_a9a6816f-8d68-4e78-9586-9c56b874ed1d,a9a6816f-8d68-4e78-9586-9c56b874ed1d,49.284554,-123.111031,1,FALSE,FALSE,13200,0124,1783242986,2026-07-05T09:16:55Z,2026-07-05T09:16:55Z,2026-07-05T09:16:25Z,2.2,https://gbfs.kappa.fifteen.eu/gbfs/2.2/mobi/en/gbfs.json,https://gbfs.kappa.fifteen.eu/gbfs/2.2/mobi/en/free_bike_status.json,2026-07-05T09:16:54Z,2026-07-05T09:16:54Z
mobi_vancouver,mobi_vancouver_e1ad2919-d0c2-4d7d-9b9d-20534acbdd91,e1ad2919-d0c2-4d7d-9b9d-20534acbdd91,49.258429,-123.101766,2,FALSE,FALSE,13600,0134,1783242986,2026-07-05T09:16:55Z,2026-07-05T09:16:55Z,2026-07-05T09:16:25Z,2.2,https://gbfs.kappa.fifteen.eu/gbfs/2.2/mobi/en/gbfs.json,https://gbfs.kappa.fifteen.eu/gbfs/2.2/mobi/en/free_bike_status.json,2026-07-05T09:16:54Z,2026-07-05T09:16:54Z
mobi_vancouver,mobi_vancouver_bf722484-ba83-4f63-9bc5-0f9745945320,bf722484-ba83-4f63-9bc5-0f9745945320,49.273355,-123.154493,1,FALSE,FALSE,13600,0154,1783242986,2026-07-05T09:16:55Z,2026-07-05T09:16:55Z,2026-07-05T09:16:25Z,2.2,https://gbfs.kappa.fifteen.eu/gbfs/2.2/mobi/en/gbfs.json,https://gbfs.kappa.fifteen.eu/gbfs/2.2/mobi/en/free_bike_status.json,2026-07-05T09:16:54Z,2026-07-05T09:16:54Z
mobi_vancouver,mobi_vancouver_9fdfbb34-45fc-4e05-9c06-7ea71e188590,9fdfbb34-45fc-4e05-9c06-7ea71e188590,49.263242,-123.070521,1,FALSE,FALSE,13600,0242,1783242986,2026-07-05T09:16:55Z,2026-07-05T09:16:55Z,2026-07-05T09:16:25Z,2.2,https://gbfs.kappa.fifteen.eu/gbfs/2.2/mobi/en/gbfs.json,https://gbfs.kappa.fifteen.eu/gbfs/2.2/mobi/en/free_bike_status.json,2026-07-05T09:16:54Z,2026-07-05T09:16:54Z
mobi_vancouver,mobi_vancouver_66caa0b5-15bd-4977-ac3f-7e41c314e277,66caa0b5-15bd-4977-ac3f-7e41c314e277,49.28117,-123.104419,1,FALSE,FALSE,13600,0098,1783242986,2026-07-05T09:16:55Z,2026-07-05T09:16:55Z,2026-07-05T09:16:25Z,2.2,https://gbfs.kappa.fifteen.eu/gbfs/2.2/mobi/en/gbfs.json,https://gbfs.kappa.fifteen.eu/gbfs/2.2/mobi/en/free_bike_status.json,2026-07-05T09:16:54Z,2026-07-05T09:16:54Z
mobi_vancouver,mobi_vancouver_a2510593-a3a7-4225-a3c2-abd557408a71,a2510593-a3a7-4225-a3c2-abd557408a71,49.28117,-123.104419,2,FALSE,FALSE,13600,0098,1783242986,2026-07-05T09:16:55Z,2026-07-05T09:16:55Z,2026-07-05T09:16:25Z,2.2,https://gbfs.kappa.fifteen.eu/gbfs/2.2/mobi/en/gbfs.json,https://gbfs.kappa.fifteen.eu/gbfs/2.2/mobi/en/free_bike_status.json,2026-07-05T09:16:54Z,2026-07-05T09:16:54Z
mobi_vancouver,mobi_vancouver_214ed491-485e-43a5-8a4d-e7a1cd03ff5d,214ed491-485e-43a5-8a4d-e7a1cd03ff5d,49.266725,-123.065925,1,FALSE,FALSE,13600,0273,1783242986,2026-07-05T09:16:55Z,2026-07-05T09:16:55Z,2026-07-05T09:16:25Z,2.2,https://gbfs.kappa.fifteen.eu/gbfs/2.2/mobi/en/gbfs.json,https://gbfs.kappa.fifteen.eu/gbfs/2.2/mobi/en/free_bike_status.json,2026-07-05T09:16:54Z,2026-07-05T09:16:54Z
mobi_vancouver,mobi_vancouver_41d91ceb-3557-419d-b66d-78e21b9ea1e8,41d91ceb-3557-419d-b66d-78e21b9ea1e8,49.261973,-123.09725,1,FALSE,FALSE,13600,0186,1783242986,2026-07-05T09:16:55Z,2026-07-05T09:16:55Z,2026-07-05T09:16:25Z,2.2,https://gbfs.kappa.fifteen.eu/gbfs/2.2/mobi/en/gbfs.json,https://gbfs.kappa.fifteen.eu/gbfs/2.2/mobi/en/free_bike_status.json,2026-07-05T09:16:54Z,2026-07-05T09:16:54Z
mobi_vancouver,mobi_vancouver_02bcc363-cc06-46bf-9cbc-18f525937797,02bcc363-cc06-46bf-9cbc-18f525937797,49.272969,-123.164325,1,FALSE,FALSE,13600,0460,1783242986,2026-07-05T09:16:55Z,2026-07-05T09:16:55Z,2026-07-05T09:16:25Z,2.2,https://gbfs.kappa.fifteen.eu/gbfs/2.2/mobi/en/gbfs.json,https://gbfs.kappa.fifteen.eu/gbfs/2.2/mobi/en/free_bike_status.json,2026-07-05T09:16:54Z,2026-07-05T09:16:54Z
mobi_vancouver,mobi_vancouver_1be2ff0a-fc11-4fa6-a913-dc9d888e6153,1be2ff0a-fc11-4fa6-a913-dc9d888e6153,49.285575,-123.061575,1,FALSE,FALSE,13600,0621,1783242986,2026-07-05T09:16:55Z,2026-07-05T09:16:55Z,2026-07-05T09:16:25Z,2.2,https://gbfs.kappa.fifteen.eu/gbfs/2.2/mobi/en/gbfs.json,https://gbfs.kappa.fifteen.eu/gbfs/2.2/mobi/en/free_bike_status.json,2026-07-05T09:16:54Z,2026-07-05T09:16:54Z
mobi_vancouver,mobi_vancouver_b6765055-1fc2-490d-a599-342fc4749bd3,b6765055-1fc2-490d-a599-342fc4749bd3,49.2585,-123.2521,2,FALSE,FALSE,13600,2117,1783242986,2026-07-05T09:16:55Z,2026-07-05T09:16:55Z,2026-07-05T09:16:25Z,2.2,https://gbfs.kappa.fifteen.eu/gbfs/2.2/mobi/en/gbfs.json,https://gbfs.kappa.fifteen.eu/gbfs/2.2/mobi/en/free_bike_status.json,2026-07-05T09:16:54Z,2026-07-05T09:16:54Z
mobi_vancouver,mobi_vancouver_6d004962-0479-4a87-ae81-aecc0aa5f988,6d004962-0479-4a87-ae81-aecc0aa5f988,49.282758,-123.122092,1,FALSE,FALSE,14000,0093,1783242986,2026-07-05T09:16:55Z,2026-07-05T09:16:55Z,2026-07-05T09:16:25Z,2.2,https://gbfs.kappa.fifteen.eu/gbfs/2.2/mobi/en/gbfs.json,https://gbfs.kappa.fifteen.eu/gbfs/2.2/mobi/en/free_bike_status.json,2026-07-05T09:16:54Z,2026-07-05T09:16:54Z
mobi_vancouver,mobi_vancouver_464cb94d-c9b0-4c3a-bec7-ec729be6861b,464cb94d-c9b0-4c3a-bec7-ec729be6861b,49.2756,-123.102661,2,FALSE,FALSE,14000,0148,1783242986,2026-07-05T09:16:55Z,2026-07-05T09:16:55Z,2026-07-05T09:16:25Z,2.2,https://gbfs.kappa.fifteen.eu/gbfs/2.2/mobi/en/gbfs.json,https://gbfs.kappa.fifteen.eu/gbfs/2.2/mobi/en/free_bike_status.json,2026-07-05T09:16:54Z,2026-07-05T09:16:54Z
mobi_vancouver,mobi_vancouver_9f41a342-7929-42b2-a16e-528b19abe518,9f41a342-7929-42b2-a16e-528b19abe518,49.258819,-123.131317,1,FALSE,FALSE,14000,0211,1783242986,2026-07-05T09:16:55Z,2026-07-05T09:16:55Z,2026-07-05T09:16:25Z,2.2,https://gbfs.kappa.fifteen.eu/gbfs/2.2/mobi/en/gbfs.json,https://gbfs.kappa.fifteen.eu/gbfs/2.2/mobi/en/free_bike_status.json,2026-07-05T09:16:54Z,2026-07-05T09:16:54Z
mobi_vancouver,mobi_vancouver_0d8ca724-2c3d-4c0a-92c2-7e3dc5d36151,0d8ca724-2c3d-4c0a-92c2-7e3dc5d36151,49.28567,-123.112543,1,FALSE,FALSE,14000,0021,1783242986,2026-07-05T09:16:55Z,2026-07-05T09:16:55Z,2026-07-05T09:16:25Z,2.2,https://gbfs.kappa.fifteen.eu/gbfs/2.2/mobi/en/gbfs.json,https://gbfs.kappa.fifteen.eu/gbfs/2.2/mobi/en/free_bike_status.json,2026-07-05T09:16:54Z,2026-07-05T09:16:54Z
mobi_vancouver,mobi_vancouver_b45eaa91-c48d-400e-b231-4d1967a78c9f,b45eaa91-c48d-400e-b231-4d1967a78c9f,49.277333,-123.087359,1,FALSE,FALSE,14000,0219,1783242986,2026-07-05T09:16:55Z,2026-07-05T09:16:55Z,2026-07-05T09:16:25Z,2.2,https://gbfs.kappa.fifteen.eu/gbfs/2.2/mobi/en/gbfs.json,https://gbfs.kappa.fifteen.eu/gbfs/2.2/mobi/en/free_bike_status.json,2026-07-05T09:16:54Z,2026-07-05T09:16:54Z
mobi_vancouver,mobi_vancouver_cf7667d9-c85f-40c8-b992-26270dd555c6,cf7667d9-c85f-40c8-b992-26270dd555c6,49.245135,-123.116098,2,FALSE,FALSE,14000,0526,1783242986,2026-07-05T09:16:55Z,2026-07-05T09:16:55Z,2026-07-05T09:16:25Z,2.2,https://gbfs.kappa.fifteen.eu/gbfs/2.2/mobi/en/gbfs.json,https://gbfs.kappa.fifteen.eu/gbfs/2.2/mobi/en/free_bike_status.json,2026-07-05T09:16:54Z,2026-07-05T09:16:54Z
mobi_vancouver,mobi_vancouver_c943cdfd-199c-41f8-8979-2dd8c08b8cdf,c943cdfd-199c-41f8-8979-2dd8c08b8cdf,49.287464,-123.060771,1,FALSE,FALSE,14000,0611,1783242986,2026-07-05T09:16:55Z,2026-07-05T09:16:55Z,2026-07-05T09:16:25Z,2.2,https://gbfs.kappa.fifteen.eu/gbfs/2.2/mobi/en/gbfs.json,https://gbfs.kappa.fifteen.eu/gbfs/2.2/mobi/en/free_bike_status.json,2026-07-05T09:16:54Z,2026-07-05T09:16:54Z
mobi_vancouver,mobi_vancouver_4e891e06-b4da-4991-b38c-aa6bb683e788,4e891e06-b4da-4991-b38c-aa6bb683e788,49.25478,-123.23621,1,FALSE,FALSE,14000,2252,1783242986,2026-07-05T09:16:55Z,2026-07-05T09:16:55Z,2026-07-05T09:16:25Z,2.2,https://gbfs.kappa.fifteen.eu/gbfs/2.2/mobi/en/gbfs.json,https://gbfs.kappa.fifteen.eu/gbfs/2.2/mobi/en/free_bike_status.json,2026-07-05T09:16:54Z,2026-07-05T09:16:54Z
mobi_vancouver,mobi_vancouver_70399a1b-ca1d-46ca-bd61-0513935cc913,70399a1b-ca1d-46ca-bd61-0513935cc913,49.26518,-123.25868,2,FALSE,FALSE,14000,2112,1783242986,2026-07-05T09:16:55Z,2026-07-05T09:16:55Z,2026-07-05T09:16:25Z,2.2,https://gbfs.kappa.fifteen.eu/gbfs/2.2/mobi/en/gbfs.json,https://gbfs.kappa.fifteen.eu/gbfs/2.2/mobi/en/free_bike_status.json,2026-07-05T09:16:54Z,2026-07-05T09:16:54Z
mobi_vancouver,mobi_vancouver_7afc331d-2d1b-4fda-9dbe-662f886fbd7c,7afc331d-2d1b-4fda-9dbe-662f886fbd7c,49.271721,-123.104207,1,FALSE,FALSE,14400,0011,1783242986,2026-07-05T09:16:55Z,2026-07-05T09:16:55Z,2026-07-05T09:16:25Z,2.2,https://gbfs.kappa.fifteen.eu/gbfs/2.2/mobi/en/gbfs.json,https://gbfs.kappa.fifteen.eu/gbfs/2.2/mobi/en/free_bike_status.json,2026-07-05T09:16:54Z,2026-07-05T09:16:54Z
mobi_vancouver,mobi_vancouver_f1c1797f-a688-4b0a-827f-154b2e51b5bc,f1c1797f-a688-4b0a-827f-154b2e51b5bc,49.279739,-123.116251,1,FALSE,FALSE,14400,0025,1783242986,2026-07-05T09:16:55Z,2026-07-05T09:16:55Z,2026-07-05T09:16:25Z,2.2,https://gbfs.kappa.fifteen.eu/gbfs/2.2/mobi/en/gbfs.json,https://gbfs.kappa.fifteen.eu/gbfs/2.2/mobi/en/free_bike_status.json,2026-07-05T09:16:54Z,2026-07-05T09:16:54Z
mobi_vancouver,mobi_vancouver_aebe34d0-a358-420f-9ef0-926c1f37fc1c,aebe34d0-a358-420f-9ef0-926c1f37fc1c,49.269969,-123.109623,1,FALSE,FALSE,14400,0173,1783242986,2026-07-05T09:16:55Z,2026-07-05T09:16:55Z,2026-07-05T09:16:25Z,2.2,https://gbfs.kappa.fifteen.eu/gbfs/2.2/mobi/en/gbfs.json,https://gbfs.kappa.fifteen.eu/gbfs/2.2/mobi/en/free_bike_status.json,2026-07-05T09:16:54Z,2026-07-05T09:16:54Z
mobi_vancouver,mobi_vancouver_d483b30e-c39b-4de8-bf41-9dc87fbb9b1d,d483b30e-c39b-4de8-bf41-9dc87fbb9b1d,49.266314,-123.116011,2,FALSE,FALSE,14400,0006,1783242986,2026-07-05T09:16:55Z,2026-07-05T09:16:55Z,2026-07-05T09:16:25Z,2.2,https://gbfs.kappa.fifteen.eu/gbfs/2.2/mobi/en/gbfs.json,https://gbfs.kappa.fifteen.eu/gbfs/2.2/mobi/en/free_bike_status.json,2026-07-05T09:16:54Z,2026-07-05T09:16:54Z
mobi_vancouver,mobi_vancouver_62a5cb22-09a5-490d-8acc-2d8d3c2576b5,62a5cb22-09a5-490d-8acc-2d8d3c2576b5,49.261742,-123.13148,1,FALSE,FALSE,14400,0166,1783242986,2026-07-05T09:16:55Z,2026-07-05T09:16:55Z,2026-07-05T09:16:25Z,2.2,https://gbfs.kappa.fifteen.eu/gbfs/2.2/mobi/en/gbfs.json,https://gbfs.kappa.fifteen.eu/gbfs/2.2/mobi/en/free_bike_status.json,2026-07-05T09:16:54Z,2026-07-05T09:16:54Z
mobi_vancouver,mobi_vancouver_7d12bc2e-950f-4efa-84ee-0633ac9aac0e,7d12bc2e-950f-4efa-84ee-0633ac9aac0e,49.268616,-123.069908,1,FALSE,FALSE,14400,0240,1783242986,2026-07-05T09:16:55Z,2026-07-05T09:16:55Z,2026-07-05T09:16:25Z,2.2,https://gbfs.kappa.fifteen.eu/gbfs/2.2/mobi/en/gbfs.json,https://gbfs.kappa.fifteen.eu/gbfs/2.2/mobi/en/free_bike_status.json,2026-07-05T09:16:54Z,2026-07-05T09:16:54Z
mobi_vancouver,mobi_vancouver_04817256-d814-4592-a05f-69cfc7999bb7,04817256-d814-4592-a05f-69cfc7999bb7,0,0,1,FALSE,FALSE,14400,0262,1783242986,2026-07-05T09:16:55Z,2026-07-05T09:16:55Z,2026-07-05T09:16:25Z,2.2,https://gbfs.kappa.fifteen.eu/gbfs/2.2/mobi/en/gbfs.json,https://gbfs.kappa.fifteen.eu/gbfs/2.2/mobi/en/free_bike_status.json,2026-07-05T09:16:54Z,2026-07-05T09:16:54Z
mobi_vancouver,mobi_vancouver_b211d0c8-ed13-45a9-816e-e184bec217b1,b211d0c8-ed13-45a9-816e-e184bec217b1,49.2731,-123.0732,1,FALSE,FALSE,14400,0253,1783242986,2026-07-05T09:16:55Z,2026-07-05T09:16:55Z,2026-07-05T09:16:25Z,2.2,https://gbfs.kappa.fifteen.eu/gbfs/2.2/mobi/en/gbfs.json,https://gbfs.kappa.fifteen.eu/gbfs/2.2/mobi/en/free_bike_status.json,2026-07-05T09:16:54Z,2026-07-05T09:16:54Z
mobi_vancouver,mobi_vancouver_da5cbf92-c84f-4107-9294-85cf25d3ddbf,da5cbf92-c84f-4107-9294-85cf25d3ddbf,49.265071,-123.123864,1,FALSE,FALSE,14400,0191,1783242986,2026-07-05T09:16:55Z,2026-07-05T09:16:55Z,2026-07-05T09:16:25Z,2.2,https://gbfs.kappa.fifteen.eu/gbfs/2.2/mobi/en/gbfs.json,https://gbfs.kappa.fifteen.eu/gbfs/2.2/mobi/en/free_bike_status.json,2026-07-05T09:16:54Z,2026-07-05T09:16:54Z
mobi_vancouver,mobi_vancouver_de031ec8-2d18-42b1-a55b-44e0e219ee17,de031ec8-2d18-42b1-a55b-44e0e219ee17,49.271471,-123.17731,1,FALSE,FALSE,14400,0440,1783242986,2026-07-05T09:16:55Z,2026-07-05T09:16:55Z,2026-07-05T09:16:25Z,2.2,https://gbfs.kappa.fifteen.eu/gbfs/2.2/mobi/en/gbfs.json,https://gbfs.kappa.fifteen.eu/gbfs/2.2/mobi/en/free_bike_status.json,2026-07-05T09:16:54Z,2026-07-05T09:16:54Z
mobi_vancouver,mobi_vancouver_ac3f5e9b-72a2-412a-9bb7-fd2271a73f18,ac3f5e9b-72a2-412a-9bb7-fd2271a73f18,49.25976,-123.2479,1,FALSE,FALSE,14400,2127,1783242986,2026-07-05T09:16:55Z,2026-07-05T09:16:55Z,2026-07-05T09:16:25Z,2.2,https://gbfs.kappa.fifteen.eu/gbfs/2.2/mobi/en/gbfs.json,https://gbfs.kappa.fifteen.eu/gbfs/2.2/mobi/en/free_bike_status.json,2026-07-05T09:16:54Z,2026-07-05T09:16:54Z
mobi_vancouver,mobi_vancouver_f5d6ee95-c02f-4595-9b3e-b8fd030552dc,f5d6ee95-c02f-4595-9b3e-b8fd030552dc,49.279938,-123.127478,1,FALSE,FALSE,14800,0039,1783242986,2026-07-05T09:16:55Z,2026-07-05T09:16:55Z,2026-07-05T09:16:25Z,2.2,https://gbfs.kappa.fifteen.eu/gbfs/2.2/mobi/en/gbfs.json,https://gbfs.kappa.fifteen.eu/gbfs/2.2/mobi/en/free_bike_status.json,2026-07-05T09:16:54Z,2026-07-05T09:16:54Z
mobi_vancouver,mobi_vancouver_d941eaca-43b7-4695-892c-3372ff77bc51,d941eaca-43b7-4695-892c-3372ff77bc51,49.279938,-123.127478,1,FALSE,FALSE,14800,0039,1783242986,2026-07-05T09:16:55Z,2026-07-05T09:16:55Z,2026-07-05T09:16:25Z,2.2,https://gbfs.kappa.fifteen.eu/gbfs/2.2/mobi/en/gbfs.json,https://gbfs.kappa.fifteen.eu/gbfs/2.2/mobi/en/free_bike_status.json,2026-07-05T09:16:54Z,2026-07-05T09:16:54Z
mobi_vancouver,mobi_vancouver_beb0db8f-fb3e-4c06-a477-ebe902f32a70,beb0db8f-fb3e-4c06-a477-ebe902f32a70,49.28725,-123.11298,1,FALSE,FALSE,14800,0014,1783242986,2026-07-05T09:16:55Z,2026-07-05T09:16:55Z,2026-07-05T09:16:25Z,2.2,https://gbfs.kappa.fifteen.eu/gbfs/2.2/mobi/en/gbfs.json,https://gbfs.kappa.fifteen.eu/gbfs/2.2/mobi/en/free_bike_status.json,2026-07-05T09:16:54Z,2026-07-05T09:16:54Z
mobi_vancouver,mobi_vancouver_f6cd1e2e-427a-499f-b417-0c31cf23f049,f6cd1e2e-427a-499f-b417-0c31cf23f049,49.287782,-123.12395,1,FALSE,FALSE,14800,0048,1783242986,2026-07-05T09:16:55Z,2026-07-05T09:16:55Z,2026-07-05T09:16:25Z,2.2,https://gbfs.kappa.fifteen.eu/gbfs/2.2/mobi/en/gbfs.json,https://gbfs.kappa.fifteen.eu/gbfs/2.2/mobi/en/free_bike_status.json,2026-07-05T09:16:54Z,2026-07-05T09:16:54Z
mobi_vancouver,mobi_vancouver_e5a65dcb-80cf-4f7d-bf3d-dd8f036f483e,e5a65dcb-80cf-4f7d-bf3d-dd8f036f483e,49.265605,-123.152566,1,FALSE,FALSE,14800,0109,1783242986,2026-07-05T09:16:55Z,2026-07-05T09:16:55Z,2026-07-05T09:16:25Z,2.2,https://gbfs.kappa.fifteen.eu/gbfs/2.2/mobi/en/gbfs.json,https://gbfs.kappa.fifteen.eu/gbfs/2.2/mobi/en/free_bike_status.json,2026-07-05T09:16:54Z,2026-07-05T09:16:54Z
mobi_vancouver,mobi_vancouver_4f31d22d-b359-4394-8b44-efb02e4fba2d,4f31d22d-b359-4394-8b44-efb02e4fba2d,49.268269,-123.147885,1,FALSE,FALSE,14800,0076,1783242986,2026-07-05T09:16:55Z,2026-07-05T09:16:55Z,2026-07-05T09:16:25Z,2.2,https://gbfs.kappa.fifteen.eu/gbfs/2.2/mobi/en/gbfs.json,https://gbfs.kappa.fifteen.eu/gbfs/2.2/mobi/en/free_bike_status.json,2026-07-05T09:16:54Z,2026-07-05T09:16:54Z
mobi_vancouver,mobi_vancouver_b63e6c92-679e-4722-8f93-eb21d16f85c1,b63e6c92-679e-4722-8f93-eb21d16f85c1,49.268269,-123.147885,1,FALSE,FALSE,14800,0076,1783242986,2026-07-05T09:16:55Z,2026-07-05T09:16:55Z,2026-07-05T09:16:25Z,2.2,https://gbfs.kappa.fifteen.eu/gbfs/2.2/mobi/en/gbfs.json,https://gbfs.kappa.fifteen.eu/gbfs/2.2/mobi/en/free_bike_status.json,2026-07-05T09:16:54Z,2026-07-05T09:16:54Z
mobi_vancouver,mobi_vancouver_37a0b2d8-89d8-4bde-98f7-3512d2756958,37a0b2d8-89d8-4bde-98f7-3512d2756958,49.2653,-123.13811,1,FALSE,FALSE,14800,0069,1783242986,2026-07-05T09:16:55Z,2026-07-05T09:16:55Z,2026-07-05T09:16:25Z,2.2,https://gbfs.kappa.fifteen.eu/gbfs/2.2/mobi/en/gbfs.json,https://gbfs.kappa.fifteen.eu/gbfs/2.2/mobi/en/free_bike_status.json,2026-07-05T09:16:54Z,2026-07-05T09:16:54Z
mobi_vancouver,mobi_vancouver_54d89d4d-17de-4ce1-877c-bc6a8499c5cc,54d89d4d-17de-4ce1-877c-bc6a8499c5cc,49.270721,-123.146175,1,FALSE,FALSE,14800,0108,1783242986,2026-07-05T09:16:55Z,2026-07-05T09:16:55Z,2026-07-05T09:16:25Z,2.2,https://gbfs.kappa.fifteen.eu/gbfs/2.2/mobi/en/gbfs.json,https://gbfs.kappa.fifteen.eu/gbfs/2.2/mobi/en/free_bike_status.json,2026-07-05T09:16:54Z,2026-07-05T09:16:54Z
mobi_vancouver,mobi_vancouver_437ebf99-4818-4e80-9974-13769a6b2c3f,437ebf99-4818-4e80-9974-13769a6b2c3f,49.284157,-123.099917,1,FALSE,FALSE,14800,0150,1783242986,2026-07-05T09:16:55Z,2026-07-05T09:16:55Z,2026-07-05T09:16:25Z,2.2,https://gbfs.kappa.fifteen.eu/gbfs/2.2/mobi/en/gbfs.json,https://gbfs.kappa.fifteen.eu/gbfs/2.2/mobi/en/free_bike_status.json,2026-07-05T09:16:54Z,2026-07-05T09:16:54Z
mobi_vancouver,mobi_vancouver_35a63f8d-c9b4-4e8b-a1b9-85a2f070d70d,35a63f8d-c9b4-4e8b-a1b9-85a2f070d70d,49.268216,-123.103168,1,FALSE,FALSE,14800,0119,1783242986,2026-07-05T09:16:55Z,2026-07-05T09:16:55Z,2026-07-05T09:16:25Z,2.2,https://gbfs.kappa.fifteen.eu/gbfs/2.2/mobi/en/gbfs.json,https://gbfs.kappa.fifteen.eu/gbfs/2.2/mobi/en/free_bike_status.json,2026-07-05T09:16:54Z,2026-07-05T09:16:54Z
mobi_vancouver,mobi_vancouver_8ccc8db6-6348-4d64-a4a1-444994460913,8ccc8db6-6348-4d64-a4a1-444994460913,49.276897,-123.101746,1,FALSE,FALSE,14800,0801,1783242986,2026-07-05T09:16:55Z,2026-07-05T09:16:55Z,2026-07-05T09:16:25Z,2.2,https://gbfs.kappa.fifteen.eu/gbfs/2.2/mobi/en/gbfs.json,https://gbfs.kappa.fifteen.eu/gbfs/2.2/mobi/en/free_bike_status.json,2026-07-05T09:16:54Z,2026-07-05T09:16:54Z
mobi_vancouver,mobi_vancouver_c8050b1e-2e7a-4a30-a0ec-2ab0c96c572d,c8050b1e-2e7a-4a30-a0ec-2ab0c96c572d,49.263518,-123.09568,1,FALSE,FALSE,14800,0262,1783242986,2026-07-05T09:16:55Z,2026-07-05T09:16:55Z,2026-07-05T09:16:25Z,2.2,https://gbfs.kappa.fifteen.eu/gbfs/2.2/mobi/en/gbfs.json,https://gbfs.kappa.fifteen.eu/gbfs/2.2/mobi/en/free_bike_status.json,2026-07-05T09:16:54Z,2026-07-05T09:16:54Z
mobi_vancouver,mobi_vancouver_6e298170-b216-4cf6-9908-e5da8c04d13d,6e298170-b216-4cf6-9908-e5da8c04d13d,49.256857,-123.065646,1,FALSE,FALSE,14800,0278,1783242986,2026-07-05T09:16:55Z,2026-07-05T09:16:55Z,2026-07-05T09:16:25Z,2.2,https://gbfs.kappa.fifteen.eu/gbfs/2.2/mobi/en/gbfs.json,https://gbfs.kappa.fifteen.eu/gbfs/2.2/mobi/en/free_bike_status.json,2026-07-05T09:16:54Z,2026-07-05T09:16:54Z
mobi_vancouver,mobi_vancouver_8a74b51c-23bd-4459-8651-4921f550680a,8a74b51c-23bd-4459-8651-4921f550680a,49.273777,-123.092723,1,FALSE,FALSE,14800,0233,1783242986,2026-07-05T09:16:55Z,2026-07-05T09:16:55Z,2026-07-05T09:16:25Z,2.2,https://gbfs.kappa.fifteen.eu/gbfs/2.2/mobi/en/gbfs.json,https://gbfs.kappa.fifteen.eu/gbfs/2.2/mobi/en/free_bike_status.json,2026-07-05T09:16:54Z,2026-07-05T09:16:54Z
mobi_vancouver,mobi_vancouver_4dc90399-ed26-452f-b1c4-b50d375922fe,4dc90399-ed26-452f-b1c4-b50d375922fe,49.27551,-123.13307,1,FALSE,FALSE,14800,0045,1783242986,2026-07-05T09:16:55Z,2026-07-05T09:16:55Z,2026-07-05T09:16:25Z,2.2,https://gbfs.kappa.fifteen.eu/gbfs/2.2/mobi/en/gbfs.json,https://gbfs.kappa.fifteen.eu/gbfs/2.2/mobi/en/free_bike_status.json,2026-07-05T09:16:54Z,2026-07-05T09:16:54Z
mobi_vancouver,mobi_vancouver_d3468b3f-75ff-4757-8179-0135b5599134,d3468b3f-75ff-4757-8179-0135b5599134,49.284554,-123.111031,1,FALSE,FALSE,14800,0124,1783242986,2026-07-05T09:16:55Z,2026-07-05T09:16:55Z,2026-07-05T09:16:25Z,2.2,https://gbfs.kappa.fifteen.eu/gbfs/2.2/mobi/en/gbfs.json,https://gbfs.kappa.fifteen.eu/gbfs/2.2/mobi/en/free_bike_status.json,2026-07-05T09:16:54Z,2026-07-05T09:16:54Z
mobi_vancouver,mobi_vancouver_c606a86a-e893-44c5-9591-a6b3da4af7d5,c606a86a-e893-44c5-9591-a6b3da4af7d5,49.25094,-123.101306,2,FALSE,FALSE,14800,0563,1783242986,2026-07-05T09:16:55Z,2026-07-05T09:16:55Z,2026-07-05T09:16:25Z,2.2,https://gbfs.kappa.fifteen.eu/gbfs/2.2/mobi/en/gbfs.json,https://gbfs.kappa.fifteen.eu/gbfs/2.2/mobi/en/free_bike_status.json,2026-07-05T09:16:54Z,2026-07-05T09:16:54Z
mobi_vancouver,mobi_vancouver_901a5375-3038-4eae-91cd-01c6459e825d,901a5375-3038-4eae-91cd-01c6459e825d,49.275679,-123.116963,2,FALSE,FALSE,15200,0027,1783242986,2026-07-05T09:16:55Z,2026-07-05T09:16:55Z,2026-07-05T09:16:25Z,2.2,https://gbfs.kappa.fifteen.eu/gbfs/2.2/mobi/en/gbfs.json,https://gbfs.kappa.fifteen.eu/gbfs/2.2/mobi/en/free_bike_status.json,2026-07-05T09:16:54Z,2026-07-05T09:16:54Z
mobi_vancouver,mobi_vancouver_7e9c6487-d1ea-4a50-a40a-3445fb0c619f,7e9c6487-d1ea-4a50-a40a-3445fb0c619f,49.289255,-123.132677,2,FALSE,FALSE,15200,0041,1783242986,2026-07-05T09:16:55Z,2026-07-05T09:16:55Z,2026-07-05T09:16:25Z,2.2,https://gbfs.kappa.fifteen.eu/gbfs/2.2/mobi/en/gbfs.json,https://gbfs.kappa.fifteen.eu/gbfs/2.2/mobi/en/free_bike_status.json,2026-07-05T09:16:54Z,2026-07-05T09:16:54Z
mobi_vancouver,mobi_vancouver_b37af89b-159d-4ac4-bb45-1cc3da1df253,b37af89b-159d-4ac4-bb45-1cc3da1df253,49.269969,-123.109623,1,FALSE,FALSE,15200,0057,1783242986,2026-07-05T09:16:55Z,2026-07-05T09:16:55Z,2026-07-05T09:16:25Z,2.2,https://gbfs.kappa.fifteen.eu/gbfs/2.2/mobi/en/gbfs.json,https://gbfs.kappa.fifteen.eu/gbfs/2.2/mobi/en/free_bike_status.json,2026-07-05T09:16:54Z,2026-07-05T09:16:54Z
mobi_vancouver,mobi_vancouver_3aa0b181-d29c-4e59-86b6-3111b67b2132,3aa0b181-d29c-4e59-86b6-3111b67b2132,49.268269,-123.147885,1,FALSE,FALSE,15200,0076,1783242986,2026-07-05T09:16:55Z,2026-07-05T09:16:55Z,2026-07-05T09:16:25Z,2.2,https://gbfs.kappa.fifteen.eu/gbfs/2.2/mobi/en/gbfs.json,https://gbfs.kappa.fifteen.eu/gbfs/2.2/mobi/en/free_bike_status.json,2026-07-05T09:16:54Z,2026-07-05T09:16:54Z
mobi_vancouver,mobi_vancouver_7d042fa4-a379-4e27-8c29-dc947e3c12d5,7d042fa4-a379-4e27-8c29-dc947e3c12d5,49.28526,-123.141809,1,FALSE,FALSE,15200,0060,1783242986,2026-07-05T09:16:55Z,2026-07-05T09:16:55Z,2026-07-05T09:16:25Z,2.2,https://gbfs.kappa.fifteen.eu/gbfs/2.2/mobi/en/gbfs.json,https://gbfs.kappa.fifteen.eu/gbfs/2.2/mobi/en/free_bike_status.json,2026-07-05T09:16:54Z,2026-07-05T09:16:54Z
mobi_vancouver,mobi_vancouver_f89ed2fa-dc3a-4557-ade6-73921e5d1036,f89ed2fa-dc3a-4557-ade6-73921e5d1036,49.277178,-123.13,2,FALSE,FALSE,15200,0196,1783242986,2026-07-05T09:16:55Z,2026-07-05T09:16:55Z,2026-07-05T09:16:25Z,2.2,https://gbfs.kappa.fifteen.eu/gbfs/2.2/mobi/en/gbfs.json,https://gbfs.kappa.fifteen.eu/gbfs/2.2/mobi/en/free_bike_status.json,2026-07-05T09:16:54Z,2026-07-05T09:16:54Z
mobi_vancouver,mobi_vancouver_1d774619-ed30-4992-ae3a-68ccb80fabb3,1d774619-ed30-4992-ae3a-68ccb80fabb3,49.294318,-123.148808,1,FALSE,FALSE,15200,0104,1783242986,2026-07-05T09:16:55Z,2026-07-05T09:16:55Z,2026-07-05T09:16:25Z,2.2,https://gbfs.kappa.fifteen.eu/gbfs/2.2/mobi/en/gbfs.json,https://gbfs.kappa.fifteen.eu/gbfs/2.2/mobi/en/free_bike_status.json,2026-07-05T09:16:54Z,2026-07-05T09:16:54Z
mobi_vancouver,mobi_vancouver_e0b79e12-579c-4e82-ae0d-577f58900a8a,e0b79e12-579c-4e82-ae0d-577f58900a8a,49.298657,-123.121176,1,FALSE,FALSE,15200,0105,1783242986,2026-07-05T09:16:55Z,2026-07-05T09:16:55Z,2026-07-05T09:16:25Z,2.2,https://gbfs.kappa.fifteen.eu/gbfs/2.2/mobi/en/gbfs.json,https://gbfs.kappa.fifteen.eu/gbfs/2.2/mobi/en/free_bike_status.json,2026-07-05T09:16:54Z,2026-07-05T09:16:54Z
mobi_vancouver,mobi_vancouver_f1eab990-2554-47f6-9432-1793ccf61abe,f1eab990-2554-47f6-9432-1793ccf61abe,49.283749,-123.136133,2,FALSE,FALSE,15200,0087,1783242986,2026-07-05T09:16:55Z,2026-07-05T09:16:55Z,2026-07-05T09:16:25Z,2.2,https://gbfs.kappa.fifteen.eu/gbfs/2.2/mobi/en/gbfs.json,https://gbfs.kappa.fifteen.eu/gbfs/2.2/mobi/en/free_bike_status.json,2026-07-05T09:16:54Z,2026-07-05T09:16:54Z
mobi_vancouver,mobi_vancouver_51f1894c-682a-4ae4-a041-87a0e3dd0b7d,51f1894c-682a-4ae4-a041-87a0e3dd0b7d,49.280332,-123.070068,1,FALSE,FALSE,15200,0224,1783242986,2026-07-05T09:16:55Z,2026-07-05T09:16:55Z,2026-07-05T09:16:25Z,2.2,https://gbfs.kappa.fifteen.eu/gbfs/2.2/mobi/en/gbfs.json,https://gbfs.kappa.fifteen.eu/gbfs/2.2/mobi/en/free_bike_status.json,2026-07-05T09:16:54Z,2026-07-05T09:16:54Z
mobi_vancouver,mobi_vancouver_c17a7559-8ee1-4c4d-bc70-0d1b7b7480a9,c17a7559-8ee1-4c4d-bc70-0d1b7b7480a9,49.27551,-123.13307,1,FALSE,FALSE,15200,0045,1783242986,2026-07-05T09:16:55Z,2026-07-05T09:16:55Z,2026-07-05T09:16:25Z,2.2,https://gbfs.kappa.fifteen.eu/gbfs/2.2/mobi/en/gbfs.json,https://gbfs.kappa.fifteen.eu/gbfs/2.2/mobi/en/free_bike_status.json,2026-07-05T09:16:54Z,2026-07-05T09:16:54Z
mobi_vancouver,mobi_vancouver_792373ea-dd97-4d83-9e6f-541ecd3cb7b2,792373ea-dd97-4d83-9e6f-541ecd3cb7b2,49.264579,-123.18373,1,FALSE,FALSE,15200,0415,1783242986,2026-07-05T09:16:55Z,2026-07-05T09:16:55Z,2026-07-05T09:16:25Z,2.2,https://gbfs.kappa.fifteen.eu/gbfs/2.2/mobi/en/gbfs.json,https://gbfs.kappa.fifteen.eu/gbfs/2.2/mobi/en/free_bike_status.json,2026-07-05T09:16:54Z,2026-07-05T09:16:54Z
mobi_vancouver,mobi_vancouver_a0f4aeba-5b1e-48c0-9821-dbf84dd6954c,a0f4aeba-5b1e-48c0-9821-dbf84dd6954c,49.255034,-123.120226,1,FALSE,FALSE,15200,0511,1783242986,2026-07-05T09:16:55Z,2026-07-05T09:16:55Z,2026-07-05T09:16:25Z,2.2,https://gbfs.kappa.fifteen.eu/gbfs/2.2/mobi/en/gbfs.json,https://gbfs.kappa.fifteen.eu/gbfs/2.2/mobi/en/free_bike_status.json,2026-07-05T09:16:54Z,2026-07-05T09:16:54Z
mobi_vancouver,mobi_vancouver_f1b36770-164a-4466-a30d-dff7ebd8a50a,f1b36770-164a-4466-a30d-dff7ebd8a50a,49.268837,-123.177633,1,FALSE,FALSE,15200,0431,1783242986,2026-07-05T09:16:55Z,2026-07-05T09:16:55Z,2026-07-05T09:16:25Z,2.2,https://gbfs.kappa.fifteen.eu/gbfs/2.2/mobi/en/gbfs.json,https://gbfs.kappa.fifteen.eu/gbfs/2.2/mobi/en/free_bike_status.json,2026-07-05T09:16:54Z,2026-07-05T09:16:54Z
mobi_vancouver,mobi_vancouver_f5469c92-d36f-47f4-89ac-fa6c3914f35c,f5469c92-d36f-47f4-89ac-fa6c3914f35c,49.282087,-123.056909,1,FALSE,FALSE,15200,0642,1783242986,2026-07-05T09:16:55Z,2026-07-05T09:16:55Z,2026-07-05T09:16:25Z,2.2,https://gbfs.kappa.fifteen.eu/gbfs/2.2/mobi/en/gbfs.json,https://gbfs.kappa.fifteen.eu/gbfs/2.2/mobi/en/free_bike_status.json,2026-07-05T09:16:54Z,2026-07-05T09:16:54Z
mobi_vancouver,mobi_vancouver_cec4fe5f-0215-476a-9614-7224e08b8b71,cec4fe5f-0215-476a-9614-7224e08b8b71,49.264019,-123.209176,1,FALSE,FALSE,15200,0716,1783242986,2026-07-05T09:16:55Z,2026-07-05T09:16:55Z,2026-07-05T09:16:25Z,2.2,https://gbfs.kappa.fifteen.eu/gbfs/2.2/mobi/en/gbfs.json,https://gbfs.kappa.fifteen.eu/gbfs/2.2/mobi/en/free_bike_status.json,2026-07-05T09:16:54Z,2026-07-05T09:16:54Z
mobi_vancouver,mobi_vancouver_2b9e672d-766d-4d09-8a76-b3f5fee24730,2b9e672d-766d-4d09-8a76-b3f5fee24730,49.279938,-123.127478,1,FALSE,FALSE,15600,0039,1783242986,2026-07-05T09:16:55Z,2026-07-05T09:16:55Z,2026-07-05T09:16:25Z,2.2,https://gbfs.kappa.fifteen.eu/gbfs/2.2/mobi/en/gbfs.json,https://gbfs.kappa.fifteen.eu/gbfs/2.2/mobi/en/free_bike_status.json,2026-07-05T09:16:54Z,2026-07-05T09:16:54Z
mobi_vancouver,mobi_vancouver_488d9191-2fc9-44a6-915b-fb2fc4f01c6b,488d9191-2fc9-44a6-915b-fb2fc4f01c6b,49.285253,-123.134356,1,FALSE,FALSE,15600,0048,1783242986,2026-07-05T09:16:55Z,2026-07-05T09:16:55Z,2026-07-05T09:16:25Z,2.2,https://gbfs.kappa.fifteen.eu/gbfs/2.2/mobi/en/gbfs.json,https://gbfs.kappa.fifteen.eu/gbfs/2.2/mobi/en/free_bike_status.json,2026-07-05T09:16:54Z,2026-07-05T09:16:54Z
mobi_vancouver,mobi_vancouver_870b49dc-f794-44da-971f-1022f7157c4f,870b49dc-f794-44da-971f-1022f7157c4f,49.262062,-123.104656,2,FALSE,FALSE,15600,0176,1783242986,2026-07-05T09:16:55Z,2026-07-05T09:16:55Z,2026-07-05T09:16:25Z,2.2,https://gbfs.kappa.fifteen.eu/gbfs/2.2/mobi/en/gbfs.json,https://gbfs.kappa.fifteen.eu/gbfs/2.2/mobi/en/free_bike_status.json,2026-07-05T09:16:54Z,2026-07-05T09:16:54Z
mobi_vancouver,mobi_vancouver_9ae6ac19-211d-49fc-8765-3a92c1a196d9,9ae6ac19-211d-49fc-8765-3a92c1a196d9,49.290112,-123.127062,1,FALSE,FALSE,15600,0035,1783242986,2026-07-05T09:16:55Z,2026-07-05T09:16:55Z,2026-07-05T09:16:25Z,2.2,https://gbfs.kappa.fifteen.eu/gbfs/2.2/mobi/en/gbfs.json,https://gbfs.kappa.fifteen.eu/gbfs/2.2/mobi/en/free_bike_status.json,2026-07-05T09:16:54Z,2026-07-05T09:16:54Z
mobi_vancouver,mobi_vancouver_2e954f28-e98c-415f-81c2-da3c64721b8f,2e954f28-e98c-415f-81c2-da3c64721b8f,49.277595,-123.09583,1,FALSE,FALSE,15600,0212,1783242986,2026-07-05T09:16:55Z,2026-07-05T09:16:55Z,2026-07-05T09:16:25Z,2.2,https://gbfs.kappa.fifteen.eu/gbfs/2.2/mobi/en/gbfs.json,https://gbfs.kappa.fifteen.eu/gbfs/2.2/mobi/en/free_bike_status.json,2026-07-05T09:16:54Z,2026-07-05T09:16:54Z
mobi_vancouver,mobi_vancouver_49ad20b5-d5ec-4a08-aa99-43a36b97a7d4,49ad20b5-d5ec-4a08-aa99-43a36b97a7d4,49.265005,-123.079481,1,FALSE,FALSE,15600,0236,1783242986,2026-07-05T09:16:55Z,2026-07-05T09:16:55Z,2026-07-05T09:16:25Z,2.2,https://gbfs.kappa.fifteen.eu/gbfs/2.2/mobi/en/gbfs.json,https://gbfs.kappa.fifteen.eu/gbfs/2.2/mobi/en/free_bike_status.json,2026-07-05T09:16:54Z,2026-07-05T09:16:54Z
mobi_vancouver,mobi_vancouver_d94482f5-1f25-4794-883c-7d892b39aa71,d94482f5-1f25-4794-883c-7d892b39aa71,49.258817,-123.092797,1,FALSE,FALSE,15600,0258,1783242986,2026-07-05T09:16:55Z,2026-07-05T09:16:55Z,2026-07-05T09:16:25Z,2.2,https://gbfs.kappa.fifteen.eu/gbfs/2.2/mobi/en/gbfs.json,https://gbfs.kappa.fifteen.eu/gbfs/2.2/mobi/en/free_bike_status.json,2026-07-05T09:16:54Z,2026-07-05T09:16:54Z
mobi_vancouver,mobi_vancouver_5fc7d841-db44-4e88-8449-60697d8061d6,5fc7d841-db44-4e88-8449-60697d8061d6,49.2731,-123.0732,1,FALSE,FALSE,15600,0253,1783242986,2026-07-05T09:16:55Z,2026-07-05T09:16:55Z,2026-07-05T09:16:25Z,2.2,https://gbfs.kappa.fifteen.eu/gbfs/2.2/mobi/en/gbfs.json,https://gbfs.kappa.fifteen.eu/gbfs/2.2/mobi/en/free_bike_status.json,2026-07-05T09:16:54Z,2026-07-05T09:16:54Z
mobi_vancouver,mobi_vancouver_7e08fe38-2f65-45d7-a7b3-46d79c976203,7e08fe38-2f65-45d7-a7b3-46d79c976203,49.271221,-123.191133,1,FALSE,FALSE,15600,0400,1783242986,2026-07-05T09:16:55Z,2026-07-05T09:16:55Z,2026-07-05T09:16:25Z,2.2,https://gbfs.kappa.fifteen.eu/gbfs/2.2/mobi/en/gbfs.json,https://gbfs.kappa.fifteen.eu/gbfs/2.2/mobi/en/free_bike_status.json,2026-07-05T09:16:54Z,2026-07-05T09:16:54Z
mobi_vancouver,mobi_vancouver_41feefbd-8661-4d64-9ad0-29afc1bf0584,41feefbd-8661-4d64-9ad0-29afc1bf0584,49.266636,-123.183661,1,FALSE,FALSE,15600,0414,1783242986,2026-07-05T09:16:55Z,2026-07-05T09:16:55Z,2026-07-05T09:16:25Z,2.2,https://gbfs.kappa.fifteen.eu/gbfs/2.2/mobi/en/gbfs.json,https://gbfs.kappa.fifteen.eu/gbfs/2.2/mobi/en/free_bike_status.json,2026-07-05T09:16:54Z,2026-07-05T09:16:54Z
mobi_vancouver,mobi_vancouver_b2bc8e9c-f059-48a5-83cb-ba9384097732,b2bc8e9c-f059-48a5-83cb-ba9384097732,49.289071,-123.138407,1,FALSE,FALSE,15600,0313,1783242986,2026-07-05T09:16:55Z,2026-07-05T09:16:55Z,2026-07-05T09:16:25Z,2.2,https://gbfs.kappa.fifteen.eu/gbfs/2.2/mobi/en/gbfs.json,https://gbfs.kappa.fifteen.eu/gbfs/2.2/mobi/en/free_bike_status.json,2026-07-05T09:16:54Z,2026-07-05T09:16:54Z
mobi_vancouver,mobi_vancouver_d397164b-94aa-47f0-ada7-beb1b30f4c07,d397164b-94aa-47f0-ada7-beb1b30f4c07,49.285575,-123.061575,1,FALSE,FALSE,15600,0621,1783242986,2026-07-05T09:16:55Z,2026-07-05T09:16:55Z,2026-07-05T09:16:25Z,2.2,https://gbfs.kappa.fifteen.eu/gbfs/2.2/mobi/en/gbfs.json,https://gbfs.kappa.fifteen.eu/gbfs/2.2/mobi/en/free_bike_status.json,2026-07-05T09:16:54Z,2026-07-05T09:16:54Z
mobi_vancouver,mobi_vancouver_bc4c9a58-f98e-4101-aefb-e942e3f4eb6a,bc4c9a58-f98e-4101-aefb-e942e3f4eb6a,49.285575,-123.061575,1,FALSE,FALSE,15600,0621,1783242986,2026-07-05T09:16:55Z,2026-07-05T09:16:55Z,2026-07-05T09:16:25Z,2.2,https://gbfs.kappa.fifteen.eu/gbfs/2.2/mobi/en/gbfs.json,https://gbfs.kappa.fifteen.eu/gbfs/2.2/mobi/en/free_bike_status.json,2026-07-05T09:16:54Z,2026-07-05T09:16:54Z
mobi_vancouver,mobi_vancouver_6c58660c-fc51-4f5b-ab5c-378a48597be8,6c58660c-fc51-4f5b-ab5c-378a48597be8,49.263073,-123.254307,1,FALSE,FALSE,15600,2114,1783242986,2026-07-05T09:16:55Z,2026-07-05T09:16:55Z,2026-07-05T09:16:25Z,2.2,https://gbfs.kappa.fifteen.eu/gbfs/2.2/mobi/en/gbfs.json,https://gbfs.kappa.fifteen.eu/gbfs/2.2/mobi/en/free_bike_status.json,2026-07-05T09:16:54Z,2026-07-05T09:16:54Z
mobi_vancouver,mobi_vancouver_aa6bfaab-fc4b-425f-b939-b6dda0db6f38,aa6bfaab-fc4b-425f-b939-b6dda0db6f38,49.25478,-123.23621,1,FALSE,FALSE,15600,2252,1783242986,2026-07-05T09:16:55Z,2026-07-05T09:16:55Z,2026-07-05T09:16:25Z,2.2,https://gbfs.kappa.fifteen.eu/gbfs/2.2/mobi/en/gbfs.json,https://gbfs.kappa.fifteen.eu/gbfs/2.2/mobi/en/free_bike_status.json,2026-07-05T09:16:54Z,2026-07-05T09:16:54Z
mobi_vancouver,mobi_vancouver_ca8815f5-a9b5-4638-8ad8-dc84c595566e,ca8815f5-a9b5-4638-8ad8-dc84c595566e,49.261736,-123.24648,1,FALSE,FALSE,15600,2136,1783242986,2026-07-05T09:16:55Z,2026-07-05T09:16:55Z,2026-07-05T09:16:25Z,2.2,https://gbfs.kappa.fifteen.eu/gbfs/2.2/mobi/en/gbfs.json,https://gbfs.kappa.fifteen.eu/gbfs/2.2/mobi/en/free_bike_status.json,2026-07-05T09:16:54Z,2026-07-05T09:16:54Z
mobi_vancouver,mobi_vancouver_736c6bc4-aaa6-429b-8a17-738b8dd3f1c5,736c6bc4-aaa6-429b-8a17-738b8dd3f1c5,49.2585,-123.2521,1,FALSE,FALSE,15600,2117,1783242986,2026-07-05T09:16:55Z,2026-07-05T09:16:55Z,2026-07-05T09:16:25Z,2.2,https://gbfs.kappa.fifteen.eu/gbfs/2.2/mobi/en/gbfs.json,https://gbfs.kappa.fifteen.eu/gbfs/2.2/mobi/en/free_bike_status.json,2026-07-05T09:16:54Z,2026-07-05T09:16:54Z
mobi_vancouver,mobi_vancouver_7b8c0f0c-cb31-4e87-8f0e-fd611a661928,7b8c0f0c-cb31-4e87-8f0e-fd611a661928,49.276115,-123.114496,1,FALSE,FALSE,16000,0064,1783242986,2026-07-05T09:16:55Z,2026-07-05T09:16:55Z,2026-07-05T09:16:25Z,2.2,https://gbfs.kappa.fifteen.eu/gbfs/2.2/mobi/en/gbfs.json,https://gbfs.kappa.fifteen.eu/gbfs/2.2/mobi/en/free_bike_status.json,2026-07-05T09:16:54Z,2026-07-05T09:16:54Z
mobi_vancouver,mobi_vancouver_501753b5-aea6-4bd4-acb3-b3090b693c39,501753b5-aea6-4bd4-acb3-b3090b693c39,49.279821,-123.10802,1,FALSE,FALSE,16000,0053,1783242986,2026-07-05T09:16:55Z,2026-07-05T09:16:55Z,2026-07-05T09:16:25Z,2.2,https://gbfs.kappa.fifteen.eu/gbfs/2.2/mobi/en/gbfs.json,https://gbfs.kappa.fifteen.eu/gbfs/2.2/mobi/en/free_bike_status.json,2026-07-05T09:16:54Z,2026-07-05T09:16:54Z
mobi_vancouver,mobi_vancouver_9d92529a-adec-4b21-926a-e8813e3fae81,9d92529a-adec-4b21-926a-e8813e3fae81,49.293257,-123.138563,2,FALSE,FALSE,16000,0093,1783242986,2026-07-05T09:16:55Z,2026-07-05T09:16:55Z,2026-07-05T09:16:25Z,2.2,https://gbfs.kappa.fifteen.eu/gbfs/2.2/mobi/en/gbfs.json,https://gbfs.kappa.fifteen.eu/gbfs/2.2/mobi/en/free_bike_status.json,2026-07-05T09:16:54Z,2026-07-05T09:16:54Z
mobi_vancouver,mobi_vancouver_6e5bc40c-f13f-47e5-8034-264cf83ef338,6e5bc40c-f13f-47e5-8034-264cf83ef338,49.273471,-123.118016,1,FALSE,FALSE,16000,0017,1783242986,2026-07-05T09:16:55Z,2026-07-05T09:16:55Z,2026-07-05T09:16:25Z,2.2,https://gbfs.kappa.fifteen.eu/gbfs/2.2/mobi/en/gbfs.json,https://gbfs.kappa.fifteen.eu/gbfs/2.2/mobi/en/free_bike_status.json,2026-07-05T09:16:54Z,2026-07-05T09:16:54Z
mobi_vancouver,mobi_vancouver_906b8bd6-fefb-47b2-afb0-7d92f8a03f8f,906b8bd6-fefb-47b2-afb0-7d92f8a03f8f,49.263837,-123.105173,1,FALSE,FALSE,16000,0107,1783242986,2026-07-05T09:16:55Z,2026-07-05T09:16:55Z,2026-07-05T09:16:25Z,2.2,https://gbfs.kappa.fifteen.eu/gbfs/2.2/mobi/en/gbfs.json,https://gbfs.kappa.fifteen.eu/gbfs/2.2/mobi/en/free_bike_status.json,2026-07-05T09:16:54Z,2026-07-05T09:16:54Z
mobi_vancouver,mobi_vancouver_515969f1-0eb9-4889-a9c8-b871387425e9,515969f1-0eb9-4889-a9c8-b871387425e9,49.263837,-123.105173,1,FALSE,FALSE,16000,0107,1783242986,2026-07-05T09:16:55Z,2026-07-05T09:16:55Z,2026-07-05T09:16:25Z,2.2,https://gbfs.kappa.fifteen.eu/gbfs/2.2/mobi/en/gbfs.json,https://gbfs.kappa.fifteen.eu/gbfs/2.2/mobi/en/free_bike_status.json,2026-07-05T09:16:54Z,2026-07-05T09:16:54Z
mobi_vancouver,mobi_vancouver_2bc5da4e-75e3-4774-aa33-450291c1034a,2bc5da4e-75e3-4774-aa33-450291c1034a,49.27821,-123.136972,1,FALSE,FALSE,16000,0083,1783242986,2026-07-05T09:16:55Z,2026-07-05T09:16:55Z,2026-07-05T09:16:25Z,2.2,https://gbfs.kappa.fifteen.eu/gbfs/2.2/mobi/en/gbfs.json,https://gbfs.kappa.fifteen.eu/gbfs/2.2/mobi/en/free_bike_status.json,2026-07-05T09:16:54Z,2026-07-05T09:16:54Z
mobi_vancouver,mobi_vancouver_2c46add3-daa6-4305-b24f-bb8a38b1f665,2c46add3-daa6-4305-b24f-bb8a38b1f665,49.261403,-123.070102,1,FALSE,FALSE,16000,0244,1783242986,2026-07-05T09:16:55Z,2026-07-05T09:16:55Z,2026-07-05T09:16:25Z,2.2,https://gbfs.kappa.fifteen.eu/gbfs/2.2/mobi/en/gbfs.json,https://gbfs.kappa.fifteen.eu/gbfs/2.2/mobi/en/free_bike_status.json,2026-07-05T09:16:54Z,2026-07-05T09:16:54Z
mobi_vancouver,mobi_vancouver_a51b483b-b203-49b4-92bb-b5b62b08f0bc,a51b483b-b203-49b4-92bb-b5b62b08f0bc,49.284062,-123.095097,1,FALSE,FALSE,16000,0161,1783242986,2026-07-05T09:16:55Z,2026-07-05T09:16:55Z,2026-07-05T09:16:25Z,2.2,https://gbfs.kappa.fifteen.eu/gbfs/2.2/mobi/en/gbfs.json,https://gbfs.kappa.fifteen.eu/gbfs/2.2/mobi/en/free_bike_status.json,2026-07-05T09:16:54Z,2026-07-05T09:16:54Z
mobi_vancouver,mobi_vancouver_bfc36266-6a18-45c1-a189-7c2ed845cbed,bfc36266-6a18-45c1-a189-7c2ed845cbed,49.279369,-123.091241,1,FALSE,FALSE,16000,0229,1783242986,2026-07-05T09:16:55Z,2026-07-05T09:16:55Z,2026-07-05T09:16:25Z,2.2,https://gbfs.kappa.fifteen.eu/gbfs/2.2/mobi/en/gbfs.json,https://gbfs.kappa.fifteen.eu/gbfs/2.2/mobi/en/free_bike_status.json,2026-07-05T09:16:54Z,2026-07-05T09:16:54Z
mobi_vancouver,mobi_vancouver_cee7ad45-83e5-4928-a47d-7c7ecb24c8b5,cee7ad45-83e5-4928-a47d-7c7ecb24c8b5,49.280852,-123.084746,2,FALSE,FALSE,16000,0227,1783242986,2026-07-05T09:16:55Z,2026-07-05T09:16:55Z,2026-07-05T09:16:25Z,2.2,https://gbfs.kappa.fifteen.eu/gbfs/2.2/mobi/en/gbfs.json,https://gbfs.kappa.fifteen.eu/gbfs/2.2/mobi/en/free_bike_status.json,2026-07-05T09:16:54Z,2026-07-05T09:16:54Z
mobi_vancouver,mobi_vancouver_bac9e7c5-1206-49b9-ac09-455fec1fc813,bac9e7c5-1206-49b9-ac09-455fec1fc813,49.266751,-123.073501,1,FALSE,FALSE,16000,0250,1783242986,2026-07-05T09:16:55Z,2026-07-05T09:16:55Z,2026-07-05T09:16:25Z,2.2,https://gbfs.kappa.fifteen.eu/gbfs/2.2/mobi/en/gbfs.json,https://gbfs.kappa.fifteen.eu/gbfs/2.2/mobi/en/free_bike_status.json,2026-07-05T09:16:54Z,2026-07-05T09:16:54Z
mobi_vancouver,mobi_vancouver_f160a922-43a8-40a7-bc06-559db25f4233,f160a922-43a8-40a7-bc06-559db25f4233,49.266725,-123.065925,1,FALSE,FALSE,16000,0273,1783242986,2026-07-05T09:16:55Z,2026-07-05T09:16:55Z,2026-07-05T09:16:25Z,2.2,https://gbfs.kappa.fifteen.eu/gbfs/2.2/mobi/en/gbfs.json,https://gbfs.kappa.fifteen.eu/gbfs/2.2/mobi/en/free_bike_status.json,2026-07-05T09:16:54Z,2026-07-05T09:16:54Z
mobi_vancouver,mobi_vancouver_d50b5e07-0d36-44bb-afdd-2a627132eddd,d50b5e07-0d36-44bb-afdd-2a627132eddd,49.258352,-123.096337,1,FALSE,FALSE,16000,0257,1783242986,2026-07-05T09:16:55Z,2026-07-05T09:16:55Z,2026-07-05T09:16:25Z,2.2,https://gbfs.kappa.fifteen.eu/gbfs/2.2/mobi/en/gbfs.json,https://gbfs.kappa.fifteen.eu/gbfs/2.2/mobi/en/free_bike_status.json,2026-07-05T09:16:54Z,2026-07-05T09:16:54Z
mobi_vancouver,mobi_vancouver_7c4d04a8-889b-43dd-a86d-9174107ec294,7c4d04a8-889b-43dd-a86d-9174107ec294,49.264326,-123.164725,1,FALSE,FALSE,16000,0464,1783242986,2026-07-05T09:16:55Z,2026-07-05T09:16:55Z,2026-07-05T09:16:25Z,2.2,https://gbfs.kappa.fifteen.eu/gbfs/2.2/mobi/en/gbfs.json,https://gbfs.kappa.fifteen.eu/gbfs/2.2/mobi/en/free_bike_status.json,2026-07-05T09:16:54Z,2026-07-05T09:16:54Z
mobi_vancouver,mobi_vancouver_7890b2f4-7118-455f-9d93-cbe1752d012c,7890b2f4-7118-455f-9d93-cbe1752d012c,49.274232,-123.129998,1,FALSE,FALSE,16000,0314,1783242986,2026-07-05T09:16:55Z,2026-07-05T09:16:55Z,2026-07-05T09:16:25Z,2.2,https://gbfs.kappa.fifteen.eu/gbfs/2.2/mobi/en/gbfs.json,https://gbfs.kappa.fifteen.eu/gbfs/2.2/mobi/en/free_bike_status.json,2026-07-05T09:16:54Z,2026-07-05T09:16:54Z
mobi_vancouver,mobi_vancouver_67aa2044-fafb-4b9e-9ca4-a2a7d3f7ec3f,67aa2044-fafb-4b9e-9ca4-a2a7d3f7ec3f,49.265442,-123.187738,1,FALSE,FALSE,16000,0403,1783242986,2026-07-05T09:16:55Z,2026-07-05T09:16:55Z,2026-07-05T09:16:25Z,2.2,https://gbfs.kappa.fifteen.eu/gbfs/2.2/mobi/en/gbfs.json,https://gbfs.kappa.fifteen.eu/gbfs/2.2/mobi/en/free_bike_status.json,2026-07-05T09:16:54Z,2026-07-05T09:16:54Z
mobi_vancouver,mobi_vancouver_37a095ad-3429-459c-be13-b2e1b29eff4c,37a095ad-3429-459c-be13-b2e1b29eff4c,49.2661,-123.24568,2,FALSE,FALSE,16000,2154,1783242986,2026-07-05T09:16:55Z,2026-07-05T09:16:55Z,2026-07-05T09:16:25Z,2.2,https://gbfs.kappa.fifteen.eu/gbfs/2.2/mobi/en/gbfs.json,https://gbfs.kappa.fifteen.eu/gbfs/2.2/mobi/en/free_bike_status.json,2026-07-05T09:16:54Z,2026-07-05T09:16:54Z
mobi_vancouver,mobi_vancouver_9047ac07-88c4-4839-bdbf-d529e602f216,9047ac07-88c4-4839-bdbf-d529e602f216,49.289255,-123.132677,1,FALSE,FALSE,16400,0041,1783242986,2026-07-05T09:16:55Z,2026-07-05T09:16:55Z,2026-07-05T09:16:25Z,2.2,https://gbfs.kappa.fifteen.eu/gbfs/2.2/mobi/en/gbfs.json,https://gbfs.kappa.fifteen.eu/gbfs/2.2/mobi/en/free_bike_status.json,2026-07-05T09:16:54Z,2026-07-05T09:16:54Z
mobi_vancouver,mobi_vancouver_bf39c177-a061-4ca2-830f-dc9ab830f24f,bf39c177-a061-4ca2-830f-dc9ab830f24f,49.285253,-123.134356,1,FALSE,FALSE,16400,0048,1783242986,2026-07-05T09:16:55Z,2026-07-05T09:16:55Z,2026-07-05T09:16:25Z,2.2,https://gbfs.kappa.fifteen.eu/gbfs/2.2/mobi/en/gbfs.json,https://gbfs.kappa.fifteen.eu/gbfs/2.2/mobi/en/free_bike_status.json,2026-07-05T09:16:54Z,2026-07-05T09:16:54Z
mobi_vancouver,mobi_vancouver_098b927f-5d1d-45db-9c6e-5e99a623655d,098b927f-5d1d-45db-9c6e-5e99a623655d,49.277141,-123.122589,1,FALSE,FALSE,16400,0138,1783242986,2026-07-05T09:16:55Z,2026-07-05T09:16:55Z,2026-07-05T09:16:25Z,2.2,https://gbfs.kappa.fifteen.eu/gbfs/2.2/mobi/en/gbfs.json,https://gbfs.kappa.fifteen.eu/gbfs/2.2/mobi/en/free_bike_status.json,2026-07-05T09:16:54Z,2026-07-05T09:16:54Z
mobi_vancouver,mobi_vancouver_54863026-ed81-413f-a5cc-9296cfb60b91,54863026-ed81-413f-a5cc-9296cfb60b91,49.271741,-123.155421,1,FALSE,FALSE,16400,0204,1783242986,2026-07-05T09:16:55Z,2026-07-05T09:16:55Z,2026-07-05T09:16:25Z,2.2,https://gbfs.kappa.fifteen.eu/gbfs/2.2/mobi/en/gbfs.json,https://gbfs.kappa.fifteen.eu/gbfs/2.2/mobi/en/free_bike_status.json,2026-07-05T09:16:54Z,2026-07-05T09:16:54Z
mobi_vancouver,mobi_vancouver_a6b3107d-9245-4a1c-8559-2b2fe7248937,a6b3107d-9245-4a1c-8559-2b2fe7248937,49.266774,-123.141135,1,FALSE,FALSE,16400,0153,1783242986,2026-07-05T09:16:55Z,2026-07-05T09:16:55Z,2026-07-05T09:16:25Z,2.2,https://gbfs.kappa.fifteen.eu/gbfs/2.2/mobi/en/gbfs.json,https://gbfs.kappa.fifteen.eu/gbfs/2.2/mobi/en/free_bike_status.json,2026-07-05T09:16:54Z,2026-07-05T09:16:54Z
mobi_vancouver,mobi_vancouver_e4a83c6a-3dfd-4b99-96a7-975271943288,e4a83c6a-3dfd-4b99-96a7-975271943288,49.267859,-123.145782,1,FALSE,FALSE,16400,0139,1783242986,2026-07-05T09:16:55Z,2026-07-05T09:16:55Z,2026-07-05T09:16:25Z,2.2,https://gbfs.kappa.fifteen.eu/gbfs/2.2/mobi/en/gbfs.json,https://gbfs.kappa.fifteen.eu/gbfs/2.2/mobi/en/free_bike_status.json,2026-07-05T09:16:54Z,2026-07-05T09:16:54Z
mobi_vancouver,mobi_vancouver_d20d365e-2c0c-42ac-99a8-a7c6ddb0fb4d,d20d365e-2c0c-42ac-99a8-a7c6ddb0fb4d,49.267628,-123.127698,1,FALSE,FALSE,16400,0143,1783242986,2026-07-05T09:16:55Z,2026-07-05T09:16:55Z,2026-07-05T09:16:25Z,2.2,https://gbfs.kappa.fifteen.eu/gbfs/2.2/mobi/en/gbfs.json,https://gbfs.kappa.fifteen.eu/gbfs/2.2/mobi/en/free_bike_status.json,2026-07-05T09:16:54Z,2026-07-05T09:16:54Z
mobi_vancouver,mobi_vancouver_498cbb57-b5cb-4c96-9c8b-d6dcb84f25f3,498cbb57-b5cb-4c96-9c8b-d6dcb84f25f3,49.265005,-123.079481,1,FALSE,FALSE,16400,0236,1783242986,2026-07-05T09:16:55Z,2026-07-05T09:16:55Z,2026-07-05T09:16:25Z,2.2,https://gbfs.kappa.fifteen.eu/gbfs/2.2/mobi/en/gbfs.json,https://gbfs.kappa.fifteen.eu/gbfs/2.2/mobi/en/free_bike_status.json,2026-07-05T09:16:54Z,2026-07-05T09:16:54Z
mobi_vancouver,mobi_vancouver_800f1665-f3ee-4b23-a140-fde671ab762b,800f1665-f3ee-4b23-a140-fde671ab762b,49.268616,-123.069908,1,FALSE,FALSE,16400,0240,1783242986,2026-07-05T09:16:55Z,2026-07-05T09:16:55Z,2026-07-05T09:16:25Z,2.2,https://gbfs.kappa.fifteen.eu/gbfs/2.2/mobi/en/gbfs.json,https://gbfs.kappa.fifteen.eu/gbfs/2.2/mobi/en/free_bike_status.json,2026-07-05T09:16:54Z,2026-07-05T09:16:54Z
mobi_vancouver,mobi_vancouver_babf84fe-d0c0-4e02-bffd-72924edd231e,babf84fe-d0c0-4e02-bffd-72924edd231e,49.280852,-123.084746,1,FALSE,FALSE,16400,0227,1783242986,2026-07-05T09:16:55Z,2026-07-05T09:16:55Z,2026-07-05T09:16:25Z,2.2,https://gbfs.kappa.fifteen.eu/gbfs/2.2/mobi/en/gbfs.json,https://gbfs.kappa.fifteen.eu/gbfs/2.2/mobi/en/free_bike_status.json,2026-07-05T09:16:54Z,2026-07-05T09:16:54Z
mobi_vancouver,mobi_vancouver_7d4bf4ed-e481-4a32-971f-abaa7e84543b,7d4bf4ed-e481-4a32-971f-abaa7e84543b,49.254667,-123.101389,2,FALSE,FALSE,16400,0255,1783242986,2026-07-05T09:16:55Z,2026-07-05T09:16:55Z,2026-07-05T09:16:25Z,2.2,https://gbfs.kappa.fifteen.eu/gbfs/2.2/mobi/en/gbfs.json,https://gbfs.kappa.fifteen.eu/gbfs/2.2/mobi/en/free_bike_status.json,2026-07-05T09:16:54Z,2026-07-05T09:16:54Z
mobi_vancouver,mobi_vancouver_6f384287-c5e8-4ffd-82ca-b919ad609bea,6f384287-c5e8-4ffd-82ca-b919ad609bea,49.280332,-123.070068,1,FALSE,FALSE,16400,0224,1783242986,2026-07-05T09:16:55Z,2026-07-05T09:16:55Z,2026-07-05T09:16:25Z,2.2,https://gbfs.kappa.fifteen.eu/gbfs/2.2/mobi/en/gbfs.json,https://gbfs.kappa.fifteen.eu/gbfs/2.2/mobi/en/free_bike_status.json,2026-07-05T09:16:54Z,2026-07-05T09:16:54Z
mobi_vancouver,mobi_vancouver_e3f84c26-6b5a-4844-b58d-ee1e05a2ac18,e3f84c26-6b5a-4844-b58d-ee1e05a2ac18,49.273777,-123.092723,1,FALSE,FALSE,16400,0233,1783242986,2026-07-05T09:16:55Z,2026-07-05T09:16:55Z,2026-07-05T09:16:25Z,2.2,https://gbfs.kappa.fifteen.eu/gbfs/2.2/mobi/en/gbfs.json,https://gbfs.kappa.fifteen.eu/gbfs/2.2/mobi/en/free_bike_status.json,2026-07-05T09:16:54Z,2026-07-05T09:16:54Z
mobi_vancouver,mobi_vancouver_a62b98c3-870c-49b1-a7dd-2a7998d35924,a62b98c3-870c-49b1-a7dd-2a7998d35924,49.271044,-123.170661,1,FALSE,FALSE,16400,0450,1783242986,2026-07-05T09:16:55Z,2026-07-05T09:16:55Z,2026-07-05T09:16:25Z,2.2,https://gbfs.kappa.fifteen.eu/gbfs/2.2/mobi/en/gbfs.json,https://gbfs.kappa.fifteen.eu/gbfs/2.2/mobi/en/free_bike_status.json,2026-07-05T09:16:54Z,2026-07-05T09:16:54Z
mobi_vancouver,mobi_vancouver_e29fafd5-79ff-4412-9ab3-700c42017b3c,e29fafd5-79ff-4412-9ab3-700c42017b3c,49.267561,-123.252261,1,FALSE,FALSE,16400,2132,1783242986,2026-07-05T09:16:55Z,2026-07-05T09:16:55Z,2026-07-05T09:16:25Z,2.2,https://gbfs.kappa.fifteen.eu/gbfs/2.2/mobi/en/gbfs.json,https://gbfs.kappa.fifteen.eu/gbfs/2.2/mobi/en/free_bike_status.json,2026-07-05T09:16:54Z,2026-07-05T09:16:54Z
mobi_vancouver,mobi_vancouver_e5804bd2-81ab-4f66-9be5-db0338b6e826,e5804bd2-81ab-4f66-9be5-db0338b6e826,49.26262,-123.2431,1,FALSE,FALSE,16400,2156,1783242986,2026-07-05T09:16:55Z,2026-07-05T09:16:55Z,2026-07-05T09:16:25Z,2.2,https://gbfs.kappa.fifteen.eu/gbfs/2.2/mobi/en/gbfs.json,https://gbfs.kappa.fifteen.eu/gbfs/2.2/mobi/en/free_bike_status.json,2026-07-05T09:16:54Z,2026-07-05T09:16:54Z
mobi_vancouver,mobi_vancouver_0ce1559f-5baa-4063-9c0b-cff5d809b8b4,0ce1559f-5baa-4063-9c0b-cff5d809b8b4,49.26875,-123.25004,1,FALSE,FALSE,16400,2142,1783242986,2026-07-05T09:16:55Z,2026-07-05T09:16:55Z,2026-07-05T09:16:25Z,2.2,https://gbfs.kappa.fifteen.eu/gbfs/2.2/mobi/en/gbfs.json,https://gbfs.kappa.fifteen.eu/gbfs/2.2/mobi/en/free_bike_status.json,2026-07-05T09:16:54Z,2026-07-05T09:16:54Z
mobi_vancouver,mobi_vancouver_1bab271a-c313-4da5-a43c-13e07888641c,1bab271a-c313-4da5-a43c-13e07888641c,49.27709,-123.07589,2,FALSE,FALSE,16400,,1783242986,2026-07-05T09:16:55Z,2026-07-05T09:16:55Z,2026-07-05T09:16:25Z,2.2,https://gbfs.kappa.fifteen.eu/gbfs/2.2/mobi/en/gbfs.json,https://gbfs.kappa.fifteen.eu/gbfs/2.2/mobi/en/free_bike_status.json,2026-07-05T09:16:54Z,2026-07-05T09:16:54Z
mobi_vancouver,mobi_vancouver_7a05b1ca-787b-4dfe-a8a0-ac6b80d29968,7a05b1ca-787b-4dfe-a8a0-ac6b80d29968,49.25894,-123.139272,1,FALSE,FALSE,16800,0071,1783242986,2026-07-05T09:16:55Z,2026-07-05T09:16:55Z,2026-07-05T09:16:25Z,2.2,https://gbfs.kappa.fifteen.eu/gbfs/2.2/mobi/en/gbfs.json,https://gbfs.kappa.fifteen.eu/gbfs/2.2/mobi/en/free_bike_status.json,2026-07-05T09:16:54Z,2026-07-05T09:16:54Z
mobi_vancouver,mobi_vancouver_ebd2c7cb-9354-4075-b22f-0272cd92859b,ebd2c7cb-9354-4075-b22f-0272cd92859b,49.270877,-123.115103,1,FALSE,FALSE,16800,0009,1783242986,2026-07-05T09:16:55Z,2026-07-05T09:16:55Z,2026-07-05T09:16:25Z,2.2,https://gbfs.kappa.fifteen.eu/gbfs/2.2/mobi/en/gbfs.json,https://gbfs.kappa.fifteen.eu/gbfs/2.2/mobi/en/free_bike_status.json,2026-07-05T09:16:54Z,2026-07-05T09:16:54Z
mobi_vancouver,mobi_vancouver_0ec71f88-aaff-4280-a7d9-a0729d7b0bf5,0ec71f88-aaff-4280-a7d9-a0729d7b0bf5,49.285253,-123.134356,1,FALSE,FALSE,16800,0048,1783242986,2026-07-05T09:16:55Z,2026-07-05T09:16:55Z,2026-07-05T09:16:25Z,2.2,https://gbfs.kappa.fifteen.eu/gbfs/2.2/mobi/en/gbfs.json,https://gbfs.kappa.fifteen.eu/gbfs/2.2/mobi/en/free_bike_status.json,2026-07-05T09:16:54Z,2026-07-05T09:16:54Z
mobi_vancouver,mobi_vancouver_b0d59d6d-d350-4074-b9fe-ba7334005027,b0d59d6d-d350-4074-b9fe-ba7334005027,49.276436,-123.11877,1,FALSE,FALSE,16800,0078,1783242986,2026-07-05T09:16:55Z,2026-07-05T09:16:55Z,2026-07-05T09:16:25Z,2.2,https://gbfs.kappa.fifteen.eu/gbfs/2.2/mobi/en/gbfs.json,https://gbfs.kappa.fifteen.eu/gbfs/2.2/mobi/en/free_bike_status.json,2026-07-05T09:16:54Z,2026-07-05T09:16:54Z
mobi_vancouver,mobi_vancouver_37757aa6-2620-4b4c-95ef-8dae9f565dfa,37757aa6-2620-4b4c-95ef-8dae9f565dfa,49.284605,-123.108662,1,FALSE,FALSE,16800,0052,1783242986,2026-07-05T09:16:55Z,2026-07-05T09:16:55Z,2026-07-05T09:16:25Z,2.2,https://gbfs.kappa.fifteen.eu/gbfs/2.2/mobi/en/gbfs.json,https://gbfs.kappa.fifteen.eu/gbfs/2.2/mobi/en/free_bike_status.json,2026-07-05T09:16:54Z,2026-07-05T09:16:54Z
mobi_vancouver,mobi_vancouver_f68c900a-9a32-4236-8157-1fa9e067da7e,f68c900a-9a32-4236-8157-1fa9e067da7e,49.273471,-123.118016,2,FALSE,FALSE,16800,0017,1783242986,2026-07-05T09:16:55Z,2026-07-05T09:16:55Z,2026-07-05T09:16:25Z,2.2,https://gbfs.kappa.fifteen.eu/gbfs/2.2/mobi/en/gbfs.json,https://gbfs.kappa.fifteen.eu/gbfs/2.2/mobi/en/free_bike_status.json,2026-07-05T09:16:54Z,2026-07-05T09:16:54Z
mobi_vancouver,mobi_vancouver_218fed00-99a9-4426-a09a-06240674d5ab,218fed00-99a9-4426-a09a-06240674d5ab,49.25845,-123.100377,1,FALSE,FALSE,16800,0134,1783242986,2026-07-05T09:16:55Z,2026-07-05T09:16:55Z,2026-07-05T09:16:25Z,2.2,https://gbfs.kappa.fifteen.eu/gbfs/2.2/mobi/en/gbfs.json,https://gbfs.kappa.fifteen.eu/gbfs/2.2/mobi/en/free_bike_status.json,2026-07-05T09:16:54Z,2026-07-05T09:16:54Z
mobi_vancouver,mobi_vancouver_f24d93b5-7ee6-4da5-ab7d-de96423cdbf3,f24d93b5-7ee6-4da5-ab7d-de96423cdbf3,49.290112,-123.127062,1,FALSE,FALSE,16800,0035,1783242986,2026-07-05T09:16:55Z,2026-07-05T09:16:55Z,2026-07-05T09:16:25Z,2.2,https://gbfs.kappa.fifteen.eu/gbfs/2.2/mobi/en/gbfs.json,https://gbfs.kappa.fifteen.eu/gbfs/2.2/mobi/en/free_bike_status.json,2026-07-05T09:16:54Z,2026-07-05T09:16:54Z
mobi_vancouver,mobi_vancouver_32c7fcaf-1fe7-4785-bdbf-0bb877268fe7,32c7fcaf-1fe7-4785-bdbf-0bb877268fe7,49.277595,-123.09583,1,FALSE,FALSE,16800,0212,1783242986,2026-07-05T09:16:55Z,2026-07-05T09:16:55Z,2026-07-05T09:16:25Z,2.2,https://gbfs.kappa.fifteen.eu/gbfs/2.2/mobi/en/gbfs.json,https://gbfs.kappa.fifteen.eu/gbfs/2.2/mobi/en/free_bike_status.json,2026-07-05T09:16:54Z,2026-07-05T09:16:54Z
mobi_vancouver,mobi_vancouver_c59cb7b5-8a35-478f-8c28-d0a4fc37acfb,c59cb7b5-8a35-478f-8c28-d0a4fc37acfb,49.276897,-123.101746,1,FALSE,FALSE,16800,0801,1783242986,2026-07-05T09:16:55Z,2026-07-05T09:16:55Z,2026-07-05T09:16:25Z,2.2,https://gbfs.kappa.fifteen.eu/gbfs/2.2/mobi/en/gbfs.json,https://gbfs.kappa.fifteen.eu/gbfs/2.2/mobi/en/free_bike_status.json,2026-07-05T09:16:54Z,2026-07-05T09:16:54Z
mobi_vancouver,mobi_vancouver_7606215e-9961-43fc-827f-00b4e2f0d2dc,7606215e-9961-43fc-827f-00b4e2f0d2dc,49.263242,-123.070521,1,FALSE,FALSE,16800,0242,1783242986,2026-07-05T09:16:55Z,2026-07-05T09:16:55Z,2026-07-05T09:16:25Z,2.2,https://gbfs.kappa.fifteen.eu/gbfs/2.2/mobi/en/gbfs.json,https://gbfs.kappa.fifteen.eu/gbfs/2.2/mobi/en/free_bike_status.json,2026-07-05T09:16:54Z,2026-07-05T09:16:54Z
mobi_vancouver,mobi_vancouver_601562f1-deb7-4604-85ce-1a90771d02b0,601562f1-deb7-4604-85ce-1a90771d02b0,49.266725,-123.065925,1,FALSE,FALSE,16800,0273,1783242986,2026-07-05T09:16:55Z,2026-07-05T09:16:55Z,2026-07-05T09:16:25Z,2.2,https://gbfs.kappa.fifteen.eu/gbfs/2.2/mobi/en/gbfs.json,https://gbfs.kappa.fifteen.eu/gbfs/2.2/mobi/en/free_bike_status.json,2026-07-05T09:16:54Z,2026-07-05T09:16:54Z
mobi_vancouver,mobi_vancouver_393fd1de-731d-4630-b731-7474015d179f,393fd1de-731d-4630-b731-7474015d179f,49.283986,-123.065264,1,FALSE,FALSE,16800,0280,1783242986,2026-07-05T09:16:55Z,2026-07-05T09:16:55Z,2026-07-05T09:16:25Z,2.2,https://gbfs.kappa.fifteen.eu/gbfs/2.2/mobi/en/gbfs.json,https://gbfs.kappa.fifteen.eu/gbfs/2.2/mobi/en/free_bike_status.json,2026-07-05T09:16:54Z,2026-07-05T09:16:54Z
mobi_vancouver,mobi_vancouver_b4184bb8-1ee6-46c3-a9a3-6bc32b54d635,b4184bb8-1ee6-46c3-a9a3-6bc32b54d635,49.302577,-123.155616,2,FALSE,FALSE,16800,0103,1783242986,2026-07-05T09:16:55Z,2026-07-05T09:16:55Z,2026-07-05T09:16:25Z,2.2,https://gbfs.kappa.fifteen.eu/gbfs/2.2/mobi/en/gbfs.json,https://gbfs.kappa.fifteen.eu/gbfs/2.2/mobi/en/free_bike_status.json,2026-07-05T09:16:54Z,2026-07-05T09:16:54Z
mobi_vancouver,mobi_vancouver_b5b23404-42ae-4c3b-aa3c-fc22db14ac98,b5b23404-42ae-4c3b-aa3c-fc22db14ac98,49.286646,-123.129232,1,FALSE,FALSE,16800,0310,1783242986,2026-07-05T09:16:55Z,2026-07-05T09:16:55Z,2026-07-05T09:16:25Z,2.2,https://gbfs.kappa.fifteen.eu/gbfs/2.2/mobi/en/gbfs.json,https://gbfs.kappa.fifteen.eu/gbfs/2.2/mobi/en/free_bike_status.json,2026-07-05T09:16:54Z,2026-07-05T09:16:54Z
mobi_vancouver,mobi_vancouver_9426f151-2854-4156-bd01-2ea0e7ac2aeb,9426f151-2854-4156-bd01-2ea0e7ac2aeb,49.246243,-123.124373,1,FALSE,FALSE,16800,0505,1783242986,2026-07-05T09:16:55Z,2026-07-05T09:16:55Z,2026-07-05T09:16:25Z,2.2,https://gbfs.kappa.fifteen.eu/gbfs/2.2/mobi/en/gbfs.json,https://gbfs.kappa.fifteen.eu/gbfs/2.2/mobi/en/free_bike_status.json,2026-07-05T09:16:54Z,2026-07-05T09:16:54Z
mobi_vancouver,mobi_vancouver_319a2b6d-ff60-424d-8a0f-e3cca303648e,319a2b6d-ff60-424d-8a0f-e3cca303648e,49.27751,-123.061429,1,FALSE,FALSE,16800,0617,1783242986,2026-07-05T09:16:55Z,2026-07-05T09:16:55Z,2026-07-05T09:16:25Z,2.2,https://gbfs.kappa.fifteen.eu/gbfs/2.2/mobi/en/gbfs.json,https://gbfs.kappa.fifteen.eu/gbfs/2.2/mobi/en/free_bike_status.json,2026-07-05T09:16:54Z,2026-07-05T09:16:54Z
mobi_vancouver,mobi_vancouver_de9c1e52-630d-4d03-a4e7-03cdeeb062dc,de9c1e52-630d-4d03-a4e7-03cdeeb062dc,49.26875,-123.25004,1,FALSE,FALSE,16800,2142,1783242986,2026-07-05T09:16:55Z,2026-07-05T09:16:55Z,2026-07-05T09:16:25Z,2.2,https://gbfs.kappa.fifteen.eu/gbfs/2.2/mobi/en/gbfs.json,https://gbfs.kappa.fifteen.eu/gbfs/2.2/mobi/en/free_bike_status.json,2026-07-05T09:16:54Z,2026-07-05T09:16:54Z
mobi_vancouver,mobi_vancouver_1735b5a3-851b-4407-9776-6ea8056c5642,1735b5a3-851b-4407-9776-6ea8056c5642,49.27549,-123.12882,2,FALSE,FALSE,16800,0318,1783242986,2026-07-05T09:16:55Z,2026-07-05T09:16:55Z,2026-07-05T09:16:25Z,2.2,https://gbfs.kappa.fifteen.eu/gbfs/2.2/mobi/en/gbfs.json,https://gbfs.kappa.fifteen.eu/gbfs/2.2/mobi/en/free_bike_status.json,2026-07-05T09:16:54Z,2026-07-05T09:16:54Z
mobi_vancouver,mobi_vancouver_a2442d90-e73c-44d7-ad5d-41d700c5d04c,a2442d90-e73c-44d7-ad5d-41d700c5d04c,49.271721,-123.104207,1,FALSE,FALSE,17200,0011,1783242986,2026-07-05T09:16:55Z,2026-07-05T09:16:55Z,2026-07-05T09:16:25Z,2.2,https://gbfs.kappa.fifteen.eu/gbfs/2.2/mobi/en/gbfs.json,https://gbfs.kappa.fifteen.eu/gbfs/2.2/mobi/en/free_bike_status.json,2026-07-05T09:16:54Z,2026-07-05T09:16:54Z
mobi_vancouver,mobi_vancouver_263103c8-b5ee-4530-a651-27425ca13880,263103c8-b5ee-4530-a651-27425ca13880,49.279259,-123.119145,1,FALSE,FALSE,17200,0058,1783242986,2026-07-05T09:16:55Z,2026-07-05T09:16:55Z,2026-07-05T09:16:25Z,2.2,https://gbfs.kappa.fifteen.eu/gbfs/2.2/mobi/en/gbfs.json,https://gbfs.kappa.fifteen.eu/gbfs/2.2/mobi/en/free_bike_status.json,2026-07-05T09:16:54Z,2026-07-05T09:16:54Z
mobi_vancouver,mobi_vancouver_40264d71-6ae8-4f19-8a06-9035ea35464f,40264d71-6ae8-4f19-8a06-9035ea35464f,49.259183,-123.120126,1,FALSE,FALSE,17200,0106,1783242986,2026-07-05T09:16:55Z,2026-07-05T09:16:55Z,2026-07-05T09:16:25Z,2.2,https://gbfs.kappa.fifteen.eu/gbfs/2.2/mobi/en/gbfs.json,https://gbfs.kappa.fifteen.eu/gbfs/2.2/mobi/en/free_bike_status.json,2026-07-05T09:16:54Z,2026-07-05T09:16:54Z
mobi_vancouver,mobi_vancouver_da9fe652-bc07-4524-9df9-08f687190ec7,da9fe652-bc07-4524-9df9-08f687190ec7,49.268216,-123.103168,1,FALSE,FALSE,17200,0119,1783242986,2026-07-05T09:16:55Z,2026-07-05T09:16:55Z,2026-07-05T09:16:25Z,2.2,https://gbfs.kappa.fifteen.eu/gbfs/2.2/mobi/en/gbfs.json,https://gbfs.kappa.fifteen.eu/gbfs/2.2/mobi/en/free_bike_status.json,2026-07-05T09:16:54Z,2026-07-05T09:16:54Z
mobi_vancouver,mobi_vancouver_b1d2dfd9-75c5-4f3c-954c-e7b68d3e5d33,b1d2dfd9-75c5-4f3c-954c-e7b68d3e5d33,49.29534,-123.150433,1,FALSE,FALSE,17200,0102,1783242986,2026-07-05T09:16:55Z,2026-07-05T09:16:55Z,2026-07-05T09:16:25Z,2.2,https://gbfs.kappa.fifteen.eu/gbfs/2.2/mobi/en/gbfs.json,https://gbfs.kappa.fifteen.eu/gbfs/2.2/mobi/en/free_bike_status.json,2026-07-05T09:16:54Z,2026-07-05T09:16:54Z
mobi_vancouver,mobi_vancouver_ed976d88-63fc-4cc2-806f-96c01aee76bb,ed976d88-63fc-4cc2-806f-96c01aee76bb,49.267859,-123.145782,1,FALSE,FALSE,17200,0139,1783242986,2026-07-05T09:16:55Z,2026-07-05T09:16:55Z,2026-07-05T09:16:25Z,2.2,https://gbfs.kappa.fifteen.eu/gbfs/2.2/mobi/en/gbfs.json,https://gbfs.kappa.fifteen.eu/gbfs/2.2/mobi/en/free_bike_status.json,2026-07-05T09:16:54Z,2026-07-05T09:16:54Z
mobi_vancouver,mobi_vancouver_effa1623-62be-447e-9821-38e28372dff4,effa1623-62be-447e-9821-38e28372dff4,49.277436,-123.070427,1,FALSE,FALSE,17200,0223,1783242986,2026-07-05T09:16:55Z,2026-07-05T09:16:55Z,2026-07-05T09:16:25Z,2.2,https://gbfs.kappa.fifteen.eu/gbfs/2.2/mobi/en/gbfs.json,https://gbfs.kappa.fifteen.eu/gbfs/2.2/mobi/en/free_bike_status.json,2026-07-05T09:16:54Z,2026-07-05T09:16:54Z
mobi_vancouver,mobi_vancouver_bf551e91-be02-4a25-b33a-e4864dda5cbd,bf551e91-be02-4a25-b33a-e4864dda5cbd,49.256496,-123.075426,1,FALSE,FALSE,17200,0283,1783242986,2026-07-05T09:16:55Z,2026-07-05T09:16:55Z,2026-07-05T09:16:25Z,2.2,https://gbfs.kappa.fifteen.eu/gbfs/2.2/mobi/en/gbfs.json,https://gbfs.kappa.fifteen.eu/gbfs/2.2/mobi/en/free_bike_status.json,2026-07-05T09:16:54Z,2026-07-05T09:16:54Z
mobi_vancouver,mobi_vancouver_1c9e7a79-2b4c-4c03-84dd-1574387d4833,1c9e7a79-2b4c-4c03-84dd-1574387d4833,49.280197,-123.065859,1,FALSE,FALSE,17200,0272,1783242986,2026-07-05T09:16:55Z,2026-07-05T09:16:55Z,2026-07-05T09:16:25Z,2.2,https://gbfs.kappa.fifteen.eu/gbfs/2.2/mobi/en/gbfs.json,https://gbfs.kappa.fifteen.eu/gbfs/2.2/mobi/en/free_bike_status.json,2026-07-05T09:16:54Z,2026-07-05T09:16:54Z
mobi_vancouver,mobi_vancouver_4c189f20-e05b-4707-9ca8-57b0c003fa79,4c189f20-e05b-4707-9ca8-57b0c003fa79,49.266725,-123.065925,1,FALSE,FALSE,17200,0273,1783242986,2026-07-05T09:16:55Z,2026-07-05T09:16:55Z,2026-07-05T09:16:25Z,2.2,https://gbfs.kappa.fifteen.eu/gbfs/2.2/mobi/en/gbfs.json,https://gbfs.kappa.fifteen.eu/gbfs/2.2/mobi/en/free_bike_status.json,2026-07-05T09:16:54Z,2026-07-05T09:16:54Z
mobi_vancouver,mobi_vancouver_b1d2d3b4-1e44-41b8-9d23-69ef5803d53a,b1d2d3b4-1e44-41b8-9d23-69ef5803d53a,49.256857,-123.065646,1,FALSE,FALSE,17200,0278,1783242986,2026-07-05T09:16:55Z,2026-07-05T09:16:55Z,2026-07-05T09:16:25Z,2.2,https://gbfs.kappa.fifteen.eu/gbfs/2.2/mobi/en/gbfs.json,https://gbfs.kappa.fifteen.eu/gbfs/2.2/mobi/en/free_bike_status.json,2026-07-05T09:16:54Z,2026-07-05T09:16:54Z
mobi_vancouver,mobi_vancouver_e044df4b-e3d7-4fa6-a997-1344c2f62986,e044df4b-e3d7-4fa6-a997-1344c2f62986,49.302577,-123.155616,1,FALSE,FALSE,17200,0103,1783242986,2026-07-05T09:16:55Z,2026-07-05T09:16:55Z,2026-07-05T09:16:25Z,2.2,https://gbfs.kappa.fifteen.eu/gbfs/2.2/mobi/en/gbfs.json,https://gbfs.kappa.fifteen.eu/gbfs/2.2/mobi/en/free_bike_status.json,2026-07-05T09:16:54Z,2026-07-05T09:16:54Z
mobi_vancouver,mobi_vancouver_4e1d9484-e933-42df-8bd9-fe7a9f3c3238,4e1d9484-e933-42df-8bd9-fe7a9f3c3238,49.262835,-123.152626,1,FALSE,FALSE,17200,0075,1783242986,2026-07-05T09:16:55Z,2026-07-05T09:16:55Z,2026-07-05T09:16:25Z,2.2,https://gbfs.kappa.fifteen.eu/gbfs/2.2/mobi/en/gbfs.json,https://gbfs.kappa.fifteen.eu/gbfs/2.2/mobi/en/free_bike_status.json,2026-07-05T09:16:54Z,2026-07-05T09:16:54Z
mobi_vancouver,mobi_vancouver_1dc26edf-28e9-433a-87bf-273ff3bbbf04,1dc26edf-28e9-433a-87bf-273ff3bbbf04,49.264928,-123.168068,1,FALSE,FALSE,17200,0452,1783242986,2026-07-05T09:16:55Z,2026-07-05T09:16:55Z,2026-07-05T09:16:25Z,2.2,https://gbfs.kappa.fifteen.eu/gbfs/2.2/mobi/en/gbfs.json,https://gbfs.kappa.fifteen.eu/gbfs/2.2/mobi/en/free_bike_status.json,2026-07-05T09:16:54Z,2026-07-05T09:16:54Z
mobi_vancouver,mobi_vancouver_114afa6b-4a21-4502-a715-f3aaca03d9a5,114afa6b-4a21-4502-a715-f3aaca03d9a5,49.272172,-123.097978,1,FALSE,FALSE,17200,0354,1783242986,2026-07-05T09:16:55Z,2026-07-05T09:16:55Z,2026-07-05T09:16:25Z,2.2,https://gbfs.kappa.fifteen.eu/gbfs/2.2/mobi/en/gbfs.json,https://gbfs.kappa.fifteen.eu/gbfs/2.2/mobi/en/free_bike_status.json,2026-07-05T09:16:54Z,2026-07-05T09:16:54Z
mobi_vancouver,mobi_vancouver_726e599d-7bc2-427f-a361-90c4b3477ddc,726e599d-7bc2-427f-a361-90c4b3477ddc,49.266636,-123.183661,1,FALSE,FALSE,17200,0414,1783242986,2026-07-05T09:16:55Z,2026-07-05T09:16:55Z,2026-07-05T09:16:25Z,2.2,https://gbfs.kappa.fifteen.eu/gbfs/2.2/mobi/en/gbfs.json,https://gbfs.kappa.fifteen.eu/gbfs/2.2/mobi/en/free_bike_status.json,2026-07-05T09:16:54Z,2026-07-05T09:16:54Z
mobi_vancouver,mobi_vancouver_d382da0e-e53e-4794-8790-4a3ad7c2e065,d382da0e-e53e-4794-8790-4a3ad7c2e065,49.246243,-123.124373,1,FALSE,FALSE,17200,0505,1783242986,2026-07-05T09:16:55Z,2026-07-05T09:16:55Z,2026-07-05T09:16:25Z,2.2,https://gbfs.kappa.fifteen.eu/gbfs/2.2/mobi/en/gbfs.json,https://gbfs.kappa.fifteen.eu/gbfs/2.2/mobi/en/free_bike_status.json,2026-07-05T09:16:54Z,2026-07-05T09:16:54Z
mobi_vancouver,mobi_vancouver_7d098b48-656f-4125-a3c2-8027cb7d5f24,7d098b48-656f-4125-a3c2-8027cb7d5f24,49.267561,-123.252261,1,FALSE,FALSE,17200,2132,1783242986,2026-07-05T09:16:55Z,2026-07-05T09:16:55Z,2026-07-05T09:16:25Z,2.2,https://gbfs.kappa.fifteen.eu/gbfs/2.2/mobi/en/gbfs.json,https://gbfs.kappa.fifteen.eu/gbfs/2.2/mobi/en/free_bike_status.json,2026-07-05T09:16:54Z,2026-07-05T09:16:54Z
mobi_vancouver,mobi_vancouver_493a9168-0a09-4eaf-94d9-bbb2a5bc4f5a,493a9168-0a09-4eaf-94d9-bbb2a5bc4f5a,49.269172,-123.25279,1,FALSE,FALSE,17200,2131,1783242986,2026-07-05T09:16:55Z,2026-07-05T09:16:55Z,2026-07-05T09:16:25Z,2.2,https://gbfs.kappa.fifteen.eu/gbfs/2.2/mobi/en/gbfs.json,https://gbfs.kappa.fifteen.eu/gbfs/2.2/mobi/en/free_bike_status.json,2026-07-05T09:16:54Z,2026-07-05T09:16:54Z
mobi_vancouver,mobi_vancouver_c5717f6c-cc87-4c42-956a-c3844c2ff76d,c5717f6c-cc87-4c42-956a-c3844c2ff76d,49.2661,-123.24568,1,FALSE,FALSE,17200,2154,1783242986,2026-07-05T09:16:55Z,2026-07-05T09:16:55Z,2026-07-05T09:16:25Z,2.2,https://gbfs.kappa.fifteen.eu/gbfs/2.2/mobi/en/gbfs.json,https://gbfs.kappa.fifteen.eu/gbfs/2.2/mobi/en/free_bike_status.json,2026-07-05T09:16:54Z,2026-07-05T09:16:54Z
mobi_vancouver,mobi_vancouver_9e52a8ad-1f6c-4c7a-9157-283d2ccb5581,9e52a8ad-1f6c-4c7a-9157-283d2ccb5581,49.261736,-123.24648,1,FALSE,FALSE,17200,2136,1783242986,2026-07-05T09:16:55Z,2026-07-05T09:16:55Z,2026-07-05T09:16:25Z,2.2,https://gbfs.kappa.fifteen.eu/gbfs/2.2/mobi/en/gbfs.json,https://gbfs.kappa.fifteen.eu/gbfs/2.2/mobi/en/free_bike_status.json,2026-07-05T09:16:54Z,2026-07-05T09:16:54Z
mobi_vancouver,mobi_vancouver_63fe093e-c188-49e3-b8eb-2440cc96d755,63fe093e-c188-49e3-b8eb-2440cc96d755,49.25976,-123.2479,1,FALSE,FALSE,17200,2127,1783242986,2026-07-05T09:16:55Z,2026-07-05T09:16:55Z,2026-07-05T09:16:25Z,2.2,https://gbfs.kappa.fifteen.eu/gbfs/2.2/mobi/en/gbfs.json,https://gbfs.kappa.fifteen.eu/gbfs/2.2/mobi/en/free_bike_status.json,2026-07-05T09:16:54Z,2026-07-05T09:16:54Z
mobi_vancouver,mobi_vancouver_01a4330b-1184-4752-bb29-64a9a06fc9af,01a4330b-1184-4752-bb29-64a9a06fc9af,49.282214,-123.114101,1,FALSE,FALSE,17600,0012,1783242986,2026-07-05T09:16:55Z,2026-07-05T09:16:55Z,2026-07-05T09:16:25Z,2.2,https://gbfs.kappa.fifteen.eu/gbfs/2.2/mobi/en/gbfs.json,https://gbfs.kappa.fifteen.eu/gbfs/2.2/mobi/en/free_bike_status.json,2026-07-05T09:16:54Z,2026-07-05T09:16:54Z
mobi_vancouver,mobi_vancouver_e3f53ca0-1639-4186-a456-e3b13d202672,e3f53ca0-1639-4186-a456-e3b13d202672,49.28972,-123.144028,1,FALSE,FALSE,17600,0047,1783242986,2026-07-05T09:16:55Z,2026-07-05T09:16:55Z,2026-07-05T09:16:25Z,2.2,https://gbfs.kappa.fifteen.eu/gbfs/2.2/mobi/en/gbfs.json,https://gbfs.kappa.fifteen.eu/gbfs/2.2/mobi/en/free_bike_status.json,2026-07-05T09:16:54Z,2026-07-05T09:16:54Z
mobi_vancouver,mobi_vancouver_3ef23340-3a1a-4992-8f1e-7006c7e88939,3ef23340-3a1a-4992-8f1e-7006c7e88939,49.285238,-123.14187,1,FALSE,FALSE,17600,0060,1783242986,2026-07-05T09:16:55Z,2026-07-05T09:16:55Z,2026-07-05T09:16:25Z,2.2,https://gbfs.kappa.fifteen.eu/gbfs/2.2/mobi/en/gbfs.json,https://gbfs.kappa.fifteen.eu/gbfs/2.2/mobi/en/free_bike_status.json,2026-07-05T09:16:54Z,2026-07-05T09:16:54Z
mobi_vancouver,mobi_vancouver_56a6b15c-2abd-4e74-990f-08f2fe212ecf,56a6b15c-2abd-4e74-990f-08f2fe212ecf,49.291909,-123.140713,2,FALSE,FALSE,17600,0092,1783242986,2026-07-05T09:16:55Z,2026-07-05T09:16:55Z,2026-07-05T09:16:25Z,2.2,https://gbfs.kappa.fifteen.eu/gbfs/2.2/mobi/en/gbfs.json,https://gbfs.kappa.fifteen.eu/gbfs/2.2/mobi/en/free_bike_status.json,2026-07-05T09:16:54Z,2026-07-05T09:16:54Z
mobi_vancouver,mobi_vancouver_1aaf6a80-7f4d-4e3a-8a0b-cabf4782ab23,1aaf6a80-7f4d-4e3a-8a0b-cabf4782ab23,49.284605,-123.108662,1,FALSE,FALSE,17600,0052,1783242986,2026-07-05T09:16:55Z,2026-07-05T09:16:55Z,2026-07-05T09:16:25Z,2.2,https://gbfs.kappa.fifteen.eu/gbfs/2.2/mobi/en/gbfs.json,https://gbfs.kappa.fifteen.eu/gbfs/2.2/mobi/en/free_bike_status.json,2026-07-05T09:16:54Z,2026-07-05T09:16:54Z
mobi_vancouver,mobi_vancouver_d6df270d-0aa6-453d-8092-126a340144c2,d6df270d-0aa6-453d-8092-126a340144c2,49.284605,-123.108662,1,FALSE,FALSE,17600,0052,1783242986,2026-07-05T09:16:55Z,2026-07-05T09:16:55Z,2026-07-05T09:16:25Z,2.2,https://gbfs.kappa.fifteen.eu/gbfs/2.2/mobi/en/gbfs.json,https://gbfs.kappa.fifteen.eu/gbfs/2.2/mobi/en/free_bike_status.json,2026-07-05T09:16:54Z,2026-07-05T09:16:54Z
mobi_vancouver,mobi_vancouver_4a6c1b5d-9173-40b5-b7f7-f61bfe3a2635,4a6c1b5d-9173-40b5-b7f7-f61bfe3a2635,49.257654,-123.153212,1,FALSE,FALSE,17600,0113,1783242986,2026-07-05T09:16:55Z,2026-07-05T09:16:55Z,2026-07-05T09:16:25Z,2.2,https://gbfs.kappa.fifteen.eu/gbfs/2.2/mobi/en/gbfs.json,https://gbfs.kappa.fifteen.eu/gbfs/2.2/mobi/en/free_bike_status.json,2026-07-05T09:16:54Z,2026-07-05T09:16:54Z
mobi_vancouver,mobi_vancouver_5c38643f-6122-4a5a-949d-3864f67767fd,5c38643f-6122-4a5a-949d-3864f67767fd,49.263837,-123.105173,1,FALSE,FALSE,17600,0107,1783242986,2026-07-05T09:16:55Z,2026-07-05T09:16:55Z,2026-07-05T09:16:25Z,2.2,https://gbfs.kappa.fifteen.eu/gbfs/2.2/mobi/en/gbfs.json,https://gbfs.kappa.fifteen.eu/gbfs/2.2/mobi/en/free_bike_status.json,2026-07-05T09:16:54Z,2026-07-05T09:16:54Z
mobi_vancouver,mobi_vancouver_89db906e-1d18-4eac-b0a9-15bce45bdb14,89db906e-1d18-4eac-b0a9-15bce45bdb14,49.270721,-123.146175,1,FALSE,FALSE,17600,0108,1783242986,2026-07-05T09:16:55Z,2026-07-05T09:16:55Z,2026-07-05T09:16:25Z,2.2,https://gbfs.kappa.fifteen.eu/gbfs/2.2/mobi/en/gbfs.json,https://gbfs.kappa.fifteen.eu/gbfs/2.2/mobi/en/free_bike_status.json,2026-07-05T09:16:54Z,2026-07-05T09:16:54Z
mobi_vancouver,mobi_vancouver_6f3f2b65-2037-46c0-b970-d6c0673b4e36,6f3f2b65-2037-46c0-b970-d6c0673b4e36,49.27821,-123.136972,1,FALSE,FALSE,17600,0083,1783242986,2026-07-05T09:16:55Z,2026-07-05T09:16:55Z,2026-07-05T09:16:25Z,2.2,https://gbfs.kappa.fifteen.eu/gbfs/2.2/mobi/en/gbfs.json,https://gbfs.kappa.fifteen.eu/gbfs/2.2/mobi/en/free_bike_status.json,2026-07-05T09:16:54Z,2026-07-05T09:16:54Z
mobi_vancouver,mobi_vancouver_ba0e8f34-06d6-4cc1-af8a-7d88d0ef77b0,ba0e8f34-06d6-4cc1-af8a-7d88d0ef77b0,49.284157,-123.099917,1,FALSE,FALSE,17600,0150,1783242986,2026-07-05T09:16:55Z,2026-07-05T09:16:55Z,2026-07-05T09:16:25Z,2.2,https://gbfs.kappa.fifteen.eu/gbfs/2.2/mobi/en/gbfs.json,https://gbfs.kappa.fifteen.eu/gbfs/2.2/mobi/en/free_bike_status.json,2026-07-05T09:16:54Z,2026-07-05T09:16:54Z
mobi_vancouver,mobi_vancouver_f6aee554-a432-4f1d-946c-d2c2089c786b,f6aee554-a432-4f1d-946c-d2c2089c786b,49.287528,-123.142139,2,FALSE,FALSE,17600,0063,1783242986,2026-07-05T09:16:55Z,2026-07-05T09:16:55Z,2026-07-05T09:16:25Z,2.2,https://gbfs.kappa.fifteen.eu/gbfs/2.2/mobi/en/gbfs.json,https://gbfs.kappa.fifteen.eu/gbfs/2.2/mobi/en/free_bike_status.json,2026-07-05T09:16:54Z,2026-07-05T09:16:54Z
mobi_vancouver,mobi_vancouver_39819759-bcc3-48f4-a721-a79ab70349a6,39819759-bcc3-48f4-a721-a79ab70349a6,49.25849,-123.104799,1,FALSE,FALSE,17600,0132,1783242986,2026-07-05T09:16:55Z,2026-07-05T09:16:55Z,2026-07-05T09:16:25Z,2.2,https://gbfs.kappa.fifteen.eu/gbfs/2.2/mobi/en/gbfs.json,https://gbfs.kappa.fifteen.eu/gbfs/2.2/mobi/en/free_bike_status.json,2026-07-05T09:16:54Z,2026-07-05T09:16:54Z
mobi_vancouver,mobi_vancouver_ec3b39a7-f38d-4e39-8b64-ceeb6e13b082,ec3b39a7-f38d-4e39-8b64-ceeb6e13b082,49.276897,-123.101746,1,FALSE,FALSE,17600,0801,1783242986,2026-07-05T09:16:55Z,2026-07-05T09:16:55Z,2026-07-05T09:16:25Z,2.2,https://gbfs.kappa.fifteen.eu/gbfs/2.2/mobi/en/gbfs.json,https://gbfs.kappa.fifteen.eu/gbfs/2.2/mobi/en/free_bike_status.json,2026-07-05T09:16:54Z,2026-07-05T09:16:54Z
mobi_vancouver,mobi_vancouver_bc3ea82b-267b-4af4-9969-f772cbe984ad,bc3ea82b-267b-4af4-9969-f772cbe984ad,49.262242,-123.081459,1,FALSE,FALSE,17600,0246,1783242986,2026-07-05T09:16:55Z,2026-07-05T09:16:55Z,2026-07-05T09:16:25Z,2.2,https://gbfs.kappa.fifteen.eu/gbfs/2.2/mobi/en/gbfs.json,https://gbfs.kappa.fifteen.eu/gbfs/2.2/mobi/en/free_bike_status.json,2026-07-05T09:16:54Z,2026-07-05T09:16:54Z
mobi_vancouver,mobi_vancouver_62a555c2-e38e-4855-885b-872da50f7110,62a555c2-e38e-4855-885b-872da50f7110,49.273103,-123.069892,1,FALSE,FALSE,17600,0235,1783242986,2026-07-05T09:16:55Z,2026-07-05T09:16:55Z,2026-07-05T09:16:25Z,2.2,https://gbfs.kappa.fifteen.eu/gbfs/2.2/mobi/en/gbfs.json,https://gbfs.kappa.fifteen.eu/gbfs/2.2/mobi/en/free_bike_status.json,2026-07-05T09:16:54Z,2026-07-05T09:16:54Z
mobi_vancouver,mobi_vancouver_7fdd4fa5-e93a-4572-9d4c-7af05f15e848,7fdd4fa5-e93a-4572-9d4c-7af05f15e848,49.28117,-123.104419,1,FALSE,FALSE,17600,0098,1783242986,2026-07-05T09:16:55Z,2026-07-05T09:16:55Z,2026-07-05T09:16:25Z,2.2,https://gbfs.kappa.fifteen.eu/gbfs/2.2/mobi/en/gbfs.json,https://gbfs.kappa.fifteen.eu/gbfs/2.2/mobi/en/free_bike_status.json,2026-07-05T09:16:54Z,2026-07-05T09:16:54Z
mobi_vancouver,mobi_vancouver_82eee13a-ec9f-4116-a0a4-bca497414462,82eee13a-ec9f-4116-a0a4-bca497414462,49.262141,-123.101961,1,FALSE,FALSE,17600,0074,1783242986,2026-07-05T09:16:55Z,2026-07-05T09:16:55Z,2026-07-05T09:16:25Z,2.2,https://gbfs.kappa.fifteen.eu/gbfs/2.2/mobi/en/gbfs.json,https://gbfs.kappa.fifteen.eu/gbfs/2.2/mobi/en/free_bike_status.json,2026-07-05T09:16:54Z,2026-07-05T09:16:54Z
mobi_vancouver,mobi_vancouver_b1e05c95-a5e0-4876-a302-2eb125cdb1c3,b1e05c95-a5e0-4876-a302-2eb125cdb1c3,49.266725,-123.065925,1,FALSE,FALSE,17600,0273,1783242986,2026-07-05T09:16:55Z,2026-07-05T09:16:55Z,2026-07-05T09:16:25Z,2.2,https://gbfs.kappa.fifteen.eu/gbfs/2.2/mobi/en/gbfs.json,https://gbfs.kappa.fifteen.eu/gbfs/2.2/mobi/en/free_bike_status.json,2026-07-05T09:16:54Z,2026-07-05T09:16:54Z
mobi_vancouver,mobi_vancouver_ace01044-ff8c-4561-9b5a-ca40c0673d57,ace01044-ff8c-4561-9b5a-ca40c0673d57,49.280881,-123.130672,1,FALSE,FALSE,17600,0126,1783242986,2026-07-05T09:16:55Z,2026-07-05T09:16:55Z,2026-07-05T09:16:25Z,2.2,https://gbfs.kappa.fifteen.eu/gbfs/2.2/mobi/en/gbfs.json,https://gbfs.kappa.fifteen.eu/gbfs/2.2/mobi/en/free_bike_status.json,2026-07-05T09:16:54Z,2026-07-05T09:16:54Z
mobi_vancouver,mobi_vancouver_03280542-f4a6-4f0f-a044-c307537a7eb5,03280542-f4a6-4f0f-a044-c307537a7eb5,49.283986,-123.065264,1,FALSE,FALSE,17600,0280,1783242986,2026-07-05T09:16:55Z,2026-07-05T09:16:55Z,2026-07-05T09:16:25Z,2.2,https://gbfs.kappa.fifteen.eu/gbfs/2.2/mobi/en/gbfs.json,https://gbfs.kappa.fifteen.eu/gbfs/2.2/mobi/en/free_bike_status.json,2026-07-05T09:16:54Z,2026-07-05T09:16:54Z
mobi_vancouver,mobi_vancouver_283d1870-c57d-44c0-980c-87cd04fd2f3a,283d1870-c57d-44c0-980c-87cd04fd2f3a,49.265242,-123.095577,1,FALSE,FALSE,17600,0297,1783242986,2026-07-05T09:16:55Z,2026-07-05T09:16:55Z,2026-07-05T09:16:25Z,2.2,https://gbfs.kappa.fifteen.eu/gbfs/2.2/mobi/en/gbfs.json,https://gbfs.kappa.fifteen.eu/gbfs/2.2/mobi/en/free_bike_status.json,2026-07-05T09:16:54Z,2026-07-05T09:16:54Z
mobi_vancouver,mobi_vancouver_4988fb5e-e4f3-462e-ab96-a208e2efafd9,4988fb5e-e4f3-462e-ab96-a208e2efafd9,49.262835,-123.152626,1,FALSE,FALSE,17600,0075,1783242986,2026-07-05T09:16:55Z,2026-07-05T09:16:55Z,2026-07-05T09:16:25Z,2.2,https://gbfs.kappa.fifteen.eu/gbfs/2.2/mobi/en/gbfs.json,https://gbfs.kappa.fifteen.eu/gbfs/2.2/mobi/en/free_bike_status.json,2026-07-05T09:16:54Z,2026-07-05T09:16:54Z
mobi_vancouver,mobi_vancouver_291b4c3d-9877-413c-9b03-d3e603cb9d87,291b4c3d-9877-413c-9b03-d3e603cb9d87,49.271044,-123.170661,1,FALSE,FALSE,17600,0450,1783242986,2026-07-05T09:16:55Z,2026-07-05T09:16:55Z,2026-07-05T09:16:25Z,2.2,https://gbfs.kappa.fifteen.eu/gbfs/2.2/mobi/en/gbfs.json,https://gbfs.kappa.fifteen.eu/gbfs/2.2/mobi/en/free_bike_status.json,2026-07-05T09:16:54Z,2026-07-05T09:16:54Z
mobi_vancouver,mobi_vancouver_15ada6c7-13ef-42e5-839a-56a5644d5b24,15ada6c7-13ef-42e5-839a-56a5644d5b24,49.266636,-123.183661,1,FALSE,FALSE,17600,0414,1783242986,2026-07-05T09:16:55Z,2026-07-05T09:16:55Z,2026-07-05T09:16:25Z,2.2,https://gbfs.kappa.fifteen.eu/gbfs/2.2/mobi/en/gbfs.json,https://gbfs.kappa.fifteen.eu/gbfs/2.2/mobi/en/free_bike_status.json,2026-07-05T09:16:54Z,2026-07-05T09:16:54Z
mobi_vancouver,mobi_vancouver_32f3b725-44d6-4feb-8ffa-30f951d36af7,32f3b725-44d6-4feb-8ffa-30f951d36af7,49.245135,-123.116098,1,FALSE,FALSE,17600,0526,1783242986,2026-07-05T09:16:55Z,2026-07-05T09:16:55Z,2026-07-05T09:16:25Z,2.2,https://gbfs.kappa.fifteen.eu/gbfs/2.2/mobi/en/gbfs.json,https://gbfs.kappa.fifteen.eu/gbfs/2.2/mobi/en/free_bike_status.json,2026-07-05T09:16:54Z,2026-07-05T09:16:54Z
mobi_vancouver,mobi_vancouver_558cc2e4-214b-4dea-8bee-9ea88d928a3f,558cc2e4-214b-4dea-8bee-9ea88d928a3f,49.287464,-123.060771,1,FALSE,FALSE,17600,0611,1783242986,2026-07-05T09:16:55Z,2026-07-05T09:16:55Z,2026-07-05T09:16:25Z,2.2,https://gbfs.kappa.fifteen.eu/gbfs/2.2/mobi/en/gbfs.json,https://gbfs.kappa.fifteen.eu/gbfs/2.2/mobi/en/free_bike_status.json,2026-07-05T09:16:54Z,2026-07-05T09:16:54Z
mobi_vancouver,mobi_vancouver_644c52aa-7cfa-4e4f-b8a2-638ed8f16929,644c52aa-7cfa-4e4f-b8a2-638ed8f16929,49.269172,-123.25279,1,FALSE,FALSE,17600,2131,1783242986,2026-07-05T09:16:55Z,2026-07-05T09:16:55Z,2026-07-05T09:16:25Z,2.2,https://gbfs.kappa.fifteen.eu/gbfs/2.2/mobi/en/gbfs.json,https://gbfs.kappa.fifteen.eu/gbfs/2.2/mobi/en/free_bike_status.json,2026-07-05T09:16:54Z,2026-07-05T09:16:54Z
mobi_vancouver,mobi_vancouver_914d43f8-119c-49bc-8550-bec60b3c4986,914d43f8-119c-49bc-8550-bec60b3c4986,49.2661,-123.24568,1,FALSE,FALSE,17600,2154,1783242986,2026-07-05T09:16:55Z,2026-07-05T09:16:55Z,2026-07-05T09:16:25Z,2.2,https://gbfs.kappa.fifteen.eu/gbfs/2.2/mobi/en/gbfs.json,https://gbfs.kappa.fifteen.eu/gbfs/2.2/mobi/en/free_bike_status.json,2026-07-05T09:16:54Z,2026-07-05T09:16:54Z
mobi_vancouver,mobi_vancouver_5847812e-a0fc-4f5d-9f86-bc888535a0b4,5847812e-a0fc-4f5d-9f86-bc888535a0b4,49.282214,-123.114101,1,FALSE,FALSE,18000,0012,1783242986,2026-07-05T09:16:55Z,2026-07-05T09:16:55Z,2026-07-05T09:16:25Z,2.2,https://gbfs.kappa.fifteen.eu/gbfs/2.2/mobi/en/gbfs.json,https://gbfs.kappa.fifteen.eu/gbfs/2.2/mobi/en/free_bike_status.json,2026-07-05T09:16:54Z,2026-07-05T09:16:54Z
mobi_vancouver,mobi_vancouver_cce0cb62-96fa-4637-a9cf-8dc90fc06f99,cce0cb62-96fa-4637-a9cf-8dc90fc06f99,49.276115,-123.114496,1,FALSE,FALSE,18000,0064,1783242986,2026-07-05T09:16:55Z,2026-07-05T09:16:55Z,2026-07-05T09:16:25Z,2.2,https://gbfs.kappa.fifteen.eu/gbfs/2.2/mobi/en/gbfs.json,https://gbfs.kappa.fifteen.eu/gbfs/2.2/mobi/en/free_bike_status.json,2026-07-05T09:16:54Z,2026-07-05T09:16:54Z
mobi_vancouver,mobi_vancouver_5ab5514e-d9a1-4d56-b2c7-8e81fedf8c92,5ab5514e-d9a1-4d56-b2c7-8e81fedf8c92,49.276115,-123.114496,2,FALSE,FALSE,18000,0064,1783242986,2026-07-05T09:16:55Z,2026-07-05T09:16:55Z,2026-07-05T09:16:25Z,2.2,https://gbfs.kappa.fifteen.eu/gbfs/2.2/mobi/en/gbfs.json,https://gbfs.kappa.fifteen.eu/gbfs/2.2/mobi/en/free_bike_status.json,2026-07-05T09:16:54Z,2026-07-05T09:16:54Z
mobi_vancouver,mobi_vancouver_d6c56423-ca34-495a-96ec-6d91ecb568bf,d6c56423-ca34-495a-96ec-6d91ecb568bf,49.28972,-123.144028,1,FALSE,FALSE,18000,0047,1783242986,2026-07-05T09:16:55Z,2026-07-05T09:16:55Z,2026-07-05T09:16:25Z,2.2,https://gbfs.kappa.fifteen.eu/gbfs/2.2/mobi/en/gbfs.json,https://gbfs.kappa.fifteen.eu/gbfs/2.2/mobi/en/free_bike_status.json,2026-07-05T09:16:54Z,2026-07-05T09:16:54Z
mobi_vancouver,mobi_vancouver_ed6cd001-68e5-4df5-ad20-be410eeb1d8a,ed6cd001-68e5-4df5-ad20-be410eeb1d8a,49.282759,-123.106955,1,FALSE,FALSE,18000,0030,1783242986,2026-07-05T09:16:55Z,2026-07-05T09:16:55Z,2026-07-05T09:16:25Z,2.2,https://gbfs.kappa.fifteen.eu/gbfs/2.2/mobi/en/gbfs.json,https://gbfs.kappa.fifteen.eu/gbfs/2.2/mobi/en/free_bike_status.json,2026-07-05T09:16:54Z,2026-07-05T09:16:54Z
mobi_vancouver,mobi_vancouver_dec95ae8-f7fe-44c4-9099-3a9739bae707,dec95ae8-f7fe-44c4-9099-3a9739bae707,49.282759,-123.106955,1,FALSE,FALSE,18000,0030,1783242986,2026-07-05T09:16:55Z,2026-07-05T09:16:55Z,2026-07-05T09:16:25Z,2.2,https://gbfs.kappa.fifteen.eu/gbfs/2.2/mobi/en/gbfs.json,https://gbfs.kappa.fifteen.eu/gbfs/2.2/mobi/en/free_bike_status.json,2026-07-05T09:16:54Z,2026-07-05T09:16:54Z
mobi_vancouver,mobi_vancouver_891c71b9-9857-4fe8-aaf5-9a57249feee2,891c71b9-9857-4fe8-aaf5-9a57249feee2,49.287528,-123.142139,1,FALSE,FALSE,18000,0028,1783242986,2026-07-05T09:16:55Z,2026-07-05T09:16:55Z,2026-07-05T09:16:25Z,2.2,https://gbfs.kappa.fifteen.eu/gbfs/2.2/mobi/en/gbfs.json,https://gbfs.kappa.fifteen.eu/gbfs/2.2/mobi/en/free_bike_status.json,2026-07-05T09:16:54Z,2026-07-05T09:16:54Z
mobi_vancouver,mobi_vancouver_bd969648-e0ae-4c12-9bd6-e5dc1d4a0352,bd969648-e0ae-4c12-9bd6-e5dc1d4a0352,49.284605,-123.108662,1,FALSE,FALSE,18000,0052,1783242986,2026-07-05T09:16:55Z,2026-07-05T09:16:55Z,2026-07-05T09:16:25Z,2.2,https://gbfs.kappa.fifteen.eu/gbfs/2.2/mobi/en/gbfs.json,https://gbfs.kappa.fifteen.eu/gbfs/2.2/mobi/en/free_bike_status.json,2026-07-05T09:16:54Z,2026-07-05T09:16:54Z
mobi_vancouver,mobi_vancouver_a1558c5e-19b9-4ee5-a7ac-ecebf6f4d7c6,a1558c5e-19b9-4ee5-a7ac-ecebf6f4d7c6,49.266476,-123.109389,1,FALSE,FALSE,18000,0165,1783242986,2026-07-05T09:16:55Z,2026-07-05T09:16:55Z,2026-07-05T09:16:25Z,2.2,https://gbfs.kappa.fifteen.eu/gbfs/2.2/mobi/en/gbfs.json,https://gbfs.kappa.fifteen.eu/gbfs/2.2/mobi/en/free_bike_status.json,2026-07-05T09:16:54Z,2026-07-05T09:16:54Z
mobi_vancouver,mobi_vancouver_ff660713-d6ad-471e-b7c5-ef7f82564016,ff660713-d6ad-471e-b7c5-ef7f82564016,49.262944,-123.148109,1,FALSE,FALSE,18000,0068,1783242986,2026-07-05T09:16:55Z,2026-07-05T09:16:55Z,2026-07-05T09:16:25Z,2.2,https://gbfs.kappa.fifteen.eu/gbfs/2.2/mobi/en/gbfs.json,https://gbfs.kappa.fifteen.eu/gbfs/2.2/mobi/en/free_bike_status.json,2026-07-05T09:16:54Z,2026-07-05T09:16:54Z
mobi_vancouver,mobi_vancouver_084c0ecd-ab1c-4121-a7ba-8cc37851aed6,084c0ecd-ab1c-4121-a7ba-8cc37851aed6,49.262598,-123.138921,1,FALSE,FALSE,18000,0070,1783242986,2026-07-05T09:16:55Z,2026-07-05T09:16:55Z,2026-07-05T09:16:25Z,2.2,https://gbfs.kappa.fifteen.eu/gbfs/2.2/mobi/en/gbfs.json,https://gbfs.kappa.fifteen.eu/gbfs/2.2/mobi/en/free_bike_status.json,2026-07-05T09:16:54Z,2026-07-05T09:16:54Z
mobi_vancouver,mobi_vancouver_1cb88b3e-6ab9-4eb8-8945-a1c24fefec35,1cb88b3e-6ab9-4eb8-8945-a1c24fefec35,49.277178,-123.13,1,FALSE,FALSE,18000,0196,1783242986,2026-07-05T09:16:55Z,2026-07-05T09:16:55Z,2026-07-05T09:16:25Z,2.2,https://gbfs.kappa.fifteen.eu/gbfs/2.2/mobi/en/gbfs.json,https://gbfs.kappa.fifteen.eu/gbfs/2.2/mobi/en/free_bike_status.json,2026-07-05T09:16:54Z,2026-07-05T09:16:54Z
mobi_vancouver,mobi_vancouver_7df313c5-a68d-4589-a7bd-9dcea8af0bbc,7df313c5-a68d-4589-a7bd-9dcea8af0bbc,49.259183,-123.120126,1,FALSE,FALSE,18000,0106,1783242986,2026-07-05T09:16:55Z,2026-07-05T09:16:55Z,2026-07-05T09:16:25Z,2.2,https://gbfs.kappa.fifteen.eu/gbfs/2.2/mobi/en/gbfs.json,https://gbfs.kappa.fifteen.eu/gbfs/2.2/mobi/en/free_bike_status.json,2026-07-05T09:16:54Z,2026-07-05T09:16:54Z
mobi_vancouver,mobi_vancouver_4b66c86b-eeed-4467-8898-6c51473cafc4,4b66c86b-eeed-4467-8898-6c51473cafc4,49.29534,-123.150433,1,FALSE,FALSE,18000,0102,1783242986,2026-07-05T09:16:55Z,2026-07-05T09:16:55Z,2026-07-05T09:16:25Z,2.2,https://gbfs.kappa.fifteen.eu/gbfs/2.2/mobi/en/gbfs.json,https://gbfs.kappa.fifteen.eu/gbfs/2.2/mobi/en/free_bike_status.json,2026-07-05T09:16:54Z,2026-07-05T09:16:54Z
mobi_vancouver,mobi_vancouver_a3bd4ea2-4adf-44e3-b8ac-1690c58d2464,a3bd4ea2-4adf-44e3-b8ac-1690c58d2464,49.265005,-123.079481,1,FALSE,FALSE,18000,0236,1783242986,2026-07-05T09:16:55Z,2026-07-05T09:16:55Z,2026-07-05T09:16:25Z,2.2,https://gbfs.kappa.fifteen.eu/gbfs/2.2/mobi/en/gbfs.json,https://gbfs.kappa.fifteen.eu/gbfs/2.2/mobi/en/free_bike_status.json,2026-07-05T09:16:54Z,2026-07-05T09:16:54Z
mobi_vancouver,mobi_vancouver_3ef1d688-d819-4b71-8fda-afd16d0a5dcb,3ef1d688-d819-4b71-8fda-afd16d0a5dcb,49.264466,-123.085183,1,FALSE,FALSE,18000,0266,1783242986,2026-07-05T09:16:55Z,2026-07-05T09:16:55Z,2026-07-05T09:16:25Z,2.2,https://gbfs.kappa.fifteen.eu/gbfs/2.2/mobi/en/gbfs.json,https://gbfs.kappa.fifteen.eu/gbfs/2.2/mobi/en/free_bike_status.json,2026-07-05T09:16:54Z,2026-07-05T09:16:54Z
mobi_vancouver,mobi_vancouver_482af793-80f7-4d89-80e1-e075a1c583bd,482af793-80f7-4d89-80e1-e075a1c583bd,49.283986,-123.065264,1,FALSE,FALSE,18000,0280,1783242986,2026-07-05T09:16:55Z,2026-07-05T09:16:55Z,2026-07-05T09:16:25Z,2.2,https://gbfs.kappa.fifteen.eu/gbfs/2.2/mobi/en/gbfs.json,https://gbfs.kappa.fifteen.eu/gbfs/2.2/mobi/en/free_bike_status.json,2026-07-05T09:16:54Z,2026-07-05T09:16:54Z
mobi_vancouver,mobi_vancouver_c4a5591a-669a-4c8c-baa9-adeaeaa3e2f1,c4a5591a-669a-4c8c-baa9-adeaeaa3e2f1,49.280427,-123.074082,1,FALSE,FALSE,18000,0225,1783242986,2026-07-05T09:16:55Z,2026-07-05T09:16:55Z,2026-07-05T09:16:25Z,2.2,https://gbfs.kappa.fifteen.eu/gbfs/2.2/mobi/en/gbfs.json,https://gbfs.kappa.fifteen.eu/gbfs/2.2/mobi/en/free_bike_status.json,2026-07-05T09:16:54Z,2026-07-05T09:16:54Z
mobi_vancouver,mobi_vancouver_b406589a-0ce3-421c-b69a-a93eb211968e,b406589a-0ce3-421c-b69a-a93eb211968e,49.265242,-123.095577,1,FALSE,FALSE,18000,0297,1783242986,2026-07-05T09:16:55Z,2026-07-05T09:16:55Z,2026-07-05T09:16:25Z,2.2,https://gbfs.kappa.fifteen.eu/gbfs/2.2/mobi/en/gbfs.json,https://gbfs.kappa.fifteen.eu/gbfs/2.2/mobi/en/free_bike_status.json,2026-07-05T09:16:54Z,2026-07-05T09:16:54Z
mobi_vancouver,mobi_vancouver_aa69636c-c0f9-44b9-92d8-d2233c4d987a,aa69636c-c0f9-44b9-92d8-d2233c4d987a,49.27551,-123.13307,1,FALSE,FALSE,18000,0045,1783242986,2026-07-05T09:16:55Z,2026-07-05T09:16:55Z,2026-07-05T09:16:25Z,2.2,https://gbfs.kappa.fifteen.eu/gbfs/2.2/mobi/en/gbfs.json,https://gbfs.kappa.fifteen.eu/gbfs/2.2/mobi/en/free_bike_status.json,2026-07-05T09:16:54Z,2026-07-05T09:16:54Z
mobi_vancouver,mobi_vancouver_50c924bd-8c2e-4c39-a2e0-eddbf26ece38,50c924bd-8c2e-4c39-a2e0-eddbf26ece38,49.283298,-123.142288,1,FALSE,FALSE,18000,0142,1783242986,2026-07-05T09:16:55Z,2026-07-05T09:16:55Z,2026-07-05T09:16:25Z,2.2,https://gbfs.kappa.fifteen.eu/gbfs/2.2/mobi/en/gbfs.json,https://gbfs.kappa.fifteen.eu/gbfs/2.2/mobi/en/free_bike_status.json,2026-07-05T09:16:54Z,2026-07-05T09:16:54Z
mobi_vancouver,mobi_vancouver_a6bbfa55-1940-4f11-9545-c74cf5621374,a6bbfa55-1940-4f11-9545-c74cf5621374,49.279821,-123.10802,1,FALSE,FALSE,18000,0142,1783242986,2026-07-05T09:16:55Z,2026-07-05T09:16:55Z,2026-07-05T09:16:25Z,2.2,https://gbfs.kappa.fifteen.eu/gbfs/2.2/mobi/en/gbfs.json,https://gbfs.kappa.fifteen.eu/gbfs/2.2/mobi/en/free_bike_status.json,2026-07-05T09:16:54Z,2026-07-05T09:16:54Z
mobi_vancouver,mobi_vancouver_c88bd9ab-4dcc-440e-836f-9d8bddacbb43,c88bd9ab-4dcc-440e-836f-9d8bddacbb43,49.290587,-123.13625,1,FALSE,FALSE,18000,0122,1783242986,2026-07-05T09:16:55Z,2026-07-05T09:16:55Z,2026-07-05T09:16:25Z,2.2,https://gbfs.kappa.fifteen.eu/gbfs/2.2/mobi/en/gbfs.json,https://gbfs.kappa.fifteen.eu/gbfs/2.2/mobi/en/free_bike_status.json,2026-07-05T09:16:54Z,2026-07-05T09:16:54Z
mobi_vancouver,mobi_vancouver_7cfba89c-ba63-4a50-a22a-35a590b1d5c1,7cfba89c-ba63-4a50-a22a-35a590b1d5c1,49.286646,-123.129232,1,FALSE,FALSE,18000,0310,1783242986,2026-07-05T09:16:55Z,2026-07-05T09:16:55Z,2026-07-05T09:16:25Z,2.2,https://gbfs.kappa.fifteen.eu/gbfs/2.2/mobi/en/gbfs.json,https://gbfs.kappa.fifteen.eu/gbfs/2.2/mobi/en/free_bike_status.json,2026-07-05T09:16:54Z,2026-07-05T09:16:54Z
mobi_vancouver,mobi_vancouver_a3abf045-5f88-4598-8135-e7a9b38025ab,a3abf045-5f88-4598-8135-e7a9b38025ab,49.263523,-123.155267,1,FALSE,FALSE,18000,0484,1783242986,2026-07-05T09:16:55Z,2026-07-05T09:16:55Z,2026-07-05T09:16:25Z,2.2,https://gbfs.kappa.fifteen.eu/gbfs/2.2/mobi/en/gbfs.json,https://gbfs.kappa.fifteen.eu/gbfs/2.2/mobi/en/free_bike_status.json,2026-07-05T09:16:54Z,2026-07-05T09:16:54Z
mobi_vancouver,mobi_vancouver_0fcbecbd-c4a3-4fd4-9dc1-575d81c4a3f5,0fcbecbd-c4a3-4fd4-9dc1-575d81c4a3f5,49.271044,-123.170661,1,FALSE,FALSE,18000,0450,1783242986,2026-07-05T09:16:55Z,2026-07-05T09:16:55Z,2026-07-05T09:16:25Z,2.2,https://gbfs.kappa.fifteen.eu/gbfs/2.2/mobi/en/gbfs.json,https://gbfs.kappa.fifteen.eu/gbfs/2.2/mobi/en/free_bike_status.json,2026-07-05T09:16:54Z,2026-07-05T09:16:54Z
mobi_vancouver,mobi_vancouver_03bed49b-6076-4e93-ac25-0e3c41b2f735,03bed49b-6076-4e93-ac25-0e3c41b2f735,49.271044,-123.170661,1,FALSE,FALSE,18000,0450,1783242986,2026-07-05T09:16:55Z,2026-07-05T09:16:55Z,2026-07-05T09:16:25Z,2.2,https://gbfs.kappa.fifteen.eu/gbfs/2.2/mobi/en/gbfs.json,https://gbfs.kappa.fifteen.eu/gbfs/2.2/mobi/en/free_bike_status.json,2026-07-05T09:16:54Z,2026-07-05T09:16:54Z
mobi_vancouver,mobi_vancouver_0219a7f3-b131-4d75-a956-f2c3410eeee4,0219a7f3-b131-4d75-a956-f2c3410eeee4,49.266924,-123.173849,1,FALSE,FALSE,18000,0443,1783242986,2026-07-05T09:16:55Z,2026-07-05T09:16:55Z,2026-07-05T09:16:25Z,2.2,https://gbfs.kappa.fifteen.eu/gbfs/2.2/mobi/en/gbfs.json,https://gbfs.kappa.fifteen.eu/gbfs/2.2/mobi/en/free_bike_status.json,2026-07-05T09:16:54Z,2026-07-05T09:16:54Z
mobi_vancouver,mobi_vancouver_ac793f5c-fca1-4721-8dc3-a2e3d66ee70c,ac793f5c-fca1-4721-8dc3-a2e3d66ee70c,49.287464,-123.060771,1,FALSE,FALSE,18000,0611,1783242986,2026-07-05T09:16:55Z,2026-07-05T09:16:55Z,2026-07-05T09:16:25Z,2.2,https://gbfs.kappa.fifteen.eu/gbfs/2.2/mobi/en/gbfs.json,https://gbfs.kappa.fifteen.eu/gbfs/2.2/mobi/en/free_bike_status.json,2026-07-05T09:16:54Z,2026-07-05T09:16:54Z
mobi_vancouver,mobi_vancouver_aa7c9d90-08ad-49a1-9c06-b94194098489,aa7c9d90-08ad-49a1-9c06-b94194098489,49.271721,-123.104207,1,FALSE,FALSE,18400,0011,1783242986,2026-07-05T09:16:55Z,2026-07-05T09:16:55Z,2026-07-05T09:16:25Z,2.2,https://gbfs.kappa.fifteen.eu/gbfs/2.2/mobi/en/gbfs.json,https://gbfs.kappa.fifteen.eu/gbfs/2.2/mobi/en/free_bike_status.json,2026-07-05T09:16:54Z,2026-07-05T09:16:54Z
mobi_vancouver,mobi_vancouver_59741d01-97c6-4710-a6cb-941535ae308a,59741d01-97c6-4710-a6cb-941535ae308a,49.271721,-123.104207,1,FALSE,FALSE,18400,0011,1783242986,2026-07-05T09:16:55Z,2026-07-05T09:16:55Z,2026-07-05T09:16:25Z,2.2,https://gbfs.kappa.fifteen.eu/gbfs/2.2/mobi/en/gbfs.json,https://gbfs.kappa.fifteen.eu/gbfs/2.2/mobi/en/free_bike_status.json,2026-07-05T09:16:54Z,2026-07-05T09:16:54Z
mobi_vancouver,mobi_vancouver_06340df1-0d15-4734-86b4-5792af1413f4,06340df1-0d15-4734-86b4-5792af1413f4,49.271721,-123.104207,1,FALSE,FALSE,18400,0011,1783242986,2026-07-05T09:16:55Z,2026-07-05T09:16:55Z,2026-07-05T09:16:25Z,2.2,https://gbfs.kappa.fifteen.eu/gbfs/2.2/mobi/en/gbfs.json,https://gbfs.kappa.fifteen.eu/gbfs/2.2/mobi/en/free_bike_status.json,2026-07-05T09:16:54Z,2026-07-05T09:16:54Z
mobi_vancouver,mobi_vancouver_dc67856b-a56e-434e-b319-82452743eafd,dc67856b-a56e-434e-b319-82452743eafd,49.262487,-123.114397,1,FALSE,FALSE,18400,0001,1783242986,2026-07-05T09:16:55Z,2026-07-05T09:16:55Z,2026-07-05T09:16:25Z,2.2,https://gbfs.kappa.fifteen.eu/gbfs/2.2/mobi/en/gbfs.json,https://gbfs.kappa.fifteen.eu/gbfs/2.2/mobi/en/free_bike_status.json,2026-07-05T09:16:54Z,2026-07-05T09:16:54Z
mobi_vancouver,mobi_vancouver_efee7fae-84bb-40fd-89fc-d75428ef2818,efee7fae-84bb-40fd-89fc-d75428ef2818,49.262487,-123.114397,1,FALSE,FALSE,18400,0001,1783242986,2026-07-05T09:16:55Z,2026-07-05T09:16:55Z,2026-07-05T09:16:25Z,2.2,https://gbfs.kappa.fifteen.eu/gbfs/2.2/mobi/en/gbfs.json,https://gbfs.kappa.fifteen.eu/gbfs/2.2/mobi/en/free_bike_status.json,2026-07-05T09:16:54Z,2026-07-05T09:16:54Z
mobi_vancouver,mobi_vancouver_6c5fd57b-f62e-4b96-b802-d9c62ce2fd1f,6c5fd57b-f62e-4b96-b802-d9c62ce2fd1f,49.275679,-123.116963,1,FALSE,FALSE,18400,0027,1783242986,2026-07-05T09:16:55Z,2026-07-05T09:16:55Z,2026-07-05T09:16:25Z,2.2,https://gbfs.kappa.fifteen.eu/gbfs/2.2/mobi/en/gbfs.json,https://gbfs.kappa.fifteen.eu/gbfs/2.2/mobi/en/free_bike_status.json,2026-07-05T09:16:54Z,2026-07-05T09:16:54Z
mobi_vancouver,mobi_vancouver_f295afbd-dd86-4b2e-a688-6b2b71152194,f295afbd-dd86-4b2e-a688-6b2b71152194,49.293257,-123.138563,1,FALSE,FALSE,18400,0093,1783242986,2026-07-05T09:16:55Z,2026-07-05T09:16:55Z,2026-07-05T09:16:25Z,2.2,https://gbfs.kappa.fifteen.eu/gbfs/2.2/mobi/en/gbfs.json,https://gbfs.kappa.fifteen.eu/gbfs/2.2/mobi/en/free_bike_status.json,2026-07-05T09:16:54Z,2026-07-05T09:16:54Z
mobi_vancouver,mobi_vancouver_25d602f2-5df6-4949-a96d-ab40d6e9a777,25d602f2-5df6-4949-a96d-ab40d6e9a777,49.287097,-123.118551,1,FALSE,FALSE,18400,0016,1783242986,2026-07-05T09:16:55Z,2026-07-05T09:16:55Z,2026-07-05T09:16:25Z,2.2,https://gbfs.kappa.fifteen.eu/gbfs/2.2/mobi/en/gbfs.json,https://gbfs.kappa.fifteen.eu/gbfs/2.2/mobi/en/free_bike_status.json,2026-07-05T09:16:54Z,2026-07-05T09:16:54Z
mobi_vancouver,mobi_vancouver_d9901c03-5c45-404e-8449-6ce26e5352e0,d9901c03-5c45-404e-8449-6ce26e5352e0,49.273471,-123.118016,1,FALSE,FALSE,18400,0017,1783242986,2026-07-05T09:16:55Z,2026-07-05T09:16:55Z,2026-07-05T09:16:25Z,2.2,https://gbfs.kappa.fifteen.eu/gbfs/2.2/mobi/en/gbfs.json,https://gbfs.kappa.fifteen.eu/gbfs/2.2/mobi/en/free_bike_status.json,2026-07-05T09:16:54Z,2026-07-05T09:16:54Z
mobi_vancouver,mobi_vancouver_213b2af0-8625-4ce2-adad-85b7169c49c4,213b2af0-8625-4ce2-adad-85b7169c49c4,49.277141,-123.122589,2,FALSE,FALSE,18400,0138,1783242986,2026-07-05T09:16:55Z,2026-07-05T09:16:55Z,2026-07-05T09:16:25Z,2.2,https://gbfs.kappa.fifteen.eu/gbfs/2.2/mobi/en/gbfs.json,https://gbfs.kappa.fifteen.eu/gbfs/2.2/mobi/en/free_bike_status.json,2026-07-05T09:16:54Z,2026-07-05T09:16:54Z
mobi_vancouver,mobi_vancouver_19f43936-b0c8-4e6b-8da7-f2ecfab97c77,19f43936-b0c8-4e6b-8da7-f2ecfab97c77,49.265939,-123.1129,1,FALSE,FALSE,18400,0171,1783242986,2026-07-05T09:16:55Z,2026-07-05T09:16:55Z,2026-07-05T09:16:25Z,2.2,https://gbfs.kappa.fifteen.eu/gbfs/2.2/mobi/en/gbfs.json,https://gbfs.kappa.fifteen.eu/gbfs/2.2/mobi/en/free_bike_status.json,2026-07-05T09:16:54Z,2026-07-05T09:16:54Z
mobi_vancouver,mobi_vancouver_af1cdd93-1f11-4d42-a9bc-605302575989,af1cdd93-1f11-4d42-a9bc-605302575989,49.268503,-123.097501,1,FALSE,FALSE,18400,0197,1783242986,2026-07-05T09:16:55Z,2026-07-05T09:16:55Z,2026-07-05T09:16:25Z,2.2,https://gbfs.kappa.fifteen.eu/gbfs/2.2/mobi/en/gbfs.json,https://gbfs.kappa.fifteen.eu/gbfs/2.2/mobi/en/free_bike_status.json,2026-07-05T09:16:54Z,2026-07-05T09:16:54Z
mobi_vancouver,mobi_vancouver_ccf3687a-5b8a-4f33-869e-985f570b3103,ccf3687a-5b8a-4f33-869e-985f570b3103,49.281301,-123.139108,1,FALSE,FALSE,18400,0084,1783242986,2026-07-05T09:16:55Z,2026-07-05T09:16:55Z,2026-07-05T09:16:25Z,2.2,https://gbfs.kappa.fifteen.eu/gbfs/2.2/mobi/en/gbfs.json,https://gbfs.kappa.fifteen.eu/gbfs/2.2/mobi/en/free_bike_status.json,2026-07-05T09:16:54Z,2026-07-05T09:16:54Z
mobi_vancouver,mobi_vancouver_051b1947-8aa6-4ce1-ad11-d1c468d6f4fc,051b1947-8aa6-4ce1-ad11-d1c468d6f4fc,49.299292,-123.130281,1,FALSE,FALSE,18400,0101,1783242986,2026-07-05T09:16:55Z,2026-07-05T09:16:55Z,2026-07-05T09:16:25Z,2.2,https://gbfs.kappa.fifteen.eu/gbfs/2.2/mobi/en/gbfs.json,https://gbfs.kappa.fifteen.eu/gbfs/2.2/mobi/en/free_bike_status.json,2026-07-05T09:16:54Z,2026-07-05T09:16:54Z
mobi_vancouver,mobi_vancouver_59676a4e-4f0c-4b52-8f49-7286e0288a6d,59676a4e-4f0c-4b52-8f49-7286e0288a6d,49.29534,-123.150433,1,FALSE,FALSE,18400,0102,1783242986,2026-07-05T09:16:55Z,2026-07-05T09:16:55Z,2026-07-05T09:16:25Z,2.2,https://gbfs.kappa.fifteen.eu/gbfs/2.2/mobi/en/gbfs.json,https://gbfs.kappa.fifteen.eu/gbfs/2.2/mobi/en/free_bike_status.json,2026-07-05T09:16:54Z,2026-07-05T09:16:54Z
mobi_vancouver,mobi_vancouver_08457324-324c-4c9c-9294-407f68deaa37,08457324-324c-4c9c-9294-407f68deaa37,49.29534,-123.150433,1,FALSE,FALSE,18400,0102,1783242986,2026-07-05T09:16:55Z,2026-07-05T09:16:55Z,2026-07-05T09:16:25Z,2.2,https://gbfs.kappa.fifteen.eu/gbfs/2.2/mobi/en/gbfs.json,https://gbfs.kappa.fifteen.eu/gbfs/2.2/mobi/en/free_bike_status.json,2026-07-05T09:16:54Z,2026-07-05T09:16:54Z
mobi_vancouver,mobi_vancouver_ab7a0e91-e642-447d-b3b3-f0936fddfc2e,ab7a0e91-e642-447d-b3b3-f0936fddfc2e,49.298657,-123.121176,1,FALSE,FALSE,18400,0105,1783242986,2026-07-05T09:16:55Z,2026-07-05T09:16:55Z,2026-07-05T09:16:25Z,2.2,https://gbfs.kappa.fifteen.eu/gbfs/2.2/mobi/en/gbfs.json,https://gbfs.kappa.fifteen.eu/gbfs/2.2/mobi/en/free_bike_status.json,2026-07-05T09:16:54Z,2026-07-05T09:16:54Z
mobi_vancouver,mobi_vancouver_1bd7b958-12e6-475a-94e2-898afcf20cab,1bd7b958-12e6-475a-94e2-898afcf20cab,49.263635,-123.099236,1,FALSE,FALSE,18400,0206,1783242986,2026-07-05T09:16:55Z,2026-07-05T09:16:55Z,2026-07-05T09:16:25Z,2.2,https://gbfs.kappa.fifteen.eu/gbfs/2.2/mobi/en/gbfs.json,https://gbfs.kappa.fifteen.eu/gbfs/2.2/mobi/en/free_bike_status.json,2026-07-05T09:16:54Z,2026-07-05T09:16:54Z
mobi_vancouver,mobi_vancouver_fc7059ce-6394-4fef-b398-9cb37657e0c6,fc7059ce-6394-4fef-b398-9cb37657e0c6,49.267859,-123.145782,1,FALSE,FALSE,18400,0139,1783242986,2026-07-05T09:16:55Z,2026-07-05T09:16:55Z,2026-07-05T09:16:25Z,2.2,https://gbfs.kappa.fifteen.eu/gbfs/2.2/mobi/en/gbfs.json,https://gbfs.kappa.fifteen.eu/gbfs/2.2/mobi/en/free_bike_status.json,2026-07-05T09:16:54Z,2026-07-05T09:16:54Z
mobi_vancouver,mobi_vancouver_40ad1d88-89e5-4449-a67a-eef19d7d2f9b,40ad1d88-89e5-4449-a67a-eef19d7d2f9b,49.263242,-123.070521,1,FALSE,FALSE,18400,0242,1783242986,2026-07-05T09:16:55Z,2026-07-05T09:16:55Z,2026-07-05T09:16:25Z,2.2,https://gbfs.kappa.fifteen.eu/gbfs/2.2/mobi/en/gbfs.json,https://gbfs.kappa.fifteen.eu/gbfs/2.2/mobi/en/free_bike_status.json,2026-07-05T09:16:54Z,2026-07-05T09:16:54Z
mobi_vancouver,mobi_vancouver_f056f5b9-d0c0-470a-8348-ddf86007f164,f056f5b9-d0c0-470a-8348-ddf86007f164,49.283992,-123.091206,1,FALSE,FALSE,18400,0230,1783242986,2026-07-05T09:16:55Z,2026-07-05T09:16:55Z,2026-07-05T09:16:25Z,2.2,https://gbfs.kappa.fifteen.eu/gbfs/2.2/mobi/en/gbfs.json,https://gbfs.kappa.fifteen.eu/gbfs/2.2/mobi/en/free_bike_status.json,2026-07-05T09:16:54Z,2026-07-05T09:16:54Z
mobi_vancouver,mobi_vancouver_0a147612-9604-470f-b83f-973df79e0399,0a147612-9604-470f-b83f-973df79e0399,49.256496,-123.075426,1,FALSE,FALSE,18400,0283,1783242986,2026-07-05T09:16:55Z,2026-07-05T09:16:55Z,2026-07-05T09:16:25Z,2.2,https://gbfs.kappa.fifteen.eu/gbfs/2.2/mobi/en/gbfs.json,https://gbfs.kappa.fifteen.eu/gbfs/2.2/mobi/en/free_bike_status.json,2026-07-05T09:16:54Z,2026-07-05T09:16:54Z
mobi_vancouver,mobi_vancouver_4ddb36a1-e65e-41e8-96ac-60b9ad97c5c7,4ddb36a1-e65e-41e8-96ac-60b9ad97c5c7,49.258761,-123.127071,1,FALSE,FALSE,18400,0202,1783242986,2026-07-05T09:16:55Z,2026-07-05T09:16:55Z,2026-07-05T09:16:25Z,2.2,https://gbfs.kappa.fifteen.eu/gbfs/2.2/mobi/en/gbfs.json,https://gbfs.kappa.fifteen.eu/gbfs/2.2/mobi/en/free_bike_status.json,2026-07-05T09:16:54Z,2026-07-05T09:16:54Z
mobi_vancouver,mobi_vancouver_01d39e40-7f27-4e7d-874f-b5e8fbd55dda,01d39e40-7f27-4e7d-874f-b5e8fbd55dda,49.280332,-123.070068,1,FALSE,FALSE,18400,0224,1783242986,2026-07-05T09:16:55Z,2026-07-05T09:16:55Z,2026-07-05T09:16:25Z,2.2,https://gbfs.kappa.fifteen.eu/gbfs/2.2/mobi/en/gbfs.json,https://gbfs.kappa.fifteen.eu/gbfs/2.2/mobi/en/free_bike_status.json,2026-07-05T09:16:54Z,2026-07-05T09:16:54Z
mobi_vancouver,mobi_vancouver_5945f045-db58-4591-8ba6-6f4a11c07afc,5945f045-db58-4591-8ba6-6f4a11c07afc,49.273691,-123.102232,1,FALSE,FALSE,18400,0193,1783242986,2026-07-05T09:16:55Z,2026-07-05T09:16:55Z,2026-07-05T09:16:25Z,2.2,https://gbfs.kappa.fifteen.eu/gbfs/2.2/mobi/en/gbfs.json,https://gbfs.kappa.fifteen.eu/gbfs/2.2/mobi/en/free_bike_status.json,2026-07-05T09:16:54Z,2026-07-05T09:16:54Z
mobi_vancouver,mobi_vancouver_8aef1e7d-5af8-4b5a-9492-c0aed711092c,8aef1e7d-5af8-4b5a-9492-c0aed711092c,49.261973,-123.09725,1,FALSE,FALSE,18400,0186,1783242986,2026-07-05T09:16:55Z,2026-07-05T09:16:55Z,2026-07-05T09:16:25Z,2.2,https://gbfs.kappa.fifteen.eu/gbfs/2.2/mobi/en/gbfs.json,https://gbfs.kappa.fifteen.eu/gbfs/2.2/mobi/en/free_bike_status.json,2026-07-05T09:16:54Z,2026-07-05T09:16:54Z
mobi_vancouver,mobi_vancouver_429cd790-9faa-4d1f-a1af-fc912dac1212,429cd790-9faa-4d1f-a1af-fc912dac1212,49.27033,-123.10275,1,FALSE,FALSE,18400,0177,1783242986,2026-07-05T09:16:55Z,2026-07-05T09:16:55Z,2026-07-05T09:16:25Z,2.2,https://gbfs.kappa.fifteen.eu/gbfs/2.2/mobi/en/gbfs.json,https://gbfs.kappa.fifteen.eu/gbfs/2.2/mobi/en/free_bike_status.json,2026-07-05T09:16:54Z,2026-07-05T09:16:54Z
mobi_vancouver,mobi_vancouver_b7b8ad60-8157-4ee2-9a3d-101d680ddb72,b7b8ad60-8157-4ee2-9a3d-101d680ddb72,49.257985,-123.083366,1,FALSE,FALSE,18400,0281,1783242986,2026-07-05T09:16:55Z,2026-07-05T09:16:55Z,2026-07-05T09:16:25Z,2.2,https://gbfs.kappa.fifteen.eu/gbfs/2.2/mobi/en/gbfs.json,https://gbfs.kappa.fifteen.eu/gbfs/2.2/mobi/en/free_bike_status.json,2026-07-05T09:16:54Z,2026-07-05T09:16:54Z
mobi_vancouver,mobi_vancouver_46fc5597-2d55-456d-9170-45ea3e5f2436,46fc5597-2d55-456d-9170-45ea3e5f2436,49.277333,-123.087359,1,FALSE,FALSE,18400,0219,1783242986,2026-07-05T09:16:55Z,2026-07-05T09:16:55Z,2026-07-05T09:16:25Z,2.2,https://gbfs.kappa.fifteen.eu/gbfs/2.2/mobi/en/gbfs.json,https://gbfs.kappa.fifteen.eu/gbfs/2.2/mobi/en/free_bike_status.json,2026-07-05T09:16:54Z,2026-07-05T09:16:54Z
mobi_vancouver,mobi_vancouver_8f8bafb5-b525-4ee9-8a44-a045e41f5837,8f8bafb5-b525-4ee9-8a44-a045e41f5837,49.284893,-123.128685,1,FALSE,FALSE,18400,0300,1783242986,2026-07-05T09:16:55Z,2026-07-05T09:16:55Z,2026-07-05T09:16:25Z,2.2,https://gbfs.kappa.fifteen.eu/gbfs/2.2/mobi/en/gbfs.json,https://gbfs.kappa.fifteen.eu/gbfs/2.2/mobi/en/free_bike_status.json,2026-07-05T09:16:54Z,2026-07-05T09:16:54Z
mobi_vancouver,mobi_vancouver_1242ba5a-136e-4e3e-bb89-06c47ec7fcb7,1242ba5a-136e-4e3e-bb89-06c47ec7fcb7,49.284893,-123.128685,2,FALSE,FALSE,18400,0300,1783242986,2026-07-05T09:16:55Z,2026-07-05T09:16:55Z,2026-07-05T09:16:25Z,2.2,https://gbfs.kappa.fifteen.eu/gbfs/2.2/mobi/en/gbfs.json,https://gbfs.kappa.fifteen.eu/gbfs/2.2/mobi/en/free_bike_status.json,2026-07-05T09:16:54Z,2026-07-05T09:16:54Z
mobi_vancouver,mobi_vancouver_d6df3563-a35e-4ae5-92f5-162971f3f85e,d6df3563-a35e-4ae5-92f5-162971f3f85e,49.28512,-123.11242,1,FALSE,FALSE,18400,0308,1783242986,2026-07-05T09:16:55Z,2026-07-05T09:16:55Z,2026-07-05T09:16:25Z,2.2,https://gbfs.kappa.fifteen.eu/gbfs/2.2/mobi/en/gbfs.json,https://gbfs.kappa.fifteen.eu/gbfs/2.2/mobi/en/free_bike_status.json,2026-07-05T09:16:54Z,2026-07-05T09:16:54Z
mobi_vancouver,mobi_vancouver_d9e7e857-726b-41c6-9498-08a3100e4ba5,d9e7e857-726b-41c6-9498-08a3100e4ba5,49.271044,-123.170661,1,FALSE,FALSE,18400,0450,1783242986,2026-07-05T09:16:55Z,2026-07-05T09:16:55Z,2026-07-05T09:16:25Z,2.2,https://gbfs.kappa.fifteen.eu/gbfs/2.2/mobi/en/gbfs.json,https://gbfs.kappa.fifteen.eu/gbfs/2.2/mobi/en/free_bike_status.json,2026-07-05T09:16:54Z,2026-07-05T09:16:54Z
mobi_vancouver,mobi_vancouver_8d259753-32a9-495f-acc7-910f722fd6e8,8d259753-32a9-495f-acc7-910f722fd6e8,49.266924,-123.173849,1,FALSE,FALSE,18400,0443,1783242986,2026-07-05T09:16:55Z,2026-07-05T09:16:55Z,2026-07-05T09:16:25Z,2.2,https://gbfs.kappa.fifteen.eu/gbfs/2.2/mobi/en/gbfs.json,https://gbfs.kappa.fifteen.eu/gbfs/2.2/mobi/en/free_bike_status.json,2026-07-05T09:16:54Z,2026-07-05T09:16:54Z
mobi_vancouver,mobi_vancouver_7b64f72c-8683-4186-93cd-f0ec81c3ad6a,7b64f72c-8683-4186-93cd-f0ec81c3ad6a,49.268837,-123.177633,1,FALSE,FALSE,18400,0431,1783242986,2026-07-05T09:16:55Z,2026-07-05T09:16:55Z,2026-07-05T09:16:25Z,2.2,https://gbfs.kappa.fifteen.eu/gbfs/2.2/mobi/en/gbfs.json,https://gbfs.kappa.fifteen.eu/gbfs/2.2/mobi/en/free_bike_status.json,2026-07-05T09:16:54Z,2026-07-05T09:16:54Z
mobi_vancouver,mobi_vancouver_89d527c5-7392-43da-8557-452b455bf2a9,89d527c5-7392-43da-8557-452b455bf2a9,49.285575,-123.061575,1,FALSE,FALSE,18400,0621,1783242986,2026-07-05T09:16:55Z,2026-07-05T09:16:55Z,2026-07-05T09:16:25Z,2.2,https://gbfs.kappa.fifteen.eu/gbfs/2.2/mobi/en/gbfs.json,https://gbfs.kappa.fifteen.eu/gbfs/2.2/mobi/en/free_bike_status.json,2026-07-05T09:16:54Z,2026-07-05T09:16:54Z
mobi_vancouver,mobi_vancouver_b2ef6302-75c9-4700-afdf-09eaaef3d610,b2ef6302-75c9-4700-afdf-09eaaef3d610,49.252656,-123.067965,1,FALSE,FALSE,18400,0352,1783242986,2026-07-05T09:16:55Z,2026-07-05T09:16:55Z,2026-07-05T09:16:25Z,2.2,https://gbfs.kappa.fifteen.eu/gbfs/2.2/mobi/en/gbfs.json,https://gbfs.kappa.fifteen.eu/gbfs/2.2/mobi/en/free_bike_status.json,2026-07-05T09:16:54Z,2026-07-05T09:16:54Z
mobi_vancouver,mobi_vancouver_c67de1e6-cca1-48a1-94c9-671b46fc93de,c67de1e6-cca1-48a1-94c9-671b46fc93de,49.259469,-123.145718,1,FALSE,FALSE,18400,0210,1783242986,2026-07-05T09:16:55Z,2026-07-05T09:16:55Z,2026-07-05T09:16:25Z,2.2,https://gbfs.kappa.fifteen.eu/gbfs/2.2/mobi/en/gbfs.json,https://gbfs.kappa.fifteen.eu/gbfs/2.2/mobi/en/free_bike_status.json,2026-07-05T09:16:54Z,2026-07-05T09:16:54Z
mobi_vancouver,mobi_vancouver_b4d9afa2-2109-4004-9110-92aed7741075,b4d9afa2-2109-4004-9110-92aed7741075,49.267561,-123.252261,1,FALSE,FALSE,18400,2132,1783242986,2026-07-05T09:16:55Z,2026-07-05T09:16:55Z,2026-07-05T09:16:25Z,2.2,https://gbfs.kappa.fifteen.eu/gbfs/2.2/mobi/en/gbfs.json,https://gbfs.kappa.fifteen.eu/gbfs/2.2/mobi/en/free_bike_status.json,2026-07-05T09:16:54Z,2026-07-05T09:16:54Z
mobi_vancouver,mobi_vancouver_1a9be3e8-ab4d-4734-852c-f59db1eeeac1,1a9be3e8-ab4d-4734-852c-f59db1eeeac1,49.279938,-123.127478,1,FALSE,FALSE,18800,0039,1783242986,2026-07-05T09:16:55Z,2026-07-05T09:16:55Z,2026-07-05T09:16:25Z,2.2,https://gbfs.kappa.fifteen.eu/gbfs/2.2/mobi/en/gbfs.json,https://gbfs.kappa.fifteen.eu/gbfs/2.2/mobi/en/free_bike_status.json,2026-07-05T09:16:54Z,2026-07-05T09:16:54Z
mobi_vancouver,mobi_vancouver_0db6e96e-10fc-4b62-9613-fe312be27552,0db6e96e-10fc-4b62-9613-fe312be27552,49.283343,-123.131099,1,FALSE,FALSE,18800,0050,1783242986,2026-07-05T09:16:55Z,2026-07-05T09:16:55Z,2026-07-05T09:16:25Z,2.2,https://gbfs.kappa.fifteen.eu/gbfs/2.2/mobi/en/gbfs.json,https://gbfs.kappa.fifteen.eu/gbfs/2.2/mobi/en/free_bike_status.json,2026-07-05T09:16:54Z,2026-07-05T09:16:54Z
mobi_vancouver,mobi_vancouver_59567900-d9f8-488c-a1e9-c3a5f90ac7a5,59567900-d9f8-488c-a1e9-c3a5f90ac7a5,49.283343,-123.131099,1,FALSE,FALSE,18800,0050,1783242986,2026-07-05T09:16:55Z,2026-07-05T09:16:55Z,2026-07-05T09:16:25Z,2.2,https://gbfs.kappa.fifteen.eu/gbfs/2.2/mobi/en/gbfs.json,https://gbfs.kappa.fifteen.eu/gbfs/2.2/mobi/en/free_bike_status.json,2026-07-05T09:16:54Z,2026-07-05T09:16:54Z
mobi_vancouver,mobi_vancouver_b88fd8ea-9c6d-4cd1-9c6c-c1d5e4a2d84e,b88fd8ea-9c6d-4cd1-9c6c-c1d5e4a2d84e,49.276436,-123.11877,1,FALSE,FALSE,18800,0078,1783242986,2026-07-05T09:16:55Z,2026-07-05T09:16:55Z,2026-07-05T09:16:25Z,2.2,https://gbfs.kappa.fifteen.eu/gbfs/2.2/mobi/en/gbfs.json,https://gbfs.kappa.fifteen.eu/gbfs/2.2/mobi/en/free_bike_status.json,2026-07-05T09:16:54Z,2026-07-05T09:16:54Z
mobi_vancouver,mobi_vancouver_a515a19c-4ca2-4054-b32a-95b4c222b0c0,a515a19c-4ca2-4054-b32a-95b4c222b0c0,49.273471,-123.118016,1,FALSE,FALSE,18800,0017,1783242986,2026-07-05T09:16:55Z,2026-07-05T09:16:55Z,2026-07-05T09:16:25Z,2.2,https://gbfs.kappa.fifteen.eu/gbfs/2.2/mobi/en/gbfs.json,https://gbfs.kappa.fifteen.eu/gbfs/2.2/mobi/en/free_bike_status.json,2026-07-05T09:16:54Z,2026-07-05T09:16:54Z
mobi_vancouver,mobi_vancouver_ec6b74ff-ed6b-46c2-adb0-ff34751fa020,ec6b74ff-ed6b-46c2-adb0-ff34751fa020,49.263837,-123.105173,1,FALSE,FALSE,18800,0107,1783242986,2026-07-05T09:16:55Z,2026-07-05T09:16:55Z,2026-07-05T09:16:25Z,2.2,https://gbfs.kappa.fifteen.eu/gbfs/2.2/mobi/en/gbfs.json,https://gbfs.kappa.fifteen.eu/gbfs/2.2/mobi/en/free_bike_status.json,2026-07-05T09:16:54Z,2026-07-05T09:16:54Z
mobi_vancouver,mobi_vancouver_00841994-90c8-49a5-af78-2b3b1c0280ce,00841994-90c8-49a5-af78-2b3b1c0280ce,49.266314,-123.116011,1,FALSE,FALSE,18800,0006,1783242986,2026-07-05T09:16:55Z,2026-07-05T09:16:55Z,2026-07-05T09:16:25Z,2.2,https://gbfs.kappa.fifteen.eu/gbfs/2.2/mobi/en/gbfs.json,https://gbfs.kappa.fifteen.eu/gbfs/2.2/mobi/en/free_bike_status.json,2026-07-05T09:16:54Z,2026-07-05T09:16:54Z
mobi_vancouver,mobi_vancouver_4b4683df-e0a8-4176-ab10-b2517839e100,4b4683df-e0a8-4176-ab10-b2517839e100,49.261742,-123.13148,1,FALSE,FALSE,18800,0166,1783242986,2026-07-05T09:16:55Z,2026-07-05T09:16:55Z,2026-07-05T09:16:25Z,2.2,https://gbfs.kappa.fifteen.eu/gbfs/2.2/mobi/en/gbfs.json,https://gbfs.kappa.fifteen.eu/gbfs/2.2/mobi/en/free_bike_status.json,2026-07-05T09:16:54Z,2026-07-05T09:16:54Z
mobi_vancouver,mobi_vancouver_aa1340f0-9a87-4243-b5e9-c913abc9666f,aa1340f0-9a87-4243-b5e9-c913abc9666f,49.275938,-123.145939,1,FALSE,FALSE,18800,0147,1783242986,2026-07-05T09:16:55Z,2026-07-05T09:16:55Z,2026-07-05T09:16:25Z,2.2,https://gbfs.kappa.fifteen.eu/gbfs/2.2/mobi/en/gbfs.json,https://gbfs.kappa.fifteen.eu/gbfs/2.2/mobi/en/free_bike_status.json,2026-07-05T09:16:54Z,2026-07-05T09:16:54Z
mobi_vancouver,mobi_vancouver_fa62fb41-153a-4b50-a507-97280978df9b,fa62fb41-153a-4b50-a507-97280978df9b,49.274566,-123.121817,1,FALSE,FALSE,18800,0004,1783242986,2026-07-05T09:16:55Z,2026-07-05T09:16:55Z,2026-07-05T09:16:25Z,2.2,https://gbfs.kappa.fifteen.eu/gbfs/2.2/mobi/en/gbfs.json,https://gbfs.kappa.fifteen.eu/gbfs/2.2/mobi/en/free_bike_status.json,2026-07-05T09:16:54Z,2026-07-05T09:16:54Z
mobi_vancouver,mobi_vancouver_3bb816e5-8d7d-43c4-b414-4ad807fbe707,3bb816e5-8d7d-43c4-b414-4ad807fbe707,49.262062,-123.104656,1,FALSE,FALSE,18800,0176,1783242986,2026-07-05T09:16:55Z,2026-07-05T09:16:55Z,2026-07-05T09:16:25Z,2.2,https://gbfs.kappa.fifteen.eu/gbfs/2.2/mobi/en/gbfs.json,https://gbfs.kappa.fifteen.eu/gbfs/2.2/mobi/en/free_bike_status.json,2026-07-05T09:16:54Z,2026-07-05T09:16:54Z
mobi_vancouver,mobi_vancouver_ec28e4ca-c6ab-44a6-a54d-a646d4a878f2,ec28e4ca-c6ab-44a6-a54d-a646d4a878f2,49.262062,-123.104656,1,FALSE,FALSE,18800,0176,1783242986,2026-07-05T09:16:55Z,2026-07-05T09:16:55Z,2026-07-05T09:16:25Z,2.2,https://gbfs.kappa.fifteen.eu/gbfs/2.2/mobi/en/gbfs.json,https://gbfs.kappa.fifteen.eu/gbfs/2.2/mobi/en/free_bike_status.json,2026-07-05T09:16:54Z,2026-07-05T09:16:54Z
mobi_vancouver,mobi_vancouver_549d7a6a-63f2-404b-b9b3-484c9c2d22a0,549d7a6a-63f2-404b-b9b3-484c9c2d22a0,49.299292,-123.130281,1,FALSE,FALSE,18800,0101,1783242986,2026-07-05T09:16:55Z,2026-07-05T09:16:55Z,2026-07-05T09:16:25Z,2.2,https://gbfs.kappa.fifteen.eu/gbfs/2.2/mobi/en/gbfs.json,https://gbfs.kappa.fifteen.eu/gbfs/2.2/mobi/en/free_bike_status.json,2026-07-05T09:16:54Z,2026-07-05T09:16:54Z
mobi_vancouver,mobi_vancouver_0a839edc-937e-4fe6-bfe1-c25a424c5c61,0a839edc-937e-4fe6-bfe1-c25a424c5c61,49.265336,-123.145823,1,FALSE,FALSE,18800,0140,1783242986,2026-07-05T09:16:55Z,2026-07-05T09:16:55Z,2026-07-05T09:16:25Z,2.2,https://gbfs.kappa.fifteen.eu/gbfs/2.2/mobi/en/gbfs.json,https://gbfs.kappa.fifteen.eu/gbfs/2.2/mobi/en/free_bike_status.json,2026-07-05T09:16:54Z,2026-07-05T09:16:54Z
mobi_vancouver,mobi_vancouver_f3bfb1f3-e346-4ce6-bef9-c41958021033,f3bfb1f3-e346-4ce6-bef9-c41958021033,49.283227,-123.120523,1,FALSE,FALSE,18800,0099,1783242986,2026-07-05T09:16:55Z,2026-07-05T09:16:55Z,2026-07-05T09:16:25Z,2.2,https://gbfs.kappa.fifteen.eu/gbfs/2.2/mobi/en/gbfs.json,https://gbfs.kappa.fifteen.eu/gbfs/2.2/mobi/en/free_bike_status.json,2026-07-05T09:16:54Z,2026-07-05T09:16:54Z
mobi_vancouver,mobi_vancouver_6e078206-b204-4c98-9ba3-81e93577d285,6e078206-b204-4c98-9ba3-81e93577d285,49.262321,-123.09306,1,FALSE,FALSE,18800,0248,1783242986,2026-07-05T09:16:55Z,2026-07-05T09:16:55Z,2026-07-05T09:16:25Z,2.2,https://gbfs.kappa.fifteen.eu/gbfs/2.2/mobi/en/gbfs.json,https://gbfs.kappa.fifteen.eu/gbfs/2.2/mobi/en/free_bike_status.json,2026-07-05T09:16:54Z,2026-07-05T09:16:54Z
mobi_vancouver,mobi_vancouver_00aa5972-2a35-4215-8237-44369f84f5b1,00aa5972-2a35-4215-8237-44369f84f5b1,49.265005,-123.079481,1,FALSE,FALSE,18800,0236,1783242986,2026-07-05T09:16:55Z,2026-07-05T09:16:55Z,2026-07-05T09:16:25Z,2.2,https://gbfs.kappa.fifteen.eu/gbfs/2.2/mobi/en/gbfs.json,https://gbfs.kappa.fifteen.eu/gbfs/2.2/mobi/en/free_bike_status.json,2026-07-05T09:16:54Z,2026-07-05T09:16:54Z
mobi_vancouver,mobi_vancouver_e54a56db-4dec-4615-b976-6b8ea83c3a6b,e54a56db-4dec-4615-b976-6b8ea83c3a6b,49.261403,-123.070102,1,FALSE,FALSE,18800,0244,1783242986,2026-07-05T09:16:55Z,2026-07-05T09:16:55Z,2026-07-05T09:16:25Z,2.2,https://gbfs.kappa.fifteen.eu/gbfs/2.2/mobi/en/gbfs.json,https://gbfs.kappa.fifteen.eu/gbfs/2.2/mobi/en/free_bike_status.json,2026-07-05T09:16:54Z,2026-07-05T09:16:54Z
mobi_vancouver,mobi_vancouver_35970ec3-ed28-4706-ad45-c7a50fceb49b,35970ec3-ed28-4706-ad45-c7a50fceb49b,49.268616,-123.069908,1,FALSE,FALSE,18800,0240,1783242986,2026-07-05T09:16:55Z,2026-07-05T09:16:55Z,2026-07-05T09:16:25Z,2.2,https://gbfs.kappa.fifteen.eu/gbfs/2.2/mobi/en/gbfs.json,https://gbfs.kappa.fifteen.eu/gbfs/2.2/mobi/en/free_bike_status.json,2026-07-05T09:16:54Z,2026-07-05T09:16:54Z
mobi_vancouver,mobi_vancouver_a8f1c7f9-14fa-47c3-82c4-7af0d5155a5b,a8f1c7f9-14fa-47c3-82c4-7af0d5155a5b,49.271377,-123.069416,1,FALSE,FALSE,18800,0239,1783242986,2026-07-05T09:16:55Z,2026-07-05T09:16:55Z,2026-07-05T09:16:25Z,2.2,https://gbfs.kappa.fifteen.eu/gbfs/2.2/mobi/en/gbfs.json,https://gbfs.kappa.fifteen.eu/gbfs/2.2/mobi/en/free_bike_status.json,2026-07-05T09:16:54Z,2026-07-05T09:16:54Z
mobi_vancouver,mobi_vancouver_c7cd4e9d-3ac3-4961-a2f0-fa3309e942be,c7cd4e9d-3ac3-4961-a2f0-fa3309e942be,49.273103,-123.069892,1,FALSE,FALSE,18800,0235,1783242986,2026-07-05T09:16:55Z,2026-07-05T09:16:55Z,2026-07-05T09:16:25Z,2.2,https://gbfs.kappa.fifteen.eu/gbfs/2.2/mobi/en/gbfs.json,https://gbfs.kappa.fifteen.eu/gbfs/2.2/mobi/en/free_bike_status.json,2026-07-05T09:16:54Z,2026-07-05T09:16:54Z
mobi_vancouver,mobi_vancouver_6cd91327-65a6-483a-b55e-8b6f048edd03,6cd91327-65a6-483a-b55e-8b6f048edd03,49.28117,-123.104419,1,FALSE,FALSE,18800,0098,1783242986,2026-07-05T09:16:55Z,2026-07-05T09:16:55Z,2026-07-05T09:16:25Z,2.2,https://gbfs.kappa.fifteen.eu/gbfs/2.2/mobi/en/gbfs.json,https://gbfs.kappa.fifteen.eu/gbfs/2.2/mobi/en/free_bike_status.json,2026-07-05T09:16:54Z,2026-07-05T09:16:54Z
mobi_vancouver,mobi_vancouver_3265b82a-9ec3-4bd4-a741-44a810e4ecc6,3265b82a-9ec3-4bd4-a741-44a810e4ecc6,49.263518,-123.09568,1,FALSE,FALSE,18800,0262,1783242986,2026-07-05T09:16:55Z,2026-07-05T09:16:55Z,2026-07-05T09:16:25Z,2.2,https://gbfs.kappa.fifteen.eu/gbfs/2.2/mobi/en/gbfs.json,https://gbfs.kappa.fifteen.eu/gbfs/2.2/mobi/en/free_bike_status.json,2026-07-05T09:16:54Z,2026-07-05T09:16:54Z
mobi_vancouver,mobi_vancouver_354bffef-64aa-4521-b0c0-286d06b55415,354bffef-64aa-4521-b0c0-286d06b55415,49.280332,-123.070068,1,FALSE,FALSE,18800,0224,1783242986,2026-07-05T09:16:55Z,2026-07-05T09:16:55Z,2026-07-05T09:16:25Z,2.2,https://gbfs.kappa.fifteen.eu/gbfs/2.2/mobi/en/gbfs.json,https://gbfs.kappa.fifteen.eu/gbfs/2.2/mobi/en/free_bike_status.json,2026-07-05T09:16:54Z,2026-07-05T09:16:54Z
mobi_vancouver,mobi_vancouver_0a01f6cb-6ee8-4b11-8059-9d0bcbd32811,0a01f6cb-6ee8-4b11-8059-9d0bcbd32811,49.270684,-123.073562,1,FALSE,FALSE,18800,0252,1783242986,2026-07-05T09:16:55Z,2026-07-05T09:16:55Z,2026-07-05T09:16:25Z,2.2,https://gbfs.kappa.fifteen.eu/gbfs/2.2/mobi/en/gbfs.json,https://gbfs.kappa.fifteen.eu/gbfs/2.2/mobi/en/free_bike_status.json,2026-07-05T09:16:54Z,2026-07-05T09:16:54Z
mobi_vancouver,mobi_vancouver_7c5d675c-f1b0-4260-b9e7-85be1d3c6d5d,7c5d675c-f1b0-4260-b9e7-85be1d3c6d5d,49.280427,-123.074082,1,FALSE,FALSE,18800,0225,1783242986,2026-07-05T09:16:55Z,2026-07-05T09:16:55Z,2026-07-05T09:16:25Z,2.2,https://gbfs.kappa.fifteen.eu/gbfs/2.2/mobi/en/gbfs.json,https://gbfs.kappa.fifteen.eu/gbfs/2.2/mobi/en/free_bike_status.json,2026-07-05T09:16:54Z,2026-07-05T09:16:54Z
mobi_vancouver,mobi_vancouver_b4f607c8-9895-4f36-9c71-634a2a295232,b4f607c8-9895-4f36-9c71-634a2a295232,49.256857,-123.065646,1,FALSE,FALSE,18800,0278,1783242986,2026-07-05T09:16:55Z,2026-07-05T09:16:55Z,2026-07-05T09:16:25Z,2.2,https://gbfs.kappa.fifteen.eu/gbfs/2.2/mobi/en/gbfs.json,https://gbfs.kappa.fifteen.eu/gbfs/2.2/mobi/en/free_bike_status.json,2026-07-05T09:16:54Z,2026-07-05T09:16:54Z
mobi_vancouver,mobi_vancouver_1b2d07e4-d168-45ee-9fa0-78f06ede14c3,1b2d07e4-d168-45ee-9fa0-78f06ede14c3,49.265071,-123.123864,1,FALSE,FALSE,18800,0191,1783242986,2026-07-05T09:16:55Z,2026-07-05T09:16:55Z,2026-07-05T09:16:25Z,2.2,https://gbfs.kappa.fifteen.eu/gbfs/2.2/mobi/en/gbfs.json,https://gbfs.kappa.fifteen.eu/gbfs/2.2/mobi/en/free_bike_status.json,2026-07-05T09:16:54Z,2026-07-05T09:16:54Z
mobi_vancouver,mobi_vancouver_cb30f35f-2131-4ca1-bf29-94ea9d6c4043,cb30f35f-2131-4ca1-bf29-94ea9d6c4043,49.27551,-123.13307,1,FALSE,FALSE,18800,0045,1783242986,2026-07-05T09:16:55Z,2026-07-05T09:16:55Z,2026-07-05T09:16:25Z,2.2,https://gbfs.kappa.fifteen.eu/gbfs/2.2/mobi/en/gbfs.json,https://gbfs.kappa.fifteen.eu/gbfs/2.2/mobi/en/free_bike_status.json,2026-07-05T09:16:54Z,2026-07-05T09:16:54Z
mobi_vancouver,mobi_vancouver_77560bc9-a354-424e-994e-1b35288f5de8,77560bc9-a354-424e-994e-1b35288f5de8,49.284893,-123.128685,1,FALSE,FALSE,18800,0300,1783242986,2026-07-05T09:16:55Z,2026-07-05T09:16:55Z,2026-07-05T09:16:25Z,2.2,https://gbfs.kappa.fifteen.eu/gbfs/2.2/mobi/en/gbfs.json,https://gbfs.kappa.fifteen.eu/gbfs/2.2/mobi/en/free_bike_status.json,2026-07-05T09:16:54Z,2026-07-05T09:16:54Z
mobi_vancouver,mobi_vancouver_5c4a2fd2-3789-4ba2-b73b-bca56022f415,5c4a2fd2-3789-4ba2-b73b-bca56022f415,49.27029,-123.135025,1,FALSE,FALSE,18800,0189,1783242986,2026-07-05T09:16:55Z,2026-07-05T09:16:55Z,2026-07-05T09:16:25Z,2.2,https://gbfs.kappa.fifteen.eu/gbfs/2.2/mobi/en/gbfs.json,https://gbfs.kappa.fifteen.eu/gbfs/2.2/mobi/en/free_bike_status.json,2026-07-05T09:16:54Z,2026-07-05T09:16:54Z
mobi_vancouver,mobi_vancouver_b14d9eb0-0704-4583-bf66-162918d5815c,b14d9eb0-0704-4583-bf66-162918d5815c,49.262835,-123.152626,1,FALSE,FALSE,18800,0075,1783242986,2026-07-05T09:16:55Z,2026-07-05T09:16:55Z,2026-07-05T09:16:25Z,2.2,https://gbfs.kappa.fifteen.eu/gbfs/2.2/mobi/en/gbfs.json,https://gbfs.kappa.fifteen.eu/gbfs/2.2/mobi/en/free_bike_status.json,2026-07-05T09:16:54Z,2026-07-05T09:16:54Z
mobi_vancouver,mobi_vancouver_8607d9db-3048-43f8-afc0-ff0f38a266b1,8607d9db-3048-43f8-afc0-ff0f38a266b1,49.28512,-123.11242,1,FALSE,FALSE,18800,0308,1783242986,2026-07-05T09:16:55Z,2026-07-05T09:16:55Z,2026-07-05T09:16:25Z,2.2,https://gbfs.kappa.fifteen.eu/gbfs/2.2/mobi/en/gbfs.json,https://gbfs.kappa.fifteen.eu/gbfs/2.2/mobi/en/free_bike_status.json,2026-07-05T09:16:54Z,2026-07-05T09:16:54Z
mobi_vancouver,mobi_vancouver_f6373ad3-430e-4172-918a-35783cbd5422,f6373ad3-430e-4172-918a-35783cbd5422,49.271471,-123.17731,1,FALSE,FALSE,18800,0440,1783242986,2026-07-05T09:16:55Z,2026-07-05T09:16:55Z,2026-07-05T09:16:25Z,2.2,https://gbfs.kappa.fifteen.eu/gbfs/2.2/mobi/en/gbfs.json,https://gbfs.kappa.fifteen.eu/gbfs/2.2/mobi/en/free_bike_status.json,2026-07-05T09:16:54Z,2026-07-05T09:16:54Z
mobi_vancouver,mobi_vancouver_9f8912bd-4b1f-4031-ba27-84430b141e75,9f8912bd-4b1f-4031-ba27-84430b141e75,49.264579,-123.18373,1,FALSE,FALSE,18800,0415,1783242986,2026-07-05T09:16:55Z,2026-07-05T09:16:55Z,2026-07-05T09:16:25Z,2.2,https://gbfs.kappa.fifteen.eu/gbfs/2.2/mobi/en/gbfs.json,https://gbfs.kappa.fifteen.eu/gbfs/2.2/mobi/en/free_bike_status.json,2026-07-05T09:16:54Z,2026-07-05T09:16:54Z
mobi_vancouver,mobi_vancouver_891c31ef-7f9b-4acd-8d7d-80a0f569e15e,891c31ef-7f9b-4acd-8d7d-80a0f569e15e,49.264579,-123.18373,1,FALSE,FALSE,18800,0415,1783242986,2026-07-05T09:16:55Z,2026-07-05T09:16:55Z,2026-07-05T09:16:25Z,2.2,https://gbfs.kappa.fifteen.eu/gbfs/2.2/mobi/en/gbfs.json,https://gbfs.kappa.fifteen.eu/gbfs/2.2/mobi/en/free_bike_status.json,2026-07-05T09:16:54Z,2026-07-05T09:16:54Z
mobi_vancouver,mobi_vancouver_e225887b-e824-4d67-b6ad-c97580f641bf,e225887b-e824-4d67-b6ad-c97580f641bf,49.263523,-123.155267,1,FALSE,FALSE,18800,0484,1783242986,2026-07-05T09:16:55Z,2026-07-05T09:16:55Z,2026-07-05T09:16:25Z,2.2,https://gbfs.kappa.fifteen.eu/gbfs/2.2/mobi/en/gbfs.json,https://gbfs.kappa.fifteen.eu/gbfs/2.2/mobi/en/free_bike_status.json,2026-07-05T09:16:54Z,2026-07-05T09:16:54Z
mobi_vancouver,mobi_vancouver_35a52211-d655-4715-9309-0d8940c54539,35a52211-d655-4715-9309-0d8940c54539,49.264326,-123.164725,1,FALSE,FALSE,18800,0464,1783242986,2026-07-05T09:16:55Z,2026-07-05T09:16:55Z,2026-07-05T09:16:25Z,2.2,https://gbfs.kappa.fifteen.eu/gbfs/2.2/mobi/en/gbfs.json,https://gbfs.kappa.fifteen.eu/gbfs/2.2/mobi/en/free_bike_status.json,2026-07-05T09:16:54Z,2026-07-05T09:16:54Z
mobi_vancouver,mobi_vancouver_9c305ccf-0d68-46bb-b02e-3bedc0771d11,9c305ccf-0d68-46bb-b02e-3bedc0771d11,49.254818,-123.114785,1,FALSE,FALSE,18800,0531,1783242986,2026-07-05T09:16:55Z,2026-07-05T09:16:55Z,2026-07-05T09:16:25Z,2.2,https://gbfs.kappa.fifteen.eu/gbfs/2.2/mobi/en/gbfs.json,https://gbfs.kappa.fifteen.eu/gbfs/2.2/mobi/en/free_bike_status.json,2026-07-05T09:16:54Z,2026-07-05T09:16:54Z
mobi_vancouver,mobi_vancouver_f02c2bb5-27a7-4eb1-8b2e-78dd25a7a7db,f02c2bb5-27a7-4eb1-8b2e-78dd25a7a7db,49.285575,-123.061575,1,FALSE,FALSE,18800,0621,1783242986,2026-07-05T09:16:55Z,2026-07-05T09:16:55Z,2026-07-05T09:16:25Z,2.2,https://gbfs.kappa.fifteen.eu/gbfs/2.2/mobi/en/gbfs.json,https://gbfs.kappa.fifteen.eu/gbfs/2.2/mobi/en/free_bike_status.json,2026-07-05T09:16:54Z,2026-07-05T09:16:54Z
mobi_vancouver,mobi_vancouver_6684b042-2d73-4c83-9ad3-b0eabe9f1d99,6684b042-2d73-4c83-9ad3-b0eabe9f1d99,49.259469,-123.145718,1,FALSE,FALSE,18800,0210,1783242986,2026-07-05T09:16:55Z,2026-07-05T09:16:55Z,2026-07-05T09:16:25Z,2.2,https://gbfs.kappa.fifteen.eu/gbfs/2.2/mobi/en/gbfs.json,https://gbfs.kappa.fifteen.eu/gbfs/2.2/mobi/en/free_bike_status.json,2026-07-05T09:16:54Z,2026-07-05T09:16:54Z
mobi_vancouver,mobi_vancouver_00914021-22bf-4bcd-a480-a5fc56df45ea,00914021-22bf-4bcd-a480-a5fc56df45ea,49.259469,-123.145718,1,FALSE,FALSE,18800,0210,1783242986,2026-07-05T09:16:55Z,2026-07-05T09:16:55Z,2026-07-05T09:16:25Z,2.2,https://gbfs.kappa.fifteen.eu/gbfs/2.2/mobi/en/gbfs.json,https://gbfs.kappa.fifteen.eu/gbfs/2.2/mobi/en/free_bike_status.json,2026-07-05T09:16:54Z,2026-07-05T09:16:54Z
mobi_vancouver,mobi_vancouver_cb1bb343-045b-43dc-ba37-0eb5ebb24e22,cb1bb343-045b-43dc-ba37-0eb5ebb24e22,49.265442,-123.187738,1,FALSE,FALSE,18800,0403,1783242986,2026-07-05T09:16:55Z,2026-07-05T09:16:55Z,2026-07-05T09:16:25Z,2.2,https://gbfs.kappa.fifteen.eu/gbfs/2.2/mobi/en/gbfs.json,https://gbfs.kappa.fifteen.eu/gbfs/2.2/mobi/en/free_bike_status.json,2026-07-05T09:16:54Z,2026-07-05T09:16:54Z
mobi_vancouver,mobi_vancouver_4f726732-1f13-418a-a816-788acc32cf5a,4f726732-1f13-418a-a816-788acc32cf5a,49.283482,-123.103738,1,FALSE,FALSE,18800,0013,1783242986,2026-07-05T09:16:55Z,2026-07-05T09:16:55Z,2026-07-05T09:16:25Z,2.2,https://gbfs.kappa.fifteen.eu/gbfs/2.2/mobi/en/gbfs.json,https://gbfs.kappa.fifteen.eu/gbfs/2.2/mobi/en/free_bike_status.json,2026-07-05T09:16:54Z,2026-07-05T09:16:54Z
mobi_vancouver,mobi_vancouver_3ed2ce5f-0d7f-42b0-abff-f112d8bb67c4,3ed2ce5f-0d7f-42b0-abff-f112d8bb67c4,49.262487,-123.114397,1,FALSE,FALSE,19200,0001,1783242986,2026-07-05T09:16:55Z,2026-07-05T09:16:55Z,2026-07-05T09:16:25Z,2.2,https://gbfs.kappa.fifteen.eu/gbfs/2.2/mobi/en/gbfs.json,https://gbfs.kappa.fifteen.eu/gbfs/2.2/mobi/en/free_bike_status.json,2026-07-05T09:16:54Z,2026-07-05T09:16:54Z
mobi_vancouver,mobi_vancouver_0597b852-c6f6-475c-afab-a628c03d3154,0597b852-c6f6-475c-afab-a628c03d3154,49.279938,-123.127478,1,FALSE,FALSE,19200,0039,1783242986,2026-07-05T09:16:55Z,2026-07-05T09:16:55Z,2026-07-05T09:16:25Z,2.2,https://gbfs.kappa.fifteen.eu/gbfs/2.2/mobi/en/gbfs.json,https://gbfs.kappa.fifteen.eu/gbfs/2.2/mobi/en/free_bike_status.json,2026-07-05T09:16:54Z,2026-07-05T09:16:54Z
mobi_vancouver,mobi_vancouver_db7f720b-6df7-4b68-87cf-1f9747179f8f,db7f720b-6df7-4b68-87cf-1f9747179f8f,49.282409,-123.118541,1,FALSE,FALSE,19200,0015,1783242986,2026-07-05T09:16:55Z,2026-07-05T09:16:55Z,2026-07-05T09:16:25Z,2.2,https://gbfs.kappa.fifteen.eu/gbfs/2.2/mobi/en/gbfs.json,https://gbfs.kappa.fifteen.eu/gbfs/2.2/mobi/en/free_bike_status.json,2026-07-05T09:16:54Z,2026-07-05T09:16:54Z
mobi_vancouver,mobi_vancouver_50b220e1-8de8-4e16-aded-45682b944f12,50b220e1-8de8-4e16-aded-45682b944f12,49.282409,-123.118541,1,FALSE,FALSE,19200,0015,1783242986,2026-07-05T09:16:55Z,2026-07-05T09:16:55Z,2026-07-05T09:16:25Z,2.2,https://gbfs.kappa.fifteen.eu/gbfs/2.2/mobi/en/gbfs.json,https://gbfs.kappa.fifteen.eu/gbfs/2.2/mobi/en/free_bike_status.json,2026-07-05T09:16:54Z,2026-07-05T09:16:54Z
mobi_vancouver,mobi_vancouver_2f9e002b-f71c-4cf5-92f0-385719d84cd8,2f9e002b-f71c-4cf5-92f0-385719d84cd8,49.276115,-123.114496,1,FALSE,FALSE,19200,0064,1783242986,2026-07-05T09:16:55Z,2026-07-05T09:16:55Z,2026-07-05T09:16:25Z,2.2,https://gbfs.kappa.fifteen.eu/gbfs/2.2/mobi/en/gbfs.json,https://gbfs.kappa.fifteen.eu/gbfs/2.2/mobi/en/free_bike_status.json,2026-07-05T09:16:54Z,2026-07-05T09:16:54Z
mobi_vancouver,mobi_vancouver_248bdc1a-ff95-43a3-8054-fdb035da1b0b,248bdc1a-ff95-43a3-8054-fdb035da1b0b,49.27808,-123.130557,1,FALSE,FALSE,19200,0089,1783242986,2026-07-05T09:16:55Z,2026-07-05T09:16:55Z,2026-07-05T09:16:25Z,2.2,https://gbfs.kappa.fifteen.eu/gbfs/2.2/mobi/en/gbfs.json,https://gbfs.kappa.fifteen.eu/gbfs/2.2/mobi/en/free_bike_status.json,2026-07-05T09:16:54Z,2026-07-05T09:16:54Z
mobi_vancouver,mobi_vancouver_024832ba-99c8-4d03-a113-759145cd0ebf,024832ba-99c8-4d03-a113-759145cd0ebf,49.283343,-123.131099,1,FALSE,FALSE,19200,0050,1783242986,2026-07-05T09:16:55Z,2026-07-05T09:16:55Z,2026-07-05T09:16:25Z,2.2,https://gbfs.kappa.fifteen.eu/gbfs/2.2/mobi/en/gbfs.json,https://gbfs.kappa.fifteen.eu/gbfs/2.2/mobi/en/free_bike_status.json,2026-07-05T09:16:54Z,2026-07-05T09:16:54Z
mobi_vancouver,mobi_vancouver_872ed25c-6789-4d40-b933-49c4ad343176,872ed25c-6789-4d40-b933-49c4ad343176,49.282759,-123.106955,1,FALSE,FALSE,19200,0030,1783242986,2026-07-05T09:16:55Z,2026-07-05T09:16:55Z,2026-07-05T09:16:25Z,2.2,https://gbfs.kappa.fifteen.eu/gbfs/2.2/mobi/en/gbfs.json,https://gbfs.kappa.fifteen.eu/gbfs/2.2/mobi/en/free_bike_status.json,2026-07-05T09:16:54Z,2026-07-05T09:16:54Z
mobi_vancouver,mobi_vancouver_41fa933b-79ad-43dc-958d-08820622a2f6,41fa933b-79ad-43dc-958d-08820622a2f6,49.268269,-123.147885,1,FALSE,FALSE,19200,0076,1783242986,2026-07-05T09:16:55Z,2026-07-05T09:16:55Z,2026-07-05T09:16:25Z,2.2,https://gbfs.kappa.fifteen.eu/gbfs/2.2/mobi/en/gbfs.json,https://gbfs.kappa.fifteen.eu/gbfs/2.2/mobi/en/free_bike_status.json,2026-07-05T09:16:54Z,2026-07-05T09:16:54Z
mobi_vancouver,mobi_vancouver_6daa9573-cb5e-4e2d-8c0f-80775b04cb8b,6daa9573-cb5e-4e2d-8c0f-80775b04cb8b,49.287097,-123.118551,1,FALSE,FALSE,19200,0016,1783242986,2026-07-05T09:16:55Z,2026-07-05T09:16:55Z,2026-07-05T09:16:25Z,2.2,https://gbfs.kappa.fifteen.eu/gbfs/2.2/mobi/en/gbfs.json,https://gbfs.kappa.fifteen.eu/gbfs/2.2/mobi/en/free_bike_status.json,2026-07-05T09:16:54Z,2026-07-05T09:16:54Z
mobi_vancouver,mobi_vancouver_07d9eded-de29-4f37-901d-91b7f0e7e5a2,07d9eded-de29-4f37-901d-91b7f0e7e5a2,49.273471,-123.118016,1,FALSE,FALSE,19200,0017,1783242986,2026-07-05T09:16:55Z,2026-07-05T09:16:55Z,2026-07-05T09:16:25Z,2.2,https://gbfs.kappa.fifteen.eu/gbfs/2.2/mobi/en/gbfs.json,https://gbfs.kappa.fifteen.eu/gbfs/2.2/mobi/en/free_bike_status.json,2026-07-05T09:16:54Z,2026-07-05T09:16:54Z
mobi_vancouver,mobi_vancouver_3102c095-14d0-4933-ab5b-c4bba895a03a,3102c095-14d0-4933-ab5b-c4bba895a03a,49.258429,-123.101766,1,FALSE,FALSE,19200,0134,1783242986,2026-07-05T09:16:55Z,2026-07-05T09:16:55Z,2026-07-05T09:16:25Z,2.2,https://gbfs.kappa.fifteen.eu/gbfs/2.2/mobi/en/gbfs.json,https://gbfs.kappa.fifteen.eu/gbfs/2.2/mobi/en/free_bike_status.json,2026-07-05T09:16:54Z,2026-07-05T09:16:54Z
mobi_vancouver,mobi_vancouver_a88fdd69-35d6-42fc-b421-b6a6e7a0e3b3,a88fdd69-35d6-42fc-b421-b6a6e7a0e3b3,49.266476,-123.109389,1,FALSE,FALSE,19200,0165,1783242986,2026-07-05T09:16:55Z,2026-07-05T09:16:55Z,2026-07-05T09:16:25Z,2.2,https://gbfs.kappa.fifteen.eu/gbfs/2.2/mobi/en/gbfs.json,https://gbfs.kappa.fifteen.eu/gbfs/2.2/mobi/en/free_bike_status.json,2026-07-05T09:16:54Z,2026-07-05T09:16:54Z
mobi_vancouver,mobi_vancouver_9938235f-38ed-409f-a20c-067af46725a0,9938235f-38ed-409f-a20c-067af46725a0,49.27023,-123.10651,1,FALSE,FALSE,19200,0174,1783242986,2026-07-05T09:16:55Z,2026-07-05T09:16:55Z,2026-07-05T09:16:25Z,2.2,https://gbfs.kappa.fifteen.eu/gbfs/2.2/mobi/en/gbfs.json,https://gbfs.kappa.fifteen.eu/gbfs/2.2/mobi/en/free_bike_status.json,2026-07-05T09:16:54Z,2026-07-05T09:16:54Z
mobi_vancouver,mobi_vancouver_2007c58c-a1d2-4ee9-bd4d-bc55530f5aef,2007c58c-a1d2-4ee9-bd4d-bc55530f5aef,49.270721,-123.146175,1,FALSE,FALSE,19200,0108,1783242986,2026-07-05T09:16:55Z,2026-07-05T09:16:55Z,2026-07-05T09:16:25Z,2.2,https://gbfs.kappa.fifteen.eu/gbfs/2.2/mobi/en/gbfs.json,https://gbfs.kappa.fifteen.eu/gbfs/2.2/mobi/en/free_bike_status.json,2026-07-05T09:16:54Z,2026-07-05T09:16:54Z
mobi_vancouver,mobi_vancouver_2c9a4e60-f19b-47a9-8a51-47b3171b348d,2c9a4e60-f19b-47a9-8a51-47b3171b348d,49.27821,-123.136972,1,FALSE,FALSE,19200,0083,1783242986,2026-07-05T09:16:55Z,2026-07-05T09:16:55Z,2026-07-05T09:16:25Z,2.2,https://gbfs.kappa.fifteen.eu/gbfs/2.2/mobi/en/gbfs.json,https://gbfs.kappa.fifteen.eu/gbfs/2.2/mobi/en/free_bike_status.json,2026-07-05T09:16:54Z,2026-07-05T09:16:54Z
mobi_vancouver,mobi_vancouver_7d37f7ad-9e3a-4400-bc3a-cd5b1f15da87,7d37f7ad-9e3a-4400-bc3a-cd5b1f15da87,49.262062,-123.104656,1,FALSE,FALSE,19200,0176,1783242986,2026-07-05T09:16:55Z,2026-07-05T09:16:55Z,2026-07-05T09:16:25Z,2.2,https://gbfs.kappa.fifteen.eu/gbfs/2.2/mobi/en/gbfs.json,https://gbfs.kappa.fifteen.eu/gbfs/2.2/mobi/en/free_bike_status.json,2026-07-05T09:16:54Z,2026-07-05T09:16:54Z
mobi_vancouver,mobi_vancouver_a84f6f87-94d5-4dbf-9491-ab1aa5a9320e,a84f6f87-94d5-4dbf-9491-ab1aa5a9320e,49.297933,-123.130758,1,FALSE,FALSE,19200,0209,1783242986,2026-07-05T09:16:55Z,2026-07-05T09:16:55Z,2026-07-05T09:16:25Z,2.2,https://gbfs.kappa.fifteen.eu/gbfs/2.2/mobi/en/gbfs.json,https://gbfs.kappa.fifteen.eu/gbfs/2.2/mobi/en/free_bike_status.json,2026-07-05T09:16:54Z,2026-07-05T09:16:54Z
mobi_vancouver,mobi_vancouver_b6bc8744-82ce-4d20-872a-4cf0b719a857,b6bc8744-82ce-4d20-872a-4cf0b719a857,49.277595,-123.09583,1,FALSE,FALSE,19200,0212,1783242986,2026-07-05T09:16:55Z,2026-07-05T09:16:55Z,2026-07-05T09:16:25Z,2.2,https://gbfs.kappa.fifteen.eu/gbfs/2.2/mobi/en/gbfs.json,https://gbfs.kappa.fifteen.eu/gbfs/2.2/mobi/en/free_bike_status.json,2026-07-05T09:16:54Z,2026-07-05T09:16:54Z
mobi_vancouver,mobi_vancouver_2f2d0cd7-e4cb-41e4-a168-49cc15ac8773,2f2d0cd7-e4cb-41e4-a168-49cc15ac8773,49.283227,-123.120523,1,FALSE,FALSE,19200,0099,1783242986,2026-07-05T09:16:55Z,2026-07-05T09:16:55Z,2026-07-05T09:16:25Z,2.2,https://gbfs.kappa.fifteen.eu/gbfs/2.2/mobi/en/gbfs.json,https://gbfs.kappa.fifteen.eu/gbfs/2.2/mobi/en/free_bike_status.json,2026-07-05T09:16:54Z,2026-07-05T09:16:54Z
mobi_vancouver,mobi_vancouver_b8dc6f06-8601-4ea3-b2df-023639a3fbf1,b8dc6f06-8601-4ea3-b2df-023639a3fbf1,49.267628,-123.127698,1,FALSE,FALSE,19200,0143,1783242986,2026-07-05T09:16:55Z,2026-07-05T09:16:55Z,2026-07-05T09:16:25Z,2.2,https://gbfs.kappa.fifteen.eu/gbfs/2.2/mobi/en/gbfs.json,https://gbfs.kappa.fifteen.eu/gbfs/2.2/mobi/en/free_bike_status.json,2026-07-05T09:16:54Z,2026-07-05T09:16:54Z
mobi_vancouver,mobi_vancouver_23097202-8c8f-4b0a-9dd1-69a259a254f2,23097202-8c8f-4b0a-9dd1-69a259a254f2,49.261403,-123.070102,1,FALSE,FALSE,19200,0244,1783242986,2026-07-05T09:16:55Z,2026-07-05T09:16:55Z,2026-07-05T09:16:25Z,2.2,https://gbfs.kappa.fifteen.eu/gbfs/2.2/mobi/en/gbfs.json,https://gbfs.kappa.fifteen.eu/gbfs/2.2/mobi/en/free_bike_status.json,2026-07-05T09:16:54Z,2026-07-05T09:16:54Z
mobi_vancouver,mobi_vancouver_c5891e53-90e0-4a74-a1ee-d69a0b4083a5,c5891e53-90e0-4a74-a1ee-d69a0b4083a5,49.277665,-123.073653,1,FALSE,FALSE,19200,0222,1783242986,2026-07-05T09:16:55Z,2026-07-05T09:16:55Z,2026-07-05T09:16:25Z,2.2,https://gbfs.kappa.fifteen.eu/gbfs/2.2/mobi/en/gbfs.json,https://gbfs.kappa.fifteen.eu/gbfs/2.2/mobi/en/free_bike_status.json,2026-07-05T09:16:54Z,2026-07-05T09:16:54Z
mobi_vancouver,mobi_vancouver_77eb6a05-104b-4947-a582-ab8c49d8bfcb,77eb6a05-104b-4947-a582-ab8c49d8bfcb,49.287782,-123.12395,1,FALSE,FALSE,19200,0190,1783242986,2026-07-05T09:16:55Z,2026-07-05T09:16:55Z,2026-07-05T09:16:25Z,2.2,https://gbfs.kappa.fifteen.eu/gbfs/2.2/mobi/en/gbfs.json,https://gbfs.kappa.fifteen.eu/gbfs/2.2/mobi/en/free_bike_status.json,2026-07-05T09:16:54Z,2026-07-05T09:16:54Z
mobi_vancouver,mobi_vancouver_4de846dd-2ff4-4986-a380-9ca92dac289f,4de846dd-2ff4-4986-a380-9ca92dac289f,49.284062,-123.095097,1,FALSE,FALSE,19200,0161,1783242986,2026-07-05T09:16:55Z,2026-07-05T09:16:55Z,2026-07-05T09:16:25Z,2.2,https://gbfs.kappa.fifteen.eu/gbfs/2.2/mobi/en/gbfs.json,https://gbfs.kappa.fifteen.eu/gbfs/2.2/mobi/en/free_bike_status.json,2026-07-05T09:16:54Z,2026-07-05T09:16:54Z
mobi_vancouver,mobi_vancouver_fcef058b-ed3c-4957-a603-5965ab0dd89e,fcef058b-ed3c-4957-a603-5965ab0dd89e,49.277469,-123.081315,1,FALSE,FALSE,19200,0221,1783242986,2026-07-05T09:16:55Z,2026-07-05T09:16:55Z,2026-07-05T09:16:25Z,2.2,https://gbfs.kappa.fifteen.eu/gbfs/2.2/mobi/en/gbfs.json,https://gbfs.kappa.fifteen.eu/gbfs/2.2/mobi/en/free_bike_status.json,2026-07-05T09:16:54Z,2026-07-05T09:16:54Z
mobi_vancouver,mobi_vancouver_530ed9da-8d9a-483e-b801-b1b5c7969b6c,530ed9da-8d9a-483e-b801-b1b5c7969b6c,49.28567,-123.112543,1,FALSE,FALSE,19200,0021,1783242986,2026-07-05T09:16:55Z,2026-07-05T09:16:55Z,2026-07-05T09:16:25Z,2.2,https://gbfs.kappa.fifteen.eu/gbfs/2.2/mobi/en/gbfs.json,https://gbfs.kappa.fifteen.eu/gbfs/2.2/mobi/en/free_bike_status.json,2026-07-05T09:16:54Z,2026-07-05T09:16:54Z
mobi_vancouver,mobi_vancouver_132e6db8-83a3-4041-9282-9afccebce8eb,132e6db8-83a3-4041-9282-9afccebce8eb,49.262141,-123.101961,1,FALSE,FALSE,19200,0074,1783242986,2026-07-05T09:16:55Z,2026-07-05T09:16:55Z,2026-07-05T09:16:25Z,2.2,https://gbfs.kappa.fifteen.eu/gbfs/2.2/mobi/en/gbfs.json,https://gbfs.kappa.fifteen.eu/gbfs/2.2/mobi/en/free_bike_status.json,2026-07-05T09:16:54Z,2026-07-05T09:16:54Z
mobi_vancouver,mobi_vancouver_e08ed8c0-ffaf-484a-9725-7ac16fa71124,e08ed8c0-ffaf-484a-9725-7ac16fa71124,49.280284,-123.097052,1,FALSE,FALSE,19200,0213,1783242986,2026-07-05T09:16:55Z,2026-07-05T09:16:55Z,2026-07-05T09:16:25Z,2.2,https://gbfs.kappa.fifteen.eu/gbfs/2.2/mobi/en/gbfs.json,https://gbfs.kappa.fifteen.eu/gbfs/2.2/mobi/en/free_bike_status.json,2026-07-05T09:16:54Z,2026-07-05T09:16:54Z
mobi_vancouver,mobi_vancouver_2dcdde52-bcf7-45c9-bfb3-7c80d4eab5b8,2dcdde52-bcf7-45c9-bfb3-7c80d4eab5b8,49.280332,-123.070068,1,FALSE,FALSE,19200,0224,1783242986,2026-07-05T09:16:55Z,2026-07-05T09:16:55Z,2026-07-05T09:16:25Z,2.2,https://gbfs.kappa.fifteen.eu/gbfs/2.2/mobi/en/gbfs.json,https://gbfs.kappa.fifteen.eu/gbfs/2.2/mobi/en/free_bike_status.json,2026-07-05T09:16:54Z,2026-07-05T09:16:54Z
mobi_vancouver,mobi_vancouver_2c0184eb-daf7-491c-95cb-435f201c63a4,2c0184eb-daf7-491c-95cb-435f201c63a4,49.280881,-123.130672,1,FALSE,FALSE,19200,0126,1783242986,2026-07-05T09:16:55Z,2026-07-05T09:16:55Z,2026-07-05T09:16:25Z,2.2,https://gbfs.kappa.fifteen.eu/gbfs/2.2/mobi/en/gbfs.json,https://gbfs.kappa.fifteen.eu/gbfs/2.2/mobi/en/free_bike_status.json,2026-07-05T09:16:54Z,2026-07-05T09:16:54Z
mobi_vancouver,mobi_vancouver_3ffddeb9-b71d-4c49-ae1f-a3b15959b7de,3ffddeb9-b71d-4c49-ae1f-a3b15959b7de,49.283986,-123.065264,1,FALSE,FALSE,19200,0280,1783242986,2026-07-05T09:16:55Z,2026-07-05T09:16:55Z,2026-07-05T09:16:25Z,2.2,https://gbfs.kappa.fifteen.eu/gbfs/2.2/mobi/en/gbfs.json,https://gbfs.kappa.fifteen.eu/gbfs/2.2/mobi/en/free_bike_status.json,2026-07-05T09:16:54Z,2026-07-05T09:16:54Z
mobi_vancouver,mobi_vancouver_8866b814-3f83-4621-a6ec-2458bfc76357,8866b814-3f83-4621-a6ec-2458bfc76357,49.283236,-123.070443,1,FALSE,FALSE,19200,0285,1783242986,2026-07-05T09:16:55Z,2026-07-05T09:16:55Z,2026-07-05T09:16:25Z,2.2,https://gbfs.kappa.fifteen.eu/gbfs/2.2/mobi/en/gbfs.json,https://gbfs.kappa.fifteen.eu/gbfs/2.2/mobi/en/free_bike_status.json,2026-07-05T09:16:54Z,2026-07-05T09:16:54Z
mobi_vancouver,mobi_vancouver_65663cd5-b8f2-4118-9b5f-d47ac5b93882,65663cd5-b8f2-4118-9b5f-d47ac5b93882,49.256694,-123.096579,1,FALSE,FALSE,19200,0256,1783242986,2026-07-05T09:16:55Z,2026-07-05T09:16:55Z,2026-07-05T09:16:25Z,2.2,https://gbfs.kappa.fifteen.eu/gbfs/2.2/mobi/en/gbfs.json,https://gbfs.kappa.fifteen.eu/gbfs/2.2/mobi/en/free_bike_status.json,2026-07-05T09:16:54Z,2026-07-05T09:16:54Z
mobi_vancouver,mobi_vancouver_78a2fbe6-860b-4110-9492-c1c5800929d8,78a2fbe6-860b-4110-9492-c1c5800929d8,49.27033,-123.10275,1,FALSE,FALSE,19200,0177,1783242986,2026-07-05T09:16:55Z,2026-07-05T09:16:55Z,2026-07-05T09:16:25Z,2.2,https://gbfs.kappa.fifteen.eu/gbfs/2.2/mobi/en/gbfs.json,https://gbfs.kappa.fifteen.eu/gbfs/2.2/mobi/en/free_bike_status.json,2026-07-05T09:16:54Z,2026-07-05T09:16:54Z
mobi_vancouver,mobi_vancouver_ff22bc0c-5e93-4a3f-910a-03d0296b570f,ff22bc0c-5e93-4a3f-910a-03d0296b570f,49.265198,-123.131043,1,FALSE,FALSE,19200,0192,1783242986,2026-07-05T09:16:55Z,2026-07-05T09:16:55Z,2026-07-05T09:16:25Z,2.2,https://gbfs.kappa.fifteen.eu/gbfs/2.2/mobi/en/gbfs.json,https://gbfs.kappa.fifteen.eu/gbfs/2.2/mobi/en/free_bike_status.json,2026-07-05T09:16:54Z,2026-07-05T09:16:54Z
mobi_vancouver,mobi_vancouver_093b79ed-2ba9-4acc-8cd7-af69c0264e3b,093b79ed-2ba9-4acc-8cd7-af69c0264e3b,49.279235,-123.087528,1,FALSE,FALSE,19200,0228,1783242986,2026-07-05T09:16:55Z,2026-07-05T09:16:55Z,2026-07-05T09:16:25Z,2.2,https://gbfs.kappa.fifteen.eu/gbfs/2.2/mobi/en/gbfs.json,https://gbfs.kappa.fifteen.eu/gbfs/2.2/mobi/en/free_bike_status.json,2026-07-05T09:16:54Z,2026-07-05T09:16:54Z
mobi_vancouver,mobi_vancouver_f882d9c0-8667-44d6-bb84-1096b7735ac8,f882d9c0-8667-44d6-bb84-1096b7735ac8,49.277615,-123.091654,1,FALSE,FALSE,19200,0215,1783242986,2026-07-05T09:16:55Z,2026-07-05T09:16:55Z,2026-07-05T09:16:25Z,2.2,https://gbfs.kappa.fifteen.eu/gbfs/2.2/mobi/en/gbfs.json,https://gbfs.kappa.fifteen.eu/gbfs/2.2/mobi/en/free_bike_status.json,2026-07-05T09:16:54Z,2026-07-05T09:16:54Z
mobi_vancouver,mobi_vancouver_18e075d7-464c-4ea5-9111-d592b64b40d6,18e075d7-464c-4ea5-9111-d592b64b40d6,49.284893,-123.128685,1,FALSE,FALSE,19200,0300,1783242986,2026-07-05T09:16:55Z,2026-07-05T09:16:55Z,2026-07-05T09:16:25Z,2.2,https://gbfs.kappa.fifteen.eu/gbfs/2.2/mobi/en/gbfs.json,https://gbfs.kappa.fifteen.eu/gbfs/2.2/mobi/en/free_bike_status.json,2026-07-05T09:16:54Z,2026-07-05T09:16:54Z
mobi_vancouver,mobi_vancouver_badb379f-02a3-4951-8c9e-312909c782cf,badb379f-02a3-4951-8c9e-312909c782cf,49.279259,-123.119145,1,FALSE,FALSE,19200,0124,1783242986,2026-07-05T09:16:55Z,2026-07-05T09:16:55Z,2026-07-05T09:16:25Z,2.2,https://gbfs.kappa.fifteen.eu/gbfs/2.2/mobi/en/gbfs.json,https://gbfs.kappa.fifteen.eu/gbfs/2.2/mobi/en/free_bike_status.json,2026-07-05T09:16:54Z,2026-07-05T09:16:54Z
mobi_vancouver,mobi_vancouver_d490f03a-6f5e-42ce-ab6a-19f7a2ecc9d6,d490f03a-6f5e-42ce-ab6a-19f7a2ecc9d6,49.286646,-123.129232,1,FALSE,FALSE,19200,0310,1783242986,2026-07-05T09:16:55Z,2026-07-05T09:16:55Z,2026-07-05T09:16:25Z,2.2,https://gbfs.kappa.fifteen.eu/gbfs/2.2/mobi/en/gbfs.json,https://gbfs.kappa.fifteen.eu/gbfs/2.2/mobi/en/free_bike_status.json,2026-07-05T09:16:54Z,2026-07-05T09:16:54Z
mobi_vancouver,mobi_vancouver_6d93078b-3105-462a-93ff-08d70ce02bb4,6d93078b-3105-462a-93ff-08d70ce02bb4,49.271471,-123.17731,1,FALSE,FALSE,19200,0440,1783242986,2026-07-05T09:16:55Z,2026-07-05T09:16:55Z,2026-07-05T09:16:25Z,2.2,https://gbfs.kappa.fifteen.eu/gbfs/2.2/mobi/en/gbfs.json,https://gbfs.kappa.fifteen.eu/gbfs/2.2/mobi/en/free_bike_status.json,2026-07-05T09:16:54Z,2026-07-05T09:16:54Z
mobi_vancouver,mobi_vancouver_41e9bd08-255d-41e0-b8c3-635f6dbe1945,41e9bd08-255d-41e0-b8c3-635f6dbe1945,49.264928,-123.168068,1,FALSE,FALSE,19200,0452,1783242986,2026-07-05T09:16:55Z,2026-07-05T09:16:55Z,2026-07-05T09:16:25Z,2.2,https://gbfs.kappa.fifteen.eu/gbfs/2.2/mobi/en/gbfs.json,https://gbfs.kappa.fifteen.eu/gbfs/2.2/mobi/en/free_bike_status.json,2026-07-05T09:16:54Z,2026-07-05T09:16:54Z
mobi_vancouver,mobi_vancouver_5d483fff-2a23-432e-bd15-ce18dbc31299,5d483fff-2a23-432e-bd15-ce18dbc31299,49.245135,-123.116098,2,FALSE,FALSE,19200,0526,1783242986,2026-07-05T09:16:55Z,2026-07-05T09:16:55Z,2026-07-05T09:16:25Z,2.2,https://gbfs.kappa.fifteen.eu/gbfs/2.2/mobi/en/gbfs.json,https://gbfs.kappa.fifteen.eu/gbfs/2.2/mobi/en/free_bike_status.json,2026-07-05T09:16:54Z,2026-07-05T09:16:54Z
mobi_vancouver,mobi_vancouver_e9ea3a77-0e54-4e8a-8bfd-7f218c70ee23,e9ea3a77-0e54-4e8a-8bfd-7f218c70ee23,49.249722,-123.104991,2,FALSE,FALSE,19200,0554,1783242986,2026-07-05T09:16:55Z,2026-07-05T09:16:55Z,2026-07-05T09:16:25Z,2.2,https://gbfs.kappa.fifteen.eu/gbfs/2.2/mobi/en/gbfs.json,https://gbfs.kappa.fifteen.eu/gbfs/2.2/mobi/en/free_bike_status.json,2026-07-05T09:16:54Z,2026-07-05T09:16:54Z
mobi_vancouver,mobi_vancouver_46aff015-4472-48e8-9f1f-0facf82d8e2b,46aff015-4472-48e8-9f1f-0facf82d8e2b,49.287464,-123.060771,1,FALSE,FALSE,19200,0611,1783242986,2026-07-05T09:16:55Z,2026-07-05T09:16:55Z,2026-07-05T09:16:25Z,2.2,https://gbfs.kappa.fifteen.eu/gbfs/2.2/mobi/en/gbfs.json,https://gbfs.kappa.fifteen.eu/gbfs/2.2/mobi/en/free_bike_status.json,2026-07-05T09:16:54Z,2026-07-05T09:16:54Z
mobi_vancouver,mobi_vancouver_4f3998a0-8cb1-435a-8ab2-78a878bc2534,4f3998a0-8cb1-435a-8ab2-78a878bc2534,49.263073,-123.254307,1,FALSE,FALSE,19200,2114,1783242986,2026-07-05T09:16:55Z,2026-07-05T09:16:55Z,2026-07-05T09:16:25Z,2.2,https://gbfs.kappa.fifteen.eu/gbfs/2.2/mobi/en/gbfs.json,https://gbfs.kappa.fifteen.eu/gbfs/2.2/mobi/en/free_bike_status.json,2026-07-05T09:16:54Z,2026-07-05T09:16:54Z
mobi_vancouver,mobi_vancouver_81b8ebe0-a7ce-4d13-adb6-e3058d49857d,81b8ebe0-a7ce-4d13-adb6-e3058d49857d,49.263073,-123.254307,1,FALSE,FALSE,19200,2114,1783242986,2026-07-05T09:16:55Z,2026-07-05T09:16:55Z,2026-07-05T09:16:25Z,2.2,https://gbfs.kappa.fifteen.eu/gbfs/2.2/mobi/en/gbfs.json,https://gbfs.kappa.fifteen.eu/gbfs/2.2/mobi/en/free_bike_status.json,2026-07-05T09:16:54Z,2026-07-05T09:16:54Z
mobi_vancouver,mobi_vancouver_9fd70dd0-f5be-483d-b4c4-e218627a57ff,9fd70dd0-f5be-483d-b4c4-e218627a57ff,49.25478,-123.23621,1,FALSE,FALSE,19200,2252,1783242986,2026-07-05T09:16:55Z,2026-07-05T09:16:55Z,2026-07-05T09:16:25Z,2.2,https://gbfs.kappa.fifteen.eu/gbfs/2.2/mobi/en/gbfs.json,https://gbfs.kappa.fifteen.eu/gbfs/2.2/mobi/en/free_bike_status.json,2026-07-05T09:16:54Z,2026-07-05T09:16:54Z
mobi_vancouver,mobi_vancouver_7bc21a8c-dc70-4220-91d3-e7782fb811de,7bc21a8c-dc70-4220-91d3-e7782fb811de,49.261655,-123.241924,1,FALSE,FALSE,19200,2157,1783242986,2026-07-05T09:16:55Z,2026-07-05T09:16:55Z,2026-07-05T09:16:25Z,2.2,https://gbfs.kappa.fifteen.eu/gbfs/2.2/mobi/en/gbfs.json,https://gbfs.kappa.fifteen.eu/gbfs/2.2/mobi/en/free_bike_status.json,2026-07-05T09:16:54Z,2026-07-05T09:16:54Z
mobi_vancouver,mobi_vancouver_0ce28cb3-7d77-4f91-b236-a16da40ce110,0ce28cb3-7d77-4f91-b236-a16da40ce110,49.2661,-123.24568,1,FALSE,FALSE,19200,2154,1783242986,2026-07-05T09:16:55Z,2026-07-05T09:16:55Z,2026-07-05T09:16:25Z,2.2,https://gbfs.kappa.fifteen.eu/gbfs/2.2/mobi/en/gbfs.json,https://gbfs.kappa.fifteen.eu/gbfs/2.2/mobi/en/free_bike_status.json,2026-07-05T09:16:54Z,2026-07-05T09:16:54Z
mobi_vancouver,mobi_vancouver_09d1d121-5fd3-4aed-b799-d0058495ca48,09d1d121-5fd3-4aed-b799-d0058495ca48,49.261736,-123.24648,1,FALSE,FALSE,19200,2136,1783242986,2026-07-05T09:16:55Z,2026-07-05T09:16:55Z,2026-07-05T09:16:25Z,2.2,https://gbfs.kappa.fifteen.eu/gbfs/2.2/mobi/en/gbfs.json,https://gbfs.kappa.fifteen.eu/gbfs/2.2/mobi/en/free_bike_status.json,2026-07-05T09:16:54Z,2026-07-05T09:16:54Z
mobi_vancouver,mobi_vancouver_dd3a10c1-ffe8-4525-8e15-fbc409db6edd,dd3a10c1-ffe8-4525-8e15-fbc409db6edd,49.270877,-123.115103,1,FALSE,FALSE,19600,0009,1783242986,2026-07-05T09:16:55Z,2026-07-05T09:16:55Z,2026-07-05T09:16:25Z,2.2,https://gbfs.kappa.fifteen.eu/gbfs/2.2/mobi/en/gbfs.json,https://gbfs.kappa.fifteen.eu/gbfs/2.2/mobi/en/free_bike_status.json,2026-07-05T09:16:54Z,2026-07-05T09:16:54Z
mobi_vancouver,mobi_vancouver_b6553dd2-4d81-40d8-999c-08cd4aef8aa3,b6553dd2-4d81-40d8-999c-08cd4aef8aa3,49.262487,-123.114397,1,FALSE,FALSE,19600,0001,1783242986,2026-07-05T09:16:55Z,2026-07-05T09:16:55Z,2026-07-05T09:16:25Z,2.2,https://gbfs.kappa.fifteen.eu/gbfs/2.2/mobi/en/gbfs.json,https://gbfs.kappa.fifteen.eu/gbfs/2.2/mobi/en/free_bike_status.json,2026-07-05T09:16:54Z,2026-07-05T09:16:54Z
mobi_vancouver,mobi_vancouver_28103ba1-5b4f-4a44-9af1-182be07ba1f6,28103ba1-5b4f-4a44-9af1-182be07ba1f6,49.279764,-123.110154,1,FALSE,FALSE,19600,0005,1783242986,2026-07-05T09:16:55Z,2026-07-05T09:16:55Z,2026-07-05T09:16:25Z,2.2,https://gbfs.kappa.fifteen.eu/gbfs/2.2/mobi/en/gbfs.json,https://gbfs.kappa.fifteen.eu/gbfs/2.2/mobi/en/free_bike_status.json,2026-07-05T09:16:54Z,2026-07-05T09:16:54Z
mobi_vancouver,mobi_vancouver_c90c2288-16fe-4792-9270-3d4a40eccc38,c90c2288-16fe-4792-9270-3d4a40eccc38,49.264215,-123.117772,1,FALSE,FALSE,19600,0008,1783242986,2026-07-05T09:16:55Z,2026-07-05T09:16:55Z,2026-07-05T09:16:25Z,2.2,https://gbfs.kappa.fifteen.eu/gbfs/2.2/mobi/en/gbfs.json,https://gbfs.kappa.fifteen.eu/gbfs/2.2/mobi/en/free_bike_status.json,2026-07-05T09:16:54Z,2026-07-05T09:16:54Z
mobi_vancouver,mobi_vancouver_45086870-5d7e-4e98-877a-da43087ad4a4,45086870-5d7e-4e98-877a-da43087ad4a4,49.260599,-123.113504,1,FALSE,FALSE,19600,0007,1783242986,2026-07-05T09:16:55Z,2026-07-05T09:16:55Z,2026-07-05T09:16:25Z,2.2,https://gbfs.kappa.fifteen.eu/gbfs/2.2/mobi/en/gbfs.json,https://gbfs.kappa.fifteen.eu/gbfs/2.2/mobi/en/free_bike_status.json,2026-07-05T09:16:54Z,2026-07-05T09:16:54Z
mobi_vancouver,mobi_vancouver_a0002182-648f-4ae2-810b-ce22a864b25d,a0002182-648f-4ae2-810b-ce22a864b25d,49.28803,-123.142135,1,FALSE,FALSE,19600,0031,1783242986,2026-07-05T09:16:55Z,2026-07-05T09:16:55Z,2026-07-05T09:16:25Z,2.2,https://gbfs.kappa.fifteen.eu/gbfs/2.2/mobi/en/gbfs.json,https://gbfs.kappa.fifteen.eu/gbfs/2.2/mobi/en/free_bike_status.json,2026-07-05T09:16:54Z,2026-07-05T09:16:54Z
mobi_vancouver,mobi_vancouver_ec65bb15-6d68-40a4-89f6-25538a261da4,ec65bb15-6d68-40a4-89f6-25538a261da4,49.28062,-123.12482,1,FALSE,FALSE,19600,0037,1783242986,2026-07-05T09:16:55Z,2026-07-05T09:16:55Z,2026-07-05T09:16:25Z,2.2,https://gbfs.kappa.fifteen.eu/gbfs/2.2/mobi/en/gbfs.json,https://gbfs.kappa.fifteen.eu/gbfs/2.2/mobi/en/free_bike_status.json,2026-07-05T09:16:54Z,2026-07-05T09:16:54Z
mobi_vancouver,mobi_vancouver_038168ba-907a-41d7-a5b8-7bd8d7016fa6,038168ba-907a-41d7-a5b8-7bd8d7016fa6,49.28062,-123.12482,1,FALSE,FALSE,19600,0037,1783242986,2026-07-05T09:16:55Z,2026-07-05T09:16:55Z,2026-07-05T09:16:25Z,2.2,https://gbfs.kappa.fifteen.eu/gbfs/2.2/mobi/en/gbfs.json,https://gbfs.kappa.fifteen.eu/gbfs/2.2/mobi/en/free_bike_status.json,2026-07-05T09:16:54Z,2026-07-05T09:16:54Z
mobi_vancouver,mobi_vancouver_b84c01d0-6a4b-4436-9a81-78c978aefb55,b84c01d0-6a4b-4436-9a81-78c978aefb55,49.283343,-123.131099,1,FALSE,FALSE,19600,0050,1783242986,2026-07-05T09:16:55Z,2026-07-05T09:16:55Z,2026-07-05T09:16:25Z,2.2,https://gbfs.kappa.fifteen.eu/gbfs/2.2/mobi/en/gbfs.json,https://gbfs.kappa.fifteen.eu/gbfs/2.2/mobi/en/free_bike_status.json,2026-07-05T09:16:54Z,2026-07-05T09:16:54Z
mobi_vancouver,mobi_vancouver_982807e3-96e8-453b-989a-0b6559cd8287,982807e3-96e8-453b-989a-0b6559cd8287,49.28026,-123.135244,1,FALSE,FALSE,19600,0088,1783242986,2026-07-05T09:16:55Z,2026-07-05T09:16:55Z,2026-07-05T09:16:25Z,2.2,https://gbfs.kappa.fifteen.eu/gbfs/2.2/mobi/en/gbfs.json,https://gbfs.kappa.fifteen.eu/gbfs/2.2/mobi/en/free_bike_status.json,2026-07-05T09:16:54Z,2026-07-05T09:16:54Z
mobi_vancouver,mobi_vancouver_4f9302f3-74cd-4fe8-aa80-ab5455d1d405,4f9302f3-74cd-4fe8-aa80-ab5455d1d405,49.276436,-123.11877,1,FALSE,FALSE,19600,0078,1783242986,2026-07-05T09:16:55Z,2026-07-05T09:16:55Z,2026-07-05T09:16:25Z,2.2,https://gbfs.kappa.fifteen.eu/gbfs/2.2/mobi/en/gbfs.json,https://gbfs.kappa.fifteen.eu/gbfs/2.2/mobi/en/free_bike_status.json,2026-07-05T09:16:54Z,2026-07-05T09:16:54Z
mobi_vancouver,mobi_vancouver_6b776c19-6f76-4409-9666-80af9ebeeb08,6b776c19-6f76-4409-9666-80af9ebeeb08,49.291909,-123.140713,2,FALSE,FALSE,19600,0092,1783242986,2026-07-05T09:16:55Z,2026-07-05T09:16:55Z,2026-07-05T09:16:25Z,2.2,https://gbfs.kappa.fifteen.eu/gbfs/2.2/mobi/en/gbfs.json,https://gbfs.kappa.fifteen.eu/gbfs/2.2/mobi/en/free_bike_status.json,2026-07-05T09:16:54Z,2026-07-05T09:16:54Z
mobi_vancouver,mobi_vancouver_c836579f-0375-4689-9cde-04430b6aa272,c836579f-0375-4689-9cde-04430b6aa272,49.284157,-123.099917,1,FALSE,FALSE,19600,0150,1783242986,2026-07-05T09:16:55Z,2026-07-05T09:16:55Z,2026-07-05T09:16:25Z,2.2,https://gbfs.kappa.fifteen.eu/gbfs/2.2/mobi/en/gbfs.json,https://gbfs.kappa.fifteen.eu/gbfs/2.2/mobi/en/free_bike_status.json,2026-07-05T09:16:54Z,2026-07-05T09:16:54Z
mobi_vancouver,mobi_vancouver_39c97e4f-a412-407c-a81e-8d8df215bc87,39c97e4f-a412-407c-a81e-8d8df215bc87,49.279342,-123.101822,1,FALSE,FALSE,19600,0055,1783242986,2026-07-05T09:16:55Z,2026-07-05T09:16:55Z,2026-07-05T09:16:25Z,2.2,https://gbfs.kappa.fifteen.eu/gbfs/2.2/mobi/en/gbfs.json,https://gbfs.kappa.fifteen.eu/gbfs/2.2/mobi/en/free_bike_status.json,2026-07-05T09:16:54Z,2026-07-05T09:16:54Z
mobi_vancouver,mobi_vancouver_1b48c9f8-6d40-4e4f-b361-d68851981261,1b48c9f8-6d40-4e4f-b361-d68851981261,49.273355,-123.154493,1,FALSE,FALSE,19600,0154,1783242986,2026-07-05T09:16:55Z,2026-07-05T09:16:55Z,2026-07-05T09:16:25Z,2.2,https://gbfs.kappa.fifteen.eu/gbfs/2.2/mobi/en/gbfs.json,https://gbfs.kappa.fifteen.eu/gbfs/2.2/mobi/en/free_bike_status.json,2026-07-05T09:16:54Z,2026-07-05T09:16:54Z
mobi_vancouver,mobi_vancouver_8a30df64-c488-4d21-9bb3-08a7f0976f9f,8a30df64-c488-4d21-9bb3-08a7f0976f9f,49.273355,-123.154493,1,FALSE,FALSE,19600,0154,1783242986,2026-07-05T09:16:55Z,2026-07-05T09:16:55Z,2026-07-05T09:16:25Z,2.2,https://gbfs.kappa.fifteen.eu/gbfs/2.2/mobi/en/gbfs.json,https://gbfs.kappa.fifteen.eu/gbfs/2.2/mobi/en/free_bike_status.json,2026-07-05T09:16:54Z,2026-07-05T09:16:54Z
mobi_vancouver,mobi_vancouver_4df9f137-944e-40ae-9502-4876cdf3350b,4df9f137-944e-40ae-9502-4876cdf3350b,49.277178,-123.13,2,FALSE,FALSE,19600,0196,1783242986,2026-07-05T09:16:55Z,2026-07-05T09:16:55Z,2026-07-05T09:16:25Z,2.2,https://gbfs.kappa.fifteen.eu/gbfs/2.2/mobi/en/gbfs.json,https://gbfs.kappa.fifteen.eu/gbfs/2.2/mobi/en/free_bike_status.json,2026-07-05T09:16:54Z,2026-07-05T09:16:54Z
mobi_vancouver,mobi_vancouver_55020d17-a4f7-44ed-8ab0-1b014c618105,55020d17-a4f7-44ed-8ab0-1b014c618105,49.25849,-123.104799,1,FALSE,FALSE,19600,0132,1783242986,2026-07-05T09:16:55Z,2026-07-05T09:16:55Z,2026-07-05T09:16:25Z,2.2,https://gbfs.kappa.fifteen.eu/gbfs/2.2/mobi/en/gbfs.json,https://gbfs.kappa.fifteen.eu/gbfs/2.2/mobi/en/free_bike_status.json,2026-07-05T09:16:54Z,2026-07-05T09:16:54Z
mobi_vancouver,mobi_vancouver_c9b281b1-2152-4833-b7a9-9e00409fc81e,c9b281b1-2152-4833-b7a9-9e00409fc81e,49.29534,-123.150433,1,FALSE,FALSE,19600,0102,1783242986,2026-07-05T09:16:55Z,2026-07-05T09:16:55Z,2026-07-05T09:16:25Z,2.2,https://gbfs.kappa.fifteen.eu/gbfs/2.2/mobi/en/gbfs.json,https://gbfs.kappa.fifteen.eu/gbfs/2.2/mobi/en/free_bike_status.json,2026-07-05T09:16:54Z,2026-07-05T09:16:54Z
mobi_vancouver,mobi_vancouver_e24d6346-3cc7-472e-a1b5-c263f6f93ec4,e24d6346-3cc7-472e-a1b5-c263f6f93ec4,49.266774,-123.141135,1,FALSE,FALSE,19600,0153,1783242986,2026-07-05T09:16:55Z,2026-07-05T09:16:55Z,2026-07-05T09:16:25Z,2.2,https://gbfs.kappa.fifteen.eu/gbfs/2.2/mobi/en/gbfs.json,https://gbfs.kappa.fifteen.eu/gbfs/2.2/mobi/en/free_bike_status.json,2026-07-05T09:16:54Z,2026-07-05T09:16:54Z
mobi_vancouver,mobi_vancouver_1601dbdd-2b57-401f-92ca-fc70dc5bf10a,1601dbdd-2b57-401f-92ca-fc70dc5bf10a,49.267859,-123.145782,1,FALSE,FALSE,19600,0139,1783242986,2026-07-05T09:16:55Z,2026-07-05T09:16:55Z,2026-07-05T09:16:25Z,2.2,https://gbfs.kappa.fifteen.eu/gbfs/2.2/mobi/en/gbfs.json,https://gbfs.kappa.fifteen.eu/gbfs/2.2/mobi/en/free_bike_status.json,2026-07-05T09:16:54Z,2026-07-05T09:16:54Z
mobi_vancouver,mobi_vancouver_e718229e-6a43-45d0-a998-9426a2b1e1ff,e718229e-6a43-45d0-a998-9426a2b1e1ff,49.262242,-123.081459,1,FALSE,FALSE,19600,0246,1783242986,2026-07-05T09:16:55Z,2026-07-05T09:16:55Z,2026-07-05T09:16:25Z,2.2,https://gbfs.kappa.fifteen.eu/gbfs/2.2/mobi/en/gbfs.json,https://gbfs.kappa.fifteen.eu/gbfs/2.2/mobi/en/free_bike_status.json,2026-07-05T09:16:54Z,2026-07-05T09:16:54Z
mobi_vancouver,mobi_vancouver_920076d7-1017-4909-8986-aedd30aea7cc,920076d7-1017-4909-8986-aedd30aea7cc,49.261403,-123.070102,1,FALSE,FALSE,19600,0244,1783242986,2026-07-05T09:16:55Z,2026-07-05T09:16:55Z,2026-07-05T09:16:25Z,2.2,https://gbfs.kappa.fifteen.eu/gbfs/2.2/mobi/en/gbfs.json,https://gbfs.kappa.fifteen.eu/gbfs/2.2/mobi/en/free_bike_status.json,2026-07-05T09:16:54Z,2026-07-05T09:16:54Z
mobi_vancouver,mobi_vancouver_8365501a-f78a-43e9-9453-c0f8999cbea7,8365501a-f78a-43e9-9453-c0f8999cbea7,49.268616,-123.069908,1,FALSE,FALSE,19600,0240,1783242986,2026-07-05T09:16:55Z,2026-07-05T09:16:55Z,2026-07-05T09:16:25Z,2.2,https://gbfs.kappa.fifteen.eu/gbfs/2.2/mobi/en/gbfs.json,https://gbfs.kappa.fifteen.eu/gbfs/2.2/mobi/en/free_bike_status.json,2026-07-05T09:16:54Z,2026-07-05T09:16:54Z
mobi_vancouver,mobi_vancouver_99efade8-9b27-467f-8988-a2ba117eb974,99efade8-9b27-467f-8988-a2ba117eb974,49.277665,-123.073653,1,FALSE,FALSE,19600,0222,1783242986,2026-07-05T09:16:55Z,2026-07-05T09:16:55Z,2026-07-05T09:16:25Z,2.2,https://gbfs.kappa.fifteen.eu/gbfs/2.2/mobi/en/gbfs.json,https://gbfs.kappa.fifteen.eu/gbfs/2.2/mobi/en/free_bike_status.json,2026-07-05T09:16:54Z,2026-07-05T09:16:54Z
mobi_vancouver,mobi_vancouver_165bf1d0-4293-42d9-b71f-c5fc0b8d841c,165bf1d0-4293-42d9-b71f-c5fc0b8d841c,49.277436,-123.070427,1,FALSE,FALSE,19600,0223,1783242986,2026-07-05T09:16:55Z,2026-07-05T09:16:55Z,2026-07-05T09:16:25Z,2.2,https://gbfs.kappa.fifteen.eu/gbfs/2.2/mobi/en/gbfs.json,https://gbfs.kappa.fifteen.eu/gbfs/2.2/mobi/en/free_bike_status.json,2026-07-05T09:16:54Z,2026-07-05T09:16:54Z
mobi_vancouver,mobi_vancouver_085a5088-b6c0-427d-96fb-575652f3e8b8,085a5088-b6c0-427d-96fb-575652f3e8b8,49.283992,-123.091206,1,FALSE,FALSE,19600,0230,1783242986,2026-07-05T09:16:55Z,2026-07-05T09:16:55Z,2026-07-05T09:16:25Z,2.2,https://gbfs.kappa.fifteen.eu/gbfs/2.2/mobi/en/gbfs.json,https://gbfs.kappa.fifteen.eu/gbfs/2.2/mobi/en/free_bike_status.json,2026-07-05T09:16:54Z,2026-07-05T09:16:54Z
mobi_vancouver,mobi_vancouver_6c36bf89-98cf-444f-b1a3-ab7ed231a3e7,6c36bf89-98cf-444f-b1a3-ab7ed231a3e7,49.283992,-123.091206,1,FALSE,FALSE,19600,0230,1783242986,2026-07-05T09:16:55Z,2026-07-05T09:16:55Z,2026-07-05T09:16:25Z,2.2,https://gbfs.kappa.fifteen.eu/gbfs/2.2/mobi/en/gbfs.json,https://gbfs.kappa.fifteen.eu/gbfs/2.2/mobi/en/free_bike_status.json,2026-07-05T09:16:54Z,2026-07-05T09:16:54Z
mobi_vancouver,mobi_vancouver_a802ebc6-fcfa-4273-a385-de7169cddd3e,a802ebc6-fcfa-4273-a385-de7169cddd3e,49.264466,-123.085183,1,FALSE,FALSE,19600,0266,1783242986,2026-07-05T09:16:55Z,2026-07-05T09:16:55Z,2026-07-05T09:16:25Z,2.2,https://gbfs.kappa.fifteen.eu/gbfs/2.2/mobi/en/gbfs.json,https://gbfs.kappa.fifteen.eu/gbfs/2.2/mobi/en/free_bike_status.json,2026-07-05T09:16:54Z,2026-07-05T09:16:54Z
mobi_vancouver,mobi_vancouver_bbc8b6c9-8826-4599-96fa-13f73b4d40cf,bbc8b6c9-8826-4599-96fa-13f73b4d40cf,49.263518,-123.09568,1,FALSE,FALSE,19600,0262,1783242986,2026-07-05T09:16:55Z,2026-07-05T09:16:55Z,2026-07-05T09:16:25Z,2.2,https://gbfs.kappa.fifteen.eu/gbfs/2.2/mobi/en/gbfs.json,https://gbfs.kappa.fifteen.eu/gbfs/2.2/mobi/en/free_bike_status.json,2026-07-05T09:16:54Z,2026-07-05T09:16:54Z
mobi_vancouver,mobi_vancouver_3c829fc5-e977-4b09-933c-6433c9ce8632,3c829fc5-e977-4b09-933c-6433c9ce8632,49.267266,-123.090786,1,FALSE,FALSE,19600,0287,1783242986,2026-07-05T09:16:55Z,2026-07-05T09:16:55Z,2026-07-05T09:16:25Z,2.2,https://gbfs.kappa.fifteen.eu/gbfs/2.2/mobi/en/gbfs.json,https://gbfs.kappa.fifteen.eu/gbfs/2.2/mobi/en/free_bike_status.json,2026-07-05T09:16:54Z,2026-07-05T09:16:54Z
mobi_vancouver,mobi_vancouver_58ba4117-eaf0-45e9-befc-b7235677c3d5,58ba4117-eaf0-45e9-befc-b7235677c3d5,49.266751,-123.073501,1,FALSE,FALSE,19600,0250,1783242986,2026-07-05T09:16:55Z,2026-07-05T09:16:55Z,2026-07-05T09:16:25Z,2.2,https://gbfs.kappa.fifteen.eu/gbfs/2.2/mobi/en/gbfs.json,https://gbfs.kappa.fifteen.eu/gbfs/2.2/mobi/en/free_bike_status.json,2026-07-05T09:16:54Z,2026-07-05T09:16:54Z
mobi_vancouver,mobi_vancouver_02fd8708-1167-46b0-9346-4f25fa59057c,02fd8708-1167-46b0-9346-4f25fa59057c,49.264251,-123.073853,1,FALSE,FALSE,19600,0249,1783242986,2026-07-05T09:16:55Z,2026-07-05T09:16:55Z,2026-07-05T09:16:25Z,2.2,https://gbfs.kappa.fifteen.eu/gbfs/2.2/mobi/en/gbfs.json,https://gbfs.kappa.fifteen.eu/gbfs/2.2/mobi/en/free_bike_status.json,2026-07-05T09:16:54Z,2026-07-05T09:16:54Z
mobi_vancouver,mobi_vancouver_b57706c0-2ab8-4c50-8aba-38b6bded4af4,b57706c0-2ab8-4c50-8aba-38b6bded4af4,49.280332,-123.070068,1,FALSE,FALSE,19600,0224,1783242986,2026-07-05T09:16:55Z,2026-07-05T09:16:55Z,2026-07-05T09:16:25Z,2.2,https://gbfs.kappa.fifteen.eu/gbfs/2.2/mobi/en/gbfs.json,https://gbfs.kappa.fifteen.eu/gbfs/2.2/mobi/en/free_bike_status.json,2026-07-05T09:16:54Z,2026-07-05T09:16:54Z
mobi_vancouver,mobi_vancouver_bb57b89e-f5c0-4f22-8048-2f2abd1d25ef,bb57b89e-f5c0-4f22-8048-2f2abd1d25ef,49.270684,-123.073562,1,FALSE,FALSE,19600,0252,1783242986,2026-07-05T09:16:55Z,2026-07-05T09:16:55Z,2026-07-05T09:16:25Z,2.2,https://gbfs.kappa.fifteen.eu/gbfs/2.2/mobi/en/gbfs.json,https://gbfs.kappa.fifteen.eu/gbfs/2.2/mobi/en/free_bike_status.json,2026-07-05T09:16:54Z,2026-07-05T09:16:54Z
mobi_vancouver,mobi_vancouver_8688c0e9-c8ad-4ed2-ab79-f6c60108c7ae,8688c0e9-c8ad-4ed2-ab79-f6c60108c7ae,49.283236,-123.070443,1,FALSE,FALSE,19600,0285,1783242986,2026-07-05T09:16:55Z,2026-07-05T09:16:55Z,2026-07-05T09:16:25Z,2.2,https://gbfs.kappa.fifteen.eu/gbfs/2.2/mobi/en/gbfs.json,https://gbfs.kappa.fifteen.eu/gbfs/2.2/mobi/en/free_bike_status.json,2026-07-05T09:16:54Z,2026-07-05T09:16:54Z
mobi_vancouver,mobi_vancouver_d4d2f733-934d-4073-8e7d-6205bce41022,d4d2f733-934d-4073-8e7d-6205bce41022,49.256857,-123.065646,1,FALSE,FALSE,19600,0278,1783242986,2026-07-05T09:16:55Z,2026-07-05T09:16:55Z,2026-07-05T09:16:25Z,2.2,https://gbfs.kappa.fifteen.eu/gbfs/2.2/mobi/en/gbfs.json,https://gbfs.kappa.fifteen.eu/gbfs/2.2/mobi/en/free_bike_status.json,2026-07-05T09:16:54Z,2026-07-05T09:16:54Z
mobi_vancouver,mobi_vancouver_f0d26aa9-9848-4c3d-829f-0c68b3daeb82,f0d26aa9-9848-4c3d-829f-0c68b3daeb82,49.27033,-123.10275,1,FALSE,FALSE,19600,0177,1783242986,2026-07-05T09:16:55Z,2026-07-05T09:16:55Z,2026-07-05T09:16:25Z,2.2,https://gbfs.kappa.fifteen.eu/gbfs/2.2/mobi/en/gbfs.json,https://gbfs.kappa.fifteen.eu/gbfs/2.2/mobi/en/free_bike_status.json,2026-07-05T09:16:54Z,2026-07-05T09:16:54Z
mobi_vancouver,mobi_vancouver_b68b660c-5c32-4050-a5f7-e22022182abc,b68b660c-5c32-4050-a5f7-e22022182abc,49.27033,-123.10275,1,FALSE,FALSE,19600,0177,1783242986,2026-07-05T09:16:55Z,2026-07-05T09:16:55Z,2026-07-05T09:16:25Z,2.2,https://gbfs.kappa.fifteen.eu/gbfs/2.2/mobi/en/gbfs.json,https://gbfs.kappa.fifteen.eu/gbfs/2.2/mobi/en/free_bike_status.json,2026-07-05T09:16:54Z,2026-07-05T09:16:54Z
mobi_vancouver,mobi_vancouver_d31db777-1751-4c65-b62d-72637738736d,d31db777-1751-4c65-b62d-72637738736d,49.265198,-123.131043,1,FALSE,FALSE,19600,0192,1783242986,2026-07-05T09:16:55Z,2026-07-05T09:16:55Z,2026-07-05T09:16:25Z,2.2,https://gbfs.kappa.fifteen.eu/gbfs/2.2/mobi/en/gbfs.json,https://gbfs.kappa.fifteen.eu/gbfs/2.2/mobi/en/free_bike_status.json,2026-07-05T09:16:54Z,2026-07-05T09:16:54Z
mobi_vancouver,mobi_vancouver_ebaa71b3-dfab-4a4f-9de4-c19cab22d2f8,ebaa71b3-dfab-4a4f-9de4-c19cab22d2f8,49.27551,-123.13307,1,FALSE,FALSE,19600,0045,1783242986,2026-07-05T09:16:55Z,2026-07-05T09:16:55Z,2026-07-05T09:16:25Z,2.2,https://gbfs.kappa.fifteen.eu/gbfs/2.2/mobi/en/gbfs.json,https://gbfs.kappa.fifteen.eu/gbfs/2.2/mobi/en/free_bike_status.json,2026-07-05T09:16:54Z,2026-07-05T09:16:54Z
mobi_vancouver,mobi_vancouver_be302cc7-b937-4d50-8403-a1fc42297963,be302cc7-b937-4d50-8403-a1fc42297963,49.27551,-123.13307,1,FALSE,FALSE,19600,0045,1783242986,2026-07-05T09:16:55Z,2026-07-05T09:16:55Z,2026-07-05T09:16:25Z,2.2,https://gbfs.kappa.fifteen.eu/gbfs/2.2/mobi/en/gbfs.json,https://gbfs.kappa.fifteen.eu/gbfs/2.2/mobi/en/free_bike_status.json,2026-07-05T09:16:54Z,2026-07-05T09:16:54Z
mobi_vancouver,mobi_vancouver_8a5616cd-846b-4649-8410-3feb26825fc4,8a5616cd-846b-4649-8410-3feb26825fc4,49.280787,-123.115271,1,FALSE,FALSE,19600,0305,1783242986,2026-07-05T09:16:55Z,2026-07-05T09:16:55Z,2026-07-05T09:16:25Z,2.2,https://gbfs.kappa.fifteen.eu/gbfs/2.2/mobi/en/gbfs.json,https://gbfs.kappa.fifteen.eu/gbfs/2.2/mobi/en/free_bike_status.json,2026-07-05T09:16:54Z,2026-07-05T09:16:54Z
mobi_vancouver,mobi_vancouver_a3aa6b8a-c2cb-4488-9507-c7664888c493,a3aa6b8a-c2cb-4488-9507-c7664888c493,49.27247,-123.185643,1,FALSE,FALSE,19600,0410,1783242986,2026-07-05T09:16:55Z,2026-07-05T09:16:55Z,2026-07-05T09:16:25Z,2.2,https://gbfs.kappa.fifteen.eu/gbfs/2.2/mobi/en/gbfs.json,https://gbfs.kappa.fifteen.eu/gbfs/2.2/mobi/en/free_bike_status.json,2026-07-05T09:16:54Z,2026-07-05T09:16:54Z
mobi_vancouver,mobi_vancouver_d6becf17-56c3-4100-860f-c0b53d940f90,d6becf17-56c3-4100-860f-c0b53d940f90,49.264928,-123.168068,1,FALSE,FALSE,19600,0452,1783242986,2026-07-05T09:16:55Z,2026-07-05T09:16:55Z,2026-07-05T09:16:25Z,2.2,https://gbfs.kappa.fifteen.eu/gbfs/2.2/mobi/en/gbfs.json,https://gbfs.kappa.fifteen.eu/gbfs/2.2/mobi/en/free_bike_status.json,2026-07-05T09:16:54Z,2026-07-05T09:16:54Z
mobi_vancouver,mobi_vancouver_3982ef3e-fefa-408f-82aa-f731140810a2,3982ef3e-fefa-408f-82aa-f731140810a2,49.279259,-123.119145,1,FALSE,FALSE,19600,0354,1783242986,2026-07-05T09:16:55Z,2026-07-05T09:16:55Z,2026-07-05T09:16:25Z,2.2,https://gbfs.kappa.fifteen.eu/gbfs/2.2/mobi/en/gbfs.json,https://gbfs.kappa.fifteen.eu/gbfs/2.2/mobi/en/free_bike_status.json,2026-07-05T09:16:54Z,2026-07-05T09:16:54Z
mobi_vancouver,mobi_vancouver_2894cb0b-270f-42da-b9e6-1398ba409635,2894cb0b-270f-42da-b9e6-1398ba409635,49.283968,-123.061615,1,FALSE,FALSE,19600,0631,1783242986,2026-07-05T09:16:55Z,2026-07-05T09:16:55Z,2026-07-05T09:16:25Z,2.2,https://gbfs.kappa.fifteen.eu/gbfs/2.2/mobi/en/gbfs.json,https://gbfs.kappa.fifteen.eu/gbfs/2.2/mobi/en/free_bike_status.json,2026-07-05T09:16:54Z,2026-07-05T09:16:54Z
mobi_vancouver,mobi_vancouver_f68af76b-3138-44f0-8f84-0ff71d10d67f,f68af76b-3138-44f0-8f84-0ff71d10d67f,49.247204,-123.101549,1,FALSE,FALSE,19600,0565,1783242986,2026-07-05T09:16:55Z,2026-07-05T09:16:55Z,2026-07-05T09:16:25Z,2.2,https://gbfs.kappa.fifteen.eu/gbfs/2.2/mobi/en/gbfs.json,https://gbfs.kappa.fifteen.eu/gbfs/2.2/mobi/en/free_bike_status.json,2026-07-05T09:16:54Z,2026-07-05T09:16:54Z
mobi_vancouver,mobi_vancouver_1ddbd1af-5fcf-48d3-a6bb-135e93536447,1ddbd1af-5fcf-48d3-a6bb-135e93536447,49.266579,-123.248549,1,FALSE,FALSE,19600,2143,1783242986,2026-07-05T09:16:55Z,2026-07-05T09:16:55Z,2026-07-05T09:16:25Z,2.2,https://gbfs.kappa.fifteen.eu/gbfs/2.2/mobi/en/gbfs.json,https://gbfs.kappa.fifteen.eu/gbfs/2.2/mobi/en/free_bike_status.json,2026-07-05T09:16:54Z,2026-07-05T09:16:54Z
mobi_vancouver,mobi_vancouver_1565cce1-f1d3-4124-b636-348c3b7f8320,1565cce1-f1d3-4124-b636-348c3b7f8320,49.25478,-123.23621,1,FALSE,FALSE,19600,2252,1783242986,2026-07-05T09:16:55Z,2026-07-05T09:16:55Z,2026-07-05T09:16:25Z,2.2,https://gbfs.kappa.fifteen.eu/gbfs/2.2/mobi/en/gbfs.json,https://gbfs.kappa.fifteen.eu/gbfs/2.2/mobi/en/free_bike_status.json,2026-07-05T09:16:54Z,2026-07-05T09:16:54Z
mobi_vancouver,mobi_vancouver_8964e379-a858-4aff-92a1-4d879f70a050,8964e379-a858-4aff-92a1-4d879f70a050,49.261655,-123.241924,1,FALSE,FALSE,19600,2157,1783242986,2026-07-05T09:16:55Z,2026-07-05T09:16:55Z,2026-07-05T09:16:25Z,2.2,https://gbfs.kappa.fifteen.eu/gbfs/2.2/mobi/en/gbfs.json,https://gbfs.kappa.fifteen.eu/gbfs/2.2/mobi/en/free_bike_status.json,2026-07-05T09:16:54Z,2026-07-05T09:16:54Z
mobi_vancouver,mobi_vancouver_ae93a601-0211-4b64-bbad-20c24bc428e5,ae93a601-0211-4b64-bbad-20c24bc428e5,49.26518,-123.25868,1,FALSE,FALSE,19600,2112,1783242986,2026-07-05T09:16:55Z,2026-07-05T09:16:55Z,2026-07-05T09:16:25Z,2.2,https://gbfs.kappa.fifteen.eu/gbfs/2.2/mobi/en/gbfs.json,https://gbfs.kappa.fifteen.eu/gbfs/2.2/mobi/en/free_bike_status.json,2026-07-05T09:16:54Z,2026-07-05T09:16:54Z
mobi_vancouver,mobi_vancouver_b1e33633-83d8-4c11-9ae4-a43936edd452,b1e33633-83d8-4c11-9ae4-a43936edd452,49.28602,-123.116624,1,FALSE,FALSE,20000,0024,1783242986,2026-07-05T09:16:55Z,2026-07-05T09:16:55Z,2026-07-05T09:16:25Z,2.2,https://gbfs.kappa.fifteen.eu/gbfs/2.2/mobi/en/gbfs.json,https://gbfs.kappa.fifteen.eu/gbfs/2.2/mobi/en/free_bike_status.json,2026-07-05T09:16:54Z,2026-07-05T09:16:54Z
mobi_vancouver,mobi_vancouver_acda30a1-458d-4aba-85ce-d34fbb8f9266,acda30a1-458d-4aba-85ce-d34fbb8f9266,49.285871,-123.12105,1,FALSE,FALSE,20000,0002,1783242986,2026-07-05T09:16:55Z,2026-07-05T09:16:55Z,2026-07-05T09:16:25Z,2.2,https://gbfs.kappa.fifteen.eu/gbfs/2.2/mobi/en/gbfs.json,https://gbfs.kappa.fifteen.eu/gbfs/2.2/mobi/en/free_bike_status.json,2026-07-05T09:16:54Z,2026-07-05T09:16:54Z
mobi_vancouver,mobi_vancouver_562ddc98-96c1-4b66-8287-03cd9d484b80,562ddc98-96c1-4b66-8287-03cd9d484b80,49.28803,-123.142135,1,FALSE,FALSE,20000,0031,1783242986,2026-07-05T09:16:55Z,2026-07-05T09:16:55Z,2026-07-05T09:16:25Z,2.2,https://gbfs.kappa.fifteen.eu/gbfs/2.2/mobi/en/gbfs.json,https://gbfs.kappa.fifteen.eu/gbfs/2.2/mobi/en/free_bike_status.json,2026-07-05T09:16:54Z,2026-07-05T09:16:54Z
mobi_vancouver,mobi_vancouver_f7bc11e7-8151-48ff-9e4a-cf81013cf0b6,f7bc11e7-8151-48ff-9e4a-cf81013cf0b6,49.289255,-123.132677,1,FALSE,FALSE,20000,0041,1783242986,2026-07-05T09:16:55Z,2026-07-05T09:16:55Z,2026-07-05T09:16:25Z,2.2,https://gbfs.kappa.fifteen.eu/gbfs/2.2/mobi/en/gbfs.json,https://gbfs.kappa.fifteen.eu/gbfs/2.2/mobi/en/free_bike_status.json,2026-07-05T09:16:54Z,2026-07-05T09:16:54Z
mobi_vancouver,mobi_vancouver_83977a94-782f-4f54-afa3-ef0b3ba7a503,83977a94-782f-4f54-afa3-ef0b3ba7a503,49.28062,-123.12482,1,FALSE,FALSE,20000,0037,1783242986,2026-07-05T09:16:55Z,2026-07-05T09:16:55Z,2026-07-05T09:16:25Z,2.2,https://gbfs.kappa.fifteen.eu/gbfs/2.2/mobi/en/gbfs.json,https://gbfs.kappa.fifteen.eu/gbfs/2.2/mobi/en/free_bike_status.json,2026-07-05T09:16:54Z,2026-07-05T09:16:54Z
mobi_vancouver,mobi_vancouver_13a66071-53de-48ef-865f-4fbdc88877ff,13a66071-53de-48ef-865f-4fbdc88877ff,49.283343,-123.131099,1,FALSE,FALSE,20000,0050,1783242986,2026-07-05T09:16:55Z,2026-07-05T09:16:55Z,2026-07-05T09:16:25Z,2.2,https://gbfs.kappa.fifteen.eu/gbfs/2.2/mobi/en/gbfs.json,https://gbfs.kappa.fifteen.eu/gbfs/2.2/mobi/en/free_bike_status.json,2026-07-05T09:16:54Z,2026-07-05T09:16:54Z
mobi_vancouver,mobi_vancouver_28000f27-7b2c-456e-a4a5-6df766ba0ec9,28000f27-7b2c-456e-a4a5-6df766ba0ec9,49.287528,-123.142139,1,FALSE,FALSE,20000,0028,1783242986,2026-07-05T09:16:55Z,2026-07-05T09:16:55Z,2026-07-05T09:16:25Z,2.2,https://gbfs.kappa.fifteen.eu/gbfs/2.2/mobi/en/gbfs.json,https://gbfs.kappa.fifteen.eu/gbfs/2.2/mobi/en/free_bike_status.json,2026-07-05T09:16:54Z,2026-07-05T09:16:54Z
mobi_vancouver,mobi_vancouver_9aad999e-d269-4ad3-a195-85209fe39560,9aad999e-d269-4ad3-a195-85209fe39560,49.266724,-123.104824,1,FALSE,FALSE,20000,0073,1783242986,2026-07-05T09:16:55Z,2026-07-05T09:16:55Z,2026-07-05T09:16:25Z,2.2,https://gbfs.kappa.fifteen.eu/gbfs/2.2/mobi/en/gbfs.json,https://gbfs.kappa.fifteen.eu/gbfs/2.2/mobi/en/free_bike_status.json,2026-07-05T09:16:54Z,2026-07-05T09:16:54Z
mobi_vancouver,mobi_vancouver_c29e3743-f81f-4653-9d25-1fa486b4abb8,c29e3743-f81f-4653-9d25-1fa486b4abb8,49.291909,-123.140713,1,FALSE,FALSE,20000,0092,1783242986,2026-07-05T09:16:55Z,2026-07-05T09:16:55Z,2026-07-05T09:16:25Z,2.2,https://gbfs.kappa.fifteen.eu/gbfs/2.2/mobi/en/gbfs.json,https://gbfs.kappa.fifteen.eu/gbfs/2.2/mobi/en/free_bike_status.json,2026-07-05T09:16:54Z,2026-07-05T09:16:54Z
mobi_vancouver,mobi_vancouver_a16025ac-603a-4136-ae81-b22be99bb426,a16025ac-603a-4136-ae81-b22be99bb426,49.266476,-123.109389,1,FALSE,FALSE,20000,0165,1783242986,2026-07-05T09:16:55Z,2026-07-05T09:16:55Z,2026-07-05T09:16:25Z,2.2,https://gbfs.kappa.fifteen.eu/gbfs/2.2/mobi/en/gbfs.json,https://gbfs.kappa.fifteen.eu/gbfs/2.2/mobi/en/free_bike_status.json,2026-07-05T09:16:54Z,2026-07-05T09:16:54Z
mobi_vancouver,mobi_vancouver_10a80e17-2551-45ed-a0c6-cb48f64ef09a,10a80e17-2551-45ed-a0c6-cb48f64ef09a,49.284157,-123.099917,1,FALSE,FALSE,20000,0150,1783242986,2026-07-05T09:16:55Z,2026-07-05T09:16:55Z,2026-07-05T09:16:25Z,2.2,https://gbfs.kappa.fifteen.eu/gbfs/2.2/mobi/en/gbfs.json,https://gbfs.kappa.fifteen.eu/gbfs/2.2/mobi/en/free_bike_status.json,2026-07-05T09:16:54Z,2026-07-05T09:16:54Z
mobi_vancouver,mobi_vancouver_474f13a3-ea7a-4bda-9c1e-060255b4d450,474f13a3-ea7a-4bda-9c1e-060255b4d450,49.265939,-123.1129,1,FALSE,FALSE,20000,0171,1783242986,2026-07-05T09:16:55Z,2026-07-05T09:16:55Z,2026-07-05T09:16:25Z,2.2,https://gbfs.kappa.fifteen.eu/gbfs/2.2/mobi/en/gbfs.json,https://gbfs.kappa.fifteen.eu/gbfs/2.2/mobi/en/free_bike_status.json,2026-07-05T09:16:54Z,2026-07-05T09:16:54Z
mobi_vancouver,mobi_vancouver_b6e2aa70-a06b-4b4d-a682-652ad09a148c,b6e2aa70-a06b-4b4d-a682-652ad09a148c,49.275938,-123.145939,1,FALSE,FALSE,20000,0147,1783242986,2026-07-05T09:16:55Z,2026-07-05T09:16:55Z,2026-07-05T09:16:25Z,2.2,https://gbfs.kappa.fifteen.eu/gbfs/2.2/mobi/en/gbfs.json,https://gbfs.kappa.fifteen.eu/gbfs/2.2/mobi/en/free_bike_status.json,2026-07-05T09:16:54Z,2026-07-05T09:16:54Z
mobi_vancouver,mobi_vancouver_4f4cdfd1-88a5-4812-8e92-9b1ba5879657,4f4cdfd1-88a5-4812-8e92-9b1ba5879657,49.279342,-123.101822,1,FALSE,FALSE,20000,0055,1783242986,2026-07-05T09:16:55Z,2026-07-05T09:16:55Z,2026-07-05T09:16:25Z,2.2,https://gbfs.kappa.fifteen.eu/gbfs/2.2/mobi/en/gbfs.json,https://gbfs.kappa.fifteen.eu/gbfs/2.2/mobi/en/free_bike_status.json,2026-07-05T09:16:54Z,2026-07-05T09:16:54Z
mobi_vancouver,mobi_vancouver_4a184716-42df-4cf3-8ccb-1dce41128b11,4a184716-42df-4cf3-8ccb-1dce41128b11,49.262206,-123.109091,1,FALSE,FALSE,20000,0172,1783242986,2026-07-05T09:16:55Z,2026-07-05T09:16:55Z,2026-07-05T09:16:25Z,2.2,https://gbfs.kappa.fifteen.eu/gbfs/2.2/mobi/en/gbfs.json,https://gbfs.kappa.fifteen.eu/gbfs/2.2/mobi/en/free_bike_status.json,2026-07-05T09:16:54Z,2026-07-05T09:16:54Z
mobi_vancouver,mobi_vancouver_59b77c94-8526-4231-8e70-5db88ddf1ccd,59b77c94-8526-4231-8e70-5db88ddf1ccd,49.271741,-123.155421,1,FALSE,FALSE,20000,0204,1783242986,2026-07-05T09:16:55Z,2026-07-05T09:16:55Z,2026-07-05T09:16:25Z,2.2,https://gbfs.kappa.fifteen.eu/gbfs/2.2/mobi/en/gbfs.json,https://gbfs.kappa.fifteen.eu/gbfs/2.2/mobi/en/free_bike_status.json,2026-07-05T09:16:54Z,2026-07-05T09:16:54Z
mobi_vancouver,mobi_vancouver_976a2712-6868-42de-b8e0-db4e509a4561,976a2712-6868-42de-b8e0-db4e509a4561,49.262822,-123.14338,1,FALSE,FALSE,20000,0205,1783242986,2026-07-05T09:16:55Z,2026-07-05T09:16:55Z,2026-07-05T09:16:25Z,2.2,https://gbfs.kappa.fifteen.eu/gbfs/2.2/mobi/en/gbfs.json,https://gbfs.kappa.fifteen.eu/gbfs/2.2/mobi/en/free_bike_status.json,2026-07-05T09:16:54Z,2026-07-05T09:16:54Z
mobi_vancouver,mobi_vancouver_24f2e874-9189-48c0-a2ca-d5ee33f46fff,24f2e874-9189-48c0-a2ca-d5ee33f46fff,49.266456,-123.100324,1,FALSE,FALSE,20000,0198,1783242986,2026-07-05T09:16:55Z,2026-07-05T09:16:55Z,2026-07-05T09:16:25Z,2.2,https://gbfs.kappa.fifteen.eu/gbfs/2.2/mobi/en/gbfs.json,https://gbfs.kappa.fifteen.eu/gbfs/2.2/mobi/en/free_bike_status.json,2026-07-05T09:16:54Z,2026-07-05T09:16:54Z
mobi_vancouver,mobi_vancouver_ee1866d9-84c0-49df-81b6-00b766a217a4,ee1866d9-84c0-49df-81b6-00b766a217a4,49.266456,-123.100324,1,FALSE,FALSE,20000,0198,1783242986,2026-07-05T09:16:55Z,2026-07-05T09:16:55Z,2026-07-05T09:16:25Z,2.2,https://gbfs.kappa.fifteen.eu/gbfs/2.2/mobi/en/gbfs.json,https://gbfs.kappa.fifteen.eu/gbfs/2.2/mobi/en/free_bike_status.json,2026-07-05T09:16:54Z,2026-07-05T09:16:54Z
mobi_vancouver,mobi_vancouver_7950fe97-22d6-414a-b432-8724d7cf7425,7950fe97-22d6-414a-b432-8724d7cf7425,49.266774,-123.141135,1,FALSE,FALSE,20000,0153,1783242986,2026-07-05T09:16:55Z,2026-07-05T09:16:55Z,2026-07-05T09:16:25Z,2.2,https://gbfs.kappa.fifteen.eu/gbfs/2.2/mobi/en/gbfs.json,https://gbfs.kappa.fifteen.eu/gbfs/2.2/mobi/en/free_bike_status.json,2026-07-05T09:16:54Z,2026-07-05T09:16:54Z
mobi_vancouver,mobi_vancouver_b9f460f0-448e-4fb5-96c5-ece3bdf37ec4,b9f460f0-448e-4fb5-96c5-ece3bdf37ec4,49.283749,-123.136133,1,FALSE,FALSE,20000,0087,1783242986,2026-07-05T09:16:55Z,2026-07-05T09:16:55Z,2026-07-05T09:16:25Z,2.2,https://gbfs.kappa.fifteen.eu/gbfs/2.2/mobi/en/gbfs.json,https://gbfs.kappa.fifteen.eu/gbfs/2.2/mobi/en/free_bike_status.json,2026-07-05T09:16:54Z,2026-07-05T09:16:54Z
mobi_vancouver,mobi_vancouver_db90810c-2893-4013-8a5f-fe2c9fcd5c53,db90810c-2893-4013-8a5f-fe2c9fcd5c53,49.283749,-123.136133,1,FALSE,FALSE,20000,0087,1783242986,2026-07-05T09:16:55Z,2026-07-05T09:16:55Z,2026-07-05T09:16:25Z,2.2,https://gbfs.kappa.fifteen.eu/gbfs/2.2/mobi/en/gbfs.json,https://gbfs.kappa.fifteen.eu/gbfs/2.2/mobi/en/free_bike_status.json,2026-07-05T09:16:54Z,2026-07-05T09:16:54Z
mobi_vancouver,mobi_vancouver_449e2edb-bbf7-4c1a-8ac9-55ed4fe352c6,449e2edb-bbf7-4c1a-8ac9-55ed4fe352c6,49.276897,-123.101746,1,FALSE,FALSE,20000,0801,1783242986,2026-07-05T09:16:55Z,2026-07-05T09:16:55Z,2026-07-05T09:16:25Z,2.2,https://gbfs.kappa.fifteen.eu/gbfs/2.2/mobi/en/gbfs.json,https://gbfs.kappa.fifteen.eu/gbfs/2.2/mobi/en/free_bike_status.json,2026-07-05T09:16:54Z,2026-07-05T09:16:54Z
mobi_vancouver,mobi_vancouver_24b90a5a-dc37-4330-853b-3cfd8b7bed25,24b90a5a-dc37-4330-853b-3cfd8b7bed25,49.270905,-123.126006,1,FALSE,FALSE,20000,0136,1783242986,2026-07-05T09:16:55Z,2026-07-05T09:16:55Z,2026-07-05T09:16:25Z,2.2,https://gbfs.kappa.fifteen.eu/gbfs/2.2/mobi/en/gbfs.json,https://gbfs.kappa.fifteen.eu/gbfs/2.2/mobi/en/free_bike_status.json,2026-07-05T09:16:54Z,2026-07-05T09:16:54Z
mobi_vancouver,mobi_vancouver_b32d90cd-ad23-4d86-bc13-fcff8e467861,b32d90cd-ad23-4d86-bc13-fcff8e467861,49.262321,-123.09306,1,FALSE,FALSE,20000,0248,1783242986,2026-07-05T09:16:55Z,2026-07-05T09:16:55Z,2026-07-05T09:16:25Z,2.2,https://gbfs.kappa.fifteen.eu/gbfs/2.2/mobi/en/gbfs.json,https://gbfs.kappa.fifteen.eu/gbfs/2.2/mobi/en/free_bike_status.json,2026-07-05T09:16:54Z,2026-07-05T09:16:54Z
mobi_vancouver,mobi_vancouver_d5958ce6-f66f-4665-81ea-b2c84e59ba3f,d5958ce6-f66f-4665-81ea-b2c84e59ba3f,49.261403,-123.070102,1,FALSE,FALSE,20000,0244,1783242986,2026-07-05T09:16:55Z,2026-07-05T09:16:55Z,2026-07-05T09:16:25Z,2.2,https://gbfs.kappa.fifteen.eu/gbfs/2.2/mobi/en/gbfs.json,https://gbfs.kappa.fifteen.eu/gbfs/2.2/mobi/en/free_bike_status.json,2026-07-05T09:16:54Z,2026-07-05T09:16:54Z
mobi_vancouver,mobi_vancouver_834679eb-5dfb-4815-8f64-7f2f255dc4ae,834679eb-5dfb-4815-8f64-7f2f255dc4ae,49.263242,-123.070521,1,FALSE,FALSE,20000,0242,1783242986,2026-07-05T09:16:55Z,2026-07-05T09:16:55Z,2026-07-05T09:16:25Z,2.2,https://gbfs.kappa.fifteen.eu/gbfs/2.2/mobi/en/gbfs.json,https://gbfs.kappa.fifteen.eu/gbfs/2.2/mobi/en/free_bike_status.json,2026-07-05T09:16:54Z,2026-07-05T09:16:54Z
mobi_vancouver,mobi_vancouver_da11a0d4-5bd4-41a8-8843-30467fd32b78,da11a0d4-5bd4-41a8-8843-30467fd32b78,49.266969,-123.069936,1,FALSE,FALSE,20000,0241,1783242986,2026-07-05T09:16:55Z,2026-07-05T09:16:55Z,2026-07-05T09:16:25Z,2.2,https://gbfs.kappa.fifteen.eu/gbfs/2.2/mobi/en/gbfs.json,https://gbfs.kappa.fifteen.eu/gbfs/2.2/mobi/en/free_bike_status.json,2026-07-05T09:16:54Z,2026-07-05T09:16:54Z
mobi_vancouver,mobi_vancouver_579a542c-7aa7-4aa4-88d5-6968715b46e5,579a542c-7aa7-4aa4-88d5-6968715b46e5,49.262141,-123.101961,1,FALSE,FALSE,20000,0074,1783242986,2026-07-05T09:16:55Z,2026-07-05T09:16:55Z,2026-07-05T09:16:25Z,2.2,https://gbfs.kappa.fifteen.eu/gbfs/2.2/mobi/en/gbfs.json,https://gbfs.kappa.fifteen.eu/gbfs/2.2/mobi/en/free_bike_status.json,2026-07-05T09:16:54Z,2026-07-05T09:16:54Z
mobi_vancouver,mobi_vancouver_2c080151-4170-4927-9ab9-b1063e0bea5d,2c080151-4170-4927-9ab9-b1063e0bea5d,49.263518,-123.09568,1,FALSE,FALSE,20000,0262,1783242986,2026-07-05T09:16:55Z,2026-07-05T09:16:55Z,2026-07-05T09:16:25Z,2.2,https://gbfs.kappa.fifteen.eu/gbfs/2.2/mobi/en/gbfs.json,https://gbfs.kappa.fifteen.eu/gbfs/2.2/mobi/en/free_bike_status.json,2026-07-05T09:16:54Z,2026-07-05T09:16:54Z
mobi_vancouver,mobi_vancouver_24952864-3d85-47c1-9358-9015b8c839b3,24952864-3d85-47c1-9358-9015b8c839b3,49.258817,-123.092797,1,FALSE,FALSE,20000,0258,1783242986,2026-07-05T09:16:55Z,2026-07-05T09:16:55Z,2026-07-05T09:16:25Z,2.2,https://gbfs.kappa.fifteen.eu/gbfs/2.2/mobi/en/gbfs.json,https://gbfs.kappa.fifteen.eu/gbfs/2.2/mobi/en/free_bike_status.json,2026-07-05T09:16:54Z,2026-07-05T09:16:54Z
mobi_vancouver,mobi_vancouver_5b43d801-51ff-47de-a505-694184f17a6a,5b43d801-51ff-47de-a505-694184f17a6a,49.267266,-123.090786,1,FALSE,FALSE,20000,0287,1783242986,2026-07-05T09:16:55Z,2026-07-05T09:16:55Z,2026-07-05T09:16:25Z,2.2,https://gbfs.kappa.fifteen.eu/gbfs/2.2/mobi/en/gbfs.json,https://gbfs.kappa.fifteen.eu/gbfs/2.2/mobi/en/free_bike_status.json,2026-07-05T09:16:54Z,2026-07-05T09:16:54Z
mobi_vancouver,mobi_vancouver_33d1832d-0039-4f62-91ee-d54758f5ac92,33d1832d-0039-4f62-91ee-d54758f5ac92,49.280332,-123.070068,1,FALSE,FALSE,20000,0224,1783242986,2026-07-05T09:16:55Z,2026-07-05T09:16:55Z,2026-07-05T09:16:25Z,2.2,https://gbfs.kappa.fifteen.eu/gbfs/2.2/mobi/en/gbfs.json,https://gbfs.kappa.fifteen.eu/gbfs/2.2/mobi/en/free_bike_status.json,2026-07-05T09:16:54Z,2026-07-05T09:16:54Z
mobi_vancouver,mobi_vancouver_4f2a7da3-83be-4c45-ad5d-864185aa2d11,4f2a7da3-83be-4c45-ad5d-864185aa2d11,49.283986,-123.065264,1,FALSE,FALSE,20000,0280,1783242986,2026-07-05T09:16:55Z,2026-07-05T09:16:55Z,2026-07-05T09:16:25Z,2.2,https://gbfs.kappa.fifteen.eu/gbfs/2.2/mobi/en/gbfs.json,https://gbfs.kappa.fifteen.eu/gbfs/2.2/mobi/en/free_bike_status.json,2026-07-05T09:16:54Z,2026-07-05T09:16:54Z
mobi_vancouver,mobi_vancouver_dd774757-fa66-446b-a8c7-7f101474130b,dd774757-fa66-446b-a8c7-7f101474130b,49.258352,-123.096337,1,FALSE,FALSE,20000,0257,1783242986,2026-07-05T09:16:55Z,2026-07-05T09:16:55Z,2026-07-05T09:16:25Z,2.2,https://gbfs.kappa.fifteen.eu/gbfs/2.2/mobi/en/gbfs.json,https://gbfs.kappa.fifteen.eu/gbfs/2.2/mobi/en/free_bike_status.json,2026-07-05T09:16:54Z,2026-07-05T09:16:54Z
mobi_vancouver,mobi_vancouver_814c61bd-d8cc-4286-b88f-ac708cd1847f,814c61bd-d8cc-4286-b88f-ac708cd1847f,49.256857,-123.065646,1,FALSE,FALSE,20000,0278,1783242986,2026-07-05T09:16:55Z,2026-07-05T09:16:55Z,2026-07-05T09:16:25Z,2.2,https://gbfs.kappa.fifteen.eu/gbfs/2.2/mobi/en/gbfs.json,https://gbfs.kappa.fifteen.eu/gbfs/2.2/mobi/en/free_bike_status.json,2026-07-05T09:16:54Z,2026-07-05T09:16:54Z
mobi_vancouver,mobi_vancouver_cd45533a-1e09-4162-a538-b44d41269f80,cd45533a-1e09-4162-a538-b44d41269f80,49.261973,-123.09725,1,FALSE,FALSE,20000,0186,1783242986,2026-07-05T09:16:55Z,2026-07-05T09:16:55Z,2026-07-05T09:16:25Z,2.2,https://gbfs.kappa.fifteen.eu/gbfs/2.2/mobi/en/gbfs.json,https://gbfs.kappa.fifteen.eu/gbfs/2.2/mobi/en/free_bike_status.json,2026-07-05T09:16:54Z,2026-07-05T09:16:54Z
mobi_vancouver,mobi_vancouver_87239140-32bb-4ad9-82e5-d4d0498cc708,87239140-32bb-4ad9-82e5-d4d0498cc708,49.261973,-123.09725,1,FALSE,FALSE,20000,0186,1783242986,2026-07-05T09:16:55Z,2026-07-05T09:16:55Z,2026-07-05T09:16:25Z,2.2,https://gbfs.kappa.fifteen.eu/gbfs/2.2/mobi/en/gbfs.json,https://gbfs.kappa.fifteen.eu/gbfs/2.2/mobi/en/free_bike_status.json,2026-07-05T09:16:54Z,2026-07-05T09:16:54Z
mobi_vancouver,mobi_vancouver_cc642768-e75d-4708-beb5-a289d59bf61f,cc642768-e75d-4708-beb5-a289d59bf61f,49.27033,-123.10275,1,FALSE,FALSE,20000,0177,1783242986,2026-07-05T09:16:55Z,2026-07-05T09:16:55Z,2026-07-05T09:16:25Z,2.2,https://gbfs.kappa.fifteen.eu/gbfs/2.2/mobi/en/gbfs.json,https://gbfs.kappa.fifteen.eu/gbfs/2.2/mobi/en/free_bike_status.json,2026-07-05T09:16:54Z,2026-07-05T09:16:54Z
mobi_vancouver,mobi_vancouver_02e4590a-c24e-46b0-b5a4-aba5a8b69829,02e4590a-c24e-46b0-b5a4-aba5a8b69829,49.257939,-123.089531,1,FALSE,FALSE,20000,0282,1783242986,2026-07-05T09:16:55Z,2026-07-05T09:16:55Z,2026-07-05T09:16:25Z,2.2,https://gbfs.kappa.fifteen.eu/gbfs/2.2/mobi/en/gbfs.json,https://gbfs.kappa.fifteen.eu/gbfs/2.2/mobi/en/free_bike_status.json,2026-07-05T09:16:54Z,2026-07-05T09:16:54Z
mobi_vancouver,mobi_vancouver_4dcf9c66-fe89-4aa6-a529-1a157106b15c,4dcf9c66-fe89-4aa6-a529-1a157106b15c,49.257939,-123.089531,1,FALSE,FALSE,20000,0282,1783242986,2026-07-05T09:16:55Z,2026-07-05T09:16:55Z,2026-07-05T09:16:25Z,2.2,https://gbfs.kappa.fifteen.eu/gbfs/2.2/mobi/en/gbfs.json,https://gbfs.kappa.fifteen.eu/gbfs/2.2/mobi/en/free_bike_status.json,2026-07-05T09:16:54Z,2026-07-05T09:16:54Z
mobi_vancouver,mobi_vancouver_ed269dae-db32-47de-a0b9-f391f3585c93,ed269dae-db32-47de-a0b9-f391f3585c93,49.265071,-123.123864,1,FALSE,FALSE,20000,0191,1783242986,2026-07-05T09:16:55Z,2026-07-05T09:16:55Z,2026-07-05T09:16:25Z,2.2,https://gbfs.kappa.fifteen.eu/gbfs/2.2/mobi/en/gbfs.json,https://gbfs.kappa.fifteen.eu/gbfs/2.2/mobi/en/free_bike_status.json,2026-07-05T09:16:54Z,2026-07-05T09:16:54Z
mobi_vancouver,mobi_vancouver_8d131f2f-5511-4dc3-bbdc-2518fe100ba5,8d131f2f-5511-4dc3-bbdc-2518fe100ba5,49.27551,-123.13307,1,FALSE,FALSE,20000,0045,1783242986,2026-07-05T09:16:55Z,2026-07-05T09:16:55Z,2026-07-05T09:16:25Z,2.2,https://gbfs.kappa.fifteen.eu/gbfs/2.2/mobi/en/gbfs.json,https://gbfs.kappa.fifteen.eu/gbfs/2.2/mobi/en/free_bike_status.json,2026-07-05T09:16:54Z,2026-07-05T09:16:54Z
mobi_vancouver,mobi_vancouver_0f9d6111-362a-4bd7-bca7-aa20e4eb493b,0f9d6111-362a-4bd7-bca7-aa20e4eb493b,49.277615,-123.091654,1,FALSE,FALSE,20000,0215,1783242986,2026-07-05T09:16:55Z,2026-07-05T09:16:55Z,2026-07-05T09:16:25Z,2.2,https://gbfs.kappa.fifteen.eu/gbfs/2.2/mobi/en/gbfs.json,https://gbfs.kappa.fifteen.eu/gbfs/2.2/mobi/en/free_bike_status.json,2026-07-05T09:16:54Z,2026-07-05T09:16:54Z
mobi_vancouver,mobi_vancouver_f6dc17a3-931b-4f72-8bfe-2a3e8c888f29,f6dc17a3-931b-4f72-8bfe-2a3e8c888f29,49.283298,-123.142288,1,FALSE,FALSE,20000,0142,1783242986,2026-07-05T09:16:55Z,2026-07-05T09:16:55Z,2026-07-05T09:16:25Z,2.2,https://gbfs.kappa.fifteen.eu/gbfs/2.2/mobi/en/gbfs.json,https://gbfs.kappa.fifteen.eu/gbfs/2.2/mobi/en/free_bike_status.json,2026-07-05T09:16:54Z,2026-07-05T09:16:54Z
mobi_vancouver,mobi_vancouver_f691a86a-6eb6-456b-a0e3-3cbbde5a7df8,f691a86a-6eb6-456b-a0e3-3cbbde5a7df8,49.262835,-123.152626,1,FALSE,FALSE,20000,0075,1783242986,2026-07-05T09:16:55Z,2026-07-05T09:16:55Z,2026-07-05T09:16:25Z,2.2,https://gbfs.kappa.fifteen.eu/gbfs/2.2/mobi/en/gbfs.json,https://gbfs.kappa.fifteen.eu/gbfs/2.2/mobi/en/free_bike_status.json,2026-07-05T09:16:54Z,2026-07-05T09:16:54Z
mobi_vancouver,mobi_vancouver_98519d2d-5286-47af-a2c5-69e34f23db98,98519d2d-5286-47af-a2c5-69e34f23db98,49.271471,-123.17731,1,FALSE,FALSE,20000,0440,1783242986,2026-07-05T09:16:55Z,2026-07-05T09:16:55Z,2026-07-05T09:16:25Z,2.2,https://gbfs.kappa.fifteen.eu/gbfs/2.2/mobi/en/gbfs.json,https://gbfs.kappa.fifteen.eu/gbfs/2.2/mobi/en/free_bike_status.json,2026-07-05T09:16:54Z,2026-07-05T09:16:54Z
mobi_vancouver,mobi_vancouver_1281bb60-1474-4f17-b012-f0d110b4477e,1281bb60-1474-4f17-b012-f0d110b4477e,49.272969,-123.164325,1,FALSE,FALSE,20000,0460,1783242986,2026-07-05T09:16:55Z,2026-07-05T09:16:55Z,2026-07-05T09:16:25Z,2.2,https://gbfs.kappa.fifteen.eu/gbfs/2.2/mobi/en/gbfs.json,https://gbfs.kappa.fifteen.eu/gbfs/2.2/mobi/en/free_bike_status.json,2026-07-05T09:16:54Z,2026-07-05T09:16:54Z
mobi_vancouver,mobi_vancouver_779c0a1b-5213-44a4-a9fd-5309c55510d3,779c0a1b-5213-44a4-a9fd-5309c55510d3,49.272969,-123.164325,1,FALSE,FALSE,20000,0460,1783242986,2026-07-05T09:16:55Z,2026-07-05T09:16:55Z,2026-07-05T09:16:25Z,2.2,https://gbfs.kappa.fifteen.eu/gbfs/2.2/mobi/en/gbfs.json,https://gbfs.kappa.fifteen.eu/gbfs/2.2/mobi/en/free_bike_status.json,2026-07-05T09:16:54Z,2026-07-05T09:16:54Z
mobi_vancouver,mobi_vancouver_a7f7530e-019b-4dc0-89ec-8fbe0d22da29,a7f7530e-019b-4dc0-89ec-8fbe0d22da29,49.272172,-123.097978,1,FALSE,FALSE,20000,0354,1783242986,2026-07-05T09:16:55Z,2026-07-05T09:16:55Z,2026-07-05T09:16:25Z,2.2,https://gbfs.kappa.fifteen.eu/gbfs/2.2/mobi/en/gbfs.json,https://gbfs.kappa.fifteen.eu/gbfs/2.2/mobi/en/free_bike_status.json,2026-07-05T09:16:54Z,2026-07-05T09:16:54Z
mobi_vancouver,mobi_vancouver_24ff7bf6-2ee6-48ad-862c-8ab5e3a5e554,24ff7bf6-2ee6-48ad-862c-8ab5e3a5e554,49.266636,-123.183661,1,FALSE,FALSE,20000,0414,1783242986,2026-07-05T09:16:55Z,2026-07-05T09:16:55Z,2026-07-05T09:16:25Z,2.2,https://gbfs.kappa.fifteen.eu/gbfs/2.2/mobi/en/gbfs.json,https://gbfs.kappa.fifteen.eu/gbfs/2.2/mobi/en/free_bike_status.json,2026-07-05T09:16:54Z,2026-07-05T09:16:54Z
mobi_vancouver,mobi_vancouver_130d806b-7914-4bfb-9822-6b2e159b5402,130d806b-7914-4bfb-9822-6b2e159b5402,49.274232,-123.129998,1,FALSE,FALSE,20000,0314,1783242986,2026-07-05T09:16:55Z,2026-07-05T09:16:55Z,2026-07-05T09:16:25Z,2.2,https://gbfs.kappa.fifteen.eu/gbfs/2.2/mobi/en/gbfs.json,https://gbfs.kappa.fifteen.eu/gbfs/2.2/mobi/en/free_bike_status.json,2026-07-05T09:16:54Z,2026-07-05T09:16:54Z
mobi_vancouver,mobi_vancouver_180f89b1-adf4-4e38-8588-ebb1dd2c10a7,180f89b1-adf4-4e38-8588-ebb1dd2c10a7,49.282087,-123.056909,1,FALSE,FALSE,20000,0642,1783242986,2026-07-05T09:16:55Z,2026-07-05T09:16:55Z,2026-07-05T09:16:25Z,2.2,https://gbfs.kappa.fifteen.eu/gbfs/2.2/mobi/en/gbfs.json,https://gbfs.kappa.fifteen.eu/gbfs/2.2/mobi/en/free_bike_status.json,2026-07-05T09:16:54Z,2026-07-05T09:16:54Z
mobi_vancouver,mobi_vancouver_bf830068-3286-4311-bb3c-118854fc25d3,bf830068-3286-4311-bb3c-118854fc25d3,49.285575,-123.061575,1,FALSE,FALSE,20000,0621,1783242986,2026-07-05T09:16:55Z,2026-07-05T09:16:55Z,2026-07-05T09:16:25Z,2.2,https://gbfs.kappa.fifteen.eu/gbfs/2.2/mobi/en/gbfs.json,https://gbfs.kappa.fifteen.eu/gbfs/2.2/mobi/en/free_bike_status.json,2026-07-05T09:16:54Z,2026-07-05T09:16:54Z
mobi_vancouver,mobi_vancouver_1af5b3ee-06ca-42fe-b2ee-9d52d0e99849,1af5b3ee-06ca-42fe-b2ee-9d52d0e99849,49.259469,-123.145718,1,FALSE,FALSE,20000,0210,1783242986,2026-07-05T09:16:55Z,2026-07-05T09:16:55Z,2026-07-05T09:16:25Z,2.2,https://gbfs.kappa.fifteen.eu/gbfs/2.2/mobi/en/gbfs.json,https://gbfs.kappa.fifteen.eu/gbfs/2.2/mobi/en/free_bike_status.json,2026-07-05T09:16:54Z,2026-07-05T09:16:54Z
mobi_vancouver,mobi_vancouver_9bbcaca7-c4c8-48ea-8733-de315023e230,9bbcaca7-c4c8-48ea-8733-de315023e230,49.259469,-123.145718,1,FALSE,FALSE,20000,0210,1783242986,2026-07-05T09:16:55Z,2026-07-05T09:16:55Z,2026-07-05T09:16:25Z,2.2,https://gbfs.kappa.fifteen.eu/gbfs/2.2/mobi/en/gbfs.json,https://gbfs.kappa.fifteen.eu/gbfs/2.2/mobi/en/free_bike_status.json,2026-07-05T09:16:54Z,2026-07-05T09:16:54Z
mobi_vancouver,mobi_vancouver_49729ed1-d366-46ee-a9ca-071fea9bc4d1,49729ed1-d366-46ee-a9ca-071fea9bc4d1,49.291597,-123.129158,1,FALSE,FALSE,20000,0200,1783242986,2026-07-05T09:16:55Z,2026-07-05T09:16:55Z,2026-07-05T09:16:25Z,2.2,https://gbfs.kappa.fifteen.eu/gbfs/2.2/mobi/en/gbfs.json,https://gbfs.kappa.fifteen.eu/gbfs/2.2/mobi/en/free_bike_status.json,2026-07-05T09:16:54Z,2026-07-05T09:16:54Z
mobi_vancouver,mobi_vancouver_142c2701-4507-4928-a0e7-d60db2efa5c7,142c2701-4507-4928-a0e7-d60db2efa5c7,49.27751,-123.061429,2,FALSE,FALSE,20000,0617,1783242986,2026-07-05T09:16:55Z,2026-07-05T09:16:55Z,2026-07-05T09:16:25Z,2.2,https://gbfs.kappa.fifteen.eu/gbfs/2.2/mobi/en/gbfs.json,https://gbfs.kappa.fifteen.eu/gbfs/2.2/mobi/en/free_bike_status.json,2026-07-05T09:16:54Z,2026-07-05T09:16:54Z
mobi_vancouver,mobi_vancouver_8202c2e8-3d19-489c-93f1-d4e0a0c2c2b1,8202c2e8-3d19-489c-93f1-d4e0a0c2c2b1,49.2658,-123.20596,1,FALSE,FALSE,20000,0715,1783242986,2026-07-05T09:16:55Z,2026-07-05T09:16:55Z,2026-07-05T09:16:25Z,2.2,https://gbfs.kappa.fifteen.eu/gbfs/2.2/mobi/en/gbfs.json,https://gbfs.kappa.fifteen.eu/gbfs/2.2/mobi/en/free_bike_status.json,2026-07-05T09:16:54Z,2026-07-05T09:16:54Z
mobi_vancouver,mobi_vancouver_303dd9c4-8f6c-4e15-b023-be616842140c,303dd9c4-8f6c-4e15-b023-be616842140c,49.263073,-123.254307,1,FALSE,FALSE,20000,2114,1783242986,2026-07-05T09:16:55Z,2026-07-05T09:16:55Z,2026-07-05T09:16:25Z,2.2,https://gbfs.kappa.fifteen.eu/gbfs/2.2/mobi/en/gbfs.json,https://gbfs.kappa.fifteen.eu/gbfs/2.2/mobi/en/free_bike_status.json,2026-07-05T09:16:54Z,2026-07-05T09:16:54Z
mobi_vancouver,mobi_vancouver_8c6bf393-cd3e-46d9-b148-a60e71f4ccf9,8c6bf393-cd3e-46d9-b148-a60e71f4ccf9,49.261736,-123.24648,1,FALSE,FALSE,20000,2136,1783242986,2026-07-05T09:16:55Z,2026-07-05T09:16:55Z,2026-07-05T09:16:25Z,2.2,https://gbfs.kappa.fifteen.eu/gbfs/2.2/mobi/en/gbfs.json,https://gbfs.kappa.fifteen.eu/gbfs/2.2/mobi/en/free_bike_status.json,2026-07-05T09:16:54Z,2026-07-05T09:16:54Z
mobi_vancouver,mobi_vancouver_d370bd81-c576-4d55-97b8-ea91645b8789,d370bd81-c576-4d55-97b8-ea91645b8789,49.25976,-123.2479,1,FALSE,FALSE,20000,2127,1783242986,2026-07-05T09:16:55Z,2026-07-05T09:16:55Z,2026-07-05T09:16:25Z,2.2,https://gbfs.kappa.fifteen.eu/gbfs/2.2/mobi/en/gbfs.json,https://gbfs.kappa.fifteen.eu/gbfs/2.2/mobi/en/free_bike_status.json,2026-07-05T09:16:54Z,2026-07-05T09:16:54Z
mobi_vancouver,mobi_vancouver_f6048065-660c-4ce9-b52e-0afeb483e21b,f6048065-660c-4ce9-b52e-0afeb483e21b,49.25976,-123.2479,1,FALSE,FALSE,20000,2127,1783242986,2026-07-05T09:16:55Z,2026-07-05T09:16:55Z,2026-07-05T09:16:25Z,2.2,https://gbfs.kappa.fifteen.eu/gbfs/2.2/mobi/en/gbfs.json,https://gbfs.kappa.fifteen.eu/gbfs/2.2/mobi/en/free_bike_status.json,2026-07-05T09:16:54Z,2026-07-05T09:16:54Z
mobi_vancouver,mobi_vancouver_c9838c75-daf2-46fb-9912-4a7a38dd5b46,c9838c75-daf2-46fb-9912-4a7a38dd5b46,49.26875,-123.25004,1,FALSE,FALSE,20000,2142,1783242986,2026-07-05T09:16:55Z,2026-07-05T09:16:55Z,2026-07-05T09:16:25Z,2.2,https://gbfs.kappa.fifteen.eu/gbfs/2.2/mobi/en/gbfs.json,https://gbfs.kappa.fifteen.eu/gbfs/2.2/mobi/en/free_bike_status.json,2026-07-05T09:16:54Z,2026-07-05T09:16:54Z
mobi_vancouver,mobi_vancouver_d4cfd688-55e1-4c19-b4c4-5ceb3e570a17,d4cfd688-55e1-4c19-b4c4-5ceb3e570a17,49.26518,-123.25868,1,FALSE,FALSE,20000,2112,1783242986,2026-07-05T09:16:55Z,2026-07-05T09:16:55Z,2026-07-05T09:16:25Z,2.2,https://gbfs.kappa.fifteen.eu/gbfs/2.2/mobi/en/gbfs.json,https://gbfs.kappa.fifteen.eu/gbfs/2.2/mobi/en/free_bike_status.json,2026-07-05T09:16:54Z,2026-07-05T09:16:54Z
mobi_vancouver,mobi_vancouver_7bc31f30-22b6-495f-b598-5635acec0568,7bc31f30-22b6-495f-b598-5635acec0568,49.279938,-123.127478,1,FALSE,FALSE,20400,0039,1783242986,2026-07-05T09:16:55Z,2026-07-05T09:16:55Z,2026-07-05T09:16:25Z,2.2,https://gbfs.kappa.fifteen.eu/gbfs/2.2/mobi/en/gbfs.json,https://gbfs.kappa.fifteen.eu/gbfs/2.2/mobi/en/free_bike_status.json,2026-07-05T09:16:54Z,2026-07-05T09:16:54Z
mobi_vancouver,mobi_vancouver_b1311f35-d8e9-402b-8d2e-5ebbc527dcec,b1311f35-d8e9-402b-8d2e-5ebbc527dcec,49.282409,-123.118541,1,FALSE,FALSE,20400,0015,1783242986,2026-07-05T09:16:55Z,2026-07-05T09:16:55Z,2026-07-05T09:16:25Z,2.2,https://gbfs.kappa.fifteen.eu/gbfs/2.2/mobi/en/gbfs.json,https://gbfs.kappa.fifteen.eu/gbfs/2.2/mobi/en/free_bike_status.json,2026-07-05T09:16:54Z,2026-07-05T09:16:54Z
mobi_vancouver,mobi_vancouver_0a7b6baf-96d6-430f-bc19-4c0d91bb100d,0a7b6baf-96d6-430f-bc19-4c0d91bb100d,49.283343,-123.131099,1,FALSE,FALSE,20400,0050,1783242986,2026-07-05T09:16:55Z,2026-07-05T09:16:55Z,2026-07-05T09:16:25Z,2.2,https://gbfs.kappa.fifteen.eu/gbfs/2.2/mobi/en/gbfs.json,https://gbfs.kappa.fifteen.eu/gbfs/2.2/mobi/en/free_bike_status.json,2026-07-05T09:16:54Z,2026-07-05T09:16:54Z
mobi_vancouver,mobi_vancouver_8f7792cb-e438-41fc-b202-b1b71121e598,8f7792cb-e438-41fc-b202-b1b71121e598,49.273833,-123.114373,1,FALSE,FALSE,20400,0057,1783242986,2026-07-05T09:16:55Z,2026-07-05T09:16:55Z,2026-07-05T09:16:25Z,2.2,https://gbfs.kappa.fifteen.eu/gbfs/2.2/mobi/en/gbfs.json,https://gbfs.kappa.fifteen.eu/gbfs/2.2/mobi/en/free_bike_status.json,2026-07-05T09:16:54Z,2026-07-05T09:16:54Z
mobi_vancouver,mobi_vancouver_d6023fbd-a526-4047-baf5-2023b0eacd7f,d6023fbd-a526-4047-baf5-2023b0eacd7f,49.28526,-123.141809,1,FALSE,FALSE,20400,0060,1783242986,2026-07-05T09:16:55Z,2026-07-05T09:16:55Z,2026-07-05T09:16:25Z,2.2,https://gbfs.kappa.fifteen.eu/gbfs/2.2/mobi/en/gbfs.json,https://gbfs.kappa.fifteen.eu/gbfs/2.2/mobi/en/free_bike_status.json,2026-07-05T09:16:54Z,2026-07-05T09:16:54Z
mobi_vancouver,mobi_vancouver_0e5450a6-0ba0-4c60-9164-288a88b2128a,0e5450a6-0ba0-4c60-9164-288a88b2128a,49.291909,-123.140713,1,FALSE,FALSE,20400,0092,1783242986,2026-07-05T09:16:55Z,2026-07-05T09:16:55Z,2026-07-05T09:16:25Z,2.2,https://gbfs.kappa.fifteen.eu/gbfs/2.2/mobi/en/gbfs.json,https://gbfs.kappa.fifteen.eu/gbfs/2.2/mobi/en/free_bike_status.json,2026-07-05T09:16:54Z,2026-07-05T09:16:54Z
mobi_vancouver,mobi_vancouver_21cbcf4c-28ce-4fdc-a848-9f8b0e15de02,21cbcf4c-28ce-4fdc-a848-9f8b0e15de02,49.291909,-123.140713,1,FALSE,FALSE,20400,0092,1783242986,2026-07-05T09:16:55Z,2026-07-05T09:16:55Z,2026-07-05T09:16:25Z,2.2,https://gbfs.kappa.fifteen.eu/gbfs/2.2/mobi/en/gbfs.json,https://gbfs.kappa.fifteen.eu/gbfs/2.2/mobi/en/free_bike_status.json,2026-07-05T09:16:54Z,2026-07-05T09:16:54Z
mobi_vancouver,mobi_vancouver_bdab287a-b69d-4c5c-8a50-45d788f6f1f6,bdab287a-b69d-4c5c-8a50-45d788f6f1f6,49.293257,-123.138563,1,FALSE,FALSE,20400,0093,1783242986,2026-07-05T09:16:55Z,2026-07-05T09:16:55Z,2026-07-05T09:16:25Z,2.2,https://gbfs.kappa.fifteen.eu/gbfs/2.2/mobi/en/gbfs.json,https://gbfs.kappa.fifteen.eu/gbfs/2.2/mobi/en/free_bike_status.json,2026-07-05T09:16:54Z,2026-07-05T09:16:54Z
mobi_vancouver,mobi_vancouver_cf3f1d7e-e1d5-4541-b636-d44a06a78541,cf3f1d7e-e1d5-4541-b636-d44a06a78541,49.287097,-123.118551,1,FALSE,FALSE,20400,0016,1783242986,2026-07-05T09:16:55Z,2026-07-05T09:16:55Z,2026-07-05T09:16:25Z,2.2,https://gbfs.kappa.fifteen.eu/gbfs/2.2/mobi/en/gbfs.json,https://gbfs.kappa.fifteen.eu/gbfs/2.2/mobi/en/free_bike_status.json,2026-07-05T09:16:54Z,2026-07-05T09:16:54Z
mobi_vancouver,mobi_vancouver_652218e8-168d-4fcd-8768-ddb43eb1f45e,652218e8-168d-4fcd-8768-ddb43eb1f45e,49.273568,-123.129935,1,FALSE,FALSE,20400,0137,1783242986,2026-07-05T09:16:55Z,2026-07-05T09:16:55Z,2026-07-05T09:16:25Z,2.2,https://gbfs.kappa.fifteen.eu/gbfs/2.2/mobi/en/gbfs.json,https://gbfs.kappa.fifteen.eu/gbfs/2.2/mobi/en/free_bike_status.json,2026-07-05T09:16:54Z,2026-07-05T09:16:54Z
mobi_vancouver,mobi_vancouver_5b25c26a-97a3-4370-9be5-42df06e6831e,5b25c26a-97a3-4370-9be5-42df06e6831e,49.273663,-123.127075,1,FALSE,FALSE,20400,0044,1783242986,2026-07-05T09:16:55Z,2026-07-05T09:16:55Z,2026-07-05T09:16:25Z,2.2,https://gbfs.kappa.fifteen.eu/gbfs/2.2/mobi/en/gbfs.json,https://gbfs.kappa.fifteen.eu/gbfs/2.2/mobi/en/free_bike_status.json,2026-07-05T09:16:54Z,2026-07-05T09:16:54Z
mobi_vancouver,mobi_vancouver_4438cb7a-aaff-4b5f-86d1-b37276a0f3d8,4438cb7a-aaff-4b5f-86d1-b37276a0f3d8,49.273471,-123.118016,1,FALSE,FALSE,20400,0017,1783242986,2026-07-05T09:16:55Z,2026-07-05T09:16:55Z,2026-07-05T09:16:25Z,2.2,https://gbfs.kappa.fifteen.eu/gbfs/2.2/mobi/en/gbfs.json,https://gbfs.kappa.fifteen.eu/gbfs/2.2/mobi/en/free_bike_status.json,2026-07-05T09:16:54Z,2026-07-05T09:16:54Z
mobi_vancouver,mobi_vancouver_0fae3887-b072-4131-acb6-a644cfe80a05,0fae3887-b072-4131-acb6-a644cfe80a05,49.277141,-123.122589,1,FALSE,FALSE,20400,0138,1783242986,2026-07-05T09:16:55Z,2026-07-05T09:16:55Z,2026-07-05T09:16:25Z,2.2,https://gbfs.kappa.fifteen.eu/gbfs/2.2/mobi/en/gbfs.json,https://gbfs.kappa.fifteen.eu/gbfs/2.2/mobi/en/free_bike_status.json,2026-07-05T09:16:54Z,2026-07-05T09:16:54Z
mobi_vancouver,mobi_vancouver_c14eaed2-b5c9-4305-88cc-9dc903f4039d,c14eaed2-b5c9-4305-88cc-9dc903f4039d,49.266456,-123.100324,1,FALSE,FALSE,20400,0198,1783242986,2026-07-05T09:16:55Z,2026-07-05T09:16:55Z,2026-07-05T09:16:25Z,2.2,https://gbfs.kappa.fifteen.eu/gbfs/2.2/mobi/en/gbfs.json,https://gbfs.kappa.fifteen.eu/gbfs/2.2/mobi/en/free_bike_status.json,2026-07-05T09:16:54Z,2026-07-05T09:16:54Z
mobi_vancouver,mobi_vancouver_6362ca0d-c8fe-4e6b-8399-5b7eeafc8b88,6362ca0d-c8fe-4e6b-8399-5b7eeafc8b88,49.266774,-123.141135,1,FALSE,FALSE,20400,0153,1783242986,2026-07-05T09:16:55Z,2026-07-05T09:16:55Z,2026-07-05T09:16:25Z,2.2,https://gbfs.kappa.fifteen.eu/gbfs/2.2/mobi/en/gbfs.json,https://gbfs.kappa.fifteen.eu/gbfs/2.2/mobi/en/free_bike_status.json,2026-07-05T09:16:54Z,2026-07-05T09:16:54Z
mobi_vancouver,mobi_vancouver_73bb733e-5e4e-4cf9-beb3-734f21f128fb,73bb733e-5e4e-4cf9-beb3-734f21f128fb,49.277595,-123.09583,1,FALSE,FALSE,20400,0212,1783242986,2026-07-05T09:16:55Z,2026-07-05T09:16:55Z,2026-07-05T09:16:25Z,2.2,https://gbfs.kappa.fifteen.eu/gbfs/2.2/mobi/en/gbfs.json,https://gbfs.kappa.fifteen.eu/gbfs/2.2/mobi/en/free_bike_status.json,2026-07-05T09:16:54Z,2026-07-05T09:16:54Z
mobi_vancouver,mobi_vancouver_b8e000cb-be06-4edb-8911-965038aadf6e,b8e000cb-be06-4edb-8911-965038aadf6e,49.278529,-123.100017,1,FALSE,FALSE,20400,0199,1783242986,2026-07-05T09:16:55Z,2026-07-05T09:16:55Z,2026-07-05T09:16:25Z,2.2,https://gbfs.kappa.fifteen.eu/gbfs/2.2/mobi/en/gbfs.json,https://gbfs.kappa.fifteen.eu/gbfs/2.2/mobi/en/free_bike_status.json,2026-07-05T09:16:54Z,2026-07-05T09:16:54Z
mobi_vancouver,mobi_vancouver_1fd000eb-bf5f-4164-91f6-a92831de4128,1fd000eb-bf5f-4164-91f6-a92831de4128,49.26151,-123.089413,1,FALSE,FALSE,20400,0260,1783242986,2026-07-05T09:16:55Z,2026-07-05T09:16:55Z,2026-07-05T09:16:25Z,2.2,https://gbfs.kappa.fifteen.eu/gbfs/2.2/mobi/en/gbfs.json,https://gbfs.kappa.fifteen.eu/gbfs/2.2/mobi/en/free_bike_status.json,2026-07-05T09:16:54Z,2026-07-05T09:16:54Z
mobi_vancouver,mobi_vancouver_17853ff9-fd89-4695-b3b7-79289f18426f,17853ff9-fd89-4695-b3b7-79289f18426f,49.262321,-123.09306,1,FALSE,FALSE,20400,0248,1783242986,2026-07-05T09:16:55Z,2026-07-05T09:16:55Z,2026-07-05T09:16:25Z,2.2,https://gbfs.kappa.fifteen.eu/gbfs/2.2/mobi/en/gbfs.json,https://gbfs.kappa.fifteen.eu/gbfs/2.2/mobi/en/free_bike_status.json,2026-07-05T09:16:54Z,2026-07-05T09:16:54Z
mobi_vancouver,mobi_vancouver_61728cf1-7423-4a98-9295-e1d33711381a,61728cf1-7423-4a98-9295-e1d33711381a,49.261403,-123.070102,1,FALSE,FALSE,20400,0244,1783242986,2026-07-05T09:16:55Z,2026-07-05T09:16:55Z,2026-07-05T09:16:25Z,2.2,https://gbfs.kappa.fifteen.eu/gbfs/2.2/mobi/en/gbfs.json,https://gbfs.kappa.fifteen.eu/gbfs/2.2/mobi/en/free_bike_status.json,2026-07-05T09:16:54Z,2026-07-05T09:16:54Z
mobi_vancouver,mobi_vancouver_142cb797-42a5-4eac-8292-f1240dbc3aed,142cb797-42a5-4eac-8292-f1240dbc3aed,49.263242,-123.070521,1,FALSE,FALSE,20400,0242,1783242986,2026-07-05T09:16:55Z,2026-07-05T09:16:55Z,2026-07-05T09:16:25Z,2.2,https://gbfs.kappa.fifteen.eu/gbfs/2.2/mobi/en/gbfs.json,https://gbfs.kappa.fifteen.eu/gbfs/2.2/mobi/en/free_bike_status.json,2026-07-05T09:16:54Z,2026-07-05T09:16:54Z
mobi_vancouver,mobi_vancouver_1783c7d5-1322-4342-bc01-92a2ba6111e9,1783c7d5-1322-4342-bc01-92a2ba6111e9,49.273103,-123.069892,1,FALSE,FALSE,20400,0235,1783242986,2026-07-05T09:16:55Z,2026-07-05T09:16:55Z,2026-07-05T09:16:25Z,2.2,https://gbfs.kappa.fifteen.eu/gbfs/2.2/mobi/en/gbfs.json,https://gbfs.kappa.fifteen.eu/gbfs/2.2/mobi/en/free_bike_status.json,2026-07-05T09:16:54Z,2026-07-05T09:16:54Z
mobi_vancouver,mobi_vancouver_3cf41045-766d-41cc-9578-8a4f6a58e53c,3cf41045-766d-41cc-9578-8a4f6a58e53c,49.264466,-123.085183,1,FALSE,FALSE,20400,0266,1783242986,2026-07-05T09:16:55Z,2026-07-05T09:16:55Z,2026-07-05T09:16:25Z,2.2,https://gbfs.kappa.fifteen.eu/gbfs/2.2/mobi/en/gbfs.json,https://gbfs.kappa.fifteen.eu/gbfs/2.2/mobi/en/free_bike_status.json,2026-07-05T09:16:54Z,2026-07-05T09:16:54Z
mobi_vancouver,mobi_vancouver_d78221c8-7764-4672-8016-2fcb31a8319f,d78221c8-7764-4672-8016-2fcb31a8319f,49.280284,-123.097052,1,FALSE,FALSE,20400,0213,1783242986,2026-07-05T09:16:55Z,2026-07-05T09:16:55Z,2026-07-05T09:16:25Z,2.2,https://gbfs.kappa.fifteen.eu/gbfs/2.2/mobi/en/gbfs.json,https://gbfs.kappa.fifteen.eu/gbfs/2.2/mobi/en/free_bike_status.json,2026-07-05T09:16:54Z,2026-07-05T09:16:54Z
mobi_vancouver,mobi_vancouver_533d6c1c-ad41-4bb2-9be0-e11d8339a323,533d6c1c-ad41-4bb2-9be0-e11d8339a323,49.2731,-123.0732,1,FALSE,FALSE,20400,0253,1783242986,2026-07-05T09:16:55Z,2026-07-05T09:16:55Z,2026-07-05T09:16:25Z,2.2,https://gbfs.kappa.fifteen.eu/gbfs/2.2/mobi/en/gbfs.json,https://gbfs.kappa.fifteen.eu/gbfs/2.2/mobi/en/free_bike_status.json,2026-07-05T09:16:54Z,2026-07-05T09:16:54Z
mobi_vancouver,mobi_vancouver_d887744b-ebe3-4678-8dca-118fbc3f3ca5,d887744b-ebe3-4678-8dca-118fbc3f3ca5,49.280332,-123.070068,1,FALSE,FALSE,20400,0224,1783242986,2026-07-05T09:16:55Z,2026-07-05T09:16:55Z,2026-07-05T09:16:25Z,2.2,https://gbfs.kappa.fifteen.eu/gbfs/2.2/mobi/en/gbfs.json,https://gbfs.kappa.fifteen.eu/gbfs/2.2/mobi/en/free_bike_status.json,2026-07-05T09:16:54Z,2026-07-05T09:16:54Z
mobi_vancouver,mobi_vancouver_15414302-2502-4f5b-b13c-f71c1e1afca0,15414302-2502-4f5b-b13c-f71c1e1afca0,49.283236,-123.070443,1,FALSE,FALSE,20400,0285,1783242986,2026-07-05T09:16:55Z,2026-07-05T09:16:55Z,2026-07-05T09:16:25Z,2.2,https://gbfs.kappa.fifteen.eu/gbfs/2.2/mobi/en/gbfs.json,https://gbfs.kappa.fifteen.eu/gbfs/2.2/mobi/en/free_bike_status.json,2026-07-05T09:16:54Z,2026-07-05T09:16:54Z
mobi_vancouver,mobi_vancouver_7072f6af-591a-42d3-a585-7b402e921c41,7072f6af-591a-42d3-a585-7b402e921c41,49.265242,-123.095577,1,FALSE,FALSE,20400,0297,1783242986,2026-07-05T09:16:55Z,2026-07-05T09:16:55Z,2026-07-05T09:16:25Z,2.2,https://gbfs.kappa.fifteen.eu/gbfs/2.2/mobi/en/gbfs.json,https://gbfs.kappa.fifteen.eu/gbfs/2.2/mobi/en/free_bike_status.json,2026-07-05T09:16:54Z,2026-07-05T09:16:54Z
mobi_vancouver,mobi_vancouver_5e13aa4b-e225-42d9-8302-83c2f73e8a0e,5e13aa4b-e225-42d9-8302-83c2f73e8a0e,49.273777,-123.092723,1,FALSE,FALSE,20400,0233,1783242986,2026-07-05T09:16:55Z,2026-07-05T09:16:55Z,2026-07-05T09:16:25Z,2.2,https://gbfs.kappa.fifteen.eu/gbfs/2.2/mobi/en/gbfs.json,https://gbfs.kappa.fifteen.eu/gbfs/2.2/mobi/en/free_bike_status.json,2026-07-05T09:16:54Z,2026-07-05T09:16:54Z
mobi_vancouver,mobi_vancouver_288172b5-5f19-4e6b-916f-1f28a915d06d,288172b5-5f19-4e6b-916f-1f28a915d06d,49.261973,-123.09725,1,FALSE,FALSE,20400,0186,1783242986,2026-07-05T09:16:55Z,2026-07-05T09:16:55Z,2026-07-05T09:16:25Z,2.2,https://gbfs.kappa.fifteen.eu/gbfs/2.2/mobi/en/gbfs.json,https://gbfs.kappa.fifteen.eu/gbfs/2.2/mobi/en/free_bike_status.json,2026-07-05T09:16:54Z,2026-07-05T09:16:54Z
mobi_vancouver,mobi_vancouver_3815bcb5-dced-464c-8cf0-b656fb9e0741,3815bcb5-dced-464c-8cf0-b656fb9e0741,49.261973,-123.09725,1,FALSE,FALSE,20400,0186,1783242986,2026-07-05T09:16:55Z,2026-07-05T09:16:55Z,2026-07-05T09:16:25Z,2.2,https://gbfs.kappa.fifteen.eu/gbfs/2.2/mobi/en/gbfs.json,https://gbfs.kappa.fifteen.eu/gbfs/2.2/mobi/en/free_bike_status.json,2026-07-05T09:16:54Z,2026-07-05T09:16:54Z
mobi_vancouver,mobi_vancouver_019d3887-9e71-447f-8275-794dedfca8c1,019d3887-9e71-447f-8275-794dedfca8c1,49.257939,-123.089531,1,FALSE,FALSE,20400,0282,1783242986,2026-07-05T09:16:55Z,2026-07-05T09:16:55Z,2026-07-05T09:16:25Z,2.2,https://gbfs.kappa.fifteen.eu/gbfs/2.2/mobi/en/gbfs.json,https://gbfs.kappa.fifteen.eu/gbfs/2.2/mobi/en/free_bike_status.json,2026-07-05T09:16:54Z,2026-07-05T09:16:54Z
mobi_vancouver,mobi_vancouver_6e6e9cf3-59ca-4b81-a5e8-b2bbd91ffbc9,6e6e9cf3-59ca-4b81-a5e8-b2bbd91ffbc9,49.279235,-123.087528,1,FALSE,FALSE,20400,0228,1783242986,2026-07-05T09:16:55Z,2026-07-05T09:16:55Z,2026-07-05T09:16:25Z,2.2,https://gbfs.kappa.fifteen.eu/gbfs/2.2/mobi/en/gbfs.json,https://gbfs.kappa.fifteen.eu/gbfs/2.2/mobi/en/free_bike_status.json,2026-07-05T09:16:54Z,2026-07-05T09:16:54Z
mobi_vancouver,mobi_vancouver_09bb1472-0b6e-4a6f-aae0-5d161b0d3c40,09bb1472-0b6e-4a6f-aae0-5d161b0d3c40,49.277615,-123.091654,1,FALSE,FALSE,20400,0215,1783242986,2026-07-05T09:16:55Z,2026-07-05T09:16:55Z,2026-07-05T09:16:25Z,2.2,https://gbfs.kappa.fifteen.eu/gbfs/2.2/mobi/en/gbfs.json,https://gbfs.kappa.fifteen.eu/gbfs/2.2/mobi/en/free_bike_status.json,2026-07-05T09:16:54Z,2026-07-05T09:16:54Z
mobi_vancouver,mobi_vancouver_ac8d3f8e-9779-47f0-9366-4c716cf020e1,ac8d3f8e-9779-47f0-9366-4c716cf020e1,49.283298,-123.142288,1,FALSE,FALSE,20400,0142,1783242986,2026-07-05T09:16:55Z,2026-07-05T09:16:55Z,2026-07-05T09:16:25Z,2.2,https://gbfs.kappa.fifteen.eu/gbfs/2.2/mobi/en/gbfs.json,https://gbfs.kappa.fifteen.eu/gbfs/2.2/mobi/en/free_bike_status.json,2026-07-05T09:16:54Z,2026-07-05T09:16:54Z
mobi_vancouver,mobi_vancouver_d05ecb37-8b8e-4e91-afe2-3fe0b044a90c,d05ecb37-8b8e-4e91-afe2-3fe0b044a90c,49.290587,-123.13625,1,FALSE,FALSE,20400,0122,1783242986,2026-07-05T09:16:55Z,2026-07-05T09:16:55Z,2026-07-05T09:16:25Z,2.2,https://gbfs.kappa.fifteen.eu/gbfs/2.2/mobi/en/gbfs.json,https://gbfs.kappa.fifteen.eu/gbfs/2.2/mobi/en/free_bike_status.json,2026-07-05T09:16:54Z,2026-07-05T09:16:54Z
mobi_vancouver,mobi_vancouver_66f606c6-1a14-41ed-85c4-8832f962d75c,66f606c6-1a14-41ed-85c4-8832f962d75c,49.27247,-123.185643,1,FALSE,FALSE,20400,0410,1783242986,2026-07-05T09:16:55Z,2026-07-05T09:16:55Z,2026-07-05T09:16:25Z,2.2,https://gbfs.kappa.fifteen.eu/gbfs/2.2/mobi/en/gbfs.json,https://gbfs.kappa.fifteen.eu/gbfs/2.2/mobi/en/free_bike_status.json,2026-07-05T09:16:54Z,2026-07-05T09:16:54Z
mobi_vancouver,mobi_vancouver_89267a3b-d870-4e47-af63-2f65dc8e4bb5,89267a3b-d870-4e47-af63-2f65dc8e4bb5,49.27247,-123.185643,1,FALSE,FALSE,20400,0410,1783242986,2026-07-05T09:16:55Z,2026-07-05T09:16:55Z,2026-07-05T09:16:25Z,2.2,https://gbfs.kappa.fifteen.eu/gbfs/2.2/mobi/en/gbfs.json,https://gbfs.kappa.fifteen.eu/gbfs/2.2/mobi/en/free_bike_status.json,2026-07-05T09:16:54Z,2026-07-05T09:16:54Z
mobi_vancouver,mobi_vancouver_93dc3a5a-4ac0-421a-834d-1f7c3d90ad30,93dc3a5a-4ac0-421a-834d-1f7c3d90ad30,49.264483,-123.173926,1,FALSE,FALSE,20400,0444,1783242986,2026-07-05T09:16:55Z,2026-07-05T09:16:55Z,2026-07-05T09:16:25Z,2.2,https://gbfs.kappa.fifteen.eu/gbfs/2.2/mobi/en/gbfs.json,https://gbfs.kappa.fifteen.eu/gbfs/2.2/mobi/en/free_bike_status.json,2026-07-05T09:16:54Z,2026-07-05T09:16:54Z
mobi_vancouver,mobi_vancouver_af79880c-6bf1-4237-9b3a-9c56fe529b52,af79880c-6bf1-4237-9b3a-9c56fe529b52,49.272172,-123.097978,1,FALSE,FALSE,20400,0354,1783242986,2026-07-05T09:16:55Z,2026-07-05T09:16:55Z,2026-07-05T09:16:25Z,2.2,https://gbfs.kappa.fifteen.eu/gbfs/2.2/mobi/en/gbfs.json,https://gbfs.kappa.fifteen.eu/gbfs/2.2/mobi/en/free_bike_status.json,2026-07-05T09:16:54Z,2026-07-05T09:16:54Z
mobi_vancouver,mobi_vancouver_35f8553b-c1a1-4b41-be5f-3333ae549b87,35f8553b-c1a1-4b41-be5f-3333ae549b87,49.266636,-123.183661,1,FALSE,FALSE,20400,0414,1783242986,2026-07-05T09:16:55Z,2026-07-05T09:16:55Z,2026-07-05T09:16:25Z,2.2,https://gbfs.kappa.fifteen.eu/gbfs/2.2/mobi/en/gbfs.json,https://gbfs.kappa.fifteen.eu/gbfs/2.2/mobi/en/free_bike_status.json,2026-07-05T09:16:54Z,2026-07-05T09:16:54Z
mobi_vancouver,mobi_vancouver_4439883f-cae3-4003-9d89-168ae7e7e942,4439883f-cae3-4003-9d89-168ae7e7e942,49.245135,-123.116098,1,FALSE,FALSE,20400,0526,1783242986,2026-07-05T09:16:55Z,2026-07-05T09:16:55Z,2026-07-05T09:16:25Z,2.2,https://gbfs.kappa.fifteen.eu/gbfs/2.2/mobi/en/gbfs.json,https://gbfs.kappa.fifteen.eu/gbfs/2.2/mobi/en/free_bike_status.json,2026-07-05T09:16:54Z,2026-07-05T09:16:54Z
mobi_vancouver,mobi_vancouver_47ffa84b-3dbd-4193-a624-f7c1cfb20e5e,47ffa84b-3dbd-4193-a624-f7c1cfb20e5e,49.251358,-123.115637,1,FALSE,FALSE,20400,0532,1783242986,2026-07-05T09:16:55Z,2026-07-05T09:16:55Z,2026-07-05T09:16:25Z,2.2,https://gbfs.kappa.fifteen.eu/gbfs/2.2/mobi/en/gbfs.json,https://gbfs.kappa.fifteen.eu/gbfs/2.2/mobi/en/free_bike_status.json,2026-07-05T09:16:54Z,2026-07-05T09:16:54Z
mobi_vancouver,mobi_vancouver_efd06653-359c-4cc4-bbea-cd75cda618ff,efd06653-359c-4cc4-bbea-cd75cda618ff,49.252656,-123.067965,1,FALSE,FALSE,20400,0352,1783242986,2026-07-05T09:16:55Z,2026-07-05T09:16:55Z,2026-07-05T09:16:25Z,2.2,https://gbfs.kappa.fifteen.eu/gbfs/2.2/mobi/en/gbfs.json,https://gbfs.kappa.fifteen.eu/gbfs/2.2/mobi/en/free_bike_status.json,2026-07-05T09:16:54Z,2026-07-05T09:16:54Z
mobi_vancouver,mobi_vancouver_5520efd3-7937-4210-94a9-a8b2a585106e,5520efd3-7937-4210-94a9-a8b2a585106e,49.291597,-123.129158,1,FALSE,FALSE,20400,0200,1783242986,2026-07-05T09:16:55Z,2026-07-05T09:16:55Z,2026-07-05T09:16:25Z,2.2,https://gbfs.kappa.fifteen.eu/gbfs/2.2/mobi/en/gbfs.json,https://gbfs.kappa.fifteen.eu/gbfs/2.2/mobi/en/free_bike_status.json,2026-07-05T09:16:54Z,2026-07-05T09:16:54Z
mobi_vancouver,mobi_vancouver_95734dec-06d1-4f58-9ef1-ba1d03f4aadf,95734dec-06d1-4f58-9ef1-ba1d03f4aadf,49.264019,-123.209176,1,FALSE,FALSE,20400,0716,1783242986,2026-07-05T09:16:55Z,2026-07-05T09:16:55Z,2026-07-05T09:16:25Z,2.2,https://gbfs.kappa.fifteen.eu/gbfs/2.2/mobi/en/gbfs.json,https://gbfs.kappa.fifteen.eu/gbfs/2.2/mobi/en/free_bike_status.json,2026-07-05T09:16:54Z,2026-07-05T09:16:54Z
mobi_vancouver,mobi_vancouver_f9fbd364-e5f0-4fd3-9916-5a5a421154b9,f9fbd364-e5f0-4fd3-9916-5a5a421154b9,49.264019,-123.209176,1,FALSE,FALSE,20400,0716,1783242986,2026-07-05T09:16:55Z,2026-07-05T09:16:55Z,2026-07-05T09:16:25Z,2.2,https://gbfs.kappa.fifteen.eu/gbfs/2.2/mobi/en/gbfs.json,https://gbfs.kappa.fifteen.eu/gbfs/2.2/mobi/en/free_bike_status.json,2026-07-05T09:16:54Z,2026-07-05T09:16:54Z
mobi_vancouver,mobi_vancouver_d91f93af-b192-4466-baa4-c66d38e97685,d91f93af-b192-4466-baa4-c66d38e97685,49.265442,-123.187738,1,FALSE,FALSE,20400,0403,1783242986,2026-07-05T09:16:55Z,2026-07-05T09:16:55Z,2026-07-05T09:16:25Z,2.2,https://gbfs.kappa.fifteen.eu/gbfs/2.2/mobi/en/gbfs.json,https://gbfs.kappa.fifteen.eu/gbfs/2.2/mobi/en/free_bike_status.json,2026-07-05T09:16:54Z,2026-07-05T09:16:54Z
mobi_vancouver,mobi_vancouver_edbdb96f-d792-459c-82f7-ef5bf77b332c,edbdb96f-d792-459c-82f7-ef5bf77b332c,49.266579,-123.248549,1,FALSE,FALSE,20400,2143,1783242986,2026-07-05T09:16:55Z,2026-07-05T09:16:55Z,2026-07-05T09:16:25Z,2.2,https://gbfs.kappa.fifteen.eu/gbfs/2.2/mobi/en/gbfs.json,https://gbfs.kappa.fifteen.eu/gbfs/2.2/mobi/en/free_bike_status.json,2026-07-05T09:16:54Z,2026-07-05T09:16:54Z
mobi_vancouver,mobi_vancouver_e0f1637b-405e-4ab9-8ed2-fb0663e7a5d1,e0f1637b-405e-4ab9-8ed2-fb0663e7a5d1,49.261655,-123.241924,1,FALSE,FALSE,20400,2157,1783242986,2026-07-05T09:16:55Z,2026-07-05T09:16:55Z,2026-07-05T09:16:25Z,2.2,https://gbfs.kappa.fifteen.eu/gbfs/2.2/mobi/en/gbfs.json,https://gbfs.kappa.fifteen.eu/gbfs/2.2/mobi/en/free_bike_status.json,2026-07-05T09:16:54Z,2026-07-05T09:16:54Z
mobi_vancouver,mobi_vancouver_6d3c67dc-2f78-4577-bbc6-958e4edf573a,6d3c67dc-2f78-4577-bbc6-958e4edf573a,49.2661,-123.24568,1,FALSE,FALSE,20400,2154,1783242986,2026-07-05T09:16:55Z,2026-07-05T09:16:55Z,2026-07-05T09:16:25Z,2.2,https://gbfs.kappa.fifteen.eu/gbfs/2.2/mobi/en/gbfs.json,https://gbfs.kappa.fifteen.eu/gbfs/2.2/mobi/en/free_bike_status.json,2026-07-05T09:16:54Z,2026-07-05T09:16:54Z
mobi_vancouver,mobi_vancouver_f93f8a68-5d8f-4742-b609-7d50e9641adf,f93f8a68-5d8f-4742-b609-7d50e9641adf,49.26875,-123.25004,1,FALSE,FALSE,20400,2142,1783242986,2026-07-05T09:16:55Z,2026-07-05T09:16:55Z,2026-07-05T09:16:25Z,2.2,https://gbfs.kappa.fifteen.eu/gbfs/2.2/mobi/en/gbfs.json,https://gbfs.kappa.fifteen.eu/gbfs/2.2/mobi/en/free_bike_status.json,2026-07-05T09:16:54Z,2026-07-05T09:16:54Z
mobi_vancouver,mobi_vancouver_f438845d-d644-4c4f-a43d-2a953082f911,f438845d-d644-4c4f-a43d-2a953082f911,49.262487,-123.114397,1,FALSE,FALSE,20800,0001,1783242986,2026-07-05T09:16:55Z,2026-07-05T09:16:55Z,2026-07-05T09:16:25Z,2.2,https://gbfs.kappa.fifteen.eu/gbfs/2.2/mobi/en/gbfs.json,https://gbfs.kappa.fifteen.eu/gbfs/2.2/mobi/en/free_bike_status.json,2026-07-05T09:16:54Z,2026-07-05T09:16:54Z
mobi_vancouver,mobi_vancouver_3671de41-fda3-4178-b7f9-7d85c1e6df4a,3671de41-fda3-4178-b7f9-7d85c1e6df4a,49.264215,-123.117772,1,FALSE,FALSE,20800,0008,1783242986,2026-07-05T09:16:55Z,2026-07-05T09:16:55Z,2026-07-05T09:16:25Z,2.2,https://gbfs.kappa.fifteen.eu/gbfs/2.2/mobi/en/gbfs.json,https://gbfs.kappa.fifteen.eu/gbfs/2.2/mobi/en/free_bike_status.json,2026-07-05T09:16:54Z,2026-07-05T09:16:54Z
mobi_vancouver,mobi_vancouver_a0559a93-2aa9-4d6a-9db4-8fbb430c6210,a0559a93-2aa9-4d6a-9db4-8fbb430c6210,49.285512,-123.1384,1,FALSE,FALSE,20800,0040,1783242986,2026-07-05T09:16:55Z,2026-07-05T09:16:55Z,2026-07-05T09:16:25Z,2.2,https://gbfs.kappa.fifteen.eu/gbfs/2.2/mobi/en/gbfs.json,https://gbfs.kappa.fifteen.eu/gbfs/2.2/mobi/en/free_bike_status.json,2026-07-05T09:16:54Z,2026-07-05T09:16:54Z
mobi_vancouver,mobi_vancouver_e7e8f0a6-9a1e-4efb-b040-6b13ba2661b8,e7e8f0a6-9a1e-4efb-b040-6b13ba2661b8,49.285512,-123.1384,1,FALSE,FALSE,20800,0040,1783242986,2026-07-05T09:16:55Z,2026-07-05T09:16:55Z,2026-07-05T09:16:25Z,2.2,https://gbfs.kappa.fifteen.eu/gbfs/2.2/mobi/en/gbfs.json,https://gbfs.kappa.fifteen.eu/gbfs/2.2/mobi/en/free_bike_status.json,2026-07-05T09:16:54Z,2026-07-05T09:16:54Z
mobi_vancouver,mobi_vancouver_7182d178-440c-4548-90b9-722a961b1f3a,7182d178-440c-4548-90b9-722a961b1f3a,49.289255,-123.132677,1,FALSE,FALSE,20800,0041,1783242986,2026-07-05T09:16:55Z,2026-07-05T09:16:55Z,2026-07-05T09:16:25Z,2.2,https://gbfs.kappa.fifteen.eu/gbfs/2.2/mobi/en/gbfs.json,https://gbfs.kappa.fifteen.eu/gbfs/2.2/mobi/en/free_bike_status.json,2026-07-05T09:16:54Z,2026-07-05T09:16:54Z
mobi_vancouver,mobi_vancouver_b6bf16f3-07e8-4464-9fc0-86168a93db1f,b6bf16f3-07e8-4464-9fc0-86168a93db1f,49.25919,-123.148268,1,FALSE,FALSE,20800,0114,1783242986,2026-07-05T09:16:55Z,2026-07-05T09:16:55Z,2026-07-05T09:16:25Z,2.2,https://gbfs.kappa.fifteen.eu/gbfs/2.2/mobi/en/gbfs.json,https://gbfs.kappa.fifteen.eu/gbfs/2.2/mobi/en/free_bike_status.json,2026-07-05T09:16:54Z,2026-07-05T09:16:54Z
mobi_vancouver,mobi_vancouver_e37f25fa-de12-4d08-9778-cc3d90faf336,e37f25fa-de12-4d08-9778-cc3d90faf336,49.285253,-123.134356,1,FALSE,FALSE,20800,0048,1783242986,2026-07-05T09:16:55Z,2026-07-05T09:16:55Z,2026-07-05T09:16:25Z,2.2,https://gbfs.kappa.fifteen.eu/gbfs/2.2/mobi/en/gbfs.json,https://gbfs.kappa.fifteen.eu/gbfs/2.2/mobi/en/free_bike_status.json,2026-07-05T09:16:54Z,2026-07-05T09:16:54Z
mobi_vancouver,mobi_vancouver_0858a66f-700d-4597-9f15-03b6b349815a,0858a66f-700d-4597-9f15-03b6b349815a,49.285253,-123.134356,1,FALSE,FALSE,20800,0048,1783242986,2026-07-05T09:16:55Z,2026-07-05T09:16:55Z,2026-07-05T09:16:25Z,2.2,https://gbfs.kappa.fifteen.eu/gbfs/2.2/mobi/en/gbfs.json,https://gbfs.kappa.fifteen.eu/gbfs/2.2/mobi/en/free_bike_status.json,2026-07-05T09:16:54Z,2026-07-05T09:16:54Z
mobi_vancouver,mobi_vancouver_2ffebb2c-a869-443a-849e-218c65fc45a2,2ffebb2c-a869-443a-849e-218c65fc45a2,49.283343,-123.131099,1,FALSE,FALSE,20800,0050,1783242986,2026-07-05T09:16:55Z,2026-07-05T09:16:55Z,2026-07-05T09:16:25Z,2.2,https://gbfs.kappa.fifteen.eu/gbfs/2.2/mobi/en/gbfs.json,https://gbfs.kappa.fifteen.eu/gbfs/2.2/mobi/en/free_bike_status.json,2026-07-05T09:16:54Z,2026-07-05T09:16:54Z
mobi_vancouver,mobi_vancouver_a0ebf053-681f-4abd-8076-3d3834cceff6,a0ebf053-681f-4abd-8076-3d3834cceff6,49.279739,-123.116251,1,FALSE,FALSE,20800,0025,1783242986,2026-07-05T09:16:55Z,2026-07-05T09:16:55Z,2026-07-05T09:16:25Z,2.2,https://gbfs.kappa.fifteen.eu/gbfs/2.2/mobi/en/gbfs.json,https://gbfs.kappa.fifteen.eu/gbfs/2.2/mobi/en/free_bike_status.json,2026-07-05T09:16:54Z,2026-07-05T09:16:54Z
mobi_vancouver,mobi_vancouver_22d00fd0-a918-4f89-b27e-f9acfa21af83,22d00fd0-a918-4f89-b27e-f9acfa21af83,49.273833,-123.114373,1,FALSE,FALSE,20800,0057,1783242986,2026-07-05T09:16:55Z,2026-07-05T09:16:55Z,2026-07-05T09:16:25Z,2.2,https://gbfs.kappa.fifteen.eu/gbfs/2.2/mobi/en/gbfs.json,https://gbfs.kappa.fifteen.eu/gbfs/2.2/mobi/en/free_bike_status.json,2026-07-05T09:16:54Z,2026-07-05T09:16:54Z
mobi_vancouver,mobi_vancouver_956d6896-c123-4a42-b01d-823bb935655f,956d6896-c123-4a42-b01d-823bb935655f,49.279821,-123.10802,1,FALSE,FALSE,20800,0053,1783242986,2026-07-05T09:16:55Z,2026-07-05T09:16:55Z,2026-07-05T09:16:25Z,2.2,https://gbfs.kappa.fifteen.eu/gbfs/2.2/mobi/en/gbfs.json,https://gbfs.kappa.fifteen.eu/gbfs/2.2/mobi/en/free_bike_status.json,2026-07-05T09:16:54Z,2026-07-05T09:16:54Z
mobi_vancouver,mobi_vancouver_42599802-0c6f-425d-9dfd-d08be3400d19,42599802-0c6f-425d-9dfd-d08be3400d19,49.265605,-123.152566,1,FALSE,FALSE,20800,0109,1783242986,2026-07-05T09:16:55Z,2026-07-05T09:16:55Z,2026-07-05T09:16:25Z,2.2,https://gbfs.kappa.fifteen.eu/gbfs/2.2/mobi/en/gbfs.json,https://gbfs.kappa.fifteen.eu/gbfs/2.2/mobi/en/free_bike_status.json,2026-07-05T09:16:54Z,2026-07-05T09:16:54Z
mobi_vancouver,mobi_vancouver_642243b4-90a4-4898-8279-0cc38f1a1fae,642243b4-90a4-4898-8279-0cc38f1a1fae,49.280216,-123.117639,2,FALSE,FALSE,20800,0129,1783242986,2026-07-05T09:16:55Z,2026-07-05T09:16:55Z,2026-07-05T09:16:25Z,2.2,https://gbfs.kappa.fifteen.eu/gbfs/2.2/mobi/en/gbfs.json,https://gbfs.kappa.fifteen.eu/gbfs/2.2/mobi/en/free_bike_status.json,2026-07-05T09:16:54Z,2026-07-05T09:16:54Z
mobi_vancouver,mobi_vancouver_991332e7-ff19-4c1c-bd86-80c28ebf9b51,991332e7-ff19-4c1c-bd86-80c28ebf9b51,49.287528,-123.142139,1,FALSE,FALSE,20800,0028,1783242986,2026-07-05T09:16:55Z,2026-07-05T09:16:55Z,2026-07-05T09:16:25Z,2.2,https://gbfs.kappa.fifteen.eu/gbfs/2.2/mobi/en/gbfs.json,https://gbfs.kappa.fifteen.eu/gbfs/2.2/mobi/en/free_bike_status.json,2026-07-05T09:16:54Z,2026-07-05T09:16:54Z
mobi_vancouver,mobi_vancouver_522ca665-23f8-4e2a-b5a2-f35d4eca71a8,522ca665-23f8-4e2a-b5a2-f35d4eca71a8,49.287528,-123.142139,1,FALSE,FALSE,20800,0028,1783242986,2026-07-05T09:16:55Z,2026-07-05T09:16:55Z,2026-07-05T09:16:25Z,2.2,https://gbfs.kappa.fifteen.eu/gbfs/2.2/mobi/en/gbfs.json,https://gbfs.kappa.fifteen.eu/gbfs/2.2/mobi/en/free_bike_status.json,2026-07-05T09:16:54Z,2026-07-05T09:16:54Z
mobi_vancouver,mobi_vancouver_ad0248c0-a00d-49a1-aca5-0f001f6e12a8,ad0248c0-a00d-49a1-aca5-0f001f6e12a8,49.277844,-123.120942,1,FALSE,FALSE,20800,0079,1783242986,2026-07-05T09:16:55Z,2026-07-05T09:16:55Z,2026-07-05T09:16:25Z,2.2,https://gbfs.kappa.fifteen.eu/gbfs/2.2/mobi/en/gbfs.json,https://gbfs.kappa.fifteen.eu/gbfs/2.2/mobi/en/free_bike_status.json,2026-07-05T09:16:54Z,2026-07-05T09:16:54Z
mobi_vancouver,mobi_vancouver_b2b5a74e-f185-43db-b190-72d915177f36,b2b5a74e-f185-43db-b190-72d915177f36,49.293257,-123.138563,1,FALSE,FALSE,20800,0093,1783242986,2026-07-05T09:16:55Z,2026-07-05T09:16:55Z,2026-07-05T09:16:25Z,2.2,https://gbfs.kappa.fifteen.eu/gbfs/2.2/mobi/en/gbfs.json,https://gbfs.kappa.fifteen.eu/gbfs/2.2/mobi/en/free_bike_status.json,2026-07-05T09:16:54Z,2026-07-05T09:16:54Z
mobi_vancouver,mobi_vancouver_0ef36692-4d1e-4659-9548-2821a2917b92,0ef36692-4d1e-4659-9548-2821a2917b92,49.273568,-123.129935,1,FALSE,FALSE,20800,0137,1783242986,2026-07-05T09:16:55Z,2026-07-05T09:16:55Z,2026-07-05T09:16:25Z,2.2,https://gbfs.kappa.fifteen.eu/gbfs/2.2/mobi/en/gbfs.json,https://gbfs.kappa.fifteen.eu/gbfs/2.2/mobi/en/free_bike_status.json,2026-07-05T09:16:54Z,2026-07-05T09:16:54Z
mobi_vancouver,mobi_vancouver_b8518ef4-aaa5-41bb-b71c-d24456194a4b,b8518ef4-aaa5-41bb-b71c-d24456194a4b,49.284605,-123.108662,1,FALSE,FALSE,20800,0052,1783242986,2026-07-05T09:16:55Z,2026-07-05T09:16:55Z,2026-07-05T09:16:25Z,2.2,https://gbfs.kappa.fifteen.eu/gbfs/2.2/mobi/en/gbfs.json,https://gbfs.kappa.fifteen.eu/gbfs/2.2/mobi/en/free_bike_status.json,2026-07-05T09:16:54Z,2026-07-05T09:16:54Z
mobi_vancouver,mobi_vancouver_9ebb3fda-00b8-43a1-9f9c-716f002fa3f2,9ebb3fda-00b8-43a1-9f9c-716f002fa3f2,49.257654,-123.153212,1,FALSE,FALSE,20800,0113,1783242986,2026-07-05T09:16:55Z,2026-07-05T09:16:55Z,2026-07-05T09:16:25Z,2.2,https://gbfs.kappa.fifteen.eu/gbfs/2.2/mobi/en/gbfs.json,https://gbfs.kappa.fifteen.eu/gbfs/2.2/mobi/en/free_bike_status.json,2026-07-05T09:16:54Z,2026-07-05T09:16:54Z
mobi_vancouver,mobi_vancouver_2114f313-f766-49ab-ae5e-336c65c017b6,2114f313-f766-49ab-ae5e-336c65c017b6,49.2653,-123.13811,1,FALSE,FALSE,20800,0069,1783242986,2026-07-05T09:16:55Z,2026-07-05T09:16:55Z,2026-07-05T09:16:25Z,2.2,https://gbfs.kappa.fifteen.eu/gbfs/2.2/mobi/en/gbfs.json,https://gbfs.kappa.fifteen.eu/gbfs/2.2/mobi/en/free_bike_status.json,2026-07-05T09:16:54Z,2026-07-05T09:16:54Z
mobi_vancouver,mobi_vancouver_cf524f74-a373-4d40-9197-0842e5291b21,cf524f74-a373-4d40-9197-0842e5291b21,49.256825,-123.105234,1,FALSE,FALSE,20800,0133,1783242986,2026-07-05T09:16:55Z,2026-07-05T09:16:55Z,2026-07-05T09:16:25Z,2.2,https://gbfs.kappa.fifteen.eu/gbfs/2.2/mobi/en/gbfs.json,https://gbfs.kappa.fifteen.eu/gbfs/2.2/mobi/en/free_bike_status.json,2026-07-05T09:16:54Z,2026-07-05T09:16:54Z
mobi_vancouver,mobi_vancouver_8cd7b284-df10-4aea-bb5e-4234d13a7bf7,8cd7b284-df10-4aea-bb5e-4234d13a7bf7,49.27023,-123.10651,1,FALSE,FALSE,20800,0174,1783242986,2026-07-05T09:16:55Z,2026-07-05T09:16:55Z,2026-07-05T09:16:25Z,2.2,https://gbfs.kappa.fifteen.eu/gbfs/2.2/mobi/en/gbfs.json,https://gbfs.kappa.fifteen.eu/gbfs/2.2/mobi/en/free_bike_status.json,2026-07-05T09:16:54Z,2026-07-05T09:16:54Z
mobi_vancouver,mobi_vancouver_cd1b467f-32a6-4375-b77e-9519899c0773,cd1b467f-32a6-4375-b77e-9519899c0773,49.270721,-123.146175,1,FALSE,FALSE,20800,0108,1783242986,2026-07-05T09:16:55Z,2026-07-05T09:16:55Z,2026-07-05T09:16:25Z,2.2,https://gbfs.kappa.fifteen.eu/gbfs/2.2/mobi/en/gbfs.json,https://gbfs.kappa.fifteen.eu/gbfs/2.2/mobi/en/free_bike_status.json,2026-07-05T09:16:54Z,2026-07-05T09:16:54Z
mobi_vancouver,mobi_vancouver_29abb5e5-72f2-4acc-aa4e-e5d94a0bfd96,29abb5e5-72f2-4acc-aa4e-e5d94a0bfd96,49.273355,-123.154493,1,FALSE,FALSE,20800,0154,1783242986,2026-07-05T09:16:55Z,2026-07-05T09:16:55Z,2026-07-05T09:16:25Z,2.2,https://gbfs.kappa.fifteen.eu/gbfs/2.2/mobi/en/gbfs.json,https://gbfs.kappa.fifteen.eu/gbfs/2.2/mobi/en/free_bike_status.json,2026-07-05T09:16:54Z,2026-07-05T09:16:54Z
mobi_vancouver,mobi_vancouver_fa0e995a-3e71-4245-a18f-d5d5991ccc63,fa0e995a-3e71-4245-a18f-d5d5991ccc63,49.259183,-123.120126,1,FALSE,FALSE,20800,0106,1783242986,2026-07-05T09:16:55Z,2026-07-05T09:16:55Z,2026-07-05T09:16:25Z,2.2,https://gbfs.kappa.fifteen.eu/gbfs/2.2/mobi/en/gbfs.json,https://gbfs.kappa.fifteen.eu/gbfs/2.2/mobi/en/free_bike_status.json,2026-07-05T09:16:54Z,2026-07-05T09:16:54Z
mobi_vancouver,mobi_vancouver_8e38307e-d8a7-4292-a542-1d61f1e1fa9d,8e38307e-d8a7-4292-a542-1d61f1e1fa9d,49.290112,-123.127062,1,FALSE,FALSE,20800,0035,1783242986,2026-07-05T09:16:55Z,2026-07-05T09:16:55Z,2026-07-05T09:16:25Z,2.2,https://gbfs.kappa.fifteen.eu/gbfs/2.2/mobi/en/gbfs.json,https://gbfs.kappa.fifteen.eu/gbfs/2.2/mobi/en/free_bike_status.json,2026-07-05T09:16:54Z,2026-07-05T09:16:54Z
mobi_vancouver,mobi_vancouver_4318c554-e704-4aac-8402-b55a32891200,4318c554-e704-4aac-8402-b55a32891200,49.290112,-123.127062,1,FALSE,FALSE,20800,0035,1783242986,2026-07-05T09:16:55Z,2026-07-05T09:16:55Z,2026-07-05T09:16:25Z,2.2,https://gbfs.kappa.fifteen.eu/gbfs/2.2/mobi/en/gbfs.json,https://gbfs.kappa.fifteen.eu/gbfs/2.2/mobi/en/free_bike_status.json,2026-07-05T09:16:54Z,2026-07-05T09:16:54Z
mobi_vancouver,mobi_vancouver_7db454f0-f284-4037-9b42-f2e9a2bcaed8,7db454f0-f284-4037-9b42-f2e9a2bcaed8,49.258924,-123.152591,1,FALSE,FALSE,20800,0152,1783242986,2026-07-05T09:16:55Z,2026-07-05T09:16:55Z,2026-07-05T09:16:25Z,2.2,https://gbfs.kappa.fifteen.eu/gbfs/2.2/mobi/en/gbfs.json,https://gbfs.kappa.fifteen.eu/gbfs/2.2/mobi/en/free_bike_status.json,2026-07-05T09:16:54Z,2026-07-05T09:16:54Z
mobi_vancouver,mobi_vancouver_70dd7e91-fd33-410d-b598-1ac684466a74,70dd7e91-fd33-410d-b598-1ac684466a74,49.262822,-123.14338,1,FALSE,FALSE,20800,0205,1783242986,2026-07-05T09:16:55Z,2026-07-05T09:16:55Z,2026-07-05T09:16:25Z,2.2,https://gbfs.kappa.fifteen.eu/gbfs/2.2/mobi/en/gbfs.json,https://gbfs.kappa.fifteen.eu/gbfs/2.2/mobi/en/free_bike_status.json,2026-07-05T09:16:54Z,2026-07-05T09:16:54Z
mobi_vancouver,mobi_vancouver_33badcb9-336d-4c6f-81c6-cf0b5627eacb,33badcb9-336d-4c6f-81c6-cf0b5627eacb,49.262822,-123.14338,1,FALSE,FALSE,20800,0205,1783242986,2026-07-05T09:16:55Z,2026-07-05T09:16:55Z,2026-07-05T09:16:25Z,2.2,https://gbfs.kappa.fifteen.eu/gbfs/2.2/mobi/en/gbfs.json,https://gbfs.kappa.fifteen.eu/gbfs/2.2/mobi/en/free_bike_status.json,2026-07-05T09:16:54Z,2026-07-05T09:16:54Z
mobi_vancouver,mobi_vancouver_c70f7108-f836-4ef7-8fcb-a6de059ca2c7,c70f7108-f836-4ef7-8fcb-a6de059ca2c7,49.297933,-123.130758,1,FALSE,FALSE,20800,0209,1783242986,2026-07-05T09:16:55Z,2026-07-05T09:16:55Z,2026-07-05T09:16:25Z,2.2,https://gbfs.kappa.fifteen.eu/gbfs/2.2/mobi/en/gbfs.json,https://gbfs.kappa.fifteen.eu/gbfs/2.2/mobi/en/free_bike_status.json,2026-07-05T09:16:54Z,2026-07-05T09:16:54Z
mobi_vancouver,mobi_vancouver_3609d3d4-887c-48a8-a679-e6c48cce828a,3609d3d4-887c-48a8-a679-e6c48cce828a,49.266774,-123.141135,1,FALSE,FALSE,20800,0153,1783242986,2026-07-05T09:16:55Z,2026-07-05T09:16:55Z,2026-07-05T09:16:25Z,2.2,https://gbfs.kappa.fifteen.eu/gbfs/2.2/mobi/en/gbfs.json,https://gbfs.kappa.fifteen.eu/gbfs/2.2/mobi/en/free_bike_status.json,2026-07-05T09:16:54Z,2026-07-05T09:16:54Z
mobi_vancouver,mobi_vancouver_e4de85f3-3b7f-4c22-ae53-8aab9ce72bed,e4de85f3-3b7f-4c22-ae53-8aab9ce72bed,49.265336,-123.145823,1,FALSE,FALSE,20800,0140,1783242986,2026-07-05T09:16:55Z,2026-07-05T09:16:55Z,2026-07-05T09:16:25Z,2.2,https://gbfs.kappa.fifteen.eu/gbfs/2.2/mobi/en/gbfs.json,https://gbfs.kappa.fifteen.eu/gbfs/2.2/mobi/en/free_bike_status.json,2026-07-05T09:16:54Z,2026-07-05T09:16:54Z
mobi_vancouver,mobi_vancouver_bbb00295-5121-427a-8f88-58136f30120f,bbb00295-5121-427a-8f88-58136f30120f,49.270905,-123.126006,1,FALSE,FALSE,20800,0136,1783242986,2026-07-05T09:16:55Z,2026-07-05T09:16:55Z,2026-07-05T09:16:25Z,2.2,https://gbfs.kappa.fifteen.eu/gbfs/2.2/mobi/en/gbfs.json,https://gbfs.kappa.fifteen.eu/gbfs/2.2/mobi/en/free_bike_status.json,2026-07-05T09:16:54Z,2026-07-05T09:16:54Z
mobi_vancouver,mobi_vancouver_628ec876-d02c-48ea-a5b6-933dd09a4e91,628ec876-d02c-48ea-a5b6-933dd09a4e91,49.267628,-123.127698,1,FALSE,FALSE,20800,0143,1783242986,2026-07-05T09:16:55Z,2026-07-05T09:16:55Z,2026-07-05T09:16:25Z,2.2,https://gbfs.kappa.fifteen.eu/gbfs/2.2/mobi/en/gbfs.json,https://gbfs.kappa.fifteen.eu/gbfs/2.2/mobi/en/free_bike_status.json,2026-07-05T09:16:54Z,2026-07-05T09:16:54Z
mobi_vancouver,mobi_vancouver_7f16d2aa-13d5-4f31-a167-219b4eb69080,7f16d2aa-13d5-4f31-a167-219b4eb69080,49.267628,-123.127698,1,FALSE,FALSE,20800,0143,1783242986,2026-07-05T09:16:55Z,2026-07-05T09:16:55Z,2026-07-05T09:16:25Z,2.2,https://gbfs.kappa.fifteen.eu/gbfs/2.2/mobi/en/gbfs.json,https://gbfs.kappa.fifteen.eu/gbfs/2.2/mobi/en/free_bike_status.json,2026-07-05T09:16:54Z,2026-07-05T09:16:54Z
mobi_vancouver,mobi_vancouver_62d0ca6e-15eb-4343-87d6-00d9d960e619,62d0ca6e-15eb-4343-87d6-00d9d960e619,49.262321,-123.09306,1,FALSE,FALSE,20800,0248,1783242986,2026-07-05T09:16:55Z,2026-07-05T09:16:55Z,2026-07-05T09:16:25Z,2.2,https://gbfs.kappa.fifteen.eu/gbfs/2.2/mobi/en/gbfs.json,https://gbfs.kappa.fifteen.eu/gbfs/2.2/mobi/en/free_bike_status.json,2026-07-05T09:16:54Z,2026-07-05T09:16:54Z
mobi_vancouver,mobi_vancouver_bf81a84c-12db-49d5-9309-97bd4712a28c,bf81a84c-12db-49d5-9309-97bd4712a28c,49.261263,-123.073707,1,FALSE,FALSE,20800,0245,1783242986,2026-07-05T09:16:55Z,2026-07-05T09:16:55Z,2026-07-05T09:16:25Z,2.2,https://gbfs.kappa.fifteen.eu/gbfs/2.2/mobi/en/gbfs.json,https://gbfs.kappa.fifteen.eu/gbfs/2.2/mobi/en/free_bike_status.json,2026-07-05T09:16:54Z,2026-07-05T09:16:54Z
mobi_vancouver,mobi_vancouver_369cba5a-40cb-4a38-86b8-3b588d7d1078,369cba5a-40cb-4a38-86b8-3b588d7d1078,49.271377,-123.069416,1,FALSE,FALSE,20800,0239,1783242986,2026-07-05T09:16:55Z,2026-07-05T09:16:55Z,2026-07-05T09:16:25Z,2.2,https://gbfs.kappa.fifteen.eu/gbfs/2.2/mobi/en/gbfs.json,https://gbfs.kappa.fifteen.eu/gbfs/2.2/mobi/en/free_bike_status.json,2026-07-05T09:16:54Z,2026-07-05T09:16:54Z
mobi_vancouver,mobi_vancouver_0210a2b0-9db6-47d7-8eed-7accfd04a2d4,0210a2b0-9db6-47d7-8eed-7accfd04a2d4,49.274881,-123.069323,1,FALSE,FALSE,20800,0231,1783242986,2026-07-05T09:16:55Z,2026-07-05T09:16:55Z,2026-07-05T09:16:25Z,2.2,https://gbfs.kappa.fifteen.eu/gbfs/2.2/mobi/en/gbfs.json,https://gbfs.kappa.fifteen.eu/gbfs/2.2/mobi/en/free_bike_status.json,2026-07-05T09:16:54Z,2026-07-05T09:16:54Z
mobi_vancouver,mobi_vancouver_957761ed-faaa-486d-be3c-fbe1bcfcdf70,957761ed-faaa-486d-be3c-fbe1bcfcdf70,49.284062,-123.095097,1,FALSE,FALSE,20800,0161,1783242986,2026-07-05T09:16:55Z,2026-07-05T09:16:55Z,2026-07-05T09:16:25Z,2.2,https://gbfs.kappa.fifteen.eu/gbfs/2.2/mobi/en/gbfs.json,https://gbfs.kappa.fifteen.eu/gbfs/2.2/mobi/en/free_bike_status.json,2026-07-05T09:16:54Z,2026-07-05T09:16:54Z
mobi_vancouver,mobi_vancouver_cee71e60-291c-4c9e-85cd-d2d3a387afee,cee71e60-291c-4c9e-85cd-d2d3a387afee,49.28567,-123.112543,1,FALSE,FALSE,20800,0021,1783242986,2026-07-05T09:16:55Z,2026-07-05T09:16:55Z,2026-07-05T09:16:25Z,2.2,https://gbfs.kappa.fifteen.eu/gbfs/2.2/mobi/en/gbfs.json,https://gbfs.kappa.fifteen.eu/gbfs/2.2/mobi/en/free_bike_status.json,2026-07-05T09:16:54Z,2026-07-05T09:16:54Z
mobi_vancouver,mobi_vancouver_5f0882c9-0284-4f7e-a55e-229971ae3928,5f0882c9-0284-4f7e-a55e-229971ae3928,49.258817,-123.092797,1,FALSE,FALSE,20800,0258,1783242986,2026-07-05T09:16:55Z,2026-07-05T09:16:55Z,2026-07-05T09:16:25Z,2.2,https://gbfs.kappa.fifteen.eu/gbfs/2.2/mobi/en/gbfs.json,https://gbfs.kappa.fifteen.eu/gbfs/2.2/mobi/en/free_bike_status.json,2026-07-05T09:16:54Z,2026-07-05T09:16:54Z
mobi_vancouver,mobi_vancouver_604f1fa0-c58e-4101-ad56-8b8376343d32,604f1fa0-c58e-4101-ad56-8b8376343d32,49.267266,-123.090786,1,FALSE,FALSE,20800,0287,1783242986,2026-07-05T09:16:55Z,2026-07-05T09:16:55Z,2026-07-05T09:16:25Z,2.2,https://gbfs.kappa.fifteen.eu/gbfs/2.2/mobi/en/gbfs.json,https://gbfs.kappa.fifteen.eu/gbfs/2.2/mobi/en/free_bike_status.json,2026-07-05T09:16:54Z,2026-07-05T09:16:54Z
mobi_vancouver,mobi_vancouver_51287375-5fbd-4e39-97f7-b84f9b94649f,51287375-5fbd-4e39-97f7-b84f9b94649f,49.280332,-123.070068,1,FALSE,FALSE,20800,0224,1783242986,2026-07-05T09:16:55Z,2026-07-05T09:16:55Z,2026-07-05T09:16:25Z,2.2,https://gbfs.kappa.fifteen.eu/gbfs/2.2/mobi/en/gbfs.json,https://gbfs.kappa.fifteen.eu/gbfs/2.2/mobi/en/free_bike_status.json,2026-07-05T09:16:54Z,2026-07-05T09:16:54Z
mobi_vancouver,mobi_vancouver_10847825-b824-4db3-aed6-5d89e270d4eb,10847825-b824-4db3-aed6-5d89e270d4eb,49.280332,-123.070068,1,FALSE,FALSE,20800,0224,1783242986,2026-07-05T09:16:55Z,2026-07-05T09:16:55Z,2026-07-05T09:16:25Z,2.2,https://gbfs.kappa.fifteen.eu/gbfs/2.2/mobi/en/gbfs.json,https://gbfs.kappa.fifteen.eu/gbfs/2.2/mobi/en/free_bike_status.json,2026-07-05T09:16:54Z,2026-07-05T09:16:54Z
mobi_vancouver,mobi_vancouver_c00a68c2-6aa6-4471-8a62-b7b2fa9d4bb9,c00a68c2-6aa6-4471-8a62-b7b2fa9d4bb9,49.261188,-123.066009,1,FALSE,FALSE,20800,0274,1783242986,2026-07-05T09:16:55Z,2026-07-05T09:16:55Z,2026-07-05T09:16:25Z,2.2,https://gbfs.kappa.fifteen.eu/gbfs/2.2/mobi/en/gbfs.json,https://gbfs.kappa.fifteen.eu/gbfs/2.2/mobi/en/free_bike_status.json,2026-07-05T09:16:54Z,2026-07-05T09:16:54Z
mobi_vancouver,mobi_vancouver_6ac005ae-7100-460a-a18e-475a7da8f1bb,6ac005ae-7100-460a-a18e-475a7da8f1bb,49.263746,-123.069892,1,FALSE,FALSE,20800,0273,1783242986,2026-07-05T09:16:55Z,2026-07-05T09:16:55Z,2026-07-05T09:16:25Z,2.2,https://gbfs.kappa.fifteen.eu/gbfs/2.2/mobi/en/gbfs.json,https://gbfs.kappa.fifteen.eu/gbfs/2.2/mobi/en/free_bike_status.json,2026-07-05T09:16:54Z,2026-07-05T09:16:54Z
mobi_vancouver,mobi_vancouver_eda4802d-3f74-462e-b0c8-ce935e66dbea,eda4802d-3f74-462e-b0c8-ce935e66dbea,49.280427,-123.074082,1,FALSE,FALSE,20800,0225,1783242986,2026-07-05T09:16:55Z,2026-07-05T09:16:55Z,2026-07-05T09:16:25Z,2.2,https://gbfs.kappa.fifteen.eu/gbfs/2.2/mobi/en/gbfs.json,https://gbfs.kappa.fifteen.eu/gbfs/2.2/mobi/en/free_bike_status.json,2026-07-05T09:16:54Z,2026-07-05T09:16:54Z
mobi_vancouver,mobi_vancouver_665a7a3e-d05a-45d4-a7f4-81909c843eed,665a7a3e-d05a-45d4-a7f4-81909c843eed,49.256694,-123.096579,1,FALSE,FALSE,20800,0256,1783242986,2026-07-05T09:16:55Z,2026-07-05T09:16:55Z,2026-07-05T09:16:25Z,2.2,https://gbfs.kappa.fifteen.eu/gbfs/2.2/mobi/en/gbfs.json,https://gbfs.kappa.fifteen.eu/gbfs/2.2/mobi/en/free_bike_status.json,2026-07-05T09:16:54Z,2026-07-05T09:16:54Z
mobi_vancouver,mobi_vancouver_97ac15f1-9874-4fe9-861e-9555df87d47f,97ac15f1-9874-4fe9-861e-9555df87d47f,49.27033,-123.10275,1,FALSE,FALSE,20800,0177,1783242986,2026-07-05T09:16:55Z,2026-07-05T09:16:55Z,2026-07-05T09:16:25Z,2.2,https://gbfs.kappa.fifteen.eu/gbfs/2.2/mobi/en/gbfs.json,https://gbfs.kappa.fifteen.eu/gbfs/2.2/mobi/en/free_bike_status.json,2026-07-05T09:16:54Z,2026-07-05T09:16:54Z
mobi_vancouver,mobi_vancouver_8a010073-9332-49c9-80e6-4be8f2e0d0d3,8a010073-9332-49c9-80e6-4be8f2e0d0d3,49.277333,-123.087359,1,FALSE,FALSE,20800,0219,1783242986,2026-07-05T09:16:55Z,2026-07-05T09:16:55Z,2026-07-05T09:16:25Z,2.2,https://gbfs.kappa.fifteen.eu/gbfs/2.2/mobi/en/gbfs.json,https://gbfs.kappa.fifteen.eu/gbfs/2.2/mobi/en/free_bike_status.json,2026-07-05T09:16:54Z,2026-07-05T09:16:54Z
mobi_vancouver,mobi_vancouver_69ab6faa-faeb-4367-aa5e-5e3c0e9a3d2f,69ab6faa-faeb-4367-aa5e-5e3c0e9a3d2f,49.277333,-123.087359,1,FALSE,FALSE,20800,0219,1783242986,2026-07-05T09:16:55Z,2026-07-05T09:16:55Z,2026-07-05T09:16:25Z,2.2,https://gbfs.kappa.fifteen.eu/gbfs/2.2/mobi/en/gbfs.json,https://gbfs.kappa.fifteen.eu/gbfs/2.2/mobi/en/free_bike_status.json,2026-07-05T09:16:54Z,2026-07-05T09:16:54Z
mobi_vancouver,mobi_vancouver_a4426b47-05f9-4252-8ec5-2298c0b0469b,a4426b47-05f9-4252-8ec5-2298c0b0469b,49.284893,-123.128685,1,FALSE,FALSE,20800,0300,1783242986,2026-07-05T09:16:55Z,2026-07-05T09:16:55Z,2026-07-05T09:16:25Z,2.2,https://gbfs.kappa.fifteen.eu/gbfs/2.2/mobi/en/gbfs.json,https://gbfs.kappa.fifteen.eu/gbfs/2.2/mobi/en/free_bike_status.json,2026-07-05T09:16:54Z,2026-07-05T09:16:54Z
mobi_vancouver,mobi_vancouver_fe9cce3d-1afb-4497-a422-d66c90695114,fe9cce3d-1afb-4497-a422-d66c90695114,49.284893,-123.128685,1,FALSE,FALSE,20800,0300,1783242986,2026-07-05T09:16:55Z,2026-07-05T09:16:55Z,2026-07-05T09:16:25Z,2.2,https://gbfs.kappa.fifteen.eu/gbfs/2.2/mobi/en/gbfs.json,https://gbfs.kappa.fifteen.eu/gbfs/2.2/mobi/en/free_bike_status.json,2026-07-05T09:16:54Z,2026-07-05T09:16:54Z
mobi_vancouver,mobi_vancouver_3b8a9470-7c66-4a8b-bf00-fc57fb3bb9c0,3b8a9470-7c66-4a8b-bf00-fc57fb3bb9c0,49.284893,-123.128685,1,FALSE,FALSE,20800,0300,1783242986,2026-07-05T09:16:55Z,2026-07-05T09:16:55Z,2026-07-05T09:16:25Z,2.2,https://gbfs.kappa.fifteen.eu/gbfs/2.2/mobi/en/gbfs.json,https://gbfs.kappa.fifteen.eu/gbfs/2.2/mobi/en/free_bike_status.json,2026-07-05T09:16:54Z,2026-07-05T09:16:54Z
mobi_vancouver,mobi_vancouver_292c315b-1065-487a-a47a-7dc9b219782d,292c315b-1065-487a-a47a-7dc9b219782d,49.284554,-123.111031,1,FALSE,FALSE,20800,0124,1783242986,2026-07-05T09:16:55Z,2026-07-05T09:16:55Z,2026-07-05T09:16:25Z,2.2,https://gbfs.kappa.fifteen.eu/gbfs/2.2/mobi/en/gbfs.json,https://gbfs.kappa.fifteen.eu/gbfs/2.2/mobi/en/free_bike_status.json,2026-07-05T09:16:54Z,2026-07-05T09:16:54Z
mobi_vancouver,mobi_vancouver_9cacdefa-11a6-4695-830f-55f883b6286a,9cacdefa-11a6-4695-830f-55f883b6286a,49.28512,-123.11242,1,FALSE,FALSE,20800,0308,1783242986,2026-07-05T09:16:55Z,2026-07-05T09:16:55Z,2026-07-05T09:16:25Z,2.2,https://gbfs.kappa.fifteen.eu/gbfs/2.2/mobi/en/gbfs.json,https://gbfs.kappa.fifteen.eu/gbfs/2.2/mobi/en/free_bike_status.json,2026-07-05T09:16:54Z,2026-07-05T09:16:54Z
mobi_vancouver,mobi_vancouver_146ee9e6-9a92-4f13-afff-3f6d60f805a5,146ee9e6-9a92-4f13-afff-3f6d60f805a5,49.286646,-123.129232,1,FALSE,FALSE,20800,0310,1783242986,2026-07-05T09:16:55Z,2026-07-05T09:16:55Z,2026-07-05T09:16:25Z,2.2,https://gbfs.kappa.fifteen.eu/gbfs/2.2/mobi/en/gbfs.json,https://gbfs.kappa.fifteen.eu/gbfs/2.2/mobi/en/free_bike_status.json,2026-07-05T09:16:54Z,2026-07-05T09:16:54Z
mobi_vancouver,mobi_vancouver_b2e9b91d-18b2-4168-a33d-6fb2be31255e,b2e9b91d-18b2-4168-a33d-6fb2be31255e,49.27247,-123.185643,1,FALSE,FALSE,20800,0410,1783242986,2026-07-05T09:16:55Z,2026-07-05T09:16:55Z,2026-07-05T09:16:25Z,2.2,https://gbfs.kappa.fifteen.eu/gbfs/2.2/mobi/en/gbfs.json,https://gbfs.kappa.fifteen.eu/gbfs/2.2/mobi/en/free_bike_status.json,2026-07-05T09:16:54Z,2026-07-05T09:16:54Z
mobi_vancouver,mobi_vancouver_0c017227-dd98-4ed2-ae63-4a61d4458ebf,0c017227-dd98-4ed2-ae63-4a61d4458ebf,49.271471,-123.17731,1,FALSE,FALSE,20800,0440,1783242986,2026-07-05T09:16:55Z,2026-07-05T09:16:55Z,2026-07-05T09:16:25Z,2.2,https://gbfs.kappa.fifteen.eu/gbfs/2.2/mobi/en/gbfs.json,https://gbfs.kappa.fifteen.eu/gbfs/2.2/mobi/en/free_bike_status.json,2026-07-05T09:16:54Z,2026-07-05T09:16:54Z
mobi_vancouver,mobi_vancouver_9a98a142-f2de-4535-af13-736733dace72,9a98a142-f2de-4535-af13-736733dace72,49.272969,-123.164325,1,FALSE,FALSE,20800,0460,1783242986,2026-07-05T09:16:55Z,2026-07-05T09:16:55Z,2026-07-05T09:16:25Z,2.2,https://gbfs.kappa.fifteen.eu/gbfs/2.2/mobi/en/gbfs.json,https://gbfs.kappa.fifteen.eu/gbfs/2.2/mobi/en/free_bike_status.json,2026-07-05T09:16:54Z,2026-07-05T09:16:54Z
mobi_vancouver,mobi_vancouver_8c15d5c7-9098-4eb3-a2d1-16946d06ad58,8c15d5c7-9098-4eb3-a2d1-16946d06ad58,49.264579,-123.18373,1,FALSE,FALSE,20800,0415,1783242986,2026-07-05T09:16:55Z,2026-07-05T09:16:55Z,2026-07-05T09:16:25Z,2.2,https://gbfs.kappa.fifteen.eu/gbfs/2.2/mobi/en/gbfs.json,https://gbfs.kappa.fifteen.eu/gbfs/2.2/mobi/en/free_bike_status.json,2026-07-05T09:16:54Z,2026-07-05T09:16:54Z
mobi_vancouver,mobi_vancouver_bde574d3-cc7b-4db9-8e96-9ef1da680312,bde574d3-cc7b-4db9-8e96-9ef1da680312,49.264928,-123.168068,1,FALSE,FALSE,20800,0452,1783242986,2026-07-05T09:16:55Z,2026-07-05T09:16:55Z,2026-07-05T09:16:25Z,2.2,https://gbfs.kappa.fifteen.eu/gbfs/2.2/mobi/en/gbfs.json,https://gbfs.kappa.fifteen.eu/gbfs/2.2/mobi/en/free_bike_status.json,2026-07-05T09:16:54Z,2026-07-05T09:16:54Z
mobi_vancouver,mobi_vancouver_a398ab0d-60c4-49a1-8dff-90d73c025bcc,a398ab0d-60c4-49a1-8dff-90d73c025bcc,49.273011,-123.159663,1,FALSE,FALSE,20800,0470,1783242986,2026-07-05T09:16:55Z,2026-07-05T09:16:55Z,2026-07-05T09:16:25Z,2.2,https://gbfs.kappa.fifteen.eu/gbfs/2.2/mobi/en/gbfs.json,https://gbfs.kappa.fifteen.eu/gbfs/2.2/mobi/en/free_bike_status.json,2026-07-05T09:16:54Z,2026-07-05T09:16:54Z
mobi_vancouver,mobi_vancouver_5e5470ef-69da-45f5-9312-bcd4ae5b8518,5e5470ef-69da-45f5-9312-bcd4ae5b8518,49.266636,-123.183661,1,FALSE,FALSE,20800,0414,1783242986,2026-07-05T09:16:55Z,2026-07-05T09:16:55Z,2026-07-05T09:16:25Z,2.2,https://gbfs.kappa.fifteen.eu/gbfs/2.2/mobi/en/gbfs.json,https://gbfs.kappa.fifteen.eu/gbfs/2.2/mobi/en/free_bike_status.json,2026-07-05T09:16:54Z,2026-07-05T09:16:54Z
mobi_vancouver,mobi_vancouver_5ccc8a87-5fac-4c0f-b04c-17c8fc5e6865,5ccc8a87-5fac-4c0f-b04c-17c8fc5e6865,49.245135,-123.116098,1,FALSE,FALSE,20800,0526,1783242986,2026-07-05T09:16:55Z,2026-07-05T09:16:55Z,2026-07-05T09:16:25Z,2.2,https://gbfs.kappa.fifteen.eu/gbfs/2.2/mobi/en/gbfs.json,https://gbfs.kappa.fifteen.eu/gbfs/2.2/mobi/en/free_bike_status.json,2026-07-05T09:16:54Z,2026-07-05T09:16:54Z
mobi_vancouver,mobi_vancouver_2fbd746f-0b87-46d2-b5b5-c3dcf834b670,2fbd746f-0b87-46d2-b5b5-c3dcf834b670,49.274232,-123.129998,1,FALSE,FALSE,20800,0314,1783242986,2026-07-05T09:16:55Z,2026-07-05T09:16:55Z,2026-07-05T09:16:25Z,2.2,https://gbfs.kappa.fifteen.eu/gbfs/2.2/mobi/en/gbfs.json,https://gbfs.kappa.fifteen.eu/gbfs/2.2/mobi/en/free_bike_status.json,2026-07-05T09:16:54Z,2026-07-05T09:16:54Z
mobi_vancouver,mobi_vancouver_8c3e9a3a-df8e-4760-b4b3-b91e06f02369,8c3e9a3a-df8e-4760-b4b3-b91e06f02369,49.282087,-123.056909,1,FALSE,FALSE,20800,0642,1783242986,2026-07-05T09:16:55Z,2026-07-05T09:16:55Z,2026-07-05T09:16:25Z,2.2,https://gbfs.kappa.fifteen.eu/gbfs/2.2/mobi/en/gbfs.json,https://gbfs.kappa.fifteen.eu/gbfs/2.2/mobi/en/free_bike_status.json,2026-07-05T09:16:54Z,2026-07-05T09:16:54Z
mobi_vancouver,mobi_vancouver_9fc47cd5-102f-4e1d-a4a5-bd3f9f31738b,9fc47cd5-102f-4e1d-a4a5-bd3f9f31738b,49.282087,-123.056909,1,FALSE,FALSE,20800,0642,1783242986,2026-07-05T09:16:55Z,2026-07-05T09:16:55Z,2026-07-05T09:16:25Z,2.2,https://gbfs.kappa.fifteen.eu/gbfs/2.2/mobi/en/gbfs.json,https://gbfs.kappa.fifteen.eu/gbfs/2.2/mobi/en/free_bike_status.json,2026-07-05T09:16:54Z,2026-07-05T09:16:54Z
mobi_vancouver,mobi_vancouver_d7d60f50-8694-434d-a46d-8002d804c4ae,d7d60f50-8694-434d-a46d-8002d804c4ae,49.287464,-123.060771,1,FALSE,FALSE,20800,0611,1783242986,2026-07-05T09:16:55Z,2026-07-05T09:16:55Z,2026-07-05T09:16:25Z,2.2,https://gbfs.kappa.fifteen.eu/gbfs/2.2/mobi/en/gbfs.json,https://gbfs.kappa.fifteen.eu/gbfs/2.2/mobi/en/free_bike_status.json,2026-07-05T09:16:54Z,2026-07-05T09:16:54Z
mobi_vancouver,mobi_vancouver_c31fe29f-865b-4cc1-8d2c-828186c55568,c31fe29f-865b-4cc1-8d2c-828186c55568,49.285575,-123.061575,1,FALSE,FALSE,20800,0621,1783242986,2026-07-05T09:16:55Z,2026-07-05T09:16:55Z,2026-07-05T09:16:25Z,2.2,https://gbfs.kappa.fifteen.eu/gbfs/2.2/mobi/en/gbfs.json,https://gbfs.kappa.fifteen.eu/gbfs/2.2/mobi/en/free_bike_status.json,2026-07-05T09:16:54Z,2026-07-05T09:16:54Z
mobi_vancouver,mobi_vancouver_376a79bb-6d49-4a08-85be-fd80b7038c34,376a79bb-6d49-4a08-85be-fd80b7038c34,49.264019,-123.209176,1,FALSE,FALSE,20800,0716,1783242986,2026-07-05T09:16:55Z,2026-07-05T09:16:55Z,2026-07-05T09:16:25Z,2.2,https://gbfs.kappa.fifteen.eu/gbfs/2.2/mobi/en/gbfs.json,https://gbfs.kappa.fifteen.eu/gbfs/2.2/mobi/en/free_bike_status.json,2026-07-05T09:16:54Z,2026-07-05T09:16:54Z
mobi_vancouver,mobi_vancouver_f5c7e1ec-7827-4d37-806f-1726c88012a5,f5c7e1ec-7827-4d37-806f-1726c88012a5,49.2658,-123.20596,1,FALSE,FALSE,20800,0715,1783242986,2026-07-05T09:16:55Z,2026-07-05T09:16:55Z,2026-07-05T09:16:25Z,2.2,https://gbfs.kappa.fifteen.eu/gbfs/2.2/mobi/en/gbfs.json,https://gbfs.kappa.fifteen.eu/gbfs/2.2/mobi/en/free_bike_status.json,2026-07-05T09:16:54Z,2026-07-05T09:16:54Z
mobi_vancouver,mobi_vancouver_06d58882-2a89-4d5a-ad28-9a104152f176,06d58882-2a89-4d5a-ad28-9a104152f176,49.265442,-123.187738,1,FALSE,FALSE,20800,0403,1783242986,2026-07-05T09:16:55Z,2026-07-05T09:16:55Z,2026-07-05T09:16:25Z,2.2,https://gbfs.kappa.fifteen.eu/gbfs/2.2/mobi/en/gbfs.json,https://gbfs.kappa.fifteen.eu/gbfs/2.2/mobi/en/free_bike_status.json,2026-07-05T09:16:54Z,2026-07-05T09:16:54Z
mobi_vancouver,mobi_vancouver_cf045080-7bfd-4442-98aa-f7708b0ac02f,cf045080-7bfd-4442-98aa-f7708b0ac02f,49.263073,-123.254307,1,FALSE,FALSE,20800,2114,1783242986,2026-07-05T09:16:55Z,2026-07-05T09:16:55Z,2026-07-05T09:16:25Z,2.2,https://gbfs.kappa.fifteen.eu/gbfs/2.2/mobi/en/gbfs.json,https://gbfs.kappa.fifteen.eu/gbfs/2.2/mobi/en/free_bike_status.json,2026-07-05T09:16:54Z,2026-07-05T09:16:54Z
mobi_vancouver,mobi_vancouver_4bac35b3-65a5-479d-b4a5-8335747d1ec1,4bac35b3-65a5-479d-b4a5-8335747d1ec1,49.261655,-123.241924,1,FALSE,FALSE,20800,2157,1783242986,2026-07-05T09:16:55Z,2026-07-05T09:16:55Z,2026-07-05T09:16:25Z,2.2,https://gbfs.kappa.fifteen.eu/gbfs/2.2/mobi/en/gbfs.json,https://gbfs.kappa.fifteen.eu/gbfs/2.2/mobi/en/free_bike_status.json,2026-07-05T09:16:54Z,2026-07-05T09:16:54Z
mobi_vancouver,mobi_vancouver_11545670-b445-4199-87d7-3505fc8fd151,11545670-b445-4199-87d7-3505fc8fd151,49.25976,-123.2479,1,FALSE,FALSE,20800,2127,1783242986,2026-07-05T09:16:55Z,2026-07-05T09:16:55Z,2026-07-05T09:16:25Z,2.2,https://gbfs.kappa.fifteen.eu/gbfs/2.2/mobi/en/gbfs.json,https://gbfs.kappa.fifteen.eu/gbfs/2.2/mobi/en/free_bike_status.json,2026-07-05T09:16:54Z,2026-07-05T09:16:54Z
mobi_vancouver,mobi_vancouver_2718fbd2-db1d-4a78-8ad9-22f2274063e2,2718fbd2-db1d-4a78-8ad9-22f2274063e2,49.26875,-123.25004,1,FALSE,FALSE,20800,2142,1783242986,2026-07-05T09:16:55Z,2026-07-05T09:16:55Z,2026-07-05T09:16:25Z,2.2,https://gbfs.kappa.fifteen.eu/gbfs/2.2/mobi/en/gbfs.json,https://gbfs.kappa.fifteen.eu/gbfs/2.2/mobi/en/free_bike_status.json,2026-07-05T09:16:54Z,2026-07-05T09:16:54Z
mobi_vancouver,mobi_vancouver_5b524dd2-d8cb-4f3f-a9e6-e600298bbc68,5b524dd2-d8cb-4f3f-a9e6-e600298bbc68,49.26875,-123.25004,1,FALSE,FALSE,20800,2142,1783242986,2026-07-05T09:16:55Z,2026-07-05T09:16:55Z,2026-07-05T09:16:25Z,2.2,https://gbfs.kappa.fifteen.eu/gbfs/2.2/mobi/en/gbfs.json,https://gbfs.kappa.fifteen.eu/gbfs/2.2/mobi/en/free_bike_status.json,2026-07-05T09:16:54Z,2026-07-05T09:16:54Z
mobi_vancouver,mobi_vancouver_f7025049-07b0-418b-aaf2-9ff8f360eb7f,f7025049-07b0-418b-aaf2-9ff8f360eb7f,49.2585,-123.2521,1,FALSE,FALSE,20800,2117,1783242986,2026-07-05T09:16:55Z,2026-07-05T09:16:55Z,2026-07-05T09:16:25Z,2.2,https://gbfs.kappa.fifteen.eu/gbfs/2.2/mobi/en/gbfs.json,https://gbfs.kappa.fifteen.eu/gbfs/2.2/mobi/en/free_bike_status.json,2026-07-05T09:16:54Z,2026-07-05T09:16:54Z
mobi_vancouver,mobi_vancouver_6fd8a1b9-be56-478b-9703-492be78e53e0,6fd8a1b9-be56-478b-9703-492be78e53e0,49.282214,-123.114101,1,FALSE,FALSE,21200,0012,1783242986,2026-07-05T09:16:55Z,2026-07-05T09:16:55Z,2026-07-05T09:16:25Z,2.2,https://gbfs.kappa.fifteen.eu/gbfs/2.2/mobi/en/gbfs.json,https://gbfs.kappa.fifteen.eu/gbfs/2.2/mobi/en/free_bike_status.json,2026-07-05T09:16:54Z,2026-07-05T09:16:54Z
mobi_vancouver,mobi_vancouver_7f1174a7-d1bb-4405-b36d-7a4e659b7a8e,7f1174a7-d1bb-4405-b36d-7a4e659b7a8e,49.264215,-123.117772,1,FALSE,FALSE,21200,0008,1783242986,2026-07-05T09:16:55Z,2026-07-05T09:16:55Z,2026-07-05T09:16:25Z,2.2,https://gbfs.kappa.fifteen.eu/gbfs/2.2/mobi/en/gbfs.json,https://gbfs.kappa.fifteen.eu/gbfs/2.2/mobi/en/free_bike_status.json,2026-07-05T09:16:54Z,2026-07-05T09:16:54Z
mobi_vancouver,mobi_vancouver_1561119d-9a72-46e9-9341-5d4de0c771ed,1561119d-9a72-46e9-9341-5d4de0c771ed,49.276115,-123.114496,1,FALSE,FALSE,21200,0064,1783242986,2026-07-05T09:16:55Z,2026-07-05T09:16:55Z,2026-07-05T09:16:25Z,2.2,https://gbfs.kappa.fifteen.eu/gbfs/2.2/mobi/en/gbfs.json,https://gbfs.kappa.fifteen.eu/gbfs/2.2/mobi/en/free_bike_status.json,2026-07-05T09:16:54Z,2026-07-05T09:16:54Z
mobi_vancouver,mobi_vancouver_d78c8c8c-4c24-4d50-8175-3b82a6508a40,d78c8c8c-4c24-4d50-8175-3b82a6508a40,49.28803,-123.142135,1,FALSE,FALSE,21200,0031,1783242986,2026-07-05T09:16:55Z,2026-07-05T09:16:55Z,2026-07-05T09:16:25Z,2.2,https://gbfs.kappa.fifteen.eu/gbfs/2.2/mobi/en/gbfs.json,https://gbfs.kappa.fifteen.eu/gbfs/2.2/mobi/en/free_bike_status.json,2026-07-05T09:16:54Z,2026-07-05T09:16:54Z
mobi_vancouver,mobi_vancouver_a82ed269-af8c-485b-a24a-3a4fba6fc88a,a82ed269-af8c-485b-a24a-3a4fba6fc88a,49.285512,-123.1384,1,FALSE,FALSE,21200,0040,1783242986,2026-07-05T09:16:55Z,2026-07-05T09:16:55Z,2026-07-05T09:16:25Z,2.2,https://gbfs.kappa.fifteen.eu/gbfs/2.2/mobi/en/gbfs.json,https://gbfs.kappa.fifteen.eu/gbfs/2.2/mobi/en/free_bike_status.json,2026-07-05T09:16:54Z,2026-07-05T09:16:54Z
mobi_vancouver,mobi_vancouver_a3086ab7-f4f5-4a47-9815-7fe18baa0c50,a3086ab7-f4f5-4a47-9815-7fe18baa0c50,49.25919,-123.148268,1,FALSE,FALSE,21200,0114,1783242986,2026-07-05T09:16:55Z,2026-07-05T09:16:55Z,2026-07-05T09:16:25Z,2.2,https://gbfs.kappa.fifteen.eu/gbfs/2.2/mobi/en/gbfs.json,https://gbfs.kappa.fifteen.eu/gbfs/2.2/mobi/en/free_bike_status.json,2026-07-05T09:16:54Z,2026-07-05T09:16:54Z
mobi_vancouver,mobi_vancouver_9ff43fc0-7c83-4429-8bf7-b3f19645a90f,9ff43fc0-7c83-4429-8bf7-b3f19645a90f,49.25919,-123.148268,1,FALSE,FALSE,21200,0114,1783242986,2026-07-05T09:16:55Z,2026-07-05T09:16:55Z,2026-07-05T09:16:25Z,2.2,https://gbfs.kappa.fifteen.eu/gbfs/2.2/mobi/en/gbfs.json,https://gbfs.kappa.fifteen.eu/gbfs/2.2/mobi/en/free_bike_status.json,2026-07-05T09:16:54Z,2026-07-05T09:16:54Z
mobi_vancouver,mobi_vancouver_046b5b49-61ce-4244-8404-9c8ad3f1ee83,046b5b49-61ce-4244-8404-9c8ad3f1ee83,49.279821,-123.10802,1,FALSE,FALSE,21200,0053,1783242986,2026-07-05T09:16:55Z,2026-07-05T09:16:55Z,2026-07-05T09:16:25Z,2.2,https://gbfs.kappa.fifteen.eu/gbfs/2.2/mobi/en/gbfs.json,https://gbfs.kappa.fifteen.eu/gbfs/2.2/mobi/en/free_bike_status.json,2026-07-05T09:16:54Z,2026-07-05T09:16:54Z
mobi_vancouver,mobi_vancouver_80cd6550-4554-45b6-a597-5b7fc1a73c27,80cd6550-4554-45b6-a597-5b7fc1a73c27,49.287528,-123.142139,1,FALSE,FALSE,21200,0028,1783242986,2026-07-05T09:16:55Z,2026-07-05T09:16:55Z,2026-07-05T09:16:25Z,2.2,https://gbfs.kappa.fifteen.eu/gbfs/2.2/mobi/en/gbfs.json,https://gbfs.kappa.fifteen.eu/gbfs/2.2/mobi/en/free_bike_status.json,2026-07-05T09:16:54Z,2026-07-05T09:16:54Z
mobi_vancouver,mobi_vancouver_20a03c45-f7bb-4442-b0e0-8b9bbcdac3b9,20a03c45-f7bb-4442-b0e0-8b9bbcdac3b9,49.287528,-123.142139,1,FALSE,FALSE,21200,0028,1783242986,2026-07-05T09:16:55Z,2026-07-05T09:16:55Z,2026-07-05T09:16:25Z,2.2,https://gbfs.kappa.fifteen.eu/gbfs/2.2/mobi/en/gbfs.json,https://gbfs.kappa.fifteen.eu/gbfs/2.2/mobi/en/free_bike_status.json,2026-07-05T09:16:54Z,2026-07-05T09:16:54Z
mobi_vancouver,mobi_vancouver_8eca2453-a753-49d0-bfa8-13cd1b88da3a,8eca2453-a753-49d0-bfa8-13cd1b88da3a,49.275717,-123.142564,1,FALSE,FALSE,21200,0077,1783242986,2026-07-05T09:16:55Z,2026-07-05T09:16:55Z,2026-07-05T09:16:25Z,2.2,https://gbfs.kappa.fifteen.eu/gbfs/2.2/mobi/en/gbfs.json,https://gbfs.kappa.fifteen.eu/gbfs/2.2/mobi/en/free_bike_status.json,2026-07-05T09:16:54Z,2026-07-05T09:16:54Z
mobi_vancouver,mobi_vancouver_d9143f10-f3d6-438d-9200-de3508f5254f,d9143f10-f3d6-438d-9200-de3508f5254f,49.266724,-123.104824,1,FALSE,FALSE,21200,0073,1783242986,2026-07-05T09:16:55Z,2026-07-05T09:16:55Z,2026-07-05T09:16:25Z,2.2,https://gbfs.kappa.fifteen.eu/gbfs/2.2/mobi/en/gbfs.json,https://gbfs.kappa.fifteen.eu/gbfs/2.2/mobi/en/free_bike_status.json,2026-07-05T09:16:54Z,2026-07-05T09:16:54Z
mobi_vancouver,mobi_vancouver_53ca8d43-3b2e-4da9-b277-a4c2dd63da8e,53ca8d43-3b2e-4da9-b277-a4c2dd63da8e,49.266724,-123.104824,1,FALSE,FALSE,21200,0073,1783242986,2026-07-05T09:16:55Z,2026-07-05T09:16:55Z,2026-07-05T09:16:25Z,2.2,https://gbfs.kappa.fifteen.eu/gbfs/2.2/mobi/en/gbfs.json,https://gbfs.kappa.fifteen.eu/gbfs/2.2/mobi/en/free_bike_status.json,2026-07-05T09:16:54Z,2026-07-05T09:16:54Z
mobi_vancouver,mobi_vancouver_35757375-193f-4238-b3cb-f0387385f6ac,35757375-193f-4238-b3cb-f0387385f6ac,49.266724,-123.104824,1,FALSE,FALSE,21200,0073,1783242986,2026-07-05T09:16:55Z,2026-07-05T09:16:55Z,2026-07-05T09:16:25Z,2.2,https://gbfs.kappa.fifteen.eu/gbfs/2.2/mobi/en/gbfs.json,https://gbfs.kappa.fifteen.eu/gbfs/2.2/mobi/en/free_bike_status.json,2026-07-05T09:16:54Z,2026-07-05T09:16:54Z
mobi_vancouver,mobi_vancouver_02d1ecea-39e2-44be-b4d3-e8ff295d30a8,02d1ecea-39e2-44be-b4d3-e8ff295d30a8,49.272827,-123.147744,1,FALSE,FALSE,21200,0065,1783242986,2026-07-05T09:16:55Z,2026-07-05T09:16:55Z,2026-07-05T09:16:25Z,2.2,https://gbfs.kappa.fifteen.eu/gbfs/2.2/mobi/en/gbfs.json,https://gbfs.kappa.fifteen.eu/gbfs/2.2/mobi/en/free_bike_status.json,2026-07-05T09:16:54Z,2026-07-05T09:16:54Z
mobi_vancouver,mobi_vancouver_6802615f-6c82-4730-854a-67a9bb592254,6802615f-6c82-4730-854a-67a9bb592254,49.272827,-123.147744,1,FALSE,FALSE,21200,0065,1783242986,2026-07-05T09:16:55Z,2026-07-05T09:16:55Z,2026-07-05T09:16:25Z,2.2,https://gbfs.kappa.fifteen.eu/gbfs/2.2/mobi/en/gbfs.json,https://gbfs.kappa.fifteen.eu/gbfs/2.2/mobi/en/free_bike_status.json,2026-07-05T09:16:54Z,2026-07-05T09:16:54Z
mobi_vancouver,mobi_vancouver_57bcad98-d269-4624-8c29-bc30789f8f7c,57bcad98-d269-4624-8c29-bc30789f8f7c,49.284605,-123.108662,1,FALSE,FALSE,21200,0052,1783242986,2026-07-05T09:16:55Z,2026-07-05T09:16:55Z,2026-07-05T09:16:25Z,2.2,https://gbfs.kappa.fifteen.eu/gbfs/2.2/mobi/en/gbfs.json,https://gbfs.kappa.fifteen.eu/gbfs/2.2/mobi/en/free_bike_status.json,2026-07-05T09:16:54Z,2026-07-05T09:16:54Z
mobi_vancouver,mobi_vancouver_5dbbc8d9-900f-420e-bff8-265b06ac0412,5dbbc8d9-900f-420e-bff8-265b06ac0412,49.266476,-123.109389,1,FALSE,FALSE,21200,0165,1783242986,2026-07-05T09:16:55Z,2026-07-05T09:16:55Z,2026-07-05T09:16:25Z,2.2,https://gbfs.kappa.fifteen.eu/gbfs/2.2/mobi/en/gbfs.json,https://gbfs.kappa.fifteen.eu/gbfs/2.2/mobi/en/free_bike_status.json,2026-07-05T09:16:54Z,2026-07-05T09:16:54Z
mobi_vancouver,mobi_vancouver_8ca332ec-6b56-453f-81c9-947949049b4a,8ca332ec-6b56-453f-81c9-947949049b4a,49.266476,-123.109389,1,FALSE,FALSE,21200,0165,1783242986,2026-07-05T09:16:55Z,2026-07-05T09:16:55Z,2026-07-05T09:16:25Z,2.2,https://gbfs.kappa.fifteen.eu/gbfs/2.2/mobi/en/gbfs.json,https://gbfs.kappa.fifteen.eu/gbfs/2.2/mobi/en/free_bike_status.json,2026-07-05T09:16:54Z,2026-07-05T09:16:54Z
mobi_vancouver,mobi_vancouver_974a7ee5-fc41-4a03-b7e6-20d510e1b4a6,974a7ee5-fc41-4a03-b7e6-20d510e1b4a6,49.270721,-123.146175,1,FALSE,FALSE,21200,0108,1783242986,2026-07-05T09:16:55Z,2026-07-05T09:16:55Z,2026-07-05T09:16:25Z,2.2,https://gbfs.kappa.fifteen.eu/gbfs/2.2/mobi/en/gbfs.json,https://gbfs.kappa.fifteen.eu/gbfs/2.2/mobi/en/free_bike_status.json,2026-07-05T09:16:54Z,2026-07-05T09:16:54Z
mobi_vancouver,mobi_vancouver_c98407db-319a-4b23-a6b9-4061295fc7c2,c98407db-319a-4b23-a6b9-4061295fc7c2,49.270721,-123.146175,1,FALSE,FALSE,21200,0108,1783242986,2026-07-05T09:16:55Z,2026-07-05T09:16:55Z,2026-07-05T09:16:25Z,2.2,https://gbfs.kappa.fifteen.eu/gbfs/2.2/mobi/en/gbfs.json,https://gbfs.kappa.fifteen.eu/gbfs/2.2/mobi/en/free_bike_status.json,2026-07-05T09:16:54Z,2026-07-05T09:16:54Z
mobi_vancouver,mobi_vancouver_f9534836-85cb-47ec-8c64-7e86b17b323f,f9534836-85cb-47ec-8c64-7e86b17b323f,49.270721,-123.146175,1,FALSE,FALSE,21200,0108,1783242986,2026-07-05T09:16:55Z,2026-07-05T09:16:55Z,2026-07-05T09:16:25Z,2.2,https://gbfs.kappa.fifteen.eu/gbfs/2.2/mobi/en/gbfs.json,https://gbfs.kappa.fifteen.eu/gbfs/2.2/mobi/en/free_bike_status.json,2026-07-05T09:16:54Z,2026-07-05T09:16:54Z
mobi_vancouver,mobi_vancouver_e764fca7-4dcc-474a-a2d0-bc1fc924bafa,e764fca7-4dcc-474a-a2d0-bc1fc924bafa,49.284157,-123.099917,1,FALSE,FALSE,21200,0150,1783242986,2026-07-05T09:16:55Z,2026-07-05T09:16:55Z,2026-07-05T09:16:25Z,2.2,https://gbfs.kappa.fifteen.eu/gbfs/2.2/mobi/en/gbfs.json,https://gbfs.kappa.fifteen.eu/gbfs/2.2/mobi/en/free_bike_status.json,2026-07-05T09:16:54Z,2026-07-05T09:16:54Z
mobi_vancouver,mobi_vancouver_3dfc7de8-a806-42be-8fc3-f02d6e943c52,3dfc7de8-a806-42be-8fc3-f02d6e943c52,49.276292,-123.150592,1,FALSE,FALSE,21200,0155,1783242986,2026-07-05T09:16:55Z,2026-07-05T09:16:55Z,2026-07-05T09:16:25Z,2.2,https://gbfs.kappa.fifteen.eu/gbfs/2.2/mobi/en/gbfs.json,https://gbfs.kappa.fifteen.eu/gbfs/2.2/mobi/en/free_bike_status.json,2026-07-05T09:16:54Z,2026-07-05T09:16:54Z
mobi_vancouver,mobi_vancouver_f787f8c7-9782-4500-b571-4f5b6ba0ac84,f787f8c7-9782-4500-b571-4f5b6ba0ac84,49.262062,-123.104656,1,FALSE,FALSE,21200,0176,1783242986,2026-07-05T09:16:55Z,2026-07-05T09:16:55Z,2026-07-05T09:16:25Z,2.2,https://gbfs.kappa.fifteen.eu/gbfs/2.2/mobi/en/gbfs.json,https://gbfs.kappa.fifteen.eu/gbfs/2.2/mobi/en/free_bike_status.json,2026-07-05T09:16:54Z,2026-07-05T09:16:54Z
mobi_vancouver,mobi_vancouver_7f0d784e-e838-40e2-85ee-4255d26f112d,7f0d784e-e838-40e2-85ee-4255d26f112d,49.271741,-123.155421,1,FALSE,FALSE,21200,0204,1783242986,2026-07-05T09:16:55Z,2026-07-05T09:16:55Z,2026-07-05T09:16:25Z,2.2,https://gbfs.kappa.fifteen.eu/gbfs/2.2/mobi/en/gbfs.json,https://gbfs.kappa.fifteen.eu/gbfs/2.2/mobi/en/free_bike_status.json,2026-07-05T09:16:54Z,2026-07-05T09:16:54Z
mobi_vancouver,mobi_vancouver_3532f00a-ef5c-4932-a719-5243de5fce57,3532f00a-ef5c-4932-a719-5243de5fce57,49.258924,-123.152591,1,FALSE,FALSE,21200,0152,1783242986,2026-07-05T09:16:55Z,2026-07-05T09:16:55Z,2026-07-05T09:16:25Z,2.2,https://gbfs.kappa.fifteen.eu/gbfs/2.2/mobi/en/gbfs.json,https://gbfs.kappa.fifteen.eu/gbfs/2.2/mobi/en/free_bike_status.json,2026-07-05T09:16:54Z,2026-07-05T09:16:54Z
mobi_vancouver,mobi_vancouver_7a90a53f-e944-4404-88a6-3a5d8e055c56,7a90a53f-e944-4404-88a6-3a5d8e055c56,49.262822,-123.14338,1,FALSE,FALSE,21200,0205,1783242986,2026-07-05T09:16:55Z,2026-07-05T09:16:55Z,2026-07-05T09:16:25Z,2.2,https://gbfs.kappa.fifteen.eu/gbfs/2.2/mobi/en/gbfs.json,https://gbfs.kappa.fifteen.eu/gbfs/2.2/mobi/en/free_bike_status.json,2026-07-05T09:16:54Z,2026-07-05T09:16:54Z
mobi_vancouver,mobi_vancouver_30119b9f-123c-4784-a851-f504752fdf12,30119b9f-123c-4784-a851-f504752fdf12,49.262822,-123.14338,1,FALSE,FALSE,21200,0205,1783242986,2026-07-05T09:16:55Z,2026-07-05T09:16:55Z,2026-07-05T09:16:25Z,2.2,https://gbfs.kappa.fifteen.eu/gbfs/2.2/mobi/en/gbfs.json,https://gbfs.kappa.fifteen.eu/gbfs/2.2/mobi/en/free_bike_status.json,2026-07-05T09:16:54Z,2026-07-05T09:16:54Z
mobi_vancouver,mobi_vancouver_df84e465-b2bb-4a3d-9f3d-8b52cb791e94,df84e465-b2bb-4a3d-9f3d-8b52cb791e94,49.297933,-123.130758,1,FALSE,FALSE,21200,0209,1783242986,2026-07-05T09:16:55Z,2026-07-05T09:16:55Z,2026-07-05T09:16:25Z,2.2,https://gbfs.kappa.fifteen.eu/gbfs/2.2/mobi/en/gbfs.json,https://gbfs.kappa.fifteen.eu/gbfs/2.2/mobi/en/free_bike_status.json,2026-07-05T09:16:54Z,2026-07-05T09:16:54Z
mobi_vancouver,mobi_vancouver_88a15cfa-9d4b-4b9a-912b-e038397e1f10,88a15cfa-9d4b-4b9a-912b-e038397e1f10,49.266456,-123.100324,1,FALSE,FALSE,21200,0198,1783242986,2026-07-05T09:16:55Z,2026-07-05T09:16:55Z,2026-07-05T09:16:25Z,2.2,https://gbfs.kappa.fifteen.eu/gbfs/2.2/mobi/en/gbfs.json,https://gbfs.kappa.fifteen.eu/gbfs/2.2/mobi/en/free_bike_status.json,2026-07-05T09:16:54Z,2026-07-05T09:16:54Z
mobi_vancouver,mobi_vancouver_b5ac9d57-e42d-4d99-aedb-5a134247fa93,b5ac9d57-e42d-4d99-aedb-5a134247fa93,49.266774,-123.141135,1,FALSE,FALSE,21200,0153,1783242986,2026-07-05T09:16:55Z,2026-07-05T09:16:55Z,2026-07-05T09:16:25Z,2.2,https://gbfs.kappa.fifteen.eu/gbfs/2.2/mobi/en/gbfs.json,https://gbfs.kappa.fifteen.eu/gbfs/2.2/mobi/en/free_bike_status.json,2026-07-05T09:16:54Z,2026-07-05T09:16:54Z
mobi_vancouver,mobi_vancouver_0ab79d50-263d-4f65-98a3-7fce33ce6d51,0ab79d50-263d-4f65-98a3-7fce33ce6d51,49.266774,-123.141135,1,FALSE,FALSE,21200,0153,1783242986,2026-07-05T09:16:55Z,2026-07-05T09:16:55Z,2026-07-05T09:16:25Z,2.2,https://gbfs.kappa.fifteen.eu/gbfs/2.2/mobi/en/gbfs.json,https://gbfs.kappa.fifteen.eu/gbfs/2.2/mobi/en/free_bike_status.json,2026-07-05T09:16:54Z,2026-07-05T09:16:54Z
mobi_vancouver,mobi_vancouver_bb92a51c-1e15-485e-89f3-e6a3ef0ca688,bb92a51c-1e15-485e-89f3-e6a3ef0ca688,49.265336,-123.145823,1,FALSE,FALSE,21200,0140,1783242986,2026-07-05T09:16:55Z,2026-07-05T09:16:55Z,2026-07-05T09:16:25Z,2.2,https://gbfs.kappa.fifteen.eu/gbfs/2.2/mobi/en/gbfs.json,https://gbfs.kappa.fifteen.eu/gbfs/2.2/mobi/en/free_bike_status.json,2026-07-05T09:16:54Z,2026-07-05T09:16:54Z
mobi_vancouver,mobi_vancouver_1c979c18-ee6d-466b-b104-89511841d9db,1c979c18-ee6d-466b-b104-89511841d9db,49.265005,-123.079481,1,FALSE,FALSE,21200,0236,1783242986,2026-07-05T09:16:55Z,2026-07-05T09:16:55Z,2026-07-05T09:16:25Z,2.2,https://gbfs.kappa.fifteen.eu/gbfs/2.2/mobi/en/gbfs.json,https://gbfs.kappa.fifteen.eu/gbfs/2.2/mobi/en/free_bike_status.json,2026-07-05T09:16:54Z,2026-07-05T09:16:54Z
mobi_vancouver,mobi_vancouver_304d92a6-543f-4a43-a666-86f846787a1b,304d92a6-543f-4a43-a666-86f846787a1b,49.263746,-123.069892,1,FALSE,FALSE,21200,0254,1783242986,2026-07-05T09:16:55Z,2026-07-05T09:16:55Z,2026-07-05T09:16:25Z,2.2,https://gbfs.kappa.fifteen.eu/gbfs/2.2/mobi/en/gbfs.json,https://gbfs.kappa.fifteen.eu/gbfs/2.2/mobi/en/free_bike_status.json,2026-07-05T09:16:54Z,2026-07-05T09:16:54Z
mobi_vancouver,mobi_vancouver_9e659701-0919-4898-ac32-b670759bb509,9e659701-0919-4898-ac32-b670759bb509,49.263746,-123.069892,1,FALSE,FALSE,21200,0254,1783242986,2026-07-05T09:16:55Z,2026-07-05T09:16:55Z,2026-07-05T09:16:25Z,2.2,https://gbfs.kappa.fifteen.eu/gbfs/2.2/mobi/en/gbfs.json,https://gbfs.kappa.fifteen.eu/gbfs/2.2/mobi/en/free_bike_status.json,2026-07-05T09:16:54Z,2026-07-05T09:16:54Z
mobi_vancouver,mobi_vancouver_c32cb9e5-7930-4d44-8c4c-22fea2f3858c,c32cb9e5-7930-4d44-8c4c-22fea2f3858c,49.277665,-123.073653,1,FALSE,FALSE,21200,0222,1783242986,2026-07-05T09:16:55Z,2026-07-05T09:16:55Z,2026-07-05T09:16:25Z,2.2,https://gbfs.kappa.fifteen.eu/gbfs/2.2/mobi/en/gbfs.json,https://gbfs.kappa.fifteen.eu/gbfs/2.2/mobi/en/free_bike_status.json,2026-07-05T09:16:54Z,2026-07-05T09:16:54Z
mobi_vancouver,mobi_vancouver_3c014f3d-6fe1-4124-bbb6-0b998f70454e,3c014f3d-6fe1-4124-bbb6-0b998f70454e,49.28117,-123.104419,1,FALSE,FALSE,21200,0098,1783242986,2026-07-05T09:16:55Z,2026-07-05T09:16:55Z,2026-07-05T09:16:25Z,2.2,https://gbfs.kappa.fifteen.eu/gbfs/2.2/mobi/en/gbfs.json,https://gbfs.kappa.fifteen.eu/gbfs/2.2/mobi/en/free_bike_status.json,2026-07-05T09:16:54Z,2026-07-05T09:16:54Z
mobi_vancouver,mobi_vancouver_83841f4a-2666-4996-a9bd-a70c28a330d8,83841f4a-2666-4996-a9bd-a70c28a330d8,49.28117,-123.104419,1,FALSE,FALSE,21200,0098,1783242986,2026-07-05T09:16:55Z,2026-07-05T09:16:55Z,2026-07-05T09:16:25Z,2.2,https://gbfs.kappa.fifteen.eu/gbfs/2.2/mobi/en/gbfs.json,https://gbfs.kappa.fifteen.eu/gbfs/2.2/mobi/en/free_bike_status.json,2026-07-05T09:16:54Z,2026-07-05T09:16:54Z
mobi_vancouver,mobi_vancouver_557bb509-b355-48bf-b7e7-a200773132ae,557bb509-b355-48bf-b7e7-a200773132ae,49.284062,-123.095097,1,FALSE,FALSE,21200,0161,1783242986,2026-07-05T09:16:55Z,2026-07-05T09:16:55Z,2026-07-05T09:16:25Z,2.2,https://gbfs.kappa.fifteen.eu/gbfs/2.2/mobi/en/gbfs.json,https://gbfs.kappa.fifteen.eu/gbfs/2.2/mobi/en/free_bike_status.json,2026-07-05T09:16:54Z,2026-07-05T09:16:54Z
mobi_vancouver,mobi_vancouver_6dae2fe2-76b6-4bb5-9264-d58c617a1690,6dae2fe2-76b6-4bb5-9264-d58c617a1690,49.279369,-123.091241,1,FALSE,FALSE,21200,0229,1783242986,2026-07-05T09:16:55Z,2026-07-05T09:16:55Z,2026-07-05T09:16:25Z,2.2,https://gbfs.kappa.fifteen.eu/gbfs/2.2/mobi/en/gbfs.json,https://gbfs.kappa.fifteen.eu/gbfs/2.2/mobi/en/free_bike_status.json,2026-07-05T09:16:54Z,2026-07-05T09:16:54Z
mobi_vancouver,mobi_vancouver_9f4c770d-25bb-460e-bcaa-544cd8f2e157,9f4c770d-25bb-460e-bcaa-544cd8f2e157,49.263382,-123.088837,1,FALSE,FALSE,21200,0261,1783242986,2026-07-05T09:16:55Z,2026-07-05T09:16:55Z,2026-07-05T09:16:25Z,2.2,https://gbfs.kappa.fifteen.eu/gbfs/2.2/mobi/en/gbfs.json,https://gbfs.kappa.fifteen.eu/gbfs/2.2/mobi/en/free_bike_status.json,2026-07-05T09:16:54Z,2026-07-05T09:16:54Z
mobi_vancouver,mobi_vancouver_13899be7-a42a-41d5-ab92-1e6faa02992a,13899be7-a42a-41d5-ab92-1e6faa02992a,49.258761,-123.127071,1,FALSE,FALSE,21200,0202,1783242986,2026-07-05T09:16:55Z,2026-07-05T09:16:55Z,2026-07-05T09:16:25Z,2.2,https://gbfs.kappa.fifteen.eu/gbfs/2.2/mobi/en/gbfs.json,https://gbfs.kappa.fifteen.eu/gbfs/2.2/mobi/en/free_bike_status.json,2026-07-05T09:16:54Z,2026-07-05T09:16:54Z
mobi_vancouver,mobi_vancouver_94159eb4-71b4-40f1-9452-b74adf529142,94159eb4-71b4-40f1-9452-b74adf529142,49.263518,-123.09568,1,FALSE,FALSE,21200,0262,1783242986,2026-07-05T09:16:55Z,2026-07-05T09:16:55Z,2026-07-05T09:16:25Z,2.2,https://gbfs.kappa.fifteen.eu/gbfs/2.2/mobi/en/gbfs.json,https://gbfs.kappa.fifteen.eu/gbfs/2.2/mobi/en/free_bike_status.json,2026-07-05T09:16:54Z,2026-07-05T09:16:54Z
mobi_vancouver,mobi_vancouver_fc49ac10-9e39-4f94-9cc0-7f088539e657,fc49ac10-9e39-4f94-9cc0-7f088539e657,49.266751,-123.073501,1,FALSE,FALSE,21200,0250,1783242986,2026-07-05T09:16:55Z,2026-07-05T09:16:55Z,2026-07-05T09:16:25Z,2.2,https://gbfs.kappa.fifteen.eu/gbfs/2.2/mobi/en/gbfs.json,https://gbfs.kappa.fifteen.eu/gbfs/2.2/mobi/en/free_bike_status.json,2026-07-05T09:16:54Z,2026-07-05T09:16:54Z
mobi_vancouver,mobi_vancouver_9f6bc640-817c-418d-ad8b-0ed1a3be7911,9f6bc640-817c-418d-ad8b-0ed1a3be7911,49.266751,-123.073501,1,FALSE,FALSE,21200,0250,1783242986,2026-07-05T09:16:55Z,2026-07-05T09:16:55Z,2026-07-05T09:16:25Z,2.2,https://gbfs.kappa.fifteen.eu/gbfs/2.2/mobi/en/gbfs.json,https://gbfs.kappa.fifteen.eu/gbfs/2.2/mobi/en/free_bike_status.json,2026-07-05T09:16:54Z,2026-07-05T09:16:54Z
mobi_vancouver,mobi_vancouver_98dd85b9-ee1e-46aa-9e74-49d699b9588a,98dd85b9-ee1e-46aa-9e74-49d699b9588a,49.261188,-123.066009,1,FALSE,FALSE,21200,0274,1783242986,2026-07-05T09:16:55Z,2026-07-05T09:16:55Z,2026-07-05T09:16:25Z,2.2,https://gbfs.kappa.fifteen.eu/gbfs/2.2/mobi/en/gbfs.json,https://gbfs.kappa.fifteen.eu/gbfs/2.2/mobi/en/free_bike_status.json,2026-07-05T09:16:54Z,2026-07-05T09:16:54Z
mobi_vancouver,mobi_vancouver_bb5a30a0-1bf3-4282-8631-916b2f06ebaf,bb5a30a0-1bf3-4282-8631-916b2f06ebaf,49.266725,-123.065925,1,FALSE,FALSE,21200,0273,1783242986,2026-07-05T09:16:55Z,2026-07-05T09:16:55Z,2026-07-05T09:16:25Z,2.2,https://gbfs.kappa.fifteen.eu/gbfs/2.2/mobi/en/gbfs.json,https://gbfs.kappa.fifteen.eu/gbfs/2.2/mobi/en/free_bike_status.json,2026-07-05T09:16:54Z,2026-07-05T09:16:54Z
mobi_vancouver,mobi_vancouver_23d9280f-1bd9-43e0-8fb5-baf0bf8ba4ba,23d9280f-1bd9-43e0-8fb5-baf0bf8ba4ba,49.270684,-123.073562,1,FALSE,FALSE,21200,0252,1783242986,2026-07-05T09:16:55Z,2026-07-05T09:16:55Z,2026-07-05T09:16:25Z,2.2,https://gbfs.kappa.fifteen.eu/gbfs/2.2/mobi/en/gbfs.json,https://gbfs.kappa.fifteen.eu/gbfs/2.2/mobi/en/free_bike_status.json,2026-07-05T09:16:54Z,2026-07-05T09:16:54Z
mobi_vancouver,mobi_vancouver_dfaa68ce-fb70-4987-b743-0c0e718afb58,dfaa68ce-fb70-4987-b743-0c0e718afb58,49.283986,-123.065264,1,FALSE,FALSE,21200,0280,1783242986,2026-07-05T09:16:55Z,2026-07-05T09:16:55Z,2026-07-05T09:16:25Z,2.2,https://gbfs.kappa.fifteen.eu/gbfs/2.2/mobi/en/gbfs.json,https://gbfs.kappa.fifteen.eu/gbfs/2.2/mobi/en/free_bike_status.json,2026-07-05T09:16:54Z,2026-07-05T09:16:54Z
mobi_vancouver,mobi_vancouver_cfe58a40-83c2-42a8-8154-4d2ad7f9d17f,cfe58a40-83c2-42a8-8154-4d2ad7f9d17f,49.283236,-123.070443,1,FALSE,FALSE,21200,0285,1783242986,2026-07-05T09:16:55Z,2026-07-05T09:16:55Z,2026-07-05T09:16:25Z,2.2,https://gbfs.kappa.fifteen.eu/gbfs/2.2/mobi/en/gbfs.json,https://gbfs.kappa.fifteen.eu/gbfs/2.2/mobi/en/free_bike_status.json,2026-07-05T09:16:54Z,2026-07-05T09:16:54Z
mobi_vancouver,mobi_vancouver_8985226b-c7ab-470d-b3a0-eac0f9569c9e,8985226b-c7ab-470d-b3a0-eac0f9569c9e,49.258352,-123.096337,1,FALSE,FALSE,21200,0257,1783242986,2026-07-05T09:16:55Z,2026-07-05T09:16:55Z,2026-07-05T09:16:25Z,2.2,https://gbfs.kappa.fifteen.eu/gbfs/2.2/mobi/en/gbfs.json,https://gbfs.kappa.fifteen.eu/gbfs/2.2/mobi/en/free_bike_status.json,2026-07-05T09:16:54Z,2026-07-05T09:16:54Z
mobi_vancouver,mobi_vancouver_d80d2ca2-d354-4c81-bee9-f79b90fc8692,d80d2ca2-d354-4c81-bee9-f79b90fc8692,49.265213,-123.090785,1,FALSE,FALSE,21200,0298,1783242986,2026-07-05T09:16:55Z,2026-07-05T09:16:55Z,2026-07-05T09:16:25Z,2.2,https://gbfs.kappa.fifteen.eu/gbfs/2.2/mobi/en/gbfs.json,https://gbfs.kappa.fifteen.eu/gbfs/2.2/mobi/en/free_bike_status.json,2026-07-05T09:16:54Z,2026-07-05T09:16:54Z
mobi_vancouver,mobi_vancouver_e138ef0c-428f-488b-bdb9-67f052a9beb5,e138ef0c-428f-488b-bdb9-67f052a9beb5,49.27033,-123.10275,1,FALSE,FALSE,21200,0177,1783242986,2026-07-05T09:16:55Z,2026-07-05T09:16:55Z,2026-07-05T09:16:25Z,2.2,https://gbfs.kappa.fifteen.eu/gbfs/2.2/mobi/en/gbfs.json,https://gbfs.kappa.fifteen.eu/gbfs/2.2/mobi/en/free_bike_status.json,2026-07-05T09:16:54Z,2026-07-05T09:16:54Z
mobi_vancouver,mobi_vancouver_91ee5389-eb06-4aa2-b8d8-a8b373971b0e,91ee5389-eb06-4aa2-b8d8-a8b373971b0e,49.258902,-123.109596,1,FALSE,FALSE,21200,0180,1783242986,2026-07-05T09:16:55Z,2026-07-05T09:16:55Z,2026-07-05T09:16:25Z,2.2,https://gbfs.kappa.fifteen.eu/gbfs/2.2/mobi/en/gbfs.json,https://gbfs.kappa.fifteen.eu/gbfs/2.2/mobi/en/free_bike_status.json,2026-07-05T09:16:54Z,2026-07-05T09:16:54Z
mobi_vancouver,mobi_vancouver_32495b59-be6d-4d58-8ca2-d524760acb3a,32495b59-be6d-4d58-8ca2-d524760acb3a,49.257985,-123.083366,1,FALSE,FALSE,21200,0281,1783242986,2026-07-05T09:16:55Z,2026-07-05T09:16:55Z,2026-07-05T09:16:25Z,2.2,https://gbfs.kappa.fifteen.eu/gbfs/2.2/mobi/en/gbfs.json,https://gbfs.kappa.fifteen.eu/gbfs/2.2/mobi/en/free_bike_status.json,2026-07-05T09:16:54Z,2026-07-05T09:16:54Z
mobi_vancouver,mobi_vancouver_2f834942-1495-4bc9-b158-55821a3ab897,2f834942-1495-4bc9-b158-55821a3ab897,49.257985,-123.083366,1,FALSE,FALSE,21200,0281,1783242986,2026-07-05T09:16:55Z,2026-07-05T09:16:55Z,2026-07-05T09:16:25Z,2.2,https://gbfs.kappa.fifteen.eu/gbfs/2.2/mobi/en/gbfs.json,https://gbfs.kappa.fifteen.eu/gbfs/2.2/mobi/en/free_bike_status.json,2026-07-05T09:16:54Z,2026-07-05T09:16:54Z
mobi_vancouver,mobi_vancouver_f97bb67e-3aa1-4669-a17b-2e4f53b624d5,f97bb67e-3aa1-4669-a17b-2e4f53b624d5,49.265071,-123.123864,1,FALSE,FALSE,21200,0191,1783242986,2026-07-05T09:16:55Z,2026-07-05T09:16:55Z,2026-07-05T09:16:25Z,2.2,https://gbfs.kappa.fifteen.eu/gbfs/2.2/mobi/en/gbfs.json,https://gbfs.kappa.fifteen.eu/gbfs/2.2/mobi/en/free_bike_status.json,2026-07-05T09:16:54Z,2026-07-05T09:16:54Z
mobi_vancouver,mobi_vancouver_fd272586-e5d1-4fda-96fa-ccdce7a67622,fd272586-e5d1-4fda-96fa-ccdce7a67622,49.302577,-123.155616,1,FALSE,FALSE,21200,0103,1783242986,2026-07-05T09:16:55Z,2026-07-05T09:16:55Z,2026-07-05T09:16:25Z,2.2,https://gbfs.kappa.fifteen.eu/gbfs/2.2/mobi/en/gbfs.json,https://gbfs.kappa.fifteen.eu/gbfs/2.2/mobi/en/free_bike_status.json,2026-07-05T09:16:54Z,2026-07-05T09:16:54Z
mobi_vancouver,mobi_vancouver_52363738-aecc-45b8-9071-febe0081ccf3,52363738-aecc-45b8-9071-febe0081ccf3,49.27551,-123.13307,1,FALSE,FALSE,21200,0045,1783242986,2026-07-05T09:16:55Z,2026-07-05T09:16:55Z,2026-07-05T09:16:25Z,2.2,https://gbfs.kappa.fifteen.eu/gbfs/2.2/mobi/en/gbfs.json,https://gbfs.kappa.fifteen.eu/gbfs/2.2/mobi/en/free_bike_status.json,2026-07-05T09:16:54Z,2026-07-05T09:16:54Z
mobi_vancouver,mobi_vancouver_57262370-5ce5-4bc8-adef-2f456b099286,57262370-5ce5-4bc8-adef-2f456b099286,49.280787,-123.115271,1,FALSE,FALSE,21200,0305,1783242986,2026-07-05T09:16:55Z,2026-07-05T09:16:55Z,2026-07-05T09:16:25Z,2.2,https://gbfs.kappa.fifteen.eu/gbfs/2.2/mobi/en/gbfs.json,https://gbfs.kappa.fifteen.eu/gbfs/2.2/mobi/en/free_bike_status.json,2026-07-05T09:16:54Z,2026-07-05T09:16:54Z
mobi_vancouver,mobi_vancouver_b1c73096-ea11-4baf-a045-fea23c09f302,b1c73096-ea11-4baf-a045-fea23c09f302,49.280787,-123.115271,1,FALSE,FALSE,21200,0305,1783242986,2026-07-05T09:16:55Z,2026-07-05T09:16:55Z,2026-07-05T09:16:25Z,2.2,https://gbfs.kappa.fifteen.eu/gbfs/2.2/mobi/en/gbfs.json,https://gbfs.kappa.fifteen.eu/gbfs/2.2/mobi/en/free_bike_status.json,2026-07-05T09:16:54Z,2026-07-05T09:16:54Z
mobi_vancouver,mobi_vancouver_f2c99e0a-f61d-4696-9e65-9d2ceaf18dea,f2c99e0a-f61d-4696-9e65-9d2ceaf18dea,49.262835,-123.152626,1,FALSE,FALSE,21200,0075,1783242986,2026-07-05T09:16:55Z,2026-07-05T09:16:55Z,2026-07-05T09:16:25Z,2.2,https://gbfs.kappa.fifteen.eu/gbfs/2.2/mobi/en/gbfs.json,https://gbfs.kappa.fifteen.eu/gbfs/2.2/mobi/en/free_bike_status.json,2026-07-05T09:16:54Z,2026-07-05T09:16:54Z
mobi_vancouver,mobi_vancouver_d7598e2c-67a0-4932-b0d1-bfe4b41728eb,d7598e2c-67a0-4932-b0d1-bfe4b41728eb,49.272969,-123.164325,1,FALSE,FALSE,21200,0460,1783242986,2026-07-05T09:16:55Z,2026-07-05T09:16:55Z,2026-07-05T09:16:25Z,2.2,https://gbfs.kappa.fifteen.eu/gbfs/2.2/mobi/en/gbfs.json,https://gbfs.kappa.fifteen.eu/gbfs/2.2/mobi/en/free_bike_status.json,2026-07-05T09:16:54Z,2026-07-05T09:16:54Z
mobi_vancouver,mobi_vancouver_95866501-a182-4567-a7f0-95d2f66e3b1f,95866501-a182-4567-a7f0-95d2f66e3b1f,49.264928,-123.168068,1,FALSE,FALSE,21200,0452,1783242986,2026-07-05T09:16:55Z,2026-07-05T09:16:55Z,2026-07-05T09:16:25Z,2.2,https://gbfs.kappa.fifteen.eu/gbfs/2.2/mobi/en/gbfs.json,https://gbfs.kappa.fifteen.eu/gbfs/2.2/mobi/en/free_bike_status.json,2026-07-05T09:16:54Z,2026-07-05T09:16:54Z
mobi_vancouver,mobi_vancouver_46d6f962-d695-4ebd-8171-8a2fc4f3fe9b,46d6f962-d695-4ebd-8171-8a2fc4f3fe9b,49.254818,-123.114785,1,FALSE,FALSE,21200,0531,1783242986,2026-07-05T09:16:55Z,2026-07-05T09:16:55Z,2026-07-05T09:16:25Z,2.2,https://gbfs.kappa.fifteen.eu/gbfs/2.2/mobi/en/gbfs.json,https://gbfs.kappa.fifteen.eu/gbfs/2.2/mobi/en/free_bike_status.json,2026-07-05T09:16:54Z,2026-07-05T09:16:54Z
mobi_vancouver,mobi_vancouver_87755f87-ae2c-4975-81d7-199f2e287be0,87755f87-ae2c-4975-81d7-199f2e287be0,49.252691,-123.101289,1,FALSE,FALSE,21200,0561,1783242986,2026-07-05T09:16:55Z,2026-07-05T09:16:55Z,2026-07-05T09:16:25Z,2.2,https://gbfs.kappa.fifteen.eu/gbfs/2.2/mobi/en/gbfs.json,https://gbfs.kappa.fifteen.eu/gbfs/2.2/mobi/en/free_bike_status.json,2026-07-05T09:16:54Z,2026-07-05T09:16:54Z
mobi_vancouver,mobi_vancouver_b5728c9c-642d-451f-a357-3decb8b65e92,b5728c9c-642d-451f-a357-3decb8b65e92,49.272172,-123.097978,1,FALSE,FALSE,21200,0354,1783242986,2026-07-05T09:16:55Z,2026-07-05T09:16:55Z,2026-07-05T09:16:25Z,2.2,https://gbfs.kappa.fifteen.eu/gbfs/2.2/mobi/en/gbfs.json,https://gbfs.kappa.fifteen.eu/gbfs/2.2/mobi/en/free_bike_status.json,2026-07-05T09:16:54Z,2026-07-05T09:16:54Z
mobi_vancouver,mobi_vancouver_b55a6f4c-25bf-4822-8e4f-90205c640e69,b55a6f4c-25bf-4822-8e4f-90205c640e69,49.247854,-123.153422,1,FALSE,FALSE,21200,0480,1783242986,2026-07-05T09:16:55Z,2026-07-05T09:16:55Z,2026-07-05T09:16:25Z,2.2,https://gbfs.kappa.fifteen.eu/gbfs/2.2/mobi/en/gbfs.json,https://gbfs.kappa.fifteen.eu/gbfs/2.2/mobi/en/free_bike_status.json,2026-07-05T09:16:54Z,2026-07-05T09:16:54Z
mobi_vancouver,mobi_vancouver_96e9f371-5d2a-4781-be87-8fb0fa4d70b9,96e9f371-5d2a-4781-be87-8fb0fa4d70b9,49.283968,-123.061615,1,FALSE,FALSE,21200,0631,1783242986,2026-07-05T09:16:55Z,2026-07-05T09:16:55Z,2026-07-05T09:16:25Z,2.2,https://gbfs.kappa.fifteen.eu/gbfs/2.2/mobi/en/gbfs.json,https://gbfs.kappa.fifteen.eu/gbfs/2.2/mobi/en/free_bike_status.json,2026-07-05T09:16:54Z,2026-07-05T09:16:54Z
mobi_vancouver,mobi_vancouver_0a0c036b-485b-4f39-a0a9-0e954ce53e9c,0a0c036b-485b-4f39-a0a9-0e954ce53e9c,49.247204,-123.101549,1,FALSE,FALSE,21200,0565,1783242986,2026-07-05T09:16:55Z,2026-07-05T09:16:55Z,2026-07-05T09:16:25Z,2.2,https://gbfs.kappa.fifteen.eu/gbfs/2.2/mobi/en/gbfs.json,https://gbfs.kappa.fifteen.eu/gbfs/2.2/mobi/en/free_bike_status.json,2026-07-05T09:16:54Z,2026-07-05T09:16:54Z
mobi_vancouver,mobi_vancouver_d6818ebc-11ef-4ebb-850f-cde68f5081e9,d6818ebc-11ef-4ebb-850f-cde68f5081e9,49.266579,-123.248549,1,FALSE,FALSE,21200,2143,1783242986,2026-07-05T09:16:55Z,2026-07-05T09:16:55Z,2026-07-05T09:16:25Z,2.2,https://gbfs.kappa.fifteen.eu/gbfs/2.2/mobi/en/gbfs.json,https://gbfs.kappa.fifteen.eu/gbfs/2.2/mobi/en/free_bike_status.json,2026-07-05T09:16:54Z,2026-07-05T09:16:54Z
mobi_vancouver,mobi_vancouver_d1ca4486-0ecc-4ff6-bca8-2b1e61fc1745,d1ca4486-0ecc-4ff6-bca8-2b1e61fc1745,49.261655,-123.241924,1,FALSE,FALSE,21200,2157,1783242986,2026-07-05T09:16:55Z,2026-07-05T09:16:55Z,2026-07-05T09:16:25Z,2.2,https://gbfs.kappa.fifteen.eu/gbfs/2.2/mobi/en/gbfs.json,https://gbfs.kappa.fifteen.eu/gbfs/2.2/mobi/en/free_bike_status.json,2026-07-05T09:16:54Z,2026-07-05T09:16:54Z
mobi_vancouver,mobi_vancouver_ff58ce93-6f0f-4ab3-87a2-fcec3b340e3d,ff58ce93-6f0f-4ab3-87a2-fcec3b340e3d,49.261736,-123.24648,1,FALSE,FALSE,21200,2136,1783242986,2026-07-05T09:16:55Z,2026-07-05T09:16:55Z,2026-07-05T09:16:25Z,2.2,https://gbfs.kappa.fifteen.eu/gbfs/2.2/mobi/en/gbfs.json,https://gbfs.kappa.fifteen.eu/gbfs/2.2/mobi/en/free_bike_status.json,2026-07-05T09:16:54Z,2026-07-05T09:16:54Z
mobi_vancouver,mobi_vancouver_63cabffe-6419-4127-a998-ffaf76142e66,63cabffe-6419-4127-a998-ffaf76142e66,49.261736,-123.24648,1,FALSE,FALSE,21200,2136,1783242986,2026-07-05T09:16:55Z,2026-07-05T09:16:55Z,2026-07-05T09:16:25Z,2.2,https://gbfs.kappa.fifteen.eu/gbfs/2.2/mobi/en/gbfs.json,https://gbfs.kappa.fifteen.eu/gbfs/2.2/mobi/en/free_bike_status.json,2026-07-05T09:16:54Z,2026-07-05T09:16:54Z
mobi_vancouver,mobi_vancouver_84e0fb4e-de3a-4a00-b91e-91f77fe9fb67,84e0fb4e-de3a-4a00-b91e-91f77fe9fb67,49.271721,-123.104207,1,FALSE,FALSE,21600,0011,1783242986,2026-07-05T09:16:55Z,2026-07-05T09:16:55Z,2026-07-05T09:16:25Z,2.2,https://gbfs.kappa.fifteen.eu/gbfs/2.2/mobi/en/gbfs.json,https://gbfs.kappa.fifteen.eu/gbfs/2.2/mobi/en/free_bike_status.json,2026-07-05T09:16:54Z,2026-07-05T09:16:54Z
mobi_vancouver,mobi_vancouver_cc0ea530-c8a9-4bd5-b591-a33705c16fd1,cc0ea530-c8a9-4bd5-b591-a33705c16fd1,49.271721,-123.104207,1,FALSE,FALSE,21600,0011,1783242986,2026-07-05T09:16:55Z,2026-07-05T09:16:55Z,2026-07-05T09:16:25Z,2.2,https://gbfs.kappa.fifteen.eu/gbfs/2.2/mobi/en/gbfs.json,https://gbfs.kappa.fifteen.eu/gbfs/2.2/mobi/en/free_bike_status.json,2026-07-05T09:16:54Z,2026-07-05T09:16:54Z
mobi_vancouver,mobi_vancouver_396d25e9-62e1-4878-b6cf-4f325c2ad427,396d25e9-62e1-4878-b6cf-4f325c2ad427,49.276115,-123.114496,1,FALSE,FALSE,21600,0064,1783242986,2026-07-05T09:16:55Z,2026-07-05T09:16:55Z,2026-07-05T09:16:25Z,2.2,https://gbfs.kappa.fifteen.eu/gbfs/2.2/mobi/en/gbfs.json,https://gbfs.kappa.fifteen.eu/gbfs/2.2/mobi/en/free_bike_status.json,2026-07-05T09:16:54Z,2026-07-05T09:16:54Z
mobi_vancouver,mobi_vancouver_8d31a104-3eef-41a8-b129-c370dc177be2,8d31a104-3eef-41a8-b129-c370dc177be2,49.276115,-123.114496,1,FALSE,FALSE,21600,0064,1783242986,2026-07-05T09:16:55Z,2026-07-05T09:16:55Z,2026-07-05T09:16:25Z,2.2,https://gbfs.kappa.fifteen.eu/gbfs/2.2/mobi/en/gbfs.json,https://gbfs.kappa.fifteen.eu/gbfs/2.2/mobi/en/free_bike_status.json,2026-07-05T09:16:54Z,2026-07-05T09:16:54Z
mobi_vancouver,mobi_vancouver_6c929c17-b6c7-4af2-8ce9-310272089132,6c929c17-b6c7-4af2-8ce9-310272089132,49.260599,-123.113504,1,FALSE,FALSE,21600,0007,1783242986,2026-07-05T09:16:55Z,2026-07-05T09:16:55Z,2026-07-05T09:16:25Z,2.2,https://gbfs.kappa.fifteen.eu/gbfs/2.2/mobi/en/gbfs.json,https://gbfs.kappa.fifteen.eu/gbfs/2.2/mobi/en/free_bike_status.json,2026-07-05T09:16:54Z,2026-07-05T09:16:54Z
mobi_vancouver,mobi_vancouver_735d19aa-9269-4191-9b41-42a1c598fc7b,735d19aa-9269-4191-9b41-42a1c598fc7b,49.260599,-123.113504,1,FALSE,FALSE,21600,0007,1783242986,2026-07-05T09:16:55Z,2026-07-05T09:16:55Z,2026-07-05T09:16:25Z,2.2,https://gbfs.kappa.fifteen.eu/gbfs/2.2/mobi/en/gbfs.json,https://gbfs.kappa.fifteen.eu/gbfs/2.2/mobi/en/free_bike_status.json,2026-07-05T09:16:54Z,2026-07-05T09:16:54Z
mobi_vancouver,mobi_vancouver_1dd078fe-e148-4c51-b4e7-4157805cdf94,1dd078fe-e148-4c51-b4e7-4157805cdf94,49.28803,-123.142135,1,FALSE,FALSE,21600,0031,1783242986,2026-07-05T09:16:55Z,2026-07-05T09:16:55Z,2026-07-05T09:16:25Z,2.2,https://gbfs.kappa.fifteen.eu/gbfs/2.2/mobi/en/gbfs.json,https://gbfs.kappa.fifteen.eu/gbfs/2.2/mobi/en/free_bike_status.json,2026-07-05T09:16:54Z,2026-07-05T09:16:54Z
mobi_vancouver,mobi_vancouver_e7af4b22-c1d8-4edf-9ffb-3b7f15a42733,e7af4b22-c1d8-4edf-9ffb-3b7f15a42733,49.28803,-123.142135,1,FALSE,FALSE,21600,0031,1783242986,2026-07-05T09:16:55Z,2026-07-05T09:16:55Z,2026-07-05T09:16:25Z,2.2,https://gbfs.kappa.fifteen.eu/gbfs/2.2/mobi/en/gbfs.json,https://gbfs.kappa.fifteen.eu/gbfs/2.2/mobi/en/free_bike_status.json,2026-07-05T09:16:54Z,2026-07-05T09:16:54Z
mobi_vancouver,mobi_vancouver_0295bce5-7b77-4b77-b860-9cc820bd1cd3,0295bce5-7b77-4b77-b860-9cc820bd1cd3,49.288444,-123.139203,1,FALSE,FALSE,21600,0032,1783242986,2026-07-05T09:16:55Z,2026-07-05T09:16:55Z,2026-07-05T09:16:25Z,2.2,https://gbfs.kappa.fifteen.eu/gbfs/2.2/mobi/en/gbfs.json,https://gbfs.kappa.fifteen.eu/gbfs/2.2/mobi/en/free_bike_status.json,2026-07-05T09:16:54Z,2026-07-05T09:16:54Z
mobi_vancouver,mobi_vancouver_860a45c9-e8a6-4107-9f6a-cfdd40383884,860a45c9-e8a6-4107-9f6a-cfdd40383884,49.288444,-123.139203,1,FALSE,FALSE,21600,0032,1783242986,2026-07-05T09:16:55Z,2026-07-05T09:16:55Z,2026-07-05T09:16:25Z,2.2,https://gbfs.kappa.fifteen.eu/gbfs/2.2/mobi/en/gbfs.json,https://gbfs.kappa.fifteen.eu/gbfs/2.2/mobi/en/free_bike_status.json,2026-07-05T09:16:54Z,2026-07-05T09:16:54Z
mobi_vancouver,mobi_vancouver_c32093a5-d7df-4cf6-90e2-ce5bcfcd5e77,c32093a5-d7df-4cf6-90e2-ce5bcfcd5e77,49.28616,-123.12675,1,FALSE,FALSE,21600,0036,1783242986,2026-07-05T09:16:55Z,2026-07-05T09:16:55Z,2026-07-05T09:16:25Z,2.2,https://gbfs.kappa.fifteen.eu/gbfs/2.2/mobi/en/gbfs.json,https://gbfs.kappa.fifteen.eu/gbfs/2.2/mobi/en/free_bike_status.json,2026-07-05T09:16:54Z,2026-07-05T09:16:54Z
mobi_vancouver,mobi_vancouver_9b5f0ecf-d7ea-4bac-aac9-826e55a6df44,9b5f0ecf-d7ea-4bac-aac9-826e55a6df44,49.285512,-123.1384,1,FALSE,FALSE,21600,0040,1783242986,2026-07-05T09:16:55Z,2026-07-05T09:16:55Z,2026-07-05T09:16:25Z,2.2,https://gbfs.kappa.fifteen.eu/gbfs/2.2/mobi/en/gbfs.json,https://gbfs.kappa.fifteen.eu/gbfs/2.2/mobi/en/free_bike_status.json,2026-07-05T09:16:54Z,2026-07-05T09:16:54Z
mobi_vancouver,mobi_vancouver_2141cb1b-2be5-458e-a792-290b304f1133,2141cb1b-2be5-458e-a792-290b304f1133,49.28062,-123.12482,1,FALSE,FALSE,21600,0037,1783242986,2026-07-05T09:16:55Z,2026-07-05T09:16:55Z,2026-07-05T09:16:25Z,2.2,https://gbfs.kappa.fifteen.eu/gbfs/2.2/mobi/en/gbfs.json,https://gbfs.kappa.fifteen.eu/gbfs/2.2/mobi/en/free_bike_status.json,2026-07-05T09:16:54Z,2026-07-05T09:16:54Z
mobi_vancouver,mobi_vancouver_5d5e9340-9e92-4f44-aa77-7b7b9a735a47,5d5e9340-9e92-4f44-aa77-7b7b9a735a47,49.283343,-123.131099,1,FALSE,FALSE,21600,0050,1783242986,2026-07-05T09:16:55Z,2026-07-05T09:16:55Z,2026-07-05T09:16:25Z,2.2,https://gbfs.kappa.fifteen.eu/gbfs/2.2/mobi/en/gbfs.json,https://gbfs.kappa.fifteen.eu/gbfs/2.2/mobi/en/free_bike_status.json,2026-07-05T09:16:54Z,2026-07-05T09:16:54Z
mobi_vancouver,mobi_vancouver_75b108ed-1f2e-4ab6-9882-6713533432ea,75b108ed-1f2e-4ab6-9882-6713533432ea,49.283343,-123.131099,1,FALSE,FALSE,21600,0050,1783242986,2026-07-05T09:16:55Z,2026-07-05T09:16:55Z,2026-07-05T09:16:25Z,2.2,https://gbfs.kappa.fifteen.eu/gbfs/2.2/mobi/en/gbfs.json,https://gbfs.kappa.fifteen.eu/gbfs/2.2/mobi/en/free_bike_status.json,2026-07-05T09:16:54Z,2026-07-05T09:16:54Z
mobi_vancouver,mobi_vancouver_fc15e989-b865-40fe-9884-efc9473f1814,fc15e989-b865-40fe-9884-efc9473f1814,49.273833,-123.114373,1,FALSE,FALSE,21600,0057,1783242986,2026-07-05T09:16:55Z,2026-07-05T09:16:55Z,2026-07-05T09:16:25Z,2.2,https://gbfs.kappa.fifteen.eu/gbfs/2.2/mobi/en/gbfs.json,https://gbfs.kappa.fifteen.eu/gbfs/2.2/mobi/en/free_bike_status.json,2026-07-05T09:16:54Z,2026-07-05T09:16:54Z
mobi_vancouver,mobi_vancouver_c21f1877-c880-4fdb-9bb7-8df090b1ad76,c21f1877-c880-4fdb-9bb7-8df090b1ad76,49.273833,-123.114373,1,FALSE,FALSE,21600,0057,1783242986,2026-07-05T09:16:55Z,2026-07-05T09:16:55Z,2026-07-05T09:16:25Z,2.2,https://gbfs.kappa.fifteen.eu/gbfs/2.2/mobi/en/gbfs.json,https://gbfs.kappa.fifteen.eu/gbfs/2.2/mobi/en/free_bike_status.json,2026-07-05T09:16:54Z,2026-07-05T09:16:54Z
mobi_vancouver,mobi_vancouver_4eeca5f0-2182-4b1c-b8c2-062666f45148,4eeca5f0-2182-4b1c-b8c2-062666f45148,49.28026,-123.135244,1,FALSE,FALSE,21600,0088,1783242986,2026-07-05T09:16:55Z,2026-07-05T09:16:55Z,2026-07-05T09:16:25Z,2.2,https://gbfs.kappa.fifteen.eu/gbfs/2.2/mobi/en/gbfs.json,https://gbfs.kappa.fifteen.eu/gbfs/2.2/mobi/en/free_bike_status.json,2026-07-05T09:16:54Z,2026-07-05T09:16:54Z
mobi_vancouver,mobi_vancouver_d32b8568-a3ca-4fc3-a1d0-7ac28316bde9,d32b8568-a3ca-4fc3-a1d0-7ac28316bde9,49.258763,-123.115392,1,FALSE,FALSE,21600,0072,1783242986,2026-07-05T09:16:55Z,2026-07-05T09:16:55Z,2026-07-05T09:16:25Z,2.2,https://gbfs.kappa.fifteen.eu/gbfs/2.2/mobi/en/gbfs.json,https://gbfs.kappa.fifteen.eu/gbfs/2.2/mobi/en/free_bike_status.json,2026-07-05T09:16:54Z,2026-07-05T09:16:54Z
mobi_vancouver,mobi_vancouver_72c3f75d-9d49-4ebf-b8b2-0b1bacde85f1,72c3f75d-9d49-4ebf-b8b2-0b1bacde85f1,49.275683,-123.124388,2,FALSE,FALSE,21600,0082,1783242986,2026-07-05T09:16:55Z,2026-07-05T09:16:55Z,2026-07-05T09:16:25Z,2.2,https://gbfs.kappa.fifteen.eu/gbfs/2.2/mobi/en/gbfs.json,https://gbfs.kappa.fifteen.eu/gbfs/2.2/mobi/en/free_bike_status.json,2026-07-05T09:16:54Z,2026-07-05T09:16:54Z
mobi_vancouver,mobi_vancouver_18787ade-ef1a-45b3-a955-0c42e03cc6e3,18787ade-ef1a-45b3-a955-0c42e03cc6e3,49.266724,-123.104824,1,FALSE,FALSE,21600,0073,1783242986,2026-07-05T09:16:55Z,2026-07-05T09:16:55Z,2026-07-05T09:16:25Z,2.2,https://gbfs.kappa.fifteen.eu/gbfs/2.2/mobi/en/gbfs.json,https://gbfs.kappa.fifteen.eu/gbfs/2.2/mobi/en/free_bike_status.json,2026-07-05T09:16:54Z,2026-07-05T09:16:54Z
mobi_vancouver,mobi_vancouver_d06b2b83-6fde-4c3e-9fbd-781c63ce982a,d06b2b83-6fde-4c3e-9fbd-781c63ce982a,49.28526,-123.141809,1,FALSE,FALSE,21600,0060,1783242986,2026-07-05T09:16:55Z,2026-07-05T09:16:55Z,2026-07-05T09:16:25Z,2.2,https://gbfs.kappa.fifteen.eu/gbfs/2.2/mobi/en/gbfs.json,https://gbfs.kappa.fifteen.eu/gbfs/2.2/mobi/en/free_bike_status.json,2026-07-05T09:16:54Z,2026-07-05T09:16:54Z
mobi_vancouver,mobi_vancouver_236817fc-ae69-44ea-b6f9-0c75f3b9d3ec,236817fc-ae69-44ea-b6f9-0c75f3b9d3ec,49.272827,-123.147744,1,FALSE,FALSE,21600,0065,1783242986,2026-07-05T09:16:55Z,2026-07-05T09:16:55Z,2026-07-05T09:16:25Z,2.2,https://gbfs.kappa.fifteen.eu/gbfs/2.2/mobi/en/gbfs.json,https://gbfs.kappa.fifteen.eu/gbfs/2.2/mobi/en/free_bike_status.json,2026-07-05T09:16:54Z,2026-07-05T09:16:54Z
mobi_vancouver,mobi_vancouver_18fbf722-f0cb-4972-978b-11d6a07ed0f7,18fbf722-f0cb-4972-978b-11d6a07ed0f7,49.272827,-123.147744,1,FALSE,FALSE,21600,0065,1783242986,2026-07-05T09:16:55Z,2026-07-05T09:16:55Z,2026-07-05T09:16:25Z,2.2,https://gbfs.kappa.fifteen.eu/gbfs/2.2/mobi/en/gbfs.json,https://gbfs.kappa.fifteen.eu/gbfs/2.2/mobi/en/free_bike_status.json,2026-07-05T09:16:54Z,2026-07-05T09:16:54Z
mobi_vancouver,mobi_vancouver_3b26fcde-c6d0-4049-96d9-c6ec50239e6b,3b26fcde-c6d0-4049-96d9-c6ec50239e6b,49.293257,-123.138563,1,FALSE,FALSE,21600,0093,1783242986,2026-07-05T09:16:55Z,2026-07-05T09:16:55Z,2026-07-05T09:16:25Z,2.2,https://gbfs.kappa.fifteen.eu/gbfs/2.2/mobi/en/gbfs.json,https://gbfs.kappa.fifteen.eu/gbfs/2.2/mobi/en/free_bike_status.json,2026-07-05T09:16:54Z,2026-07-05T09:16:54Z
mobi_vancouver,mobi_vancouver_39aec293-e2d4-4ae3-8a8a-8fa265eb7746,39aec293-e2d4-4ae3-8a8a-8fa265eb7746,49.273568,-123.129935,1,FALSE,FALSE,21600,0137,1783242986,2026-07-05T09:16:55Z,2026-07-05T09:16:55Z,2026-07-05T09:16:25Z,2.2,https://gbfs.kappa.fifteen.eu/gbfs/2.2/mobi/en/gbfs.json,https://gbfs.kappa.fifteen.eu/gbfs/2.2/mobi/en/free_bike_status.json,2026-07-05T09:16:54Z,2026-07-05T09:16:54Z
mobi_vancouver,mobi_vancouver_d004dcd3-2f11-4a76-9074-fff91498415d,d004dcd3-2f11-4a76-9074-fff91498415d,49.257654,-123.153212,1,FALSE,FALSE,21600,0113,1783242986,2026-07-05T09:16:55Z,2026-07-05T09:16:55Z,2026-07-05T09:16:25Z,2.2,https://gbfs.kappa.fifteen.eu/gbfs/2.2/mobi/en/gbfs.json,https://gbfs.kappa.fifteen.eu/gbfs/2.2/mobi/en/free_bike_status.json,2026-07-05T09:16:54Z,2026-07-05T09:16:54Z
mobi_vancouver,mobi_vancouver_a87b41c1-fd9c-4bd1-b9ef-a581f694f528,a87b41c1-fd9c-4bd1-b9ef-a581f694f528,49.2653,-123.13811,2,FALSE,FALSE,21600,0069,1783242986,2026-07-05T09:16:55Z,2026-07-05T09:16:55Z,2026-07-05T09:16:25Z,2.2,https://gbfs.kappa.fifteen.eu/gbfs/2.2/mobi/en/gbfs.json,https://gbfs.kappa.fifteen.eu/gbfs/2.2/mobi/en/free_bike_status.json,2026-07-05T09:16:54Z,2026-07-05T09:16:54Z
mobi_vancouver,mobi_vancouver_012ea648-56e6-463e-be03-65ecfbfe28a0,012ea648-56e6-463e-be03-65ecfbfe28a0,49.263837,-123.105173,1,FALSE,FALSE,21600,0107,1783242986,2026-07-05T09:16:55Z,2026-07-05T09:16:55Z,2026-07-05T09:16:25Z,2.2,https://gbfs.kappa.fifteen.eu/gbfs/2.2/mobi/en/gbfs.json,https://gbfs.kappa.fifteen.eu/gbfs/2.2/mobi/en/free_bike_status.json,2026-07-05T09:16:54Z,2026-07-05T09:16:54Z
mobi_vancouver,mobi_vancouver_8eb4d728-ba03-454c-afa3-f50fb6cd3d46,8eb4d728-ba03-454c-afa3-f50fb6cd3d46,49.258429,-123.101766,1,FALSE,FALSE,21600,0134,1783242986,2026-07-05T09:16:55Z,2026-07-05T09:16:55Z,2026-07-05T09:16:25Z,2.2,https://gbfs.kappa.fifteen.eu/gbfs/2.2/mobi/en/gbfs.json,https://gbfs.kappa.fifteen.eu/gbfs/2.2/mobi/en/free_bike_status.json,2026-07-05T09:16:54Z,2026-07-05T09:16:54Z
mobi_vancouver,mobi_vancouver_544418c4-62e4-44da-8926-82718d472afd,544418c4-62e4-44da-8926-82718d472afd,49.266476,-123.109389,1,FALSE,FALSE,21600,0165,1783242986,2026-07-05T09:16:55Z,2026-07-05T09:16:55Z,2026-07-05T09:16:25Z,2.2,https://gbfs.kappa.fifteen.eu/gbfs/2.2/mobi/en/gbfs.json,https://gbfs.kappa.fifteen.eu/gbfs/2.2/mobi/en/free_bike_status.json,2026-07-05T09:16:54Z,2026-07-05T09:16:54Z
mobi_vancouver,mobi_vancouver_2852ad62-7bb0-4bac-a133-5a8b5b16a2e3,2852ad62-7bb0-4bac-a133-5a8b5b16a2e3,49.27023,-123.10651,2,FALSE,FALSE,21600,0174,1783242986,2026-07-05T09:16:55Z,2026-07-05T09:16:55Z,2026-07-05T09:16:25Z,2.2,https://gbfs.kappa.fifteen.eu/gbfs/2.2/mobi/en/gbfs.json,https://gbfs.kappa.fifteen.eu/gbfs/2.2/mobi/en/free_bike_status.json,2026-07-05T09:16:54Z,2026-07-05T09:16:54Z
mobi_vancouver,mobi_vancouver_cde04c3b-d0e6-4bc5-a223-65280da0cf6d,cde04c3b-d0e6-4bc5-a223-65280da0cf6d,49.277141,-123.122589,1,FALSE,FALSE,21600,0138,1783242986,2026-07-05T09:16:55Z,2026-07-05T09:16:55Z,2026-07-05T09:16:25Z,2.2,https://gbfs.kappa.fifteen.eu/gbfs/2.2/mobi/en/gbfs.json,https://gbfs.kappa.fifteen.eu/gbfs/2.2/mobi/en/free_bike_status.json,2026-07-05T09:16:54Z,2026-07-05T09:16:54Z
mobi_vancouver,mobi_vancouver_63dd9c42-bb2e-4daf-ae07-a5ab8e46ab5b,63dd9c42-bb2e-4daf-ae07-a5ab8e46ab5b,49.284157,-123.099917,1,FALSE,FALSE,21600,0150,1783242986,2026-07-05T09:16:55Z,2026-07-05T09:16:55Z,2026-07-05T09:16:25Z,2.2,https://gbfs.kappa.fifteen.eu/gbfs/2.2/mobi/en/gbfs.json,https://gbfs.kappa.fifteen.eu/gbfs/2.2/mobi/en/free_bike_status.json,2026-07-05T09:16:54Z,2026-07-05T09:16:54Z
mobi_vancouver,mobi_vancouver_5cb5808d-e68b-4646-92a2-4046cc5d9de3,5cb5808d-e68b-4646-92a2-4046cc5d9de3,49.284157,-123.099917,1,FALSE,FALSE,21600,0150,1783242986,2026-07-05T09:16:55Z,2026-07-05T09:16:55Z,2026-07-05T09:16:25Z,2.2,https://gbfs.kappa.fifteen.eu/gbfs/2.2/mobi/en/gbfs.json,https://gbfs.kappa.fifteen.eu/gbfs/2.2/mobi/en/free_bike_status.json,2026-07-05T09:16:54Z,2026-07-05T09:16:54Z
mobi_vancouver,mobi_vancouver_a7b47b47-2c64-4931-bccb-ab4aab59df42,a7b47b47-2c64-4931-bccb-ab4aab59df42,49.276292,-123.150592,1,FALSE,FALSE,21600,0155,1783242986,2026-07-05T09:16:55Z,2026-07-05T09:16:55Z,2026-07-05T09:16:25Z,2.2,https://gbfs.kappa.fifteen.eu/gbfs/2.2/mobi/en/gbfs.json,https://gbfs.kappa.fifteen.eu/gbfs/2.2/mobi/en/free_bike_status.json,2026-07-05T09:16:54Z,2026-07-05T09:16:54Z
mobi_vancouver,mobi_vancouver_048ff0ef-724c-4289-a6de-90f0087db96b,048ff0ef-724c-4289-a6de-90f0087db96b,49.281506,-123.120101,1,FALSE,FALSE,21600,0063,1783242986,2026-07-05T09:16:55Z,2026-07-05T09:16:55Z,2026-07-05T09:16:25Z,2.2,https://gbfs.kappa.fifteen.eu/gbfs/2.2/mobi/en/gbfs.json,https://gbfs.kappa.fifteen.eu/gbfs/2.2/mobi/en/free_bike_status.json,2026-07-05T09:16:54Z,2026-07-05T09:16:54Z
mobi_vancouver,mobi_vancouver_a693a82b-f39a-49b5-9610-62f3755cfdaf,a693a82b-f39a-49b5-9610-62f3755cfdaf,49.281506,-123.120101,1,FALSE,FALSE,21600,0063,1783242986,2026-07-05T09:16:55Z,2026-07-05T09:16:55Z,2026-07-05T09:16:25Z,2.2,https://gbfs.kappa.fifteen.eu/gbfs/2.2/mobi/en/gbfs.json,https://gbfs.kappa.fifteen.eu/gbfs/2.2/mobi/en/free_bike_status.json,2026-07-05T09:16:54Z,2026-07-05T09:16:54Z
mobi_vancouver,mobi_vancouver_67fc8e5e-8239-4812-bf75-f3738e8b65c5,67fc8e5e-8239-4812-bf75-f3738e8b65c5,49.282758,-123.122092,1,FALSE,FALSE,21600,0019,1783242986,2026-07-05T09:16:55Z,2026-07-05T09:16:55Z,2026-07-05T09:16:25Z,2.2,https://gbfs.kappa.fifteen.eu/gbfs/2.2/mobi/en/gbfs.json,https://gbfs.kappa.fifteen.eu/gbfs/2.2/mobi/en/free_bike_status.json,2026-07-05T09:16:54Z,2026-07-05T09:16:54Z
mobi_vancouver,mobi_vancouver_e532a6a3-969f-4fc7-a0f0-806bc1e33e40,e532a6a3-969f-4fc7-a0f0-806bc1e33e40,49.274566,-123.121817,1,FALSE,FALSE,21600,0004,1783242986,2026-07-05T09:16:55Z,2026-07-05T09:16:55Z,2026-07-05T09:16:25Z,2.2,https://gbfs.kappa.fifteen.eu/gbfs/2.2/mobi/en/gbfs.json,https://gbfs.kappa.fifteen.eu/gbfs/2.2/mobi/en/free_bike_status.json,2026-07-05T09:16:54Z,2026-07-05T09:16:54Z
mobi_vancouver,mobi_vancouver_c0a69f43-7cc9-431d-a495-c04ec1b807a5,c0a69f43-7cc9-431d-a495-c04ec1b807a5,49.279342,-123.101822,1,FALSE,FALSE,21600,0055,1783242986,2026-07-05T09:16:55Z,2026-07-05T09:16:55Z,2026-07-05T09:16:25Z,2.2,https://gbfs.kappa.fifteen.eu/gbfs/2.2/mobi/en/gbfs.json,https://gbfs.kappa.fifteen.eu/gbfs/2.2/mobi/en/free_bike_status.json,2026-07-05T09:16:54Z,2026-07-05T09:16:54Z
mobi_vancouver,mobi_vancouver_04d8ef7b-c8b9-4426-9a54-82e9e925db24,04d8ef7b-c8b9-4426-9a54-82e9e925db24,49.262062,-123.104656,1,FALSE,FALSE,21600,0176,1783242986,2026-07-05T09:16:55Z,2026-07-05T09:16:55Z,2026-07-05T09:16:25Z,2.2,https://gbfs.kappa.fifteen.eu/gbfs/2.2/mobi/en/gbfs.json,https://gbfs.kappa.fifteen.eu/gbfs/2.2/mobi/en/free_bike_status.json,2026-07-05T09:16:54Z,2026-07-05T09:16:54Z
mobi_vancouver,mobi_vancouver_db32806a-2faf-4549-ad0b-3308c70e342b,db32806a-2faf-4549-ad0b-3308c70e342b,49.268503,-123.097501,1,FALSE,FALSE,21600,0197,1783242986,2026-07-05T09:16:55Z,2026-07-05T09:16:55Z,2026-07-05T09:16:25Z,2.2,https://gbfs.kappa.fifteen.eu/gbfs/2.2/mobi/en/gbfs.json,https://gbfs.kappa.fifteen.eu/gbfs/2.2/mobi/en/free_bike_status.json,2026-07-05T09:16:54Z,2026-07-05T09:16:54Z
mobi_vancouver,mobi_vancouver_ff495716-5dbb-43d7-ac47-a51a59fc66af,ff495716-5dbb-43d7-ac47-a51a59fc66af,49.268503,-123.097501,1,FALSE,FALSE,21600,0197,1783242986,2026-07-05T09:16:55Z,2026-07-05T09:16:55Z,2026-07-05T09:16:25Z,2.2,https://gbfs.kappa.fifteen.eu/gbfs/2.2/mobi/en/gbfs.json,https://gbfs.kappa.fifteen.eu/gbfs/2.2/mobi/en/free_bike_status.json,2026-07-05T09:16:54Z,2026-07-05T09:16:54Z
mobi_vancouver,mobi_vancouver_804e44c4-55dc-4202-980d-b0d6b92c22eb,804e44c4-55dc-4202-980d-b0d6b92c22eb,49.258924,-123.152591,1,FALSE,FALSE,21600,0152,1783242986,2026-07-05T09:16:55Z,2026-07-05T09:16:55Z,2026-07-05T09:16:25Z,2.2,https://gbfs.kappa.fifteen.eu/gbfs/2.2/mobi/en/gbfs.json,https://gbfs.kappa.fifteen.eu/gbfs/2.2/mobi/en/free_bike_status.json,2026-07-05T09:16:54Z,2026-07-05T09:16:54Z
mobi_vancouver,mobi_vancouver_3ea1e150-9113-4a05-a374-c922a7363ac8,3ea1e150-9113-4a05-a374-c922a7363ac8,49.268216,-123.103168,1,FALSE,FALSE,21600,0119,1783242986,2026-07-05T09:16:55Z,2026-07-05T09:16:55Z,2026-07-05T09:16:25Z,2.2,https://gbfs.kappa.fifteen.eu/gbfs/2.2/mobi/en/gbfs.json,https://gbfs.kappa.fifteen.eu/gbfs/2.2/mobi/en/free_bike_status.json,2026-07-05T09:16:54Z,2026-07-05T09:16:54Z
mobi_vancouver,mobi_vancouver_97028615-1c22-456a-ad85-4b25b5dc7ead,97028615-1c22-456a-ad85-4b25b5dc7ead,49.298657,-123.121176,1,FALSE,FALSE,21600,0105,1783242986,2026-07-05T09:16:55Z,2026-07-05T09:16:55Z,2026-07-05T09:16:25Z,2.2,https://gbfs.kappa.fifteen.eu/gbfs/2.2/mobi/en/gbfs.json,https://gbfs.kappa.fifteen.eu/gbfs/2.2/mobi/en/free_bike_status.json,2026-07-05T09:16:54Z,2026-07-05T09:16:54Z
mobi_vancouver,mobi_vancouver_e1ddbe08-b218-4318-bd6b-73b96390ed30,e1ddbe08-b218-4318-bd6b-73b96390ed30,49.278529,-123.100017,1,FALSE,FALSE,21600,0199,1783242986,2026-07-05T09:16:55Z,2026-07-05T09:16:55Z,2026-07-05T09:16:25Z,2.2,https://gbfs.kappa.fifteen.eu/gbfs/2.2/mobi/en/gbfs.json,https://gbfs.kappa.fifteen.eu/gbfs/2.2/mobi/en/free_bike_status.json,2026-07-05T09:16:54Z,2026-07-05T09:16:54Z
mobi_vancouver,mobi_vancouver_6faa938e-706c-40ca-8976-ed7b1dd8ee71,6faa938e-706c-40ca-8976-ed7b1dd8ee71,49.262242,-123.081459,1,FALSE,FALSE,21600,0246,1783242986,2026-07-05T09:16:55Z,2026-07-05T09:16:55Z,2026-07-05T09:16:25Z,2.2,https://gbfs.kappa.fifteen.eu/gbfs/2.2/mobi/en/gbfs.json,https://gbfs.kappa.fifteen.eu/gbfs/2.2/mobi/en/free_bike_status.json,2026-07-05T09:16:54Z,2026-07-05T09:16:54Z
mobi_vancouver,mobi_vancouver_15f9d4c8-c842-4238-94cf-dd63a0e28a3a,15f9d4c8-c842-4238-94cf-dd63a0e28a3a,49.261353,-123.085333,1,FALSE,FALSE,21600,0265,1783242986,2026-07-05T09:16:55Z,2026-07-05T09:16:55Z,2026-07-05T09:16:25Z,2.2,https://gbfs.kappa.fifteen.eu/gbfs/2.2/mobi/en/gbfs.json,https://gbfs.kappa.fifteen.eu/gbfs/2.2/mobi/en/free_bike_status.json,2026-07-05T09:16:54Z,2026-07-05T09:16:54Z
mobi_vancouver,mobi_vancouver_22200b96-b8e6-4789-8a50-41e0758edf80,22200b96-b8e6-4789-8a50-41e0758edf80,49.26151,-123.089413,1,FALSE,FALSE,21600,0260,1783242986,2026-07-05T09:16:55Z,2026-07-05T09:16:55Z,2026-07-05T09:16:25Z,2.2,https://gbfs.kappa.fifteen.eu/gbfs/2.2/mobi/en/gbfs.json,https://gbfs.kappa.fifteen.eu/gbfs/2.2/mobi/en/free_bike_status.json,2026-07-05T09:16:54Z,2026-07-05T09:16:54Z
mobi_vancouver,mobi_vancouver_da2cab4d-3773-4526-aa88-88ae1b074454,da2cab4d-3773-4526-aa88-88ae1b074454,49.265005,-123.079481,1,FALSE,FALSE,21600,0236,1783242986,2026-07-05T09:16:55Z,2026-07-05T09:16:55Z,2026-07-05T09:16:25Z,2.2,https://gbfs.kappa.fifteen.eu/gbfs/2.2/mobi/en/gbfs.json,https://gbfs.kappa.fifteen.eu/gbfs/2.2/mobi/en/free_bike_status.json,2026-07-05T09:16:54Z,2026-07-05T09:16:54Z
mobi_vancouver,mobi_vancouver_5a7f8a03-12e6-4997-84a5-c7afb71bb1a0,5a7f8a03-12e6-4997-84a5-c7afb71bb1a0,49.263242,-123.070521,1,FALSE,FALSE,21600,0242,1783242986,2026-07-05T09:16:55Z,2026-07-05T09:16:55Z,2026-07-05T09:16:25Z,2.2,https://gbfs.kappa.fifteen.eu/gbfs/2.2/mobi/en/gbfs.json,https://gbfs.kappa.fifteen.eu/gbfs/2.2/mobi/en/free_bike_status.json,2026-07-05T09:16:54Z,2026-07-05T09:16:54Z
mobi_vancouver,mobi_vancouver_07cf9729-11a9-471e-90f3-6b89399594ca,07cf9729-11a9-471e-90f3-6b89399594ca,49.268616,-123.069908,1,FALSE,FALSE,21600,0240,1783242986,2026-07-05T09:16:55Z,2026-07-05T09:16:55Z,2026-07-05T09:16:25Z,2.2,https://gbfs.kappa.fifteen.eu/gbfs/2.2/mobi/en/gbfs.json,https://gbfs.kappa.fifteen.eu/gbfs/2.2/mobi/en/free_bike_status.json,2026-07-05T09:16:54Z,2026-07-05T09:16:54Z
mobi_vancouver,mobi_vancouver_3e624db8-86c5-4b17-9a05-0477a18b0c02,3e624db8-86c5-4b17-9a05-0477a18b0c02,49.273103,-123.069892,1,FALSE,FALSE,21600,0235,1783242986,2026-07-05T09:16:55Z,2026-07-05T09:16:55Z,2026-07-05T09:16:25Z,2.2,https://gbfs.kappa.fifteen.eu/gbfs/2.2/mobi/en/gbfs.json,https://gbfs.kappa.fifteen.eu/gbfs/2.2/mobi/en/free_bike_status.json,2026-07-05T09:16:54Z,2026-07-05T09:16:54Z
mobi_vancouver,mobi_vancouver_00b2c8f0-04d7-4752-b38c-68f37ce95360,00b2c8f0-04d7-4752-b38c-68f37ce95360,49.273103,-123.069892,1,FALSE,FALSE,21600,0235,1783242986,2026-07-05T09:16:55Z,2026-07-05T09:16:55Z,2026-07-05T09:16:25Z,2.2,https://gbfs.kappa.fifteen.eu/gbfs/2.2/mobi/en/gbfs.json,https://gbfs.kappa.fifteen.eu/gbfs/2.2/mobi/en/free_bike_status.json,2026-07-05T09:16:54Z,2026-07-05T09:16:54Z
mobi_vancouver,mobi_vancouver_2d343c0e-7b6a-4ab7-8ee0-f8277bc35569,2d343c0e-7b6a-4ab7-8ee0-f8277bc35569,49.28117,-123.104419,1,FALSE,FALSE,21600,0098,1783242986,2026-07-05T09:16:55Z,2026-07-05T09:16:55Z,2026-07-05T09:16:25Z,2.2,https://gbfs.kappa.fifteen.eu/gbfs/2.2/mobi/en/gbfs.json,https://gbfs.kappa.fifteen.eu/gbfs/2.2/mobi/en/free_bike_status.json,2026-07-05T09:16:54Z,2026-07-05T09:16:54Z
mobi_vancouver,mobi_vancouver_666f86b7-065a-4e94-894f-5af2389d63f5,666f86b7-065a-4e94-894f-5af2389d63f5,49.28117,-123.104419,1,FALSE,FALSE,21600,0098,1783242986,2026-07-05T09:16:55Z,2026-07-05T09:16:55Z,2026-07-05T09:16:25Z,2.2,https://gbfs.kappa.fifteen.eu/gbfs/2.2/mobi/en/gbfs.json,https://gbfs.kappa.fifteen.eu/gbfs/2.2/mobi/en/free_bike_status.json,2026-07-05T09:16:54Z,2026-07-05T09:16:54Z
mobi_vancouver,mobi_vancouver_b61b0f69-3cec-4e01-a5e8-045a8c46e069,b61b0f69-3cec-4e01-a5e8-045a8c46e069,49.283992,-123.091206,1,FALSE,FALSE,21600,0230,1783242986,2026-07-05T09:16:55Z,2026-07-05T09:16:55Z,2026-07-05T09:16:25Z,2.2,https://gbfs.kappa.fifteen.eu/gbfs/2.2/mobi/en/gbfs.json,https://gbfs.kappa.fifteen.eu/gbfs/2.2/mobi/en/free_bike_status.json,2026-07-05T09:16:54Z,2026-07-05T09:16:54Z
mobi_vancouver,mobi_vancouver_286bb34a-12d0-4f25-973c-6bb6df1c5193,286bb34a-12d0-4f25-973c-6bb6df1c5193,49.283992,-123.091206,1,FALSE,FALSE,21600,0230,1783242986,2026-07-05T09:16:55Z,2026-07-05T09:16:55Z,2026-07-05T09:16:25Z,2.2,https://gbfs.kappa.fifteen.eu/gbfs/2.2/mobi/en/gbfs.json,https://gbfs.kappa.fifteen.eu/gbfs/2.2/mobi/en/free_bike_status.json,2026-07-05T09:16:54Z,2026-07-05T09:16:54Z
mobi_vancouver,mobi_vancouver_6407bc49-c6af-4a7a-9217-46e58cfd5a3e,6407bc49-c6af-4a7a-9217-46e58cfd5a3e,49.279369,-123.091241,1,FALSE,FALSE,21600,0229,1783242986,2026-07-05T09:16:55Z,2026-07-05T09:16:55Z,2026-07-05T09:16:25Z,2.2,https://gbfs.kappa.fifteen.eu/gbfs/2.2/mobi/en/gbfs.json,https://gbfs.kappa.fifteen.eu/gbfs/2.2/mobi/en/free_bike_status.json,2026-07-05T09:16:54Z,2026-07-05T09:16:54Z
mobi_vancouver,mobi_vancouver_bd1cf5c7-931f-4e31-b12f-180592173860,bd1cf5c7-931f-4e31-b12f-180592173860,49.264251,-123.073853,1,FALSE,FALSE,21600,0249,1783242986,2026-07-05T09:16:55Z,2026-07-05T09:16:55Z,2026-07-05T09:16:25Z,2.2,https://gbfs.kappa.fifteen.eu/gbfs/2.2/mobi/en/gbfs.json,https://gbfs.kappa.fifteen.eu/gbfs/2.2/mobi/en/free_bike_status.json,2026-07-05T09:16:54Z,2026-07-05T09:16:54Z
mobi_vancouver,mobi_vancouver_cea7e8f4-1a50-4911-b93d-7009ab2bec4a,cea7e8f4-1a50-4911-b93d-7009ab2bec4a,49.261188,-123.066009,1,FALSE,FALSE,21600,0274,1783242986,2026-07-05T09:16:55Z,2026-07-05T09:16:55Z,2026-07-05T09:16:25Z,2.2,https://gbfs.kappa.fifteen.eu/gbfs/2.2/mobi/en/gbfs.json,https://gbfs.kappa.fifteen.eu/gbfs/2.2/mobi/en/free_bike_status.json,2026-07-05T09:16:54Z,2026-07-05T09:16:54Z
mobi_vancouver,mobi_vancouver_8cde8914-41d6-4367-895f-4a60e8e78b52,8cde8914-41d6-4367-895f-4a60e8e78b52,49.266725,-123.065925,1,FALSE,FALSE,21600,0273,1783242986,2026-07-05T09:16:55Z,2026-07-05T09:16:55Z,2026-07-05T09:16:25Z,2.2,https://gbfs.kappa.fifteen.eu/gbfs/2.2/mobi/en/gbfs.json,https://gbfs.kappa.fifteen.eu/gbfs/2.2/mobi/en/free_bike_status.json,2026-07-05T09:16:54Z,2026-07-05T09:16:54Z
mobi_vancouver,mobi_vancouver_59684c6b-c122-4dc4-8c6e-5c9e026c9e6c,59684c6b-c122-4dc4-8c6e-5c9e026c9e6c,49.280881,-123.130672,1,FALSE,FALSE,21600,0126,1783242986,2026-07-05T09:16:55Z,2026-07-05T09:16:55Z,2026-07-05T09:16:25Z,2.2,https://gbfs.kappa.fifteen.eu/gbfs/2.2/mobi/en/gbfs.json,https://gbfs.kappa.fifteen.eu/gbfs/2.2/mobi/en/free_bike_status.json,2026-07-05T09:16:54Z,2026-07-05T09:16:54Z
mobi_vancouver,mobi_vancouver_28fc2ef5-b5ad-42ee-a052-fb9915d39121,28fc2ef5-b5ad-42ee-a052-fb9915d39121,49.280427,-123.074082,1,FALSE,FALSE,21600,0225,1783242986,2026-07-05T09:16:55Z,2026-07-05T09:16:55Z,2026-07-05T09:16:25Z,2.2,https://gbfs.kappa.fifteen.eu/gbfs/2.2/mobi/en/gbfs.json,https://gbfs.kappa.fifteen.eu/gbfs/2.2/mobi/en/free_bike_status.json,2026-07-05T09:16:54Z,2026-07-05T09:16:54Z
mobi_vancouver,mobi_vancouver_a12b9e6d-cd33-4078-97d6-3af0fa6eca46,a12b9e6d-cd33-4078-97d6-3af0fa6eca46,49.257939,-123.089531,1,FALSE,FALSE,21600,0282,1783242986,2026-07-05T09:16:55Z,2026-07-05T09:16:55Z,2026-07-05T09:16:25Z,2.2,https://gbfs.kappa.fifteen.eu/gbfs/2.2/mobi/en/gbfs.json,https://gbfs.kappa.fifteen.eu/gbfs/2.2/mobi/en/free_bike_status.json,2026-07-05T09:16:54Z,2026-07-05T09:16:54Z
mobi_vancouver,mobi_vancouver_54d04bff-b38d-4fff-a713-7af56670a7d8,54d04bff-b38d-4fff-a713-7af56670a7d8,49.258902,-123.109596,1,FALSE,FALSE,21600,0180,1783242986,2026-07-05T09:16:55Z,2026-07-05T09:16:55Z,2026-07-05T09:16:25Z,2.2,https://gbfs.kappa.fifteen.eu/gbfs/2.2/mobi/en/gbfs.json,https://gbfs.kappa.fifteen.eu/gbfs/2.2/mobi/en/free_bike_status.json,2026-07-05T09:16:54Z,2026-07-05T09:16:54Z
mobi_vancouver,mobi_vancouver_26c666fa-ff64-4bce-9b2b-b65828724bc4,26c666fa-ff64-4bce-9b2b-b65828724bc4,49.258902,-123.109596,1,FALSE,FALSE,21600,0180,1783242986,2026-07-05T09:16:55Z,2026-07-05T09:16:55Z,2026-07-05T09:16:25Z,2.2,https://gbfs.kappa.fifteen.eu/gbfs/2.2/mobi/en/gbfs.json,https://gbfs.kappa.fifteen.eu/gbfs/2.2/mobi/en/free_bike_status.json,2026-07-05T09:16:54Z,2026-07-05T09:16:54Z
mobi_vancouver,mobi_vancouver_d9cae947-5f70-4d5c-9d1b-b6e97fae293c,d9cae947-5f70-4d5c-9d1b-b6e97fae293c,49.265198,-123.131043,1,FALSE,FALSE,21600,0192,1783242986,2026-07-05T09:16:55Z,2026-07-05T09:16:55Z,2026-07-05T09:16:25Z,2.2,https://gbfs.kappa.fifteen.eu/gbfs/2.2/mobi/en/gbfs.json,https://gbfs.kappa.fifteen.eu/gbfs/2.2/mobi/en/free_bike_status.json,2026-07-05T09:16:54Z,2026-07-05T09:16:54Z
mobi_vancouver,mobi_vancouver_1442aeb7-63cf-4f48-b1a0-171c58ee8f8e,1442aeb7-63cf-4f48-b1a0-171c58ee8f8e,49.302577,-123.155616,1,FALSE,FALSE,21600,0103,1783242986,2026-07-05T09:16:55Z,2026-07-05T09:16:55Z,2026-07-05T09:16:25Z,2.2,https://gbfs.kappa.fifteen.eu/gbfs/2.2/mobi/en/gbfs.json,https://gbfs.kappa.fifteen.eu/gbfs/2.2/mobi/en/free_bike_status.json,2026-07-05T09:16:54Z,2026-07-05T09:16:54Z
mobi_vancouver,mobi_vancouver_c811e6bf-17d5-4c41-9977-9c44c60ef23e,c811e6bf-17d5-4c41-9977-9c44c60ef23e,49.302577,-123.155616,1,FALSE,FALSE,21600,0103,1783242986,2026-07-05T09:16:55Z,2026-07-05T09:16:55Z,2026-07-05T09:16:25Z,2.2,https://gbfs.kappa.fifteen.eu/gbfs/2.2/mobi/en/gbfs.json,https://gbfs.kappa.fifteen.eu/gbfs/2.2/mobi/en/free_bike_status.json,2026-07-05T09:16:54Z,2026-07-05T09:16:54Z
mobi_vancouver,mobi_vancouver_e0dbe13a-fd5d-4d69-b3ec-ecb166f9d9cd,e0dbe13a-fd5d-4d69-b3ec-ecb166f9d9cd,49.302577,-123.155616,1,FALSE,FALSE,21600,0103,1783242986,2026-07-05T09:16:55Z,2026-07-05T09:16:55Z,2026-07-05T09:16:25Z,2.2,https://gbfs.kappa.fifteen.eu/gbfs/2.2/mobi/en/gbfs.json,https://gbfs.kappa.fifteen.eu/gbfs/2.2/mobi/en/free_bike_status.json,2026-07-05T09:16:54Z,2026-07-05T09:16:54Z
mobi_vancouver,mobi_vancouver_e310dc76-45ce-4c3a-8240-6e2477a1bf48,e310dc76-45ce-4c3a-8240-6e2477a1bf48,49.277333,-123.087359,1,FALSE,FALSE,21600,0219,1783242986,2026-07-05T09:16:55Z,2026-07-05T09:16:55Z,2026-07-05T09:16:25Z,2.2,https://gbfs.kappa.fifteen.eu/gbfs/2.2/mobi/en/gbfs.json,https://gbfs.kappa.fifteen.eu/gbfs/2.2/mobi/en/free_bike_status.json,2026-07-05T09:16:54Z,2026-07-05T09:16:54Z
mobi_vancouver,mobi_vancouver_8bfdb3b5-99e1-4a50-af74-191dc0f4d899,8bfdb3b5-99e1-4a50-af74-191dc0f4d899,49.277333,-123.087359,1,FALSE,FALSE,21600,0219,1783242986,2026-07-05T09:16:55Z,2026-07-05T09:16:55Z,2026-07-05T09:16:25Z,2.2,https://gbfs.kappa.fifteen.eu/gbfs/2.2/mobi/en/gbfs.json,https://gbfs.kappa.fifteen.eu/gbfs/2.2/mobi/en/free_bike_status.json,2026-07-05T09:16:54Z,2026-07-05T09:16:54Z
mobi_vancouver,mobi_vancouver_19632d47-55c4-421d-8a42-4c5282e13170,19632d47-55c4-421d-8a42-4c5282e13170,49.284893,-123.128685,1,FALSE,FALSE,21600,0300,1783242986,2026-07-05T09:16:55Z,2026-07-05T09:16:55Z,2026-07-05T09:16:25Z,2.2,https://gbfs.kappa.fifteen.eu/gbfs/2.2/mobi/en/gbfs.json,https://gbfs.kappa.fifteen.eu/gbfs/2.2/mobi/en/free_bike_status.json,2026-07-05T09:16:54Z,2026-07-05T09:16:54Z
mobi_vancouver,mobi_vancouver_f2041177-f08d-4d52-a380-fadcb7a350fa,f2041177-f08d-4d52-a380-fadcb7a350fa,49.284893,-123.128685,1,FALSE,FALSE,21600,0300,1783242986,2026-07-05T09:16:55Z,2026-07-05T09:16:55Z,2026-07-05T09:16:25Z,2.2,https://gbfs.kappa.fifteen.eu/gbfs/2.2/mobi/en/gbfs.json,https://gbfs.kappa.fifteen.eu/gbfs/2.2/mobi/en/free_bike_status.json,2026-07-05T09:16:54Z,2026-07-05T09:16:54Z
mobi_vancouver,mobi_vancouver_4377bfc1-5efc-4417-a2ab-ffe44c615ce5,4377bfc1-5efc-4417-a2ab-ffe44c615ce5,49.280787,-123.115271,1,FALSE,FALSE,21600,0305,1783242986,2026-07-05T09:16:55Z,2026-07-05T09:16:55Z,2026-07-05T09:16:25Z,2.2,https://gbfs.kappa.fifteen.eu/gbfs/2.2/mobi/en/gbfs.json,https://gbfs.kappa.fifteen.eu/gbfs/2.2/mobi/en/free_bike_status.json,2026-07-05T09:16:54Z,2026-07-05T09:16:54Z
mobi_vancouver,mobi_vancouver_1c1578a0-1eb4-40e2-8ed9-9439e2c9f593,1c1578a0-1eb4-40e2-8ed9-9439e2c9f593,49.28512,-123.11242,1,FALSE,FALSE,21600,0308,1783242986,2026-07-05T09:16:55Z,2026-07-05T09:16:55Z,2026-07-05T09:16:25Z,2.2,https://gbfs.kappa.fifteen.eu/gbfs/2.2/mobi/en/gbfs.json,https://gbfs.kappa.fifteen.eu/gbfs/2.2/mobi/en/free_bike_status.json,2026-07-05T09:16:54Z,2026-07-05T09:16:54Z
mobi_vancouver,mobi_vancouver_a169a55d-eb37-409d-b5b9-a080731fe5e6,a169a55d-eb37-409d-b5b9-a080731fe5e6,49.28512,-123.11242,1,FALSE,FALSE,21600,0308,1783242986,2026-07-05T09:16:55Z,2026-07-05T09:16:55Z,2026-07-05T09:16:25Z,2.2,https://gbfs.kappa.fifteen.eu/gbfs/2.2/mobi/en/gbfs.json,https://gbfs.kappa.fifteen.eu/gbfs/2.2/mobi/en/free_bike_status.json,2026-07-05T09:16:54Z,2026-07-05T09:16:54Z
mobi_vancouver,mobi_vancouver_a69bdc72-25c0-4d17-a29f-9bd8060e0725,a69bdc72-25c0-4d17-a29f-9bd8060e0725,49.27247,-123.185643,1,FALSE,FALSE,21600,0410,1783242986,2026-07-05T09:16:55Z,2026-07-05T09:16:55Z,2026-07-05T09:16:25Z,2.2,https://gbfs.kappa.fifteen.eu/gbfs/2.2/mobi/en/gbfs.json,https://gbfs.kappa.fifteen.eu/gbfs/2.2/mobi/en/free_bike_status.json,2026-07-05T09:16:54Z,2026-07-05T09:16:54Z
mobi_vancouver,mobi_vancouver_6d021011-0635-49da-af2b-08ff631c51f6,6d021011-0635-49da-af2b-08ff631c51f6,49.264483,-123.173926,1,FALSE,FALSE,21600,0444,1783242986,2026-07-05T09:16:55Z,2026-07-05T09:16:55Z,2026-07-05T09:16:25Z,2.2,https://gbfs.kappa.fifteen.eu/gbfs/2.2/mobi/en/gbfs.json,https://gbfs.kappa.fifteen.eu/gbfs/2.2/mobi/en/free_bike_status.json,2026-07-05T09:16:54Z,2026-07-05T09:16:54Z
mobi_vancouver,mobi_vancouver_50cae7f5-6b30-4517-bc04-12d8a23d8e56,50cae7f5-6b30-4517-bc04-12d8a23d8e56,49.264928,-123.168068,1,FALSE,FALSE,21600,0452,1783242986,2026-07-05T09:16:55Z,2026-07-05T09:16:55Z,2026-07-05T09:16:25Z,2.2,https://gbfs.kappa.fifteen.eu/gbfs/2.2/mobi/en/gbfs.json,https://gbfs.kappa.fifteen.eu/gbfs/2.2/mobi/en/free_bike_status.json,2026-07-05T09:16:54Z,2026-07-05T09:16:54Z
mobi_vancouver,mobi_vancouver_0dbc75b5-502a-4475-96ae-e859aa6da9c4,0dbc75b5-502a-4475-96ae-e859aa6da9c4,49.263523,-123.155267,1,FALSE,FALSE,21600,0484,1783242986,2026-07-05T09:16:55Z,2026-07-05T09:16:55Z,2026-07-05T09:16:25Z,2.2,https://gbfs.kappa.fifteen.eu/gbfs/2.2/mobi/en/gbfs.json,https://gbfs.kappa.fifteen.eu/gbfs/2.2/mobi/en/free_bike_status.json,2026-07-05T09:16:54Z,2026-07-05T09:16:54Z
mobi_vancouver,mobi_vancouver_42093920-a39f-42a0-bc1c-cd0b77f699a8,42093920-a39f-42a0-bc1c-cd0b77f699a8,49.263523,-123.155267,1,FALSE,FALSE,21600,0484,1783242986,2026-07-05T09:16:55Z,2026-07-05T09:16:55Z,2026-07-05T09:16:25Z,2.2,https://gbfs.kappa.fifteen.eu/gbfs/2.2/mobi/en/gbfs.json,https://gbfs.kappa.fifteen.eu/gbfs/2.2/mobi/en/free_bike_status.json,2026-07-05T09:16:54Z,2026-07-05T09:16:54Z
mobi_vancouver,mobi_vancouver_42554d12-3d8f-44ac-835a-5b6fba0c45df,42554d12-3d8f-44ac-835a-5b6fba0c45df,49.273011,-123.159663,1,FALSE,FALSE,21600,0470,1783242986,2026-07-05T09:16:55Z,2026-07-05T09:16:55Z,2026-07-05T09:16:25Z,2.2,https://gbfs.kappa.fifteen.eu/gbfs/2.2/mobi/en/gbfs.json,https://gbfs.kappa.fifteen.eu/gbfs/2.2/mobi/en/free_bike_status.json,2026-07-05T09:16:54Z,2026-07-05T09:16:54Z
mobi_vancouver,mobi_vancouver_200e1900-f781-4f0d-9f6b-81724630197f,200e1900-f781-4f0d-9f6b-81724630197f,49.273011,-123.159663,1,FALSE,FALSE,21600,0470,1783242986,2026-07-05T09:16:55Z,2026-07-05T09:16:55Z,2026-07-05T09:16:25Z,2.2,https://gbfs.kappa.fifteen.eu/gbfs/2.2/mobi/en/gbfs.json,https://gbfs.kappa.fifteen.eu/gbfs/2.2/mobi/en/free_bike_status.json,2026-07-05T09:16:54Z,2026-07-05T09:16:54Z
mobi_vancouver,mobi_vancouver_f7536011-5786-4eb0-9caa-0a8dcec8d810,f7536011-5786-4eb0-9caa-0a8dcec8d810,49.271044,-123.170661,1,FALSE,FALSE,21600,0450,1783242986,2026-07-05T09:16:55Z,2026-07-05T09:16:55Z,2026-07-05T09:16:25Z,2.2,https://gbfs.kappa.fifteen.eu/gbfs/2.2/mobi/en/gbfs.json,https://gbfs.kappa.fifteen.eu/gbfs/2.2/mobi/en/free_bike_status.json,2026-07-05T09:16:54Z,2026-07-05T09:16:54Z
mobi_vancouver,mobi_vancouver_c1ba80f5-e575-4cdb-8379-2a0d21c01dc3,c1ba80f5-e575-4cdb-8379-2a0d21c01dc3,49.271044,-123.170661,1,FALSE,FALSE,21600,0450,1783242986,2026-07-05T09:16:55Z,2026-07-05T09:16:55Z,2026-07-05T09:16:25Z,2.2,https://gbfs.kappa.fifteen.eu/gbfs/2.2/mobi/en/gbfs.json,https://gbfs.kappa.fifteen.eu/gbfs/2.2/mobi/en/free_bike_status.json,2026-07-05T09:16:54Z,2026-07-05T09:16:54Z
mobi_vancouver,mobi_vancouver_c36962bb-b82c-40b9-87c5-fd4d256550ce,c36962bb-b82c-40b9-87c5-fd4d256550ce,49.264326,-123.164725,1,FALSE,FALSE,21600,0464,1783242986,2026-07-05T09:16:55Z,2026-07-05T09:16:55Z,2026-07-05T09:16:25Z,2.2,https://gbfs.kappa.fifteen.eu/gbfs/2.2/mobi/en/gbfs.json,https://gbfs.kappa.fifteen.eu/gbfs/2.2/mobi/en/free_bike_status.json,2026-07-05T09:16:54Z,2026-07-05T09:16:54Z
mobi_vancouver,mobi_vancouver_11d1feda-ac9b-4704-8219-16546494309d,11d1feda-ac9b-4704-8219-16546494309d,49.272172,-123.097978,1,FALSE,FALSE,21600,0354,1783242986,2026-07-05T09:16:55Z,2026-07-05T09:16:55Z,2026-07-05T09:16:25Z,2.2,https://gbfs.kappa.fifteen.eu/gbfs/2.2/mobi/en/gbfs.json,https://gbfs.kappa.fifteen.eu/gbfs/2.2/mobi/en/free_bike_status.json,2026-07-05T09:16:54Z,2026-07-05T09:16:54Z
mobi_vancouver,mobi_vancouver_efafaba9-ab14-4d9b-a1a8-88b6058e3db3,efafaba9-ab14-4d9b-a1a8-88b6058e3db3,49.266636,-123.183661,1,FALSE,FALSE,21600,0414,1783242986,2026-07-05T09:16:55Z,2026-07-05T09:16:55Z,2026-07-05T09:16:25Z,2.2,https://gbfs.kappa.fifteen.eu/gbfs/2.2/mobi/en/gbfs.json,https://gbfs.kappa.fifteen.eu/gbfs/2.2/mobi/en/free_bike_status.json,2026-07-05T09:16:54Z,2026-07-05T09:16:54Z
mobi_vancouver,mobi_vancouver_ef613b8f-45c6-44e5-83c6-7120b2da01a6,ef613b8f-45c6-44e5-83c6-7120b2da01a6,49.266924,-123.173849,1,FALSE,FALSE,21600,0443,1783242986,2026-07-05T09:16:55Z,2026-07-05T09:16:55Z,2026-07-05T09:16:25Z,2.2,https://gbfs.kappa.fifteen.eu/gbfs/2.2/mobi/en/gbfs.json,https://gbfs.kappa.fifteen.eu/gbfs/2.2/mobi/en/free_bike_status.json,2026-07-05T09:16:54Z,2026-07-05T09:16:54Z
mobi_vancouver,mobi_vancouver_08142411-6317-4c60-afc9-e12b4fda3fba,08142411-6317-4c60-afc9-e12b4fda3fba,49.268837,-123.177633,1,FALSE,FALSE,21600,0431,1783242986,2026-07-05T09:16:55Z,2026-07-05T09:16:55Z,2026-07-05T09:16:25Z,2.2,https://gbfs.kappa.fifteen.eu/gbfs/2.2/mobi/en/gbfs.json,https://gbfs.kappa.fifteen.eu/gbfs/2.2/mobi/en/free_bike_status.json,2026-07-05T09:16:54Z,2026-07-05T09:16:54Z
mobi_vancouver,mobi_vancouver_b12548e5-3d4c-4281-8fca-ce821ba52010,b12548e5-3d4c-4281-8fca-ce821ba52010,49.251358,-123.115637,1,FALSE,FALSE,21600,0532,1783242986,2026-07-05T09:16:55Z,2026-07-05T09:16:55Z,2026-07-05T09:16:25Z,2.2,https://gbfs.kappa.fifteen.eu/gbfs/2.2/mobi/en/gbfs.json,https://gbfs.kappa.fifteen.eu/gbfs/2.2/mobi/en/free_bike_status.json,2026-07-05T09:16:54Z,2026-07-05T09:16:54Z
mobi_vancouver,mobi_vancouver_303f77d6-ac33-4552-9bbf-3b1122ff36e9,303f77d6-ac33-4552-9bbf-3b1122ff36e9,49.247204,-123.101549,1,FALSE,FALSE,21600,0565,1783242986,2026-07-05T09:16:55Z,2026-07-05T09:16:55Z,2026-07-05T09:16:25Z,2.2,https://gbfs.kappa.fifteen.eu/gbfs/2.2/mobi/en/gbfs.json,https://gbfs.kappa.fifteen.eu/gbfs/2.2/mobi/en/free_bike_status.json,2026-07-05T09:16:54Z,2026-07-05T09:16:54Z
mobi_vancouver,mobi_vancouver_edacb664-a952-4bc2-a076-e3f24f770132,edacb664-a952-4bc2-a076-e3f24f770132,49.2658,-123.20596,1,FALSE,FALSE,21600,0715,1783242986,2026-07-05T09:16:55Z,2026-07-05T09:16:55Z,2026-07-05T09:16:25Z,2.2,https://gbfs.kappa.fifteen.eu/gbfs/2.2/mobi/en/gbfs.json,https://gbfs.kappa.fifteen.eu/gbfs/2.2/mobi/en/free_bike_status.json,2026-07-05T09:16:54Z,2026-07-05T09:16:54Z
mobi_vancouver,mobi_vancouver_55183fc1-f095-4d37-a337-6237a3ce4557,55183fc1-f095-4d37-a337-6237a3ce4557,49.266579,-123.248549,1,FALSE,FALSE,21600,2143,1783242986,2026-07-05T09:16:55Z,2026-07-05T09:16:55Z,2026-07-05T09:16:25Z,2.2,https://gbfs.kappa.fifteen.eu/gbfs/2.2/mobi/en/gbfs.json,https://gbfs.kappa.fifteen.eu/gbfs/2.2/mobi/en/free_bike_status.json,2026-07-05T09:16:54Z,2026-07-05T09:16:54Z
mobi_vancouver,mobi_vancouver_d050abb7-46f9-4e06-af6e-fce35acaa11e,d050abb7-46f9-4e06-af6e-fce35acaa11e,49.266579,-123.248549,1,FALSE,FALSE,21600,2143,1783242986,2026-07-05T09:16:55Z,2026-07-05T09:16:55Z,2026-07-05T09:16:25Z,2.2,https://gbfs.kappa.fifteen.eu/gbfs/2.2/mobi/en/gbfs.json,https://gbfs.kappa.fifteen.eu/gbfs/2.2/mobi/en/free_bike_status.json,2026-07-05T09:16:54Z,2026-07-05T09:16:54Z
mobi_vancouver,mobi_vancouver_85d884ec-aa1a-4228-bc3f-775280505a84,85d884ec-aa1a-4228-bc3f-775280505a84,49.263073,-123.254307,1,FALSE,FALSE,21600,2114,1783242986,2026-07-05T09:16:55Z,2026-07-05T09:16:55Z,2026-07-05T09:16:25Z,2.2,https://gbfs.kappa.fifteen.eu/gbfs/2.2/mobi/en/gbfs.json,https://gbfs.kappa.fifteen.eu/gbfs/2.2/mobi/en/free_bike_status.json,2026-07-05T09:16:54Z,2026-07-05T09:16:54Z
mobi_vancouver,mobi_vancouver_7883564b-75f3-4bf7-9a29-5f77fd6e6066,7883564b-75f3-4bf7-9a29-5f77fd6e6066,49.261736,-123.24648,1,FALSE,FALSE,21600,2136,1783242986,2026-07-05T09:16:55Z,2026-07-05T09:16:55Z,2026-07-05T09:16:25Z,2.2,https://gbfs.kappa.fifteen.eu/gbfs/2.2/mobi/en/gbfs.json,https://gbfs.kappa.fifteen.eu/gbfs/2.2/mobi/en/free_bike_status.json,2026-07-05T09:16:54Z,2026-07-05T09:16:54Z
mobi_vancouver,mobi_vancouver_2f1d58de-c15b-4ba7-bafc-6f704df2ad2f,2f1d58de-c15b-4ba7-bafc-6f704df2ad2f,49.261736,-123.24648,1,FALSE,FALSE,21600,2136,1783242986,2026-07-05T09:16:55Z,2026-07-05T09:16:55Z,2026-07-05T09:16:25Z,2.2,https://gbfs.kappa.fifteen.eu/gbfs/2.2/mobi/en/gbfs.json,https://gbfs.kappa.fifteen.eu/gbfs/2.2/mobi/en/free_bike_status.json,2026-07-05T09:16:54Z,2026-07-05T09:16:54Z
mobi_vancouver,mobi_vancouver_576c65e6-5653-485d-93ab-42e21a660a5f,576c65e6-5653-485d-93ab-42e21a660a5f,49.2585,-123.2521,1,FALSE,FALSE,21600,2117,1783242986,2026-07-05T09:16:55Z,2026-07-05T09:16:55Z,2026-07-05T09:16:25Z,2.2,https://gbfs.kappa.fifteen.eu/gbfs/2.2/mobi/en/gbfs.json,https://gbfs.kappa.fifteen.eu/gbfs/2.2/mobi/en/free_bike_status.json,2026-07-05T09:16:54Z,2026-07-05T09:16:54Z
mobi_vancouver,mobi_vancouver_e8bc48ff-546f-4086-9a8e-611d6760d43e,e8bc48ff-546f-4086-9a8e-611d6760d43e,49.2585,-123.2521,1,FALSE,FALSE,21600,2117,1783242986,2026-07-05T09:16:55Z,2026-07-05T09:16:55Z,2026-07-05T09:16:25Z,2.2,https://gbfs.kappa.fifteen.eu/gbfs/2.2/mobi/en/gbfs.json,https://gbfs.kappa.fifteen.eu/gbfs/2.2/mobi/en/free_bike_status.json,2026-07-05T09:16:54Z,2026-07-05T09:16:54Z
mobi_vancouver,mobi_vancouver_48747405-e741-43e9-8c3c-7511ed85675f,48747405-e741-43e9-8c3c-7511ed85675f,49.271721,-123.104207,1,FALSE,FALSE,22000,0011,1783242986,2026-07-05T09:16:55Z,2026-07-05T09:16:55Z,2026-07-05T09:16:25Z,2.2,https://gbfs.kappa.fifteen.eu/gbfs/2.2/mobi/en/gbfs.json,https://gbfs.kappa.fifteen.eu/gbfs/2.2/mobi/en/free_bike_status.json,2026-07-05T09:16:54Z,2026-07-05T09:16:54Z
mobi_vancouver,mobi_vancouver_66d91fc2-9584-4068-80db-0a385cd3907b,66d91fc2-9584-4068-80db-0a385cd3907b,49.271721,-123.104207,1,FALSE,FALSE,22000,0011,1783242986,2026-07-05T09:16:55Z,2026-07-05T09:16:55Z,2026-07-05T09:16:25Z,2.2,https://gbfs.kappa.fifteen.eu/gbfs/2.2/mobi/en/gbfs.json,https://gbfs.kappa.fifteen.eu/gbfs/2.2/mobi/en/free_bike_status.json,2026-07-05T09:16:54Z,2026-07-05T09:16:54Z
mobi_vancouver,mobi_vancouver_f9cbffed-0419-4245-886f-9ee2f4e24929,f9cbffed-0419-4245-886f-9ee2f4e24929,49.279938,-123.127478,1,FALSE,FALSE,22000,0039,1783242986,2026-07-05T09:16:55Z,2026-07-05T09:16:55Z,2026-07-05T09:16:25Z,2.2,https://gbfs.kappa.fifteen.eu/gbfs/2.2/mobi/en/gbfs.json,https://gbfs.kappa.fifteen.eu/gbfs/2.2/mobi/en/free_bike_status.json,2026-07-05T09:16:54Z,2026-07-05T09:16:54Z
mobi_vancouver,mobi_vancouver_38b69f78-cd85-45e3-8541-5768a27aee3e,38b69f78-cd85-45e3-8541-5768a27aee3e,49.28602,-123.116624,1,FALSE,FALSE,22000,0024,1783242986,2026-07-05T09:16:55Z,2026-07-05T09:16:55Z,2026-07-05T09:16:25Z,2.2,https://gbfs.kappa.fifteen.eu/gbfs/2.2/mobi/en/gbfs.json,https://gbfs.kappa.fifteen.eu/gbfs/2.2/mobi/en/free_bike_status.json,2026-07-05T09:16:54Z,2026-07-05T09:16:54Z
mobi_vancouver,mobi_vancouver_a5e018b8-810a-47ad-8d0c-b8581953fbc7,a5e018b8-810a-47ad-8d0c-b8581953fbc7,49.28602,-123.116624,1,FALSE,FALSE,22000,0024,1783242986,2026-07-05T09:16:55Z,2026-07-05T09:16:55Z,2026-07-05T09:16:25Z,2.2,https://gbfs.kappa.fifteen.eu/gbfs/2.2/mobi/en/gbfs.json,https://gbfs.kappa.fifteen.eu/gbfs/2.2/mobi/en/free_bike_status.json,2026-07-05T09:16:54Z,2026-07-05T09:16:54Z
mobi_vancouver,mobi_vancouver_20d6ef8a-8819-480c-8cc2-d17a716b3097,20d6ef8a-8819-480c-8cc2-d17a716b3097,49.260599,-123.113504,1,FALSE,FALSE,22000,0007,1783242986,2026-07-05T09:16:55Z,2026-07-05T09:16:55Z,2026-07-05T09:16:25Z,2.2,https://gbfs.kappa.fifteen.eu/gbfs/2.2/mobi/en/gbfs.json,https://gbfs.kappa.fifteen.eu/gbfs/2.2/mobi/en/free_bike_status.json,2026-07-05T09:16:54Z,2026-07-05T09:16:54Z
mobi_vancouver,mobi_vancouver_87210cd8-93aa-406d-a960-60ecb04d4a70,87210cd8-93aa-406d-a960-60ecb04d4a70,49.275679,-123.116963,1,FALSE,FALSE,22000,0027,1783242986,2026-07-05T09:16:55Z,2026-07-05T09:16:55Z,2026-07-05T09:16:25Z,2.2,https://gbfs.kappa.fifteen.eu/gbfs/2.2/mobi/en/gbfs.json,https://gbfs.kappa.fifteen.eu/gbfs/2.2/mobi/en/free_bike_status.json,2026-07-05T09:16:54Z,2026-07-05T09:16:54Z
mobi_vancouver,mobi_vancouver_fbcc6bdf-5c78-4e1c-bada-8295dc46ed4a,fbcc6bdf-5c78-4e1c-bada-8295dc46ed4a,49.275679,-123.116963,1,FALSE,FALSE,22000,0027,1783242986,2026-07-05T09:16:55Z,2026-07-05T09:16:55Z,2026-07-05T09:16:25Z,2.2,https://gbfs.kappa.fifteen.eu/gbfs/2.2/mobi/en/gbfs.json,https://gbfs.kappa.fifteen.eu/gbfs/2.2/mobi/en/free_bike_status.json,2026-07-05T09:16:54Z,2026-07-05T09:16:54Z
mobi_vancouver,mobi_vancouver_6b259992-e719-435d-9910-8ed39a620b4c,6b259992-e719-435d-9910-8ed39a620b4c,49.28616,-123.12675,1,FALSE,FALSE,22000,0036,1783242986,2026-07-05T09:16:55Z,2026-07-05T09:16:55Z,2026-07-05T09:16:25Z,2.2,https://gbfs.kappa.fifteen.eu/gbfs/2.2/mobi/en/gbfs.json,https://gbfs.kappa.fifteen.eu/gbfs/2.2/mobi/en/free_bike_status.json,2026-07-05T09:16:54Z,2026-07-05T09:16:54Z
mobi_vancouver,mobi_vancouver_2eac6ecd-c5eb-46ca-a411-f57638c8f22c,2eac6ecd-c5eb-46ca-a411-f57638c8f22c,49.265089,-123.119425,1,FALSE,FALSE,22000,0081,1783242986,2026-07-05T09:16:55Z,2026-07-05T09:16:55Z,2026-07-05T09:16:25Z,2.2,https://gbfs.kappa.fifteen.eu/gbfs/2.2/mobi/en/gbfs.json,https://gbfs.kappa.fifteen.eu/gbfs/2.2/mobi/en/free_bike_status.json,2026-07-05T09:16:54Z,2026-07-05T09:16:54Z
mobi_vancouver,mobi_vancouver_a93cb182-3b4e-4059-9500-ce436d4d5bc6,a93cb182-3b4e-4059-9500-ce436d4d5bc6,49.285253,-123.134356,1,FALSE,FALSE,22000,0048,1783242986,2026-07-05T09:16:55Z,2026-07-05T09:16:55Z,2026-07-05T09:16:25Z,2.2,https://gbfs.kappa.fifteen.eu/gbfs/2.2/mobi/en/gbfs.json,https://gbfs.kappa.fifteen.eu/gbfs/2.2/mobi/en/free_bike_status.json,2026-07-05T09:16:54Z,2026-07-05T09:16:54Z
mobi_vancouver,mobi_vancouver_e75dbd4a-5e04-4aa6-a47a-5f401cc5790d,e75dbd4a-5e04-4aa6-a47a-5f401cc5790d,49.283343,-123.131099,1,FALSE,FALSE,22000,0050,1783242986,2026-07-05T09:16:55Z,2026-07-05T09:16:55Z,2026-07-05T09:16:25Z,2.2,https://gbfs.kappa.fifteen.eu/gbfs/2.2/mobi/en/gbfs.json,https://gbfs.kappa.fifteen.eu/gbfs/2.2/mobi/en/free_bike_status.json,2026-07-05T09:16:54Z,2026-07-05T09:16:54Z
mobi_vancouver,mobi_vancouver_2475eb36-72d3-45a7-95d8-70821abbfc99,2475eb36-72d3-45a7-95d8-70821abbfc99,49.273833,-123.114373,1,FALSE,FALSE,22000,0057,1783242986,2026-07-05T09:16:55Z,2026-07-05T09:16:55Z,2026-07-05T09:16:25Z,2.2,https://gbfs.kappa.fifteen.eu/gbfs/2.2/mobi/en/gbfs.json,https://gbfs.kappa.fifteen.eu/gbfs/2.2/mobi/en/free_bike_status.json,2026-07-05T09:16:54Z,2026-07-05T09:16:54Z
mobi_vancouver,mobi_vancouver_b0115d0a-0261-4149-8fd6-a7f3b03a4e40,b0115d0a-0261-4149-8fd6-a7f3b03a4e40,49.279821,-123.10802,1,FALSE,FALSE,22000,0053,1783242986,2026-07-05T09:16:55Z,2026-07-05T09:16:55Z,2026-07-05T09:16:25Z,2.2,https://gbfs.kappa.fifteen.eu/gbfs/2.2/mobi/en/gbfs.json,https://gbfs.kappa.fifteen.eu/gbfs/2.2/mobi/en/free_bike_status.json,2026-07-05T09:16:54Z,2026-07-05T09:16:54Z
mobi_vancouver,mobi_vancouver_9b6a9f98-fe60-4f4b-bd0b-629d3ea5860a,9b6a9f98-fe60-4f4b-bd0b-629d3ea5860a,49.282759,-123.106955,1,FALSE,FALSE,22000,0030,1783242986,2026-07-05T09:16:55Z,2026-07-05T09:16:55Z,2026-07-05T09:16:25Z,2.2,https://gbfs.kappa.fifteen.eu/gbfs/2.2/mobi/en/gbfs.json,https://gbfs.kappa.fifteen.eu/gbfs/2.2/mobi/en/free_bike_status.json,2026-07-05T09:16:54Z,2026-07-05T09:16:54Z
mobi_vancouver,mobi_vancouver_f8483bfe-6081-4676-a7e6-6965c8bccee3,f8483bfe-6081-4676-a7e6-6965c8bccee3,49.28026,-123.135244,1,FALSE,FALSE,22000,0088,1783242986,2026-07-05T09:16:55Z,2026-07-05T09:16:55Z,2026-07-05T09:16:25Z,2.2,https://gbfs.kappa.fifteen.eu/gbfs/2.2/mobi/en/gbfs.json,https://gbfs.kappa.fifteen.eu/gbfs/2.2/mobi/en/free_bike_status.json,2026-07-05T09:16:54Z,2026-07-05T09:16:54Z
mobi_vancouver,mobi_vancouver_aae35243-6356-48ee-8639-b1828d179515,aae35243-6356-48ee-8639-b1828d179515,49.287528,-123.142139,1,FALSE,FALSE,22000,0028,1783242986,2026-07-05T09:16:55Z,2026-07-05T09:16:55Z,2026-07-05T09:16:25Z,2.2,https://gbfs.kappa.fifteen.eu/gbfs/2.2/mobi/en/gbfs.json,https://gbfs.kappa.fifteen.eu/gbfs/2.2/mobi/en/free_bike_status.json,2026-07-05T09:16:54Z,2026-07-05T09:16:54Z
mobi_vancouver,mobi_vancouver_d44e20b3-3946-46a1-90ea-3eb74d01f223,d44e20b3-3946-46a1-90ea-3eb74d01f223,49.268269,-123.147885,1,FALSE,FALSE,22000,0076,1783242986,2026-07-05T09:16:55Z,2026-07-05T09:16:55Z,2026-07-05T09:16:25Z,2.2,https://gbfs.kappa.fifteen.eu/gbfs/2.2/mobi/en/gbfs.json,https://gbfs.kappa.fifteen.eu/gbfs/2.2/mobi/en/free_bike_status.json,2026-07-05T09:16:54Z,2026-07-05T09:16:54Z
mobi_vancouver,mobi_vancouver_8edc228a-fb54-4e1a-bf5c-df808f96022f,8edc228a-fb54-4e1a-bf5c-df808f96022f,49.268269,-123.147885,1,FALSE,FALSE,22000,0076,1783242986,2026-07-05T09:16:55Z,2026-07-05T09:16:55Z,2026-07-05T09:16:25Z,2.2,https://gbfs.kappa.fifteen.eu/gbfs/2.2/mobi/en/gbfs.json,https://gbfs.kappa.fifteen.eu/gbfs/2.2/mobi/en/free_bike_status.json,2026-07-05T09:16:54Z,2026-07-05T09:16:54Z
mobi_vancouver,mobi_vancouver_7507c100-780d-455c-8dcb-3da3e7ed4603,7507c100-780d-455c-8dcb-3da3e7ed4603,49.284605,-123.108662,1,FALSE,FALSE,22000,0052,1783242986,2026-07-05T09:16:55Z,2026-07-05T09:16:55Z,2026-07-05T09:16:25Z,2.2,https://gbfs.kappa.fifteen.eu/gbfs/2.2/mobi/en/gbfs.json,https://gbfs.kappa.fifteen.eu/gbfs/2.2/mobi/en/free_bike_status.json,2026-07-05T09:16:54Z,2026-07-05T09:16:54Z
mobi_vancouver,mobi_vancouver_85085251-d5a3-4caa-adaf-05b00f41779a,85085251-d5a3-4caa-adaf-05b00f41779a,49.257654,-123.153212,1,FALSE,FALSE,22000,0113,1783242986,2026-07-05T09:16:55Z,2026-07-05T09:16:55Z,2026-07-05T09:16:25Z,2.2,https://gbfs.kappa.fifteen.eu/gbfs/2.2/mobi/en/gbfs.json,https://gbfs.kappa.fifteen.eu/gbfs/2.2/mobi/en/free_bike_status.json,2026-07-05T09:16:54Z,2026-07-05T09:16:54Z
mobi_vancouver,mobi_vancouver_6f3bd331-35a6-41cd-94c6-111a8817193e,6f3bd331-35a6-41cd-94c6-111a8817193e,49.273471,-123.118016,1,FALSE,FALSE,22000,0017,1783242986,2026-07-05T09:16:55Z,2026-07-05T09:16:55Z,2026-07-05T09:16:25Z,2.2,https://gbfs.kappa.fifteen.eu/gbfs/2.2/mobi/en/gbfs.json,https://gbfs.kappa.fifteen.eu/gbfs/2.2/mobi/en/free_bike_status.json,2026-07-05T09:16:54Z,2026-07-05T09:16:54Z
mobi_vancouver,mobi_vancouver_cfd54a33-2970-4784-b040-7795d9fc0ba3,cfd54a33-2970-4784-b040-7795d9fc0ba3,49.2653,-123.13811,1,FALSE,FALSE,22000,0069,1783242986,2026-07-05T09:16:55Z,2026-07-05T09:16:55Z,2026-07-05T09:16:25Z,2.2,https://gbfs.kappa.fifteen.eu/gbfs/2.2/mobi/en/gbfs.json,https://gbfs.kappa.fifteen.eu/gbfs/2.2/mobi/en/free_bike_status.json,2026-07-05T09:16:54Z,2026-07-05T09:16:54Z
mobi_vancouver,mobi_vancouver_322180cd-ba40-41c3-b21e-76c7310ddec3,322180cd-ba40-41c3-b21e-76c7310ddec3,49.258429,-123.101766,1,FALSE,FALSE,22000,0134,1783242986,2026-07-05T09:16:55Z,2026-07-05T09:16:55Z,2026-07-05T09:16:25Z,2.2,https://gbfs.kappa.fifteen.eu/gbfs/2.2/mobi/en/gbfs.json,https://gbfs.kappa.fifteen.eu/gbfs/2.2/mobi/en/free_bike_status.json,2026-07-05T09:16:54Z,2026-07-05T09:16:54Z
mobi_vancouver,mobi_vancouver_881fb786-b2c1-4cec-8283-f29e6cf34e18,881fb786-b2c1-4cec-8283-f29e6cf34e18,49.27023,-123.10651,1,FALSE,FALSE,22000,0174,1783242986,2026-07-05T09:16:55Z,2026-07-05T09:16:55Z,2026-07-05T09:16:25Z,2.2,https://gbfs.kappa.fifteen.eu/gbfs/2.2/mobi/en/gbfs.json,https://gbfs.kappa.fifteen.eu/gbfs/2.2/mobi/en/free_bike_status.json,2026-07-05T09:16:54Z,2026-07-05T09:16:54Z
mobi_vancouver,mobi_vancouver_35ba827b-960b-4050-aa5b-17210d14660b,35ba827b-960b-4050-aa5b-17210d14660b,49.270721,-123.146175,1,FALSE,FALSE,22000,0108,1783242986,2026-07-05T09:16:55Z,2026-07-05T09:16:55Z,2026-07-05T09:16:25Z,2.2,https://gbfs.kappa.fifteen.eu/gbfs/2.2/mobi/en/gbfs.json,https://gbfs.kappa.fifteen.eu/gbfs/2.2/mobi/en/free_bike_status.json,2026-07-05T09:16:54Z,2026-07-05T09:16:54Z
mobi_vancouver,mobi_vancouver_6ff01d61-38da-430b-8619-eaf131fd4d02,6ff01d61-38da-430b-8619-eaf131fd4d02,49.256845,-123.120071,1,FALSE,FALSE,22000,0130,1783242986,2026-07-05T09:16:55Z,2026-07-05T09:16:55Z,2026-07-05T09:16:25Z,2.2,https://gbfs.kappa.fifteen.eu/gbfs/2.2/mobi/en/gbfs.json,https://gbfs.kappa.fifteen.eu/gbfs/2.2/mobi/en/free_bike_status.json,2026-07-05T09:16:54Z,2026-07-05T09:16:54Z
mobi_vancouver,mobi_vancouver_0d190d7a-51be-4ef6-9cfc-a80ff4a16f7f,0d190d7a-51be-4ef6-9cfc-a80ff4a16f7f,49.279342,-123.101822,1,FALSE,FALSE,22000,0055,1783242986,2026-07-05T09:16:55Z,2026-07-05T09:16:55Z,2026-07-05T09:16:25Z,2.2,https://gbfs.kappa.fifteen.eu/gbfs/2.2/mobi/en/gbfs.json,https://gbfs.kappa.fifteen.eu/gbfs/2.2/mobi/en/free_bike_status.json,2026-07-05T09:16:54Z,2026-07-05T09:16:54Z
mobi_vancouver,mobi_vancouver_36491cf2-ce14-488d-a591-22c94ac2d4f5,36491cf2-ce14-488d-a591-22c94ac2d4f5,49.262206,-123.109091,1,FALSE,FALSE,22000,0172,1783242986,2026-07-05T09:16:55Z,2026-07-05T09:16:55Z,2026-07-05T09:16:25Z,2.2,https://gbfs.kappa.fifteen.eu/gbfs/2.2/mobi/en/gbfs.json,https://gbfs.kappa.fifteen.eu/gbfs/2.2/mobi/en/free_bike_status.json,2026-07-05T09:16:54Z,2026-07-05T09:16:54Z
mobi_vancouver,mobi_vancouver_825e4c9a-87e4-49e0-ada4-864e9dd35ac7,825e4c9a-87e4-49e0-ada4-864e9dd35ac7,49.259183,-123.120126,1,FALSE,FALSE,22000,0106,1783242986,2026-07-05T09:16:55Z,2026-07-05T09:16:55Z,2026-07-05T09:16:25Z,2.2,https://gbfs.kappa.fifteen.eu/gbfs/2.2/mobi/en/gbfs.json,https://gbfs.kappa.fifteen.eu/gbfs/2.2/mobi/en/free_bike_status.json,2026-07-05T09:16:54Z,2026-07-05T09:16:54Z
mobi_vancouver,mobi_vancouver_9b937a83-e7b9-4ca4-ae01-affc53cb228b,9b937a83-e7b9-4ca4-ae01-affc53cb228b,49.268216,-123.103168,1,FALSE,FALSE,22000,0119,1783242986,2026-07-05T09:16:55Z,2026-07-05T09:16:55Z,2026-07-05T09:16:25Z,2.2,https://gbfs.kappa.fifteen.eu/gbfs/2.2/mobi/en/gbfs.json,https://gbfs.kappa.fifteen.eu/gbfs/2.2/mobi/en/free_bike_status.json,2026-07-05T09:16:54Z,2026-07-05T09:16:54Z
mobi_vancouver,mobi_vancouver_c0762f71-67c8-449d-b70b-d312bb9bc8f9,c0762f71-67c8-449d-b70b-d312bb9bc8f9,49.266774,-123.141135,1,FALSE,FALSE,22000,0153,1783242986,2026-07-05T09:16:55Z,2026-07-05T09:16:55Z,2026-07-05T09:16:25Z,2.2,https://gbfs.kappa.fifteen.eu/gbfs/2.2/mobi/en/gbfs.json,https://gbfs.kappa.fifteen.eu/gbfs/2.2/mobi/en/free_bike_status.json,2026-07-05T09:16:54Z,2026-07-05T09:16:54Z
mobi_vancouver,mobi_vancouver_144ffe6a-3f5e-47e6-954d-48f6522ec47b,144ffe6a-3f5e-47e6-954d-48f6522ec47b,49.266774,-123.141135,1,FALSE,FALSE,22000,0153,1783242986,2026-07-05T09:16:55Z,2026-07-05T09:16:55Z,2026-07-05T09:16:25Z,2.2,https://gbfs.kappa.fifteen.eu/gbfs/2.2/mobi/en/gbfs.json,https://gbfs.kappa.fifteen.eu/gbfs/2.2/mobi/en/free_bike_status.json,2026-07-05T09:16:54Z,2026-07-05T09:16:54Z
mobi_vancouver,mobi_vancouver_c682e728-935c-443a-8b95-b9f9f4ec20ff,c682e728-935c-443a-8b95-b9f9f4ec20ff,49.265336,-123.145823,1,FALSE,FALSE,22000,0140,1783242986,2026-07-05T09:16:55Z,2026-07-05T09:16:55Z,2026-07-05T09:16:25Z,2.2,https://gbfs.kappa.fifteen.eu/gbfs/2.2/mobi/en/gbfs.json,https://gbfs.kappa.fifteen.eu/gbfs/2.2/mobi/en/free_bike_status.json,2026-07-05T09:16:54Z,2026-07-05T09:16:54Z
mobi_vancouver,mobi_vancouver_1959472c-b060-49d3-899e-44d35b1f0750,1959472c-b060-49d3-899e-44d35b1f0750,49.277595,-123.09583,1,FALSE,FALSE,22000,0212,1783242986,2026-07-05T09:16:55Z,2026-07-05T09:16:55Z,2026-07-05T09:16:25Z,2.2,https://gbfs.kappa.fifteen.eu/gbfs/2.2/mobi/en/gbfs.json,https://gbfs.kappa.fifteen.eu/gbfs/2.2/mobi/en/free_bike_status.json,2026-07-05T09:16:54Z,2026-07-05T09:16:54Z
mobi_vancouver,mobi_vancouver_73cbb921-09c3-4ecf-97c2-3551e5353379,73cbb921-09c3-4ecf-97c2-3551e5353379,49.278529,-123.100017,1,FALSE,FALSE,22000,0199,1783242986,2026-07-05T09:16:55Z,2026-07-05T09:16:55Z,2026-07-05T09:16:25Z,2.2,https://gbfs.kappa.fifteen.eu/gbfs/2.2/mobi/en/gbfs.json,https://gbfs.kappa.fifteen.eu/gbfs/2.2/mobi/en/free_bike_status.json,2026-07-05T09:16:54Z,2026-07-05T09:16:54Z
mobi_vancouver,mobi_vancouver_99009547-9a94-4ddb-915f-3660f425c932,99009547-9a94-4ddb-915f-3660f425c932,49.270905,-123.126006,1,FALSE,FALSE,22000,0136,1783242986,2026-07-05T09:16:55Z,2026-07-05T09:16:55Z,2026-07-05T09:16:25Z,2.2,https://gbfs.kappa.fifteen.eu/gbfs/2.2/mobi/en/gbfs.json,https://gbfs.kappa.fifteen.eu/gbfs/2.2/mobi/en/free_bike_status.json,2026-07-05T09:16:54Z,2026-07-05T09:16:54Z
mobi_vancouver,mobi_vancouver_58c8f5b2-6531-435a-83d3-2dfec9191c35,58c8f5b2-6531-435a-83d3-2dfec9191c35,49.283227,-123.120523,1,FALSE,FALSE,22000,0099,1783242986,2026-07-05T09:16:55Z,2026-07-05T09:16:55Z,2026-07-05T09:16:25Z,2.2,https://gbfs.kappa.fifteen.eu/gbfs/2.2/mobi/en/gbfs.json,https://gbfs.kappa.fifteen.eu/gbfs/2.2/mobi/en/free_bike_status.json,2026-07-05T09:16:54Z,2026-07-05T09:16:54Z
mobi_vancouver,mobi_vancouver_a88be37f-b4db-48d3-a7c9-60924f9b9ad3,a88be37f-b4db-48d3-a7c9-60924f9b9ad3,49.265005,-123.079481,1,FALSE,FALSE,22000,0236,1783242986,2026-07-05T09:16:55Z,2026-07-05T09:16:55Z,2026-07-05T09:16:25Z,2.2,https://gbfs.kappa.fifteen.eu/gbfs/2.2/mobi/en/gbfs.json,https://gbfs.kappa.fifteen.eu/gbfs/2.2/mobi/en/free_bike_status.json,2026-07-05T09:16:54Z,2026-07-05T09:16:54Z
mobi_vancouver,mobi_vancouver_6c6c16e3-3a49-4830-8433-7131f6c9595a,6c6c16e3-3a49-4830-8433-7131f6c9595a,49.268616,-123.069908,1,FALSE,FALSE,22000,0240,1783242986,2026-07-05T09:16:55Z,2026-07-05T09:16:55Z,2026-07-05T09:16:25Z,2.2,https://gbfs.kappa.fifteen.eu/gbfs/2.2/mobi/en/gbfs.json,https://gbfs.kappa.fifteen.eu/gbfs/2.2/mobi/en/free_bike_status.json,2026-07-05T09:16:54Z,2026-07-05T09:16:54Z
mobi_vancouver,mobi_vancouver_ecf960e4-35aa-4408-af32-3f487f9e42dc,ecf960e4-35aa-4408-af32-3f487f9e42dc,49.273103,-123.069892,1,FALSE,FALSE,22000,0235,1783242986,2026-07-05T09:16:55Z,2026-07-05T09:16:55Z,2026-07-05T09:16:25Z,2.2,https://gbfs.kappa.fifteen.eu/gbfs/2.2/mobi/en/gbfs.json,https://gbfs.kappa.fifteen.eu/gbfs/2.2/mobi/en/free_bike_status.json,2026-07-05T09:16:54Z,2026-07-05T09:16:54Z
mobi_vancouver,mobi_vancouver_bba17629-0c06-4518-8237-756339448f6c,bba17629-0c06-4518-8237-756339448f6c,49.277665,-123.073653,1,FALSE,FALSE,22000,0222,1783242986,2026-07-05T09:16:55Z,2026-07-05T09:16:55Z,2026-07-05T09:16:25Z,2.2,https://gbfs.kappa.fifteen.eu/gbfs/2.2/mobi/en/gbfs.json,https://gbfs.kappa.fifteen.eu/gbfs/2.2/mobi/en/free_bike_status.json,2026-07-05T09:16:54Z,2026-07-05T09:16:54Z
mobi_vancouver,mobi_vancouver_cc93fa62-fa48-4b91-b4e9-c65ed7f1814d,cc93fa62-fa48-4b91-b4e9-c65ed7f1814d,49.277665,-123.073653,1,FALSE,FALSE,22000,0222,1783242986,2026-07-05T09:16:55Z,2026-07-05T09:16:55Z,2026-07-05T09:16:25Z,2.2,https://gbfs.kappa.fifteen.eu/gbfs/2.2/mobi/en/gbfs.json,https://gbfs.kappa.fifteen.eu/gbfs/2.2/mobi/en/free_bike_status.json,2026-07-05T09:16:54Z,2026-07-05T09:16:54Z
mobi_vancouver,mobi_vancouver_d21b06df-4865-48ab-b21f-99329aebbe6f,d21b06df-4865-48ab-b21f-99329aebbe6f,49.277665,-123.073653,1,FALSE,FALSE,22000,0222,1783242986,2026-07-05T09:16:55Z,2026-07-05T09:16:55Z,2026-07-05T09:16:25Z,2.2,https://gbfs.kappa.fifteen.eu/gbfs/2.2/mobi/en/gbfs.json,https://gbfs.kappa.fifteen.eu/gbfs/2.2/mobi/en/free_bike_status.json,2026-07-05T09:16:54Z,2026-07-05T09:16:54Z
mobi_vancouver,mobi_vancouver_a0583b4e-d993-4af3-bb18-1a3a1a1e4a56,a0583b4e-d993-4af3-bb18-1a3a1a1e4a56,49.280852,-123.084746,1,FALSE,FALSE,22000,0227,1783242986,2026-07-05T09:16:55Z,2026-07-05T09:16:55Z,2026-07-05T09:16:25Z,2.2,https://gbfs.kappa.fifteen.eu/gbfs/2.2/mobi/en/gbfs.json,https://gbfs.kappa.fifteen.eu/gbfs/2.2/mobi/en/free_bike_status.json,2026-07-05T09:16:54Z,2026-07-05T09:16:54Z
mobi_vancouver,mobi_vancouver_0f87d1fb-cfa0-4a65-bf4a-39b962c5bb8c,0f87d1fb-cfa0-4a65-bf4a-39b962c5bb8c,49.258761,-123.127071,1,FALSE,FALSE,22000,0202,1783242986,2026-07-05T09:16:55Z,2026-07-05T09:16:55Z,2026-07-05T09:16:25Z,2.2,https://gbfs.kappa.fifteen.eu/gbfs/2.2/mobi/en/gbfs.json,https://gbfs.kappa.fifteen.eu/gbfs/2.2/mobi/en/free_bike_status.json,2026-07-05T09:16:54Z,2026-07-05T09:16:54Z
mobi_vancouver,mobi_vancouver_fb854311-0afc-4d9d-afd1-5fca8b734fd5,fb854311-0afc-4d9d-afd1-5fca8b734fd5,49.264251,-123.073853,1,FALSE,FALSE,22000,0249,1783242986,2026-07-05T09:16:55Z,2026-07-05T09:16:55Z,2026-07-05T09:16:25Z,2.2,https://gbfs.kappa.fifteen.eu/gbfs/2.2/mobi/en/gbfs.json,https://gbfs.kappa.fifteen.eu/gbfs/2.2/mobi/en/free_bike_status.json,2026-07-05T09:16:54Z,2026-07-05T09:16:54Z
mobi_vancouver,mobi_vancouver_13daa51a-d220-47e9-bcae-0405840d2adc,13daa51a-d220-47e9-bcae-0405840d2adc,49.283986,-123.065264,1,FALSE,FALSE,22000,0280,1783242986,2026-07-05T09:16:55Z,2026-07-05T09:16:55Z,2026-07-05T09:16:25Z,2.2,https://gbfs.kappa.fifteen.eu/gbfs/2.2/mobi/en/gbfs.json,https://gbfs.kappa.fifteen.eu/gbfs/2.2/mobi/en/free_bike_status.json,2026-07-05T09:16:54Z,2026-07-05T09:16:54Z
mobi_vancouver,mobi_vancouver_271d3bf2-1faf-4b88-a25d-b02e06b01732,271d3bf2-1faf-4b88-a25d-b02e06b01732,49.27033,-123.10275,1,FALSE,FALSE,22000,0177,1783242986,2026-07-05T09:16:55Z,2026-07-05T09:16:55Z,2026-07-05T09:16:25Z,2.2,https://gbfs.kappa.fifteen.eu/gbfs/2.2/mobi/en/gbfs.json,https://gbfs.kappa.fifteen.eu/gbfs/2.2/mobi/en/free_bike_status.json,2026-07-05T09:16:54Z,2026-07-05T09:16:54Z
mobi_vancouver,mobi_vancouver_081756a1-0b17-48ba-8c6f-5eb2e5dcf26c,081756a1-0b17-48ba-8c6f-5eb2e5dcf26c,49.302577,-123.155616,1,FALSE,FALSE,22000,0103,1783242986,2026-07-05T09:16:55Z,2026-07-05T09:16:55Z,2026-07-05T09:16:25Z,2.2,https://gbfs.kappa.fifteen.eu/gbfs/2.2/mobi/en/gbfs.json,https://gbfs.kappa.fifteen.eu/gbfs/2.2/mobi/en/free_bike_status.json,2026-07-05T09:16:54Z,2026-07-05T09:16:54Z
mobi_vancouver,mobi_vancouver_842c7eb5-faf3-4e66-a7c0-792f0940ee46,842c7eb5-faf3-4e66-a7c0-792f0940ee46,49.279235,-123.087528,1,FALSE,FALSE,22000,0228,1783242986,2026-07-05T09:16:55Z,2026-07-05T09:16:55Z,2026-07-05T09:16:25Z,2.2,https://gbfs.kappa.fifteen.eu/gbfs/2.2/mobi/en/gbfs.json,https://gbfs.kappa.fifteen.eu/gbfs/2.2/mobi/en/free_bike_status.json,2026-07-05T09:16:54Z,2026-07-05T09:16:54Z
mobi_vancouver,mobi_vancouver_72695a66-c5e2-4d0a-ba55-66c8835d32e0,72695a66-c5e2-4d0a-ba55-66c8835d32e0,49.284893,-123.128685,1,FALSE,FALSE,22000,0300,1783242986,2026-07-05T09:16:55Z,2026-07-05T09:16:55Z,2026-07-05T09:16:25Z,2.2,https://gbfs.kappa.fifteen.eu/gbfs/2.2/mobi/en/gbfs.json,https://gbfs.kappa.fifteen.eu/gbfs/2.2/mobi/en/free_bike_status.json,2026-07-05T09:16:54Z,2026-07-05T09:16:54Z
mobi_vancouver,mobi_vancouver_f4b7166a-1f4b-46da-9a08-841dbecc78aa,f4b7166a-1f4b-46da-9a08-841dbecc78aa,49.283298,-123.142288,1,FALSE,FALSE,22000,0142,1783242986,2026-07-05T09:16:55Z,2026-07-05T09:16:55Z,2026-07-05T09:16:25Z,2.2,https://gbfs.kappa.fifteen.eu/gbfs/2.2/mobi/en/gbfs.json,https://gbfs.kappa.fifteen.eu/gbfs/2.2/mobi/en/free_bike_status.json,2026-07-05T09:16:54Z,2026-07-05T09:16:54Z
mobi_vancouver,mobi_vancouver_fb0a3a95-d966-4cf8-8c87-28f45969ff7d,fb0a3a95-d966-4cf8-8c87-28f45969ff7d,49.283298,-123.142288,1,FALSE,FALSE,22000,0142,1783242986,2026-07-05T09:16:55Z,2026-07-05T09:16:55Z,2026-07-05T09:16:25Z,2.2,https://gbfs.kappa.fifteen.eu/gbfs/2.2/mobi/en/gbfs.json,https://gbfs.kappa.fifteen.eu/gbfs/2.2/mobi/en/free_bike_status.json,2026-07-05T09:16:54Z,2026-07-05T09:16:54Z
mobi_vancouver,mobi_vancouver_0ff212fd-0030-4692-8470-34614ce14f9b,0ff212fd-0030-4692-8470-34614ce14f9b,49.271221,-123.191133,1,FALSE,FALSE,22000,0400,1783242986,2026-07-05T09:16:55Z,2026-07-05T09:16:55Z,2026-07-05T09:16:25Z,2.2,https://gbfs.kappa.fifteen.eu/gbfs/2.2/mobi/en/gbfs.json,https://gbfs.kappa.fifteen.eu/gbfs/2.2/mobi/en/free_bike_status.json,2026-07-05T09:16:54Z,2026-07-05T09:16:54Z
mobi_vancouver,mobi_vancouver_65154874-7bd2-41ce-99f7-b725b3420d67,65154874-7bd2-41ce-99f7-b725b3420d67,49.27247,-123.185643,1,FALSE,FALSE,22000,0410,1783242986,2026-07-05T09:16:55Z,2026-07-05T09:16:55Z,2026-07-05T09:16:25Z,2.2,https://gbfs.kappa.fifteen.eu/gbfs/2.2/mobi/en/gbfs.json,https://gbfs.kappa.fifteen.eu/gbfs/2.2/mobi/en/free_bike_status.json,2026-07-05T09:16:54Z,2026-07-05T09:16:54Z
mobi_vancouver,mobi_vancouver_5ae4160f-859a-497e-bae4-705db7958604,5ae4160f-859a-497e-bae4-705db7958604,49.272969,-123.164325,1,FALSE,FALSE,22000,0460,1783242986,2026-07-05T09:16:55Z,2026-07-05T09:16:55Z,2026-07-05T09:16:25Z,2.2,https://gbfs.kappa.fifteen.eu/gbfs/2.2/mobi/en/gbfs.json,https://gbfs.kappa.fifteen.eu/gbfs/2.2/mobi/en/free_bike_status.json,2026-07-05T09:16:54Z,2026-07-05T09:16:54Z
mobi_vancouver,mobi_vancouver_2694cdc3-8549-41ee-94f8-105cbe31fc95,2694cdc3-8549-41ee-94f8-105cbe31fc95,49.264928,-123.168068,1,FALSE,FALSE,22000,0452,1783242986,2026-07-05T09:16:55Z,2026-07-05T09:16:55Z,2026-07-05T09:16:25Z,2.2,https://gbfs.kappa.fifteen.eu/gbfs/2.2/mobi/en/gbfs.json,https://gbfs.kappa.fifteen.eu/gbfs/2.2/mobi/en/free_bike_status.json,2026-07-05T09:16:54Z,2026-07-05T09:16:54Z
mobi_vancouver,mobi_vancouver_b763706a-960c-4d0e-a7bf-df478022af43,b763706a-960c-4d0e-a7bf-df478022af43,49.264326,-123.164725,1,FALSE,FALSE,22000,0464,1783242986,2026-07-05T09:16:55Z,2026-07-05T09:16:55Z,2026-07-05T09:16:25Z,2.2,https://gbfs.kappa.fifteen.eu/gbfs/2.2/mobi/en/gbfs.json,https://gbfs.kappa.fifteen.eu/gbfs/2.2/mobi/en/free_bike_status.json,2026-07-05T09:16:54Z,2026-07-05T09:16:54Z
mobi_vancouver,mobi_vancouver_433f5096-724d-44ee-919c-c21a72652ace,433f5096-724d-44ee-919c-c21a72652ace,49.255034,-123.120226,2,FALSE,FALSE,22000,0511,1783242986,2026-07-05T09:16:55Z,2026-07-05T09:16:55Z,2026-07-05T09:16:25Z,2.2,https://gbfs.kappa.fifteen.eu/gbfs/2.2/mobi/en/gbfs.json,https://gbfs.kappa.fifteen.eu/gbfs/2.2/mobi/en/free_bike_status.json,2026-07-05T09:16:54Z,2026-07-05T09:16:54Z
mobi_vancouver,mobi_vancouver_faf2bf21-41a2-40f9-9d4c-08664d5608c2,faf2bf21-41a2-40f9-9d4c-08664d5608c2,49.272172,-123.097978,1,FALSE,FALSE,22000,0354,1783242986,2026-07-05T09:16:55Z,2026-07-05T09:16:55Z,2026-07-05T09:16:25Z,2.2,https://gbfs.kappa.fifteen.eu/gbfs/2.2/mobi/en/gbfs.json,https://gbfs.kappa.fifteen.eu/gbfs/2.2/mobi/en/free_bike_status.json,2026-07-05T09:16:54Z,2026-07-05T09:16:54Z
mobi_vancouver,mobi_vancouver_8c4d9d47-5391-4062-b9cb-5e708ed53a30,8c4d9d47-5391-4062-b9cb-5e708ed53a30,49.266636,-123.183661,1,FALSE,FALSE,22000,0414,1783242986,2026-07-05T09:16:55Z,2026-07-05T09:16:55Z,2026-07-05T09:16:25Z,2.2,https://gbfs.kappa.fifteen.eu/gbfs/2.2/mobi/en/gbfs.json,https://gbfs.kappa.fifteen.eu/gbfs/2.2/mobi/en/free_bike_status.json,2026-07-05T09:16:54Z,2026-07-05T09:16:54Z
mobi_vancouver,mobi_vancouver_a269393a-99cc-4e0f-b56e-98391b357cce,a269393a-99cc-4e0f-b56e-98391b357cce,49.268837,-123.177633,1,FALSE,FALSE,22000,0431,1783242986,2026-07-05T09:16:55Z,2026-07-05T09:16:55Z,2026-07-05T09:16:25Z,2.2,https://gbfs.kappa.fifteen.eu/gbfs/2.2/mobi/en/gbfs.json,https://gbfs.kappa.fifteen.eu/gbfs/2.2/mobi/en/free_bike_status.json,2026-07-05T09:16:54Z,2026-07-05T09:16:54Z
mobi_vancouver,mobi_vancouver_2da1d2d9-85bf-4b2d-8571-2e96d84de1e9,2da1d2d9-85bf-4b2d-8571-2e96d84de1e9,49.245135,-123.116098,1,FALSE,FALSE,22000,0526,1783242986,2026-07-05T09:16:55Z,2026-07-05T09:16:55Z,2026-07-05T09:16:25Z,2.2,https://gbfs.kappa.fifteen.eu/gbfs/2.2/mobi/en/gbfs.json,https://gbfs.kappa.fifteen.eu/gbfs/2.2/mobi/en/free_bike_status.json,2026-07-05T09:16:54Z,2026-07-05T09:16:54Z
mobi_vancouver,mobi_vancouver_a16d8854-a508-44c6-a01e-0a9b440e351d,a16d8854-a508-44c6-a01e-0a9b440e351d,49.274232,-123.129998,1,FALSE,FALSE,22000,0314,1783242986,2026-07-05T09:16:55Z,2026-07-05T09:16:55Z,2026-07-05T09:16:25Z,2.2,https://gbfs.kappa.fifteen.eu/gbfs/2.2/mobi/en/gbfs.json,https://gbfs.kappa.fifteen.eu/gbfs/2.2/mobi/en/free_bike_status.json,2026-07-05T09:16:54Z,2026-07-05T09:16:54Z
mobi_vancouver,mobi_vancouver_d1d714dd-3b27-4d12-94eb-91e1148e4597,d1d714dd-3b27-4d12-94eb-91e1148e4597,49.282087,-123.056909,1,FALSE,FALSE,22000,0642,1783242986,2026-07-05T09:16:55Z,2026-07-05T09:16:55Z,2026-07-05T09:16:25Z,2.2,https://gbfs.kappa.fifteen.eu/gbfs/2.2/mobi/en/gbfs.json,https://gbfs.kappa.fifteen.eu/gbfs/2.2/mobi/en/free_bike_status.json,2026-07-05T09:16:54Z,2026-07-05T09:16:54Z
mobi_vancouver,mobi_vancouver_a30858c8-45dc-42be-b452-da76bfd28a72,a30858c8-45dc-42be-b452-da76bfd28a72,49.285575,-123.061575,1,FALSE,FALSE,22000,0621,1783242986,2026-07-05T09:16:55Z,2026-07-05T09:16:55Z,2026-07-05T09:16:25Z,2.2,https://gbfs.kappa.fifteen.eu/gbfs/2.2/mobi/en/gbfs.json,https://gbfs.kappa.fifteen.eu/gbfs/2.2/mobi/en/free_bike_status.json,2026-07-05T09:16:54Z,2026-07-05T09:16:54Z
mobi_vancouver,mobi_vancouver_8107b895-0133-48a5-8313-9af1eb25314c,8107b895-0133-48a5-8313-9af1eb25314c,49.252656,-123.067965,1,FALSE,FALSE,22000,0352,1783242986,2026-07-05T09:16:55Z,2026-07-05T09:16:55Z,2026-07-05T09:16:25Z,2.2,https://gbfs.kappa.fifteen.eu/gbfs/2.2/mobi/en/gbfs.json,https://gbfs.kappa.fifteen.eu/gbfs/2.2/mobi/en/free_bike_status.json,2026-07-05T09:16:54Z,2026-07-05T09:16:54Z
mobi_vancouver,mobi_vancouver_1ad2be80-428c-463c-b3b7-9d7b1ef75310,1ad2be80-428c-463c-b3b7-9d7b1ef75310,49.266579,-123.248549,1,FALSE,FALSE,22000,2143,1783242986,2026-07-05T09:16:55Z,2026-07-05T09:16:55Z,2026-07-05T09:16:25Z,2.2,https://gbfs.kappa.fifteen.eu/gbfs/2.2/mobi/en/gbfs.json,https://gbfs.kappa.fifteen.eu/gbfs/2.2/mobi/en/free_bike_status.json,2026-07-05T09:16:54Z,2026-07-05T09:16:54Z
mobi_vancouver,mobi_vancouver_08829300-4209-4de3-ad57-7ca47455d605,08829300-4209-4de3-ad57-7ca47455d605,49.266579,-123.248549,1,FALSE,FALSE,22000,2143,1783242986,2026-07-05T09:16:55Z,2026-07-05T09:16:55Z,2026-07-05T09:16:25Z,2.2,https://gbfs.kappa.fifteen.eu/gbfs/2.2/mobi/en/gbfs.json,https://gbfs.kappa.fifteen.eu/gbfs/2.2/mobi/en/free_bike_status.json,2026-07-05T09:16:54Z,2026-07-05T09:16:54Z
mobi_vancouver,mobi_vancouver_8b13edcc-0b11-4b4d-acee-aebf575f8d48,8b13edcc-0b11-4b4d-acee-aebf575f8d48,49.26262,-123.2431,1,FALSE,FALSE,22000,2156,1783242986,2026-07-05T09:16:55Z,2026-07-05T09:16:55Z,2026-07-05T09:16:25Z,2.2,https://gbfs.kappa.fifteen.eu/gbfs/2.2/mobi/en/gbfs.json,https://gbfs.kappa.fifteen.eu/gbfs/2.2/mobi/en/free_bike_status.json,2026-07-05T09:16:54Z,2026-07-05T09:16:54Z
mobi_vancouver,mobi_vancouver_9f7aaeda-5325-4aa5-ab9f-b84c2651c06f,9f7aaeda-5325-4aa5-ab9f-b84c2651c06f,49.269172,-123.25279,1,FALSE,FALSE,22000,2131,1783242986,2026-07-05T09:16:55Z,2026-07-05T09:16:55Z,2026-07-05T09:16:25Z,2.2,https://gbfs.kappa.fifteen.eu/gbfs/2.2/mobi/en/gbfs.json,https://gbfs.kappa.fifteen.eu/gbfs/2.2/mobi/en/free_bike_status.json,2026-07-05T09:16:54Z,2026-07-05T09:16:54Z
mobi_vancouver,mobi_vancouver_39745ca1-f90a-411a-a637-e3aa07511822,39745ca1-f90a-411a-a637-e3aa07511822,49.2661,-123.24568,1,FALSE,FALSE,22000,2154,1783242986,2026-07-05T09:16:55Z,2026-07-05T09:16:55Z,2026-07-05T09:16:25Z,2.2,https://gbfs.kappa.fifteen.eu/gbfs/2.2/mobi/en/gbfs.json,https://gbfs.kappa.fifteen.eu/gbfs/2.2/mobi/en/free_bike_status.json,2026-07-05T09:16:54Z,2026-07-05T09:16:54Z
mobi_vancouver,mobi_vancouver_b97d90b8-3092-4c3f-aaae-d340178d8fdf,b97d90b8-3092-4c3f-aaae-d340178d8fdf,49.293264,-123.132861,1,FALSE,FALSE,22000,0181,1783242986,2026-07-05T09:16:55Z,2026-07-05T09:16:55Z,2026-07-05T09:16:25Z,2.2,https://gbfs.kappa.fifteen.eu/gbfs/2.2/mobi/en/gbfs.json,https://gbfs.kappa.fifteen.eu/gbfs/2.2/mobi/en/free_bike_status.json,2026-07-05T09:16:54Z,2026-07-05T09:16:54Z
mobi_vancouver,mobi_vancouver_e8eb443b-35d4-4f57-9d22-c0b6d340ac82,e8eb443b-35d4-4f57-9d22-c0b6d340ac82,49.27549,-123.12882,1,FALSE,FALSE,22000,0318,1783242986,2026-07-05T09:16:55Z,2026-07-05T09:16:55Z,2026-07-05T09:16:25Z,2.2,https://gbfs.kappa.fifteen.eu/gbfs/2.2/mobi/en/gbfs.json,https://gbfs.kappa.fifteen.eu/gbfs/2.2/mobi/en/free_bike_status.json,2026-07-05T09:16:54Z,2026-07-05T09:16:54Z
mobi_vancouver,mobi_vancouver_c282fd2c-6888-4084-989e-3c5e724d1ad5,c282fd2c-6888-4084-989e-3c5e724d1ad5,49.2506,-123.23238,1,FALSE,FALSE,22000,2255,1783242986,2026-07-05T09:16:55Z,2026-07-05T09:16:55Z,2026-07-05T09:16:25Z,2.2,https://gbfs.kappa.fifteen.eu/gbfs/2.2/mobi/en/gbfs.json,https://gbfs.kappa.fifteen.eu/gbfs/2.2/mobi/en/free_bike_status.json,2026-07-05T09:16:54Z,2026-07-05T09:16:54Z
mobi_vancouver,mobi_vancouver_5622328d-0271-4016-8fef-dddda00dabde,5622328d-0271-4016-8fef-dddda00dabde,49.282055,-123.133045,2,FALSE,FALSE,22400,0187,1783242986,2026-07-05T09:16:55Z,2026-07-05T09:16:55Z,2026-07-05T09:16:25Z,2.2,https://gbfs.kappa.fifteen.eu/gbfs/2.2/mobi/en/gbfs.json,https://gbfs.kappa.fifteen.eu/gbfs/2.2/mobi/en/free_bike_status.json,2026-07-05T09:16:54Z,2026-07-05T09:16:54Z
mobi_vancouver,mobi_vancouver_3b55262d-4a62-4ca7-94a9-ab6c6b116fae,3b55262d-4a62-4ca7-94a9-ab6c6b116fae,49.276115,-123.114496,1,FALSE,FALSE,22400,0064,1783242986,2026-07-05T09:16:55Z,2026-07-05T09:16:55Z,2026-07-05T09:16:25Z,2.2,https://gbfs.kappa.fifteen.eu/gbfs/2.2/mobi/en/gbfs.json,https://gbfs.kappa.fifteen.eu/gbfs/2.2/mobi/en/free_bike_status.json,2026-07-05T09:16:54Z,2026-07-05T09:16:54Z
mobi_vancouver,mobi_vancouver_d11397b7-ca0a-4ace-ab9c-05706d8e4bff,d11397b7-ca0a-4ace-ab9c-05706d8e4bff,49.28725,-123.11298,1,FALSE,FALSE,22400,0014,1783242986,2026-07-05T09:16:55Z,2026-07-05T09:16:55Z,2026-07-05T09:16:25Z,2.2,https://gbfs.kappa.fifteen.eu/gbfs/2.2/mobi/en/gbfs.json,https://gbfs.kappa.fifteen.eu/gbfs/2.2/mobi/en/free_bike_status.json,2026-07-05T09:16:54Z,2026-07-05T09:16:54Z
mobi_vancouver,mobi_vancouver_4e8be562-4f82-4690-bb53-8be67fff1221,4e8be562-4f82-4690-bb53-8be67fff1221,49.28725,-123.11298,2,FALSE,FALSE,22400,0014,1783242986,2026-07-05T09:16:55Z,2026-07-05T09:16:55Z,2026-07-05T09:16:25Z,2.2,https://gbfs.kappa.fifteen.eu/gbfs/2.2/mobi/en/gbfs.json,https://gbfs.kappa.fifteen.eu/gbfs/2.2/mobi/en/free_bike_status.json,2026-07-05T09:16:54Z,2026-07-05T09:16:54Z
mobi_vancouver,mobi_vancouver_f23548e5-e2bc-4e74-b828-a8347eaf2655,f23548e5-e2bc-4e74-b828-a8347eaf2655,49.260599,-123.113504,1,FALSE,FALSE,22400,0007,1783242986,2026-07-05T09:16:55Z,2026-07-05T09:16:55Z,2026-07-05T09:16:25Z,2.2,https://gbfs.kappa.fifteen.eu/gbfs/2.2/mobi/en/gbfs.json,https://gbfs.kappa.fifteen.eu/gbfs/2.2/mobi/en/free_bike_status.json,2026-07-05T09:16:54Z,2026-07-05T09:16:54Z
mobi_vancouver,mobi_vancouver_5b8f6b4a-5317-4cc6-96a4-053a33aa7c0d,5b8f6b4a-5317-4cc6-96a4-053a33aa7c0d,49.28616,-123.12675,1,FALSE,FALSE,22400,0036,1783242986,2026-07-05T09:16:55Z,2026-07-05T09:16:55Z,2026-07-05T09:16:25Z,2.2,https://gbfs.kappa.fifteen.eu/gbfs/2.2/mobi/en/gbfs.json,https://gbfs.kappa.fifteen.eu/gbfs/2.2/mobi/en/free_bike_status.json,2026-07-05T09:16:54Z,2026-07-05T09:16:54Z
mobi_vancouver,mobi_vancouver_a09cfcc4-1b5c-43fa-9fc9-4696919a1f66,a09cfcc4-1b5c-43fa-9fc9-4696919a1f66,49.28972,-123.144028,1,FALSE,FALSE,22400,0047,1783242986,2026-07-05T09:16:55Z,2026-07-05T09:16:55Z,2026-07-05T09:16:25Z,2.2,https://gbfs.kappa.fifteen.eu/gbfs/2.2/mobi/en/gbfs.json,https://gbfs.kappa.fifteen.eu/gbfs/2.2/mobi/en/free_bike_status.json,2026-07-05T09:16:54Z,2026-07-05T09:16:54Z
mobi_vancouver,mobi_vancouver_c65a3d94-aedb-450e-a1c6-25b3c5431a97,c65a3d94-aedb-450e-a1c6-25b3c5431a97,49.279821,-123.10802,1,FALSE,FALSE,22400,0053,1783242986,2026-07-05T09:16:55Z,2026-07-05T09:16:55Z,2026-07-05T09:16:25Z,2.2,https://gbfs.kappa.fifteen.eu/gbfs/2.2/mobi/en/gbfs.json,https://gbfs.kappa.fifteen.eu/gbfs/2.2/mobi/en/free_bike_status.json,2026-07-05T09:16:54Z,2026-07-05T09:16:54Z
mobi_vancouver,mobi_vancouver_ceb5d39d-0eab-498e-b3ef-dda69a40faac,ceb5d39d-0eab-498e-b3ef-dda69a40faac,49.282759,-123.106955,1,FALSE,FALSE,22400,0030,1783242986,2026-07-05T09:16:55Z,2026-07-05T09:16:55Z,2026-07-05T09:16:25Z,2.2,https://gbfs.kappa.fifteen.eu/gbfs/2.2/mobi/en/gbfs.json,https://gbfs.kappa.fifteen.eu/gbfs/2.2/mobi/en/free_bike_status.json,2026-07-05T09:16:54Z,2026-07-05T09:16:54Z
mobi_vancouver,mobi_vancouver_7deea6a1-d751-4953-89d9-2426865dba94,7deea6a1-d751-4953-89d9-2426865dba94,49.28026,-123.135244,1,FALSE,FALSE,22400,0088,1783242986,2026-07-05T09:16:55Z,2026-07-05T09:16:55Z,2026-07-05T09:16:25Z,2.2,https://gbfs.kappa.fifteen.eu/gbfs/2.2/mobi/en/gbfs.json,https://gbfs.kappa.fifteen.eu/gbfs/2.2/mobi/en/free_bike_status.json,2026-07-05T09:16:54Z,2026-07-05T09:16:54Z
mobi_vancouver,mobi_vancouver_f82b8f40-f2fb-4d40-8467-841f56a4c6b7,f82b8f40-f2fb-4d40-8467-841f56a4c6b7,49.28026,-123.135244,1,FALSE,FALSE,22400,0088,1783242986,2026-07-05T09:16:55Z,2026-07-05T09:16:55Z,2026-07-05T09:16:25Z,2.2,https://gbfs.kappa.fifteen.eu/gbfs/2.2/mobi/en/gbfs.json,https://gbfs.kappa.fifteen.eu/gbfs/2.2/mobi/en/free_bike_status.json,2026-07-05T09:16:54Z,2026-07-05T09:16:54Z
mobi_vancouver,mobi_vancouver_a0f05b26-f065-417e-a49d-c6cac53b28ad,a0f05b26-f065-417e-a49d-c6cac53b28ad,49.258763,-123.115392,1,FALSE,FALSE,22400,0072,1783242986,2026-07-05T09:16:55Z,2026-07-05T09:16:55Z,2026-07-05T09:16:25Z,2.2,https://gbfs.kappa.fifteen.eu/gbfs/2.2/mobi/en/gbfs.json,https://gbfs.kappa.fifteen.eu/gbfs/2.2/mobi/en/free_bike_status.json,2026-07-05T09:16:54Z,2026-07-05T09:16:54Z
mobi_vancouver,mobi_vancouver_5a1825bd-0ce6-41c0-8ecf-a1f4886e5d5e,5a1825bd-0ce6-41c0-8ecf-a1f4886e5d5e,49.258763,-123.115392,1,FALSE,FALSE,22400,0072,1783242986,2026-07-05T09:16:55Z,2026-07-05T09:16:55Z,2026-07-05T09:16:25Z,2.2,https://gbfs.kappa.fifteen.eu/gbfs/2.2/mobi/en/gbfs.json,https://gbfs.kappa.fifteen.eu/gbfs/2.2/mobi/en/free_bike_status.json,2026-07-05T09:16:54Z,2026-07-05T09:16:54Z
mobi_vancouver,mobi_vancouver_ec5dad36-5420-4190-8c20-0e588a367e86,ec5dad36-5420-4190-8c20-0e588a367e86,49.288506,-123.131238,1,FALSE,FALSE,22400,0096,1783242986,2026-07-05T09:16:55Z,2026-07-05T09:16:55Z,2026-07-05T09:16:25Z,2.2,https://gbfs.kappa.fifteen.eu/gbfs/2.2/mobi/en/gbfs.json,https://gbfs.kappa.fifteen.eu/gbfs/2.2/mobi/en/free_bike_status.json,2026-07-05T09:16:54Z,2026-07-05T09:16:54Z
mobi_vancouver,mobi_vancouver_914f1ca9-878a-4ddf-942e-50642a6e36f2,914f1ca9-878a-4ddf-942e-50642a6e36f2,49.266724,-123.104824,1,FALSE,FALSE,22400,0073,1783242986,2026-07-05T09:16:55Z,2026-07-05T09:16:55Z,2026-07-05T09:16:25Z,2.2,https://gbfs.kappa.fifteen.eu/gbfs/2.2/mobi/en/gbfs.json,https://gbfs.kappa.fifteen.eu/gbfs/2.2/mobi/en/free_bike_status.json,2026-07-05T09:16:54Z,2026-07-05T09:16:54Z
mobi_vancouver,mobi_vancouver_01b03c4e-314e-4414-9741-e427e7f72d47,01b03c4e-314e-4414-9741-e427e7f72d47,49.277844,-123.120942,1,FALSE,FALSE,22400,0079,1783242986,2026-07-05T09:16:55Z,2026-07-05T09:16:55Z,2026-07-05T09:16:25Z,2.2,https://gbfs.kappa.fifteen.eu/gbfs/2.2/mobi/en/gbfs.json,https://gbfs.kappa.fifteen.eu/gbfs/2.2/mobi/en/free_bike_status.json,2026-07-05T09:16:54Z,2026-07-05T09:16:54Z
mobi_vancouver,mobi_vancouver_925d8051-59d3-4662-9240-41bacda56b3b,925d8051-59d3-4662-9240-41bacda56b3b,49.28526,-123.141809,1,FALSE,FALSE,22400,0060,1783242986,2026-07-05T09:16:55Z,2026-07-05T09:16:55Z,2026-07-05T09:16:25Z,2.2,https://gbfs.kappa.fifteen.eu/gbfs/2.2/mobi/en/gbfs.json,https://gbfs.kappa.fifteen.eu/gbfs/2.2/mobi/en/free_bike_status.json,2026-07-05T09:16:54Z,2026-07-05T09:16:54Z
mobi_vancouver,mobi_vancouver_308551c7-141b-4bbd-a2a4-a82fea03982f,308551c7-141b-4bbd-a2a4-a82fea03982f,49.28526,-123.141809,1,FALSE,FALSE,22400,0060,1783242986,2026-07-05T09:16:55Z,2026-07-05T09:16:55Z,2026-07-05T09:16:25Z,2.2,https://gbfs.kappa.fifteen.eu/gbfs/2.2/mobi/en/gbfs.json,https://gbfs.kappa.fifteen.eu/gbfs/2.2/mobi/en/free_bike_status.json,2026-07-05T09:16:54Z,2026-07-05T09:16:54Z
mobi_vancouver,mobi_vancouver_7ef459ea-2596-49ec-9a43-d75cd664fee8,7ef459ea-2596-49ec-9a43-d75cd664fee8,49.272827,-123.147744,1,FALSE,FALSE,22400,0065,1783242986,2026-07-05T09:16:55Z,2026-07-05T09:16:55Z,2026-07-05T09:16:25Z,2.2,https://gbfs.kappa.fifteen.eu/gbfs/2.2/mobi/en/gbfs.json,https://gbfs.kappa.fifteen.eu/gbfs/2.2/mobi/en/free_bike_status.json,2026-07-05T09:16:54Z,2026-07-05T09:16:54Z
mobi_vancouver,mobi_vancouver_7657f0e9-f113-481a-aa83-80d13e9369d7,7657f0e9-f113-481a-aa83-80d13e9369d7,49.293257,-123.138563,1,FALSE,FALSE,22400,0093,1783242986,2026-07-05T09:16:55Z,2026-07-05T09:16:55Z,2026-07-05T09:16:25Z,2.2,https://gbfs.kappa.fifteen.eu/gbfs/2.2/mobi/en/gbfs.json,https://gbfs.kappa.fifteen.eu/gbfs/2.2/mobi/en/free_bike_status.json,2026-07-05T09:16:54Z,2026-07-05T09:16:54Z
mobi_vancouver,mobi_vancouver_8b220eab-9267-4c1f-a49b-c296f8449339,8b220eab-9267-4c1f-a49b-c296f8449339,49.287097,-123.118551,1,FALSE,FALSE,22400,0016,1783242986,2026-07-05T09:16:55Z,2026-07-05T09:16:55Z,2026-07-05T09:16:25Z,2.2,https://gbfs.kappa.fifteen.eu/gbfs/2.2/mobi/en/gbfs.json,https://gbfs.kappa.fifteen.eu/gbfs/2.2/mobi/en/free_bike_status.json,2026-07-05T09:16:54Z,2026-07-05T09:16:54Z
mobi_vancouver,mobi_vancouver_2be54758-a536-4fcb-bcdc-357abf6dfad2,2be54758-a536-4fcb-bcdc-357abf6dfad2,49.273568,-123.129935,1,FALSE,FALSE,22400,0137,1783242986,2026-07-05T09:16:55Z,2026-07-05T09:16:55Z,2026-07-05T09:16:25Z,2.2,https://gbfs.kappa.fifteen.eu/gbfs/2.2/mobi/en/gbfs.json,https://gbfs.kappa.fifteen.eu/gbfs/2.2/mobi/en/free_bike_status.json,2026-07-05T09:16:54Z,2026-07-05T09:16:54Z
mobi_vancouver,mobi_vancouver_c1d2b810-ce11-49d6-a671-1bec72c9ba9f,c1d2b810-ce11-49d6-a671-1bec72c9ba9f,49.284605,-123.108662,1,FALSE,FALSE,22400,0052,1783242986,2026-07-05T09:16:55Z,2026-07-05T09:16:55Z,2026-07-05T09:16:25Z,2.2,https://gbfs.kappa.fifteen.eu/gbfs/2.2/mobi/en/gbfs.json,https://gbfs.kappa.fifteen.eu/gbfs/2.2/mobi/en/free_bike_status.json,2026-07-05T09:16:54Z,2026-07-05T09:16:54Z
mobi_vancouver,mobi_vancouver_9e3b30d6-5cd0-491f-92fb-2c1c1484eac8,9e3b30d6-5cd0-491f-92fb-2c1c1484eac8,49.284605,-123.108662,1,FALSE,FALSE,22400,0052,1783242986,2026-07-05T09:16:55Z,2026-07-05T09:16:55Z,2026-07-05T09:16:25Z,2.2,https://gbfs.kappa.fifteen.eu/gbfs/2.2/mobi/en/gbfs.json,https://gbfs.kappa.fifteen.eu/gbfs/2.2/mobi/en/free_bike_status.json,2026-07-05T09:16:54Z,2026-07-05T09:16:54Z
mobi_vancouver,mobi_vancouver_de5a4585-cfbd-4a0b-979a-e82d2094e319,de5a4585-cfbd-4a0b-979a-e82d2094e319,49.257654,-123.153212,1,FALSE,FALSE,22400,0113,1783242986,2026-07-05T09:16:55Z,2026-07-05T09:16:55Z,2026-07-05T09:16:25Z,2.2,https://gbfs.kappa.fifteen.eu/gbfs/2.2/mobi/en/gbfs.json,https://gbfs.kappa.fifteen.eu/gbfs/2.2/mobi/en/free_bike_status.json,2026-07-05T09:16:54Z,2026-07-05T09:16:54Z
mobi_vancouver,mobi_vancouver_d22602fe-7bb2-4271-bfb2-af5639851442,d22602fe-7bb2-4271-bfb2-af5639851442,49.273663,-123.127075,1,FALSE,FALSE,22400,0044,1783242986,2026-07-05T09:16:55Z,2026-07-05T09:16:55Z,2026-07-05T09:16:25Z,2.2,https://gbfs.kappa.fifteen.eu/gbfs/2.2/mobi/en/gbfs.json,https://gbfs.kappa.fifteen.eu/gbfs/2.2/mobi/en/free_bike_status.json,2026-07-05T09:16:54Z,2026-07-05T09:16:54Z
mobi_vancouver,mobi_vancouver_c1c8aeaa-18e8-4062-9510-47669208a26b,c1c8aeaa-18e8-4062-9510-47669208a26b,49.273471,-123.118016,1,FALSE,FALSE,22400,0017,1783242986,2026-07-05T09:16:55Z,2026-07-05T09:16:55Z,2026-07-05T09:16:25Z,2.2,https://gbfs.kappa.fifteen.eu/gbfs/2.2/mobi/en/gbfs.json,https://gbfs.kappa.fifteen.eu/gbfs/2.2/mobi/en/free_bike_status.json,2026-07-05T09:16:54Z,2026-07-05T09:16:54Z
mobi_vancouver,mobi_vancouver_227f01a6-d23f-4799-8970-8f869235b6d0,227f01a6-d23f-4799-8970-8f869235b6d0,49.269969,-123.109623,1,FALSE,FALSE,22400,0173,1783242986,2026-07-05T09:16:55Z,2026-07-05T09:16:55Z,2026-07-05T09:16:25Z,2.2,https://gbfs.kappa.fifteen.eu/gbfs/2.2/mobi/en/gbfs.json,https://gbfs.kappa.fifteen.eu/gbfs/2.2/mobi/en/free_bike_status.json,2026-07-05T09:16:54Z,2026-07-05T09:16:54Z
mobi_vancouver,mobi_vancouver_c1416184-7ed4-494e-91ed-8bfa22daa4aa,c1416184-7ed4-494e-91ed-8bfa22daa4aa,49.269969,-123.109623,1,FALSE,FALSE,22400,0173,1783242986,2026-07-05T09:16:55Z,2026-07-05T09:16:55Z,2026-07-05T09:16:25Z,2.2,https://gbfs.kappa.fifteen.eu/gbfs/2.2/mobi/en/gbfs.json,https://gbfs.kappa.fifteen.eu/gbfs/2.2/mobi/en/free_bike_status.json,2026-07-05T09:16:54Z,2026-07-05T09:16:54Z
mobi_vancouver,mobi_vancouver_ed2cf56b-fe2b-4a71-9db5-472d35297bb4,ed2cf56b-fe2b-4a71-9db5-472d35297bb4,49.2653,-123.13811,1,FALSE,FALSE,22400,0069,1783242986,2026-07-05T09:16:55Z,2026-07-05T09:16:55Z,2026-07-05T09:16:25Z,2.2,https://gbfs.kappa.fifteen.eu/gbfs/2.2/mobi/en/gbfs.json,https://gbfs.kappa.fifteen.eu/gbfs/2.2/mobi/en/free_bike_status.json,2026-07-05T09:16:54Z,2026-07-05T09:16:54Z
mobi_vancouver,mobi_vancouver_937579a2-be2a-45b2-a4f4-dfe475ebb3ee,937579a2-be2a-45b2-a4f4-dfe475ebb3ee,49.277141,-123.122589,1,FALSE,FALSE,22400,0138,1783242986,2026-07-05T09:16:55Z,2026-07-05T09:16:55Z,2026-07-05T09:16:25Z,2.2,https://gbfs.kappa.fifteen.eu/gbfs/2.2/mobi/en/gbfs.json,https://gbfs.kappa.fifteen.eu/gbfs/2.2/mobi/en/free_bike_status.json,2026-07-05T09:16:54Z,2026-07-05T09:16:54Z
mobi_vancouver,mobi_vancouver_077b0e1d-d7d4-4e4e-930f-03100012208c,077b0e1d-d7d4-4e4e-930f-03100012208c,49.27821,-123.136972,1,FALSE,FALSE,22400,0083,1783242986,2026-07-05T09:16:55Z,2026-07-05T09:16:55Z,2026-07-05T09:16:25Z,2.2,https://gbfs.kappa.fifteen.eu/gbfs/2.2/mobi/en/gbfs.json,https://gbfs.kappa.fifteen.eu/gbfs/2.2/mobi/en/free_bike_status.json,2026-07-05T09:16:54Z,2026-07-05T09:16:54Z
mobi_vancouver,mobi_vancouver_1f5d6246-47fa-4e6e-93a9-3feae26775bd,1f5d6246-47fa-4e6e-93a9-3feae26775bd,49.261742,-123.13148,1,FALSE,FALSE,22400,0166,1783242986,2026-07-05T09:16:55Z,2026-07-05T09:16:55Z,2026-07-05T09:16:25Z,2.2,https://gbfs.kappa.fifteen.eu/gbfs/2.2/mobi/en/gbfs.json,https://gbfs.kappa.fifteen.eu/gbfs/2.2/mobi/en/free_bike_status.json,2026-07-05T09:16:54Z,2026-07-05T09:16:54Z
mobi_vancouver,mobi_vancouver_0ab0ec64-2153-4477-97cc-80ca596fdfbb,0ab0ec64-2153-4477-97cc-80ca596fdfbb,49.281506,-123.120101,1,FALSE,FALSE,22400,0063,1783242986,2026-07-05T09:16:55Z,2026-07-05T09:16:55Z,2026-07-05T09:16:25Z,2.2,https://gbfs.kappa.fifteen.eu/gbfs/2.2/mobi/en/gbfs.json,https://gbfs.kappa.fifteen.eu/gbfs/2.2/mobi/en/free_bike_status.json,2026-07-05T09:16:54Z,2026-07-05T09:16:54Z
mobi_vancouver,mobi_vancouver_cb971177-4272-406b-b741-8e11f2fd46fc,cb971177-4272-406b-b741-8e11f2fd46fc,49.274566,-123.121817,1,FALSE,FALSE,22400,0004,1783242986,2026-07-05T09:16:55Z,2026-07-05T09:16:55Z,2026-07-05T09:16:25Z,2.2,https://gbfs.kappa.fifteen.eu/gbfs/2.2/mobi/en/gbfs.json,https://gbfs.kappa.fifteen.eu/gbfs/2.2/mobi/en/free_bike_status.json,2026-07-05T09:16:54Z,2026-07-05T09:16:54Z
mobi_vancouver,mobi_vancouver_6b27cefe-51f9-4510-bfec-ca975d4560b9,6b27cefe-51f9-4510-bfec-ca975d4560b9,49.274566,-123.121817,1,FALSE,FALSE,22400,0004,1783242986,2026-07-05T09:16:55Z,2026-07-05T09:16:55Z,2026-07-05T09:16:25Z,2.2,https://gbfs.kappa.fifteen.eu/gbfs/2.2/mobi/en/gbfs.json,https://gbfs.kappa.fifteen.eu/gbfs/2.2/mobi/en/free_bike_status.json,2026-07-05T09:16:54Z,2026-07-05T09:16:54Z
mobi_vancouver,mobi_vancouver_d0b501c8-0d9d-4820-a3c2-c5fe6911abf7,d0b501c8-0d9d-4820-a3c2-c5fe6911abf7,49.268503,-123.097501,1,FALSE,FALSE,22400,0197,1783242986,2026-07-05T09:16:55Z,2026-07-05T09:16:55Z,2026-07-05T09:16:25Z,2.2,https://gbfs.kappa.fifteen.eu/gbfs/2.2/mobi/en/gbfs.json,https://gbfs.kappa.fifteen.eu/gbfs/2.2/mobi/en/free_bike_status.json,2026-07-05T09:16:54Z,2026-07-05T09:16:54Z
mobi_vancouver,mobi_vancouver_961a07ae-5f95-4b7c-9ef6-821202f1abe3,961a07ae-5f95-4b7c-9ef6-821202f1abe3,49.290112,-123.127062,1,FALSE,FALSE,22400,0035,1783242986,2026-07-05T09:16:55Z,2026-07-05T09:16:55Z,2026-07-05T09:16:25Z,2.2,https://gbfs.kappa.fifteen.eu/gbfs/2.2/mobi/en/gbfs.json,https://gbfs.kappa.fifteen.eu/gbfs/2.2/mobi/en/free_bike_status.json,2026-07-05T09:16:54Z,2026-07-05T09:16:54Z
mobi_vancouver,mobi_vancouver_22b59ca6-8e85-4a71-88da-75cdcadf8f85,22b59ca6-8e85-4a71-88da-75cdcadf8f85,49.268216,-123.103168,1,FALSE,FALSE,22400,0119,1783242986,2026-07-05T09:16:55Z,2026-07-05T09:16:55Z,2026-07-05T09:16:25Z,2.2,https://gbfs.kappa.fifteen.eu/gbfs/2.2/mobi/en/gbfs.json,https://gbfs.kappa.fifteen.eu/gbfs/2.2/mobi/en/free_bike_status.json,2026-07-05T09:16:54Z,2026-07-05T09:16:54Z
mobi_vancouver,mobi_vancouver_7722e0cb-5b02-4d6d-a494-e5602fe150c4,7722e0cb-5b02-4d6d-a494-e5602fe150c4,49.262822,-123.14338,1,FALSE,FALSE,22400,0205,1783242986,2026-07-05T09:16:55Z,2026-07-05T09:16:55Z,2026-07-05T09:16:25Z,2.2,https://gbfs.kappa.fifteen.eu/gbfs/2.2/mobi/en/gbfs.json,https://gbfs.kappa.fifteen.eu/gbfs/2.2/mobi/en/free_bike_status.json,2026-07-05T09:16:54Z,2026-07-05T09:16:54Z
mobi_vancouver,mobi_vancouver_7a2544e0-0ecc-4593-81eb-5661d8f8b31b,7a2544e0-0ecc-4593-81eb-5661d8f8b31b,49.266456,-123.100324,1,FALSE,FALSE,22400,0198,1783242986,2026-07-05T09:16:55Z,2026-07-05T09:16:55Z,2026-07-05T09:16:25Z,2.2,https://gbfs.kappa.fifteen.eu/gbfs/2.2/mobi/en/gbfs.json,https://gbfs.kappa.fifteen.eu/gbfs/2.2/mobi/en/free_bike_status.json,2026-07-05T09:16:54Z,2026-07-05T09:16:54Z
mobi_vancouver,mobi_vancouver_bebd9a8b-bad4-4652-a035-033154e314f0,bebd9a8b-bad4-4652-a035-033154e314f0,49.277595,-123.09583,1,FALSE,FALSE,22400,0212,1783242986,2026-07-05T09:16:55Z,2026-07-05T09:16:55Z,2026-07-05T09:16:25Z,2.2,https://gbfs.kappa.fifteen.eu/gbfs/2.2/mobi/en/gbfs.json,https://gbfs.kappa.fifteen.eu/gbfs/2.2/mobi/en/free_bike_status.json,2026-07-05T09:16:54Z,2026-07-05T09:16:54Z
mobi_vancouver,mobi_vancouver_f9ea31eb-5e12-4d9b-bb22-af4862bb59a8,f9ea31eb-5e12-4d9b-bb22-af4862bb59a8,49.277595,-123.09583,1,FALSE,FALSE,22400,0212,1783242986,2026-07-05T09:16:55Z,2026-07-05T09:16:55Z,2026-07-05T09:16:25Z,2.2,https://gbfs.kappa.fifteen.eu/gbfs/2.2/mobi/en/gbfs.json,https://gbfs.kappa.fifteen.eu/gbfs/2.2/mobi/en/free_bike_status.json,2026-07-05T09:16:54Z,2026-07-05T09:16:54Z
mobi_vancouver,mobi_vancouver_a82bc81b-74e3-49b7-a045-b4050e70fd89,a82bc81b-74e3-49b7-a045-b4050e70fd89,49.277595,-123.09583,1,FALSE,FALSE,22400,0212,1783242986,2026-07-05T09:16:55Z,2026-07-05T09:16:55Z,2026-07-05T09:16:25Z,2.2,https://gbfs.kappa.fifteen.eu/gbfs/2.2/mobi/en/gbfs.json,https://gbfs.kappa.fifteen.eu/gbfs/2.2/mobi/en/free_bike_status.json,2026-07-05T09:16:54Z,2026-07-05T09:16:54Z
mobi_vancouver,mobi_vancouver_96966382-b616-438d-b585-9517256fb9f6,96966382-b616-438d-b585-9517256fb9f6,49.276897,-123.101746,1,FALSE,FALSE,22400,0801,1783242986,2026-07-05T09:16:55Z,2026-07-05T09:16:55Z,2026-07-05T09:16:25Z,2.2,https://gbfs.kappa.fifteen.eu/gbfs/2.2/mobi/en/gbfs.json,https://gbfs.kappa.fifteen.eu/gbfs/2.2/mobi/en/free_bike_status.json,2026-07-05T09:16:54Z,2026-07-05T09:16:54Z
mobi_vancouver,mobi_vancouver_2e08a096-962b-47b3-9ae3-d27ce7478f17,2e08a096-962b-47b3-9ae3-d27ce7478f17,49.262242,-123.081459,1,FALSE,FALSE,22400,0246,1783242986,2026-07-05T09:16:55Z,2026-07-05T09:16:55Z,2026-07-05T09:16:25Z,2.2,https://gbfs.kappa.fifteen.eu/gbfs/2.2/mobi/en/gbfs.json,https://gbfs.kappa.fifteen.eu/gbfs/2.2/mobi/en/free_bike_status.json,2026-07-05T09:16:54Z,2026-07-05T09:16:54Z
mobi_vancouver,mobi_vancouver_f1fd13b0-997f-427e-95f0-d00da3930c04,f1fd13b0-997f-427e-95f0-d00da3930c04,49.261353,-123.085333,1,FALSE,FALSE,22400,0265,1783242986,2026-07-05T09:16:55Z,2026-07-05T09:16:55Z,2026-07-05T09:16:25Z,2.2,https://gbfs.kappa.fifteen.eu/gbfs/2.2/mobi/en/gbfs.json,https://gbfs.kappa.fifteen.eu/gbfs/2.2/mobi/en/free_bike_status.json,2026-07-05T09:16:54Z,2026-07-05T09:16:54Z
mobi_vancouver,mobi_vancouver_7dbd99d1-8848-4403-be54-bfd4d7c4d99c,7dbd99d1-8848-4403-be54-bfd4d7c4d99c,49.261403,-123.070102,1,FALSE,FALSE,22400,0244,1783242986,2026-07-05T09:16:55Z,2026-07-05T09:16:55Z,2026-07-05T09:16:25Z,2.2,https://gbfs.kappa.fifteen.eu/gbfs/2.2/mobi/en/gbfs.json,https://gbfs.kappa.fifteen.eu/gbfs/2.2/mobi/en/free_bike_status.json,2026-07-05T09:16:54Z,2026-07-05T09:16:54Z
mobi_vancouver,mobi_vancouver_7f8f26fc-67c4-4f71-8d9a-5982064f2fac,7f8f26fc-67c4-4f71-8d9a-5982064f2fac,49.261403,-123.070102,1,FALSE,FALSE,22400,0244,1783242986,2026-07-05T09:16:55Z,2026-07-05T09:16:55Z,2026-07-05T09:16:25Z,2.2,https://gbfs.kappa.fifteen.eu/gbfs/2.2/mobi/en/gbfs.json,https://gbfs.kappa.fifteen.eu/gbfs/2.2/mobi/en/free_bike_status.json,2026-07-05T09:16:54Z,2026-07-05T09:16:54Z
mobi_vancouver,mobi_vancouver_7b076ce6-2e7b-46d9-9cf4-1a1fe43f488d,7b076ce6-2e7b-46d9-9cf4-1a1fe43f488d,49.261403,-123.070102,1,FALSE,FALSE,22400,0244,1783242986,2026-07-05T09:16:55Z,2026-07-05T09:16:55Z,2026-07-05T09:16:25Z,2.2,https://gbfs.kappa.fifteen.eu/gbfs/2.2/mobi/en/gbfs.json,https://gbfs.kappa.fifteen.eu/gbfs/2.2/mobi/en/free_bike_status.json,2026-07-05T09:16:54Z,2026-07-05T09:16:54Z
mobi_vancouver,mobi_vancouver_b15201ff-e41c-4a05-b6d6-702bf3e90a9b,b15201ff-e41c-4a05-b6d6-702bf3e90a9b,49.261263,-123.073707,1,FALSE,FALSE,22400,0245,1783242986,2026-07-05T09:16:55Z,2026-07-05T09:16:55Z,2026-07-05T09:16:25Z,2.2,https://gbfs.kappa.fifteen.eu/gbfs/2.2/mobi/en/gbfs.json,https://gbfs.kappa.fifteen.eu/gbfs/2.2/mobi/en/free_bike_status.json,2026-07-05T09:16:54Z,2026-07-05T09:16:54Z
mobi_vancouver,mobi_vancouver_aa395c84-7808-4f5f-afd5-131a079da6fc,aa395c84-7808-4f5f-afd5-131a079da6fc,49.273103,-123.069892,1,FALSE,FALSE,22400,0235,1783242986,2026-07-05T09:16:55Z,2026-07-05T09:16:55Z,2026-07-05T09:16:25Z,2.2,https://gbfs.kappa.fifteen.eu/gbfs/2.2/mobi/en/gbfs.json,https://gbfs.kappa.fifteen.eu/gbfs/2.2/mobi/en/free_bike_status.json,2026-07-05T09:16:54Z,2026-07-05T09:16:54Z
mobi_vancouver,mobi_vancouver_2065fe21-5bf1-4108-8bc9-08b150e71a61,2065fe21-5bf1-4108-8bc9-08b150e71a61,49.28117,-123.104419,1,FALSE,FALSE,22400,0098,1783242986,2026-07-05T09:16:55Z,2026-07-05T09:16:55Z,2026-07-05T09:16:25Z,2.2,https://gbfs.kappa.fifteen.eu/gbfs/2.2/mobi/en/gbfs.json,https://gbfs.kappa.fifteen.eu/gbfs/2.2/mobi/en/free_bike_status.json,2026-07-05T09:16:54Z,2026-07-05T09:16:54Z
mobi_vancouver,mobi_vancouver_2bfe20e6-7e14-436c-b4fc-123e8f98d99a,2bfe20e6-7e14-436c-b4fc-123e8f98d99a,49.283992,-123.091206,1,FALSE,FALSE,22400,0230,1783242986,2026-07-05T09:16:55Z,2026-07-05T09:16:55Z,2026-07-05T09:16:25Z,2.2,https://gbfs.kappa.fifteen.eu/gbfs/2.2/mobi/en/gbfs.json,https://gbfs.kappa.fifteen.eu/gbfs/2.2/mobi/en/free_bike_status.json,2026-07-05T09:16:54Z,2026-07-05T09:16:54Z
mobi_vancouver,mobi_vancouver_84636c21-7dea-41e8-aa35-60ec1a3a221e,84636c21-7dea-41e8-aa35-60ec1a3a221e,49.263382,-123.088837,1,FALSE,FALSE,22400,0261,1783242986,2026-07-05T09:16:55Z,2026-07-05T09:16:55Z,2026-07-05T09:16:25Z,2.2,https://gbfs.kappa.fifteen.eu/gbfs/2.2/mobi/en/gbfs.json,https://gbfs.kappa.fifteen.eu/gbfs/2.2/mobi/en/free_bike_status.json,2026-07-05T09:16:54Z,2026-07-05T09:16:54Z
mobi_vancouver,mobi_vancouver_f0a26182-2462-499c-a798-e15c0ac65022,f0a26182-2462-499c-a798-e15c0ac65022,49.28567,-123.112543,1,FALSE,FALSE,22400,0021,1783242986,2026-07-05T09:16:55Z,2026-07-05T09:16:55Z,2026-07-05T09:16:25Z,2.2,https://gbfs.kappa.fifteen.eu/gbfs/2.2/mobi/en/gbfs.json,https://gbfs.kappa.fifteen.eu/gbfs/2.2/mobi/en/free_bike_status.json,2026-07-05T09:16:54Z,2026-07-05T09:16:54Z
mobi_vancouver,mobi_vancouver_f59afca5-9817-427f-8e30-1e9b501c7058,f59afca5-9817-427f-8e30-1e9b501c7058,49.28567,-123.112543,1,FALSE,FALSE,22400,0021,1783242986,2026-07-05T09:16:55Z,2026-07-05T09:16:55Z,2026-07-05T09:16:25Z,2.2,https://gbfs.kappa.fifteen.eu/gbfs/2.2/mobi/en/gbfs.json,https://gbfs.kappa.fifteen.eu/gbfs/2.2/mobi/en/free_bike_status.json,2026-07-05T09:16:54Z,2026-07-05T09:16:54Z
mobi_vancouver,mobi_vancouver_2df0bdbe-531c-4843-9319-36f78000b656,2df0bdbe-531c-4843-9319-36f78000b656,49.28567,-123.112543,1,FALSE,FALSE,22400,0021,1783242986,2026-07-05T09:16:55Z,2026-07-05T09:16:55Z,2026-07-05T09:16:25Z,2.2,https://gbfs.kappa.fifteen.eu/gbfs/2.2/mobi/en/gbfs.json,https://gbfs.kappa.fifteen.eu/gbfs/2.2/mobi/en/free_bike_status.json,2026-07-05T09:16:54Z,2026-07-05T09:16:54Z
mobi_vancouver,mobi_vancouver_8286fa94-74a9-47b7-b26a-ec6867725161,8286fa94-74a9-47b7-b26a-ec6867725161,49.263518,-123.09568,1,FALSE,FALSE,22400,0262,1783242986,2026-07-05T09:16:55Z,2026-07-05T09:16:55Z,2026-07-05T09:16:25Z,2.2,https://gbfs.kappa.fifteen.eu/gbfs/2.2/mobi/en/gbfs.json,https://gbfs.kappa.fifteen.eu/gbfs/2.2/mobi/en/free_bike_status.json,2026-07-05T09:16:54Z,2026-07-05T09:16:54Z
mobi_vancouver,mobi_vancouver_2d7e4e20-9842-4f03-a807-04e81c705811,2d7e4e20-9842-4f03-a807-04e81c705811,49.2731,-123.0732,1,FALSE,FALSE,22400,0253,1783242986,2026-07-05T09:16:55Z,2026-07-05T09:16:55Z,2026-07-05T09:16:25Z,2.2,https://gbfs.kappa.fifteen.eu/gbfs/2.2/mobi/en/gbfs.json,https://gbfs.kappa.fifteen.eu/gbfs/2.2/mobi/en/free_bike_status.json,2026-07-05T09:16:54Z,2026-07-05T09:16:54Z
mobi_vancouver,mobi_vancouver_c1a4fb4e-9d5c-4cc0-8cfd-e309f92e77c1,c1a4fb4e-9d5c-4cc0-8cfd-e309f92e77c1,49.266751,-123.073501,1,FALSE,FALSE,22400,0250,1783242986,2026-07-05T09:16:55Z,2026-07-05T09:16:55Z,2026-07-05T09:16:25Z,2.2,https://gbfs.kappa.fifteen.eu/gbfs/2.2/mobi/en/gbfs.json,https://gbfs.kappa.fifteen.eu/gbfs/2.2/mobi/en/free_bike_status.json,2026-07-05T09:16:54Z,2026-07-05T09:16:54Z
mobi_vancouver,mobi_vancouver_11314db1-bc5b-4049-9993-838cf3020d4f,11314db1-bc5b-4049-9993-838cf3020d4f,49.264251,-123.073853,1,FALSE,FALSE,22400,0249,1783242986,2026-07-05T09:16:55Z,2026-07-05T09:16:55Z,2026-07-05T09:16:25Z,2.2,https://gbfs.kappa.fifteen.eu/gbfs/2.2/mobi/en/gbfs.json,https://gbfs.kappa.fifteen.eu/gbfs/2.2/mobi/en/free_bike_status.json,2026-07-05T09:16:54Z,2026-07-05T09:16:54Z
mobi_vancouver,mobi_vancouver_dcd0d27e-7718-409b-b9e9-b95e280673f6,dcd0d27e-7718-409b-b9e9-b95e280673f6,49.270684,-123.073562,1,FALSE,FALSE,22400,0252,1783242986,2026-07-05T09:16:55Z,2026-07-05T09:16:55Z,2026-07-05T09:16:25Z,2.2,https://gbfs.kappa.fifteen.eu/gbfs/2.2/mobi/en/gbfs.json,https://gbfs.kappa.fifteen.eu/gbfs/2.2/mobi/en/free_bike_status.json,2026-07-05T09:16:54Z,2026-07-05T09:16:54Z
mobi_vancouver,mobi_vancouver_71ce8a7d-917c-486d-bbce-d72ff195d37f,71ce8a7d-917c-486d-bbce-d72ff195d37f,49.256694,-123.096579,1,FALSE,FALSE,22400,0256,1783242986,2026-07-05T09:16:55Z,2026-07-05T09:16:55Z,2026-07-05T09:16:25Z,2.2,https://gbfs.kappa.fifteen.eu/gbfs/2.2/mobi/en/gbfs.json,https://gbfs.kappa.fifteen.eu/gbfs/2.2/mobi/en/free_bike_status.json,2026-07-05T09:16:54Z,2026-07-05T09:16:54Z
mobi_vancouver,mobi_vancouver_1fd1dc17-c793-4046-9e2b-0635f1dd5e7d,1fd1dc17-c793-4046-9e2b-0635f1dd5e7d,49.256857,-123.065646,1,FALSE,FALSE,22400,0278,1783242986,2026-07-05T09:16:55Z,2026-07-05T09:16:55Z,2026-07-05T09:16:25Z,2.2,https://gbfs.kappa.fifteen.eu/gbfs/2.2/mobi/en/gbfs.json,https://gbfs.kappa.fifteen.eu/gbfs/2.2/mobi/en/free_bike_status.json,2026-07-05T09:16:54Z,2026-07-05T09:16:54Z
mobi_vancouver,mobi_vancouver_12231140-3423-4457-9fa0-7b4a32b01d8b,12231140-3423-4457-9fa0-7b4a32b01d8b,49.289124,-123.12196,1,FALSE,FALSE,22400,0034,1783242986,2026-07-05T09:16:55Z,2026-07-05T09:16:55Z,2026-07-05T09:16:25Z,2.2,https://gbfs.kappa.fifteen.eu/gbfs/2.2/mobi/en/gbfs.json,https://gbfs.kappa.fifteen.eu/gbfs/2.2/mobi/en/free_bike_status.json,2026-07-05T09:16:54Z,2026-07-05T09:16:54Z
mobi_vancouver,mobi_vancouver_fc794a0e-c7f4-4f11-b372-3b3f41d8ea92,fc794a0e-c7f4-4f11-b372-3b3f41d8ea92,49.289124,-123.12196,1,FALSE,FALSE,22400,0034,1783242986,2026-07-05T09:16:55Z,2026-07-05T09:16:55Z,2026-07-05T09:16:25Z,2.2,https://gbfs.kappa.fifteen.eu/gbfs/2.2/mobi/en/gbfs.json,https://gbfs.kappa.fifteen.eu/gbfs/2.2/mobi/en/free_bike_status.json,2026-07-05T09:16:54Z,2026-07-05T09:16:54Z
mobi_vancouver,mobi_vancouver_4b180496-6580-4ec0-8483-14fdfeaef13b,4b180496-6580-4ec0-8483-14fdfeaef13b,49.302577,-123.155616,1,FALSE,FALSE,22400,0103,1783242986,2026-07-05T09:16:55Z,2026-07-05T09:16:55Z,2026-07-05T09:16:25Z,2.2,https://gbfs.kappa.fifteen.eu/gbfs/2.2/mobi/en/gbfs.json,https://gbfs.kappa.fifteen.eu/gbfs/2.2/mobi/en/free_bike_status.json,2026-07-05T09:16:54Z,2026-07-05T09:16:54Z
mobi_vancouver,mobi_vancouver_e9a77e4a-211a-4337-8cfc-1ccf2b50d784,e9a77e4a-211a-4337-8cfc-1ccf2b50d784,49.27551,-123.13307,1,FALSE,FALSE,22400,0045,1783242986,2026-07-05T09:16:55Z,2026-07-05T09:16:55Z,2026-07-05T09:16:25Z,2.2,https://gbfs.kappa.fifteen.eu/gbfs/2.2/mobi/en/gbfs.json,https://gbfs.kappa.fifteen.eu/gbfs/2.2/mobi/en/free_bike_status.json,2026-07-05T09:16:54Z,2026-07-05T09:16:54Z
mobi_vancouver,mobi_vancouver_d7916b17-02d1-42a9-bbbd-39439b9901e5,d7916b17-02d1-42a9-bbbd-39439b9901e5,49.277615,-123.091654,1,FALSE,FALSE,22400,0215,1783242986,2026-07-05T09:16:55Z,2026-07-05T09:16:55Z,2026-07-05T09:16:25Z,2.2,https://gbfs.kappa.fifteen.eu/gbfs/2.2/mobi/en/gbfs.json,https://gbfs.kappa.fifteen.eu/gbfs/2.2/mobi/en/free_bike_status.json,2026-07-05T09:16:54Z,2026-07-05T09:16:54Z
mobi_vancouver,mobi_vancouver_81e57742-1413-469d-abfb-a498886bae24,81e57742-1413-469d-abfb-a498886bae24,49.284893,-123.128685,1,FALSE,FALSE,22400,0300,1783242986,2026-07-05T09:16:55Z,2026-07-05T09:16:55Z,2026-07-05T09:16:25Z,2.2,https://gbfs.kappa.fifteen.eu/gbfs/2.2/mobi/en/gbfs.json,https://gbfs.kappa.fifteen.eu/gbfs/2.2/mobi/en/free_bike_status.json,2026-07-05T09:16:54Z,2026-07-05T09:16:54Z
mobi_vancouver,mobi_vancouver_3ed2dee8-f265-481a-9dcb-a2d15592f812,3ed2dee8-f265-481a-9dcb-a2d15592f812,49.284893,-123.128685,1,FALSE,FALSE,22400,0300,1783242986,2026-07-05T09:16:55Z,2026-07-05T09:16:55Z,2026-07-05T09:16:25Z,2.2,https://gbfs.kappa.fifteen.eu/gbfs/2.2/mobi/en/gbfs.json,https://gbfs.kappa.fifteen.eu/gbfs/2.2/mobi/en/free_bike_status.json,2026-07-05T09:16:54Z,2026-07-05T09:16:54Z
mobi_vancouver,mobi_vancouver_755ece21-5bd7-4fb0-9866-21fd8b139253,755ece21-5bd7-4fb0-9866-21fd8b139253,49.271221,-123.191133,1,FALSE,FALSE,22400,0400,1783242986,2026-07-05T09:16:55Z,2026-07-05T09:16:55Z,2026-07-05T09:16:25Z,2.2,https://gbfs.kappa.fifteen.eu/gbfs/2.2/mobi/en/gbfs.json,https://gbfs.kappa.fifteen.eu/gbfs/2.2/mobi/en/free_bike_status.json,2026-07-05T09:16:54Z,2026-07-05T09:16:54Z
mobi_vancouver,mobi_vancouver_5e808e12-f960-47d2-9867-52e97da22a74,5e808e12-f960-47d2-9867-52e97da22a74,49.264928,-123.168068,1,FALSE,FALSE,22400,0452,1783242986,2026-07-05T09:16:55Z,2026-07-05T09:16:55Z,2026-07-05T09:16:25Z,2.2,https://gbfs.kappa.fifteen.eu/gbfs/2.2/mobi/en/gbfs.json,https://gbfs.kappa.fifteen.eu/gbfs/2.2/mobi/en/free_bike_status.json,2026-07-05T09:16:54Z,2026-07-05T09:16:54Z
mobi_vancouver,mobi_vancouver_adcf6d75-c8c2-4ac7-ae38-37acb097ce64,adcf6d75-c8c2-4ac7-ae38-37acb097ce64,49.254818,-123.114785,1,FALSE,FALSE,22400,0531,1783242986,2026-07-05T09:16:55Z,2026-07-05T09:16:55Z,2026-07-05T09:16:25Z,2.2,https://gbfs.kappa.fifteen.eu/gbfs/2.2/mobi/en/gbfs.json,https://gbfs.kappa.fifteen.eu/gbfs/2.2/mobi/en/free_bike_status.json,2026-07-05T09:16:54Z,2026-07-05T09:16:54Z
mobi_vancouver,mobi_vancouver_20e5a356-b245-44ac-bb7c-12d3fbd44c37,20e5a356-b245-44ac-bb7c-12d3fbd44c37,49.272172,-123.097978,1,FALSE,FALSE,22400,0354,1783242986,2026-07-05T09:16:55Z,2026-07-05T09:16:55Z,2026-07-05T09:16:25Z,2.2,https://gbfs.kappa.fifteen.eu/gbfs/2.2/mobi/en/gbfs.json,https://gbfs.kappa.fifteen.eu/gbfs/2.2/mobi/en/free_bike_status.json,2026-07-05T09:16:54Z,2026-07-05T09:16:54Z
mobi_vancouver,mobi_vancouver_149b6bf2-1117-4bb6-af96-43c4b44698e0,149b6bf2-1117-4bb6-af96-43c4b44698e0,49.266924,-123.173849,1,FALSE,FALSE,22400,0443,1783242986,2026-07-05T09:16:55Z,2026-07-05T09:16:55Z,2026-07-05T09:16:25Z,2.2,https://gbfs.kappa.fifteen.eu/gbfs/2.2/mobi/en/gbfs.json,https://gbfs.kappa.fifteen.eu/gbfs/2.2/mobi/en/free_bike_status.json,2026-07-05T09:16:54Z,2026-07-05T09:16:54Z
mobi_vancouver,mobi_vancouver_a6a1886b-e1a8-400d-83fe-bc0422d47b55,a6a1886b-e1a8-400d-83fe-bc0422d47b55,49.268837,-123.177633,1,FALSE,FALSE,22400,0431,1783242986,2026-07-05T09:16:55Z,2026-07-05T09:16:55Z,2026-07-05T09:16:25Z,2.2,https://gbfs.kappa.fifteen.eu/gbfs/2.2/mobi/en/gbfs.json,https://gbfs.kappa.fifteen.eu/gbfs/2.2/mobi/en/free_bike_status.json,2026-07-05T09:16:54Z,2026-07-05T09:16:54Z
mobi_vancouver,mobi_vancouver_4f1883c5-3def-4f39-911b-a18be54ce5e7,4f1883c5-3def-4f39-911b-a18be54ce5e7,49.268837,-123.177633,1,FALSE,FALSE,22400,0431,1783242986,2026-07-05T09:16:55Z,2026-07-05T09:16:55Z,2026-07-05T09:16:25Z,2.2,https://gbfs.kappa.fifteen.eu/gbfs/2.2/mobi/en/gbfs.json,https://gbfs.kappa.fifteen.eu/gbfs/2.2/mobi/en/free_bike_status.json,2026-07-05T09:16:54Z,2026-07-05T09:16:54Z
mobi_vancouver,mobi_vancouver_f36be733-1476-4a2d-aa78-084c63329393,f36be733-1476-4a2d-aa78-084c63329393,49.283968,-123.061615,1,FALSE,FALSE,22400,0631,1783242986,2026-07-05T09:16:55Z,2026-07-05T09:16:55Z,2026-07-05T09:16:25Z,2.2,https://gbfs.kappa.fifteen.eu/gbfs/2.2/mobi/en/gbfs.json,https://gbfs.kappa.fifteen.eu/gbfs/2.2/mobi/en/free_bike_status.json,2026-07-05T09:16:54Z,2026-07-05T09:16:54Z
mobi_vancouver,mobi_vancouver_fb6bd5c7-0904-428a-ba77-a1176ac0777c,fb6bd5c7-0904-428a-ba77-a1176ac0777c,49.287464,-123.060771,1,FALSE,FALSE,22400,0611,1783242986,2026-07-05T09:16:55Z,2026-07-05T09:16:55Z,2026-07-05T09:16:25Z,2.2,https://gbfs.kappa.fifteen.eu/gbfs/2.2/mobi/en/gbfs.json,https://gbfs.kappa.fifteen.eu/gbfs/2.2/mobi/en/free_bike_status.json,2026-07-05T09:16:54Z,2026-07-05T09:16:54Z
mobi_vancouver,mobi_vancouver_daa80b5b-ab5c-424b-9e3d-cbe9af7a521c,daa80b5b-ab5c-424b-9e3d-cbe9af7a521c,49.285575,-123.061575,1,FALSE,FALSE,22400,0621,1783242986,2026-07-05T09:16:55Z,2026-07-05T09:16:55Z,2026-07-05T09:16:25Z,2.2,https://gbfs.kappa.fifteen.eu/gbfs/2.2/mobi/en/gbfs.json,https://gbfs.kappa.fifteen.eu/gbfs/2.2/mobi/en/free_bike_status.json,2026-07-05T09:16:54Z,2026-07-05T09:16:54Z
mobi_vancouver,mobi_vancouver_4ff39221-0f1d-4e68-9148-b32fc5f0be8b,4ff39221-0f1d-4e68-9148-b32fc5f0be8b,49.245535,-123.120496,1,FALSE,FALSE,22400,0516,1783242986,2026-07-05T09:16:55Z,2026-07-05T09:16:55Z,2026-07-05T09:16:25Z,2.2,https://gbfs.kappa.fifteen.eu/gbfs/2.2/mobi/en/gbfs.json,https://gbfs.kappa.fifteen.eu/gbfs/2.2/mobi/en/free_bike_status.json,2026-07-05T09:16:54Z,2026-07-05T09:16:54Z
mobi_vancouver,mobi_vancouver_de9da9e1-5537-489a-b536-f5dc43212179,de9da9e1-5537-489a-b536-f5dc43212179,49.25094,-123.101306,1,FALSE,FALSE,22400,0563,1783242986,2026-07-05T09:16:55Z,2026-07-05T09:16:55Z,2026-07-05T09:16:25Z,2.2,https://gbfs.kappa.fifteen.eu/gbfs/2.2/mobi/en/gbfs.json,https://gbfs.kappa.fifteen.eu/gbfs/2.2/mobi/en/free_bike_status.json,2026-07-05T09:16:54Z,2026-07-05T09:16:54Z
mobi_vancouver,mobi_vancouver_fcc955db-ff3b-43ed-9ef6-dc4e07a41e06,fcc955db-ff3b-43ed-9ef6-dc4e07a41e06,49.265442,-123.187738,1,FALSE,FALSE,22400,0403,1783242986,2026-07-05T09:16:55Z,2026-07-05T09:16:55Z,2026-07-05T09:16:25Z,2.2,https://gbfs.kappa.fifteen.eu/gbfs/2.2/mobi/en/gbfs.json,https://gbfs.kappa.fifteen.eu/gbfs/2.2/mobi/en/free_bike_status.json,2026-07-05T09:16:54Z,2026-07-05T09:16:54Z
mobi_vancouver,mobi_vancouver_525a7a00-67f3-4b20-b2de-5c2ddbf7036b,525a7a00-67f3-4b20-b2de-5c2ddbf7036b,49.266579,-123.248549,1,FALSE,FALSE,22400,2143,1783242986,2026-07-05T09:16:55Z,2026-07-05T09:16:55Z,2026-07-05T09:16:25Z,2.2,https://gbfs.kappa.fifteen.eu/gbfs/2.2/mobi/en/gbfs.json,https://gbfs.kappa.fifteen.eu/gbfs/2.2/mobi/en/free_bike_status.json,2026-07-05T09:16:54Z,2026-07-05T09:16:54Z
mobi_vancouver,mobi_vancouver_429bee76-e176-4e81-8f08-0335435d4928,429bee76-e176-4e81-8f08-0335435d4928,49.25976,-123.2479,1,FALSE,FALSE,22400,2127,1783242986,2026-07-05T09:16:55Z,2026-07-05T09:16:55Z,2026-07-05T09:16:25Z,2.2,https://gbfs.kappa.fifteen.eu/gbfs/2.2/mobi/en/gbfs.json,https://gbfs.kappa.fifteen.eu/gbfs/2.2/mobi/en/free_bike_status.json,2026-07-05T09:16:54Z,2026-07-05T09:16:54Z
mobi_vancouver,mobi_vancouver_e8993a22-e4eb-4685-94e6-0d054eaf3495,e8993a22-e4eb-4685-94e6-0d054eaf3495,49.276837,-123.075877,1,FALSE,FALSE,22400,2142,1783242986,2026-07-05T09:16:55Z,2026-07-05T09:16:55Z,2026-07-05T09:16:25Z,2.2,https://gbfs.kappa.fifteen.eu/gbfs/2.2/mobi/en/gbfs.json,https://gbfs.kappa.fifteen.eu/gbfs/2.2/mobi/en/free_bike_status.json,2026-07-05T09:16:54Z,2026-07-05T09:16:54Z
mobi_vancouver,mobi_vancouver_013968d6-c245-4f86-a07c-055623dd4311,013968d6-c245-4f86-a07c-055623dd4311,49.26875,-123.25004,1,FALSE,FALSE,22400,2142,1783242986,2026-07-05T09:16:55Z,2026-07-05T09:16:55Z,2026-07-05T09:16:25Z,2.2,https://gbfs.kappa.fifteen.eu/gbfs/2.2/mobi/en/gbfs.json,https://gbfs.kappa.fifteen.eu/gbfs/2.2/mobi/en/free_bike_status.json,2026-07-05T09:16:54Z,2026-07-05T09:16:54Z
mobi_vancouver,mobi_vancouver_3590dc2e-45fe-407e-986d-4e72fea07c82,3590dc2e-45fe-407e-986d-4e72fea07c82,49.26278,-123.23712,1,FALSE,FALSE,22400,2167,1783242986,2026-07-05T09:16:55Z,2026-07-05T09:16:55Z,2026-07-05T09:16:25Z,2.2,https://gbfs.kappa.fifteen.eu/gbfs/2.2/mobi/en/gbfs.json,https://gbfs.kappa.fifteen.eu/gbfs/2.2/mobi/en/free_bike_status.json,2026-07-05T09:16:54Z,2026-07-05T09:16:54Z
mobi_vancouver,mobi_vancouver_18dcfeaa-7c36-4c22-8d50-4caeebfdcb21,18dcfeaa-7c36-4c22-8d50-4caeebfdcb21,49.26518,-123.25868,1,FALSE,FALSE,22400,2112,1783242986,2026-07-05T09:16:55Z,2026-07-05T09:16:55Z,2026-07-05T09:16:25Z,2.2,https://gbfs.kappa.fifteen.eu/gbfs/2.2/mobi/en/gbfs.json,https://gbfs.kappa.fifteen.eu/gbfs/2.2/mobi/en/free_bike_status.json,2026-07-05T09:16:54Z,2026-07-05T09:16:54Z
mobi_vancouver,mobi_vancouver_777706bc-f400-4e6f-aef5-a87c61e6bd4d,777706bc-f400-4e6f-aef5-a87c61e6bd4d,49.2749,-123.12898,1,FALSE,FALSE,22400,0319,1783242986,2026-07-05T09:16:55Z,2026-07-05T09:16:55Z,2026-07-05T09:16:25Z,2.2,https://gbfs.kappa.fifteen.eu/gbfs/2.2/mobi/en/gbfs.json,https://gbfs.kappa.fifteen.eu/gbfs/2.2/mobi/en/free_bike_status.json,2026-07-05T09:16:54Z,2026-07-05T09:16:54Z
mobi_vancouver,mobi_vancouver_a241f0a0-b971-4875-bbc9-5a39e8e3885a,a241f0a0-b971-4875-bbc9-5a39e8e3885a,49.2749,-123.12898,1,FALSE,FALSE,22400,0319,1783242986,2026-07-05T09:16:55Z,2026-07-05T09:16:55Z,2026-07-05T09:16:25Z,2.2,https://gbfs.kappa.fifteen.eu/gbfs/2.2/mobi/en/gbfs.json,https://gbfs.kappa.fifteen.eu/gbfs/2.2/mobi/en/free_bike_status.json,2026-07-05T09:16:54Z,2026-07-05T09:16:54Z
mobi_vancouver,mobi_vancouver_77b11c40-627e-4ab2-9dad-ea12c323c4af,77b11c40-627e-4ab2-9dad-ea12c323c4af,49.282055,-123.133045,1,FALSE,FALSE,22800,0187,1783242986,2026-07-05T09:16:55Z,2026-07-05T09:16:55Z,2026-07-05T09:16:25Z,2.2,https://gbfs.kappa.fifteen.eu/gbfs/2.2/mobi/en/gbfs.json,https://gbfs.kappa.fifteen.eu/gbfs/2.2/mobi/en/free_bike_status.json,2026-07-05T09:16:54Z,2026-07-05T09:16:54Z
mobi_vancouver,mobi_vancouver_f92291eb-ce30-4a45-adf0-419203fe0757,f92291eb-ce30-4a45-adf0-419203fe0757,49.270877,-123.115103,1,FALSE,FALSE,22800,0009,1783242986,2026-07-05T09:16:55Z,2026-07-05T09:16:55Z,2026-07-05T09:16:25Z,2.2,https://gbfs.kappa.fifteen.eu/gbfs/2.2/mobi/en/gbfs.json,https://gbfs.kappa.fifteen.eu/gbfs/2.2/mobi/en/free_bike_status.json,2026-07-05T09:16:54Z,2026-07-05T09:16:54Z
mobi_vancouver,mobi_vancouver_d05427b2-5f7a-47ab-bf26-8a458e0f6a08,d05427b2-5f7a-47ab-bf26-8a458e0f6a08,49.28616,-123.12675,1,FALSE,FALSE,22800,0036,1783242986,2026-07-05T09:16:55Z,2026-07-05T09:16:55Z,2026-07-05T09:16:25Z,2.2,https://gbfs.kappa.fifteen.eu/gbfs/2.2/mobi/en/gbfs.json,https://gbfs.kappa.fifteen.eu/gbfs/2.2/mobi/en/free_bike_status.json,2026-07-05T09:16:54Z,2026-07-05T09:16:54Z
mobi_vancouver,mobi_vancouver_50d49c21-ca53-443b-800f-9aad9fd9fe51,50d49c21-ca53-443b-800f-9aad9fd9fe51,49.289255,-123.132677,1,FALSE,FALSE,22800,0041,1783242986,2026-07-05T09:16:55Z,2026-07-05T09:16:55Z,2026-07-05T09:16:25Z,2.2,https://gbfs.kappa.fifteen.eu/gbfs/2.2/mobi/en/gbfs.json,https://gbfs.kappa.fifteen.eu/gbfs/2.2/mobi/en/free_bike_status.json,2026-07-05T09:16:54Z,2026-07-05T09:16:54Z
mobi_vancouver,mobi_vancouver_42b8b438-ca54-4a5f-8310-edcdfca75cbf,42b8b438-ca54-4a5f-8310-edcdfca75cbf,49.28972,-123.144028,1,FALSE,FALSE,22800,0047,1783242986,2026-07-05T09:16:55Z,2026-07-05T09:16:55Z,2026-07-05T09:16:25Z,2.2,https://gbfs.kappa.fifteen.eu/gbfs/2.2/mobi/en/gbfs.json,https://gbfs.kappa.fifteen.eu/gbfs/2.2/mobi/en/free_bike_status.json,2026-07-05T09:16:54Z,2026-07-05T09:16:54Z
mobi_vancouver,mobi_vancouver_e4dbbc23-f1ae-429a-8d54-0cd764ee286d,e4dbbc23-f1ae-429a-8d54-0cd764ee286d,49.28972,-123.144028,1,FALSE,FALSE,22800,0047,1783242986,2026-07-05T09:16:55Z,2026-07-05T09:16:55Z,2026-07-05T09:16:25Z,2.2,https://gbfs.kappa.fifteen.eu/gbfs/2.2/mobi/en/gbfs.json,https://gbfs.kappa.fifteen.eu/gbfs/2.2/mobi/en/free_bike_status.json,2026-07-05T09:16:54Z,2026-07-05T09:16:54Z
mobi_vancouver,mobi_vancouver_07a334d2-7b7a-4aec-8087-a01b8c36a827,07a334d2-7b7a-4aec-8087-a01b8c36a827,49.265089,-123.119425,1,FALSE,FALSE,22800,0081,1783242986,2026-07-05T09:16:55Z,2026-07-05T09:16:55Z,2026-07-05T09:16:25Z,2.2,https://gbfs.kappa.fifteen.eu/gbfs/2.2/mobi/en/gbfs.json,https://gbfs.kappa.fifteen.eu/gbfs/2.2/mobi/en/free_bike_status.json,2026-07-05T09:16:54Z,2026-07-05T09:16:54Z
mobi_vancouver,mobi_vancouver_5f2b0c14-976b-49e7-b37c-f9f4e64ab639,5f2b0c14-976b-49e7-b37c-f9f4e64ab639,49.27808,-123.130557,1,FALSE,FALSE,22800,0089,1783242986,2026-07-05T09:16:55Z,2026-07-05T09:16:55Z,2026-07-05T09:16:25Z,2.2,https://gbfs.kappa.fifteen.eu/gbfs/2.2/mobi/en/gbfs.json,https://gbfs.kappa.fifteen.eu/gbfs/2.2/mobi/en/free_bike_status.json,2026-07-05T09:16:54Z,2026-07-05T09:16:54Z
mobi_vancouver,mobi_vancouver_c6bddc29-4ac4-4ec2-8625-31ca918a38b2,c6bddc29-4ac4-4ec2-8625-31ca918a38b2,49.279259,-123.119145,1,FALSE,FALSE,22800,0058,1783242986,2026-07-05T09:16:55Z,2026-07-05T09:16:55Z,2026-07-05T09:16:25Z,2.2,https://gbfs.kappa.fifteen.eu/gbfs/2.2/mobi/en/gbfs.json,https://gbfs.kappa.fifteen.eu/gbfs/2.2/mobi/en/free_bike_status.json,2026-07-05T09:16:54Z,2026-07-05T09:16:54Z
mobi_vancouver,mobi_vancouver_65504027-2f8e-4c00-9ca9-a3158f91b046,65504027-2f8e-4c00-9ca9-a3158f91b046,49.283343,-123.131099,1,FALSE,FALSE,22800,0050,1783242986,2026-07-05T09:16:55Z,2026-07-05T09:16:55Z,2026-07-05T09:16:25Z,2.2,https://gbfs.kappa.fifteen.eu/gbfs/2.2/mobi/en/gbfs.json,https://gbfs.kappa.fifteen.eu/gbfs/2.2/mobi/en/free_bike_status.json,2026-07-05T09:16:54Z,2026-07-05T09:16:54Z
mobi_vancouver,mobi_vancouver_e0156334-01ec-4dbe-ace2-a348478e2899,e0156334-01ec-4dbe-ace2-a348478e2899,49.283343,-123.131099,1,FALSE,FALSE,22800,0050,1783242986,2026-07-05T09:16:55Z,2026-07-05T09:16:55Z,2026-07-05T09:16:25Z,2.2,https://gbfs.kappa.fifteen.eu/gbfs/2.2/mobi/en/gbfs.json,https://gbfs.kappa.fifteen.eu/gbfs/2.2/mobi/en/free_bike_status.json,2026-07-05T09:16:54Z,2026-07-05T09:16:54Z
mobi_vancouver,mobi_vancouver_eea92703-aa25-43f9-87bf-9bbf1b46009f,eea92703-aa25-43f9-87bf-9bbf1b46009f,49.287528,-123.142139,1,FALSE,FALSE,22800,0028,1783242986,2026-07-05T09:16:55Z,2026-07-05T09:16:55Z,2026-07-05T09:16:25Z,2.2,https://gbfs.kappa.fifteen.eu/gbfs/2.2/mobi/en/gbfs.json,https://gbfs.kappa.fifteen.eu/gbfs/2.2/mobi/en/free_bike_status.json,2026-07-05T09:16:54Z,2026-07-05T09:16:54Z
mobi_vancouver,mobi_vancouver_f76d726f-dac2-43c1-a549-1d22dcb5fe71,f76d726f-dac2-43c1-a549-1d22dcb5fe71,49.258763,-123.115392,1,FALSE,FALSE,22800,0072,1783242986,2026-07-05T09:16:55Z,2026-07-05T09:16:55Z,2026-07-05T09:16:25Z,2.2,https://gbfs.kappa.fifteen.eu/gbfs/2.2/mobi/en/gbfs.json,https://gbfs.kappa.fifteen.eu/gbfs/2.2/mobi/en/free_bike_status.json,2026-07-05T09:16:54Z,2026-07-05T09:16:54Z
mobi_vancouver,mobi_vancouver_f5ae370d-e2bb-43fa-96bc-1000406f0802,f5ae370d-e2bb-43fa-96bc-1000406f0802,49.268269,-123.147885,1,FALSE,FALSE,22800,0076,1783242986,2026-07-05T09:16:55Z,2026-07-05T09:16:55Z,2026-07-05T09:16:25Z,2.2,https://gbfs.kappa.fifteen.eu/gbfs/2.2/mobi/en/gbfs.json,https://gbfs.kappa.fifteen.eu/gbfs/2.2/mobi/en/free_bike_status.json,2026-07-05T09:16:54Z,2026-07-05T09:16:54Z
mobi_vancouver,mobi_vancouver_f8bc44a2-c967-4a65-a776-f79f68437b36,f8bc44a2-c967-4a65-a776-f79f68437b36,49.275683,-123.124388,1,FALSE,FALSE,22800,0082,1783242986,2026-07-05T09:16:55Z,2026-07-05T09:16:55Z,2026-07-05T09:16:25Z,2.2,https://gbfs.kappa.fifteen.eu/gbfs/2.2/mobi/en/gbfs.json,https://gbfs.kappa.fifteen.eu/gbfs/2.2/mobi/en/free_bike_status.json,2026-07-05T09:16:54Z,2026-07-05T09:16:54Z
mobi_vancouver,mobi_vancouver_00380804-419c-41a0-9b66-44d8a8ddfea4,00380804-419c-41a0-9b66-44d8a8ddfea4,49.288506,-123.131238,1,FALSE,FALSE,22800,0096,1783242986,2026-07-05T09:16:55Z,2026-07-05T09:16:55Z,2026-07-05T09:16:25Z,2.2,https://gbfs.kappa.fifteen.eu/gbfs/2.2/mobi/en/gbfs.json,https://gbfs.kappa.fifteen.eu/gbfs/2.2/mobi/en/free_bike_status.json,2026-07-05T09:16:54Z,2026-07-05T09:16:54Z
mobi_vancouver,mobi_vancouver_cfe09f3e-2ee2-4ed2-9c81-9c76a05771da,cfe09f3e-2ee2-4ed2-9c81-9c76a05771da,49.288506,-123.131238,1,FALSE,FALSE,22800,0096,1783242986,2026-07-05T09:16:55Z,2026-07-05T09:16:55Z,2026-07-05T09:16:25Z,2.2,https://gbfs.kappa.fifteen.eu/gbfs/2.2/mobi/en/gbfs.json,https://gbfs.kappa.fifteen.eu/gbfs/2.2/mobi/en/free_bike_status.json,2026-07-05T09:16:54Z,2026-07-05T09:16:54Z
mobi_vancouver,mobi_vancouver_44cd92f2-b293-40fd-bea0-94bdde9f09b3,44cd92f2-b293-40fd-bea0-94bdde9f09b3,49.277844,-123.120942,1,FALSE,FALSE,22800,0079,1783242986,2026-07-05T09:16:55Z,2026-07-05T09:16:55Z,2026-07-05T09:16:25Z,2.2,https://gbfs.kappa.fifteen.eu/gbfs/2.2/mobi/en/gbfs.json,https://gbfs.kappa.fifteen.eu/gbfs/2.2/mobi/en/free_bike_status.json,2026-07-05T09:16:54Z,2026-07-05T09:16:54Z
mobi_vancouver,mobi_vancouver_06e5f6aa-13e5-44c6-9156-dcb94611ec85,06e5f6aa-13e5-44c6-9156-dcb94611ec85,49.277844,-123.120942,1,FALSE,FALSE,22800,0079,1783242986,2026-07-05T09:16:55Z,2026-07-05T09:16:55Z,2026-07-05T09:16:25Z,2.2,https://gbfs.kappa.fifteen.eu/gbfs/2.2/mobi/en/gbfs.json,https://gbfs.kappa.fifteen.eu/gbfs/2.2/mobi/en/free_bike_status.json,2026-07-05T09:16:54Z,2026-07-05T09:16:54Z
mobi_vancouver,mobi_vancouver_10b1d72a-fe33-4848-be6a-ce24fa873199,10b1d72a-fe33-4848-be6a-ce24fa873199,49.28526,-123.141809,1,FALSE,FALSE,22800,0060,1783242986,2026-07-05T09:16:55Z,2026-07-05T09:16:55Z,2026-07-05T09:16:25Z,2.2,https://gbfs.kappa.fifteen.eu/gbfs/2.2/mobi/en/gbfs.json,https://gbfs.kappa.fifteen.eu/gbfs/2.2/mobi/en/free_bike_status.json,2026-07-05T09:16:54Z,2026-07-05T09:16:54Z
mobi_vancouver,mobi_vancouver_4d718e01-45d5-44f7-bc72-352ceb96e8da,4d718e01-45d5-44f7-bc72-352ceb96e8da,49.291909,-123.140713,1,FALSE,FALSE,22800,0092,1783242986,2026-07-05T09:16:55Z,2026-07-05T09:16:55Z,2026-07-05T09:16:25Z,2.2,https://gbfs.kappa.fifteen.eu/gbfs/2.2/mobi/en/gbfs.json,https://gbfs.kappa.fifteen.eu/gbfs/2.2/mobi/en/free_bike_status.json,2026-07-05T09:16:54Z,2026-07-05T09:16:54Z
mobi_vancouver,mobi_vancouver_8604d85e-5f91-4b6f-b765-ac01c8299df2,8604d85e-5f91-4b6f-b765-ac01c8299df2,49.284605,-123.108662,1,FALSE,FALSE,22800,0052,1783242986,2026-07-05T09:16:55Z,2026-07-05T09:16:55Z,2026-07-05T09:16:25Z,2.2,https://gbfs.kappa.fifteen.eu/gbfs/2.2/mobi/en/gbfs.json,https://gbfs.kappa.fifteen.eu/gbfs/2.2/mobi/en/free_bike_status.json,2026-07-05T09:16:54Z,2026-07-05T09:16:54Z
mobi_vancouver,mobi_vancouver_1e02f5df-f2bd-4fdd-b8c8-e03d499cda72,1e02f5df-f2bd-4fdd-b8c8-e03d499cda72,49.284605,-123.108662,1,FALSE,FALSE,22800,0052,1783242986,2026-07-05T09:16:55Z,2026-07-05T09:16:55Z,2026-07-05T09:16:25Z,2.2,https://gbfs.kappa.fifteen.eu/gbfs/2.2/mobi/en/gbfs.json,https://gbfs.kappa.fifteen.eu/gbfs/2.2/mobi/en/free_bike_status.json,2026-07-05T09:16:54Z,2026-07-05T09:16:54Z
mobi_vancouver,mobi_vancouver_5c6e1482-af59-43a2-9e9b-23a5debae108,5c6e1482-af59-43a2-9e9b-23a5debae108,49.273663,-123.127075,1,FALSE,FALSE,22800,0044,1783242986,2026-07-05T09:16:55Z,2026-07-05T09:16:55Z,2026-07-05T09:16:25Z,2.2,https://gbfs.kappa.fifteen.eu/gbfs/2.2/mobi/en/gbfs.json,https://gbfs.kappa.fifteen.eu/gbfs/2.2/mobi/en/free_bike_status.json,2026-07-05T09:16:54Z,2026-07-05T09:16:54Z
mobi_vancouver,mobi_vancouver_d68490d5-c788-4623-ac25-d6fab74b444a,d68490d5-c788-4623-ac25-d6fab74b444a,49.266476,-123.109389,1,FALSE,FALSE,22800,0165,1783242986,2026-07-05T09:16:55Z,2026-07-05T09:16:55Z,2026-07-05T09:16:25Z,2.2,https://gbfs.kappa.fifteen.eu/gbfs/2.2/mobi/en/gbfs.json,https://gbfs.kappa.fifteen.eu/gbfs/2.2/mobi/en/free_bike_status.json,2026-07-05T09:16:54Z,2026-07-05T09:16:54Z
mobi_vancouver,mobi_vancouver_f07060b7-f5c8-41e5-bb0a-f2a82cd73756,f07060b7-f5c8-41e5-bb0a-f2a82cd73756,49.27023,-123.10651,1,FALSE,FALSE,22800,0174,1783242986,2026-07-05T09:16:55Z,2026-07-05T09:16:55Z,2026-07-05T09:16:25Z,2.2,https://gbfs.kappa.fifteen.eu/gbfs/2.2/mobi/en/gbfs.json,https://gbfs.kappa.fifteen.eu/gbfs/2.2/mobi/en/free_bike_status.json,2026-07-05T09:16:54Z,2026-07-05T09:16:54Z
mobi_vancouver,mobi_vancouver_761e3cf6-28ae-43b4-85f4-e58171fb6783,761e3cf6-28ae-43b4-85f4-e58171fb6783,49.27023,-123.10651,1,FALSE,FALSE,22800,0174,1783242986,2026-07-05T09:16:55Z,2026-07-05T09:16:55Z,2026-07-05T09:16:25Z,2.2,https://gbfs.kappa.fifteen.eu/gbfs/2.2/mobi/en/gbfs.json,https://gbfs.kappa.fifteen.eu/gbfs/2.2/mobi/en/free_bike_status.json,2026-07-05T09:16:54Z,2026-07-05T09:16:54Z
mobi_vancouver,mobi_vancouver_d7039e2f-8fc3-41a3-a03c-212fa92fc073,d7039e2f-8fc3-41a3-a03c-212fa92fc073,49.27023,-123.10651,1,FALSE,FALSE,22800,0174,1783242986,2026-07-05T09:16:55Z,2026-07-05T09:16:55Z,2026-07-05T09:16:25Z,2.2,https://gbfs.kappa.fifteen.eu/gbfs/2.2/mobi/en/gbfs.json,https://gbfs.kappa.fifteen.eu/gbfs/2.2/mobi/en/free_bike_status.json,2026-07-05T09:16:54Z,2026-07-05T09:16:54Z
mobi_vancouver,mobi_vancouver_6a9c0e5c-569a-4fff-880b-79f592e86752,6a9c0e5c-569a-4fff-880b-79f592e86752,49.256845,-123.120071,1,FALSE,FALSE,22800,0130,1783242986,2026-07-05T09:16:55Z,2026-07-05T09:16:55Z,2026-07-05T09:16:25Z,2.2,https://gbfs.kappa.fifteen.eu/gbfs/2.2/mobi/en/gbfs.json,https://gbfs.kappa.fifteen.eu/gbfs/2.2/mobi/en/free_bike_status.json,2026-07-05T09:16:54Z,2026-07-05T09:16:54Z
mobi_vancouver,mobi_vancouver_4b73ab63-79cd-42b4-a7be-082df2ab71ac,4b73ab63-79cd-42b4-a7be-082df2ab71ac,49.284157,-123.099917,1,FALSE,FALSE,22800,0150,1783242986,2026-07-05T09:16:55Z,2026-07-05T09:16:55Z,2026-07-05T09:16:25Z,2.2,https://gbfs.kappa.fifteen.eu/gbfs/2.2/mobi/en/gbfs.json,https://gbfs.kappa.fifteen.eu/gbfs/2.2/mobi/en/free_bike_status.json,2026-07-05T09:16:54Z,2026-07-05T09:16:54Z
mobi_vancouver,mobi_vancouver_88fe8371-3159-4a3f-b1bf-e35d8fb899eb,88fe8371-3159-4a3f-b1bf-e35d8fb899eb,49.261742,-123.13148,1,FALSE,FALSE,22800,0166,1783242986,2026-07-05T09:16:55Z,2026-07-05T09:16:55Z,2026-07-05T09:16:25Z,2.2,https://gbfs.kappa.fifteen.eu/gbfs/2.2/mobi/en/gbfs.json,https://gbfs.kappa.fifteen.eu/gbfs/2.2/mobi/en/free_bike_status.json,2026-07-05T09:16:54Z,2026-07-05T09:16:54Z
mobi_vancouver,mobi_vancouver_1c695eeb-a4dc-4320-811c-38511c60266b,1c695eeb-a4dc-4320-811c-38511c60266b,49.265939,-123.1129,1,FALSE,FALSE,22800,0171,1783242986,2026-07-05T09:16:55Z,2026-07-05T09:16:55Z,2026-07-05T09:16:25Z,2.2,https://gbfs.kappa.fifteen.eu/gbfs/2.2/mobi/en/gbfs.json,https://gbfs.kappa.fifteen.eu/gbfs/2.2/mobi/en/free_bike_status.json,2026-07-05T09:16:54Z,2026-07-05T09:16:54Z
mobi_vancouver,mobi_vancouver_17470814-5db0-49f7-b44c-3ba42b302e61,17470814-5db0-49f7-b44c-3ba42b302e61,49.276292,-123.150592,1,FALSE,FALSE,22800,0155,1783242986,2026-07-05T09:16:55Z,2026-07-05T09:16:55Z,2026-07-05T09:16:25Z,2.2,https://gbfs.kappa.fifteen.eu/gbfs/2.2/mobi/en/gbfs.json,https://gbfs.kappa.fifteen.eu/gbfs/2.2/mobi/en/free_bike_status.json,2026-07-05T09:16:54Z,2026-07-05T09:16:54Z
mobi_vancouver,mobi_vancouver_74769581-c33e-4c8e-a05a-00846b2b23af,74769581-c33e-4c8e-a05a-00846b2b23af,49.273355,-123.154493,1,FALSE,FALSE,22800,0154,1783242986,2026-07-05T09:16:55Z,2026-07-05T09:16:55Z,2026-07-05T09:16:25Z,2.2,https://gbfs.kappa.fifteen.eu/gbfs/2.2/mobi/en/gbfs.json,https://gbfs.kappa.fifteen.eu/gbfs/2.2/mobi/en/free_bike_status.json,2026-07-05T09:16:54Z,2026-07-05T09:16:54Z
mobi_vancouver,mobi_vancouver_6dde3bbf-46d0-481c-9dd3-343f4aa18075,6dde3bbf-46d0-481c-9dd3-343f4aa18075,49.277178,-123.13,1,FALSE,FALSE,22800,0196,1783242986,2026-07-05T09:16:55Z,2026-07-05T09:16:55Z,2026-07-05T09:16:25Z,2.2,https://gbfs.kappa.fifteen.eu/gbfs/2.2/mobi/en/gbfs.json,https://gbfs.kappa.fifteen.eu/gbfs/2.2/mobi/en/free_bike_status.json,2026-07-05T09:16:54Z,2026-07-05T09:16:54Z
mobi_vancouver,mobi_vancouver_4e8708ba-7ef1-4f41-8aea-10eb8aebaaa1,4e8708ba-7ef1-4f41-8aea-10eb8aebaaa1,49.294318,-123.148808,1,FALSE,FALSE,22800,0104,1783242986,2026-07-05T09:16:55Z,2026-07-05T09:16:55Z,2026-07-05T09:16:25Z,2.2,https://gbfs.kappa.fifteen.eu/gbfs/2.2/mobi/en/gbfs.json,https://gbfs.kappa.fifteen.eu/gbfs/2.2/mobi/en/free_bike_status.json,2026-07-05T09:16:54Z,2026-07-05T09:16:54Z
mobi_vancouver,mobi_vancouver_37ea7cec-adeb-4cb7-be59-7c3a9e380999,37ea7cec-adeb-4cb7-be59-7c3a9e380999,49.266456,-123.100324,1,FALSE,FALSE,22800,0198,1783242986,2026-07-05T09:16:55Z,2026-07-05T09:16:55Z,2026-07-05T09:16:25Z,2.2,https://gbfs.kappa.fifteen.eu/gbfs/2.2/mobi/en/gbfs.json,https://gbfs.kappa.fifteen.eu/gbfs/2.2/mobi/en/free_bike_status.json,2026-07-05T09:16:54Z,2026-07-05T09:16:54Z
mobi_vancouver,mobi_vancouver_34b83a5a-2dca-4264-816f-009eb12b5366,34b83a5a-2dca-4264-816f-009eb12b5366,49.265336,-123.145823,1,FALSE,FALSE,22800,0140,1783242986,2026-07-05T09:16:55Z,2026-07-05T09:16:55Z,2026-07-05T09:16:25Z,2.2,https://gbfs.kappa.fifteen.eu/gbfs/2.2/mobi/en/gbfs.json,https://gbfs.kappa.fifteen.eu/gbfs/2.2/mobi/en/free_bike_status.json,2026-07-05T09:16:54Z,2026-07-05T09:16:54Z
mobi_vancouver,mobi_vancouver_b927c592-6624-40c7-91cc-c32704a3e18d,b927c592-6624-40c7-91cc-c32704a3e18d,49.277595,-123.09583,1,FALSE,FALSE,22800,0212,1783242986,2026-07-05T09:16:55Z,2026-07-05T09:16:55Z,2026-07-05T09:16:25Z,2.2,https://gbfs.kappa.fifteen.eu/gbfs/2.2/mobi/en/gbfs.json,https://gbfs.kappa.fifteen.eu/gbfs/2.2/mobi/en/free_bike_status.json,2026-07-05T09:16:54Z,2026-07-05T09:16:54Z
mobi_vancouver,mobi_vancouver_5c8a4bc7-1fec-4caf-affb-25817dde8ac8,5c8a4bc7-1fec-4caf-affb-25817dde8ac8,49.277595,-123.09583,1,FALSE,FALSE,22800,0212,1783242986,2026-07-05T09:16:55Z,2026-07-05T09:16:55Z,2026-07-05T09:16:25Z,2.2,https://gbfs.kappa.fifteen.eu/gbfs/2.2/mobi/en/gbfs.json,https://gbfs.kappa.fifteen.eu/gbfs/2.2/mobi/en/free_bike_status.json,2026-07-05T09:16:54Z,2026-07-05T09:16:54Z
mobi_vancouver,mobi_vancouver_77a480bd-0c30-4152-b0e8-cba432a291df,77a480bd-0c30-4152-b0e8-cba432a291df,49.278529,-123.100017,1,FALSE,FALSE,22800,0199,1783242986,2026-07-05T09:16:55Z,2026-07-05T09:16:55Z,2026-07-05T09:16:25Z,2.2,https://gbfs.kappa.fifteen.eu/gbfs/2.2/mobi/en/gbfs.json,https://gbfs.kappa.fifteen.eu/gbfs/2.2/mobi/en/free_bike_status.json,2026-07-05T09:16:54Z,2026-07-05T09:16:54Z
mobi_vancouver,mobi_vancouver_c108f810-cb97-4cc7-ae26-dff7e07366b2,c108f810-cb97-4cc7-ae26-dff7e07366b2,49.283227,-123.120523,1,FALSE,FALSE,22800,0099,1783242986,2026-07-05T09:16:55Z,2026-07-05T09:16:55Z,2026-07-05T09:16:25Z,2.2,https://gbfs.kappa.fifteen.eu/gbfs/2.2/mobi/en/gbfs.json,https://gbfs.kappa.fifteen.eu/gbfs/2.2/mobi/en/free_bike_status.json,2026-07-05T09:16:54Z,2026-07-05T09:16:54Z
mobi_vancouver,mobi_vancouver_50244c78-a538-4b64-9a75-46352b6398c2,50244c78-a538-4b64-9a75-46352b6398c2,49.267859,-123.145782,1,FALSE,FALSE,22800,0139,1783242986,2026-07-05T09:16:55Z,2026-07-05T09:16:55Z,2026-07-05T09:16:25Z,2.2,https://gbfs.kappa.fifteen.eu/gbfs/2.2/mobi/en/gbfs.json,https://gbfs.kappa.fifteen.eu/gbfs/2.2/mobi/en/free_bike_status.json,2026-07-05T09:16:54Z,2026-07-05T09:16:54Z
mobi_vancouver,mobi_vancouver_6465abd7-0736-45aa-b98d-0e3231589a9f,6465abd7-0736-45aa-b98d-0e3231589a9f,49.267859,-123.145782,1,FALSE,FALSE,22800,0139,1783242986,2026-07-05T09:16:55Z,2026-07-05T09:16:55Z,2026-07-05T09:16:25Z,2.2,https://gbfs.kappa.fifteen.eu/gbfs/2.2/mobi/en/gbfs.json,https://gbfs.kappa.fifteen.eu/gbfs/2.2/mobi/en/free_bike_status.json,2026-07-05T09:16:54Z,2026-07-05T09:16:54Z
mobi_vancouver,mobi_vancouver_a49b736c-fed8-4978-ac17-2482deebcb6a,a49b736c-fed8-4978-ac17-2482deebcb6a,49.267859,-123.145782,1,FALSE,FALSE,22800,0139,1783242986,2026-07-05T09:16:55Z,2026-07-05T09:16:55Z,2026-07-05T09:16:25Z,2.2,https://gbfs.kappa.fifteen.eu/gbfs/2.2/mobi/en/gbfs.json,https://gbfs.kappa.fifteen.eu/gbfs/2.2/mobi/en/free_bike_status.json,2026-07-05T09:16:54Z,2026-07-05T09:16:54Z
mobi_vancouver,mobi_vancouver_4dd696ac-ce2b-4344-8920-736b9d7f2d5e,4dd696ac-ce2b-4344-8920-736b9d7f2d5e,49.262242,-123.081459,1,FALSE,FALSE,22800,0246,1783242986,2026-07-05T09:16:55Z,2026-07-05T09:16:55Z,2026-07-05T09:16:25Z,2.2,https://gbfs.kappa.fifteen.eu/gbfs/2.2/mobi/en/gbfs.json,https://gbfs.kappa.fifteen.eu/gbfs/2.2/mobi/en/free_bike_status.json,2026-07-05T09:16:54Z,2026-07-05T09:16:54Z
mobi_vancouver,mobi_vancouver_c18f4b34-92ca-4b54-ace0-555d699b8e5a,c18f4b34-92ca-4b54-ace0-555d699b8e5a,49.261353,-123.085333,1,FALSE,FALSE,22800,0265,1783242986,2026-07-05T09:16:55Z,2026-07-05T09:16:55Z,2026-07-05T09:16:25Z,2.2,https://gbfs.kappa.fifteen.eu/gbfs/2.2/mobi/en/gbfs.json,https://gbfs.kappa.fifteen.eu/gbfs/2.2/mobi/en/free_bike_status.json,2026-07-05T09:16:54Z,2026-07-05T09:16:54Z
mobi_vancouver,mobi_vancouver_db4ceac1-bd47-49ec-bc2c-2e81643352ab,db4ceac1-bd47-49ec-bc2c-2e81643352ab,49.262321,-123.09306,1,FALSE,FALSE,22800,0248,1783242986,2026-07-05T09:16:55Z,2026-07-05T09:16:55Z,2026-07-05T09:16:25Z,2.2,https://gbfs.kappa.fifteen.eu/gbfs/2.2/mobi/en/gbfs.json,https://gbfs.kappa.fifteen.eu/gbfs/2.2/mobi/en/free_bike_status.json,2026-07-05T09:16:54Z,2026-07-05T09:16:54Z
mobi_vancouver,mobi_vancouver_74be4707-feca-441f-a381-83feeabdf097,74be4707-feca-441f-a381-83feeabdf097,49.262321,-123.09306,1,FALSE,FALSE,22800,0248,1783242986,2026-07-05T09:16:55Z,2026-07-05T09:16:55Z,2026-07-05T09:16:25Z,2.2,https://gbfs.kappa.fifteen.eu/gbfs/2.2/mobi/en/gbfs.json,https://gbfs.kappa.fifteen.eu/gbfs/2.2/mobi/en/free_bike_status.json,2026-07-05T09:16:54Z,2026-07-05T09:16:54Z
mobi_vancouver,mobi_vancouver_2e2eb358-afba-4b6c-8aae-4e1232b876b1,2e2eb358-afba-4b6c-8aae-4e1232b876b1,49.265005,-123.079481,1,FALSE,FALSE,22800,0236,1783242986,2026-07-05T09:16:55Z,2026-07-05T09:16:55Z,2026-07-05T09:16:25Z,2.2,https://gbfs.kappa.fifteen.eu/gbfs/2.2/mobi/en/gbfs.json,https://gbfs.kappa.fifteen.eu/gbfs/2.2/mobi/en/free_bike_status.json,2026-07-05T09:16:54Z,2026-07-05T09:16:54Z
mobi_vancouver,mobi_vancouver_5319fe5e-2f68-4580-9ade-ee9a1309a5ae,5319fe5e-2f68-4580-9ade-ee9a1309a5ae,49.261403,-123.070102,1,FALSE,FALSE,22800,0244,1783242986,2026-07-05T09:16:55Z,2026-07-05T09:16:55Z,2026-07-05T09:16:25Z,2.2,https://gbfs.kappa.fifteen.eu/gbfs/2.2/mobi/en/gbfs.json,https://gbfs.kappa.fifteen.eu/gbfs/2.2/mobi/en/free_bike_status.json,2026-07-05T09:16:54Z,2026-07-05T09:16:54Z
mobi_vancouver,mobi_vancouver_e0729b20-ff64-438f-891d-2e542a8963be,e0729b20-ff64-438f-891d-2e542a8963be,49.271377,-123.069416,1,FALSE,FALSE,22800,0239,1783242986,2026-07-05T09:16:55Z,2026-07-05T09:16:55Z,2026-07-05T09:16:25Z,2.2,https://gbfs.kappa.fifteen.eu/gbfs/2.2/mobi/en/gbfs.json,https://gbfs.kappa.fifteen.eu/gbfs/2.2/mobi/en/free_bike_status.json,2026-07-05T09:16:54Z,2026-07-05T09:16:54Z
mobi_vancouver,mobi_vancouver_7674fba3-4362-475a-864e-a375b5bd274b,7674fba3-4362-475a-864e-a375b5bd274b,49.277665,-123.073653,1,FALSE,FALSE,22800,0222,1783242986,2026-07-05T09:16:55Z,2026-07-05T09:16:55Z,2026-07-05T09:16:25Z,2.2,https://gbfs.kappa.fifteen.eu/gbfs/2.2/mobi/en/gbfs.json,https://gbfs.kappa.fifteen.eu/gbfs/2.2/mobi/en/free_bike_status.json,2026-07-05T09:16:54Z,2026-07-05T09:16:54Z
mobi_vancouver,mobi_vancouver_9792f64c-b673-4e6d-8eb6-de7d0184922b,9792f64c-b673-4e6d-8eb6-de7d0184922b,49.287782,-123.12395,1,FALSE,FALSE,22800,0190,1783242986,2026-07-05T09:16:55Z,2026-07-05T09:16:55Z,2026-07-05T09:16:25Z,2.2,https://gbfs.kappa.fifteen.eu/gbfs/2.2/mobi/en/gbfs.json,https://gbfs.kappa.fifteen.eu/gbfs/2.2/mobi/en/free_bike_status.json,2026-07-05T09:16:54Z,2026-07-05T09:16:54Z
mobi_vancouver,mobi_vancouver_e2e268b3-b6ad-454b-a098-acba4c345320,e2e268b3-b6ad-454b-a098-acba4c345320,49.28117,-123.104419,1,FALSE,FALSE,22800,0098,1783242986,2026-07-05T09:16:55Z,2026-07-05T09:16:55Z,2026-07-05T09:16:25Z,2.2,https://gbfs.kappa.fifteen.eu/gbfs/2.2/mobi/en/gbfs.json,https://gbfs.kappa.fifteen.eu/gbfs/2.2/mobi/en/free_bike_status.json,2026-07-05T09:16:54Z,2026-07-05T09:16:54Z
mobi_vancouver,mobi_vancouver_e66f19f7-0f9c-470e-a9aa-1880fd4a3afd,e66f19f7-0f9c-470e-a9aa-1880fd4a3afd,49.277469,-123.081315,1,FALSE,FALSE,22800,0221,1783242986,2026-07-05T09:16:55Z,2026-07-05T09:16:55Z,2026-07-05T09:16:25Z,2.2,https://gbfs.kappa.fifteen.eu/gbfs/2.2/mobi/en/gbfs.json,https://gbfs.kappa.fifteen.eu/gbfs/2.2/mobi/en/free_bike_status.json,2026-07-05T09:16:54Z,2026-07-05T09:16:54Z
mobi_vancouver,mobi_vancouver_3cfbb19e-e4aa-42d0-9f9e-f49068bcfd92,3cfbb19e-e4aa-42d0-9f9e-f49068bcfd92,49.28567,-123.112543,1,FALSE,FALSE,22800,0021,1783242986,2026-07-05T09:16:55Z,2026-07-05T09:16:55Z,2026-07-05T09:16:25Z,2.2,https://gbfs.kappa.fifteen.eu/gbfs/2.2/mobi/en/gbfs.json,https://gbfs.kappa.fifteen.eu/gbfs/2.2/mobi/en/free_bike_status.json,2026-07-05T09:16:54Z,2026-07-05T09:16:54Z
mobi_vancouver,mobi_vancouver_fdd4e057-a787-475a-a1c0-53dd2c486fe4,fdd4e057-a787-475a-a1c0-53dd2c486fe4,49.280852,-123.084746,1,FALSE,FALSE,22800,0227,1783242986,2026-07-05T09:16:55Z,2026-07-05T09:16:55Z,2026-07-05T09:16:25Z,2.2,https://gbfs.kappa.fifteen.eu/gbfs/2.2/mobi/en/gbfs.json,https://gbfs.kappa.fifteen.eu/gbfs/2.2/mobi/en/free_bike_status.json,2026-07-05T09:16:54Z,2026-07-05T09:16:54Z
mobi_vancouver,mobi_vancouver_5a1e1759-6c01-431a-863f-f28c8b8da027,5a1e1759-6c01-431a-863f-f28c8b8da027,49.263518,-123.09568,1,FALSE,FALSE,22800,0262,1783242986,2026-07-05T09:16:55Z,2026-07-05T09:16:55Z,2026-07-05T09:16:25Z,2.2,https://gbfs.kappa.fifteen.eu/gbfs/2.2/mobi/en/gbfs.json,https://gbfs.kappa.fifteen.eu/gbfs/2.2/mobi/en/free_bike_status.json,2026-07-05T09:16:54Z,2026-07-05T09:16:54Z
mobi_vancouver,mobi_vancouver_e0d73e6c-3474-4721-bd8a-6afb509ebab9,e0d73e6c-3474-4721-bd8a-6afb509ebab9,49.28763,-123.127245,1,FALSE,FALSE,22800,0207,1783242986,2026-07-05T09:16:55Z,2026-07-05T09:16:55Z,2026-07-05T09:16:25Z,2.2,https://gbfs.kappa.fifteen.eu/gbfs/2.2/mobi/en/gbfs.json,https://gbfs.kappa.fifteen.eu/gbfs/2.2/mobi/en/free_bike_status.json,2026-07-05T09:16:54Z,2026-07-05T09:16:54Z
mobi_vancouver,mobi_vancouver_f5bdffe8-27d5-4820-ae45-928e6710cfff,f5bdffe8-27d5-4820-ae45-928e6710cfff,49.256694,-123.096579,1,FALSE,FALSE,22800,0256,1783242986,2026-07-05T09:16:55Z,2026-07-05T09:16:55Z,2026-07-05T09:16:25Z,2.2,https://gbfs.kappa.fifteen.eu/gbfs/2.2/mobi/en/gbfs.json,https://gbfs.kappa.fifteen.eu/gbfs/2.2/mobi/en/free_bike_status.json,2026-07-05T09:16:54Z,2026-07-05T09:16:54Z
mobi_vancouver,mobi_vancouver_6db6f42f-d534-4b58-8e3b-cd9f10bfc568,6db6f42f-d534-4b58-8e3b-cd9f10bfc568,49.258352,-123.096337,1,FALSE,FALSE,22800,0257,1783242986,2026-07-05T09:16:55Z,2026-07-05T09:16:55Z,2026-07-05T09:16:25Z,2.2,https://gbfs.kappa.fifteen.eu/gbfs/2.2/mobi/en/gbfs.json,https://gbfs.kappa.fifteen.eu/gbfs/2.2/mobi/en/free_bike_status.json,2026-07-05T09:16:54Z,2026-07-05T09:16:54Z
mobi_vancouver,mobi_vancouver_af6ef698-0334-4c47-b54d-28966297a7b1,af6ef698-0334-4c47-b54d-28966297a7b1,49.257939,-123.089531,1,FALSE,FALSE,22800,0282,1783242986,2026-07-05T09:16:55Z,2026-07-05T09:16:55Z,2026-07-05T09:16:25Z,2.2,https://gbfs.kappa.fifteen.eu/gbfs/2.2/mobi/en/gbfs.json,https://gbfs.kappa.fifteen.eu/gbfs/2.2/mobi/en/free_bike_status.json,2026-07-05T09:16:54Z,2026-07-05T09:16:54Z
mobi_vancouver,mobi_vancouver_4943583c-94cc-4f34-b44e-f1e1e2d66449,4943583c-94cc-4f34-b44e-f1e1e2d66449,49.302577,-123.155616,2,FALSE,FALSE,22800,0103,1783242986,2026-07-05T09:16:55Z,2026-07-05T09:16:55Z,2026-07-05T09:16:25Z,2.2,https://gbfs.kappa.fifteen.eu/gbfs/2.2/mobi/en/gbfs.json,https://gbfs.kappa.fifteen.eu/gbfs/2.2/mobi/en/free_bike_status.json,2026-07-05T09:16:54Z,2026-07-05T09:16:54Z
mobi_vancouver,mobi_vancouver_671216d9-04cf-49e7-89ea-895769d9ed5d,671216d9-04cf-49e7-89ea-895769d9ed5d,49.27551,-123.13307,1,FALSE,FALSE,22800,0045,1783242986,2026-07-05T09:16:55Z,2026-07-05T09:16:55Z,2026-07-05T09:16:25Z,2.2,https://gbfs.kappa.fifteen.eu/gbfs/2.2/mobi/en/gbfs.json,https://gbfs.kappa.fifteen.eu/gbfs/2.2/mobi/en/free_bike_status.json,2026-07-05T09:16:54Z,2026-07-05T09:16:54Z
mobi_vancouver,mobi_vancouver_a363368f-9337-4103-819d-ede41cc20942,a363368f-9337-4103-819d-ede41cc20942,49.277615,-123.091654,1,FALSE,FALSE,22800,0215,1783242986,2026-07-05T09:16:55Z,2026-07-05T09:16:55Z,2026-07-05T09:16:25Z,2.2,https://gbfs.kappa.fifteen.eu/gbfs/2.2/mobi/en/gbfs.json,https://gbfs.kappa.fifteen.eu/gbfs/2.2/mobi/en/free_bike_status.json,2026-07-05T09:16:54Z,2026-07-05T09:16:54Z
mobi_vancouver,mobi_vancouver_1fed52a9-4dc4-46b6-b2d6-2f35a4bc7182,1fed52a9-4dc4-46b6-b2d6-2f35a4bc7182,49.263962,-123.112621,2,FALSE,FALSE,22800,0170,1783242986,2026-07-05T09:16:55Z,2026-07-05T09:16:55Z,2026-07-05T09:16:25Z,2.2,https://gbfs.kappa.fifteen.eu/gbfs/2.2/mobi/en/gbfs.json,https://gbfs.kappa.fifteen.eu/gbfs/2.2/mobi/en/free_bike_status.json,2026-07-05T09:16:54Z,2026-07-05T09:16:54Z
mobi_vancouver,mobi_vancouver_984f6d27-d1b7-48ad-b32d-2c10a32d0d98,984f6d27-d1b7-48ad-b32d-2c10a32d0d98,49.284554,-123.111031,1,FALSE,FALSE,22800,0124,1783242986,2026-07-05T09:16:55Z,2026-07-05T09:16:55Z,2026-07-05T09:16:25Z,2.2,https://gbfs.kappa.fifteen.eu/gbfs/2.2/mobi/en/gbfs.json,https://gbfs.kappa.fifteen.eu/gbfs/2.2/mobi/en/free_bike_status.json,2026-07-05T09:16:54Z,2026-07-05T09:16:54Z
mobi_vancouver,mobi_vancouver_988bdb47-194a-4417-843e-e75f3812deb9,988bdb47-194a-4417-843e-e75f3812deb9,49.280787,-123.115271,1,FALSE,FALSE,22800,0305,1783242986,2026-07-05T09:16:55Z,2026-07-05T09:16:55Z,2026-07-05T09:16:25Z,2.2,https://gbfs.kappa.fifteen.eu/gbfs/2.2/mobi/en/gbfs.json,https://gbfs.kappa.fifteen.eu/gbfs/2.2/mobi/en/free_bike_status.json,2026-07-05T09:16:54Z,2026-07-05T09:16:54Z
mobi_vancouver,mobi_vancouver_05084666-5300-4f65-83da-b0d7687b7692,05084666-5300-4f65-83da-b0d7687b7692,49.27029,-123.135025,1,FALSE,FALSE,22800,0189,1783242986,2026-07-05T09:16:55Z,2026-07-05T09:16:55Z,2026-07-05T09:16:25Z,2.2,https://gbfs.kappa.fifteen.eu/gbfs/2.2/mobi/en/gbfs.json,https://gbfs.kappa.fifteen.eu/gbfs/2.2/mobi/en/free_bike_status.json,2026-07-05T09:16:54Z,2026-07-05T09:16:54Z
mobi_vancouver,mobi_vancouver_ae2fea54-b923-4af1-95c1-5ef4cc932d24,ae2fea54-b923-4af1-95c1-5ef4cc932d24,49.28512,-123.11242,1,FALSE,FALSE,22800,0308,1783242986,2026-07-05T09:16:55Z,2026-07-05T09:16:55Z,2026-07-05T09:16:25Z,2.2,https://gbfs.kappa.fifteen.eu/gbfs/2.2/mobi/en/gbfs.json,https://gbfs.kappa.fifteen.eu/gbfs/2.2/mobi/en/free_bike_status.json,2026-07-05T09:16:54Z,2026-07-05T09:16:54Z
mobi_vancouver,mobi_vancouver_bc4de0e7-fe11-4812-b0ac-9601fbb07d9e,bc4de0e7-fe11-4812-b0ac-9601fbb07d9e,49.271221,-123.191133,1,FALSE,FALSE,22800,0400,1783242986,2026-07-05T09:16:55Z,2026-07-05T09:16:55Z,2026-07-05T09:16:25Z,2.2,https://gbfs.kappa.fifteen.eu/gbfs/2.2/mobi/en/gbfs.json,https://gbfs.kappa.fifteen.eu/gbfs/2.2/mobi/en/free_bike_status.json,2026-07-05T09:16:54Z,2026-07-05T09:16:54Z
mobi_vancouver,mobi_vancouver_deaf217d-8953-448d-bad5-b59d597634df,deaf217d-8953-448d-bad5-b59d597634df,49.271221,-123.191133,1,FALSE,FALSE,22800,0400,1783242986,2026-07-05T09:16:55Z,2026-07-05T09:16:55Z,2026-07-05T09:16:25Z,2.2,https://gbfs.kappa.fifteen.eu/gbfs/2.2/mobi/en/gbfs.json,https://gbfs.kappa.fifteen.eu/gbfs/2.2/mobi/en/free_bike_status.json,2026-07-05T09:16:54Z,2026-07-05T09:16:54Z
mobi_vancouver,mobi_vancouver_8cdb9fce-47f2-401f-a3d6-6e751ab316ce,8cdb9fce-47f2-401f-a3d6-6e751ab316ce,49.271221,-123.191133,1,FALSE,FALSE,22800,0400,1783242986,2026-07-05T09:16:55Z,2026-07-05T09:16:55Z,2026-07-05T09:16:25Z,2.2,https://gbfs.kappa.fifteen.eu/gbfs/2.2/mobi/en/gbfs.json,https://gbfs.kappa.fifteen.eu/gbfs/2.2/mobi/en/free_bike_status.json,2026-07-05T09:16:54Z,2026-07-05T09:16:54Z
mobi_vancouver,mobi_vancouver_904df550-9669-46a7-b644-a6698e9bc09b,904df550-9669-46a7-b644-a6698e9bc09b,49.271471,-123.17731,1,FALSE,FALSE,22800,0440,1783242986,2026-07-05T09:16:55Z,2026-07-05T09:16:55Z,2026-07-05T09:16:25Z,2.2,https://gbfs.kappa.fifteen.eu/gbfs/2.2/mobi/en/gbfs.json,https://gbfs.kappa.fifteen.eu/gbfs/2.2/mobi/en/free_bike_status.json,2026-07-05T09:16:54Z,2026-07-05T09:16:54Z
mobi_vancouver,mobi_vancouver_668f0561-345d-4f7c-a50e-2f7416871bd0,668f0561-345d-4f7c-a50e-2f7416871bd0,49.272969,-123.164325,1,FALSE,FALSE,22800,0460,1783242986,2026-07-05T09:16:55Z,2026-07-05T09:16:55Z,2026-07-05T09:16:25Z,2.2,https://gbfs.kappa.fifteen.eu/gbfs/2.2/mobi/en/gbfs.json,https://gbfs.kappa.fifteen.eu/gbfs/2.2/mobi/en/free_bike_status.json,2026-07-05T09:16:54Z,2026-07-05T09:16:54Z
mobi_vancouver,mobi_vancouver_4ea2f9f8-99ab-47f7-a52b-49ecbd3c999d,4ea2f9f8-99ab-47f7-a52b-49ecbd3c999d,49.263523,-123.155267,1,FALSE,FALSE,22800,0484,1783242986,2026-07-05T09:16:55Z,2026-07-05T09:16:55Z,2026-07-05T09:16:25Z,2.2,https://gbfs.kappa.fifteen.eu/gbfs/2.2/mobi/en/gbfs.json,https://gbfs.kappa.fifteen.eu/gbfs/2.2/mobi/en/free_bike_status.json,2026-07-05T09:16:54Z,2026-07-05T09:16:54Z
mobi_vancouver,mobi_vancouver_004dce95-0a1e-4524-9ec0-8f2abc48a09b,004dce95-0a1e-4524-9ec0-8f2abc48a09b,49.263523,-123.155267,1,FALSE,FALSE,22800,0484,1783242986,2026-07-05T09:16:55Z,2026-07-05T09:16:55Z,2026-07-05T09:16:25Z,2.2,https://gbfs.kappa.fifteen.eu/gbfs/2.2/mobi/en/gbfs.json,https://gbfs.kappa.fifteen.eu/gbfs/2.2/mobi/en/free_bike_status.json,2026-07-05T09:16:54Z,2026-07-05T09:16:54Z
mobi_vancouver,mobi_vancouver_6a898eea-41e6-4759-a534-3e1117e1abcc,6a898eea-41e6-4759-a534-3e1117e1abcc,49.272172,-123.097978,1,FALSE,FALSE,22800,0354,1783242986,2026-07-05T09:16:55Z,2026-07-05T09:16:55Z,2026-07-05T09:16:25Z,2.2,https://gbfs.kappa.fifteen.eu/gbfs/2.2/mobi/en/gbfs.json,https://gbfs.kappa.fifteen.eu/gbfs/2.2/mobi/en/free_bike_status.json,2026-07-05T09:16:54Z,2026-07-05T09:16:54Z
mobi_vancouver,mobi_vancouver_9056f729-dbc0-43cb-a0b6-dfa6bc361a4e,9056f729-dbc0-43cb-a0b6-dfa6bc361a4e,49.268837,-123.177633,1,FALSE,FALSE,22800,0431,1783242986,2026-07-05T09:16:55Z,2026-07-05T09:16:55Z,2026-07-05T09:16:25Z,2.2,https://gbfs.kappa.fifteen.eu/gbfs/2.2/mobi/en/gbfs.json,https://gbfs.kappa.fifteen.eu/gbfs/2.2/mobi/en/free_bike_status.json,2026-07-05T09:16:54Z,2026-07-05T09:16:54Z
mobi_vancouver,mobi_vancouver_bc531488-fa0e-4482-95f5-51610e2e8587,bc531488-fa0e-4482-95f5-51610e2e8587,49.282087,-123.056909,1,FALSE,FALSE,22800,0642,1783242986,2026-07-05T09:16:55Z,2026-07-05T09:16:55Z,2026-07-05T09:16:25Z,2.2,https://gbfs.kappa.fifteen.eu/gbfs/2.2/mobi/en/gbfs.json,https://gbfs.kappa.fifteen.eu/gbfs/2.2/mobi/en/free_bike_status.json,2026-07-05T09:16:54Z,2026-07-05T09:16:54Z
mobi_vancouver,mobi_vancouver_d9b8c62b-b904-4772-97cc-9b5693d9d0e0,d9b8c62b-b904-4772-97cc-9b5693d9d0e0,49.283968,-123.061615,1,FALSE,FALSE,22800,0631,1783242986,2026-07-05T09:16:55Z,2026-07-05T09:16:55Z,2026-07-05T09:16:25Z,2.2,https://gbfs.kappa.fifteen.eu/gbfs/2.2/mobi/en/gbfs.json,https://gbfs.kappa.fifteen.eu/gbfs/2.2/mobi/en/free_bike_status.json,2026-07-05T09:16:54Z,2026-07-05T09:16:54Z
mobi_vancouver,mobi_vancouver_10f2fa31-46d2-46ed-a3f1-3690c1273e6f,10f2fa31-46d2-46ed-a3f1-3690c1273e6f,49.251358,-123.115637,1,FALSE,FALSE,22800,0532,1783242986,2026-07-05T09:16:55Z,2026-07-05T09:16:55Z,2026-07-05T09:16:25Z,2.2,https://gbfs.kappa.fifteen.eu/gbfs/2.2/mobi/en/gbfs.json,https://gbfs.kappa.fifteen.eu/gbfs/2.2/mobi/en/free_bike_status.json,2026-07-05T09:16:54Z,2026-07-05T09:16:54Z
mobi_vancouver,mobi_vancouver_dd0ffae1-2c20-4f89-bbc4-7c2a3ee4a701,dd0ffae1-2c20-4f89-bbc4-7c2a3ee4a701,49.247204,-123.101549,1,FALSE,FALSE,22800,0565,1783242986,2026-07-05T09:16:55Z,2026-07-05T09:16:55Z,2026-07-05T09:16:25Z,2.2,https://gbfs.kappa.fifteen.eu/gbfs/2.2/mobi/en/gbfs.json,https://gbfs.kappa.fifteen.eu/gbfs/2.2/mobi/en/free_bike_status.json,2026-07-05T09:16:54Z,2026-07-05T09:16:54Z
mobi_vancouver,mobi_vancouver_7c2c0ca7-801b-4ef1-9de0-6d0224a76cad,7c2c0ca7-801b-4ef1-9de0-6d0224a76cad,49.265442,-123.187738,1,FALSE,FALSE,22800,0403,1783242986,2026-07-05T09:16:55Z,2026-07-05T09:16:55Z,2026-07-05T09:16:25Z,2.2,https://gbfs.kappa.fifteen.eu/gbfs/2.2/mobi/en/gbfs.json,https://gbfs.kappa.fifteen.eu/gbfs/2.2/mobi/en/free_bike_status.json,2026-07-05T09:16:54Z,2026-07-05T09:16:54Z
mobi_vancouver,mobi_vancouver_bc99f7bc-e03c-4094-bbd4-e580a6beff4f,bc99f7bc-e03c-4094-bbd4-e580a6beff4f,49.26262,-123.2431,1,FALSE,FALSE,22800,2156,1783242986,2026-07-05T09:16:55Z,2026-07-05T09:16:55Z,2026-07-05T09:16:25Z,2.2,https://gbfs.kappa.fifteen.eu/gbfs/2.2/mobi/en/gbfs.json,https://gbfs.kappa.fifteen.eu/gbfs/2.2/mobi/en/free_bike_status.json,2026-07-05T09:16:54Z,2026-07-05T09:16:54Z
mobi_vancouver,mobi_vancouver_85f55da7-8e9d-408c-b039-9aa885656761,85f55da7-8e9d-408c-b039-9aa885656761,49.269172,-123.25279,1,FALSE,FALSE,22800,2131,1783242986,2026-07-05T09:16:55Z,2026-07-05T09:16:55Z,2026-07-05T09:16:25Z,2.2,https://gbfs.kappa.fifteen.eu/gbfs/2.2/mobi/en/gbfs.json,https://gbfs.kappa.fifteen.eu/gbfs/2.2/mobi/en/free_bike_status.json,2026-07-05T09:16:54Z,2026-07-05T09:16:54Z
mobi_vancouver,mobi_vancouver_37922b63-857a-49e5-94c5-94aeb1b33a9b,37922b63-857a-49e5-94c5-94aeb1b33a9b,49.2661,-123.24568,1,FALSE,FALSE,22800,2154,1783242986,2026-07-05T09:16:55Z,2026-07-05T09:16:55Z,2026-07-05T09:16:25Z,2.2,https://gbfs.kappa.fifteen.eu/gbfs/2.2/mobi/en/gbfs.json,https://gbfs.kappa.fifteen.eu/gbfs/2.2/mobi/en/free_bike_status.json,2026-07-05T09:16:54Z,2026-07-05T09:16:54Z
mobi_vancouver,mobi_vancouver_e460f420-15e4-4713-9e12-50186f311cbe,e460f420-15e4-4713-9e12-50186f311cbe,49.261736,-123.24648,1,FALSE,FALSE,22800,2136,1783242986,2026-07-05T09:16:55Z,2026-07-05T09:16:55Z,2026-07-05T09:16:25Z,2.2,https://gbfs.kappa.fifteen.eu/gbfs/2.2/mobi/en/gbfs.json,https://gbfs.kappa.fifteen.eu/gbfs/2.2/mobi/en/free_bike_status.json,2026-07-05T09:16:54Z,2026-07-05T09:16:54Z
mobi_vancouver,mobi_vancouver_297cbd0b-b0b2-452d-95e9-e939475a6619,297cbd0b-b0b2-452d-95e9-e939475a6619,49.25976,-123.2479,1,FALSE,FALSE,22800,2127,1783242986,2026-07-05T09:16:55Z,2026-07-05T09:16:55Z,2026-07-05T09:16:25Z,2.2,https://gbfs.kappa.fifteen.eu/gbfs/2.2/mobi/en/gbfs.json,https://gbfs.kappa.fifteen.eu/gbfs/2.2/mobi/en/free_bike_status.json,2026-07-05T09:16:54Z,2026-07-05T09:16:54Z
mobi_vancouver,mobi_vancouver_e5ec53ce-b835-4d0a-b766-b957aa08fd4c,e5ec53ce-b835-4d0a-b766-b957aa08fd4c,49.25976,-123.2479,1,FALSE,FALSE,22800,2127,1783242986,2026-07-05T09:16:55Z,2026-07-05T09:16:55Z,2026-07-05T09:16:25Z,2.2,https://gbfs.kappa.fifteen.eu/gbfs/2.2/mobi/en/gbfs.json,https://gbfs.kappa.fifteen.eu/gbfs/2.2/mobi/en/free_bike_status.json,2026-07-05T09:16:54Z,2026-07-05T09:16:54Z
mobi_vancouver,mobi_vancouver_eef02fed-2de9-4583-bdb7-2c20f3a5cd14,eef02fed-2de9-4583-bdb7-2c20f3a5cd14,49.26875,-123.25004,1,FALSE,FALSE,22800,2142,1783242986,2026-07-05T09:16:55Z,2026-07-05T09:16:55Z,2026-07-05T09:16:25Z,2.2,https://gbfs.kappa.fifteen.eu/gbfs/2.2/mobi/en/gbfs.json,https://gbfs.kappa.fifteen.eu/gbfs/2.2/mobi/en/free_bike_status.json,2026-07-05T09:16:54Z,2026-07-05T09:16:54Z
mobi_vancouver,mobi_vancouver_fffbf234-175c-48f8-8de4-cfa7e1da77b1,fffbf234-175c-48f8-8de4-cfa7e1da77b1,49.26875,-123.25004,1,FALSE,FALSE,22800,2142,1783242986,2026-07-05T09:16:55Z,2026-07-05T09:16:55Z,2026-07-05T09:16:25Z,2.2,https://gbfs.kappa.fifteen.eu/gbfs/2.2/mobi/en/gbfs.json,https://gbfs.kappa.fifteen.eu/gbfs/2.2/mobi/en/free_bike_status.json,2026-07-05T09:16:54Z,2026-07-05T09:16:54Z
mobi_vancouver,mobi_vancouver_507d32dc-f0e7-4809-8031-6e98c029f332,507d32dc-f0e7-4809-8031-6e98c029f332,49.2585,-123.2521,1,FALSE,FALSE,22800,2117,1783242986,2026-07-05T09:16:55Z,2026-07-05T09:16:55Z,2026-07-05T09:16:25Z,2.2,https://gbfs.kappa.fifteen.eu/gbfs/2.2/mobi/en/gbfs.json,https://gbfs.kappa.fifteen.eu/gbfs/2.2/mobi/en/free_bike_status.json,2026-07-05T09:16:54Z,2026-07-05T09:16:54Z
mobi_vancouver,mobi_vancouver_d827bf46-133d-40d8-b207-6e1b6ab9dafa,d827bf46-133d-40d8-b207-6e1b6ab9dafa,49.26278,-123.23712,1,FALSE,FALSE,22800,2167,1783242986,2026-07-05T09:16:55Z,2026-07-05T09:16:55Z,2026-07-05T09:16:25Z,2.2,https://gbfs.kappa.fifteen.eu/gbfs/2.2/mobi/en/gbfs.json,https://gbfs.kappa.fifteen.eu/gbfs/2.2/mobi/en/free_bike_status.json,2026-07-05T09:16:54Z,2026-07-05T09:16:54Z
mobi_vancouver,mobi_vancouver_abd02f22-ca8f-4904-8ad8-1aa9a591044b,abd02f22-ca8f-4904-8ad8-1aa9a591044b,49.26278,-123.23712,1,FALSE,FALSE,22800,2167,1783242986,2026-07-05T09:16:55Z,2026-07-05T09:16:55Z,2026-07-05T09:16:25Z,2.2,https://gbfs.kappa.fifteen.eu/gbfs/2.2/mobi/en/gbfs.json,https://gbfs.kappa.fifteen.eu/gbfs/2.2/mobi/en/free_bike_status.json,2026-07-05T09:16:54Z,2026-07-05T09:16:54Z
mobi_vancouver,mobi_vancouver_b9da1e81-9839-4737-8576-d07a255b40a4,b9da1e81-9839-4737-8576-d07a255b40a4,49.270877,-123.115103,1,FALSE,FALSE,23200,0009,1783242986,2026-07-05T09:16:55Z,2026-07-05T09:16:55Z,2026-07-05T09:16:25Z,2.2,https://gbfs.kappa.fifteen.eu/gbfs/2.2/mobi/en/gbfs.json,https://gbfs.kappa.fifteen.eu/gbfs/2.2/mobi/en/free_bike_status.json,2026-07-05T09:16:54Z,2026-07-05T09:16:54Z
mobi_vancouver,mobi_vancouver_98fc05bb-0d28-4f47-bbec-39cb35662cd1,98fc05bb-0d28-4f47-bbec-39cb35662cd1,49.270877,-123.115103,1,FALSE,FALSE,23200,0009,1783242986,2026-07-05T09:16:55Z,2026-07-05T09:16:55Z,2026-07-05T09:16:25Z,2.2,https://gbfs.kappa.fifteen.eu/gbfs/2.2/mobi/en/gbfs.json,https://gbfs.kappa.fifteen.eu/gbfs/2.2/mobi/en/free_bike_status.json,2026-07-05T09:16:54Z,2026-07-05T09:16:54Z
mobi_vancouver,mobi_vancouver_a7586b3d-97ad-4377-8c70-5ac720a490d9,a7586b3d-97ad-4377-8c70-5ac720a490d9,49.271721,-123.104207,1,FALSE,FALSE,23200,0011,1783242986,2026-07-05T09:16:55Z,2026-07-05T09:16:55Z,2026-07-05T09:16:25Z,2.2,https://gbfs.kappa.fifteen.eu/gbfs/2.2/mobi/en/gbfs.json,https://gbfs.kappa.fifteen.eu/gbfs/2.2/mobi/en/free_bike_status.json,2026-07-05T09:16:54Z,2026-07-05T09:16:54Z
mobi_vancouver,mobi_vancouver_2ce2a894-6e86-4c45-9783-1a51f4ad28bf,2ce2a894-6e86-4c45-9783-1a51f4ad28bf,49.275679,-123.116963,1,FALSE,FALSE,23200,0027,1783242986,2026-07-05T09:16:55Z,2026-07-05T09:16:55Z,2026-07-05T09:16:25Z,2.2,https://gbfs.kappa.fifteen.eu/gbfs/2.2/mobi/en/gbfs.json,https://gbfs.kappa.fifteen.eu/gbfs/2.2/mobi/en/free_bike_status.json,2026-07-05T09:16:54Z,2026-07-05T09:16:54Z
mobi_vancouver,mobi_vancouver_4b8b179c-7b75-4704-b3c4-29d15a00d691,4b8b179c-7b75-4704-b3c4-29d15a00d691,49.288444,-123.139203,1,FALSE,FALSE,23200,0032,1783242986,2026-07-05T09:16:55Z,2026-07-05T09:16:55Z,2026-07-05T09:16:25Z,2.2,https://gbfs.kappa.fifteen.eu/gbfs/2.2/mobi/en/gbfs.json,https://gbfs.kappa.fifteen.eu/gbfs/2.2/mobi/en/free_bike_status.json,2026-07-05T09:16:54Z,2026-07-05T09:16:54Z
mobi_vancouver,mobi_vancouver_72f7b559-aca0-4f50-ae29-061eb0a5fd4c,72f7b559-aca0-4f50-ae29-061eb0a5fd4c,49.28972,-123.144028,1,FALSE,FALSE,23200,0047,1783242986,2026-07-05T09:16:55Z,2026-07-05T09:16:55Z,2026-07-05T09:16:25Z,2.2,https://gbfs.kappa.fifteen.eu/gbfs/2.2/mobi/en/gbfs.json,https://gbfs.kappa.fifteen.eu/gbfs/2.2/mobi/en/free_bike_status.json,2026-07-05T09:16:54Z,2026-07-05T09:16:54Z
mobi_vancouver,mobi_vancouver_6ca53b8a-fadd-4b72-a9fd-2accd1b46925,6ca53b8a-fadd-4b72-a9fd-2accd1b46925,49.265089,-123.119425,1,FALSE,FALSE,23200,0081,1783242986,2026-07-05T09:16:55Z,2026-07-05T09:16:55Z,2026-07-05T09:16:25Z,2.2,https://gbfs.kappa.fifteen.eu/gbfs/2.2/mobi/en/gbfs.json,https://gbfs.kappa.fifteen.eu/gbfs/2.2/mobi/en/free_bike_status.json,2026-07-05T09:16:54Z,2026-07-05T09:16:54Z
mobi_vancouver,mobi_vancouver_6ee05737-441b-4ed7-8ed6-79398dd549fb,6ee05737-441b-4ed7-8ed6-79398dd549fb,49.285253,-123.134356,1,FALSE,FALSE,23200,0048,1783242986,2026-07-05T09:16:55Z,2026-07-05T09:16:55Z,2026-07-05T09:16:25Z,2.2,https://gbfs.kappa.fifteen.eu/gbfs/2.2/mobi/en/gbfs.json,https://gbfs.kappa.fifteen.eu/gbfs/2.2/mobi/en/free_bike_status.json,2026-07-05T09:16:54Z,2026-07-05T09:16:54Z
mobi_vancouver,mobi_vancouver_e5a03872-3299-413c-a9d8-356de5ad6d30,e5a03872-3299-413c-a9d8-356de5ad6d30,49.279739,-123.116251,1,FALSE,FALSE,23200,0025,1783242986,2026-07-05T09:16:55Z,2026-07-05T09:16:55Z,2026-07-05T09:16:25Z,2.2,https://gbfs.kappa.fifteen.eu/gbfs/2.2/mobi/en/gbfs.json,https://gbfs.kappa.fifteen.eu/gbfs/2.2/mobi/en/free_bike_status.json,2026-07-05T09:16:54Z,2026-07-05T09:16:54Z
mobi_vancouver,mobi_vancouver_bedfe5dd-a4f8-4893-bbdf-ad16f94f0fa1,bedfe5dd-a4f8-4893-bbdf-ad16f94f0fa1,49.273833,-123.114373,1,FALSE,FALSE,23200,0057,1783242986,2026-07-05T09:16:55Z,2026-07-05T09:16:55Z,2026-07-05T09:16:25Z,2.2,https://gbfs.kappa.fifteen.eu/gbfs/2.2/mobi/en/gbfs.json,https://gbfs.kappa.fifteen.eu/gbfs/2.2/mobi/en/free_bike_status.json,2026-07-05T09:16:54Z,2026-07-05T09:16:54Z
mobi_vancouver,mobi_vancouver_17df1e02-f8d4-4014-81ad-66b02aee840e,17df1e02-f8d4-4014-81ad-66b02aee840e,49.265605,-123.152566,1,FALSE,FALSE,23200,0109,1783242986,2026-07-05T09:16:55Z,2026-07-05T09:16:55Z,2026-07-05T09:16:25Z,2.2,https://gbfs.kappa.fifteen.eu/gbfs/2.2/mobi/en/gbfs.json,https://gbfs.kappa.fifteen.eu/gbfs/2.2/mobi/en/free_bike_status.json,2026-07-05T09:16:54Z,2026-07-05T09:16:54Z
mobi_vancouver,mobi_vancouver_8d5f9e65-9a9e-4087-8feb-31616d8e865d,8d5f9e65-9a9e-4087-8feb-31616d8e865d,49.28026,-123.135244,1,FALSE,FALSE,23200,0088,1783242986,2026-07-05T09:16:55Z,2026-07-05T09:16:55Z,2026-07-05T09:16:25Z,2.2,https://gbfs.kappa.fifteen.eu/gbfs/2.2/mobi/en/gbfs.json,https://gbfs.kappa.fifteen.eu/gbfs/2.2/mobi/en/free_bike_status.json,2026-07-05T09:16:54Z,2026-07-05T09:16:54Z
mobi_vancouver,mobi_vancouver_44cf6651-80fb-4d2b-b95b-4aa15af7f31b,44cf6651-80fb-4d2b-b95b-4aa15af7f31b,49.287528,-123.142139,1,FALSE,FALSE,23200,0028,1783242986,2026-07-05T09:16:55Z,2026-07-05T09:16:55Z,2026-07-05T09:16:25Z,2.2,https://gbfs.kappa.fifteen.eu/gbfs/2.2/mobi/en/gbfs.json,https://gbfs.kappa.fifteen.eu/gbfs/2.2/mobi/en/free_bike_status.json,2026-07-05T09:16:54Z,2026-07-05T09:16:54Z
mobi_vancouver,mobi_vancouver_7efa1a67-f3b0-4e6b-8c23-dfab354428e9,7efa1a67-f3b0-4e6b-8c23-dfab354428e9,49.258763,-123.115392,1,FALSE,FALSE,23200,0072,1783242986,2026-07-05T09:16:55Z,2026-07-05T09:16:55Z,2026-07-05T09:16:25Z,2.2,https://gbfs.kappa.fifteen.eu/gbfs/2.2/mobi/en/gbfs.json,https://gbfs.kappa.fifteen.eu/gbfs/2.2/mobi/en/free_bike_status.json,2026-07-05T09:16:54Z,2026-07-05T09:16:54Z
mobi_vancouver,mobi_vancouver_fccb97c5-ee02-4eb0-bbe8-567def820c14,fccb97c5-ee02-4eb0-bbe8-567def820c14,49.266724,-123.104824,1,FALSE,FALSE,23200,0073,1783242986,2026-07-05T09:16:55Z,2026-07-05T09:16:55Z,2026-07-05T09:16:25Z,2.2,https://gbfs.kappa.fifteen.eu/gbfs/2.2/mobi/en/gbfs.json,https://gbfs.kappa.fifteen.eu/gbfs/2.2/mobi/en/free_bike_status.json,2026-07-05T09:16:54Z,2026-07-05T09:16:54Z
mobi_vancouver,mobi_vancouver_a800b2b4-aa26-45ac-b527-8bcc876e9093,a800b2b4-aa26-45ac-b527-8bcc876e9093,49.266724,-123.104824,1,FALSE,FALSE,23200,0073,1783242986,2026-07-05T09:16:55Z,2026-07-05T09:16:55Z,2026-07-05T09:16:25Z,2.2,https://gbfs.kappa.fifteen.eu/gbfs/2.2/mobi/en/gbfs.json,https://gbfs.kappa.fifteen.eu/gbfs/2.2/mobi/en/free_bike_status.json,2026-07-05T09:16:54Z,2026-07-05T09:16:54Z
mobi_vancouver,mobi_vancouver_4a2f0fb6-8e71-4148-bc2a-aadbd8ff3386,4a2f0fb6-8e71-4148-bc2a-aadbd8ff3386,49.28526,-123.141809,1,FALSE,FALSE,23200,0060,1783242986,2026-07-05T09:16:55Z,2026-07-05T09:16:55Z,2026-07-05T09:16:25Z,2.2,https://gbfs.kappa.fifteen.eu/gbfs/2.2/mobi/en/gbfs.json,https://gbfs.kappa.fifteen.eu/gbfs/2.2/mobi/en/free_bike_status.json,2026-07-05T09:16:54Z,2026-07-05T09:16:54Z
mobi_vancouver,mobi_vancouver_fdb33050-1b78-4af0-b13e-d81553e6e9a4,fdb33050-1b78-4af0-b13e-d81553e6e9a4,49.28526,-123.141809,1,FALSE,FALSE,23200,0060,1783242986,2026-07-05T09:16:55Z,2026-07-05T09:16:55Z,2026-07-05T09:16:25Z,2.2,https://gbfs.kappa.fifteen.eu/gbfs/2.2/mobi/en/gbfs.json,https://gbfs.kappa.fifteen.eu/gbfs/2.2/mobi/en/free_bike_status.json,2026-07-05T09:16:54Z,2026-07-05T09:16:54Z
mobi_vancouver,mobi_vancouver_40ccb9b5-9477-4b78-8792-3021a1021cb5,40ccb9b5-9477-4b78-8792-3021a1021cb5,49.272827,-123.147744,1,FALSE,FALSE,23200,0065,1783242986,2026-07-05T09:16:55Z,2026-07-05T09:16:55Z,2026-07-05T09:16:25Z,2.2,https://gbfs.kappa.fifteen.eu/gbfs/2.2/mobi/en/gbfs.json,https://gbfs.kappa.fifteen.eu/gbfs/2.2/mobi/en/free_bike_status.json,2026-07-05T09:16:54Z,2026-07-05T09:16:54Z
mobi_vancouver,mobi_vancouver_f013e1a2-8c49-44b7-b978-794d10a5c704,f013e1a2-8c49-44b7-b978-794d10a5c704,49.272827,-123.147744,1,FALSE,FALSE,23200,0065,1783242986,2026-07-05T09:16:55Z,2026-07-05T09:16:55Z,2026-07-05T09:16:25Z,2.2,https://gbfs.kappa.fifteen.eu/gbfs/2.2/mobi/en/gbfs.json,https://gbfs.kappa.fifteen.eu/gbfs/2.2/mobi/en/free_bike_status.json,2026-07-05T09:16:54Z,2026-07-05T09:16:54Z
mobi_vancouver,mobi_vancouver_a40a6c7b-c729-40f4-a817-85b891986824,a40a6c7b-c729-40f4-a817-85b891986824,49.287097,-123.118551,1,FALSE,FALSE,23200,0016,1783242986,2026-07-05T09:16:55Z,2026-07-05T09:16:55Z,2026-07-05T09:16:25Z,2.2,https://gbfs.kappa.fifteen.eu/gbfs/2.2/mobi/en/gbfs.json,https://gbfs.kappa.fifteen.eu/gbfs/2.2/mobi/en/free_bike_status.json,2026-07-05T09:16:54Z,2026-07-05T09:16:54Z
mobi_vancouver,mobi_vancouver_9e2d6b7c-8ed5-4bfb-ba54-4d8c2ad57278,9e2d6b7c-8ed5-4bfb-ba54-4d8c2ad57278,49.273568,-123.129935,1,FALSE,FALSE,23200,0137,1783242986,2026-07-05T09:16:55Z,2026-07-05T09:16:55Z,2026-07-05T09:16:25Z,2.2,https://gbfs.kappa.fifteen.eu/gbfs/2.2/mobi/en/gbfs.json,https://gbfs.kappa.fifteen.eu/gbfs/2.2/mobi/en/free_bike_status.json,2026-07-05T09:16:54Z,2026-07-05T09:16:54Z
mobi_vancouver,mobi_vancouver_17d45c6d-a13b-46fb-9ec8-2a8cf79b7df1,17d45c6d-a13b-46fb-9ec8-2a8cf79b7df1,49.284605,-123.108662,1,FALSE,FALSE,23200,0052,1783242986,2026-07-05T09:16:55Z,2026-07-05T09:16:55Z,2026-07-05T09:16:25Z,2.2,https://gbfs.kappa.fifteen.eu/gbfs/2.2/mobi/en/gbfs.json,https://gbfs.kappa.fifteen.eu/gbfs/2.2/mobi/en/free_bike_status.json,2026-07-05T09:16:54Z,2026-07-05T09:16:54Z
mobi_vancouver,mobi_vancouver_078a3fb6-03ed-4b39-9210-3f9975bd756a,078a3fb6-03ed-4b39-9210-3f9975bd756a,49.284605,-123.108662,1,FALSE,FALSE,23200,0052,1783242986,2026-07-05T09:16:55Z,2026-07-05T09:16:55Z,2026-07-05T09:16:25Z,2.2,https://gbfs.kappa.fifteen.eu/gbfs/2.2/mobi/en/gbfs.json,https://gbfs.kappa.fifteen.eu/gbfs/2.2/mobi/en/free_bike_status.json,2026-07-05T09:16:54Z,2026-07-05T09:16:54Z
mobi_vancouver,mobi_vancouver_0d5f9f2d-0ae4-46fc-9712-6fc3999be09e,0d5f9f2d-0ae4-46fc-9712-6fc3999be09e,49.273471,-123.118016,1,FALSE,FALSE,23200,0017,1783242986,2026-07-05T09:16:55Z,2026-07-05T09:16:55Z,2026-07-05T09:16:25Z,2.2,https://gbfs.kappa.fifteen.eu/gbfs/2.2/mobi/en/gbfs.json,https://gbfs.kappa.fifteen.eu/gbfs/2.2/mobi/en/free_bike_status.json,2026-07-05T09:16:54Z,2026-07-05T09:16:54Z
mobi_vancouver,mobi_vancouver_00216bed-f0b1-49c1-8c41-95172727a9b0,00216bed-f0b1-49c1-8c41-95172727a9b0,49.2653,-123.13811,1,FALSE,FALSE,23200,0069,1783242986,2026-07-05T09:16:55Z,2026-07-05T09:16:55Z,2026-07-05T09:16:25Z,2.2,https://gbfs.kappa.fifteen.eu/gbfs/2.2/mobi/en/gbfs.json,https://gbfs.kappa.fifteen.eu/gbfs/2.2/mobi/en/free_bike_status.json,2026-07-05T09:16:54Z,2026-07-05T09:16:54Z
mobi_vancouver,mobi_vancouver_de765cba-5759-4b01-bd09-fc1351c5d067,de765cba-5759-4b01-bd09-fc1351c5d067,49.2653,-123.13811,1,FALSE,FALSE,23200,0069,1783242986,2026-07-05T09:16:55Z,2026-07-05T09:16:55Z,2026-07-05T09:16:25Z,2.2,https://gbfs.kappa.fifteen.eu/gbfs/2.2/mobi/en/gbfs.json,https://gbfs.kappa.fifteen.eu/gbfs/2.2/mobi/en/free_bike_status.json,2026-07-05T09:16:54Z,2026-07-05T09:16:54Z
mobi_vancouver,mobi_vancouver_1ce2c73d-519c-4e7b-9cd7-1e53de72031b,1ce2c73d-519c-4e7b-9cd7-1e53de72031b,49.27023,-123.10651,1,FALSE,FALSE,23200,0174,1783242986,2026-07-05T09:16:55Z,2026-07-05T09:16:55Z,2026-07-05T09:16:25Z,2.2,https://gbfs.kappa.fifteen.eu/gbfs/2.2/mobi/en/gbfs.json,https://gbfs.kappa.fifteen.eu/gbfs/2.2/mobi/en/free_bike_status.json,2026-07-05T09:16:54Z,2026-07-05T09:16:54Z
mobi_vancouver,mobi_vancouver_49b8c250-a803-42f7-9a43-257c84effe09,49b8c250-a803-42f7-9a43-257c84effe09,49.277141,-123.122589,1,FALSE,FALSE,23200,0138,1783242986,2026-07-05T09:16:55Z,2026-07-05T09:16:55Z,2026-07-05T09:16:25Z,2.2,https://gbfs.kappa.fifteen.eu/gbfs/2.2/mobi/en/gbfs.json,https://gbfs.kappa.fifteen.eu/gbfs/2.2/mobi/en/free_bike_status.json,2026-07-05T09:16:54Z,2026-07-05T09:16:54Z
mobi_vancouver,mobi_vancouver_613d1ec6-d59f-453c-8cf2-3b3c03e65a74,613d1ec6-d59f-453c-8cf2-3b3c03e65a74,49.284157,-123.099917,1,FALSE,FALSE,23200,0150,1783242986,2026-07-05T09:16:55Z,2026-07-05T09:16:55Z,2026-07-05T09:16:25Z,2.2,https://gbfs.kappa.fifteen.eu/gbfs/2.2/mobi/en/gbfs.json,https://gbfs.kappa.fifteen.eu/gbfs/2.2/mobi/en/free_bike_status.json,2026-07-05T09:16:54Z,2026-07-05T09:16:54Z
mobi_vancouver,mobi_vancouver_200dfc3e-874d-452d-9bb9-9143c4adfa8f,200dfc3e-874d-452d-9bb9-9143c4adfa8f,49.276292,-123.150592,1,FALSE,FALSE,23200,0155,1783242986,2026-07-05T09:16:55Z,2026-07-05T09:16:55Z,2026-07-05T09:16:25Z,2.2,https://gbfs.kappa.fifteen.eu/gbfs/2.2/mobi/en/gbfs.json,https://gbfs.kappa.fifteen.eu/gbfs/2.2/mobi/en/free_bike_status.json,2026-07-05T09:16:54Z,2026-07-05T09:16:54Z
mobi_vancouver,mobi_vancouver_116b7ac6-d35a-4ac2-8fa1-5feafa23f136,116b7ac6-d35a-4ac2-8fa1-5feafa23f136,49.275938,-123.145939,1,FALSE,FALSE,23200,0147,1783242986,2026-07-05T09:16:55Z,2026-07-05T09:16:55Z,2026-07-05T09:16:25Z,2.2,https://gbfs.kappa.fifteen.eu/gbfs/2.2/mobi/en/gbfs.json,https://gbfs.kappa.fifteen.eu/gbfs/2.2/mobi/en/free_bike_status.json,2026-07-05T09:16:54Z,2026-07-05T09:16:54Z
mobi_vancouver,mobi_vancouver_4ea4c812-9700-4edf-926a-90f4dd9ce179,4ea4c812-9700-4edf-926a-90f4dd9ce179,49.281506,-123.120101,1,FALSE,FALSE,23200,0063,1783242986,2026-07-05T09:16:55Z,2026-07-05T09:16:55Z,2026-07-05T09:16:25Z,2.2,https://gbfs.kappa.fifteen.eu/gbfs/2.2/mobi/en/gbfs.json,https://gbfs.kappa.fifteen.eu/gbfs/2.2/mobi/en/free_bike_status.json,2026-07-05T09:16:54Z,2026-07-05T09:16:54Z
mobi_vancouver,mobi_vancouver_088bce05-52e4-4074-9109-66171bbaa1ab,088bce05-52e4-4074-9109-66171bbaa1ab,49.282758,-123.122092,1,FALSE,FALSE,23200,0019,1783242986,2026-07-05T09:16:55Z,2026-07-05T09:16:55Z,2026-07-05T09:16:25Z,2.2,https://gbfs.kappa.fifteen.eu/gbfs/2.2/mobi/en/gbfs.json,https://gbfs.kappa.fifteen.eu/gbfs/2.2/mobi/en/free_bike_status.json,2026-07-05T09:16:54Z,2026-07-05T09:16:54Z
mobi_vancouver,mobi_vancouver_104b42d4-a324-45f9-b803-c40cac2fbeee,104b42d4-a324-45f9-b803-c40cac2fbeee,49.279342,-123.101822,1,FALSE,FALSE,23200,0055,1783242986,2026-07-05T09:16:55Z,2026-07-05T09:16:55Z,2026-07-05T09:16:25Z,2.2,https://gbfs.kappa.fifteen.eu/gbfs/2.2/mobi/en/gbfs.json,https://gbfs.kappa.fifteen.eu/gbfs/2.2/mobi/en/free_bike_status.json,2026-07-05T09:16:54Z,2026-07-05T09:16:54Z
mobi_vancouver,mobi_vancouver_7c94ac4e-787f-4a5d-9fea-00d932bc510b,7c94ac4e-787f-4a5d-9fea-00d932bc510b,49.262206,-123.109091,2,FALSE,FALSE,23200,0172,1783242986,2026-07-05T09:16:55Z,2026-07-05T09:16:55Z,2026-07-05T09:16:25Z,2.2,https://gbfs.kappa.fifteen.eu/gbfs/2.2/mobi/en/gbfs.json,https://gbfs.kappa.fifteen.eu/gbfs/2.2/mobi/en/free_bike_status.json,2026-07-05T09:16:54Z,2026-07-05T09:16:54Z
mobi_vancouver,mobi_vancouver_3f4c705a-9bd6-4b4c-9148-83bded9cca22,3f4c705a-9bd6-4b4c-9148-83bded9cca22,49.290112,-123.127062,2,FALSE,FALSE,23200,0035,1783242986,2026-07-05T09:16:55Z,2026-07-05T09:16:55Z,2026-07-05T09:16:25Z,2.2,https://gbfs.kappa.fifteen.eu/gbfs/2.2/mobi/en/gbfs.json,https://gbfs.kappa.fifteen.eu/gbfs/2.2/mobi/en/free_bike_status.json,2026-07-05T09:16:54Z,2026-07-05T09:16:54Z
mobi_vancouver,mobi_vancouver_7437b75c-0eb3-40d1-b12d-7d0ff3e9063c,7437b75c-0eb3-40d1-b12d-7d0ff3e9063c,49.299292,-123.130281,1,FALSE,FALSE,23200,0101,1783242986,2026-07-05T09:16:55Z,2026-07-05T09:16:55Z,2026-07-05T09:16:25Z,2.2,https://gbfs.kappa.fifteen.eu/gbfs/2.2/mobi/en/gbfs.json,https://gbfs.kappa.fifteen.eu/gbfs/2.2/mobi/en/free_bike_status.json,2026-07-05T09:16:54Z,2026-07-05T09:16:54Z
mobi_vancouver,mobi_vancouver_3f8992ed-9744-463b-8670-169c6125a258,3f8992ed-9744-463b-8670-169c6125a258,49.298657,-123.121176,1,FALSE,FALSE,23200,0105,1783242986,2026-07-05T09:16:55Z,2026-07-05T09:16:55Z,2026-07-05T09:16:25Z,2.2,https://gbfs.kappa.fifteen.eu/gbfs/2.2/mobi/en/gbfs.json,https://gbfs.kappa.fifteen.eu/gbfs/2.2/mobi/en/free_bike_status.json,2026-07-05T09:16:54Z,2026-07-05T09:16:54Z
mobi_vancouver,mobi_vancouver_211550f3-699a-4dad-a3bf-92b7cbd17ed1,211550f3-699a-4dad-a3bf-92b7cbd17ed1,49.298657,-123.121176,1,FALSE,FALSE,23200,0105,1783242986,2026-07-05T09:16:55Z,2026-07-05T09:16:55Z,2026-07-05T09:16:25Z,2.2,https://gbfs.kappa.fifteen.eu/gbfs/2.2/mobi/en/gbfs.json,https://gbfs.kappa.fifteen.eu/gbfs/2.2/mobi/en/free_bike_status.json,2026-07-05T09:16:54Z,2026-07-05T09:16:54Z
mobi_vancouver,mobi_vancouver_debd2723-7c46-46a8-9cb5-0078e900b1e5,debd2723-7c46-46a8-9cb5-0078e900b1e5,49.297933,-123.130758,1,FALSE,FALSE,23200,0209,1783242986,2026-07-05T09:16:55Z,2026-07-05T09:16:55Z,2026-07-05T09:16:25Z,2.2,https://gbfs.kappa.fifteen.eu/gbfs/2.2/mobi/en/gbfs.json,https://gbfs.kappa.fifteen.eu/gbfs/2.2/mobi/en/free_bike_status.json,2026-07-05T09:16:54Z,2026-07-05T09:16:54Z
mobi_vancouver,mobi_vancouver_ea3c731d-6bb4-4dd8-961b-b2f7cf3132bc,ea3c731d-6bb4-4dd8-961b-b2f7cf3132bc,49.266456,-123.100324,1,FALSE,FALSE,23200,0198,1783242986,2026-07-05T09:16:55Z,2026-07-05T09:16:55Z,2026-07-05T09:16:25Z,2.2,https://gbfs.kappa.fifteen.eu/gbfs/2.2/mobi/en/gbfs.json,https://gbfs.kappa.fifteen.eu/gbfs/2.2/mobi/en/free_bike_status.json,2026-07-05T09:16:54Z,2026-07-05T09:16:54Z
mobi_vancouver,mobi_vancouver_e6e9095c-8efb-4042-ac96-40bb4f1438ed,e6e9095c-8efb-4042-ac96-40bb4f1438ed,49.258819,-123.131317,1,FALSE,FALSE,23200,0211,1783242986,2026-07-05T09:16:55Z,2026-07-05T09:16:55Z,2026-07-05T09:16:25Z,2.2,https://gbfs.kappa.fifteen.eu/gbfs/2.2/mobi/en/gbfs.json,https://gbfs.kappa.fifteen.eu/gbfs/2.2/mobi/en/free_bike_status.json,2026-07-05T09:16:54Z,2026-07-05T09:16:54Z
mobi_vancouver,mobi_vancouver_a8ba4d2a-7493-4b24-b0e6-3777a999ac45,a8ba4d2a-7493-4b24-b0e6-3777a999ac45,49.266774,-123.141135,1,FALSE,FALSE,23200,0153,1783242986,2026-07-05T09:16:55Z,2026-07-05T09:16:55Z,2026-07-05T09:16:25Z,2.2,https://gbfs.kappa.fifteen.eu/gbfs/2.2/mobi/en/gbfs.json,https://gbfs.kappa.fifteen.eu/gbfs/2.2/mobi/en/free_bike_status.json,2026-07-05T09:16:54Z,2026-07-05T09:16:54Z
mobi_vancouver,mobi_vancouver_25a2080c-b2a4-4dbd-8e5e-a0e2f3353552,25a2080c-b2a4-4dbd-8e5e-a0e2f3353552,49.265336,-123.145823,1,FALSE,FALSE,23200,0140,1783242986,2026-07-05T09:16:55Z,2026-07-05T09:16:55Z,2026-07-05T09:16:25Z,2.2,https://gbfs.kappa.fifteen.eu/gbfs/2.2/mobi/en/gbfs.json,https://gbfs.kappa.fifteen.eu/gbfs/2.2/mobi/en/free_bike_status.json,2026-07-05T09:16:54Z,2026-07-05T09:16:54Z
mobi_vancouver,mobi_vancouver_f82fe52a-95d4-48fb-b920-a4a073d4cb23,f82fe52a-95d4-48fb-b920-a4a073d4cb23,49.276897,-123.101746,1,FALSE,FALSE,23200,0801,1783242986,2026-07-05T09:16:55Z,2026-07-05T09:16:55Z,2026-07-05T09:16:25Z,2.2,https://gbfs.kappa.fifteen.eu/gbfs/2.2/mobi/en/gbfs.json,https://gbfs.kappa.fifteen.eu/gbfs/2.2/mobi/en/free_bike_status.json,2026-07-05T09:16:54Z,2026-07-05T09:16:54Z
mobi_vancouver,mobi_vancouver_a1e4302e-6035-4e26-b9a0-7b49b7f888a9,a1e4302e-6035-4e26-b9a0-7b49b7f888a9,49.278529,-123.100017,1,FALSE,FALSE,23200,0199,1783242986,2026-07-05T09:16:55Z,2026-07-05T09:16:55Z,2026-07-05T09:16:25Z,2.2,https://gbfs.kappa.fifteen.eu/gbfs/2.2/mobi/en/gbfs.json,https://gbfs.kappa.fifteen.eu/gbfs/2.2/mobi/en/free_bike_status.json,2026-07-05T09:16:54Z,2026-07-05T09:16:54Z
mobi_vancouver,mobi_vancouver_63cc3ece-3ff1-4472-baf0-b96385ccf77a,63cc3ece-3ff1-4472-baf0-b96385ccf77a,49.267859,-123.145782,1,FALSE,FALSE,23200,0139,1783242986,2026-07-05T09:16:55Z,2026-07-05T09:16:55Z,2026-07-05T09:16:25Z,2.2,https://gbfs.kappa.fifteen.eu/gbfs/2.2/mobi/en/gbfs.json,https://gbfs.kappa.fifteen.eu/gbfs/2.2/mobi/en/free_bike_status.json,2026-07-05T09:16:54Z,2026-07-05T09:16:54Z
mobi_vancouver,mobi_vancouver_34b1f342-7e2e-4ef1-a65f-d54ad61add53,34b1f342-7e2e-4ef1-a65f-d54ad61add53,49.267628,-123.127698,1,FALSE,FALSE,23200,0143,1783242986,2026-07-05T09:16:55Z,2026-07-05T09:16:55Z,2026-07-05T09:16:25Z,2.2,https://gbfs.kappa.fifteen.eu/gbfs/2.2/mobi/en/gbfs.json,https://gbfs.kappa.fifteen.eu/gbfs/2.2/mobi/en/free_bike_status.json,2026-07-05T09:16:54Z,2026-07-05T09:16:54Z
mobi_vancouver,mobi_vancouver_6849eab3-b3f7-409b-9d8a-eb02c7096dae,6849eab3-b3f7-409b-9d8a-eb02c7096dae,49.267628,-123.127698,1,FALSE,FALSE,23200,0143,1783242986,2026-07-05T09:16:55Z,2026-07-05T09:16:55Z,2026-07-05T09:16:25Z,2.2,https://gbfs.kappa.fifteen.eu/gbfs/2.2/mobi/en/gbfs.json,https://gbfs.kappa.fifteen.eu/gbfs/2.2/mobi/en/free_bike_status.json,2026-07-05T09:16:54Z,2026-07-05T09:16:54Z
mobi_vancouver,mobi_vancouver_a31472b1-0aa0-40d4-af2e-7bf173f45f18,a31472b1-0aa0-40d4-af2e-7bf173f45f18,49.262321,-123.09306,1,FALSE,FALSE,23200,0248,1783242986,2026-07-05T09:16:55Z,2026-07-05T09:16:55Z,2026-07-05T09:16:25Z,2.2,https://gbfs.kappa.fifteen.eu/gbfs/2.2/mobi/en/gbfs.json,https://gbfs.kappa.fifteen.eu/gbfs/2.2/mobi/en/free_bike_status.json,2026-07-05T09:16:54Z,2026-07-05T09:16:54Z
mobi_vancouver,mobi_vancouver_ca2d2254-ba34-432a-997f-fc0b9982c7e0,ca2d2254-ba34-432a-997f-fc0b9982c7e0,49.265005,-123.079481,1,FALSE,FALSE,23200,0236,1783242986,2026-07-05T09:16:55Z,2026-07-05T09:16:55Z,2026-07-05T09:16:25Z,2.2,https://gbfs.kappa.fifteen.eu/gbfs/2.2/mobi/en/gbfs.json,https://gbfs.kappa.fifteen.eu/gbfs/2.2/mobi/en/free_bike_status.json,2026-07-05T09:16:54Z,2026-07-05T09:16:54Z
mobi_vancouver,mobi_vancouver_25789f71-af48-477f-baff-d637245468c0,25789f71-af48-477f-baff-d637245468c0,49.265005,-123.079481,1,FALSE,FALSE,23200,0236,1783242986,2026-07-05T09:16:55Z,2026-07-05T09:16:55Z,2026-07-05T09:16:25Z,2.2,https://gbfs.kappa.fifteen.eu/gbfs/2.2/mobi/en/gbfs.json,https://gbfs.kappa.fifteen.eu/gbfs/2.2/mobi/en/free_bike_status.json,2026-07-05T09:16:54Z,2026-07-05T09:16:54Z
mobi_vancouver,mobi_vancouver_1ee2e407-a856-4697-9d52-de0d32d18097,1ee2e407-a856-4697-9d52-de0d32d18097,49.261263,-123.073707,1,FALSE,FALSE,23200,0245,1783242986,2026-07-05T09:16:55Z,2026-07-05T09:16:55Z,2026-07-05T09:16:25Z,2.2,https://gbfs.kappa.fifteen.eu/gbfs/2.2/mobi/en/gbfs.json,https://gbfs.kappa.fifteen.eu/gbfs/2.2/mobi/en/free_bike_status.json,2026-07-05T09:16:54Z,2026-07-05T09:16:54Z
mobi_vancouver,mobi_vancouver_52c4a5ca-7204-4421-bdad-201b1de0512f,52c4a5ca-7204-4421-bdad-201b1de0512f,49.268616,-123.069908,1,FALSE,FALSE,23200,0240,1783242986,2026-07-05T09:16:55Z,2026-07-05T09:16:55Z,2026-07-05T09:16:25Z,2.2,https://gbfs.kappa.fifteen.eu/gbfs/2.2/mobi/en/gbfs.json,https://gbfs.kappa.fifteen.eu/gbfs/2.2/mobi/en/free_bike_status.json,2026-07-05T09:16:54Z,2026-07-05T09:16:54Z
mobi_vancouver,mobi_vancouver_4501e34e-241f-4ff6-b9a6-736b241a9f25,4501e34e-241f-4ff6-b9a6-736b241a9f25,49.271377,-123.069416,1,FALSE,FALSE,23200,0239,1783242986,2026-07-05T09:16:55Z,2026-07-05T09:16:55Z,2026-07-05T09:16:25Z,2.2,https://gbfs.kappa.fifteen.eu/gbfs/2.2/mobi/en/gbfs.json,https://gbfs.kappa.fifteen.eu/gbfs/2.2/mobi/en/free_bike_status.json,2026-07-05T09:16:54Z,2026-07-05T09:16:54Z
mobi_vancouver,mobi_vancouver_59200a40-7d2e-43bd-b40a-af21936a2f26,59200a40-7d2e-43bd-b40a-af21936a2f26,49.256496,-123.075426,1,FALSE,FALSE,23200,0283,1783242986,2026-07-05T09:16:55Z,2026-07-05T09:16:55Z,2026-07-05T09:16:25Z,2.2,https://gbfs.kappa.fifteen.eu/gbfs/2.2/mobi/en/gbfs.json,https://gbfs.kappa.fifteen.eu/gbfs/2.2/mobi/en/free_bike_status.json,2026-07-05T09:16:54Z,2026-07-05T09:16:54Z
mobi_vancouver,mobi_vancouver_6f5fe261-3dee-4f3f-8c8e-24b2bab10dd4,6f5fe261-3dee-4f3f-8c8e-24b2bab10dd4,49.256496,-123.075426,1,FALSE,FALSE,23200,0283,1783242986,2026-07-05T09:16:55Z,2026-07-05T09:16:55Z,2026-07-05T09:16:25Z,2.2,https://gbfs.kappa.fifteen.eu/gbfs/2.2/mobi/en/gbfs.json,https://gbfs.kappa.fifteen.eu/gbfs/2.2/mobi/en/free_bike_status.json,2026-07-05T09:16:54Z,2026-07-05T09:16:54Z
mobi_vancouver,mobi_vancouver_fdfee208-3035-4228-837e-99b557b43b22,fdfee208-3035-4228-837e-99b557b43b22,49.263518,-123.09568,1,FALSE,FALSE,23200,0262,1783242986,2026-07-05T09:16:55Z,2026-07-05T09:16:55Z,2026-07-05T09:16:25Z,2.2,https://gbfs.kappa.fifteen.eu/gbfs/2.2/mobi/en/gbfs.json,https://gbfs.kappa.fifteen.eu/gbfs/2.2/mobi/en/free_bike_status.json,2026-07-05T09:16:54Z,2026-07-05T09:16:54Z
mobi_vancouver,mobi_vancouver_d8810d0b-aebd-4212-bdfe-59ec0df263b6,d8810d0b-aebd-4212-bdfe-59ec0df263b6,49.258817,-123.092797,1,FALSE,FALSE,23200,0258,1783242986,2026-07-05T09:16:55Z,2026-07-05T09:16:55Z,2026-07-05T09:16:25Z,2.2,https://gbfs.kappa.fifteen.eu/gbfs/2.2/mobi/en/gbfs.json,https://gbfs.kappa.fifteen.eu/gbfs/2.2/mobi/en/free_bike_status.json,2026-07-05T09:16:54Z,2026-07-05T09:16:54Z
mobi_vancouver,mobi_vancouver_c1814113-47bb-4898-bec4-e78ba2b371a8,c1814113-47bb-4898-bec4-e78ba2b371a8,49.264251,-123.073853,1,FALSE,FALSE,23200,0249,1783242986,2026-07-05T09:16:55Z,2026-07-05T09:16:55Z,2026-07-05T09:16:25Z,2.2,https://gbfs.kappa.fifteen.eu/gbfs/2.2/mobi/en/gbfs.json,https://gbfs.kappa.fifteen.eu/gbfs/2.2/mobi/en/free_bike_status.json,2026-07-05T09:16:54Z,2026-07-05T09:16:54Z
mobi_vancouver,mobi_vancouver_1c05fc70-fbf4-49a5-9702-ff05a6d78a47,1c05fc70-fbf4-49a5-9702-ff05a6d78a47,49.264251,-123.073853,1,FALSE,FALSE,23200,0249,1783242986,2026-07-05T09:16:55Z,2026-07-05T09:16:55Z,2026-07-05T09:16:25Z,2.2,https://gbfs.kappa.fifteen.eu/gbfs/2.2/mobi/en/gbfs.json,https://gbfs.kappa.fifteen.eu/gbfs/2.2/mobi/en/free_bike_status.json,2026-07-05T09:16:54Z,2026-07-05T09:16:54Z
mobi_vancouver,mobi_vancouver_d275585b-dcf8-4d72-86c6-b6d6ebb7375c,d275585b-dcf8-4d72-86c6-b6d6ebb7375c,49.265242,-123.095577,1,FALSE,FALSE,23200,0297,1783242986,2026-07-05T09:16:55Z,2026-07-05T09:16:55Z,2026-07-05T09:16:25Z,2.2,https://gbfs.kappa.fifteen.eu/gbfs/2.2/mobi/en/gbfs.json,https://gbfs.kappa.fifteen.eu/gbfs/2.2/mobi/en/free_bike_status.json,2026-07-05T09:16:54Z,2026-07-05T09:16:54Z
mobi_vancouver,mobi_vancouver_98150acd-885a-4cdd-8210-735e26b942fc,98150acd-885a-4cdd-8210-735e26b942fc,49.273777,-123.092723,1,FALSE,FALSE,23200,0233,1783242986,2026-07-05T09:16:55Z,2026-07-05T09:16:55Z,2026-07-05T09:16:25Z,2.2,https://gbfs.kappa.fifteen.eu/gbfs/2.2/mobi/en/gbfs.json,https://gbfs.kappa.fifteen.eu/gbfs/2.2/mobi/en/free_bike_status.json,2026-07-05T09:16:54Z,2026-07-05T09:16:54Z
mobi_vancouver,mobi_vancouver_2fe423ce-2107-4151-a02f-3aa82529e78a,2fe423ce-2107-4151-a02f-3aa82529e78a,49.302577,-123.155616,1,FALSE,FALSE,23200,0103,1783242986,2026-07-05T09:16:55Z,2026-07-05T09:16:55Z,2026-07-05T09:16:25Z,2.2,https://gbfs.kappa.fifteen.eu/gbfs/2.2/mobi/en/gbfs.json,https://gbfs.kappa.fifteen.eu/gbfs/2.2/mobi/en/free_bike_status.json,2026-07-05T09:16:54Z,2026-07-05T09:16:54Z
mobi_vancouver,mobi_vancouver_d84ffd63-3f66-4a0e-9f8b-26eef311700d,d84ffd63-3f66-4a0e-9f8b-26eef311700d,49.27551,-123.13307,1,FALSE,FALSE,23200,0045,1783242986,2026-07-05T09:16:55Z,2026-07-05T09:16:55Z,2026-07-05T09:16:25Z,2.2,https://gbfs.kappa.fifteen.eu/gbfs/2.2/mobi/en/gbfs.json,https://gbfs.kappa.fifteen.eu/gbfs/2.2/mobi/en/free_bike_status.json,2026-07-05T09:16:54Z,2026-07-05T09:16:54Z
mobi_vancouver,mobi_vancouver_758459ef-2d85-4c15-96d6-53f2018696e6,758459ef-2d85-4c15-96d6-53f2018696e6,49.284554,-123.111031,1,FALSE,FALSE,23200,0124,1783242986,2026-07-05T09:16:55Z,2026-07-05T09:16:55Z,2026-07-05T09:16:25Z,2.2,https://gbfs.kappa.fifteen.eu/gbfs/2.2/mobi/en/gbfs.json,https://gbfs.kappa.fifteen.eu/gbfs/2.2/mobi/en/free_bike_status.json,2026-07-05T09:16:54Z,2026-07-05T09:16:54Z
mobi_vancouver,mobi_vancouver_15036635-feba-4d98-b758-2a0378aa8b14,15036635-feba-4d98-b758-2a0378aa8b14,49.290587,-123.13625,1,FALSE,FALSE,23200,0122,1783242986,2026-07-05T09:16:55Z,2026-07-05T09:16:55Z,2026-07-05T09:16:25Z,2.2,https://gbfs.kappa.fifteen.eu/gbfs/2.2/mobi/en/gbfs.json,https://gbfs.kappa.fifteen.eu/gbfs/2.2/mobi/en/free_bike_status.json,2026-07-05T09:16:54Z,2026-07-05T09:16:54Z
mobi_vancouver,mobi_vancouver_632010c0-43be-417e-b5e3-6aa4c804164c,632010c0-43be-417e-b5e3-6aa4c804164c,49.262835,-123.152626,1,FALSE,FALSE,23200,0075,1783242986,2026-07-05T09:16:55Z,2026-07-05T09:16:55Z,2026-07-05T09:16:25Z,2.2,https://gbfs.kappa.fifteen.eu/gbfs/2.2/mobi/en/gbfs.json,https://gbfs.kappa.fifteen.eu/gbfs/2.2/mobi/en/free_bike_status.json,2026-07-05T09:16:54Z,2026-07-05T09:16:54Z
mobi_vancouver,mobi_vancouver_8b7a4fae-4c98-4c76-b160-cb4cab4cf2d6,8b7a4fae-4c98-4c76-b160-cb4cab4cf2d6,49.271471,-123.17731,1,FALSE,FALSE,23200,0440,1783242986,2026-07-05T09:16:55Z,2026-07-05T09:16:55Z,2026-07-05T09:16:25Z,2.2,https://gbfs.kappa.fifteen.eu/gbfs/2.2/mobi/en/gbfs.json,https://gbfs.kappa.fifteen.eu/gbfs/2.2/mobi/en/free_bike_status.json,2026-07-05T09:16:54Z,2026-07-05T09:16:54Z
mobi_vancouver,mobi_vancouver_a62d03f8-eb83-4da0-8020-ea89ad0f9e6e,a62d03f8-eb83-4da0-8020-ea89ad0f9e6e,49.264483,-123.173926,1,FALSE,FALSE,23200,0444,1783242986,2026-07-05T09:16:55Z,2026-07-05T09:16:55Z,2026-07-05T09:16:25Z,2.2,https://gbfs.kappa.fifteen.eu/gbfs/2.2/mobi/en/gbfs.json,https://gbfs.kappa.fifteen.eu/gbfs/2.2/mobi/en/free_bike_status.json,2026-07-05T09:16:54Z,2026-07-05T09:16:54Z
mobi_vancouver,mobi_vancouver_135d3120-e34c-448a-98f0-63127f2b9201,135d3120-e34c-448a-98f0-63127f2b9201,49.264928,-123.168068,1,FALSE,FALSE,23200,0452,1783242986,2026-07-05T09:16:55Z,2026-07-05T09:16:55Z,2026-07-05T09:16:25Z,2.2,https://gbfs.kappa.fifteen.eu/gbfs/2.2/mobi/en/gbfs.json,https://gbfs.kappa.fifteen.eu/gbfs/2.2/mobi/en/free_bike_status.json,2026-07-05T09:16:54Z,2026-07-05T09:16:54Z
mobi_vancouver,mobi_vancouver_8d8124cb-f206-4284-8b9b-deb8d615b789,8d8124cb-f206-4284-8b9b-deb8d615b789,49.263523,-123.155267,1,FALSE,FALSE,23200,0484,1783242986,2026-07-05T09:16:55Z,2026-07-05T09:16:55Z,2026-07-05T09:16:25Z,2.2,https://gbfs.kappa.fifteen.eu/gbfs/2.2/mobi/en/gbfs.json,https://gbfs.kappa.fifteen.eu/gbfs/2.2/mobi/en/free_bike_status.json,2026-07-05T09:16:54Z,2026-07-05T09:16:54Z
mobi_vancouver,mobi_vancouver_c77390e2-3ec0-403f-9cd5-37032eafe137,c77390e2-3ec0-403f-9cd5-37032eafe137,49.273011,-123.159663,1,FALSE,FALSE,23200,0470,1783242986,2026-07-05T09:16:55Z,2026-07-05T09:16:55Z,2026-07-05T09:16:25Z,2.2,https://gbfs.kappa.fifteen.eu/gbfs/2.2/mobi/en/gbfs.json,https://gbfs.kappa.fifteen.eu/gbfs/2.2/mobi/en/free_bike_status.json,2026-07-05T09:16:54Z,2026-07-05T09:16:54Z
mobi_vancouver,mobi_vancouver_7066dd5e-a6bc-40ce-878b-c69056e74581,7066dd5e-a6bc-40ce-878b-c69056e74581,49.266636,-123.183661,1,FALSE,FALSE,23200,0414,1783242986,2026-07-05T09:16:55Z,2026-07-05T09:16:55Z,2026-07-05T09:16:25Z,2.2,https://gbfs.kappa.fifteen.eu/gbfs/2.2/mobi/en/gbfs.json,https://gbfs.kappa.fifteen.eu/gbfs/2.2/mobi/en/free_bike_status.json,2026-07-05T09:16:54Z,2026-07-05T09:16:54Z
mobi_vancouver,mobi_vancouver_ff605516-4d95-4410-96bc-740a1c2ea68a,ff605516-4d95-4410-96bc-740a1c2ea68a,49.268837,-123.177633,1,FALSE,FALSE,23200,0431,1783242986,2026-07-05T09:16:55Z,2026-07-05T09:16:55Z,2026-07-05T09:16:25Z,2.2,https://gbfs.kappa.fifteen.eu/gbfs/2.2/mobi/en/gbfs.json,https://gbfs.kappa.fifteen.eu/gbfs/2.2/mobi/en/free_bike_status.json,2026-07-05T09:16:54Z,2026-07-05T09:16:54Z
mobi_vancouver,mobi_vancouver_c3b7b063-6d30-4cbd-9a56-1b5057296e6d,c3b7b063-6d30-4cbd-9a56-1b5057296e6d,49.268837,-123.177633,1,FALSE,FALSE,23200,0431,1783242986,2026-07-05T09:16:55Z,2026-07-05T09:16:55Z,2026-07-05T09:16:25Z,2.2,https://gbfs.kappa.fifteen.eu/gbfs/2.2/mobi/en/gbfs.json,https://gbfs.kappa.fifteen.eu/gbfs/2.2/mobi/en/free_bike_status.json,2026-07-05T09:16:54Z,2026-07-05T09:16:54Z
mobi_vancouver,mobi_vancouver_20e4d468-9f6a-4770-ac68-6bffe4c5996c,20e4d468-9f6a-4770-ac68-6bffe4c5996c,49.287464,-123.060771,1,FALSE,FALSE,23200,0611,1783242986,2026-07-05T09:16:55Z,2026-07-05T09:16:55Z,2026-07-05T09:16:25Z,2.2,https://gbfs.kappa.fifteen.eu/gbfs/2.2/mobi/en/gbfs.json,https://gbfs.kappa.fifteen.eu/gbfs/2.2/mobi/en/free_bike_status.json,2026-07-05T09:16:54Z,2026-07-05T09:16:54Z
mobi_vancouver,mobi_vancouver_0dfe028e-20f5-49b1-9ee0-5d1bc92c7043,0dfe028e-20f5-49b1-9ee0-5d1bc92c7043,49.251358,-123.115637,1,FALSE,FALSE,23200,0532,1783242986,2026-07-05T09:16:55Z,2026-07-05T09:16:55Z,2026-07-05T09:16:25Z,2.2,https://gbfs.kappa.fifteen.eu/gbfs/2.2/mobi/en/gbfs.json,https://gbfs.kappa.fifteen.eu/gbfs/2.2/mobi/en/free_bike_status.json,2026-07-05T09:16:54Z,2026-07-05T09:16:54Z
mobi_vancouver,mobi_vancouver_82d53db8-5b1c-4a5a-84b3-0d8512241801,82d53db8-5b1c-4a5a-84b3-0d8512241801,49.27751,-123.061429,1,FALSE,FALSE,23200,0617,1783242986,2026-07-05T09:16:55Z,2026-07-05T09:16:55Z,2026-07-05T09:16:25Z,2.2,https://gbfs.kappa.fifteen.eu/gbfs/2.2/mobi/en/gbfs.json,https://gbfs.kappa.fifteen.eu/gbfs/2.2/mobi/en/free_bike_status.json,2026-07-05T09:16:54Z,2026-07-05T09:16:54Z
mobi_vancouver,mobi_vancouver_879caf8f-72f2-4369-a279-cc67ef2db266,879caf8f-72f2-4369-a279-cc67ef2db266,49.264019,-123.209176,1,FALSE,FALSE,23200,0716,1783242986,2026-07-05T09:16:55Z,2026-07-05T09:16:55Z,2026-07-05T09:16:25Z,2.2,https://gbfs.kappa.fifteen.eu/gbfs/2.2/mobi/en/gbfs.json,https://gbfs.kappa.fifteen.eu/gbfs/2.2/mobi/en/free_bike_status.json,2026-07-05T09:16:54Z,2026-07-05T09:16:54Z
mobi_vancouver,mobi_vancouver_1819fe00-9536-4bf9-b84a-6382d294bde1,1819fe00-9536-4bf9-b84a-6382d294bde1,49.2658,-123.20596,1,FALSE,FALSE,23200,0715,1783242986,2026-07-05T09:16:55Z,2026-07-05T09:16:55Z,2026-07-05T09:16:25Z,2.2,https://gbfs.kappa.fifteen.eu/gbfs/2.2/mobi/en/gbfs.json,https://gbfs.kappa.fifteen.eu/gbfs/2.2/mobi/en/free_bike_status.json,2026-07-05T09:16:54Z,2026-07-05T09:16:54Z
mobi_vancouver,mobi_vancouver_062be0c8-ea7b-4c95-8a9d-bef9b69c67e9,062be0c8-ea7b-4c95-8a9d-bef9b69c67e9,49.265442,-123.187738,1,FALSE,FALSE,23200,0403,1783242986,2026-07-05T09:16:55Z,2026-07-05T09:16:55Z,2026-07-05T09:16:25Z,2.2,https://gbfs.kappa.fifteen.eu/gbfs/2.2/mobi/en/gbfs.json,https://gbfs.kappa.fifteen.eu/gbfs/2.2/mobi/en/free_bike_status.json,2026-07-05T09:16:54Z,2026-07-05T09:16:54Z
mobi_vancouver,mobi_vancouver_7a223978-4bc0-43c7-97d3-658ea2d69d73,7a223978-4bc0-43c7-97d3-658ea2d69d73,49.263073,-123.254307,1,FALSE,FALSE,23200,2114,1783242986,2026-07-05T09:16:55Z,2026-07-05T09:16:55Z,2026-07-05T09:16:25Z,2.2,https://gbfs.kappa.fifteen.eu/gbfs/2.2/mobi/en/gbfs.json,https://gbfs.kappa.fifteen.eu/gbfs/2.2/mobi/en/free_bike_status.json,2026-07-05T09:16:54Z,2026-07-05T09:16:54Z
mobi_vancouver,mobi_vancouver_4586d6c6-270e-479a-87b5-30fffacdc4a0,4586d6c6-270e-479a-87b5-30fffacdc4a0,49.2661,-123.24568,1,FALSE,FALSE,23200,2154,1783242986,2026-07-05T09:16:55Z,2026-07-05T09:16:55Z,2026-07-05T09:16:25Z,2.2,https://gbfs.kappa.fifteen.eu/gbfs/2.2/mobi/en/gbfs.json,https://gbfs.kappa.fifteen.eu/gbfs/2.2/mobi/en/free_bike_status.json,2026-07-05T09:16:54Z,2026-07-05T09:16:54Z
mobi_vancouver,mobi_vancouver_9600f102-ed7a-422b-9952-0bacf659b7af,9600f102-ed7a-422b-9952-0bacf659b7af,49.293264,-123.132861,1,FALSE,FALSE,23200,0181,1783242986,2026-07-05T09:16:55Z,2026-07-05T09:16:55Z,2026-07-05T09:16:25Z,2.2,https://gbfs.kappa.fifteen.eu/gbfs/2.2/mobi/en/gbfs.json,https://gbfs.kappa.fifteen.eu/gbfs/2.2/mobi/en/free_bike_status.json,2026-07-05T09:16:54Z,2026-07-05T09:16:54Z
mobi_vancouver,mobi_vancouver_7b3fb08e-eac5-4904-b7c3-c8ff01c9a860,7b3fb08e-eac5-4904-b7c3-c8ff01c9a860,49.2585,-123.2521,1,FALSE,FALSE,23200,2117,1783242986,2026-07-05T09:16:55Z,2026-07-05T09:16:55Z,2026-07-05T09:16:25Z,2.2,https://gbfs.kappa.fifteen.eu/gbfs/2.2/mobi/en/gbfs.json,https://gbfs.kappa.fifteen.eu/gbfs/2.2/mobi/en/free_bike_status.json,2026-07-05T09:16:54Z,2026-07-05T09:16:54Z
mobi_vancouver,mobi_vancouver_416932e1-363d-419d-a5bc-35d375f51ee1,416932e1-363d-419d-a5bc-35d375f51ee1,49.27549,-123.12882,1,FALSE,FALSE,23200,0318,1783242986,2026-07-05T09:16:55Z,2026-07-05T09:16:55Z,2026-07-05T09:16:25Z,2.2,https://gbfs.kappa.fifteen.eu/gbfs/2.2/mobi/en/gbfs.json,https://gbfs.kappa.fifteen.eu/gbfs/2.2/mobi/en/free_bike_status.json,2026-07-05T09:16:54Z,2026-07-05T09:16:54Z
mobi_vancouver,mobi_vancouver_f9526a53-e81f-41e3-a27b-f8c26a3b3c22,f9526a53-e81f-41e3-a27b-f8c26a3b3c22,49.288682,-123.11818,1,FALSE,FALSE,23600,0201,1783242986,2026-07-05T09:16:55Z,2026-07-05T09:16:55Z,2026-07-05T09:16:25Z,2.2,https://gbfs.kappa.fifteen.eu/gbfs/2.2/mobi/en/gbfs.json,https://gbfs.kappa.fifteen.eu/gbfs/2.2/mobi/en/free_bike_status.json,2026-07-05T09:16:54Z,2026-07-05T09:16:54Z
mobi_vancouver,mobi_vancouver_21f612ae-664a-41bf-a82a-53ac95b02218,21f612ae-664a-41bf-a82a-53ac95b02218,49.262487,-123.114397,1,FALSE,FALSE,23600,0001,1783242986,2026-07-05T09:16:55Z,2026-07-05T09:16:55Z,2026-07-05T09:16:25Z,2.2,https://gbfs.kappa.fifteen.eu/gbfs/2.2/mobi/en/gbfs.json,https://gbfs.kappa.fifteen.eu/gbfs/2.2/mobi/en/free_bike_status.json,2026-07-05T09:16:54Z,2026-07-05T09:16:54Z
mobi_vancouver,mobi_vancouver_d18b8056-59aa-4670-86cd-a8fba3f78c84,d18b8056-59aa-4670-86cd-a8fba3f78c84,49.279938,-123.127478,1,FALSE,FALSE,23600,0039,1783242986,2026-07-05T09:16:55Z,2026-07-05T09:16:55Z,2026-07-05T09:16:25Z,2.2,https://gbfs.kappa.fifteen.eu/gbfs/2.2/mobi/en/gbfs.json,https://gbfs.kappa.fifteen.eu/gbfs/2.2/mobi/en/free_bike_status.json,2026-07-05T09:16:54Z,2026-07-05T09:16:54Z
mobi_vancouver,mobi_vancouver_70201be0-c9f2-41da-96a4-9bb9b6446e5d,70201be0-c9f2-41da-96a4-9bb9b6446e5d,49.28725,-123.11298,1,FALSE,FALSE,23600,0014,1783242986,2026-07-05T09:16:55Z,2026-07-05T09:16:55Z,2026-07-05T09:16:25Z,2.2,https://gbfs.kappa.fifteen.eu/gbfs/2.2/mobi/en/gbfs.json,https://gbfs.kappa.fifteen.eu/gbfs/2.2/mobi/en/free_bike_status.json,2026-07-05T09:16:54Z,2026-07-05T09:16:54Z
mobi_vancouver,mobi_vancouver_2b23b648-f3a6-45cf-ac75-c0f5cdb161e4,2b23b648-f3a6-45cf-ac75-c0f5cdb161e4,49.260599,-123.113504,1,FALSE,FALSE,23600,0007,1783242986,2026-07-05T09:16:55Z,2026-07-05T09:16:55Z,2026-07-05T09:16:25Z,2.2,https://gbfs.kappa.fifteen.eu/gbfs/2.2/mobi/en/gbfs.json,https://gbfs.kappa.fifteen.eu/gbfs/2.2/mobi/en/free_bike_status.json,2026-07-05T09:16:54Z,2026-07-05T09:16:54Z
mobi_vancouver,mobi_vancouver_7188104d-5036-4251-8185-d4246a0837d1,7188104d-5036-4251-8185-d4246a0837d1,49.275679,-123.116963,1,FALSE,FALSE,23600,0027,1783242986,2026-07-05T09:16:55Z,2026-07-05T09:16:55Z,2026-07-05T09:16:25Z,2.2,https://gbfs.kappa.fifteen.eu/gbfs/2.2/mobi/en/gbfs.json,https://gbfs.kappa.fifteen.eu/gbfs/2.2/mobi/en/free_bike_status.json,2026-07-05T09:16:54Z,2026-07-05T09:16:54Z
mobi_vancouver,mobi_vancouver_e64b9f6b-0cff-4743-9f40-1873e32eac06,e64b9f6b-0cff-4743-9f40-1873e32eac06,49.28803,-123.142135,1,FALSE,FALSE,23600,0031,1783242986,2026-07-05T09:16:55Z,2026-07-05T09:16:55Z,2026-07-05T09:16:25Z,2.2,https://gbfs.kappa.fifteen.eu/gbfs/2.2/mobi/en/gbfs.json,https://gbfs.kappa.fifteen.eu/gbfs/2.2/mobi/en/free_bike_status.json,2026-07-05T09:16:54Z,2026-07-05T09:16:54Z
mobi_vancouver,mobi_vancouver_7bd830ad-6314-4f30-a400-804bc06c448e,7bd830ad-6314-4f30-a400-804bc06c448e,49.288444,-123.139203,1,FALSE,FALSE,23600,0032,1783242986,2026-07-05T09:16:55Z,2026-07-05T09:16:55Z,2026-07-05T09:16:25Z,2.2,https://gbfs.kappa.fifteen.eu/gbfs/2.2/mobi/en/gbfs.json,https://gbfs.kappa.fifteen.eu/gbfs/2.2/mobi/en/free_bike_status.json,2026-07-05T09:16:54Z,2026-07-05T09:16:54Z
mobi_vancouver,mobi_vancouver_e2e4b984-5349-4d44-bc08-53a01ee5a4ee,e2e4b984-5349-4d44-bc08-53a01ee5a4ee,49.288444,-123.139203,1,FALSE,FALSE,23600,0032,1783242986,2026-07-05T09:16:55Z,2026-07-05T09:16:55Z,2026-07-05T09:16:25Z,2.2,https://gbfs.kappa.fifteen.eu/gbfs/2.2/mobi/en/gbfs.json,https://gbfs.kappa.fifteen.eu/gbfs/2.2/mobi/en/free_bike_status.json,2026-07-05T09:16:54Z,2026-07-05T09:16:54Z
mobi_vancouver,mobi_vancouver_50bfef23-5c85-48d7-91dc-ea7602a526e1,50bfef23-5c85-48d7-91dc-ea7602a526e1,49.289255,-123.132677,1,FALSE,FALSE,23600,0041,1783242986,2026-07-05T09:16:55Z,2026-07-05T09:16:55Z,2026-07-05T09:16:25Z,2.2,https://gbfs.kappa.fifteen.eu/gbfs/2.2/mobi/en/gbfs.json,https://gbfs.kappa.fifteen.eu/gbfs/2.2/mobi/en/free_bike_status.json,2026-07-05T09:16:54Z,2026-07-05T09:16:54Z
mobi_vancouver,mobi_vancouver_3adc06c0-2694-4879-b252-c552135c450a,3adc06c0-2694-4879-b252-c552135c450a,49.28972,-123.144028,1,FALSE,FALSE,23600,0047,1783242986,2026-07-05T09:16:55Z,2026-07-05T09:16:55Z,2026-07-05T09:16:25Z,2.2,https://gbfs.kappa.fifteen.eu/gbfs/2.2/mobi/en/gbfs.json,https://gbfs.kappa.fifteen.eu/gbfs/2.2/mobi/en/free_bike_status.json,2026-07-05T09:16:54Z,2026-07-05T09:16:54Z
mobi_vancouver,mobi_vancouver_3dc07538-0da7-4fa3-b204-866c47663c7e,3dc07538-0da7-4fa3-b204-866c47663c7e,49.285253,-123.134356,1,FALSE,FALSE,23600,0048,1783242986,2026-07-05T09:16:55Z,2026-07-05T09:16:55Z,2026-07-05T09:16:25Z,2.2,https://gbfs.kappa.fifteen.eu/gbfs/2.2/mobi/en/gbfs.json,https://gbfs.kappa.fifteen.eu/gbfs/2.2/mobi/en/free_bike_status.json,2026-07-05T09:16:54Z,2026-07-05T09:16:54Z
mobi_vancouver,mobi_vancouver_44157637-17a3-45c8-a631-05ff32a73ebd,44157637-17a3-45c8-a631-05ff32a73ebd,49.283343,-123.131099,1,FALSE,FALSE,23600,0050,1783242986,2026-07-05T09:16:55Z,2026-07-05T09:16:55Z,2026-07-05T09:16:25Z,2.2,https://gbfs.kappa.fifteen.eu/gbfs/2.2/mobi/en/gbfs.json,https://gbfs.kappa.fifteen.eu/gbfs/2.2/mobi/en/free_bike_status.json,2026-07-05T09:16:54Z,2026-07-05T09:16:54Z
mobi_vancouver,mobi_vancouver_4bf7293f-312e-41fa-92cf-3fe577e150a0,4bf7293f-312e-41fa-92cf-3fe577e150a0,49.273833,-123.114373,1,FALSE,FALSE,23600,0057,1783242986,2026-07-05T09:16:55Z,2026-07-05T09:16:55Z,2026-07-05T09:16:25Z,2.2,https://gbfs.kappa.fifteen.eu/gbfs/2.2/mobi/en/gbfs.json,https://gbfs.kappa.fifteen.eu/gbfs/2.2/mobi/en/free_bike_status.json,2026-07-05T09:16:54Z,2026-07-05T09:16:54Z
mobi_vancouver,mobi_vancouver_080835eb-4442-4b8f-8f10-44d1e6783dc1,080835eb-4442-4b8f-8f10-44d1e6783dc1,49.279821,-123.10802,1,FALSE,FALSE,23600,0053,1783242986,2026-07-05T09:16:55Z,2026-07-05T09:16:55Z,2026-07-05T09:16:25Z,2.2,https://gbfs.kappa.fifteen.eu/gbfs/2.2/mobi/en/gbfs.json,https://gbfs.kappa.fifteen.eu/gbfs/2.2/mobi/en/free_bike_status.json,2026-07-05T09:16:54Z,2026-07-05T09:16:54Z
mobi_vancouver,mobi_vancouver_9993d26a-e90d-4895-82ce-00081b829363,9993d26a-e90d-4895-82ce-00081b829363,49.282759,-123.106955,1,FALSE,FALSE,23600,0030,1783242986,2026-07-05T09:16:55Z,2026-07-05T09:16:55Z,2026-07-05T09:16:25Z,2.2,https://gbfs.kappa.fifteen.eu/gbfs/2.2/mobi/en/gbfs.json,https://gbfs.kappa.fifteen.eu/gbfs/2.2/mobi/en/free_bike_status.json,2026-07-05T09:16:54Z,2026-07-05T09:16:54Z
mobi_vancouver,mobi_vancouver_ed208674-8faa-421c-8fc7-03dc42b13691,ed208674-8faa-421c-8fc7-03dc42b13691,49.265605,-123.152566,1,FALSE,FALSE,23600,0109,1783242986,2026-07-05T09:16:55Z,2026-07-05T09:16:55Z,2026-07-05T09:16:25Z,2.2,https://gbfs.kappa.fifteen.eu/gbfs/2.2/mobi/en/gbfs.json,https://gbfs.kappa.fifteen.eu/gbfs/2.2/mobi/en/free_bike_status.json,2026-07-05T09:16:54Z,2026-07-05T09:16:54Z
mobi_vancouver,mobi_vancouver_8bf19af1-b280-4723-9880-6af3f1cedf34,8bf19af1-b280-4723-9880-6af3f1cedf34,49.287528,-123.142139,1,FALSE,FALSE,23600,0028,1783242986,2026-07-05T09:16:55Z,2026-07-05T09:16:55Z,2026-07-05T09:16:25Z,2.2,https://gbfs.kappa.fifteen.eu/gbfs/2.2/mobi/en/gbfs.json,https://gbfs.kappa.fifteen.eu/gbfs/2.2/mobi/en/free_bike_status.json,2026-07-05T09:16:54Z,2026-07-05T09:16:54Z
mobi_vancouver,mobi_vancouver_41d19ac0-a0e7-4a11-a391-fc6d48ede0e2,41d19ac0-a0e7-4a11-a391-fc6d48ede0e2,49.287528,-123.142139,1,FALSE,FALSE,23600,0028,1783242986,2026-07-05T09:16:55Z,2026-07-05T09:16:55Z,2026-07-05T09:16:25Z,2.2,https://gbfs.kappa.fifteen.eu/gbfs/2.2/mobi/en/gbfs.json,https://gbfs.kappa.fifteen.eu/gbfs/2.2/mobi/en/free_bike_status.json,2026-07-05T09:16:54Z,2026-07-05T09:16:54Z
mobi_vancouver,mobi_vancouver_52090745-2d42-41b8-829b-3f0516a97a81,52090745-2d42-41b8-829b-3f0516a97a81,49.287528,-123.142139,1,FALSE,FALSE,23600,0028,1783242986,2026-07-05T09:16:55Z,2026-07-05T09:16:55Z,2026-07-05T09:16:25Z,2.2,https://gbfs.kappa.fifteen.eu/gbfs/2.2/mobi/en/gbfs.json,https://gbfs.kappa.fifteen.eu/gbfs/2.2/mobi/en/free_bike_status.json,2026-07-05T09:16:54Z,2026-07-05T09:16:54Z
mobi_vancouver,mobi_vancouver_6bf584d7-90d9-41c3-9ecb-d629697abba4,6bf584d7-90d9-41c3-9ecb-d629697abba4,49.288506,-123.131238,2,FALSE,FALSE,23600,0096,1783242986,2026-07-05T09:16:55Z,2026-07-05T09:16:55Z,2026-07-05T09:16:25Z,2.2,https://gbfs.kappa.fifteen.eu/gbfs/2.2/mobi/en/gbfs.json,https://gbfs.kappa.fifteen.eu/gbfs/2.2/mobi/en/free_bike_status.json,2026-07-05T09:16:54Z,2026-07-05T09:16:54Z
mobi_vancouver,mobi_vancouver_5a83c4d2-b18c-43d8-950f-b3982f003b64,5a83c4d2-b18c-43d8-950f-b3982f003b64,49.275717,-123.142564,1,FALSE,FALSE,23600,0077,1783242986,2026-07-05T09:16:55Z,2026-07-05T09:16:55Z,2026-07-05T09:16:25Z,2.2,https://gbfs.kappa.fifteen.eu/gbfs/2.2/mobi/en/gbfs.json,https://gbfs.kappa.fifteen.eu/gbfs/2.2/mobi/en/free_bike_status.json,2026-07-05T09:16:54Z,2026-07-05T09:16:54Z
mobi_vancouver,mobi_vancouver_f2ec86a9-0f39-4d26-b53c-3f7309d8d4f1,f2ec86a9-0f39-4d26-b53c-3f7309d8d4f1,49.277844,-123.120942,1,FALSE,FALSE,23600,0079,1783242986,2026-07-05T09:16:55Z,2026-07-05T09:16:55Z,2026-07-05T09:16:25Z,2.2,https://gbfs.kappa.fifteen.eu/gbfs/2.2/mobi/en/gbfs.json,https://gbfs.kappa.fifteen.eu/gbfs/2.2/mobi/en/free_bike_status.json,2026-07-05T09:16:54Z,2026-07-05T09:16:54Z
mobi_vancouver,mobi_vancouver_97a7547b-2744-4f2c-af7c-04709687dac4,97a7547b-2744-4f2c-af7c-04709687dac4,49.277844,-123.120942,1,FALSE,FALSE,23600,0079,1783242986,2026-07-05T09:16:55Z,2026-07-05T09:16:55Z,2026-07-05T09:16:25Z,2.2,https://gbfs.kappa.fifteen.eu/gbfs/2.2/mobi/en/gbfs.json,https://gbfs.kappa.fifteen.eu/gbfs/2.2/mobi/en/free_bike_status.json,2026-07-05T09:16:54Z,2026-07-05T09:16:54Z
mobi_vancouver,mobi_vancouver_4e874ccc-3124-4680-92c7-87d1c9d7a845,4e874ccc-3124-4680-92c7-87d1c9d7a845,49.28526,-123.141809,1,FALSE,FALSE,23600,0060,1783242986,2026-07-05T09:16:55Z,2026-07-05T09:16:55Z,2026-07-05T09:16:25Z,2.2,https://gbfs.kappa.fifteen.eu/gbfs/2.2/mobi/en/gbfs.json,https://gbfs.kappa.fifteen.eu/gbfs/2.2/mobi/en/free_bike_status.json,2026-07-05T09:16:54Z,2026-07-05T09:16:54Z
mobi_vancouver,mobi_vancouver_4e286566-e6d0-4a1f-b68f-e26a675ccbaf,4e286566-e6d0-4a1f-b68f-e26a675ccbaf,49.28526,-123.141809,1,FALSE,FALSE,23600,0060,1783242986,2026-07-05T09:16:55Z,2026-07-05T09:16:55Z,2026-07-05T09:16:25Z,2.2,https://gbfs.kappa.fifteen.eu/gbfs/2.2/mobi/en/gbfs.json,https://gbfs.kappa.fifteen.eu/gbfs/2.2/mobi/en/free_bike_status.json,2026-07-05T09:16:54Z,2026-07-05T09:16:54Z
mobi_vancouver,mobi_vancouver_cd91569d-7456-4a78-a131-a490b93ae25c,cd91569d-7456-4a78-a131-a490b93ae25c,49.272827,-123.147744,1,FALSE,FALSE,23600,0065,1783242986,2026-07-05T09:16:55Z,2026-07-05T09:16:55Z,2026-07-05T09:16:25Z,2.2,https://gbfs.kappa.fifteen.eu/gbfs/2.2/mobi/en/gbfs.json,https://gbfs.kappa.fifteen.eu/gbfs/2.2/mobi/en/free_bike_status.json,2026-07-05T09:16:54Z,2026-07-05T09:16:54Z
mobi_vancouver,mobi_vancouver_ab670a5e-2972-49ca-b448-73c0e9471f43,ab670a5e-2972-49ca-b448-73c0e9471f43,49.293257,-123.138563,1,FALSE,FALSE,23600,0093,1783242986,2026-07-05T09:16:55Z,2026-07-05T09:16:55Z,2026-07-05T09:16:25Z,2.2,https://gbfs.kappa.fifteen.eu/gbfs/2.2/mobi/en/gbfs.json,https://gbfs.kappa.fifteen.eu/gbfs/2.2/mobi/en/free_bike_status.json,2026-07-05T09:16:54Z,2026-07-05T09:16:54Z
mobi_vancouver,mobi_vancouver_bcd6a86a-abe4-4835-ab60-7b5c5e7e0cc8,bcd6a86a-abe4-4835-ab60-7b5c5e7e0cc8,49.293257,-123.138563,1,FALSE,FALSE,23600,0093,1783242986,2026-07-05T09:16:55Z,2026-07-05T09:16:55Z,2026-07-05T09:16:25Z,2.2,https://gbfs.kappa.fifteen.eu/gbfs/2.2/mobi/en/gbfs.json,https://gbfs.kappa.fifteen.eu/gbfs/2.2/mobi/en/free_bike_status.json,2026-07-05T09:16:54Z,2026-07-05T09:16:54Z
mobi_vancouver,mobi_vancouver_d471336e-5e46-4fbb-b0e0-1f883c92765c,d471336e-5e46-4fbb-b0e0-1f883c92765c,49.273471,-123.118016,1,FALSE,FALSE,23600,0017,1783242986,2026-07-05T09:16:55Z,2026-07-05T09:16:55Z,2026-07-05T09:16:25Z,2.2,https://gbfs.kappa.fifteen.eu/gbfs/2.2/mobi/en/gbfs.json,https://gbfs.kappa.fifteen.eu/gbfs/2.2/mobi/en/free_bike_status.json,2026-07-05T09:16:54Z,2026-07-05T09:16:54Z
mobi_vancouver,mobi_vancouver_208f0599-f6c3-414e-8df3-f057ff1c9e95,208f0599-f6c3-414e-8df3-f057ff1c9e95,49.273471,-123.118016,1,FALSE,FALSE,23600,0017,1783242986,2026-07-05T09:16:55Z,2026-07-05T09:16:55Z,2026-07-05T09:16:25Z,2.2,https://gbfs.kappa.fifteen.eu/gbfs/2.2/mobi/en/gbfs.json,https://gbfs.kappa.fifteen.eu/gbfs/2.2/mobi/en/free_bike_status.json,2026-07-05T09:16:54Z,2026-07-05T09:16:54Z
mobi_vancouver,mobi_vancouver_085effef-228f-4e16-bd56-e5e2a82b73a0,085effef-228f-4e16-bd56-e5e2a82b73a0,49.273471,-123.118016,1,FALSE,FALSE,23600,0017,1783242986,2026-07-05T09:16:55Z,2026-07-05T09:16:55Z,2026-07-05T09:16:25Z,2.2,https://gbfs.kappa.fifteen.eu/gbfs/2.2/mobi/en/gbfs.json,https://gbfs.kappa.fifteen.eu/gbfs/2.2/mobi/en/free_bike_status.json,2026-07-05T09:16:54Z,2026-07-05T09:16:54Z
mobi_vancouver,mobi_vancouver_ed649445-bf4d-4465-b44c-f8169d32196e,ed649445-bf4d-4465-b44c-f8169d32196e,49.269969,-123.109623,1,FALSE,FALSE,23600,0173,1783242986,2026-07-05T09:16:55Z,2026-07-05T09:16:55Z,2026-07-05T09:16:25Z,2.2,https://gbfs.kappa.fifteen.eu/gbfs/2.2/mobi/en/gbfs.json,https://gbfs.kappa.fifteen.eu/gbfs/2.2/mobi/en/free_bike_status.json,2026-07-05T09:16:54Z,2026-07-05T09:16:54Z
mobi_vancouver,mobi_vancouver_f13a5cb9-abac-40fe-b540-f50b4bc6fe94,f13a5cb9-abac-40fe-b540-f50b4bc6fe94,49.269969,-123.109623,1,FALSE,FALSE,23600,0173,1783242986,2026-07-05T09:16:55Z,2026-07-05T09:16:55Z,2026-07-05T09:16:25Z,2.2,https://gbfs.kappa.fifteen.eu/gbfs/2.2/mobi/en/gbfs.json,https://gbfs.kappa.fifteen.eu/gbfs/2.2/mobi/en/free_bike_status.json,2026-07-05T09:16:54Z,2026-07-05T09:16:54Z
mobi_vancouver,mobi_vancouver_1d3b21ad-7d93-4e22-b37f-082e58923af3,1d3b21ad-7d93-4e22-b37f-082e58923af3,49.266476,-123.109389,1,FALSE,FALSE,23600,0165,1783242986,2026-07-05T09:16:55Z,2026-07-05T09:16:55Z,2026-07-05T09:16:25Z,2.2,https://gbfs.kappa.fifteen.eu/gbfs/2.2/mobi/en/gbfs.json,https://gbfs.kappa.fifteen.eu/gbfs/2.2/mobi/en/free_bike_status.json,2026-07-05T09:16:54Z,2026-07-05T09:16:54Z
mobi_vancouver,mobi_vancouver_96500768-3d97-4bc1-8030-cec4a98ce2c2,96500768-3d97-4bc1-8030-cec4a98ce2c2,49.27023,-123.10651,1,FALSE,FALSE,23600,0174,1783242986,2026-07-05T09:16:55Z,2026-07-05T09:16:55Z,2026-07-05T09:16:25Z,2.2,https://gbfs.kappa.fifteen.eu/gbfs/2.2/mobi/en/gbfs.json,https://gbfs.kappa.fifteen.eu/gbfs/2.2/mobi/en/free_bike_status.json,2026-07-05T09:16:54Z,2026-07-05T09:16:54Z
mobi_vancouver,mobi_vancouver_6553c644-61b0-4021-b7a4-2a38ad3d3b4d,6553c644-61b0-4021-b7a4-2a38ad3d3b4d,49.27023,-123.10651,2,FALSE,FALSE,23600,0174,1783242986,2026-07-05T09:16:55Z,2026-07-05T09:16:55Z,2026-07-05T09:16:25Z,2.2,https://gbfs.kappa.fifteen.eu/gbfs/2.2/mobi/en/gbfs.json,https://gbfs.kappa.fifteen.eu/gbfs/2.2/mobi/en/free_bike_status.json,2026-07-05T09:16:54Z,2026-07-05T09:16:54Z
mobi_vancouver,mobi_vancouver_edd0e032-ecac-4ee7-b24e-64eb7c6af714,edd0e032-ecac-4ee7-b24e-64eb7c6af714,49.27821,-123.136972,1,FALSE,FALSE,23600,0083,1783242986,2026-07-05T09:16:55Z,2026-07-05T09:16:55Z,2026-07-05T09:16:25Z,2.2,https://gbfs.kappa.fifteen.eu/gbfs/2.2/mobi/en/gbfs.json,https://gbfs.kappa.fifteen.eu/gbfs/2.2/mobi/en/free_bike_status.json,2026-07-05T09:16:54Z,2026-07-05T09:16:54Z
mobi_vancouver,mobi_vancouver_2d7cede5-c4fc-4c5a-bac8-84e6edf71e33,2d7cede5-c4fc-4c5a-bac8-84e6edf71e33,49.27821,-123.136972,1,FALSE,FALSE,23600,0083,1783242986,2026-07-05T09:16:55Z,2026-07-05T09:16:55Z,2026-07-05T09:16:25Z,2.2,https://gbfs.kappa.fifteen.eu/gbfs/2.2/mobi/en/gbfs.json,https://gbfs.kappa.fifteen.eu/gbfs/2.2/mobi/en/free_bike_status.json,2026-07-05T09:16:54Z,2026-07-05T09:16:54Z
mobi_vancouver,mobi_vancouver_c03faf62-c753-4816-8318-34ced1c4a3d2,c03faf62-c753-4816-8318-34ced1c4a3d2,49.256845,-123.120071,1,FALSE,FALSE,23600,0130,1783242986,2026-07-05T09:16:55Z,2026-07-05T09:16:55Z,2026-07-05T09:16:25Z,2.2,https://gbfs.kappa.fifteen.eu/gbfs/2.2/mobi/en/gbfs.json,https://gbfs.kappa.fifteen.eu/gbfs/2.2/mobi/en/free_bike_status.json,2026-07-05T09:16:54Z,2026-07-05T09:16:54Z
mobi_vancouver,mobi_vancouver_972a1a6b-fd3b-4ba5-b291-2a638fa3e1e8,972a1a6b-fd3b-4ba5-b291-2a638fa3e1e8,49.284157,-123.099917,1,FALSE,FALSE,23600,0150,1783242986,2026-07-05T09:16:55Z,2026-07-05T09:16:55Z,2026-07-05T09:16:25Z,2.2,https://gbfs.kappa.fifteen.eu/gbfs/2.2/mobi/en/gbfs.json,https://gbfs.kappa.fifteen.eu/gbfs/2.2/mobi/en/free_bike_status.json,2026-07-05T09:16:54Z,2026-07-05T09:16:54Z
mobi_vancouver,mobi_vancouver_d8f3e672-9b58-41b4-916a-848c2e785fb0,d8f3e672-9b58-41b4-916a-848c2e785fb0,49.261742,-123.13148,1,FALSE,FALSE,23600,0166,1783242986,2026-07-05T09:16:55Z,2026-07-05T09:16:55Z,2026-07-05T09:16:25Z,2.2,https://gbfs.kappa.fifteen.eu/gbfs/2.2/mobi/en/gbfs.json,https://gbfs.kappa.fifteen.eu/gbfs/2.2/mobi/en/free_bike_status.json,2026-07-05T09:16:54Z,2026-07-05T09:16:54Z
mobi_vancouver,mobi_vancouver_0dc17891-b36f-47f1-9532-aeab65740933,0dc17891-b36f-47f1-9532-aeab65740933,49.261742,-123.13148,1,FALSE,FALSE,23600,0166,1783242986,2026-07-05T09:16:55Z,2026-07-05T09:16:55Z,2026-07-05T09:16:25Z,2.2,https://gbfs.kappa.fifteen.eu/gbfs/2.2/mobi/en/gbfs.json,https://gbfs.kappa.fifteen.eu/gbfs/2.2/mobi/en/free_bike_status.json,2026-07-05T09:16:54Z,2026-07-05T09:16:54Z
mobi_vancouver,mobi_vancouver_164292d6-2232-4bd8-a0a5-b118a78b600c,164292d6-2232-4bd8-a0a5-b118a78b600c,49.276292,-123.150592,1,FALSE,FALSE,23600,0155,1783242986,2026-07-05T09:16:55Z,2026-07-05T09:16:55Z,2026-07-05T09:16:25Z,2.2,https://gbfs.kappa.fifteen.eu/gbfs/2.2/mobi/en/gbfs.json,https://gbfs.kappa.fifteen.eu/gbfs/2.2/mobi/en/free_bike_status.json,2026-07-05T09:16:54Z,2026-07-05T09:16:54Z
mobi_vancouver,mobi_vancouver_caa50fb5-ffc2-4e6f-b072-bd8aeb828998,caa50fb5-ffc2-4e6f-b072-bd8aeb828998,49.281506,-123.120101,1,FALSE,FALSE,23600,0063,1783242986,2026-07-05T09:16:55Z,2026-07-05T09:16:55Z,2026-07-05T09:16:25Z,2.2,https://gbfs.kappa.fifteen.eu/gbfs/2.2/mobi/en/gbfs.json,https://gbfs.kappa.fifteen.eu/gbfs/2.2/mobi/en/free_bike_status.json,2026-07-05T09:16:54Z,2026-07-05T09:16:54Z
mobi_vancouver,mobi_vancouver_d3a2c1b0-5009-4bdb-9682-9d889d8eaaed,d3a2c1b0-5009-4bdb-9682-9d889d8eaaed,49.274566,-123.121817,1,FALSE,FALSE,23600,0004,1783242986,2026-07-05T09:16:55Z,2026-07-05T09:16:55Z,2026-07-05T09:16:25Z,2.2,https://gbfs.kappa.fifteen.eu/gbfs/2.2/mobi/en/gbfs.json,https://gbfs.kappa.fifteen.eu/gbfs/2.2/mobi/en/free_bike_status.json,2026-07-05T09:16:54Z,2026-07-05T09:16:54Z
mobi_vancouver,mobi_vancouver_a6cb8e97-3c34-40ea-82d6-6b03821f94f4,a6cb8e97-3c34-40ea-82d6-6b03821f94f4,49.290112,-123.127062,1,FALSE,FALSE,23600,0035,1783242986,2026-07-05T09:16:55Z,2026-07-05T09:16:55Z,2026-07-05T09:16:25Z,2.2,https://gbfs.kappa.fifteen.eu/gbfs/2.2/mobi/en/gbfs.json,https://gbfs.kappa.fifteen.eu/gbfs/2.2/mobi/en/free_bike_status.json,2026-07-05T09:16:54Z,2026-07-05T09:16:54Z
mobi_vancouver,mobi_vancouver_8f399d05-9b45-4c69-bbfa-e4b465761e7a,8f399d05-9b45-4c69-bbfa-e4b465761e7a,49.299292,-123.130281,1,FALSE,FALSE,23600,0101,1783242986,2026-07-05T09:16:55Z,2026-07-05T09:16:55Z,2026-07-05T09:16:25Z,2.2,https://gbfs.kappa.fifteen.eu/gbfs/2.2/mobi/en/gbfs.json,https://gbfs.kappa.fifteen.eu/gbfs/2.2/mobi/en/free_bike_status.json,2026-07-05T09:16:54Z,2026-07-05T09:16:54Z
mobi_vancouver,mobi_vancouver_b1bb8ede-50ae-4792-865c-f00f156188e7,b1bb8ede-50ae-4792-865c-f00f156188e7,49.29534,-123.150433,1,FALSE,FALSE,23600,0102,1783242986,2026-07-05T09:16:55Z,2026-07-05T09:16:55Z,2026-07-05T09:16:25Z,2.2,https://gbfs.kappa.fifteen.eu/gbfs/2.2/mobi/en/gbfs.json,https://gbfs.kappa.fifteen.eu/gbfs/2.2/mobi/en/free_bike_status.json,2026-07-05T09:16:54Z,2026-07-05T09:16:54Z
mobi_vancouver,mobi_vancouver_c5e8f681-ecbd-421e-a6e1-35f977ffd0d0,c5e8f681-ecbd-421e-a6e1-35f977ffd0d0,49.29534,-123.150433,1,FALSE,FALSE,23600,0102,1783242986,2026-07-05T09:16:55Z,2026-07-05T09:16:55Z,2026-07-05T09:16:25Z,2.2,https://gbfs.kappa.fifteen.eu/gbfs/2.2/mobi/en/gbfs.json,https://gbfs.kappa.fifteen.eu/gbfs/2.2/mobi/en/free_bike_status.json,2026-07-05T09:16:54Z,2026-07-05T09:16:54Z
mobi_vancouver,mobi_vancouver_22552b09-0595-4692-b749-019c6a345d69,22552b09-0595-4692-b749-019c6a345d69,49.294318,-123.148808,1,FALSE,FALSE,23600,0104,1783242986,2026-07-05T09:16:55Z,2026-07-05T09:16:55Z,2026-07-05T09:16:25Z,2.2,https://gbfs.kappa.fifteen.eu/gbfs/2.2/mobi/en/gbfs.json,https://gbfs.kappa.fifteen.eu/gbfs/2.2/mobi/en/free_bike_status.json,2026-07-05T09:16:54Z,2026-07-05T09:16:54Z
mobi_vancouver,mobi_vancouver_167756eb-b977-4985-ba70-b8e6f6ccad5c,167756eb-b977-4985-ba70-b8e6f6ccad5c,49.294318,-123.148808,2,FALSE,FALSE,23600,0104,1783242986,2026-07-05T09:16:55Z,2026-07-05T09:16:55Z,2026-07-05T09:16:25Z,2.2,https://gbfs.kappa.fifteen.eu/gbfs/2.2/mobi/en/gbfs.json,https://gbfs.kappa.fifteen.eu/gbfs/2.2/mobi/en/free_bike_status.json,2026-07-05T09:16:54Z,2026-07-05T09:16:54Z
mobi_vancouver,mobi_vancouver_09e4f0a8-4c51-4b60-9566-6074aa43c716,09e4f0a8-4c51-4b60-9566-6074aa43c716,49.297933,-123.130758,1,FALSE,FALSE,23600,0209,1783242986,2026-07-05T09:16:55Z,2026-07-05T09:16:55Z,2026-07-05T09:16:25Z,2.2,https://gbfs.kappa.fifteen.eu/gbfs/2.2/mobi/en/gbfs.json,https://gbfs.kappa.fifteen.eu/gbfs/2.2/mobi/en/free_bike_status.json,2026-07-05T09:16:54Z,2026-07-05T09:16:54Z
mobi_vancouver,mobi_vancouver_7ddabaaf-2b19-47aa-b352-4e68537fbb10,7ddabaaf-2b19-47aa-b352-4e68537fbb10,49.297933,-123.130758,1,FALSE,FALSE,23600,0209,1783242986,2026-07-05T09:16:55Z,2026-07-05T09:16:55Z,2026-07-05T09:16:25Z,2.2,https://gbfs.kappa.fifteen.eu/gbfs/2.2/mobi/en/gbfs.json,https://gbfs.kappa.fifteen.eu/gbfs/2.2/mobi/en/free_bike_status.json,2026-07-05T09:16:54Z,2026-07-05T09:16:54Z
mobi_vancouver,mobi_vancouver_aab56b9a-c79c-469a-80f4-e67504403fc8,aab56b9a-c79c-469a-80f4-e67504403fc8,49.297933,-123.130758,1,FALSE,FALSE,23600,0209,1783242986,2026-07-05T09:16:55Z,2026-07-05T09:16:55Z,2026-07-05T09:16:25Z,2.2,https://gbfs.kappa.fifteen.eu/gbfs/2.2/mobi/en/gbfs.json,https://gbfs.kappa.fifteen.eu/gbfs/2.2/mobi/en/free_bike_status.json,2026-07-05T09:16:54Z,2026-07-05T09:16:54Z
mobi_vancouver,mobi_vancouver_2e341a65-80bd-4f5e-9996-6b4d1f3c1611,2e341a65-80bd-4f5e-9996-6b4d1f3c1611,49.266456,-123.100324,1,FALSE,FALSE,23600,0198,1783242986,2026-07-05T09:16:55Z,2026-07-05T09:16:55Z,2026-07-05T09:16:25Z,2.2,https://gbfs.kappa.fifteen.eu/gbfs/2.2/mobi/en/gbfs.json,https://gbfs.kappa.fifteen.eu/gbfs/2.2/mobi/en/free_bike_status.json,2026-07-05T09:16:54Z,2026-07-05T09:16:54Z
mobi_vancouver,mobi_vancouver_08a8164f-bd89-45b7-b716-3479644a833f,08a8164f-bd89-45b7-b716-3479644a833f,49.266774,-123.141135,1,FALSE,FALSE,23600,0153,1783242986,2026-07-05T09:16:55Z,2026-07-05T09:16:55Z,2026-07-05T09:16:25Z,2.2,https://gbfs.kappa.fifteen.eu/gbfs/2.2/mobi/en/gbfs.json,https://gbfs.kappa.fifteen.eu/gbfs/2.2/mobi/en/free_bike_status.json,2026-07-05T09:16:54Z,2026-07-05T09:16:54Z
mobi_vancouver,mobi_vancouver_0f37036a-8266-4dd0-8b6b-a540ff597dcb,0f37036a-8266-4dd0-8b6b-a540ff597dcb,49.283227,-123.120523,1,FALSE,FALSE,23600,0099,1783242986,2026-07-05T09:16:55Z,2026-07-05T09:16:55Z,2026-07-05T09:16:25Z,2.2,https://gbfs.kappa.fifteen.eu/gbfs/2.2/mobi/en/gbfs.json,https://gbfs.kappa.fifteen.eu/gbfs/2.2/mobi/en/free_bike_status.json,2026-07-05T09:16:54Z,2026-07-05T09:16:54Z
mobi_vancouver,mobi_vancouver_5fe8e4d5-7a72-4f18-8033-0622184ed59b,5fe8e4d5-7a72-4f18-8033-0622184ed59b,49.283227,-123.120523,1,FALSE,FALSE,23600,0099,1783242986,2026-07-05T09:16:55Z,2026-07-05T09:16:55Z,2026-07-05T09:16:25Z,2.2,https://gbfs.kappa.fifteen.eu/gbfs/2.2/mobi/en/gbfs.json,https://gbfs.kappa.fifteen.eu/gbfs/2.2/mobi/en/free_bike_status.json,2026-07-05T09:16:54Z,2026-07-05T09:16:54Z
mobi_vancouver,mobi_vancouver_976fe988-320c-4d22-be3f-176a70e6049c,976fe988-320c-4d22-be3f-176a70e6049c,49.283227,-123.120523,1,FALSE,FALSE,23600,0099,1783242986,2026-07-05T09:16:55Z,2026-07-05T09:16:55Z,2026-07-05T09:16:25Z,2.2,https://gbfs.kappa.fifteen.eu/gbfs/2.2/mobi/en/gbfs.json,https://gbfs.kappa.fifteen.eu/gbfs/2.2/mobi/en/free_bike_status.json,2026-07-05T09:16:54Z,2026-07-05T09:16:54Z
mobi_vancouver,mobi_vancouver_e6841403-e4d3-43f9-9b97-90cea77dc73f,e6841403-e4d3-43f9-9b97-90cea77dc73f,49.283227,-123.120523,1,FALSE,FALSE,23600,0099,1783242986,2026-07-05T09:16:55Z,2026-07-05T09:16:55Z,2026-07-05T09:16:25Z,2.2,https://gbfs.kappa.fifteen.eu/gbfs/2.2/mobi/en/gbfs.json,https://gbfs.kappa.fifteen.eu/gbfs/2.2/mobi/en/free_bike_status.json,2026-07-05T09:16:54Z,2026-07-05T09:16:54Z
mobi_vancouver,mobi_vancouver_c0dcd25d-4402-43ee-b0cf-3dd37bb51136,c0dcd25d-4402-43ee-b0cf-3dd37bb51136,49.267628,-123.127698,1,FALSE,FALSE,23600,0143,1783242986,2026-07-05T09:16:55Z,2026-07-05T09:16:55Z,2026-07-05T09:16:25Z,2.2,https://gbfs.kappa.fifteen.eu/gbfs/2.2/mobi/en/gbfs.json,https://gbfs.kappa.fifteen.eu/gbfs/2.2/mobi/en/free_bike_status.json,2026-07-05T09:16:54Z,2026-07-05T09:16:54Z
mobi_vancouver,mobi_vancouver_6e20b33b-ce0c-4b38-81b0-6f30c8e69ebe,6e20b33b-ce0c-4b38-81b0-6f30c8e69ebe,49.261353,-123.085333,1,FALSE,FALSE,23600,0265,1783242986,2026-07-05T09:16:55Z,2026-07-05T09:16:55Z,2026-07-05T09:16:25Z,2.2,https://gbfs.kappa.fifteen.eu/gbfs/2.2/mobi/en/gbfs.json,https://gbfs.kappa.fifteen.eu/gbfs/2.2/mobi/en/free_bike_status.json,2026-07-05T09:16:54Z,2026-07-05T09:16:54Z
mobi_vancouver,mobi_vancouver_c58a9bcf-e813-4482-a452-9db78bce7567,c58a9bcf-e813-4482-a452-9db78bce7567,49.26151,-123.089413,1,FALSE,FALSE,23600,0260,1783242986,2026-07-05T09:16:55Z,2026-07-05T09:16:55Z,2026-07-05T09:16:25Z,2.2,https://gbfs.kappa.fifteen.eu/gbfs/2.2/mobi/en/gbfs.json,https://gbfs.kappa.fifteen.eu/gbfs/2.2/mobi/en/free_bike_status.json,2026-07-05T09:16:54Z,2026-07-05T09:16:54Z
mobi_vancouver,mobi_vancouver_1647f63d-4851-45a5-af02-82cee29f146c,1647f63d-4851-45a5-af02-82cee29f146c,49.283992,-123.091206,1,FALSE,FALSE,23600,0230,1783242986,2026-07-05T09:16:55Z,2026-07-05T09:16:55Z,2026-07-05T09:16:25Z,2.2,https://gbfs.kappa.fifteen.eu/gbfs/2.2/mobi/en/gbfs.json,https://gbfs.kappa.fifteen.eu/gbfs/2.2/mobi/en/free_bike_status.json,2026-07-05T09:16:54Z,2026-07-05T09:16:54Z
mobi_vancouver,mobi_vancouver_dc8db3d6-813f-4b2e-8a5f-6d02cd310842,dc8db3d6-813f-4b2e-8a5f-6d02cd310842,49.277469,-123.081315,1,FALSE,FALSE,23600,0221,1783242986,2026-07-05T09:16:55Z,2026-07-05T09:16:55Z,2026-07-05T09:16:25Z,2.2,https://gbfs.kappa.fifteen.eu/gbfs/2.2/mobi/en/gbfs.json,https://gbfs.kappa.fifteen.eu/gbfs/2.2/mobi/en/free_bike_status.json,2026-07-05T09:16:54Z,2026-07-05T09:16:54Z
mobi_vancouver,mobi_vancouver_c26c4a19-4569-4621-a6f5-fdc126157dcf,c26c4a19-4569-4621-a6f5-fdc126157dcf,49.28567,-123.112543,1,FALSE,FALSE,23600,0021,1783242986,2026-07-05T09:16:55Z,2026-07-05T09:16:55Z,2026-07-05T09:16:25Z,2.2,https://gbfs.kappa.fifteen.eu/gbfs/2.2/mobi/en/gbfs.json,https://gbfs.kappa.fifteen.eu/gbfs/2.2/mobi/en/free_bike_status.json,2026-07-05T09:16:54Z,2026-07-05T09:16:54Z
mobi_vancouver,mobi_vancouver_576cc7e7-ee02-4ee9-bfdc-7eb605e4efa0,576cc7e7-ee02-4ee9-bfdc-7eb605e4efa0,49.28567,-123.112543,1,FALSE,FALSE,23600,0021,1783242986,2026-07-05T09:16:55Z,2026-07-05T09:16:55Z,2026-07-05T09:16:25Z,2.2,https://gbfs.kappa.fifteen.eu/gbfs/2.2/mobi/en/gbfs.json,https://gbfs.kappa.fifteen.eu/gbfs/2.2/mobi/en/free_bike_status.json,2026-07-05T09:16:54Z,2026-07-05T09:16:54Z
mobi_vancouver,mobi_vancouver_6a244548-c368-4e1d-a0ae-0795a25929aa,6a244548-c368-4e1d-a0ae-0795a25929aa,49.262141,-123.101961,1,FALSE,FALSE,23600,0074,1783242986,2026-07-05T09:16:55Z,2026-07-05T09:16:55Z,2026-07-05T09:16:25Z,2.2,https://gbfs.kappa.fifteen.eu/gbfs/2.2/mobi/en/gbfs.json,https://gbfs.kappa.fifteen.eu/gbfs/2.2/mobi/en/free_bike_status.json,2026-07-05T09:16:54Z,2026-07-05T09:16:54Z
mobi_vancouver,mobi_vancouver_bdf4394c-4974-45d7-b164-7b3acadbda96,bdf4394c-4974-45d7-b164-7b3acadbda96,49.263518,-123.09568,1,FALSE,FALSE,23600,0262,1783242986,2026-07-05T09:16:55Z,2026-07-05T09:16:55Z,2026-07-05T09:16:25Z,2.2,https://gbfs.kappa.fifteen.eu/gbfs/2.2/mobi/en/gbfs.json,https://gbfs.kappa.fifteen.eu/gbfs/2.2/mobi/en/free_bike_status.json,2026-07-05T09:16:54Z,2026-07-05T09:16:54Z
mobi_vancouver,mobi_vancouver_1ca3757a-e822-42d0-b2f0-8b203dc31482,1ca3757a-e822-42d0-b2f0-8b203dc31482,49.258817,-123.092797,1,FALSE,FALSE,23600,0258,1783242986,2026-07-05T09:16:55Z,2026-07-05T09:16:55Z,2026-07-05T09:16:25Z,2.2,https://gbfs.kappa.fifteen.eu/gbfs/2.2/mobi/en/gbfs.json,https://gbfs.kappa.fifteen.eu/gbfs/2.2/mobi/en/free_bike_status.json,2026-07-05T09:16:54Z,2026-07-05T09:16:54Z
mobi_vancouver,mobi_vancouver_898fce3a-6057-4151-8fd3-4af3b766c2a2,898fce3a-6057-4151-8fd3-4af3b766c2a2,49.2731,-123.0732,1,FALSE,FALSE,23600,0253,1783242986,2026-07-05T09:16:55Z,2026-07-05T09:16:55Z,2026-07-05T09:16:25Z,2.2,https://gbfs.kappa.fifteen.eu/gbfs/2.2/mobi/en/gbfs.json,https://gbfs.kappa.fifteen.eu/gbfs/2.2/mobi/en/free_bike_status.json,2026-07-05T09:16:54Z,2026-07-05T09:16:54Z
mobi_vancouver,mobi_vancouver_052886b1-8a4f-4f57-a3a5-c112ad78b7ee,052886b1-8a4f-4f57-a3a5-c112ad78b7ee,49.283986,-123.065264,1,FALSE,FALSE,23600,0280,1783242986,2026-07-05T09:16:55Z,2026-07-05T09:16:55Z,2026-07-05T09:16:25Z,2.2,https://gbfs.kappa.fifteen.eu/gbfs/2.2/mobi/en/gbfs.json,https://gbfs.kappa.fifteen.eu/gbfs/2.2/mobi/en/free_bike_status.json,2026-07-05T09:16:54Z,2026-07-05T09:16:54Z
mobi_vancouver,mobi_vancouver_37234c6d-75b6-41d8-b5da-870ac103e114,37234c6d-75b6-41d8-b5da-870ac103e114,49.265242,-123.095577,1,FALSE,FALSE,23600,0297,1783242986,2026-07-05T09:16:55Z,2026-07-05T09:16:55Z,2026-07-05T09:16:25Z,2.2,https://gbfs.kappa.fifteen.eu/gbfs/2.2/mobi/en/gbfs.json,https://gbfs.kappa.fifteen.eu/gbfs/2.2/mobi/en/free_bike_status.json,2026-07-05T09:16:54Z,2026-07-05T09:16:54Z
mobi_vancouver,mobi_vancouver_c05bef5c-b174-4bef-b0d6-d735e5528d97,c05bef5c-b174-4bef-b0d6-d735e5528d97,49.273691,-123.102232,1,FALSE,FALSE,23600,0193,1783242986,2026-07-05T09:16:55Z,2026-07-05T09:16:55Z,2026-07-05T09:16:25Z,2.2,https://gbfs.kappa.fifteen.eu/gbfs/2.2/mobi/en/gbfs.json,https://gbfs.kappa.fifteen.eu/gbfs/2.2/mobi/en/free_bike_status.json,2026-07-05T09:16:54Z,2026-07-05T09:16:54Z
mobi_vancouver,mobi_vancouver_11d6e589-3708-4aca-a60a-d8e1aff571b0,11d6e589-3708-4aca-a60a-d8e1aff571b0,49.27033,-123.10275,1,FALSE,FALSE,23600,0177,1783242986,2026-07-05T09:16:55Z,2026-07-05T09:16:55Z,2026-07-05T09:16:25Z,2.2,https://gbfs.kappa.fifteen.eu/gbfs/2.2/mobi/en/gbfs.json,https://gbfs.kappa.fifteen.eu/gbfs/2.2/mobi/en/free_bike_status.json,2026-07-05T09:16:54Z,2026-07-05T09:16:54Z
mobi_vancouver,mobi_vancouver_e8d5bfbc-cf90-45ee-820c-a651e5f208b8,e8d5bfbc-cf90-45ee-820c-a651e5f208b8,49.27551,-123.13307,1,FALSE,FALSE,23600,0045,1783242986,2026-07-05T09:16:55Z,2026-07-05T09:16:55Z,2026-07-05T09:16:25Z,2.2,https://gbfs.kappa.fifteen.eu/gbfs/2.2/mobi/en/gbfs.json,https://gbfs.kappa.fifteen.eu/gbfs/2.2/mobi/en/free_bike_status.json,2026-07-05T09:16:54Z,2026-07-05T09:16:54Z
mobi_vancouver,mobi_vancouver_71c1d3db-2cb7-4b54-9ff3-b78babf4058f,71c1d3db-2cb7-4b54-9ff3-b78babf4058f,49.277615,-123.091654,1,FALSE,FALSE,23600,0215,1783242986,2026-07-05T09:16:55Z,2026-07-05T09:16:55Z,2026-07-05T09:16:25Z,2.2,https://gbfs.kappa.fifteen.eu/gbfs/2.2/mobi/en/gbfs.json,https://gbfs.kappa.fifteen.eu/gbfs/2.2/mobi/en/free_bike_status.json,2026-07-05T09:16:54Z,2026-07-05T09:16:54Z
mobi_vancouver,mobi_vancouver_2076f0a5-497e-4990-9842-ecb2ac04e714,2076f0a5-497e-4990-9842-ecb2ac04e714,49.277615,-123.091654,1,FALSE,FALSE,23600,0215,1783242986,2026-07-05T09:16:55Z,2026-07-05T09:16:55Z,2026-07-05T09:16:25Z,2.2,https://gbfs.kappa.fifteen.eu/gbfs/2.2/mobi/en/gbfs.json,https://gbfs.kappa.fifteen.eu/gbfs/2.2/mobi/en/free_bike_status.json,2026-07-05T09:16:54Z,2026-07-05T09:16:54Z
mobi_vancouver,mobi_vancouver_4cbb3a40-7ed3-4068-9943-46ef1c764bb6,4cbb3a40-7ed3-4068-9943-46ef1c764bb6,49.267725,-123.11311,1,FALSE,FALSE,23600,0144,1783242986,2026-07-05T09:16:55Z,2026-07-05T09:16:55Z,2026-07-05T09:16:25Z,2.2,https://gbfs.kappa.fifteen.eu/gbfs/2.2/mobi/en/gbfs.json,https://gbfs.kappa.fifteen.eu/gbfs/2.2/mobi/en/free_bike_status.json,2026-07-05T09:16:54Z,2026-07-05T09:16:54Z
mobi_vancouver,mobi_vancouver_70151b98-ca70-4da2-9a79-b9575010f2fc,70151b98-ca70-4da2-9a79-b9575010f2fc,49.264483,-123.173926,1,FALSE,FALSE,23600,0444,1783242986,2026-07-05T09:16:55Z,2026-07-05T09:16:55Z,2026-07-05T09:16:25Z,2.2,https://gbfs.kappa.fifteen.eu/gbfs/2.2/mobi/en/gbfs.json,https://gbfs.kappa.fifteen.eu/gbfs/2.2/mobi/en/free_bike_status.json,2026-07-05T09:16:54Z,2026-07-05T09:16:54Z
mobi_vancouver,mobi_vancouver_3fa090cd-605e-437e-a043-9153bab0e961,3fa090cd-605e-437e-a043-9153bab0e961,49.264483,-123.173926,1,FALSE,FALSE,23600,0444,1783242986,2026-07-05T09:16:55Z,2026-07-05T09:16:55Z,2026-07-05T09:16:25Z,2.2,https://gbfs.kappa.fifteen.eu/gbfs/2.2/mobi/en/gbfs.json,https://gbfs.kappa.fifteen.eu/gbfs/2.2/mobi/en/free_bike_status.json,2026-07-05T09:16:54Z,2026-07-05T09:16:54Z
mobi_vancouver,mobi_vancouver_b1b8537a-13c0-43a0-8d39-63ee1b7d1f59,b1b8537a-13c0-43a0-8d39-63ee1b7d1f59,49.263523,-123.155267,1,FALSE,FALSE,23600,0484,1783242986,2026-07-05T09:16:55Z,2026-07-05T09:16:55Z,2026-07-05T09:16:25Z,2.2,https://gbfs.kappa.fifteen.eu/gbfs/2.2/mobi/en/gbfs.json,https://gbfs.kappa.fifteen.eu/gbfs/2.2/mobi/en/free_bike_status.json,2026-07-05T09:16:54Z,2026-07-05T09:16:54Z
mobi_vancouver,mobi_vancouver_cf5de1b4-2a42-42bc-a482-4b79f9f0cd98,cf5de1b4-2a42-42bc-a482-4b79f9f0cd98,49.271044,-123.170661,1,FALSE,FALSE,23600,0450,1783242986,2026-07-05T09:16:55Z,2026-07-05T09:16:55Z,2026-07-05T09:16:25Z,2.2,https://gbfs.kappa.fifteen.eu/gbfs/2.2/mobi/en/gbfs.json,https://gbfs.kappa.fifteen.eu/gbfs/2.2/mobi/en/free_bike_status.json,2026-07-05T09:16:54Z,2026-07-05T09:16:54Z
mobi_vancouver,mobi_vancouver_1708b846-33e1-49c4-a37a-dde14c5c66b7,1708b846-33e1-49c4-a37a-dde14c5c66b7,49.271044,-123.170661,1,FALSE,FALSE,23600,0450,1783242986,2026-07-05T09:16:55Z,2026-07-05T09:16:55Z,2026-07-05T09:16:25Z,2.2,https://gbfs.kappa.fifteen.eu/gbfs/2.2/mobi/en/gbfs.json,https://gbfs.kappa.fifteen.eu/gbfs/2.2/mobi/en/free_bike_status.json,2026-07-05T09:16:54Z,2026-07-05T09:16:54Z
mobi_vancouver,mobi_vancouver_5a692c58-8b70-49ca-9990-2d1690e0ee81,5a692c58-8b70-49ca-9990-2d1690e0ee81,49.254818,-123.114785,1,FALSE,FALSE,23600,0531,1783242986,2026-07-05T09:16:55Z,2026-07-05T09:16:55Z,2026-07-05T09:16:25Z,2.2,https://gbfs.kappa.fifteen.eu/gbfs/2.2/mobi/en/gbfs.json,https://gbfs.kappa.fifteen.eu/gbfs/2.2/mobi/en/free_bike_status.json,2026-07-05T09:16:54Z,2026-07-05T09:16:54Z
mobi_vancouver,mobi_vancouver_3490da3f-f0ff-405d-b6f5-f703710b4cf8,3490da3f-f0ff-405d-b6f5-f703710b4cf8,49.268837,-123.177633,1,FALSE,FALSE,23600,0431,1783242986,2026-07-05T09:16:55Z,2026-07-05T09:16:55Z,2026-07-05T09:16:25Z,2.2,https://gbfs.kappa.fifteen.eu/gbfs/2.2/mobi/en/gbfs.json,https://gbfs.kappa.fifteen.eu/gbfs/2.2/mobi/en/free_bike_status.json,2026-07-05T09:16:54Z,2026-07-05T09:16:54Z
mobi_vancouver,mobi_vancouver_d309caed-e1ee-4a8b-a27d-42c970c7708b,d309caed-e1ee-4a8b-a27d-42c970c7708b,49.274232,-123.129998,2,FALSE,FALSE,23600,0314,1783242986,2026-07-05T09:16:55Z,2026-07-05T09:16:55Z,2026-07-05T09:16:25Z,2.2,https://gbfs.kappa.fifteen.eu/gbfs/2.2/mobi/en/gbfs.json,https://gbfs.kappa.fifteen.eu/gbfs/2.2/mobi/en/free_bike_status.json,2026-07-05T09:16:54Z,2026-07-05T09:16:54Z
mobi_vancouver,mobi_vancouver_5897fcd5-b358-468b-8df4-98c62b017ed5,5897fcd5-b358-468b-8df4-98c62b017ed5,49.251358,-123.115637,1,FALSE,FALSE,23600,0532,1783242986,2026-07-05T09:16:55Z,2026-07-05T09:16:55Z,2026-07-05T09:16:25Z,2.2,https://gbfs.kappa.fifteen.eu/gbfs/2.2/mobi/en/gbfs.json,https://gbfs.kappa.fifteen.eu/gbfs/2.2/mobi/en/free_bike_status.json,2026-07-05T09:16:54Z,2026-07-05T09:16:54Z
mobi_vancouver,mobi_vancouver_56db10c7-8403-49f2-9616-69ca0daa7dc1,56db10c7-8403-49f2-9616-69ca0daa7dc1,49.251358,-123.115637,1,FALSE,FALSE,23600,0532,1783242986,2026-07-05T09:16:55Z,2026-07-05T09:16:55Z,2026-07-05T09:16:25Z,2.2,https://gbfs.kappa.fifteen.eu/gbfs/2.2/mobi/en/gbfs.json,https://gbfs.kappa.fifteen.eu/gbfs/2.2/mobi/en/free_bike_status.json,2026-07-05T09:16:54Z,2026-07-05T09:16:54Z
mobi_vancouver,mobi_vancouver_028870df-1eec-4922-92e4-a7936b303f9e,028870df-1eec-4922-92e4-a7936b303f9e,49.252656,-123.067965,1,FALSE,FALSE,23600,0352,1783242986,2026-07-05T09:16:55Z,2026-07-05T09:16:55Z,2026-07-05T09:16:25Z,2.2,https://gbfs.kappa.fifteen.eu/gbfs/2.2/mobi/en/gbfs.json,https://gbfs.kappa.fifteen.eu/gbfs/2.2/mobi/en/free_bike_status.json,2026-07-05T09:16:54Z,2026-07-05T09:16:54Z
mobi_vancouver,mobi_vancouver_f8327a18-d8d8-4863-b1e3-18da2fef29a5,f8327a18-d8d8-4863-b1e3-18da2fef29a5,49.252656,-123.067965,1,FALSE,FALSE,23600,0352,1783242986,2026-07-05T09:16:55Z,2026-07-05T09:16:55Z,2026-07-05T09:16:25Z,2.2,https://gbfs.kappa.fifteen.eu/gbfs/2.2/mobi/en/gbfs.json,https://gbfs.kappa.fifteen.eu/gbfs/2.2/mobi/en/free_bike_status.json,2026-07-05T09:16:54Z,2026-07-05T09:16:54Z
mobi_vancouver,mobi_vancouver_5d650c17-1338-4845-aa93-43fb70d90caf,5d650c17-1338-4845-aa93-43fb70d90caf,49.27751,-123.061429,1,FALSE,FALSE,23600,0617,1783242986,2026-07-05T09:16:55Z,2026-07-05T09:16:55Z,2026-07-05T09:16:25Z,2.2,https://gbfs.kappa.fifteen.eu/gbfs/2.2/mobi/en/gbfs.json,https://gbfs.kappa.fifteen.eu/gbfs/2.2/mobi/en/free_bike_status.json,2026-07-05T09:16:54Z,2026-07-05T09:16:54Z
mobi_vancouver,mobi_vancouver_bf7bc3be-d676-4b39-a3e9-03746d0eb0f7,bf7bc3be-d676-4b39-a3e9-03746d0eb0f7,49.2661,-123.24568,1,FALSE,FALSE,23600,2154,1783242986,2026-07-05T09:16:55Z,2026-07-05T09:16:55Z,2026-07-05T09:16:25Z,2.2,https://gbfs.kappa.fifteen.eu/gbfs/2.2/mobi/en/gbfs.json,https://gbfs.kappa.fifteen.eu/gbfs/2.2/mobi/en/free_bike_status.json,2026-07-05T09:16:54Z,2026-07-05T09:16:54Z
mobi_vancouver,mobi_vancouver_ab1fdfff-f475-43c5-8960-143ef09dcf65,ab1fdfff-f475-43c5-8960-143ef09dcf65,49.293264,-123.132861,1,FALSE,FALSE,23600,0181,1783242986,2026-07-05T09:16:55Z,2026-07-05T09:16:55Z,2026-07-05T09:16:25Z,2.2,https://gbfs.kappa.fifteen.eu/gbfs/2.2/mobi/en/gbfs.json,https://gbfs.kappa.fifteen.eu/gbfs/2.2/mobi/en/free_bike_status.json,2026-07-05T09:16:54Z,2026-07-05T09:16:54Z
mobi_vancouver,mobi_vancouver_eea68b3a-59ba-485a-b192-7ba4472922d2,eea68b3a-59ba-485a-b192-7ba4472922d2,49.2585,-123.2521,1,FALSE,FALSE,23600,2117,1783242986,2026-07-05T09:16:55Z,2026-07-05T09:16:55Z,2026-07-05T09:16:25Z,2.2,https://gbfs.kappa.fifteen.eu/gbfs/2.2/mobi/en/gbfs.json,https://gbfs.kappa.fifteen.eu/gbfs/2.2/mobi/en/free_bike_status.json,2026-07-05T09:16:54Z,2026-07-05T09:16:54Z
mobi_vancouver,mobi_vancouver_65ae77d1-7cfe-480f-8c45-057fcbb76c03,65ae77d1-7cfe-480f-8c45-057fcbb76c03,49.26518,-123.25868,1,FALSE,FALSE,23600,2112,1783242986,2026-07-05T09:16:55Z,2026-07-05T09:16:55Z,2026-07-05T09:16:25Z,2.2,https://gbfs.kappa.fifteen.eu/gbfs/2.2/mobi/en/gbfs.json,https://gbfs.kappa.fifteen.eu/gbfs/2.2/mobi/en/free_bike_status.json,2026-07-05T09:16:54Z,2026-07-05T09:16:54Z
mobi_vancouver,mobi_vancouver_51c07cac-7850-451b-b49b-820181d5cb56,51c07cac-7850-451b-b49b-820181d5cb56,49.271721,-123.104207,1,FALSE,FALSE,24000,0011,1783242986,2026-07-05T09:16:55Z,2026-07-05T09:16:55Z,2026-07-05T09:16:25Z,2.2,https://gbfs.kappa.fifteen.eu/gbfs/2.2/mobi/en/gbfs.json,https://gbfs.kappa.fifteen.eu/gbfs/2.2/mobi/en/free_bike_status.json,2026-07-05T09:16:54Z,2026-07-05T09:16:54Z
mobi_vancouver,mobi_vancouver_728d9863-f441-43d1-be2c-eb1a6d822cc0,728d9863-f441-43d1-be2c-eb1a6d822cc0,49.271721,-123.104207,1,FALSE,FALSE,24000,0011,1783242986,2026-07-05T09:16:55Z,2026-07-05T09:16:55Z,2026-07-05T09:16:25Z,2.2,https://gbfs.kappa.fifteen.eu/gbfs/2.2/mobi/en/gbfs.json,https://gbfs.kappa.fifteen.eu/gbfs/2.2/mobi/en/free_bike_status.json,2026-07-05T09:16:54Z,2026-07-05T09:16:54Z
mobi_vancouver,mobi_vancouver_8b394960-3fcc-4ac0-91d6-d33f61a544b9,8b394960-3fcc-4ac0-91d6-d33f61a544b9,49.279764,-123.110154,1,FALSE,FALSE,24000,0005,1783242986,2026-07-05T09:16:55Z,2026-07-05T09:16:55Z,2026-07-05T09:16:25Z,2.2,https://gbfs.kappa.fifteen.eu/gbfs/2.2/mobi/en/gbfs.json,https://gbfs.kappa.fifteen.eu/gbfs/2.2/mobi/en/free_bike_status.json,2026-07-05T09:16:54Z,2026-07-05T09:16:54Z
mobi_vancouver,mobi_vancouver_68f6f909-c899-4990-b224-852c58f71543,68f6f909-c899-4990-b224-852c58f71543,49.279938,-123.127478,1,FALSE,FALSE,24000,0039,1783242986,2026-07-05T09:16:55Z,2026-07-05T09:16:55Z,2026-07-05T09:16:25Z,2.2,https://gbfs.kappa.fifteen.eu/gbfs/2.2/mobi/en/gbfs.json,https://gbfs.kappa.fifteen.eu/gbfs/2.2/mobi/en/free_bike_status.json,2026-07-05T09:16:54Z,2026-07-05T09:16:54Z
mobi_vancouver,mobi_vancouver_66c23d45-74fc-4919-ac2d-cd885e62d8dd,66c23d45-74fc-4919-ac2d-cd885e62d8dd,49.28602,-123.116624,1,FALSE,FALSE,24000,0024,1783242986,2026-07-05T09:16:55Z,2026-07-05T09:16:55Z,2026-07-05T09:16:25Z,2.2,https://gbfs.kappa.fifteen.eu/gbfs/2.2/mobi/en/gbfs.json,https://gbfs.kappa.fifteen.eu/gbfs/2.2/mobi/en/free_bike_status.json,2026-07-05T09:16:54Z,2026-07-05T09:16:54Z
mobi_vancouver,mobi_vancouver_e9828a2c-a297-4bd4-8ca4-05a4e5d9d185,e9828a2c-a297-4bd4-8ca4-05a4e5d9d185,49.285871,-123.12105,1,FALSE,FALSE,24000,0002,1783242986,2026-07-05T09:16:55Z,2026-07-05T09:16:55Z,2026-07-05T09:16:25Z,2.2,https://gbfs.kappa.fifteen.eu/gbfs/2.2/mobi/en/gbfs.json,https://gbfs.kappa.fifteen.eu/gbfs/2.2/mobi/en/free_bike_status.json,2026-07-05T09:16:54Z,2026-07-05T09:16:54Z
mobi_vancouver,mobi_vancouver_0dc1d9d1-d7c0-4181-be8d-fcf5e57ee533,0dc1d9d1-d7c0-4181-be8d-fcf5e57ee533,49.285871,-123.12105,1,FALSE,FALSE,24000,0002,1783242986,2026-07-05T09:16:55Z,2026-07-05T09:16:55Z,2026-07-05T09:16:25Z,2.2,https://gbfs.kappa.fifteen.eu/gbfs/2.2/mobi/en/gbfs.json,https://gbfs.kappa.fifteen.eu/gbfs/2.2/mobi/en/free_bike_status.json,2026-07-05T09:16:54Z,2026-07-05T09:16:54Z
mobi_vancouver,mobi_vancouver_194eeb72-c911-4646-81f2-f01b79ae82bc,194eeb72-c911-4646-81f2-f01b79ae82bc,49.288444,-123.139203,1,FALSE,FALSE,24000,0032,1783242986,2026-07-05T09:16:55Z,2026-07-05T09:16:55Z,2026-07-05T09:16:25Z,2.2,https://gbfs.kappa.fifteen.eu/gbfs/2.2/mobi/en/gbfs.json,https://gbfs.kappa.fifteen.eu/gbfs/2.2/mobi/en/free_bike_status.json,2026-07-05T09:16:54Z,2026-07-05T09:16:54Z
mobi_vancouver,mobi_vancouver_ebe183b3-5a30-44f0-aa11-c676c3e3eb01,ebe183b3-5a30-44f0-aa11-c676c3e3eb01,49.27808,-123.130557,1,FALSE,FALSE,24000,0089,1783242986,2026-07-05T09:16:55Z,2026-07-05T09:16:55Z,2026-07-05T09:16:25Z,2.2,https://gbfs.kappa.fifteen.eu/gbfs/2.2/mobi/en/gbfs.json,https://gbfs.kappa.fifteen.eu/gbfs/2.2/mobi/en/free_bike_status.json,2026-07-05T09:16:54Z,2026-07-05T09:16:54Z
mobi_vancouver,mobi_vancouver_91e1fff0-1da4-4613-8e9c-121d6da89fb8,91e1fff0-1da4-4613-8e9c-121d6da89fb8,49.28062,-123.12482,1,FALSE,FALSE,24000,0037,1783242986,2026-07-05T09:16:55Z,2026-07-05T09:16:55Z,2026-07-05T09:16:25Z,2.2,https://gbfs.kappa.fifteen.eu/gbfs/2.2/mobi/en/gbfs.json,https://gbfs.kappa.fifteen.eu/gbfs/2.2/mobi/en/free_bike_status.json,2026-07-05T09:16:54Z,2026-07-05T09:16:54Z
mobi_vancouver,mobi_vancouver_b7711394-a447-4958-9c8b-a90e177a61ca,b7711394-a447-4958-9c8b-a90e177a61ca,49.25919,-123.148268,1,FALSE,FALSE,24000,0114,1783242986,2026-07-05T09:16:55Z,2026-07-05T09:16:55Z,2026-07-05T09:16:25Z,2.2,https://gbfs.kappa.fifteen.eu/gbfs/2.2/mobi/en/gbfs.json,https://gbfs.kappa.fifteen.eu/gbfs/2.2/mobi/en/free_bike_status.json,2026-07-05T09:16:54Z,2026-07-05T09:16:54Z
mobi_vancouver,mobi_vancouver_f61d22ff-9480-4535-9b92-98d7a86b78d9,f61d22ff-9480-4535-9b92-98d7a86b78d9,49.282759,-123.106955,1,FALSE,FALSE,24000,0030,1783242986,2026-07-05T09:16:55Z,2026-07-05T09:16:55Z,2026-07-05T09:16:25Z,2.2,https://gbfs.kappa.fifteen.eu/gbfs/2.2/mobi/en/gbfs.json,https://gbfs.kappa.fifteen.eu/gbfs/2.2/mobi/en/free_bike_status.json,2026-07-05T09:16:54Z,2026-07-05T09:16:54Z
mobi_vancouver,mobi_vancouver_9c7515fd-672b-42f3-9757-cbb8de592588,9c7515fd-672b-42f3-9757-cbb8de592588,49.287528,-123.142139,1,FALSE,FALSE,24000,0028,1783242986,2026-07-05T09:16:55Z,2026-07-05T09:16:55Z,2026-07-05T09:16:25Z,2.2,https://gbfs.kappa.fifteen.eu/gbfs/2.2/mobi/en/gbfs.json,https://gbfs.kappa.fifteen.eu/gbfs/2.2/mobi/en/free_bike_status.json,2026-07-05T09:16:54Z,2026-07-05T09:16:54Z
mobi_vancouver,mobi_vancouver_99dede3b-5ba2-4192-8a7f-3ac9c89ff39c,99dede3b-5ba2-4192-8a7f-3ac9c89ff39c,49.287528,-123.142139,1,FALSE,FALSE,24000,0028,1783242986,2026-07-05T09:16:55Z,2026-07-05T09:16:55Z,2026-07-05T09:16:25Z,2.2,https://gbfs.kappa.fifteen.eu/gbfs/2.2/mobi/en/gbfs.json,https://gbfs.kappa.fifteen.eu/gbfs/2.2/mobi/en/free_bike_status.json,2026-07-05T09:16:54Z,2026-07-05T09:16:54Z
mobi_vancouver,mobi_vancouver_cc19ce12-d8fb-4bf4-b8d1-cc3ecf22d3c7,cc19ce12-d8fb-4bf4-b8d1-cc3ecf22d3c7,49.258763,-123.115392,1,FALSE,FALSE,24000,0072,1783242986,2026-07-05T09:16:55Z,2026-07-05T09:16:55Z,2026-07-05T09:16:25Z,2.2,https://gbfs.kappa.fifteen.eu/gbfs/2.2/mobi/en/gbfs.json,https://gbfs.kappa.fifteen.eu/gbfs/2.2/mobi/en/free_bike_status.json,2026-07-05T09:16:54Z,2026-07-05T09:16:54Z
mobi_vancouver,mobi_vancouver_068bc6db-2ff2-4a3c-b4a3-1900f1fe60d2,068bc6db-2ff2-4a3c-b4a3-1900f1fe60d2,49.276436,-123.11877,1,FALSE,FALSE,24000,0078,1783242986,2026-07-05T09:16:55Z,2026-07-05T09:16:55Z,2026-07-05T09:16:25Z,2.2,https://gbfs.kappa.fifteen.eu/gbfs/2.2/mobi/en/gbfs.json,https://gbfs.kappa.fifteen.eu/gbfs/2.2/mobi/en/free_bike_status.json,2026-07-05T09:16:54Z,2026-07-05T09:16:54Z
mobi_vancouver,mobi_vancouver_dcdcfdb5-7097-4b1a-8c3c-b7267674424f,dcdcfdb5-7097-4b1a-8c3c-b7267674424f,49.288506,-123.131238,1,FALSE,FALSE,24000,0096,1783242986,2026-07-05T09:16:55Z,2026-07-05T09:16:55Z,2026-07-05T09:16:25Z,2.2,https://gbfs.kappa.fifteen.eu/gbfs/2.2/mobi/en/gbfs.json,https://gbfs.kappa.fifteen.eu/gbfs/2.2/mobi/en/free_bike_status.json,2026-07-05T09:16:54Z,2026-07-05T09:16:54Z
mobi_vancouver,mobi_vancouver_ce4ccf49-d318-4354-82e9-8a374e1a7ff3,ce4ccf49-d318-4354-82e9-8a374e1a7ff3,49.277844,-123.120942,1,FALSE,FALSE,24000,0079,1783242986,2026-07-05T09:16:55Z,2026-07-05T09:16:55Z,2026-07-05T09:16:25Z,2.2,https://gbfs.kappa.fifteen.eu/gbfs/2.2/mobi/en/gbfs.json,https://gbfs.kappa.fifteen.eu/gbfs/2.2/mobi/en/free_bike_status.json,2026-07-05T09:16:54Z,2026-07-05T09:16:54Z
mobi_vancouver,mobi_vancouver_87c1141f-b577-4025-865c-a4099632dd97,87c1141f-b577-4025-865c-a4099632dd97,49.28526,-123.141809,1,FALSE,FALSE,24000,0060,1783242986,2026-07-05T09:16:55Z,2026-07-05T09:16:55Z,2026-07-05T09:16:25Z,2.2,https://gbfs.kappa.fifteen.eu/gbfs/2.2/mobi/en/gbfs.json,https://gbfs.kappa.fifteen.eu/gbfs/2.2/mobi/en/free_bike_status.json,2026-07-05T09:16:54Z,2026-07-05T09:16:54Z
mobi_vancouver,mobi_vancouver_61b481f6-865b-464a-871f-8582ffc43281,61b481f6-865b-464a-871f-8582ffc43281,49.291909,-123.140713,1,FALSE,FALSE,24000,0092,1783242986,2026-07-05T09:16:55Z,2026-07-05T09:16:55Z,2026-07-05T09:16:25Z,2.2,https://gbfs.kappa.fifteen.eu/gbfs/2.2/mobi/en/gbfs.json,https://gbfs.kappa.fifteen.eu/gbfs/2.2/mobi/en/free_bike_status.json,2026-07-05T09:16:54Z,2026-07-05T09:16:54Z
mobi_vancouver,mobi_vancouver_f0ee5963-2c31-4f8b-94d4-b474af3cbedb,f0ee5963-2c31-4f8b-94d4-b474af3cbedb,49.291909,-123.140713,2,FALSE,FALSE,24000,0092,1783242986,2026-07-05T09:16:55Z,2026-07-05T09:16:55Z,2026-07-05T09:16:25Z,2.2,https://gbfs.kappa.fifteen.eu/gbfs/2.2/mobi/en/gbfs.json,https://gbfs.kappa.fifteen.eu/gbfs/2.2/mobi/en/free_bike_status.json,2026-07-05T09:16:54Z,2026-07-05T09:16:54Z
mobi_vancouver,mobi_vancouver_94a2be95-831d-4bdb-9fb8-710550a23a25,94a2be95-831d-4bdb-9fb8-710550a23a25,49.2756,-123.102661,1,FALSE,FALSE,24000,0148,1783242986,2026-07-05T09:16:55Z,2026-07-05T09:16:55Z,2026-07-05T09:16:25Z,2.2,https://gbfs.kappa.fifteen.eu/gbfs/2.2/mobi/en/gbfs.json,https://gbfs.kappa.fifteen.eu/gbfs/2.2/mobi/en/free_bike_status.json,2026-07-05T09:16:54Z,2026-07-05T09:16:54Z
mobi_vancouver,mobi_vancouver_d966f88e-240d-40f0-9b45-3d487f88aaba,d966f88e-240d-40f0-9b45-3d487f88aaba,49.270721,-123.146175,1,FALSE,FALSE,24000,0108,1783242986,2026-07-05T09:16:55Z,2026-07-05T09:16:55Z,2026-07-05T09:16:25Z,2.2,https://gbfs.kappa.fifteen.eu/gbfs/2.2/mobi/en/gbfs.json,https://gbfs.kappa.fifteen.eu/gbfs/2.2/mobi/en/free_bike_status.json,2026-07-05T09:16:54Z,2026-07-05T09:16:54Z
mobi_vancouver,mobi_vancouver_a4482edf-0e85-4a6b-a376-305fd165c137,a4482edf-0e85-4a6b-a376-305fd165c137,49.284157,-123.099917,1,FALSE,FALSE,24000,0150,1783242986,2026-07-05T09:16:55Z,2026-07-05T09:16:55Z,2026-07-05T09:16:25Z,2.2,https://gbfs.kappa.fifteen.eu/gbfs/2.2/mobi/en/gbfs.json,https://gbfs.kappa.fifteen.eu/gbfs/2.2/mobi/en/free_bike_status.json,2026-07-05T09:16:54Z,2026-07-05T09:16:54Z
mobi_vancouver,mobi_vancouver_2ba7cec4-8727-420a-8f33-9736e730caa0,2ba7cec4-8727-420a-8f33-9736e730caa0,49.274566,-123.121817,1,FALSE,FALSE,24000,0004,1783242986,2026-07-05T09:16:55Z,2026-07-05T09:16:55Z,2026-07-05T09:16:25Z,2.2,https://gbfs.kappa.fifteen.eu/gbfs/2.2/mobi/en/gbfs.json,https://gbfs.kappa.fifteen.eu/gbfs/2.2/mobi/en/free_bike_status.json,2026-07-05T09:16:54Z,2026-07-05T09:16:54Z
mobi_vancouver,mobi_vancouver_e121def2-bd18-4f9b-998b-2b07edbc503d,e121def2-bd18-4f9b-998b-2b07edbc503d,49.279342,-123.101822,1,FALSE,FALSE,24000,0055,1783242986,2026-07-05T09:16:55Z,2026-07-05T09:16:55Z,2026-07-05T09:16:25Z,2.2,https://gbfs.kappa.fifteen.eu/gbfs/2.2/mobi/en/gbfs.json,https://gbfs.kappa.fifteen.eu/gbfs/2.2/mobi/en/free_bike_status.json,2026-07-05T09:16:54Z,2026-07-05T09:16:54Z
mobi_vancouver,mobi_vancouver_38ac8c79-1a91-4902-8f8f-fb11fd1902d1,38ac8c79-1a91-4902-8f8f-fb11fd1902d1,49.273355,-123.154493,1,FALSE,FALSE,24000,0154,1783242986,2026-07-05T09:16:55Z,2026-07-05T09:16:55Z,2026-07-05T09:16:25Z,2.2,https://gbfs.kappa.fifteen.eu/gbfs/2.2/mobi/en/gbfs.json,https://gbfs.kappa.fifteen.eu/gbfs/2.2/mobi/en/free_bike_status.json,2026-07-05T09:16:54Z,2026-07-05T09:16:54Z
mobi_vancouver,mobi_vancouver_1929b352-a9bf-48de-89d1-2f1e058a1a4f,1929b352-a9bf-48de-89d1-2f1e058a1a4f,49.268503,-123.097501,1,FALSE,FALSE,24000,0197,1783242986,2026-07-05T09:16:55Z,2026-07-05T09:16:55Z,2026-07-05T09:16:25Z,2.2,https://gbfs.kappa.fifteen.eu/gbfs/2.2/mobi/en/gbfs.json,https://gbfs.kappa.fifteen.eu/gbfs/2.2/mobi/en/free_bike_status.json,2026-07-05T09:16:54Z,2026-07-05T09:16:54Z
mobi_vancouver,mobi_vancouver_d901f5ea-6b05-4d8a-9c12-40501a46b129,d901f5ea-6b05-4d8a-9c12-40501a46b129,49.268216,-123.103168,1,FALSE,FALSE,24000,0119,1783242986,2026-07-05T09:16:55Z,2026-07-05T09:16:55Z,2026-07-05T09:16:25Z,2.2,https://gbfs.kappa.fifteen.eu/gbfs/2.2/mobi/en/gbfs.json,https://gbfs.kappa.fifteen.eu/gbfs/2.2/mobi/en/free_bike_status.json,2026-07-05T09:16:54Z,2026-07-05T09:16:54Z
mobi_vancouver,mobi_vancouver_36a05221-5767-449a-90df-a4893037f826,36a05221-5767-449a-90df-a4893037f826,49.29534,-123.150433,1,FALSE,FALSE,24000,0102,1783242986,2026-07-05T09:16:55Z,2026-07-05T09:16:55Z,2026-07-05T09:16:25Z,2.2,https://gbfs.kappa.fifteen.eu/gbfs/2.2/mobi/en/gbfs.json,https://gbfs.kappa.fifteen.eu/gbfs/2.2/mobi/en/free_bike_status.json,2026-07-05T09:16:54Z,2026-07-05T09:16:54Z
mobi_vancouver,mobi_vancouver_8a2177d5-2677-487e-badd-10b15efee6e9,8a2177d5-2677-487e-badd-10b15efee6e9,49.297933,-123.130758,1,FALSE,FALSE,24000,0209,1783242986,2026-07-05T09:16:55Z,2026-07-05T09:16:55Z,2026-07-05T09:16:25Z,2.2,https://gbfs.kappa.fifteen.eu/gbfs/2.2/mobi/en/gbfs.json,https://gbfs.kappa.fifteen.eu/gbfs/2.2/mobi/en/free_bike_status.json,2026-07-05T09:16:54Z,2026-07-05T09:16:54Z
mobi_vancouver,mobi_vancouver_50b50214-3d92-48e1-a46c-ecffacf988f0,50b50214-3d92-48e1-a46c-ecffacf988f0,49.297933,-123.130758,1,FALSE,FALSE,24000,0209,1783242986,2026-07-05T09:16:55Z,2026-07-05T09:16:55Z,2026-07-05T09:16:25Z,2.2,https://gbfs.kappa.fifteen.eu/gbfs/2.2/mobi/en/gbfs.json,https://gbfs.kappa.fifteen.eu/gbfs/2.2/mobi/en/free_bike_status.json,2026-07-05T09:16:54Z,2026-07-05T09:16:54Z
mobi_vancouver,mobi_vancouver_41a510ed-de2e-45fd-80dc-6f34c93bd12c,41a510ed-de2e-45fd-80dc-6f34c93bd12c,49.277595,-123.09583,1,FALSE,FALSE,24000,0212,1783242986,2026-07-05T09:16:55Z,2026-07-05T09:16:55Z,2026-07-05T09:16:25Z,2.2,https://gbfs.kappa.fifteen.eu/gbfs/2.2/mobi/en/gbfs.json,https://gbfs.kappa.fifteen.eu/gbfs/2.2/mobi/en/free_bike_status.json,2026-07-05T09:16:54Z,2026-07-05T09:16:54Z
mobi_vancouver,mobi_vancouver_e0f5d47a-a1fc-4849-8aa7-49d1f5d09790,e0f5d47a-a1fc-4849-8aa7-49d1f5d09790,49.278529,-123.100017,1,FALSE,FALSE,24000,0199,1783242986,2026-07-05T09:16:55Z,2026-07-05T09:16:55Z,2026-07-05T09:16:25Z,2.2,https://gbfs.kappa.fifteen.eu/gbfs/2.2/mobi/en/gbfs.json,https://gbfs.kappa.fifteen.eu/gbfs/2.2/mobi/en/free_bike_status.json,2026-07-05T09:16:54Z,2026-07-05T09:16:54Z
mobi_vancouver,mobi_vancouver_0fc55013-75cd-428e-b121-8b0244b06d65,0fc55013-75cd-428e-b121-8b0244b06d65,49.278529,-123.100017,1,FALSE,FALSE,24000,0199,1783242986,2026-07-05T09:16:55Z,2026-07-05T09:16:55Z,2026-07-05T09:16:25Z,2.2,https://gbfs.kappa.fifteen.eu/gbfs/2.2/mobi/en/gbfs.json,https://gbfs.kappa.fifteen.eu/gbfs/2.2/mobi/en/free_bike_status.json,2026-07-05T09:16:54Z,2026-07-05T09:16:54Z
mobi_vancouver,mobi_vancouver_9a85f9c9-f1b3-422a-afb6-492c7f7cbf37,9a85f9c9-f1b3-422a-afb6-492c7f7cbf37,49.267628,-123.127698,1,FALSE,FALSE,24000,0143,1783242986,2026-07-05T09:16:55Z,2026-07-05T09:16:55Z,2026-07-05T09:16:25Z,2.2,https://gbfs.kappa.fifteen.eu/gbfs/2.2/mobi/en/gbfs.json,https://gbfs.kappa.fifteen.eu/gbfs/2.2/mobi/en/free_bike_status.json,2026-07-05T09:16:54Z,2026-07-05T09:16:54Z
mobi_vancouver,mobi_vancouver_fa34ea91-ba3d-4ce0-8789-a2a671a0528c,fa34ea91-ba3d-4ce0-8789-a2a671a0528c,49.267628,-123.127698,1,FALSE,FALSE,24000,0143,1783242986,2026-07-05T09:16:55Z,2026-07-05T09:16:55Z,2026-07-05T09:16:25Z,2.2,https://gbfs.kappa.fifteen.eu/gbfs/2.2/mobi/en/gbfs.json,https://gbfs.kappa.fifteen.eu/gbfs/2.2/mobi/en/free_bike_status.json,2026-07-05T09:16:54Z,2026-07-05T09:16:54Z
mobi_vancouver,mobi_vancouver_f202e0a9-8dfd-4702-8ff4-440762ff030b,f202e0a9-8dfd-4702-8ff4-440762ff030b,49.261403,-123.070102,1,FALSE,FALSE,24000,0244,1783242986,2026-07-05T09:16:55Z,2026-07-05T09:16:55Z,2026-07-05T09:16:25Z,2.2,https://gbfs.kappa.fifteen.eu/gbfs/2.2/mobi/en/gbfs.json,https://gbfs.kappa.fifteen.eu/gbfs/2.2/mobi/en/free_bike_status.json,2026-07-05T09:16:54Z,2026-07-05T09:16:54Z
mobi_vancouver,mobi_vancouver_6cc9d9fe-5e97-4866-a8c1-61fad4d91f66,6cc9d9fe-5e97-4866-a8c1-61fad4d91f66,49.277469,-123.081315,1,FALSE,FALSE,24000,0221,1783242986,2026-07-05T09:16:55Z,2026-07-05T09:16:55Z,2026-07-05T09:16:25Z,2.2,https://gbfs.kappa.fifteen.eu/gbfs/2.2/mobi/en/gbfs.json,https://gbfs.kappa.fifteen.eu/gbfs/2.2/mobi/en/free_bike_status.json,2026-07-05T09:16:54Z,2026-07-05T09:16:54Z
mobi_vancouver,mobi_vancouver_d34eed28-2162-429a-b9b5-8d1d0ac929b1,d34eed28-2162-429a-b9b5-8d1d0ac929b1,49.263382,-123.088837,1,FALSE,FALSE,24000,0261,1783242986,2026-07-05T09:16:55Z,2026-07-05T09:16:55Z,2026-07-05T09:16:25Z,2.2,https://gbfs.kappa.fifteen.eu/gbfs/2.2/mobi/en/gbfs.json,https://gbfs.kappa.fifteen.eu/gbfs/2.2/mobi/en/free_bike_status.json,2026-07-05T09:16:54Z,2026-07-05T09:16:54Z
mobi_vancouver,mobi_vancouver_86c847b2-ea7b-4557-bfcc-be93d90a6c41,86c847b2-ea7b-4557-bfcc-be93d90a6c41,49.283236,-123.070443,1,FALSE,FALSE,24000,0285,1783242986,2026-07-05T09:16:55Z,2026-07-05T09:16:55Z,2026-07-05T09:16:25Z,2.2,https://gbfs.kappa.fifteen.eu/gbfs/2.2/mobi/en/gbfs.json,https://gbfs.kappa.fifteen.eu/gbfs/2.2/mobi/en/free_bike_status.json,2026-07-05T09:16:54Z,2026-07-05T09:16:54Z
mobi_vancouver,mobi_vancouver_a1bc011d-7cb0-4410-bcc2-68c9d256d29c,a1bc011d-7cb0-4410-bcc2-68c9d256d29c,49.256694,-123.096579,1,FALSE,FALSE,24000,0256,1783242986,2026-07-05T09:16:55Z,2026-07-05T09:16:55Z,2026-07-05T09:16:25Z,2.2,https://gbfs.kappa.fifteen.eu/gbfs/2.2/mobi/en/gbfs.json,https://gbfs.kappa.fifteen.eu/gbfs/2.2/mobi/en/free_bike_status.json,2026-07-05T09:16:54Z,2026-07-05T09:16:54Z
mobi_vancouver,mobi_vancouver_6ce1274f-da42-4a2a-93f0-3401ed6c5ce7,6ce1274f-da42-4a2a-93f0-3401ed6c5ce7,49.289124,-123.12196,1,FALSE,FALSE,24000,0034,1783242986,2026-07-05T09:16:55Z,2026-07-05T09:16:55Z,2026-07-05T09:16:25Z,2.2,https://gbfs.kappa.fifteen.eu/gbfs/2.2/mobi/en/gbfs.json,https://gbfs.kappa.fifteen.eu/gbfs/2.2/mobi/en/free_bike_status.json,2026-07-05T09:16:54Z,2026-07-05T09:16:54Z
mobi_vancouver,mobi_vancouver_945007ba-a6d6-4383-b19b-c6f1257688c5,945007ba-a6d6-4383-b19b-c6f1257688c5,49.302577,-123.155616,1,FALSE,FALSE,24000,0103,1783242986,2026-07-05T09:16:55Z,2026-07-05T09:16:55Z,2026-07-05T09:16:25Z,2.2,https://gbfs.kappa.fifteen.eu/gbfs/2.2/mobi/en/gbfs.json,https://gbfs.kappa.fifteen.eu/gbfs/2.2/mobi/en/free_bike_status.json,2026-07-05T09:16:54Z,2026-07-05T09:16:54Z
mobi_vancouver,mobi_vancouver_84fb24df-876d-42a0-b905-ecde9528d64d,84fb24df-876d-42a0-b905-ecde9528d64d,49.277333,-123.087359,1,FALSE,FALSE,24000,0219,1783242986,2026-07-05T09:16:55Z,2026-07-05T09:16:55Z,2026-07-05T09:16:25Z,2.2,https://gbfs.kappa.fifteen.eu/gbfs/2.2/mobi/en/gbfs.json,https://gbfs.kappa.fifteen.eu/gbfs/2.2/mobi/en/free_bike_status.json,2026-07-05T09:16:54Z,2026-07-05T09:16:54Z
mobi_vancouver,mobi_vancouver_21d2e910-ae43-4e89-8fcc-d7b84de2aa0f,21d2e910-ae43-4e89-8fcc-d7b84de2aa0f,49.263962,-123.112621,1,FALSE,FALSE,24000,0170,1783242986,2026-07-05T09:16:55Z,2026-07-05T09:16:55Z,2026-07-05T09:16:25Z,2.2,https://gbfs.kappa.fifteen.eu/gbfs/2.2/mobi/en/gbfs.json,https://gbfs.kappa.fifteen.eu/gbfs/2.2/mobi/en/free_bike_status.json,2026-07-05T09:16:54Z,2026-07-05T09:16:54Z
mobi_vancouver,mobi_vancouver_15307ffc-5ed7-4658-a1c6-aad80bde48f3,15307ffc-5ed7-4658-a1c6-aad80bde48f3,49.284554,-123.111031,1,FALSE,FALSE,24000,0124,1783242986,2026-07-05T09:16:55Z,2026-07-05T09:16:55Z,2026-07-05T09:16:25Z,2.2,https://gbfs.kappa.fifteen.eu/gbfs/2.2/mobi/en/gbfs.json,https://gbfs.kappa.fifteen.eu/gbfs/2.2/mobi/en/free_bike_status.json,2026-07-05T09:16:54Z,2026-07-05T09:16:54Z
mobi_vancouver,mobi_vancouver_fd51e579-bca3-4579-9bc1-e9756541ae1b,fd51e579-bca3-4579-9bc1-e9756541ae1b,49.283298,-123.142288,1,FALSE,FALSE,24000,0142,1783242986,2026-07-05T09:16:55Z,2026-07-05T09:16:55Z,2026-07-05T09:16:25Z,2.2,https://gbfs.kappa.fifteen.eu/gbfs/2.2/mobi/en/gbfs.json,https://gbfs.kappa.fifteen.eu/gbfs/2.2/mobi/en/free_bike_status.json,2026-07-05T09:16:54Z,2026-07-05T09:16:54Z
mobi_vancouver,mobi_vancouver_a4cc2c23-3889-420f-b5bb-07db6eb35f05,a4cc2c23-3889-420f-b5bb-07db6eb35f05,49.280787,-123.115271,1,FALSE,FALSE,24000,0305,1783242986,2026-07-05T09:16:55Z,2026-07-05T09:16:55Z,2026-07-05T09:16:25Z,2.2,https://gbfs.kappa.fifteen.eu/gbfs/2.2/mobi/en/gbfs.json,https://gbfs.kappa.fifteen.eu/gbfs/2.2/mobi/en/free_bike_status.json,2026-07-05T09:16:54Z,2026-07-05T09:16:54Z
mobi_vancouver,mobi_vancouver_8c098d4e-d368-453f-a6ae-d34898a05830,8c098d4e-d368-453f-a6ae-d34898a05830,49.267725,-123.11311,1,FALSE,FALSE,24000,0144,1783242986,2026-07-05T09:16:55Z,2026-07-05T09:16:55Z,2026-07-05T09:16:25Z,2.2,https://gbfs.kappa.fifteen.eu/gbfs/2.2/mobi/en/gbfs.json,https://gbfs.kappa.fifteen.eu/gbfs/2.2/mobi/en/free_bike_status.json,2026-07-05T09:16:54Z,2026-07-05T09:16:54Z
mobi_vancouver,mobi_vancouver_f3989644-3c24-4864-9c5f-a43d61913671,f3989644-3c24-4864-9c5f-a43d61913671,49.271221,-123.191133,1,FALSE,FALSE,24000,0400,1783242986,2026-07-05T09:16:55Z,2026-07-05T09:16:55Z,2026-07-05T09:16:25Z,2.2,https://gbfs.kappa.fifteen.eu/gbfs/2.2/mobi/en/gbfs.json,https://gbfs.kappa.fifteen.eu/gbfs/2.2/mobi/en/free_bike_status.json,2026-07-05T09:16:54Z,2026-07-05T09:16:54Z
mobi_vancouver,mobi_vancouver_1cdd963d-3a7e-4446-bac2-12964fb76502,1cdd963d-3a7e-4446-bac2-12964fb76502,49.271221,-123.191133,1,FALSE,FALSE,24000,0400,1783242986,2026-07-05T09:16:55Z,2026-07-05T09:16:55Z,2026-07-05T09:16:25Z,2.2,https://gbfs.kappa.fifteen.eu/gbfs/2.2/mobi/en/gbfs.json,https://gbfs.kappa.fifteen.eu/gbfs/2.2/mobi/en/free_bike_status.json,2026-07-05T09:16:54Z,2026-07-05T09:16:54Z
mobi_vancouver,mobi_vancouver_8eb17989-5c4c-4862-bc35-65d9a889eb22,8eb17989-5c4c-4862-bc35-65d9a889eb22,49.271221,-123.191133,1,FALSE,FALSE,24000,0400,1783242986,2026-07-05T09:16:55Z,2026-07-05T09:16:55Z,2026-07-05T09:16:25Z,2.2,https://gbfs.kappa.fifteen.eu/gbfs/2.2/mobi/en/gbfs.json,https://gbfs.kappa.fifteen.eu/gbfs/2.2/mobi/en/free_bike_status.json,2026-07-05T09:16:54Z,2026-07-05T09:16:54Z
mobi_vancouver,mobi_vancouver_d8f4d4a5-357b-444c-aafb-394d0226ff16,d8f4d4a5-357b-444c-aafb-394d0226ff16,49.271471,-123.17731,1,FALSE,FALSE,24000,0440,1783242986,2026-07-05T09:16:55Z,2026-07-05T09:16:55Z,2026-07-05T09:16:25Z,2.2,https://gbfs.kappa.fifteen.eu/gbfs/2.2/mobi/en/gbfs.json,https://gbfs.kappa.fifteen.eu/gbfs/2.2/mobi/en/free_bike_status.json,2026-07-05T09:16:54Z,2026-07-05T09:16:54Z
mobi_vancouver,mobi_vancouver_4beeed98-35f8-486a-9176-2a10ab2211ad,4beeed98-35f8-486a-9176-2a10ab2211ad,49.271044,-123.170661,1,FALSE,FALSE,24000,0450,1783242986,2026-07-05T09:16:55Z,2026-07-05T09:16:55Z,2026-07-05T09:16:25Z,2.2,https://gbfs.kappa.fifteen.eu/gbfs/2.2/mobi/en/gbfs.json,https://gbfs.kappa.fifteen.eu/gbfs/2.2/mobi/en/free_bike_status.json,2026-07-05T09:16:54Z,2026-07-05T09:16:54Z
mobi_vancouver,mobi_vancouver_33d75ef4-7f43-4e07-ac6f-f32fdfa57c5d,33d75ef4-7f43-4e07-ac6f-f32fdfa57c5d,49.254818,-123.114785,1,FALSE,FALSE,24000,0531,1783242986,2026-07-05T09:16:55Z,2026-07-05T09:16:55Z,2026-07-05T09:16:25Z,2.2,https://gbfs.kappa.fifteen.eu/gbfs/2.2/mobi/en/gbfs.json,https://gbfs.kappa.fifteen.eu/gbfs/2.2/mobi/en/free_bike_status.json,2026-07-05T09:16:54Z,2026-07-05T09:16:54Z
mobi_vancouver,mobi_vancouver_22443288-7bbd-4149-95be-d908cbdc2c7b,22443288-7bbd-4149-95be-d908cbdc2c7b,49.266636,-123.183661,1,FALSE,FALSE,24000,0414,1783242986,2026-07-05T09:16:55Z,2026-07-05T09:16:55Z,2026-07-05T09:16:25Z,2.2,https://gbfs.kappa.fifteen.eu/gbfs/2.2/mobi/en/gbfs.json,https://gbfs.kappa.fifteen.eu/gbfs/2.2/mobi/en/free_bike_status.json,2026-07-05T09:16:54Z,2026-07-05T09:16:54Z
mobi_vancouver,mobi_vancouver_690b7a76-6ad0-4886-a981-e42d13ec2348,690b7a76-6ad0-4886-a981-e42d13ec2348,49.268837,-123.177633,1,FALSE,FALSE,24000,0431,1783242986,2026-07-05T09:16:55Z,2026-07-05T09:16:55Z,2026-07-05T09:16:25Z,2.2,https://gbfs.kappa.fifteen.eu/gbfs/2.2/mobi/en/gbfs.json,https://gbfs.kappa.fifteen.eu/gbfs/2.2/mobi/en/free_bike_status.json,2026-07-05T09:16:54Z,2026-07-05T09:16:54Z
mobi_vancouver,mobi_vancouver_2c07e17f-50f9-4ebc-8c9d-968e5bdc8e65,2c07e17f-50f9-4ebc-8c9d-968e5bdc8e65,49.289071,-123.138407,1,FALSE,FALSE,24000,0313,1783242986,2026-07-05T09:16:55Z,2026-07-05T09:16:55Z,2026-07-05T09:16:25Z,2.2,https://gbfs.kappa.fifteen.eu/gbfs/2.2/mobi/en/gbfs.json,https://gbfs.kappa.fifteen.eu/gbfs/2.2/mobi/en/free_bike_status.json,2026-07-05T09:16:54Z,2026-07-05T09:16:54Z
mobi_vancouver,mobi_vancouver_a1e50356-0f4e-45fb-98b4-6eac62d133f7,a1e50356-0f4e-45fb-98b4-6eac62d133f7,49.245535,-123.120496,1,FALSE,FALSE,24000,0516,1783242986,2026-07-05T09:16:55Z,2026-07-05T09:16:55Z,2026-07-05T09:16:25Z,2.2,https://gbfs.kappa.fifteen.eu/gbfs/2.2/mobi/en/gbfs.json,https://gbfs.kappa.fifteen.eu/gbfs/2.2/mobi/en/free_bike_status.json,2026-07-05T09:16:54Z,2026-07-05T09:16:54Z
mobi_vancouver,mobi_vancouver_4caedf2b-12a1-44c1-a7b4-b4e5c4e325c8,4caedf2b-12a1-44c1-a7b4-b4e5c4e325c8,49.2658,-123.20596,2,FALSE,FALSE,24000,0715,1783242986,2026-07-05T09:16:55Z,2026-07-05T09:16:55Z,2026-07-05T09:16:25Z,2.2,https://gbfs.kappa.fifteen.eu/gbfs/2.2/mobi/en/gbfs.json,https://gbfs.kappa.fifteen.eu/gbfs/2.2/mobi/en/free_bike_status.json,2026-07-05T09:16:54Z,2026-07-05T09:16:54Z
mobi_vancouver,mobi_vancouver_82f458fc-c7c1-4df7-be6c-a0ed4dc82c13,82f458fc-c7c1-4df7-be6c-a0ed4dc82c13,49.265442,-123.187738,1,FALSE,FALSE,24000,0403,1783242986,2026-07-05T09:16:55Z,2026-07-05T09:16:55Z,2026-07-05T09:16:25Z,2.2,https://gbfs.kappa.fifteen.eu/gbfs/2.2/mobi/en/gbfs.json,https://gbfs.kappa.fifteen.eu/gbfs/2.2/mobi/en/free_bike_status.json,2026-07-05T09:16:54Z,2026-07-05T09:16:54Z
mobi_vancouver,mobi_vancouver_e5dd7cf7-38c4-4975-b43b-5238a62580ec,e5dd7cf7-38c4-4975-b43b-5238a62580ec,49.263073,-123.254307,1,FALSE,FALSE,24000,2114,1783242986,2026-07-05T09:16:55Z,2026-07-05T09:16:55Z,2026-07-05T09:16:25Z,2.2,https://gbfs.kappa.fifteen.eu/gbfs/2.2/mobi/en/gbfs.json,https://gbfs.kappa.fifteen.eu/gbfs/2.2/mobi/en/free_bike_status.json,2026-07-05T09:16:54Z,2026-07-05T09:16:54Z
mobi_vancouver,mobi_vancouver_bc45a886-56d4-4018-a4b0-bb200610b5b0,bc45a886-56d4-4018-a4b0-bb200610b5b0,49.263073,-123.254307,2,FALSE,FALSE,24000,2114,1783242986,2026-07-05T09:16:55Z,2026-07-05T09:16:55Z,2026-07-05T09:16:25Z,2.2,https://gbfs.kappa.fifteen.eu/gbfs/2.2/mobi/en/gbfs.json,https://gbfs.kappa.fifteen.eu/gbfs/2.2/mobi/en/free_bike_status.json,2026-07-05T09:16:54Z,2026-07-05T09:16:54Z
mobi_vancouver,mobi_vancouver_a50ac19f-366f-4c8a-98b5-10d031742e91,a50ac19f-366f-4c8a-98b5-10d031742e91,49.283482,-123.103738,1,FALSE,FALSE,24000,0013,1783242986,2026-07-05T09:16:55Z,2026-07-05T09:16:55Z,2026-07-05T09:16:25Z,2.2,https://gbfs.kappa.fifteen.eu/gbfs/2.2/mobi/en/gbfs.json,https://gbfs.kappa.fifteen.eu/gbfs/2.2/mobi/en/free_bike_status.json,2026-07-05T09:16:54Z,2026-07-05T09:16:54Z
mobi_vancouver,mobi_vancouver_b7d01e79-7325-4849-96c3-4fea4277e25b,b7d01e79-7325-4849-96c3-4fea4277e25b,49.283482,-123.103738,1,FALSE,FALSE,24000,0013,1783242986,2026-07-05T09:16:55Z,2026-07-05T09:16:55Z,2026-07-05T09:16:25Z,2.2,https://gbfs.kappa.fifteen.eu/gbfs/2.2/mobi/en/gbfs.json,https://gbfs.kappa.fifteen.eu/gbfs/2.2/mobi/en/free_bike_status.json,2026-07-05T09:16:54Z,2026-07-05T09:16:54Z
mobi_vancouver,mobi_vancouver_2d6b8a95-ca35-45b4-94b2-eba9223b4848,2d6b8a95-ca35-45b4-94b2-eba9223b4848,49.283482,-123.103738,1,FALSE,FALSE,24000,0013,1783242986,2026-07-05T09:16:55Z,2026-07-05T09:16:55Z,2026-07-05T09:16:25Z,2.2,https://gbfs.kappa.fifteen.eu/gbfs/2.2/mobi/en/gbfs.json,https://gbfs.kappa.fifteen.eu/gbfs/2.2/mobi/en/free_bike_status.json,2026-07-05T09:16:54Z,2026-07-05T09:16:54Z
mobi_vancouver,mobi_vancouver_65ea316c-127c-49ee-bced-840bc5f064a7,65ea316c-127c-49ee-bced-840bc5f064a7,49.293264,-123.132861,1,FALSE,FALSE,24000,0181,1783242986,2026-07-05T09:16:55Z,2026-07-05T09:16:55Z,2026-07-05T09:16:25Z,2.2,https://gbfs.kappa.fifteen.eu/gbfs/2.2/mobi/en/gbfs.json,https://gbfs.kappa.fifteen.eu/gbfs/2.2/mobi/en/free_bike_status.json,2026-07-05T09:16:54Z,2026-07-05T09:16:54Z
mobi_vancouver,mobi_vancouver_d20eb7cb-b7a9-4746-ab39-1c3ff5882a9f,d20eb7cb-b7a9-4746-ab39-1c3ff5882a9f,49.2585,-123.2521,2,FALSE,FALSE,24000,2117,1783242986,2026-07-05T09:16:55Z,2026-07-05T09:16:55Z,2026-07-05T09:16:25Z,2.2,https://gbfs.kappa.fifteen.eu/gbfs/2.2/mobi/en/gbfs.json,https://gbfs.kappa.fifteen.eu/gbfs/2.2/mobi/en/free_bike_status.json,2026-07-05T09:16:54Z,2026-07-05T09:16:54Z
mobi_vancouver,mobi_vancouver_2a07d24c-1d25-4ae8-8fe5-e4741153eb94,2a07d24c-1d25-4ae8-8fe5-e4741153eb94,49.26518,-123.25868,1,FALSE,FALSE,24000,2112,1783242986,2026-07-05T09:16:55Z,2026-07-05T09:16:55Z,2026-07-05T09:16:25Z,2.2,https://gbfs.kappa.fifteen.eu/gbfs/2.2/mobi/en/gbfs.json,https://gbfs.kappa.fifteen.eu/gbfs/2.2/mobi/en/free_bike_status.json,2026-07-05T09:16:54Z,2026-07-05T09:16:54Z
mobi_vancouver,mobi_vancouver_4de31e48-229c-4c4a-b486-adc36da0c159,4de31e48-229c-4c4a-b486-adc36da0c159,49.2749,-123.12898,1,FALSE,FALSE,24000,0319,1783242986,2026-07-05T09:16:55Z,2026-07-05T09:16:55Z,2026-07-05T09:16:25Z,2.2,https://gbfs.kappa.fifteen.eu/gbfs/2.2/mobi/en/gbfs.json,https://gbfs.kappa.fifteen.eu/gbfs/2.2/mobi/en/free_bike_status.json,2026-07-05T09:16:54Z,2026-07-05T09:16:54Z
mobi_vancouver,mobi_vancouver_f5658713-bfe5-4916-bbca-e1b4bf340847,f5658713-bfe5-4916-bbca-e1b4bf340847,49.2749,-123.12898,1,FALSE,FALSE,24000,0319,1783242986,2026-07-05T09:16:55Z,2026-07-05T09:16:55Z,2026-07-05T09:16:25Z,2.2,https://gbfs.kappa.fifteen.eu/gbfs/2.2/mobi/en/gbfs.json,https://gbfs.kappa.fifteen.eu/gbfs/2.2/mobi/en/free_bike_status.json,2026-07-05T09:16:54Z,2026-07-05T09:16:54Z
mobi_vancouver,mobi_vancouver_09d67669-b3b5-461d-ab0c-c6463fc3260e,09d67669-b3b5-461d-ab0c-c6463fc3260e,49.282055,-123.133045,1,FALSE,FALSE,24400,0187,1783242986,2026-07-05T09:16:55Z,2026-07-05T09:16:55Z,2026-07-05T09:16:25Z,2.2,https://gbfs.kappa.fifteen.eu/gbfs/2.2/mobi/en/gbfs.json,https://gbfs.kappa.fifteen.eu/gbfs/2.2/mobi/en/free_bike_status.json,2026-07-05T09:16:54Z,2026-07-05T09:16:54Z
mobi_vancouver,mobi_vancouver_fd180128-5892-48ad-9789-b1cca39dc3f1,fd180128-5892-48ad-9789-b1cca39dc3f1,49.271721,-123.104207,1,FALSE,FALSE,24400,0011,1783242986,2026-07-05T09:16:55Z,2026-07-05T09:16:55Z,2026-07-05T09:16:25Z,2.2,https://gbfs.kappa.fifteen.eu/gbfs/2.2/mobi/en/gbfs.json,https://gbfs.kappa.fifteen.eu/gbfs/2.2/mobi/en/free_bike_status.json,2026-07-05T09:16:54Z,2026-07-05T09:16:54Z
mobi_vancouver,mobi_vancouver_1f6e2452-5fbe-4a68-adef-cd03c2b775fa,1f6e2452-5fbe-4a68-adef-cd03c2b775fa,49.262487,-123.114397,1,FALSE,FALSE,24400,0001,1783242986,2026-07-05T09:16:55Z,2026-07-05T09:16:55Z,2026-07-05T09:16:25Z,2.2,https://gbfs.kappa.fifteen.eu/gbfs/2.2/mobi/en/gbfs.json,https://gbfs.kappa.fifteen.eu/gbfs/2.2/mobi/en/free_bike_status.json,2026-07-05T09:16:54Z,2026-07-05T09:16:54Z
mobi_vancouver,mobi_vancouver_d00ce5b9-9424-458c-9f24-bb17ccc2fe51,d00ce5b9-9424-458c-9f24-bb17ccc2fe51,49.276115,-123.114496,1,FALSE,FALSE,24400,0064,1783242986,2026-07-05T09:16:55Z,2026-07-05T09:16:55Z,2026-07-05T09:16:25Z,2.2,https://gbfs.kappa.fifteen.eu/gbfs/2.2/mobi/en/gbfs.json,https://gbfs.kappa.fifteen.eu/gbfs/2.2/mobi/en/free_bike_status.json,2026-07-05T09:16:54Z,2026-07-05T09:16:54Z
mobi_vancouver,mobi_vancouver_bc423f35-afcb-4132-ba29-3e1f5e287dd5,bc423f35-afcb-4132-ba29-3e1f5e287dd5,49.285512,-123.1384,1,FALSE,FALSE,24400,0040,1783242986,2026-07-05T09:16:55Z,2026-07-05T09:16:55Z,2026-07-05T09:16:25Z,2.2,https://gbfs.kappa.fifteen.eu/gbfs/2.2/mobi/en/gbfs.json,https://gbfs.kappa.fifteen.eu/gbfs/2.2/mobi/en/free_bike_status.json,2026-07-05T09:16:54Z,2026-07-05T09:16:54Z
mobi_vancouver,mobi_vancouver_76843533-414e-4198-937f-5d50e64aa88b,76843533-414e-4198-937f-5d50e64aa88b,49.285512,-123.1384,1,FALSE,FALSE,24400,0040,1783242986,2026-07-05T09:16:55Z,2026-07-05T09:16:55Z,2026-07-05T09:16:25Z,2.2,https://gbfs.kappa.fifteen.eu/gbfs/2.2/mobi/en/gbfs.json,https://gbfs.kappa.fifteen.eu/gbfs/2.2/mobi/en/free_bike_status.json,2026-07-05T09:16:54Z,2026-07-05T09:16:54Z
mobi_vancouver,mobi_vancouver_06309366-4d23-4946-bc86-c8072fa23b28,06309366-4d23-4946-bc86-c8072fa23b28,49.289255,-123.132677,1,FALSE,FALSE,24400,0041,1783242986,2026-07-05T09:16:55Z,2026-07-05T09:16:55Z,2026-07-05T09:16:25Z,2.2,https://gbfs.kappa.fifteen.eu/gbfs/2.2/mobi/en/gbfs.json,https://gbfs.kappa.fifteen.eu/gbfs/2.2/mobi/en/free_bike_status.json,2026-07-05T09:16:54Z,2026-07-05T09:16:54Z
mobi_vancouver,mobi_vancouver_b104ece6-cbe8-4a06-8f18-df368989e275,b104ece6-cbe8-4a06-8f18-df368989e275,49.265089,-123.119425,1,FALSE,FALSE,24400,0081,1783242986,2026-07-05T09:16:55Z,2026-07-05T09:16:55Z,2026-07-05T09:16:25Z,2.2,https://gbfs.kappa.fifteen.eu/gbfs/2.2/mobi/en/gbfs.json,https://gbfs.kappa.fifteen.eu/gbfs/2.2/mobi/en/free_bike_status.json,2026-07-05T09:16:54Z,2026-07-05T09:16:54Z
mobi_vancouver,mobi_vancouver_b4cd9e9c-d70d-4a3d-a551-e664df2a0258,b4cd9e9c-d70d-4a3d-a551-e664df2a0258,49.265089,-123.119425,1,FALSE,FALSE,24400,0081,1783242986,2026-07-05T09:16:55Z,2026-07-05T09:16:55Z,2026-07-05T09:16:25Z,2.2,https://gbfs.kappa.fifteen.eu/gbfs/2.2/mobi/en/gbfs.json,https://gbfs.kappa.fifteen.eu/gbfs/2.2/mobi/en/free_bike_status.json,2026-07-05T09:16:54Z,2026-07-05T09:16:54Z
mobi_vancouver,mobi_vancouver_f89f3407-ac10-4194-9aa2-4635f0d7bc52,f89f3407-ac10-4194-9aa2-4635f0d7bc52,49.27808,-123.130557,1,FALSE,FALSE,24400,0089,1783242986,2026-07-05T09:16:55Z,2026-07-05T09:16:55Z,2026-07-05T09:16:25Z,2.2,https://gbfs.kappa.fifteen.eu/gbfs/2.2/mobi/en/gbfs.json,https://gbfs.kappa.fifteen.eu/gbfs/2.2/mobi/en/free_bike_status.json,2026-07-05T09:16:54Z,2026-07-05T09:16:54Z
mobi_vancouver,mobi_vancouver_64efd576-ebd2-4a10-afa1-b2585b868986,64efd576-ebd2-4a10-afa1-b2585b868986,49.27808,-123.130557,1,FALSE,FALSE,24400,0089,1783242986,2026-07-05T09:16:55Z,2026-07-05T09:16:55Z,2026-07-05T09:16:25Z,2.2,https://gbfs.kappa.fifteen.eu/gbfs/2.2/mobi/en/gbfs.json,https://gbfs.kappa.fifteen.eu/gbfs/2.2/mobi/en/free_bike_status.json,2026-07-05T09:16:54Z,2026-07-05T09:16:54Z
mobi_vancouver,mobi_vancouver_dde0cdfb-7c51-42d3-94e6-6bbb38215224,dde0cdfb-7c51-42d3-94e6-6bbb38215224,49.27808,-123.130557,1,FALSE,FALSE,24400,0089,1783242986,2026-07-05T09:16:55Z,2026-07-05T09:16:55Z,2026-07-05T09:16:25Z,2.2,https://gbfs.kappa.fifteen.eu/gbfs/2.2/mobi/en/gbfs.json,https://gbfs.kappa.fifteen.eu/gbfs/2.2/mobi/en/free_bike_status.json,2026-07-05T09:16:54Z,2026-07-05T09:16:54Z
mobi_vancouver,mobi_vancouver_9d2ec599-7391-4bcc-abab-16fe3d159d5e,9d2ec599-7391-4bcc-abab-16fe3d159d5e,49.28062,-123.12482,1,FALSE,FALSE,24400,0037,1783242986,2026-07-05T09:16:55Z,2026-07-05T09:16:55Z,2026-07-05T09:16:25Z,2.2,https://gbfs.kappa.fifteen.eu/gbfs/2.2/mobi/en/gbfs.json,https://gbfs.kappa.fifteen.eu/gbfs/2.2/mobi/en/free_bike_status.json,2026-07-05T09:16:54Z,2026-07-05T09:16:54Z
mobi_vancouver,mobi_vancouver_c049564b-4383-4601-94cd-16d144815aeb,c049564b-4383-4601-94cd-16d144815aeb,49.265605,-123.152566,1,FALSE,FALSE,24400,0109,1783242986,2026-07-05T09:16:55Z,2026-07-05T09:16:55Z,2026-07-05T09:16:25Z,2.2,https://gbfs.kappa.fifteen.eu/gbfs/2.2/mobi/en/gbfs.json,https://gbfs.kappa.fifteen.eu/gbfs/2.2/mobi/en/free_bike_status.json,2026-07-05T09:16:54Z,2026-07-05T09:16:54Z
mobi_vancouver,mobi_vancouver_c42df339-ce7e-43fe-841f-c799d7c63e39,c42df339-ce7e-43fe-841f-c799d7c63e39,49.265605,-123.152566,1,FALSE,FALSE,24400,0109,1783242986,2026-07-05T09:16:55Z,2026-07-05T09:16:55Z,2026-07-05T09:16:25Z,2.2,https://gbfs.kappa.fifteen.eu/gbfs/2.2/mobi/en/gbfs.json,https://gbfs.kappa.fifteen.eu/gbfs/2.2/mobi/en/free_bike_status.json,2026-07-05T09:16:54Z,2026-07-05T09:16:54Z
mobi_vancouver,mobi_vancouver_f4f88b14-4c9e-47bd-a76b-11c10e19b04b,f4f88b14-4c9e-47bd-a76b-11c10e19b04b,49.28026,-123.135244,1,FALSE,FALSE,24400,0088,1783242986,2026-07-05T09:16:55Z,2026-07-05T09:16:55Z,2026-07-05T09:16:25Z,2.2,https://gbfs.kappa.fifteen.eu/gbfs/2.2/mobi/en/gbfs.json,https://gbfs.kappa.fifteen.eu/gbfs/2.2/mobi/en/free_bike_status.json,2026-07-05T09:16:54Z,2026-07-05T09:16:54Z
mobi_vancouver,mobi_vancouver_27efd6dc-99d9-43f5-99dc-ea0019533b3c,27efd6dc-99d9-43f5-99dc-ea0019533b3c,49.268269,-123.147885,1,FALSE,FALSE,24400,0076,1783242986,2026-07-05T09:16:55Z,2026-07-05T09:16:55Z,2026-07-05T09:16:25Z,2.2,https://gbfs.kappa.fifteen.eu/gbfs/2.2/mobi/en/gbfs.json,https://gbfs.kappa.fifteen.eu/gbfs/2.2/mobi/en/free_bike_status.json,2026-07-05T09:16:54Z,2026-07-05T09:16:54Z
mobi_vancouver,mobi_vancouver_1e012868-be00-4f5e-afb5-506635de2a1d,1e012868-be00-4f5e-afb5-506635de2a1d,49.275683,-123.124388,1,FALSE,FALSE,24400,0082,1783242986,2026-07-05T09:16:55Z,2026-07-05T09:16:55Z,2026-07-05T09:16:25Z,2.2,https://gbfs.kappa.fifteen.eu/gbfs/2.2/mobi/en/gbfs.json,https://gbfs.kappa.fifteen.eu/gbfs/2.2/mobi/en/free_bike_status.json,2026-07-05T09:16:54Z,2026-07-05T09:16:54Z
mobi_vancouver,mobi_vancouver_612753ce-4239-44c0-91e0-1f562d9738ca,612753ce-4239-44c0-91e0-1f562d9738ca,49.28526,-123.141809,1,FALSE,FALSE,24400,0060,1783242986,2026-07-05T09:16:55Z,2026-07-05T09:16:55Z,2026-07-05T09:16:25Z,2.2,https://gbfs.kappa.fifteen.eu/gbfs/2.2/mobi/en/gbfs.json,https://gbfs.kappa.fifteen.eu/gbfs/2.2/mobi/en/free_bike_status.json,2026-07-05T09:16:54Z,2026-07-05T09:16:54Z
mobi_vancouver,mobi_vancouver_c0974810-a81d-4676-9ee3-49806f564662,c0974810-a81d-4676-9ee3-49806f564662,49.287097,-123.118551,1,FALSE,FALSE,24400,0016,1783242986,2026-07-05T09:16:55Z,2026-07-05T09:16:55Z,2026-07-05T09:16:25Z,2.2,https://gbfs.kappa.fifteen.eu/gbfs/2.2/mobi/en/gbfs.json,https://gbfs.kappa.fifteen.eu/gbfs/2.2/mobi/en/free_bike_status.json,2026-07-05T09:16:54Z,2026-07-05T09:16:54Z
mobi_vancouver,mobi_vancouver_6efaa1c6-9b50-4c41-ba79-fef1763bc9c4,6efaa1c6-9b50-4c41-ba79-fef1763bc9c4,49.287097,-123.118551,1,FALSE,FALSE,24400,0016,1783242986,2026-07-05T09:16:55Z,2026-07-05T09:16:55Z,2026-07-05T09:16:25Z,2.2,https://gbfs.kappa.fifteen.eu/gbfs/2.2/mobi/en/gbfs.json,https://gbfs.kappa.fifteen.eu/gbfs/2.2/mobi/en/free_bike_status.json,2026-07-05T09:16:54Z,2026-07-05T09:16:54Z
mobi_vancouver,mobi_vancouver_3391bfb1-1e74-4841-b92d-93c0a4eda8a6,3391bfb1-1e74-4841-b92d-93c0a4eda8a6,49.273568,-123.129935,1,FALSE,FALSE,24400,0137,1783242986,2026-07-05T09:16:55Z,2026-07-05T09:16:55Z,2026-07-05T09:16:25Z,2.2,https://gbfs.kappa.fifteen.eu/gbfs/2.2/mobi/en/gbfs.json,https://gbfs.kappa.fifteen.eu/gbfs/2.2/mobi/en/free_bike_status.json,2026-07-05T09:16:54Z,2026-07-05T09:16:54Z
mobi_vancouver,mobi_vancouver_f0791a18-5249-46ea-9c0e-e32add4112b0,f0791a18-5249-46ea-9c0e-e32add4112b0,49.273568,-123.129935,1,FALSE,FALSE,24400,0137,1783242986,2026-07-05T09:16:55Z,2026-07-05T09:16:55Z,2026-07-05T09:16:25Z,2.2,https://gbfs.kappa.fifteen.eu/gbfs/2.2/mobi/en/gbfs.json,https://gbfs.kappa.fifteen.eu/gbfs/2.2/mobi/en/free_bike_status.json,2026-07-05T09:16:54Z,2026-07-05T09:16:54Z
mobi_vancouver,mobi_vancouver_da1c56d3-eb25-4699-a15e-da336a8b3917,da1c56d3-eb25-4699-a15e-da336a8b3917,49.284605,-123.108662,1,FALSE,FALSE,24400,0052,1783242986,2026-07-05T09:16:55Z,2026-07-05T09:16:55Z,2026-07-05T09:16:25Z,2.2,https://gbfs.kappa.fifteen.eu/gbfs/2.2/mobi/en/gbfs.json,https://gbfs.kappa.fifteen.eu/gbfs/2.2/mobi/en/free_bike_status.json,2026-07-05T09:16:54Z,2026-07-05T09:16:54Z
mobi_vancouver,mobi_vancouver_8832497d-11e6-49da-9ace-3b2f891b3f93,8832497d-11e6-49da-9ace-3b2f891b3f93,49.273471,-123.118016,1,FALSE,FALSE,24400,0017,1783242986,2026-07-05T09:16:55Z,2026-07-05T09:16:55Z,2026-07-05T09:16:25Z,2.2,https://gbfs.kappa.fifteen.eu/gbfs/2.2/mobi/en/gbfs.json,https://gbfs.kappa.fifteen.eu/gbfs/2.2/mobi/en/free_bike_status.json,2026-07-05T09:16:54Z,2026-07-05T09:16:54Z
mobi_vancouver,mobi_vancouver_5aa717d4-5634-4f36-be2a-8594959daaf6,5aa717d4-5634-4f36-be2a-8594959daaf6,49.273471,-123.118016,1,FALSE,FALSE,24400,0017,1783242986,2026-07-05T09:16:55Z,2026-07-05T09:16:55Z,2026-07-05T09:16:25Z,2.2,https://gbfs.kappa.fifteen.eu/gbfs/2.2/mobi/en/gbfs.json,https://gbfs.kappa.fifteen.eu/gbfs/2.2/mobi/en/free_bike_status.json,2026-07-05T09:16:54Z,2026-07-05T09:16:54Z
mobi_vancouver,mobi_vancouver_75b78477-fd80-4a8a-ae1c-353559ab745b,75b78477-fd80-4a8a-ae1c-353559ab745b,49.273471,-123.118016,1,FALSE,FALSE,24400,0017,1783242986,2026-07-05T09:16:55Z,2026-07-05T09:16:55Z,2026-07-05T09:16:25Z,2.2,https://gbfs.kappa.fifteen.eu/gbfs/2.2/mobi/en/gbfs.json,https://gbfs.kappa.fifteen.eu/gbfs/2.2/mobi/en/free_bike_status.json,2026-07-05T09:16:54Z,2026-07-05T09:16:54Z
mobi_vancouver,mobi_vancouver_fcff24aa-005d-4755-8bbe-61c218648073,fcff24aa-005d-4755-8bbe-61c218648073,49.269969,-123.109623,1,FALSE,FALSE,24400,0173,1783242986,2026-07-05T09:16:55Z,2026-07-05T09:16:55Z,2026-07-05T09:16:25Z,2.2,https://gbfs.kappa.fifteen.eu/gbfs/2.2/mobi/en/gbfs.json,https://gbfs.kappa.fifteen.eu/gbfs/2.2/mobi/en/free_bike_status.json,2026-07-05T09:16:54Z,2026-07-05T09:16:54Z
mobi_vancouver,mobi_vancouver_8e295fe4-7a96-4280-a8ef-9df3ea1d818a,8e295fe4-7a96-4280-a8ef-9df3ea1d818a,49.27023,-123.10651,1,FALSE,FALSE,24400,0174,1783242986,2026-07-05T09:16:55Z,2026-07-05T09:16:55Z,2026-07-05T09:16:25Z,2.2,https://gbfs.kappa.fifteen.eu/gbfs/2.2/mobi/en/gbfs.json,https://gbfs.kappa.fifteen.eu/gbfs/2.2/mobi/en/free_bike_status.json,2026-07-05T09:16:54Z,2026-07-05T09:16:54Z
mobi_vancouver,mobi_vancouver_9cf759bd-1290-49c9-9f91-0f1e55d9407f,9cf759bd-1290-49c9-9f91-0f1e55d9407f,49.27023,-123.10651,1,FALSE,FALSE,24400,0174,1783242986,2026-07-05T09:16:55Z,2026-07-05T09:16:55Z,2026-07-05T09:16:25Z,2.2,https://gbfs.kappa.fifteen.eu/gbfs/2.2/mobi/en/gbfs.json,https://gbfs.kappa.fifteen.eu/gbfs/2.2/mobi/en/free_bike_status.json,2026-07-05T09:16:54Z,2026-07-05T09:16:54Z
mobi_vancouver,mobi_vancouver_8ac834d6-b76e-4c30-a0a5-33c1962a3b0e,8ac834d6-b76e-4c30-a0a5-33c1962a3b0e,49.27821,-123.136972,1,FALSE,FALSE,24400,0083,1783242986,2026-07-05T09:16:55Z,2026-07-05T09:16:55Z,2026-07-05T09:16:25Z,2.2,https://gbfs.kappa.fifteen.eu/gbfs/2.2/mobi/en/gbfs.json,https://gbfs.kappa.fifteen.eu/gbfs/2.2/mobi/en/free_bike_status.json,2026-07-05T09:16:54Z,2026-07-05T09:16:54Z
mobi_vancouver,mobi_vancouver_d6811ae7-1f02-4dff-bf2d-8d99eba94532,d6811ae7-1f02-4dff-bf2d-8d99eba94532,49.284157,-123.099917,1,FALSE,FALSE,24400,0150,1783242986,2026-07-05T09:16:55Z,2026-07-05T09:16:55Z,2026-07-05T09:16:25Z,2.2,https://gbfs.kappa.fifteen.eu/gbfs/2.2/mobi/en/gbfs.json,https://gbfs.kappa.fifteen.eu/gbfs/2.2/mobi/en/free_bike_status.json,2026-07-05T09:16:54Z,2026-07-05T09:16:54Z
mobi_vancouver,mobi_vancouver_8d553f27-01ad-47f9-a25b-454944e44856,8d553f27-01ad-47f9-a25b-454944e44856,49.276292,-123.150592,1,FALSE,FALSE,24400,0155,1783242986,2026-07-05T09:16:55Z,2026-07-05T09:16:55Z,2026-07-05T09:16:25Z,2.2,https://gbfs.kappa.fifteen.eu/gbfs/2.2/mobi/en/gbfs.json,https://gbfs.kappa.fifteen.eu/gbfs/2.2/mobi/en/free_bike_status.json,2026-07-05T09:16:54Z,2026-07-05T09:16:54Z
mobi_vancouver,mobi_vancouver_217c16a5-303e-427e-9dba-0888e7b44770,217c16a5-303e-427e-9dba-0888e7b44770,49.276292,-123.150592,1,FALSE,FALSE,24400,0155,1783242986,2026-07-05T09:16:55Z,2026-07-05T09:16:55Z,2026-07-05T09:16:25Z,2.2,https://gbfs.kappa.fifteen.eu/gbfs/2.2/mobi/en/gbfs.json,https://gbfs.kappa.fifteen.eu/gbfs/2.2/mobi/en/free_bike_status.json,2026-07-05T09:16:54Z,2026-07-05T09:16:54Z
mobi_vancouver,mobi_vancouver_5300a999-0cd5-4891-b84d-5991996d65e6,5300a999-0cd5-4891-b84d-5991996d65e6,49.276292,-123.150592,1,FALSE,FALSE,24400,0155,1783242986,2026-07-05T09:16:55Z,2026-07-05T09:16:55Z,2026-07-05T09:16:25Z,2.2,https://gbfs.kappa.fifteen.eu/gbfs/2.2/mobi/en/gbfs.json,https://gbfs.kappa.fifteen.eu/gbfs/2.2/mobi/en/free_bike_status.json,2026-07-05T09:16:54Z,2026-07-05T09:16:54Z
mobi_vancouver,mobi_vancouver_b92ff273-e1ee-4b85-91e9-b822594c6759,b92ff273-e1ee-4b85-91e9-b822594c6759,49.281506,-123.120101,1,FALSE,FALSE,24400,0063,1783242986,2026-07-05T09:16:55Z,2026-07-05T09:16:55Z,2026-07-05T09:16:25Z,2.2,https://gbfs.kappa.fifteen.eu/gbfs/2.2/mobi/en/gbfs.json,https://gbfs.kappa.fifteen.eu/gbfs/2.2/mobi/en/free_bike_status.json,2026-07-05T09:16:54Z,2026-07-05T09:16:54Z
mobi_vancouver,mobi_vancouver_a5304c56-9418-4d3f-83ef-e7d6439d3ef2,a5304c56-9418-4d3f-83ef-e7d6439d3ef2,49.274566,-123.121817,1,FALSE,FALSE,24400,0004,1783242986,2026-07-05T09:16:55Z,2026-07-05T09:16:55Z,2026-07-05T09:16:25Z,2.2,https://gbfs.kappa.fifteen.eu/gbfs/2.2/mobi/en/gbfs.json,https://gbfs.kappa.fifteen.eu/gbfs/2.2/mobi/en/free_bike_status.json,2026-07-05T09:16:54Z,2026-07-05T09:16:54Z
mobi_vancouver,mobi_vancouver_81ae7424-bc5c-4fbb-924d-63b26a996428,81ae7424-bc5c-4fbb-924d-63b26a996428,49.290112,-123.127062,1,FALSE,FALSE,24400,0035,1783242986,2026-07-05T09:16:55Z,2026-07-05T09:16:55Z,2026-07-05T09:16:25Z,2.2,https://gbfs.kappa.fifteen.eu/gbfs/2.2/mobi/en/gbfs.json,https://gbfs.kappa.fifteen.eu/gbfs/2.2/mobi/en/free_bike_status.json,2026-07-05T09:16:54Z,2026-07-05T09:16:54Z
mobi_vancouver,mobi_vancouver_3c6154c9-0740-4946-98d2-bd791c66b089,3c6154c9-0740-4946-98d2-bd791c66b089,49.299292,-123.130281,1,FALSE,FALSE,24400,0101,1783242986,2026-07-05T09:16:55Z,2026-07-05T09:16:55Z,2026-07-05T09:16:25Z,2.2,https://gbfs.kappa.fifteen.eu/gbfs/2.2/mobi/en/gbfs.json,https://gbfs.kappa.fifteen.eu/gbfs/2.2/mobi/en/free_bike_status.json,2026-07-05T09:16:54Z,2026-07-05T09:16:54Z
mobi_vancouver,mobi_vancouver_213d3dd8-17e9-4ed8-bf72-9e7199b7f319,213d3dd8-17e9-4ed8-bf72-9e7199b7f319,49.29534,-123.150433,1,FALSE,FALSE,24400,0102,1783242986,2026-07-05T09:16:55Z,2026-07-05T09:16:55Z,2026-07-05T09:16:25Z,2.2,https://gbfs.kappa.fifteen.eu/gbfs/2.2/mobi/en/gbfs.json,https://gbfs.kappa.fifteen.eu/gbfs/2.2/mobi/en/free_bike_status.json,2026-07-05T09:16:54Z,2026-07-05T09:16:54Z
mobi_vancouver,mobi_vancouver_9cdea892-5d4b-423f-b194-75f6d8c7e588,9cdea892-5d4b-423f-b194-75f6d8c7e588,49.297933,-123.130758,1,FALSE,FALSE,24400,0209,1783242986,2026-07-05T09:16:55Z,2026-07-05T09:16:55Z,2026-07-05T09:16:25Z,2.2,https://gbfs.kappa.fifteen.eu/gbfs/2.2/mobi/en/gbfs.json,https://gbfs.kappa.fifteen.eu/gbfs/2.2/mobi/en/free_bike_status.json,2026-07-05T09:16:54Z,2026-07-05T09:16:54Z
mobi_vancouver,mobi_vancouver_49481209-5a8e-42f8-9b50-44b28094e0ca,49481209-5a8e-42f8-9b50-44b28094e0ca,49.265336,-123.145823,1,FALSE,FALSE,24400,0140,1783242986,2026-07-05T09:16:55Z,2026-07-05T09:16:55Z,2026-07-05T09:16:25Z,2.2,https://gbfs.kappa.fifteen.eu/gbfs/2.2/mobi/en/gbfs.json,https://gbfs.kappa.fifteen.eu/gbfs/2.2/mobi/en/free_bike_status.json,2026-07-05T09:16:54Z,2026-07-05T09:16:54Z
mobi_vancouver,mobi_vancouver_995ce9d4-b073-4aa0-97bb-e27c002fa5e9,995ce9d4-b073-4aa0-97bb-e27c002fa5e9,49.265336,-123.145823,1,FALSE,FALSE,24400,0140,1783242986,2026-07-05T09:16:55Z,2026-07-05T09:16:55Z,2026-07-05T09:16:25Z,2.2,https://gbfs.kappa.fifteen.eu/gbfs/2.2/mobi/en/gbfs.json,https://gbfs.kappa.fifteen.eu/gbfs/2.2/mobi/en/free_bike_status.json,2026-07-05T09:16:54Z,2026-07-05T09:16:54Z
mobi_vancouver,mobi_vancouver_ee879fcc-4b94-4505-bc71-d628c72d567e,ee879fcc-4b94-4505-bc71-d628c72d567e,49.283749,-123.136133,1,FALSE,FALSE,24400,0087,1783242986,2026-07-05T09:16:55Z,2026-07-05T09:16:55Z,2026-07-05T09:16:25Z,2.2,https://gbfs.kappa.fifteen.eu/gbfs/2.2/mobi/en/gbfs.json,https://gbfs.kappa.fifteen.eu/gbfs/2.2/mobi/en/free_bike_status.json,2026-07-05T09:16:54Z,2026-07-05T09:16:54Z
mobi_vancouver,mobi_vancouver_05bf405b-ab3b-4933-83ca-fe551c5ad8a9,05bf405b-ab3b-4933-83ca-fe551c5ad8a9,49.277595,-123.09583,1,FALSE,FALSE,24400,0212,1783242986,2026-07-05T09:16:55Z,2026-07-05T09:16:55Z,2026-07-05T09:16:25Z,2.2,https://gbfs.kappa.fifteen.eu/gbfs/2.2/mobi/en/gbfs.json,https://gbfs.kappa.fifteen.eu/gbfs/2.2/mobi/en/free_bike_status.json,2026-07-05T09:16:54Z,2026-07-05T09:16:54Z
mobi_vancouver,mobi_vancouver_9349231d-a2cf-499d-806a-0a2f8a138da3,9349231d-a2cf-499d-806a-0a2f8a138da3,49.270905,-123.126006,1,FALSE,FALSE,24400,0136,1783242986,2026-07-05T09:16:55Z,2026-07-05T09:16:55Z,2026-07-05T09:16:25Z,2.2,https://gbfs.kappa.fifteen.eu/gbfs/2.2/mobi/en/gbfs.json,https://gbfs.kappa.fifteen.eu/gbfs/2.2/mobi/en/free_bike_status.json,2026-07-05T09:16:54Z,2026-07-05T09:16:54Z
mobi_vancouver,mobi_vancouver_ff8f41b3-da90-4191-b980-110ec88e4f4c,ff8f41b3-da90-4191-b980-110ec88e4f4c,49.263242,-123.070521,1,FALSE,FALSE,24400,0242,1783242986,2026-07-05T09:16:55Z,2026-07-05T09:16:55Z,2026-07-05T09:16:25Z,2.2,https://gbfs.kappa.fifteen.eu/gbfs/2.2/mobi/en/gbfs.json,https://gbfs.kappa.fifteen.eu/gbfs/2.2/mobi/en/free_bike_status.json,2026-07-05T09:16:54Z,2026-07-05T09:16:54Z
mobi_vancouver,mobi_vancouver_9e076bb1-b172-44ac-8d41-ff221e44823c,9e076bb1-b172-44ac-8d41-ff221e44823c,49.277665,-123.073653,1,FALSE,FALSE,24400,0222,1783242986,2026-07-05T09:16:55Z,2026-07-05T09:16:55Z,2026-07-05T09:16:25Z,2.2,https://gbfs.kappa.fifteen.eu/gbfs/2.2/mobi/en/gbfs.json,https://gbfs.kappa.fifteen.eu/gbfs/2.2/mobi/en/free_bike_status.json,2026-07-05T09:16:54Z,2026-07-05T09:16:54Z
mobi_vancouver,mobi_vancouver_4c0d18c7-5c06-4df6-a231-6a2df306422b,4c0d18c7-5c06-4df6-a231-6a2df306422b,49.283992,-123.091206,1,FALSE,FALSE,24400,0230,1783242986,2026-07-05T09:16:55Z,2026-07-05T09:16:55Z,2026-07-05T09:16:25Z,2.2,https://gbfs.kappa.fifteen.eu/gbfs/2.2/mobi/en/gbfs.json,https://gbfs.kappa.fifteen.eu/gbfs/2.2/mobi/en/free_bike_status.json,2026-07-05T09:16:54Z,2026-07-05T09:16:54Z
mobi_vancouver,mobi_vancouver_c39e2c40-53ec-4b25-b196-58640c2186b3,c39e2c40-53ec-4b25-b196-58640c2186b3,49.262141,-123.101961,1,FALSE,FALSE,24400,0074,1783242986,2026-07-05T09:16:55Z,2026-07-05T09:16:55Z,2026-07-05T09:16:25Z,2.2,https://gbfs.kappa.fifteen.eu/gbfs/2.2/mobi/en/gbfs.json,https://gbfs.kappa.fifteen.eu/gbfs/2.2/mobi/en/free_bike_status.json,2026-07-05T09:16:54Z,2026-07-05T09:16:54Z
mobi_vancouver,mobi_vancouver_2cd8b450-31f7-4e14-a238-b9918cffa341,2cd8b450-31f7-4e14-a238-b9918cffa341,49.2731,-123.0732,1,FALSE,FALSE,24400,0253,1783242986,2026-07-05T09:16:55Z,2026-07-05T09:16:55Z,2026-07-05T09:16:25Z,2.2,https://gbfs.kappa.fifteen.eu/gbfs/2.2/mobi/en/gbfs.json,https://gbfs.kappa.fifteen.eu/gbfs/2.2/mobi/en/free_bike_status.json,2026-07-05T09:16:54Z,2026-07-05T09:16:54Z
mobi_vancouver,mobi_vancouver_0909cf16-97d6-4347-a473-303165ad9bc4,0909cf16-97d6-4347-a473-303165ad9bc4,49.266751,-123.073501,1,FALSE,FALSE,24400,0250,1783242986,2026-07-05T09:16:55Z,2026-07-05T09:16:55Z,2026-07-05T09:16:25Z,2.2,https://gbfs.kappa.fifteen.eu/gbfs/2.2/mobi/en/gbfs.json,https://gbfs.kappa.fifteen.eu/gbfs/2.2/mobi/en/free_bike_status.json,2026-07-05T09:16:54Z,2026-07-05T09:16:54Z
mobi_vancouver,mobi_vancouver_bd73c697-2cfb-4abc-b1b1-244bb92d3a7a,bd73c697-2cfb-4abc-b1b1-244bb92d3a7a,49.261188,-123.066009,1,FALSE,FALSE,24400,0274,1783242986,2026-07-05T09:16:55Z,2026-07-05T09:16:55Z,2026-07-05T09:16:25Z,2.2,https://gbfs.kappa.fifteen.eu/gbfs/2.2/mobi/en/gbfs.json,https://gbfs.kappa.fifteen.eu/gbfs/2.2/mobi/en/free_bike_status.json,2026-07-05T09:16:54Z,2026-07-05T09:16:54Z
mobi_vancouver,mobi_vancouver_67593d8f-996d-4e1e-9817-05b7189cd090,67593d8f-996d-4e1e-9817-05b7189cd090,49.258352,-123.096337,1,FALSE,FALSE,24400,0257,1783242986,2026-07-05T09:16:55Z,2026-07-05T09:16:55Z,2026-07-05T09:16:25Z,2.2,https://gbfs.kappa.fifteen.eu/gbfs/2.2/mobi/en/gbfs.json,https://gbfs.kappa.fifteen.eu/gbfs/2.2/mobi/en/free_bike_status.json,2026-07-05T09:16:54Z,2026-07-05T09:16:54Z
mobi_vancouver,mobi_vancouver_301c5541-c9c0-4ee0-ab4e-72ed3b26f1bc,301c5541-c9c0-4ee0-ab4e-72ed3b26f1bc,49.261973,-123.09725,1,FALSE,FALSE,24400,0186,1783242986,2026-07-05T09:16:55Z,2026-07-05T09:16:55Z,2026-07-05T09:16:25Z,2.2,https://gbfs.kappa.fifteen.eu/gbfs/2.2/mobi/en/gbfs.json,https://gbfs.kappa.fifteen.eu/gbfs/2.2/mobi/en/free_bike_status.json,2026-07-05T09:16:54Z,2026-07-05T09:16:54Z
mobi_vancouver,mobi_vancouver_5f1484ad-6ccf-4a76-ac71-581da7b930c0,5f1484ad-6ccf-4a76-ac71-581da7b930c0,49.27033,-123.10275,1,FALSE,FALSE,24400,0177,1783242986,2026-07-05T09:16:55Z,2026-07-05T09:16:55Z,2026-07-05T09:16:25Z,2.2,https://gbfs.kappa.fifteen.eu/gbfs/2.2/mobi/en/gbfs.json,https://gbfs.kappa.fifteen.eu/gbfs/2.2/mobi/en/free_bike_status.json,2026-07-05T09:16:54Z,2026-07-05T09:16:54Z
mobi_vancouver,mobi_vancouver_648bf6a0-3712-4066-a703-3d60433817f7,648bf6a0-3712-4066-a703-3d60433817f7,49.302577,-123.155616,1,FALSE,FALSE,24400,0103,1783242986,2026-07-05T09:16:55Z,2026-07-05T09:16:55Z,2026-07-05T09:16:25Z,2.2,https://gbfs.kappa.fifteen.eu/gbfs/2.2/mobi/en/gbfs.json,https://gbfs.kappa.fifteen.eu/gbfs/2.2/mobi/en/free_bike_status.json,2026-07-05T09:16:54Z,2026-07-05T09:16:54Z
mobi_vancouver,mobi_vancouver_6711a44c-805e-49e4-84a2-c324803117cf,6711a44c-805e-49e4-84a2-c324803117cf,49.279235,-123.087528,1,FALSE,FALSE,24400,0228,1783242986,2026-07-05T09:16:55Z,2026-07-05T09:16:55Z,2026-07-05T09:16:25Z,2.2,https://gbfs.kappa.fifteen.eu/gbfs/2.2/mobi/en/gbfs.json,https://gbfs.kappa.fifteen.eu/gbfs/2.2/mobi/en/free_bike_status.json,2026-07-05T09:16:54Z,2026-07-05T09:16:54Z
mobi_vancouver,mobi_vancouver_b8c888a7-cc27-4db8-95af-79abcaa4d5d4,b8c888a7-cc27-4db8-95af-79abcaa4d5d4,49.27551,-123.13307,1,FALSE,FALSE,24400,0045,1783242986,2026-07-05T09:16:55Z,2026-07-05T09:16:55Z,2026-07-05T09:16:25Z,2.2,https://gbfs.kappa.fifteen.eu/gbfs/2.2/mobi/en/gbfs.json,https://gbfs.kappa.fifteen.eu/gbfs/2.2/mobi/en/free_bike_status.json,2026-07-05T09:16:54Z,2026-07-05T09:16:54Z
mobi_vancouver,mobi_vancouver_a5896798-399a-4211-94a8-378d6b4df10c,a5896798-399a-4211-94a8-378d6b4df10c,49.27551,-123.13307,1,FALSE,FALSE,24400,0045,1783242986,2026-07-05T09:16:55Z,2026-07-05T09:16:55Z,2026-07-05T09:16:25Z,2.2,https://gbfs.kappa.fifteen.eu/gbfs/2.2/mobi/en/gbfs.json,https://gbfs.kappa.fifteen.eu/gbfs/2.2/mobi/en/free_bike_status.json,2026-07-05T09:16:54Z,2026-07-05T09:16:54Z
mobi_vancouver,mobi_vancouver_86ce8e18-6c86-4cb1-ae3b-b86b881d13ba,86ce8e18-6c86-4cb1-ae3b-b86b881d13ba,49.27551,-123.13307,1,FALSE,FALSE,24400,0045,1783242986,2026-07-05T09:16:55Z,2026-07-05T09:16:55Z,2026-07-05T09:16:25Z,2.2,https://gbfs.kappa.fifteen.eu/gbfs/2.2/mobi/en/gbfs.json,https://gbfs.kappa.fifteen.eu/gbfs/2.2/mobi/en/free_bike_status.json,2026-07-05T09:16:54Z,2026-07-05T09:16:54Z
mobi_vancouver,mobi_vancouver_55d8aa43-6abc-491c-b88d-8a934593805d,55d8aa43-6abc-491c-b88d-8a934593805d,49.290587,-123.13625,1,FALSE,FALSE,24400,0122,1783242986,2026-07-05T09:16:55Z,2026-07-05T09:16:55Z,2026-07-05T09:16:25Z,2.2,https://gbfs.kappa.fifteen.eu/gbfs/2.2/mobi/en/gbfs.json,https://gbfs.kappa.fifteen.eu/gbfs/2.2/mobi/en/free_bike_status.json,2026-07-05T09:16:54Z,2026-07-05T09:16:54Z
mobi_vancouver,mobi_vancouver_f4917d89-2cbd-4d48-993e-579f2557cdb8,f4917d89-2cbd-4d48-993e-579f2557cdb8,49.271221,-123.191133,1,FALSE,FALSE,24400,0400,1783242986,2026-07-05T09:16:55Z,2026-07-05T09:16:55Z,2026-07-05T09:16:25Z,2.2,https://gbfs.kappa.fifteen.eu/gbfs/2.2/mobi/en/gbfs.json,https://gbfs.kappa.fifteen.eu/gbfs/2.2/mobi/en/free_bike_status.json,2026-07-05T09:16:54Z,2026-07-05T09:16:54Z
mobi_vancouver,mobi_vancouver_49850db3-e043-43d1-933d-abe367da34a4,49850db3-e043-43d1-933d-abe367da34a4,49.271221,-123.191133,1,FALSE,FALSE,24400,0400,1783242986,2026-07-05T09:16:55Z,2026-07-05T09:16:55Z,2026-07-05T09:16:25Z,2.2,https://gbfs.kappa.fifteen.eu/gbfs/2.2/mobi/en/gbfs.json,https://gbfs.kappa.fifteen.eu/gbfs/2.2/mobi/en/free_bike_status.json,2026-07-05T09:16:54Z,2026-07-05T09:16:54Z
mobi_vancouver,mobi_vancouver_3689690f-5c90-485a-9108-05e955928e11,3689690f-5c90-485a-9108-05e955928e11,49.272969,-123.164325,1,FALSE,FALSE,24400,0460,1783242986,2026-07-05T09:16:55Z,2026-07-05T09:16:55Z,2026-07-05T09:16:25Z,2.2,https://gbfs.kappa.fifteen.eu/gbfs/2.2/mobi/en/gbfs.json,https://gbfs.kappa.fifteen.eu/gbfs/2.2/mobi/en/free_bike_status.json,2026-07-05T09:16:54Z,2026-07-05T09:16:54Z
mobi_vancouver,mobi_vancouver_4df7e121-4d47-481b-a7b7-7ecdc0ea9a7b,4df7e121-4d47-481b-a7b7-7ecdc0ea9a7b,49.264483,-123.173926,1,FALSE,FALSE,24400,0444,1783242986,2026-07-05T09:16:55Z,2026-07-05T09:16:55Z,2026-07-05T09:16:25Z,2.2,https://gbfs.kappa.fifteen.eu/gbfs/2.2/mobi/en/gbfs.json,https://gbfs.kappa.fifteen.eu/gbfs/2.2/mobi/en/free_bike_status.json,2026-07-05T09:16:54Z,2026-07-05T09:16:54Z
mobi_vancouver,mobi_vancouver_ee43777d-13c3-4084-ad6a-b44faa4ef64e,ee43777d-13c3-4084-ad6a-b44faa4ef64e,49.271044,-123.170661,1,FALSE,FALSE,24400,0450,1783242986,2026-07-05T09:16:55Z,2026-07-05T09:16:55Z,2026-07-05T09:16:25Z,2.2,https://gbfs.kappa.fifteen.eu/gbfs/2.2/mobi/en/gbfs.json,https://gbfs.kappa.fifteen.eu/gbfs/2.2/mobi/en/free_bike_status.json,2026-07-05T09:16:54Z,2026-07-05T09:16:54Z
mobi_vancouver,mobi_vancouver_78d603e3-817d-4d94-b0f0-00fd2eb0fb38,78d603e3-817d-4d94-b0f0-00fd2eb0fb38,49.271044,-123.170661,1,FALSE,FALSE,24400,0450,1783242986,2026-07-05T09:16:55Z,2026-07-05T09:16:55Z,2026-07-05T09:16:25Z,2.2,https://gbfs.kappa.fifteen.eu/gbfs/2.2/mobi/en/gbfs.json,https://gbfs.kappa.fifteen.eu/gbfs/2.2/mobi/en/free_bike_status.json,2026-07-05T09:16:54Z,2026-07-05T09:16:54Z
mobi_vancouver,mobi_vancouver_7b7f567e-f8e4-4c38-9b49-5c05700f19ca,7b7f567e-f8e4-4c38-9b49-5c05700f19ca,49.272172,-123.097978,1,FALSE,FALSE,24400,0354,1783242986,2026-07-05T09:16:55Z,2026-07-05T09:16:55Z,2026-07-05T09:16:25Z,2.2,https://gbfs.kappa.fifteen.eu/gbfs/2.2/mobi/en/gbfs.json,https://gbfs.kappa.fifteen.eu/gbfs/2.2/mobi/en/free_bike_status.json,2026-07-05T09:16:54Z,2026-07-05T09:16:54Z
mobi_vancouver,mobi_vancouver_69cfde74-4f7d-4888-938d-9da4a0e6f6c3,69cfde74-4f7d-4888-938d-9da4a0e6f6c3,49.272172,-123.097978,1,FALSE,FALSE,24400,0354,1783242986,2026-07-05T09:16:55Z,2026-07-05T09:16:55Z,2026-07-05T09:16:25Z,2.2,https://gbfs.kappa.fifteen.eu/gbfs/2.2/mobi/en/gbfs.json,https://gbfs.kappa.fifteen.eu/gbfs/2.2/mobi/en/free_bike_status.json,2026-07-05T09:16:54Z,2026-07-05T09:16:54Z
mobi_vancouver,mobi_vancouver_54dfda19-f6aa-4235-83f5-8157ed7d2e73,54dfda19-f6aa-4235-83f5-8157ed7d2e73,49.274232,-123.129998,1,FALSE,FALSE,24400,0314,1783242986,2026-07-05T09:16:55Z,2026-07-05T09:16:55Z,2026-07-05T09:16:25Z,2.2,https://gbfs.kappa.fifteen.eu/gbfs/2.2/mobi/en/gbfs.json,https://gbfs.kappa.fifteen.eu/gbfs/2.2/mobi/en/free_bike_status.json,2026-07-05T09:16:54Z,2026-07-05T09:16:54Z
mobi_vancouver,mobi_vancouver_c10fa8bd-402b-49f8-b2ea-fbd8ec7dded0,c10fa8bd-402b-49f8-b2ea-fbd8ec7dded0,49.283968,-123.061615,1,FALSE,FALSE,24400,0631,1783242986,2026-07-05T09:16:55Z,2026-07-05T09:16:55Z,2026-07-05T09:16:25Z,2.2,https://gbfs.kappa.fifteen.eu/gbfs/2.2/mobi/en/gbfs.json,https://gbfs.kappa.fifteen.eu/gbfs/2.2/mobi/en/free_bike_status.json,2026-07-05T09:16:54Z,2026-07-05T09:16:54Z
mobi_vancouver,mobi_vancouver_f8fd97f1-7e38-432a-bbbf-9663772b6c25,f8fd97f1-7e38-432a-bbbf-9663772b6c25,49.285575,-123.061575,1,FALSE,FALSE,24400,0621,1783242986,2026-07-05T09:16:55Z,2026-07-05T09:16:55Z,2026-07-05T09:16:25Z,2.2,https://gbfs.kappa.fifteen.eu/gbfs/2.2/mobi/en/gbfs.json,https://gbfs.kappa.fifteen.eu/gbfs/2.2/mobi/en/free_bike_status.json,2026-07-05T09:16:54Z,2026-07-05T09:16:54Z
mobi_vancouver,mobi_vancouver_19f588fa-25e7-4c84-9d68-20218175881d,19f588fa-25e7-4c84-9d68-20218175881d,49.252656,-123.067965,1,FALSE,FALSE,24400,0352,1783242986,2026-07-05T09:16:55Z,2026-07-05T09:16:55Z,2026-07-05T09:16:25Z,2.2,https://gbfs.kappa.fifteen.eu/gbfs/2.2/mobi/en/gbfs.json,https://gbfs.kappa.fifteen.eu/gbfs/2.2/mobi/en/free_bike_status.json,2026-07-05T09:16:54Z,2026-07-05T09:16:54Z
mobi_vancouver,mobi_vancouver_f62b6677-4183-4dd0-bc35-45ba05a77e27,f62b6677-4183-4dd0-bc35-45ba05a77e27,49.247204,-123.101549,1,FALSE,FALSE,24400,0565,1783242986,2026-07-05T09:16:55Z,2026-07-05T09:16:55Z,2026-07-05T09:16:25Z,2.2,https://gbfs.kappa.fifteen.eu/gbfs/2.2/mobi/en/gbfs.json,https://gbfs.kappa.fifteen.eu/gbfs/2.2/mobi/en/free_bike_status.json,2026-07-05T09:16:54Z,2026-07-05T09:16:54Z
mobi_vancouver,mobi_vancouver_79eed275-76d8-4a6d-9459-1e9cb9f09590,79eed275-76d8-4a6d-9459-1e9cb9f09590,49.261655,-123.241924,1,FALSE,FALSE,24400,2157,1783242986,2026-07-05T09:16:55Z,2026-07-05T09:16:55Z,2026-07-05T09:16:25Z,2.2,https://gbfs.kappa.fifteen.eu/gbfs/2.2/mobi/en/gbfs.json,https://gbfs.kappa.fifteen.eu/gbfs/2.2/mobi/en/free_bike_status.json,2026-07-05T09:16:54Z,2026-07-05T09:16:54Z
mobi_vancouver,mobi_vancouver_e5483258-5ffd-4a39-897b-32a71b035a45,e5483258-5ffd-4a39-897b-32a71b035a45,49.2661,-123.24568,1,FALSE,FALSE,24400,2154,1783242986,2026-07-05T09:16:55Z,2026-07-05T09:16:55Z,2026-07-05T09:16:25Z,2.2,https://gbfs.kappa.fifteen.eu/gbfs/2.2/mobi/en/gbfs.json,https://gbfs.kappa.fifteen.eu/gbfs/2.2/mobi/en/free_bike_status.json,2026-07-05T09:16:54Z,2026-07-05T09:16:54Z
mobi_vancouver,mobi_vancouver_942aec50-82bb-4547-963b-9c58e694fe7a,942aec50-82bb-4547-963b-9c58e694fe7a,49.261736,-123.24648,1,FALSE,FALSE,24400,2136,1783242986,2026-07-05T09:16:55Z,2026-07-05T09:16:55Z,2026-07-05T09:16:25Z,2.2,https://gbfs.kappa.fifteen.eu/gbfs/2.2/mobi/en/gbfs.json,https://gbfs.kappa.fifteen.eu/gbfs/2.2/mobi/en/free_bike_status.json,2026-07-05T09:16:54Z,2026-07-05T09:16:54Z
mobi_vancouver,mobi_vancouver_e9559a1e-f600-40b6-9a22-d83d748ad600,e9559a1e-f600-40b6-9a22-d83d748ad600,49.293264,-123.132861,1,FALSE,FALSE,24400,0181,1783242986,2026-07-05T09:16:55Z,2026-07-05T09:16:55Z,2026-07-05T09:16:25Z,2.2,https://gbfs.kappa.fifteen.eu/gbfs/2.2/mobi/en/gbfs.json,https://gbfs.kappa.fifteen.eu/gbfs/2.2/mobi/en/free_bike_status.json,2026-07-05T09:16:54Z,2026-07-05T09:16:54Z
mobi_vancouver,mobi_vancouver_88c1ba3c-91c2-4b59-b0d3-79787caf3db5,88c1ba3c-91c2-4b59-b0d3-79787caf3db5,49.26518,-123.25868,1,FALSE,FALSE,24400,2112,1783242986,2026-07-05T09:16:55Z,2026-07-05T09:16:55Z,2026-07-05T09:16:25Z,2.2,https://gbfs.kappa.fifteen.eu/gbfs/2.2/mobi/en/gbfs.json,https://gbfs.kappa.fifteen.eu/gbfs/2.2/mobi/en/free_bike_status.json,2026-07-05T09:16:54Z,2026-07-05T09:16:54Z
mobi_vancouver,mobi_vancouver_76ef52e7-c0a1-411c-b878-8e7a9443a482,76ef52e7-c0a1-411c-b878-8e7a9443a482,49.282055,-123.133045,1,FALSE,FALSE,24800,0187,1783242986,2026-07-05T09:16:55Z,2026-07-05T09:16:55Z,2026-07-05T09:16:25Z,2.2,https://gbfs.kappa.fifteen.eu/gbfs/2.2/mobi/en/gbfs.json,https://gbfs.kappa.fifteen.eu/gbfs/2.2/mobi/en/free_bike_status.json,2026-07-05T09:16:54Z,2026-07-05T09:16:54Z
mobi_vancouver,mobi_vancouver_48ec7b44-e22d-46f6-9f6e-5010ea2a56b7,48ec7b44-e22d-46f6-9f6e-5010ea2a56b7,49.270877,-123.115103,1,FALSE,FALSE,24800,0009,1783242986,2026-07-05T09:16:55Z,2026-07-05T09:16:55Z,2026-07-05T09:16:25Z,2.2,https://gbfs.kappa.fifteen.eu/gbfs/2.2/mobi/en/gbfs.json,https://gbfs.kappa.fifteen.eu/gbfs/2.2/mobi/en/free_bike_status.json,2026-07-05T09:16:54Z,2026-07-05T09:16:54Z
mobi_vancouver,mobi_vancouver_e03d9fbb-43f9-45e2-8869-ce019437a933,e03d9fbb-43f9-45e2-8869-ce019437a933,49.271721,-123.104207,1,FALSE,FALSE,24800,0011,1783242986,2026-07-05T09:16:55Z,2026-07-05T09:16:55Z,2026-07-05T09:16:25Z,2.2,https://gbfs.kappa.fifteen.eu/gbfs/2.2/mobi/en/gbfs.json,https://gbfs.kappa.fifteen.eu/gbfs/2.2/mobi/en/free_bike_status.json,2026-07-05T09:16:54Z,2026-07-05T09:16:54Z
mobi_vancouver,mobi_vancouver_ad1fd7d1-04e9-4b7c-88cd-0b0beb5eb8cb,ad1fd7d1-04e9-4b7c-88cd-0b0beb5eb8cb,49.27808,-123.130557,1,FALSE,FALSE,24800,0089,1783242986,2026-07-05T09:16:55Z,2026-07-05T09:16:55Z,2026-07-05T09:16:25Z,2.2,https://gbfs.kappa.fifteen.eu/gbfs/2.2/mobi/en/gbfs.json,https://gbfs.kappa.fifteen.eu/gbfs/2.2/mobi/en/free_bike_status.json,2026-07-05T09:16:54Z,2026-07-05T09:16:54Z
mobi_vancouver,mobi_vancouver_3fd21109-15a3-4b69-84f9-8a521d94ec1d,3fd21109-15a3-4b69-84f9-8a521d94ec1d,49.283343,-123.131099,1,FALSE,FALSE,24800,0050,1783242986,2026-07-05T09:16:55Z,2026-07-05T09:16:55Z,2026-07-05T09:16:25Z,2.2,https://gbfs.kappa.fifteen.eu/gbfs/2.2/mobi/en/gbfs.json,https://gbfs.kappa.fifteen.eu/gbfs/2.2/mobi/en/free_bike_status.json,2026-07-05T09:16:54Z,2026-07-05T09:16:54Z
mobi_vancouver,mobi_vancouver_4e87fccd-bef7-461c-90c8-132e16fa1556,4e87fccd-bef7-461c-90c8-132e16fa1556,49.279821,-123.10802,2,FALSE,FALSE,24800,0053,1783242986,2026-07-05T09:16:55Z,2026-07-05T09:16:55Z,2026-07-05T09:16:25Z,2.2,https://gbfs.kappa.fifteen.eu/gbfs/2.2/mobi/en/gbfs.json,https://gbfs.kappa.fifteen.eu/gbfs/2.2/mobi/en/free_bike_status.json,2026-07-05T09:16:54Z,2026-07-05T09:16:54Z
mobi_vancouver,mobi_vancouver_42cf7404-886b-451b-a6e9-0d57ae69166d,42cf7404-886b-451b-a6e9-0d57ae69166d,49.282759,-123.106955,1,FALSE,FALSE,24800,0030,1783242986,2026-07-05T09:16:55Z,2026-07-05T09:16:55Z,2026-07-05T09:16:25Z,2.2,https://gbfs.kappa.fifteen.eu/gbfs/2.2/mobi/en/gbfs.json,https://gbfs.kappa.fifteen.eu/gbfs/2.2/mobi/en/free_bike_status.json,2026-07-05T09:16:54Z,2026-07-05T09:16:54Z
mobi_vancouver,mobi_vancouver_49e64f33-df2f-4bf6-b9fd-a19613e5c8d1,49e64f33-df2f-4bf6-b9fd-a19613e5c8d1,49.280216,-123.117639,1,FALSE,FALSE,24800,0129,1783242986,2026-07-05T09:16:55Z,2026-07-05T09:16:55Z,2026-07-05T09:16:25Z,2.2,https://gbfs.kappa.fifteen.eu/gbfs/2.2/mobi/en/gbfs.json,https://gbfs.kappa.fifteen.eu/gbfs/2.2/mobi/en/free_bike_status.json,2026-07-05T09:16:54Z,2026-07-05T09:16:54Z
mobi_vancouver,mobi_vancouver_e5b98b6d-c6bd-4380-b47c-256f969544e3,e5b98b6d-c6bd-4380-b47c-256f969544e3,49.28026,-123.135244,1,FALSE,FALSE,24800,0088,1783242986,2026-07-05T09:16:55Z,2026-07-05T09:16:55Z,2026-07-05T09:16:25Z,2.2,https://gbfs.kappa.fifteen.eu/gbfs/2.2/mobi/en/gbfs.json,https://gbfs.kappa.fifteen.eu/gbfs/2.2/mobi/en/free_bike_status.json,2026-07-05T09:16:54Z,2026-07-05T09:16:54Z
mobi_vancouver,mobi_vancouver_9130b925-e7f1-47fe-a26c-ae159f658494,9130b925-e7f1-47fe-a26c-ae159f658494,49.287528,-123.142139,1,FALSE,FALSE,24800,0028,1783242986,2026-07-05T09:16:55Z,2026-07-05T09:16:55Z,2026-07-05T09:16:25Z,2.2,https://gbfs.kappa.fifteen.eu/gbfs/2.2/mobi/en/gbfs.json,https://gbfs.kappa.fifteen.eu/gbfs/2.2/mobi/en/free_bike_status.json,2026-07-05T09:16:54Z,2026-07-05T09:16:54Z
mobi_vancouver,mobi_vancouver_e925eb60-34cf-4f53-b07b-af731691a3c1,e925eb60-34cf-4f53-b07b-af731691a3c1,49.287528,-123.142139,1,FALSE,FALSE,24800,0028,1783242986,2026-07-05T09:16:55Z,2026-07-05T09:16:55Z,2026-07-05T09:16:25Z,2.2,https://gbfs.kappa.fifteen.eu/gbfs/2.2/mobi/en/gbfs.json,https://gbfs.kappa.fifteen.eu/gbfs/2.2/mobi/en/free_bike_status.json,2026-07-05T09:16:54Z,2026-07-05T09:16:54Z
mobi_vancouver,mobi_vancouver_217e3e13-bba9-454a-9b14-6dffca88e2c9,217e3e13-bba9-454a-9b14-6dffca88e2c9,49.272827,-123.147744,1,FALSE,FALSE,24800,0065,1783242986,2026-07-05T09:16:55Z,2026-07-05T09:16:55Z,2026-07-05T09:16:25Z,2.2,https://gbfs.kappa.fifteen.eu/gbfs/2.2/mobi/en/gbfs.json,https://gbfs.kappa.fifteen.eu/gbfs/2.2/mobi/en/free_bike_status.json,2026-07-05T09:16:54Z,2026-07-05T09:16:54Z
mobi_vancouver,mobi_vancouver_031059a4-5902-4afd-bd9b-5e3ca9c53a87,031059a4-5902-4afd-bd9b-5e3ca9c53a87,49.293257,-123.138563,1,FALSE,FALSE,24800,0093,1783242986,2026-07-05T09:16:55Z,2026-07-05T09:16:55Z,2026-07-05T09:16:25Z,2.2,https://gbfs.kappa.fifteen.eu/gbfs/2.2/mobi/en/gbfs.json,https://gbfs.kappa.fifteen.eu/gbfs/2.2/mobi/en/free_bike_status.json,2026-07-05T09:16:54Z,2026-07-05T09:16:54Z
mobi_vancouver,mobi_vancouver_a311a1b8-7e61-4791-8869-7b81dbb341ae,a311a1b8-7e61-4791-8869-7b81dbb341ae,49.273568,-123.129935,1,FALSE,FALSE,24800,0137,1783242986,2026-07-05T09:16:55Z,2026-07-05T09:16:55Z,2026-07-05T09:16:25Z,2.2,https://gbfs.kappa.fifteen.eu/gbfs/2.2/mobi/en/gbfs.json,https://gbfs.kappa.fifteen.eu/gbfs/2.2/mobi/en/free_bike_status.json,2026-07-05T09:16:54Z,2026-07-05T09:16:54Z
mobi_vancouver,mobi_vancouver_4349a1a4-c0fa-4ca3-9d78-2d36b8399a0f,4349a1a4-c0fa-4ca3-9d78-2d36b8399a0f,49.273568,-123.129935,1,FALSE,FALSE,24800,0137,1783242986,2026-07-05T09:16:55Z,2026-07-05T09:16:55Z,2026-07-05T09:16:25Z,2.2,https://gbfs.kappa.fifteen.eu/gbfs/2.2/mobi/en/gbfs.json,https://gbfs.kappa.fifteen.eu/gbfs/2.2/mobi/en/free_bike_status.json,2026-07-05T09:16:54Z,2026-07-05T09:16:54Z
mobi_vancouver,mobi_vancouver_b419515d-d782-4648-9ba7-f328630939cb,b419515d-d782-4648-9ba7-f328630939cb,49.284605,-123.108662,1,FALSE,FALSE,24800,0052,1783242986,2026-07-05T09:16:55Z,2026-07-05T09:16:55Z,2026-07-05T09:16:25Z,2.2,https://gbfs.kappa.fifteen.eu/gbfs/2.2/mobi/en/gbfs.json,https://gbfs.kappa.fifteen.eu/gbfs/2.2/mobi/en/free_bike_status.json,2026-07-05T09:16:54Z,2026-07-05T09:16:54Z
mobi_vancouver,mobi_vancouver_68a93041-e619-422b-a0a2-c289352f7102,68a93041-e619-422b-a0a2-c289352f7102,49.273663,-123.127075,1,FALSE,FALSE,24800,0044,1783242986,2026-07-05T09:16:55Z,2026-07-05T09:16:55Z,2026-07-05T09:16:25Z,2.2,https://gbfs.kappa.fifteen.eu/gbfs/2.2/mobi/en/gbfs.json,https://gbfs.kappa.fifteen.eu/gbfs/2.2/mobi/en/free_bike_status.json,2026-07-05T09:16:54Z,2026-07-05T09:16:54Z
mobi_vancouver,mobi_vancouver_25e94d92-18b7-4a65-96d0-eeb68daabfdb,25e94d92-18b7-4a65-96d0-eeb68daabfdb,49.2653,-123.13811,1,FALSE,FALSE,24800,0069,1783242986,2026-07-05T09:16:55Z,2026-07-05T09:16:55Z,2026-07-05T09:16:25Z,2.2,https://gbfs.kappa.fifteen.eu/gbfs/2.2/mobi/en/gbfs.json,https://gbfs.kappa.fifteen.eu/gbfs/2.2/mobi/en/free_bike_status.json,2026-07-05T09:16:54Z,2026-07-05T09:16:54Z
mobi_vancouver,mobi_vancouver_14bdf9c7-08dc-4b93-a7cc-7045e379c923,14bdf9c7-08dc-4b93-a7cc-7045e379c923,49.276292,-123.150592,1,FALSE,FALSE,24800,0155,1783242986,2026-07-05T09:16:55Z,2026-07-05T09:16:55Z,2026-07-05T09:16:25Z,2.2,https://gbfs.kappa.fifteen.eu/gbfs/2.2/mobi/en/gbfs.json,https://gbfs.kappa.fifteen.eu/gbfs/2.2/mobi/en/free_bike_status.json,2026-07-05T09:16:54Z,2026-07-05T09:16:54Z
mobi_vancouver,mobi_vancouver_8f664b46-a30a-40a3-977b-c60ad048679c,8f664b46-a30a-40a3-977b-c60ad048679c,49.274566,-123.121817,1,FALSE,FALSE,24800,0004,1783242986,2026-07-05T09:16:55Z,2026-07-05T09:16:55Z,2026-07-05T09:16:25Z,2.2,https://gbfs.kappa.fifteen.eu/gbfs/2.2/mobi/en/gbfs.json,https://gbfs.kappa.fifteen.eu/gbfs/2.2/mobi/en/free_bike_status.json,2026-07-05T09:16:54Z,2026-07-05T09:16:54Z
mobi_vancouver,mobi_vancouver_2496b85a-4c0a-41cb-83c0-7a69a56d1571,2496b85a-4c0a-41cb-83c0-7a69a56d1571,49.273355,-123.154493,1,FALSE,FALSE,24800,0154,1783242986,2026-07-05T09:16:55Z,2026-07-05T09:16:55Z,2026-07-05T09:16:25Z,2.2,https://gbfs.kappa.fifteen.eu/gbfs/2.2/mobi/en/gbfs.json,https://gbfs.kappa.fifteen.eu/gbfs/2.2/mobi/en/free_bike_status.json,2026-07-05T09:16:54Z,2026-07-05T09:16:54Z
mobi_vancouver,mobi_vancouver_b3f8503e-c49b-4e69-8cae-c35f251cc6e7,b3f8503e-c49b-4e69-8cae-c35f251cc6e7,49.290112,-123.127062,1,FALSE,FALSE,24800,0035,1783242986,2026-07-05T09:16:55Z,2026-07-05T09:16:55Z,2026-07-05T09:16:25Z,2.2,https://gbfs.kappa.fifteen.eu/gbfs/2.2/mobi/en/gbfs.json,https://gbfs.kappa.fifteen.eu/gbfs/2.2/mobi/en/free_bike_status.json,2026-07-05T09:16:54Z,2026-07-05T09:16:54Z
mobi_vancouver,mobi_vancouver_60eebd4e-628b-44c5-85f3-8954a793e89b,60eebd4e-628b-44c5-85f3-8954a793e89b,49.29534,-123.150433,1,FALSE,FALSE,24800,0102,1783242986,2026-07-05T09:16:55Z,2026-07-05T09:16:55Z,2026-07-05T09:16:25Z,2.2,https://gbfs.kappa.fifteen.eu/gbfs/2.2/mobi/en/gbfs.json,https://gbfs.kappa.fifteen.eu/gbfs/2.2/mobi/en/free_bike_status.json,2026-07-05T09:16:54Z,2026-07-05T09:16:54Z
mobi_vancouver,mobi_vancouver_5385c3a6-0377-47d0-b7cd-8a89ef8dc51c,5385c3a6-0377-47d0-b7cd-8a89ef8dc51c,49.297933,-123.130758,1,FALSE,FALSE,24800,0209,1783242986,2026-07-05T09:16:55Z,2026-07-05T09:16:55Z,2026-07-05T09:16:25Z,2.2,https://gbfs.kappa.fifteen.eu/gbfs/2.2/mobi/en/gbfs.json,https://gbfs.kappa.fifteen.eu/gbfs/2.2/mobi/en/free_bike_status.json,2026-07-05T09:16:54Z,2026-07-05T09:16:54Z
mobi_vancouver,mobi_vancouver_3b745082-9a4c-4754-85b7-e602fccd0cb4,3b745082-9a4c-4754-85b7-e602fccd0cb4,49.297933,-123.130758,1,FALSE,FALSE,24800,0209,1783242986,2026-07-05T09:16:55Z,2026-07-05T09:16:55Z,2026-07-05T09:16:25Z,2.2,https://gbfs.kappa.fifteen.eu/gbfs/2.2/mobi/en/gbfs.json,https://gbfs.kappa.fifteen.eu/gbfs/2.2/mobi/en/free_bike_status.json,2026-07-05T09:16:54Z,2026-07-05T09:16:54Z
mobi_vancouver,mobi_vancouver_40e2dbda-ac92-45c6-99f1-2eec1508e8c9,40e2dbda-ac92-45c6-99f1-2eec1508e8c9,49.278529,-123.100017,1,FALSE,FALSE,24800,0199,1783242986,2026-07-05T09:16:55Z,2026-07-05T09:16:55Z,2026-07-05T09:16:25Z,2.2,https://gbfs.kappa.fifteen.eu/gbfs/2.2/mobi/en/gbfs.json,https://gbfs.kappa.fifteen.eu/gbfs/2.2/mobi/en/free_bike_status.json,2026-07-05T09:16:54Z,2026-07-05T09:16:54Z
mobi_vancouver,mobi_vancouver_cc878079-04a0-4d29-a6b2-d1c41531c3f0,cc878079-04a0-4d29-a6b2-d1c41531c3f0,49.270905,-123.126006,1,FALSE,FALSE,24800,0136,1783242986,2026-07-05T09:16:55Z,2026-07-05T09:16:55Z,2026-07-05T09:16:25Z,2.2,https://gbfs.kappa.fifteen.eu/gbfs/2.2/mobi/en/gbfs.json,https://gbfs.kappa.fifteen.eu/gbfs/2.2/mobi/en/free_bike_status.json,2026-07-05T09:16:54Z,2026-07-05T09:16:54Z
mobi_vancouver,mobi_vancouver_91ee159b-37dc-4c28-8351-2395fce2ce9b,91ee159b-37dc-4c28-8351-2395fce2ce9b,49.264251,-123.073853,1,FALSE,FALSE,24800,0249,1783242986,2026-07-05T09:16:55Z,2026-07-05T09:16:55Z,2026-07-05T09:16:25Z,2.2,https://gbfs.kappa.fifteen.eu/gbfs/2.2/mobi/en/gbfs.json,https://gbfs.kappa.fifteen.eu/gbfs/2.2/mobi/en/free_bike_status.json,2026-07-05T09:16:54Z,2026-07-05T09:16:54Z
mobi_vancouver,mobi_vancouver_90a0e355-c1de-4f44-91d7-72dd703ee412,90a0e355-c1de-4f44-91d7-72dd703ee412,49.283236,-123.070443,1,FALSE,FALSE,24800,0285,1783242986,2026-07-05T09:16:55Z,2026-07-05T09:16:55Z,2026-07-05T09:16:25Z,2.2,https://gbfs.kappa.fifteen.eu/gbfs/2.2/mobi/en/gbfs.json,https://gbfs.kappa.fifteen.eu/gbfs/2.2/mobi/en/free_bike_status.json,2026-07-05T09:16:54Z,2026-07-05T09:16:54Z
mobi_vancouver,mobi_vancouver_d57ab1b9-8dd6-4769-8fce-2c5b455dc74f,d57ab1b9-8dd6-4769-8fce-2c5b455dc74f,49.273691,-123.102232,1,FALSE,FALSE,24800,0193,1783242986,2026-07-05T09:16:55Z,2026-07-05T09:16:55Z,2026-07-05T09:16:25Z,2.2,https://gbfs.kappa.fifteen.eu/gbfs/2.2/mobi/en/gbfs.json,https://gbfs.kappa.fifteen.eu/gbfs/2.2/mobi/en/free_bike_status.json,2026-07-05T09:16:54Z,2026-07-05T09:16:54Z
mobi_vancouver,mobi_vancouver_bb38a702-2ef9-4bc3-8926-8bf3ad763562,bb38a702-2ef9-4bc3-8926-8bf3ad763562,49.27033,-123.10275,1,FALSE,FALSE,24800,0177,1783242986,2026-07-05T09:16:55Z,2026-07-05T09:16:55Z,2026-07-05T09:16:25Z,2.2,https://gbfs.kappa.fifteen.eu/gbfs/2.2/mobi/en/gbfs.json,https://gbfs.kappa.fifteen.eu/gbfs/2.2/mobi/en/free_bike_status.json,2026-07-05T09:16:54Z,2026-07-05T09:16:54Z
mobi_vancouver,mobi_vancouver_41788308-5aca-4646-8d74-b797e73f0cd4,41788308-5aca-4646-8d74-b797e73f0cd4,49.27551,-123.13307,1,FALSE,FALSE,24800,0045,1783242986,2026-07-05T09:16:55Z,2026-07-05T09:16:55Z,2026-07-05T09:16:25Z,2.2,https://gbfs.kappa.fifteen.eu/gbfs/2.2/mobi/en/gbfs.json,https://gbfs.kappa.fifteen.eu/gbfs/2.2/mobi/en/free_bike_status.json,2026-07-05T09:16:54Z,2026-07-05T09:16:54Z
mobi_vancouver,mobi_vancouver_66576240-28a4-44e0-a1b9-2d77e623ce70,66576240-28a4-44e0-a1b9-2d77e623ce70,49.27551,-123.13307,1,FALSE,FALSE,24800,0045,1783242986,2026-07-05T09:16:55Z,2026-07-05T09:16:55Z,2026-07-05T09:16:25Z,2.2,https://gbfs.kappa.fifteen.eu/gbfs/2.2/mobi/en/gbfs.json,https://gbfs.kappa.fifteen.eu/gbfs/2.2/mobi/en/free_bike_status.json,2026-07-05T09:16:54Z,2026-07-05T09:16:54Z
mobi_vancouver,mobi_vancouver_785a90bc-60d9-4c7a-9e69-a23ffddb0501,785a90bc-60d9-4c7a-9e69-a23ffddb0501,49.277615,-123.091654,1,FALSE,FALSE,24800,0215,1783242986,2026-07-05T09:16:55Z,2026-07-05T09:16:55Z,2026-07-05T09:16:25Z,2.2,https://gbfs.kappa.fifteen.eu/gbfs/2.2/mobi/en/gbfs.json,https://gbfs.kappa.fifteen.eu/gbfs/2.2/mobi/en/free_bike_status.json,2026-07-05T09:16:54Z,2026-07-05T09:16:54Z
mobi_vancouver,mobi_vancouver_e792d8a7-fd04-482d-a29c-d5dc35786afd,e792d8a7-fd04-482d-a29c-d5dc35786afd,49.284554,-123.111031,1,FALSE,FALSE,24800,0124,1783242986,2026-07-05T09:16:55Z,2026-07-05T09:16:55Z,2026-07-05T09:16:25Z,2.2,https://gbfs.kappa.fifteen.eu/gbfs/2.2/mobi/en/gbfs.json,https://gbfs.kappa.fifteen.eu/gbfs/2.2/mobi/en/free_bike_status.json,2026-07-05T09:16:54Z,2026-07-05T09:16:54Z
mobi_vancouver,mobi_vancouver_00cead99-d0df-4cb2-99c7-7f92a7355222,00cead99-d0df-4cb2-99c7-7f92a7355222,49.27029,-123.135025,1,FALSE,FALSE,24800,0189,1783242986,2026-07-05T09:16:55Z,2026-07-05T09:16:55Z,2026-07-05T09:16:25Z,2.2,https://gbfs.kappa.fifteen.eu/gbfs/2.2/mobi/en/gbfs.json,https://gbfs.kappa.fifteen.eu/gbfs/2.2/mobi/en/free_bike_status.json,2026-07-05T09:16:54Z,2026-07-05T09:16:54Z
mobi_vancouver,mobi_vancouver_59b8d496-93d1-4242-851d-9b0b9ca0fd6e,59b8d496-93d1-4242-851d-9b0b9ca0fd6e,49.290587,-123.13625,1,FALSE,FALSE,24800,0122,1783242986,2026-07-05T09:16:55Z,2026-07-05T09:16:55Z,2026-07-05T09:16:25Z,2.2,https://gbfs.kappa.fifteen.eu/gbfs/2.2/mobi/en/gbfs.json,https://gbfs.kappa.fifteen.eu/gbfs/2.2/mobi/en/free_bike_status.json,2026-07-05T09:16:54Z,2026-07-05T09:16:54Z
mobi_vancouver,mobi_vancouver_cf254e92-8495-4cab-9b35-89ded0debd3e,cf254e92-8495-4cab-9b35-89ded0debd3e,49.263523,-123.155267,1,FALSE,FALSE,24800,0484,1783242986,2026-07-05T09:16:55Z,2026-07-05T09:16:55Z,2026-07-05T09:16:25Z,2.2,https://gbfs.kappa.fifteen.eu/gbfs/2.2/mobi/en/gbfs.json,https://gbfs.kappa.fifteen.eu/gbfs/2.2/mobi/en/free_bike_status.json,2026-07-05T09:16:54Z,2026-07-05T09:16:54Z
mobi_vancouver,mobi_vancouver_1189290f-4499-4da8-a46d-147c8d4c947f,1189290f-4499-4da8-a46d-147c8d4c947f,49.254818,-123.114785,1,FALSE,FALSE,24800,0531,1783242986,2026-07-05T09:16:55Z,2026-07-05T09:16:55Z,2026-07-05T09:16:25Z,2.2,https://gbfs.kappa.fifteen.eu/gbfs/2.2/mobi/en/gbfs.json,https://gbfs.kappa.fifteen.eu/gbfs/2.2/mobi/en/free_bike_status.json,2026-07-05T09:16:54Z,2026-07-05T09:16:54Z
mobi_vancouver,mobi_vancouver_ad8278eb-ca7e-48cb-a392-744c3f310344,ad8278eb-ca7e-48cb-a392-744c3f310344,49.238105,-123.154966,1,FALSE,FALSE,24800,0482,1783242986,2026-07-05T09:16:55Z,2026-07-05T09:16:55Z,2026-07-05T09:16:25Z,2.2,https://gbfs.kappa.fifteen.eu/gbfs/2.2/mobi/en/gbfs.json,https://gbfs.kappa.fifteen.eu/gbfs/2.2/mobi/en/free_bike_status.json,2026-07-05T09:16:54Z,2026-07-05T09:16:54Z
mobi_vancouver,mobi_vancouver_58d11fc4-6567-4d98-843d-10be17ad1f34,58d11fc4-6567-4d98-843d-10be17ad1f34,49.252656,-123.067965,1,FALSE,FALSE,24800,0352,1783242986,2026-07-05T09:16:55Z,2026-07-05T09:16:55Z,2026-07-05T09:16:25Z,2.2,https://gbfs.kappa.fifteen.eu/gbfs/2.2/mobi/en/gbfs.json,https://gbfs.kappa.fifteen.eu/gbfs/2.2/mobi/en/free_bike_status.json,2026-07-05T09:16:54Z,2026-07-05T09:16:54Z
mobi_vancouver,mobi_vancouver_95ec9240-0307-46b5-878a-58f6e385808d,95ec9240-0307-46b5-878a-58f6e385808d,49.282055,-123.133045,1,FALSE,FALSE,25200,0187,1783242986,2026-07-05T09:16:55Z,2026-07-05T09:16:55Z,2026-07-05T09:16:25Z,2.2,https://gbfs.kappa.fifteen.eu/gbfs/2.2/mobi/en/gbfs.json,https://gbfs.kappa.fifteen.eu/gbfs/2.2/mobi/en/free_bike_status.json,2026-07-05T09:16:54Z,2026-07-05T09:16:54Z
mobi_vancouver,mobi_vancouver_90a28220-7e64-47c5-a846-aa1b72409eb7,90a28220-7e64-47c5-a846-aa1b72409eb7,49.271721,-123.104207,1,FALSE,FALSE,25200,0011,1783242986,2026-07-05T09:16:55Z,2026-07-05T09:16:55Z,2026-07-05T09:16:25Z,2.2,https://gbfs.kappa.fifteen.eu/gbfs/2.2/mobi/en/gbfs.json,https://gbfs.kappa.fifteen.eu/gbfs/2.2/mobi/en/free_bike_status.json,2026-07-05T09:16:54Z,2026-07-05T09:16:54Z
mobi_vancouver,mobi_vancouver_c9df0515-8a64-4677-951f-0185e01254fe,c9df0515-8a64-4677-951f-0185e01254fe,49.28602,-123.116624,1,FALSE,FALSE,25200,0024,1783242986,2026-07-05T09:16:55Z,2026-07-05T09:16:55Z,2026-07-05T09:16:25Z,2.2,https://gbfs.kappa.fifteen.eu/gbfs/2.2/mobi/en/gbfs.json,https://gbfs.kappa.fifteen.eu/gbfs/2.2/mobi/en/free_bike_status.json,2026-07-05T09:16:54Z,2026-07-05T09:16:54Z
mobi_vancouver,mobi_vancouver_61ed7ed8-7f31-4f60-9633-d1763e40b36f,61ed7ed8-7f31-4f60-9633-d1763e40b36f,49.275679,-123.116963,1,FALSE,FALSE,25200,0027,1783242986,2026-07-05T09:16:55Z,2026-07-05T09:16:55Z,2026-07-05T09:16:25Z,2.2,https://gbfs.kappa.fifteen.eu/gbfs/2.2/mobi/en/gbfs.json,https://gbfs.kappa.fifteen.eu/gbfs/2.2/mobi/en/free_bike_status.json,2026-07-05T09:16:54Z,2026-07-05T09:16:54Z
mobi_vancouver,mobi_vancouver_8a640094-e507-4cb0-87c2-897483b38bbd,8a640094-e507-4cb0-87c2-897483b38bbd,49.28616,-123.12675,1,FALSE,FALSE,25200,0036,1783242986,2026-07-05T09:16:55Z,2026-07-05T09:16:55Z,2026-07-05T09:16:25Z,2.2,https://gbfs.kappa.fifteen.eu/gbfs/2.2/mobi/en/gbfs.json,https://gbfs.kappa.fifteen.eu/gbfs/2.2/mobi/en/free_bike_status.json,2026-07-05T09:16:54Z,2026-07-05T09:16:54Z
mobi_vancouver,mobi_vancouver_5d03f348-c37a-47ef-9a88-25d8479668f1,5d03f348-c37a-47ef-9a88-25d8479668f1,49.28972,-123.144028,1,FALSE,FALSE,25200,0047,1783242986,2026-07-05T09:16:55Z,2026-07-05T09:16:55Z,2026-07-05T09:16:25Z,2.2,https://gbfs.kappa.fifteen.eu/gbfs/2.2/mobi/en/gbfs.json,https://gbfs.kappa.fifteen.eu/gbfs/2.2/mobi/en/free_bike_status.json,2026-07-05T09:16:54Z,2026-07-05T09:16:54Z
mobi_vancouver,mobi_vancouver_f13182ef-2d45-4981-a787-cd130e9a1cc2,f13182ef-2d45-4981-a787-cd130e9a1cc2,49.265089,-123.119425,1,FALSE,FALSE,25200,0081,1783242986,2026-07-05T09:16:55Z,2026-07-05T09:16:55Z,2026-07-05T09:16:25Z,2.2,https://gbfs.kappa.fifteen.eu/gbfs/2.2/mobi/en/gbfs.json,https://gbfs.kappa.fifteen.eu/gbfs/2.2/mobi/en/free_bike_status.json,2026-07-05T09:16:54Z,2026-07-05T09:16:54Z
mobi_vancouver,mobi_vancouver_4131e00a-8d41-40f8-a88e-98ab4832bcf3,4131e00a-8d41-40f8-a88e-98ab4832bcf3,49.27808,-123.130557,1,FALSE,FALSE,25200,0089,1783242986,2026-07-05T09:16:55Z,2026-07-05T09:16:55Z,2026-07-05T09:16:25Z,2.2,https://gbfs.kappa.fifteen.eu/gbfs/2.2/mobi/en/gbfs.json,https://gbfs.kappa.fifteen.eu/gbfs/2.2/mobi/en/free_bike_status.json,2026-07-05T09:16:54Z,2026-07-05T09:16:54Z
mobi_vancouver,mobi_vancouver_76893083-8a29-4c45-850b-0e1fc49afbaa,76893083-8a29-4c45-850b-0e1fc49afbaa,49.285253,-123.134356,1,FALSE,FALSE,25200,0048,1783242986,2026-07-05T09:16:55Z,2026-07-05T09:16:55Z,2026-07-05T09:16:25Z,2.2,https://gbfs.kappa.fifteen.eu/gbfs/2.2/mobi/en/gbfs.json,https://gbfs.kappa.fifteen.eu/gbfs/2.2/mobi/en/free_bike_status.json,2026-07-05T09:16:54Z,2026-07-05T09:16:54Z
mobi_vancouver,mobi_vancouver_0d7912ec-0ab7-4016-9027-ca9d40fb5886,0d7912ec-0ab7-4016-9027-ca9d40fb5886,49.273833,-123.114373,1,FALSE,FALSE,25200,0057,1783242986,2026-07-05T09:16:55Z,2026-07-05T09:16:55Z,2026-07-05T09:16:25Z,2.2,https://gbfs.kappa.fifteen.eu/gbfs/2.2/mobi/en/gbfs.json,https://gbfs.kappa.fifteen.eu/gbfs/2.2/mobi/en/free_bike_status.json,2026-07-05T09:16:54Z,2026-07-05T09:16:54Z
mobi_vancouver,mobi_vancouver_adfee7be-c905-42c1-ab31-b175e1236664,adfee7be-c905-42c1-ab31-b175e1236664,49.273833,-123.114373,1,FALSE,FALSE,25200,0057,1783242986,2026-07-05T09:16:55Z,2026-07-05T09:16:55Z,2026-07-05T09:16:25Z,2.2,https://gbfs.kappa.fifteen.eu/gbfs/2.2/mobi/en/gbfs.json,https://gbfs.kappa.fifteen.eu/gbfs/2.2/mobi/en/free_bike_status.json,2026-07-05T09:16:54Z,2026-07-05T09:16:54Z
mobi_vancouver,mobi_vancouver_45c872d6-e9aa-46e7-81a3-c202ce9d7827,45c872d6-e9aa-46e7-81a3-c202ce9d7827,49.279821,-123.10802,1,FALSE,FALSE,25200,0053,1783242986,2026-07-05T09:16:55Z,2026-07-05T09:16:55Z,2026-07-05T09:16:25Z,2.2,https://gbfs.kappa.fifteen.eu/gbfs/2.2/mobi/en/gbfs.json,https://gbfs.kappa.fifteen.eu/gbfs/2.2/mobi/en/free_bike_status.json,2026-07-05T09:16:54Z,2026-07-05T09:16:54Z
mobi_vancouver,mobi_vancouver_08dc49ef-a811-4fba-80a7-e6b8a29c36ac,08dc49ef-a811-4fba-80a7-e6b8a29c36ac,49.282759,-123.106955,1,FALSE,FALSE,25200,0030,1783242986,2026-07-05T09:16:55Z,2026-07-05T09:16:55Z,2026-07-05T09:16:25Z,2.2,https://gbfs.kappa.fifteen.eu/gbfs/2.2/mobi/en/gbfs.json,https://gbfs.kappa.fifteen.eu/gbfs/2.2/mobi/en/free_bike_status.json,2026-07-05T09:16:54Z,2026-07-05T09:16:54Z
mobi_vancouver,mobi_vancouver_78950c59-79ed-4aab-a238-56c11c0541d4,78950c59-79ed-4aab-a238-56c11c0541d4,49.28026,-123.135244,1,FALSE,FALSE,25200,0088,1783242986,2026-07-05T09:16:55Z,2026-07-05T09:16:55Z,2026-07-05T09:16:25Z,2.2,https://gbfs.kappa.fifteen.eu/gbfs/2.2/mobi/en/gbfs.json,https://gbfs.kappa.fifteen.eu/gbfs/2.2/mobi/en/free_bike_status.json,2026-07-05T09:16:54Z,2026-07-05T09:16:54Z
mobi_vancouver,mobi_vancouver_3ab9e518-ac1b-4d6a-8712-eaf5a9e6130c,3ab9e518-ac1b-4d6a-8712-eaf5a9e6130c,49.287528,-123.142139,1,FALSE,FALSE,25200,0028,1783242986,2026-07-05T09:16:55Z,2026-07-05T09:16:55Z,2026-07-05T09:16:25Z,2.2,https://gbfs.kappa.fifteen.eu/gbfs/2.2/mobi/en/gbfs.json,https://gbfs.kappa.fifteen.eu/gbfs/2.2/mobi/en/free_bike_status.json,2026-07-05T09:16:54Z,2026-07-05T09:16:54Z
mobi_vancouver,mobi_vancouver_116366d9-9b18-4631-b849-de26318e39b3,116366d9-9b18-4631-b849-de26318e39b3,49.268269,-123.147885,1,FALSE,FALSE,25200,0076,1783242986,2026-07-05T09:16:55Z,2026-07-05T09:16:55Z,2026-07-05T09:16:25Z,2.2,https://gbfs.kappa.fifteen.eu/gbfs/2.2/mobi/en/gbfs.json,https://gbfs.kappa.fifteen.eu/gbfs/2.2/mobi/en/free_bike_status.json,2026-07-05T09:16:54Z,2026-07-05T09:16:54Z
mobi_vancouver,mobi_vancouver_43b635a5-2cd4-4b10-9d56-a87620625cd9,43b635a5-2cd4-4b10-9d56-a87620625cd9,49.275683,-123.124388,1,FALSE,FALSE,25200,0082,1783242986,2026-07-05T09:16:55Z,2026-07-05T09:16:55Z,2026-07-05T09:16:25Z,2.2,https://gbfs.kappa.fifteen.eu/gbfs/2.2/mobi/en/gbfs.json,https://gbfs.kappa.fifteen.eu/gbfs/2.2/mobi/en/free_bike_status.json,2026-07-05T09:16:54Z,2026-07-05T09:16:54Z
mobi_vancouver,mobi_vancouver_69b6ad1b-acf2-4c1c-9d3f-884f8c493d30,69b6ad1b-acf2-4c1c-9d3f-884f8c493d30,49.277844,-123.120942,1,FALSE,FALSE,25200,0079,1783242986,2026-07-05T09:16:55Z,2026-07-05T09:16:55Z,2026-07-05T09:16:25Z,2.2,https://gbfs.kappa.fifteen.eu/gbfs/2.2/mobi/en/gbfs.json,https://gbfs.kappa.fifteen.eu/gbfs/2.2/mobi/en/free_bike_status.json,2026-07-05T09:16:54Z,2026-07-05T09:16:54Z
mobi_vancouver,mobi_vancouver_648d1862-19e4-4517-be71-fc81cb3655a8,648d1862-19e4-4517-be71-fc81cb3655a8,49.277844,-123.120942,1,FALSE,FALSE,25200,0079,1783242986,2026-07-05T09:16:55Z,2026-07-05T09:16:55Z,2026-07-05T09:16:25Z,2.2,https://gbfs.kappa.fifteen.eu/gbfs/2.2/mobi/en/gbfs.json,https://gbfs.kappa.fifteen.eu/gbfs/2.2/mobi/en/free_bike_status.json,2026-07-05T09:16:54Z,2026-07-05T09:16:54Z
mobi_vancouver,mobi_vancouver_1aacc3c4-7624-49ad-a593-01e095318098,1aacc3c4-7624-49ad-a593-01e095318098,49.28526,-123.141809,1,FALSE,FALSE,25200,0060,1783242986,2026-07-05T09:16:55Z,2026-07-05T09:16:55Z,2026-07-05T09:16:25Z,2.2,https://gbfs.kappa.fifteen.eu/gbfs/2.2/mobi/en/gbfs.json,https://gbfs.kappa.fifteen.eu/gbfs/2.2/mobi/en/free_bike_status.json,2026-07-05T09:16:54Z,2026-07-05T09:16:54Z
mobi_vancouver,mobi_vancouver_44580467-d7f5-4f56-b9c4-c43d0d58905a,44580467-d7f5-4f56-b9c4-c43d0d58905a,49.291909,-123.140713,1,FALSE,FALSE,25200,0092,1783242986,2026-07-05T09:16:55Z,2026-07-05T09:16:55Z,2026-07-05T09:16:25Z,2.2,https://gbfs.kappa.fifteen.eu/gbfs/2.2/mobi/en/gbfs.json,https://gbfs.kappa.fifteen.eu/gbfs/2.2/mobi/en/free_bike_status.json,2026-07-05T09:16:54Z,2026-07-05T09:16:54Z
mobi_vancouver,mobi_vancouver_c48a8421-8e7e-40d7-b7cf-1c1c93c9f295,c48a8421-8e7e-40d7-b7cf-1c1c93c9f295,49.293257,-123.138563,1,FALSE,FALSE,25200,0093,1783242986,2026-07-05T09:16:55Z,2026-07-05T09:16:55Z,2026-07-05T09:16:25Z,2.2,https://gbfs.kappa.fifteen.eu/gbfs/2.2/mobi/en/gbfs.json,https://gbfs.kappa.fifteen.eu/gbfs/2.2/mobi/en/free_bike_status.json,2026-07-05T09:16:54Z,2026-07-05T09:16:54Z
mobi_vancouver,mobi_vancouver_f2195682-45fe-47dd-bd2d-5690b557cfb4,f2195682-45fe-47dd-bd2d-5690b557cfb4,49.293257,-123.138563,1,FALSE,FALSE,25200,0093,1783242986,2026-07-05T09:16:55Z,2026-07-05T09:16:55Z,2026-07-05T09:16:25Z,2.2,https://gbfs.kappa.fifteen.eu/gbfs/2.2/mobi/en/gbfs.json,https://gbfs.kappa.fifteen.eu/gbfs/2.2/mobi/en/free_bike_status.json,2026-07-05T09:16:54Z,2026-07-05T09:16:54Z
mobi_vancouver,mobi_vancouver_922badbc-5290-442c-8ec7-07a670d56a1a,922badbc-5290-442c-8ec7-07a670d56a1a,49.273568,-123.129935,1,FALSE,FALSE,25200,0137,1783242986,2026-07-05T09:16:55Z,2026-07-05T09:16:55Z,2026-07-05T09:16:25Z,2.2,https://gbfs.kappa.fifteen.eu/gbfs/2.2/mobi/en/gbfs.json,https://gbfs.kappa.fifteen.eu/gbfs/2.2/mobi/en/free_bike_status.json,2026-07-05T09:16:54Z,2026-07-05T09:16:54Z
mobi_vancouver,mobi_vancouver_95c68e85-2329-4101-92c6-dfca073c0e43,95c68e85-2329-4101-92c6-dfca073c0e43,49.273663,-123.127075,1,FALSE,FALSE,25200,0044,1783242986,2026-07-05T09:16:55Z,2026-07-05T09:16:55Z,2026-07-05T09:16:25Z,2.2,https://gbfs.kappa.fifteen.eu/gbfs/2.2/mobi/en/gbfs.json,https://gbfs.kappa.fifteen.eu/gbfs/2.2/mobi/en/free_bike_status.json,2026-07-05T09:16:54Z,2026-07-05T09:16:54Z
mobi_vancouver,mobi_vancouver_be4ada42-885a-464e-9753-01081ea4f85f,be4ada42-885a-464e-9753-01081ea4f85f,49.273663,-123.127075,1,FALSE,FALSE,25200,0044,1783242986,2026-07-05T09:16:55Z,2026-07-05T09:16:55Z,2026-07-05T09:16:25Z,2.2,https://gbfs.kappa.fifteen.eu/gbfs/2.2/mobi/en/gbfs.json,https://gbfs.kappa.fifteen.eu/gbfs/2.2/mobi/en/free_bike_status.json,2026-07-05T09:16:54Z,2026-07-05T09:16:54Z
mobi_vancouver,mobi_vancouver_3dcde1ca-89c6-41a9-b354-a455b894fcd5,3dcde1ca-89c6-41a9-b354-a455b894fcd5,49.273663,-123.127075,1,FALSE,FALSE,25200,0044,1783242986,2026-07-05T09:16:55Z,2026-07-05T09:16:55Z,2026-07-05T09:16:25Z,2.2,https://gbfs.kappa.fifteen.eu/gbfs/2.2/mobi/en/gbfs.json,https://gbfs.kappa.fifteen.eu/gbfs/2.2/mobi/en/free_bike_status.json,2026-07-05T09:16:54Z,2026-07-05T09:16:54Z
mobi_vancouver,mobi_vancouver_4d6dd5cd-bd6c-43c7-a0f7-1b901380ac20,4d6dd5cd-bd6c-43c7-a0f7-1b901380ac20,49.273471,-123.118016,1,FALSE,FALSE,25200,0017,1783242986,2026-07-05T09:16:55Z,2026-07-05T09:16:55Z,2026-07-05T09:16:25Z,2.2,https://gbfs.kappa.fifteen.eu/gbfs/2.2/mobi/en/gbfs.json,https://gbfs.kappa.fifteen.eu/gbfs/2.2/mobi/en/free_bike_status.json,2026-07-05T09:16:54Z,2026-07-05T09:16:54Z
mobi_vancouver,mobi_vancouver_8c160967-52b5-4ddb-8cf5-6d6c52e399d8,8c160967-52b5-4ddb-8cf5-6d6c52e399d8,49.273471,-123.118016,1,FALSE,FALSE,25200,0017,1783242986,2026-07-05T09:16:55Z,2026-07-05T09:16:55Z,2026-07-05T09:16:25Z,2.2,https://gbfs.kappa.fifteen.eu/gbfs/2.2/mobi/en/gbfs.json,https://gbfs.kappa.fifteen.eu/gbfs/2.2/mobi/en/free_bike_status.json,2026-07-05T09:16:54Z,2026-07-05T09:16:54Z
mobi_vancouver,mobi_vancouver_d3c15589-d863-425a-b11e-3865db28f902,d3c15589-d863-425a-b11e-3865db28f902,49.273471,-123.118016,1,FALSE,FALSE,25200,0017,1783242986,2026-07-05T09:16:55Z,2026-07-05T09:16:55Z,2026-07-05T09:16:25Z,2.2,https://gbfs.kappa.fifteen.eu/gbfs/2.2/mobi/en/gbfs.json,https://gbfs.kappa.fifteen.eu/gbfs/2.2/mobi/en/free_bike_status.json,2026-07-05T09:16:54Z,2026-07-05T09:16:54Z
mobi_vancouver,mobi_vancouver_2194d38d-d1d9-419e-8c82-fa7e5d30bc24,2194d38d-d1d9-419e-8c82-fa7e5d30bc24,49.25845,-123.100377,1,FALSE,FALSE,25200,0134,1783242986,2026-07-05T09:16:55Z,2026-07-05T09:16:55Z,2026-07-05T09:16:25Z,2.2,https://gbfs.kappa.fifteen.eu/gbfs/2.2/mobi/en/gbfs.json,https://gbfs.kappa.fifteen.eu/gbfs/2.2/mobi/en/free_bike_status.json,2026-07-05T09:16:54Z,2026-07-05T09:16:54Z
mobi_vancouver,mobi_vancouver_66fb218d-d0de-4912-b535-63ceffbb4b99,66fb218d-d0de-4912-b535-63ceffbb4b99,49.27821,-123.136972,1,FALSE,FALSE,25200,0083,1783242986,2026-07-05T09:16:55Z,2026-07-05T09:16:55Z,2026-07-05T09:16:25Z,2.2,https://gbfs.kappa.fifteen.eu/gbfs/2.2/mobi/en/gbfs.json,https://gbfs.kappa.fifteen.eu/gbfs/2.2/mobi/en/free_bike_status.json,2026-07-05T09:16:54Z,2026-07-05T09:16:54Z
mobi_vancouver,mobi_vancouver_fc24bb50-5bdb-4895-9b5a-25af0c0ad95f,fc24bb50-5bdb-4895-9b5a-25af0c0ad95f,49.276292,-123.150592,1,FALSE,FALSE,25200,0155,1783242986,2026-07-05T09:16:55Z,2026-07-05T09:16:55Z,2026-07-05T09:16:25Z,2.2,https://gbfs.kappa.fifteen.eu/gbfs/2.2/mobi/en/gbfs.json,https://gbfs.kappa.fifteen.eu/gbfs/2.2/mobi/en/free_bike_status.json,2026-07-05T09:16:54Z,2026-07-05T09:16:54Z
mobi_vancouver,mobi_vancouver_3ec362f3-11b4-4238-9eef-852cc46551b6,3ec362f3-11b4-4238-9eef-852cc46551b6,49.276292,-123.150592,1,FALSE,FALSE,25200,0155,1783242986,2026-07-05T09:16:55Z,2026-07-05T09:16:55Z,2026-07-05T09:16:25Z,2.2,https://gbfs.kappa.fifteen.eu/gbfs/2.2/mobi/en/gbfs.json,https://gbfs.kappa.fifteen.eu/gbfs/2.2/mobi/en/free_bike_status.json,2026-07-05T09:16:54Z,2026-07-05T09:16:54Z
mobi_vancouver,mobi_vancouver_2b0d0655-4134-4f8b-8e56-3a20baf33446,2b0d0655-4134-4f8b-8e56-3a20baf33446,49.276292,-123.150592,1,FALSE,FALSE,25200,0155,1783242986,2026-07-05T09:16:55Z,2026-07-05T09:16:55Z,2026-07-05T09:16:25Z,2.2,https://gbfs.kappa.fifteen.eu/gbfs/2.2/mobi/en/gbfs.json,https://gbfs.kappa.fifteen.eu/gbfs/2.2/mobi/en/free_bike_status.json,2026-07-05T09:16:54Z,2026-07-05T09:16:54Z
mobi_vancouver,mobi_vancouver_f7a425dc-0423-4751-bfc8-a6b5454984f6,f7a425dc-0423-4751-bfc8-a6b5454984f6,49.276292,-123.150592,1,FALSE,FALSE,25200,0155,1783242986,2026-07-05T09:16:55Z,2026-07-05T09:16:55Z,2026-07-05T09:16:25Z,2.2,https://gbfs.kappa.fifteen.eu/gbfs/2.2/mobi/en/gbfs.json,https://gbfs.kappa.fifteen.eu/gbfs/2.2/mobi/en/free_bike_status.json,2026-07-05T09:16:54Z,2026-07-05T09:16:54Z
mobi_vancouver,mobi_vancouver_1f0e7c02-f154-44de-99d9-96df663d5190,1f0e7c02-f154-44de-99d9-96df663d5190,49.275938,-123.145939,1,FALSE,FALSE,25200,0147,1783242986,2026-07-05T09:16:55Z,2026-07-05T09:16:55Z,2026-07-05T09:16:25Z,2.2,https://gbfs.kappa.fifteen.eu/gbfs/2.2/mobi/en/gbfs.json,https://gbfs.kappa.fifteen.eu/gbfs/2.2/mobi/en/free_bike_status.json,2026-07-05T09:16:54Z,2026-07-05T09:16:54Z
mobi_vancouver,mobi_vancouver_1d006e1b-adf5-42dc-8319-6f64c351ef49,1d006e1b-adf5-42dc-8319-6f64c351ef49,49.267222,-123.153157,1,FALSE,FALSE,25200,0110,1783242986,2026-07-05T09:16:55Z,2026-07-05T09:16:55Z,2026-07-05T09:16:25Z,2.2,https://gbfs.kappa.fifteen.eu/gbfs/2.2/mobi/en/gbfs.json,https://gbfs.kappa.fifteen.eu/gbfs/2.2/mobi/en/free_bike_status.json,2026-07-05T09:16:54Z,2026-07-05T09:16:54Z
mobi_vancouver,mobi_vancouver_4e134408-04a9-4c16-942f-7b1a1034afc0,4e134408-04a9-4c16-942f-7b1a1034afc0,49.274566,-123.121817,1,FALSE,FALSE,25200,0004,1783242986,2026-07-05T09:16:55Z,2026-07-05T09:16:55Z,2026-07-05T09:16:25Z,2.2,https://gbfs.kappa.fifteen.eu/gbfs/2.2/mobi/en/gbfs.json,https://gbfs.kappa.fifteen.eu/gbfs/2.2/mobi/en/free_bike_status.json,2026-07-05T09:16:54Z,2026-07-05T09:16:54Z
mobi_vancouver,mobi_vancouver_eab1b710-8839-484e-9275-da1b37e49e35,eab1b710-8839-484e-9275-da1b37e49e35,49.262206,-123.109091,1,FALSE,FALSE,25200,0172,1783242986,2026-07-05T09:16:55Z,2026-07-05T09:16:55Z,2026-07-05T09:16:25Z,2.2,https://gbfs.kappa.fifteen.eu/gbfs/2.2/mobi/en/gbfs.json,https://gbfs.kappa.fifteen.eu/gbfs/2.2/mobi/en/free_bike_status.json,2026-07-05T09:16:54Z,2026-07-05T09:16:54Z
mobi_vancouver,mobi_vancouver_47b35f97-03d1-4fc2-a2d9-acad47053f30,47b35f97-03d1-4fc2-a2d9-acad47053f30,49.277178,-123.13,1,FALSE,FALSE,25200,0196,1783242986,2026-07-05T09:16:55Z,2026-07-05T09:16:55Z,2026-07-05T09:16:25Z,2.2,https://gbfs.kappa.fifteen.eu/gbfs/2.2/mobi/en/gbfs.json,https://gbfs.kappa.fifteen.eu/gbfs/2.2/mobi/en/free_bike_status.json,2026-07-05T09:16:54Z,2026-07-05T09:16:54Z
mobi_vancouver,mobi_vancouver_6463715c-149d-438f-9df3-bff8a1eba92c,6463715c-149d-438f-9df3-bff8a1eba92c,49.290112,-123.127062,1,FALSE,FALSE,25200,0035,1783242986,2026-07-05T09:16:55Z,2026-07-05T09:16:55Z,2026-07-05T09:16:25Z,2.2,https://gbfs.kappa.fifteen.eu/gbfs/2.2/mobi/en/gbfs.json,https://gbfs.kappa.fifteen.eu/gbfs/2.2/mobi/en/free_bike_status.json,2026-07-05T09:16:54Z,2026-07-05T09:16:54Z
mobi_vancouver,mobi_vancouver_5073cce0-55f7-4a7d-a6e8-3c0a7c15785f,5073cce0-55f7-4a7d-a6e8-3c0a7c15785f,49.268216,-123.103168,1,FALSE,FALSE,25200,0119,1783242986,2026-07-05T09:16:55Z,2026-07-05T09:16:55Z,2026-07-05T09:16:25Z,2.2,https://gbfs.kappa.fifteen.eu/gbfs/2.2/mobi/en/gbfs.json,https://gbfs.kappa.fifteen.eu/gbfs/2.2/mobi/en/free_bike_status.json,2026-07-05T09:16:54Z,2026-07-05T09:16:54Z
mobi_vancouver,mobi_vancouver_5959c073-6741-4ce7-bacd-799789ddb77c,5959c073-6741-4ce7-bacd-799789ddb77c,49.29534,-123.150433,1,FALSE,FALSE,25200,0102,1783242986,2026-07-05T09:16:55Z,2026-07-05T09:16:55Z,2026-07-05T09:16:25Z,2.2,https://gbfs.kappa.fifteen.eu/gbfs/2.2/mobi/en/gbfs.json,https://gbfs.kappa.fifteen.eu/gbfs/2.2/mobi/en/free_bike_status.json,2026-07-05T09:16:54Z,2026-07-05T09:16:54Z
mobi_vancouver,mobi_vancouver_0930a6c4-9a33-4342-8ab6-9577e974b77a,0930a6c4-9a33-4342-8ab6-9577e974b77a,49.29534,-123.150433,1,FALSE,FALSE,25200,0102,1783242986,2026-07-05T09:16:55Z,2026-07-05T09:16:55Z,2026-07-05T09:16:25Z,2.2,https://gbfs.kappa.fifteen.eu/gbfs/2.2/mobi/en/gbfs.json,https://gbfs.kappa.fifteen.eu/gbfs/2.2/mobi/en/free_bike_status.json,2026-07-05T09:16:54Z,2026-07-05T09:16:54Z
mobi_vancouver,mobi_vancouver_05484599-75ca-49b2-a72f-f47116fbea4a,05484599-75ca-49b2-a72f-f47116fbea4a,49.29534,-123.150433,1,FALSE,FALSE,25200,0102,1783242986,2026-07-05T09:16:55Z,2026-07-05T09:16:55Z,2026-07-05T09:16:25Z,2.2,https://gbfs.kappa.fifteen.eu/gbfs/2.2/mobi/en/gbfs.json,https://gbfs.kappa.fifteen.eu/gbfs/2.2/mobi/en/free_bike_status.json,2026-07-05T09:16:54Z,2026-07-05T09:16:54Z
mobi_vancouver,mobi_vancouver_93f3c0e6-bf7d-44a0-b084-abade6b2ff03,93f3c0e6-bf7d-44a0-b084-abade6b2ff03,49.297933,-123.130758,1,FALSE,FALSE,25200,0209,1783242986,2026-07-05T09:16:55Z,2026-07-05T09:16:55Z,2026-07-05T09:16:25Z,2.2,https://gbfs.kappa.fifteen.eu/gbfs/2.2/mobi/en/gbfs.json,https://gbfs.kappa.fifteen.eu/gbfs/2.2/mobi/en/free_bike_status.json,2026-07-05T09:16:54Z,2026-07-05T09:16:54Z
mobi_vancouver,mobi_vancouver_6d32167b-fd50-42a8-8fe1-ed4aea147eaa,6d32167b-fd50-42a8-8fe1-ed4aea147eaa,49.297933,-123.130758,1,FALSE,FALSE,25200,0209,1783242986,2026-07-05T09:16:55Z,2026-07-05T09:16:55Z,2026-07-05T09:16:25Z,2.2,https://gbfs.kappa.fifteen.eu/gbfs/2.2/mobi/en/gbfs.json,https://gbfs.kappa.fifteen.eu/gbfs/2.2/mobi/en/free_bike_status.json,2026-07-05T09:16:54Z,2026-07-05T09:16:54Z
mobi_vancouver,mobi_vancouver_d43b01f0-c304-4226-a50d-f56d81e6e632,d43b01f0-c304-4226-a50d-f56d81e6e632,49.297933,-123.130758,1,FALSE,FALSE,25200,0209,1783242986,2026-07-05T09:16:55Z,2026-07-05T09:16:55Z,2026-07-05T09:16:25Z,2.2,https://gbfs.kappa.fifteen.eu/gbfs/2.2/mobi/en/gbfs.json,https://gbfs.kappa.fifteen.eu/gbfs/2.2/mobi/en/free_bike_status.json,2026-07-05T09:16:54Z,2026-07-05T09:16:54Z
mobi_vancouver,mobi_vancouver_5db61d57-818d-451b-ab55-cb56cfd7ee4f,5db61d57-818d-451b-ab55-cb56cfd7ee4f,49.258819,-123.131317,1,FALSE,FALSE,25200,0211,1783242986,2026-07-05T09:16:55Z,2026-07-05T09:16:55Z,2026-07-05T09:16:25Z,2.2,https://gbfs.kappa.fifteen.eu/gbfs/2.2/mobi/en/gbfs.json,https://gbfs.kappa.fifteen.eu/gbfs/2.2/mobi/en/free_bike_status.json,2026-07-05T09:16:54Z,2026-07-05T09:16:54Z
mobi_vancouver,mobi_vancouver_3dd8f73d-6427-4229-acf6-c23e7291d4fd,3dd8f73d-6427-4229-acf6-c23e7291d4fd,49.283749,-123.136133,1,FALSE,FALSE,25200,0087,1783242986,2026-07-05T09:16:55Z,2026-07-05T09:16:55Z,2026-07-05T09:16:25Z,2.2,https://gbfs.kappa.fifteen.eu/gbfs/2.2/mobi/en/gbfs.json,https://gbfs.kappa.fifteen.eu/gbfs/2.2/mobi/en/free_bike_status.json,2026-07-05T09:16:54Z,2026-07-05T09:16:54Z
mobi_vancouver,mobi_vancouver_bf12787a-4a28-4ecf-8a72-5ab1d81bd9c0,bf12787a-4a28-4ecf-8a72-5ab1d81bd9c0,49.28803,-123.142135,2,FALSE,FALSE,25200,0087,1783242986,2026-07-05T09:16:55Z,2026-07-05T09:16:55Z,2026-07-05T09:16:25Z,2.2,https://gbfs.kappa.fifteen.eu/gbfs/2.2/mobi/en/gbfs.json,https://gbfs.kappa.fifteen.eu/gbfs/2.2/mobi/en/free_bike_status.json,2026-07-05T09:16:54Z,2026-07-05T09:16:54Z
mobi_vancouver,mobi_vancouver_99b313bc-352a-47d8-9b53-ee8b5856ba89,99b313bc-352a-47d8-9b53-ee8b5856ba89,49.267859,-123.145782,1,FALSE,FALSE,25200,0139,1783242986,2026-07-05T09:16:55Z,2026-07-05T09:16:55Z,2026-07-05T09:16:25Z,2.2,https://gbfs.kappa.fifteen.eu/gbfs/2.2/mobi/en/gbfs.json,https://gbfs.kappa.fifteen.eu/gbfs/2.2/mobi/en/free_bike_status.json,2026-07-05T09:16:54Z,2026-07-05T09:16:54Z
mobi_vancouver,mobi_vancouver_cf7afc1b-331a-444a-9b40-25947a4eeccd,cf7afc1b-331a-444a-9b40-25947a4eeccd,49.262321,-123.09306,1,FALSE,FALSE,25200,0248,1783242986,2026-07-05T09:16:55Z,2026-07-05T09:16:55Z,2026-07-05T09:16:25Z,2.2,https://gbfs.kappa.fifteen.eu/gbfs/2.2/mobi/en/gbfs.json,https://gbfs.kappa.fifteen.eu/gbfs/2.2/mobi/en/free_bike_status.json,2026-07-05T09:16:54Z,2026-07-05T09:16:54Z
mobi_vancouver,mobi_vancouver_e52bd54c-159e-42fc-b031-bba5e8a6b6f8,e52bd54c-159e-42fc-b031-bba5e8a6b6f8,49.261263,-123.073707,1,FALSE,FALSE,25200,0245,1783242986,2026-07-05T09:16:55Z,2026-07-05T09:16:55Z,2026-07-05T09:16:25Z,2.2,https://gbfs.kappa.fifteen.eu/gbfs/2.2/mobi/en/gbfs.json,https://gbfs.kappa.fifteen.eu/gbfs/2.2/mobi/en/free_bike_status.json,2026-07-05T09:16:54Z,2026-07-05T09:16:54Z
mobi_vancouver,mobi_vancouver_a4ad6633-8c22-41ec-b73d-5414c33a3a6e,a4ad6633-8c22-41ec-b73d-5414c33a3a6e,49.256496,-123.075426,1,FALSE,FALSE,25200,0283,1783242986,2026-07-05T09:16:55Z,2026-07-05T09:16:55Z,2026-07-05T09:16:25Z,2.2,https://gbfs.kappa.fifteen.eu/gbfs/2.2/mobi/en/gbfs.json,https://gbfs.kappa.fifteen.eu/gbfs/2.2/mobi/en/free_bike_status.json,2026-07-05T09:16:54Z,2026-07-05T09:16:54Z
mobi_vancouver,mobi_vancouver_9d81448c-46b0-4f7e-93c6-b6f1fe13eaf4,9d81448c-46b0-4f7e-93c6-b6f1fe13eaf4,49.258761,-123.127071,2,FALSE,FALSE,25200,0202,1783242986,2026-07-05T09:16:55Z,2026-07-05T09:16:55Z,2026-07-05T09:16:25Z,2.2,https://gbfs.kappa.fifteen.eu/gbfs/2.2/mobi/en/gbfs.json,https://gbfs.kappa.fifteen.eu/gbfs/2.2/mobi/en/free_bike_status.json,2026-07-05T09:16:54Z,2026-07-05T09:16:54Z
mobi_vancouver,mobi_vancouver_335297c7-d7bb-4ff1-bcbd-6e8f51871097,335297c7-d7bb-4ff1-bcbd-6e8f51871097,49.283986,-123.065264,1,FALSE,FALSE,25200,0280,1783242986,2026-07-05T09:16:55Z,2026-07-05T09:16:55Z,2026-07-05T09:16:25Z,2.2,https://gbfs.kappa.fifteen.eu/gbfs/2.2/mobi/en/gbfs.json,https://gbfs.kappa.fifteen.eu/gbfs/2.2/mobi/en/free_bike_status.json,2026-07-05T09:16:54Z,2026-07-05T09:16:54Z
mobi_vancouver,mobi_vancouver_15ff870c-35ff-403a-9a0f-c9d24ff036b8,15ff870c-35ff-403a-9a0f-c9d24ff036b8,49.280427,-123.074082,1,FALSE,FALSE,25200,0225,1783242986,2026-07-05T09:16:55Z,2026-07-05T09:16:55Z,2026-07-05T09:16:25Z,2.2,https://gbfs.kappa.fifteen.eu/gbfs/2.2/mobi/en/gbfs.json,https://gbfs.kappa.fifteen.eu/gbfs/2.2/mobi/en/free_bike_status.json,2026-07-05T09:16:54Z,2026-07-05T09:16:54Z
mobi_vancouver,mobi_vancouver_4a5a0f68-e9bf-44f1-a171-3188a70bf5f1,4a5a0f68-e9bf-44f1-a171-3188a70bf5f1,49.273691,-123.102232,1,FALSE,FALSE,25200,0193,1783242986,2026-07-05T09:16:55Z,2026-07-05T09:16:55Z,2026-07-05T09:16:25Z,2.2,https://gbfs.kappa.fifteen.eu/gbfs/2.2/mobi/en/gbfs.json,https://gbfs.kappa.fifteen.eu/gbfs/2.2/mobi/en/free_bike_status.json,2026-07-05T09:16:54Z,2026-07-05T09:16:54Z
mobi_vancouver,mobi_vancouver_d491d72b-47f6-4c96-a7e0-87a82181c03f,d491d72b-47f6-4c96-a7e0-87a82181c03f,49.265071,-123.123864,1,FALSE,FALSE,25200,0191,1783242986,2026-07-05T09:16:55Z,2026-07-05T09:16:55Z,2026-07-05T09:16:25Z,2.2,https://gbfs.kappa.fifteen.eu/gbfs/2.2/mobi/en/gbfs.json,https://gbfs.kappa.fifteen.eu/gbfs/2.2/mobi/en/free_bike_status.json,2026-07-05T09:16:54Z,2026-07-05T09:16:54Z
mobi_vancouver,mobi_vancouver_1fc7dd52-5b0b-4ca6-b5e8-a48a44d672d6,1fc7dd52-5b0b-4ca6-b5e8-a48a44d672d6,49.279235,-123.087528,1,FALSE,FALSE,25200,0228,1783242986,2026-07-05T09:16:55Z,2026-07-05T09:16:55Z,2026-07-05T09:16:25Z,2.2,https://gbfs.kappa.fifteen.eu/gbfs/2.2/mobi/en/gbfs.json,https://gbfs.kappa.fifteen.eu/gbfs/2.2/mobi/en/free_bike_status.json,2026-07-05T09:16:54Z,2026-07-05T09:16:54Z
mobi_vancouver,mobi_vancouver_bae4ee2b-2f4e-407c-84a8-0401ba4589ee,bae4ee2b-2f4e-407c-84a8-0401ba4589ee,49.27551,-123.13307,1,FALSE,FALSE,25200,0045,1783242986,2026-07-05T09:16:55Z,2026-07-05T09:16:55Z,2026-07-05T09:16:25Z,2.2,https://gbfs.kappa.fifteen.eu/gbfs/2.2/mobi/en/gbfs.json,https://gbfs.kappa.fifteen.eu/gbfs/2.2/mobi/en/free_bike_status.json,2026-07-05T09:16:54Z,2026-07-05T09:16:54Z
mobi_vancouver,mobi_vancouver_c4711a14-621b-49e8-8efe-c4d076241ddf,c4711a14-621b-49e8-8efe-c4d076241ddf,49.284554,-123.111031,1,FALSE,FALSE,25200,0124,1783242986,2026-07-05T09:16:55Z,2026-07-05T09:16:55Z,2026-07-05T09:16:25Z,2.2,https://gbfs.kappa.fifteen.eu/gbfs/2.2/mobi/en/gbfs.json,https://gbfs.kappa.fifteen.eu/gbfs/2.2/mobi/en/free_bike_status.json,2026-07-05T09:16:54Z,2026-07-05T09:16:54Z
mobi_vancouver,mobi_vancouver_cd4f3789-c3aa-4c43-8148-f9419c4318a5,cd4f3789-c3aa-4c43-8148-f9419c4318a5,49.290587,-123.13625,1,FALSE,FALSE,25200,0122,1783242986,2026-07-05T09:16:55Z,2026-07-05T09:16:55Z,2026-07-05T09:16:25Z,2.2,https://gbfs.kappa.fifteen.eu/gbfs/2.2/mobi/en/gbfs.json,https://gbfs.kappa.fifteen.eu/gbfs/2.2/mobi/en/free_bike_status.json,2026-07-05T09:16:54Z,2026-07-05T09:16:54Z
mobi_vancouver,mobi_vancouver_8dbdeb1f-346a-451d-a539-82d07537ec7b,8dbdeb1f-346a-451d-a539-82d07537ec7b,49.271221,-123.191133,1,FALSE,FALSE,25200,0400,1783242986,2026-07-05T09:16:55Z,2026-07-05T09:16:55Z,2026-07-05T09:16:25Z,2.2,https://gbfs.kappa.fifteen.eu/gbfs/2.2/mobi/en/gbfs.json,https://gbfs.kappa.fifteen.eu/gbfs/2.2/mobi/en/free_bike_status.json,2026-07-05T09:16:54Z,2026-07-05T09:16:54Z
mobi_vancouver,mobi_vancouver_48704651-e4b1-40b5-956d-39ebc56e10f0,48704651-e4b1-40b5-956d-39ebc56e10f0,49.27247,-123.185643,1,FALSE,FALSE,25200,0410,1783242986,2026-07-05T09:16:55Z,2026-07-05T09:16:55Z,2026-07-05T09:16:25Z,2.2,https://gbfs.kappa.fifteen.eu/gbfs/2.2/mobi/en/gbfs.json,https://gbfs.kappa.fifteen.eu/gbfs/2.2/mobi/en/free_bike_status.json,2026-07-05T09:16:54Z,2026-07-05T09:16:54Z
mobi_vancouver,mobi_vancouver_4c9b0acb-587b-418f-88ad-bb7b0143f427,4c9b0acb-587b-418f-88ad-bb7b0143f427,49.271471,-123.17731,1,FALSE,FALSE,25200,0440,1783242986,2026-07-05T09:16:55Z,2026-07-05T09:16:55Z,2026-07-05T09:16:25Z,2.2,https://gbfs.kappa.fifteen.eu/gbfs/2.2/mobi/en/gbfs.json,https://gbfs.kappa.fifteen.eu/gbfs/2.2/mobi/en/free_bike_status.json,2026-07-05T09:16:54Z,2026-07-05T09:16:54Z
mobi_vancouver,mobi_vancouver_030119f8-38df-4ef1-8017-927453c1af84,030119f8-38df-4ef1-8017-927453c1af84,49.273011,-123.159663,1,FALSE,FALSE,25200,0470,1783242986,2026-07-05T09:16:55Z,2026-07-05T09:16:55Z,2026-07-05T09:16:25Z,2.2,https://gbfs.kappa.fifteen.eu/gbfs/2.2/mobi/en/gbfs.json,https://gbfs.kappa.fifteen.eu/gbfs/2.2/mobi/en/free_bike_status.json,2026-07-05T09:16:54Z,2026-07-05T09:16:54Z
mobi_vancouver,mobi_vancouver_3a5ba3c0-cb8c-4767-a141-6de4bef1d3a0,3a5ba3c0-cb8c-4767-a141-6de4bef1d3a0,49.273011,-123.159663,1,FALSE,FALSE,25200,0470,1783242986,2026-07-05T09:16:55Z,2026-07-05T09:16:55Z,2026-07-05T09:16:25Z,2.2,https://gbfs.kappa.fifteen.eu/gbfs/2.2/mobi/en/gbfs.json,https://gbfs.kappa.fifteen.eu/gbfs/2.2/mobi/en/free_bike_status.json,2026-07-05T09:16:54Z,2026-07-05T09:16:54Z
mobi_vancouver,mobi_vancouver_d8d1bf16-b0e1-4e26-9a8b-768d75359aea,d8d1bf16-b0e1-4e26-9a8b-768d75359aea,49.238105,-123.154966,1,FALSE,FALSE,25200,0482,1783242986,2026-07-05T09:16:55Z,2026-07-05T09:16:55Z,2026-07-05T09:16:25Z,2.2,https://gbfs.kappa.fifteen.eu/gbfs/2.2/mobi/en/gbfs.json,https://gbfs.kappa.fifteen.eu/gbfs/2.2/mobi/en/free_bike_status.json,2026-07-05T09:16:54Z,2026-07-05T09:16:54Z
mobi_vancouver,mobi_vancouver_3b9bf1fc-388b-45aa-a5fd-09ddebebe659,3b9bf1fc-388b-45aa-a5fd-09ddebebe659,49.252656,-123.067965,1,FALSE,FALSE,25200,0352,1783242986,2026-07-05T09:16:55Z,2026-07-05T09:16:55Z,2026-07-05T09:16:25Z,2.2,https://gbfs.kappa.fifteen.eu/gbfs/2.2/mobi/en/gbfs.json,https://gbfs.kappa.fifteen.eu/gbfs/2.2/mobi/en/free_bike_status.json,2026-07-05T09:16:54Z,2026-07-05T09:16:54Z
mobi_vancouver,mobi_vancouver_0e4212b0-0491-4338-8c8a-d6c393d70836,0e4212b0-0491-4338-8c8a-d6c393d70836,49.2661,-123.24568,1,FALSE,FALSE,25200,2154,1783242986,2026-07-05T09:16:55Z,2026-07-05T09:16:55Z,2026-07-05T09:16:25Z,2.2,https://gbfs.kappa.fifteen.eu/gbfs/2.2/mobi/en/gbfs.json,https://gbfs.kappa.fifteen.eu/gbfs/2.2/mobi/en/free_bike_status.json,2026-07-05T09:16:54Z,2026-07-05T09:16:54Z
mobi_vancouver,mobi_vancouver_ccf2ac95-caa6-415c-8bfa-17542039d123,ccf2ac95-caa6-415c-8bfa-17542039d123,49.26875,-123.25004,1,FALSE,FALSE,25200,2142,1783242986,2026-07-05T09:16:55Z,2026-07-05T09:16:55Z,2026-07-05T09:16:25Z,2.2,https://gbfs.kappa.fifteen.eu/gbfs/2.2/mobi/en/gbfs.json,https://gbfs.kappa.fifteen.eu/gbfs/2.2/mobi/en/free_bike_status.json,2026-07-05T09:16:54Z,2026-07-05T09:16:54Z
mobi_vancouver,mobi_vancouver_528b4884-0c13-4f78-bdcd-d68afe12c49f,528b4884-0c13-4f78-bdcd-d68afe12c49f,49.2506,-123.23238,2,FALSE,FALSE,25200,2255,1783242986,2026-07-05T09:16:55Z,2026-07-05T09:16:55Z,2026-07-05T09:16:25Z,2.2,https://gbfs.kappa.fifteen.eu/gbfs/2.2/mobi/en/gbfs.json,https://gbfs.kappa.fifteen.eu/gbfs/2.2/mobi/en/free_bike_status.json,2026-07-05T09:16:54Z,2026-07-05T09:16:54Z
mobi_vancouver,mobi_vancouver_fe00fad4-daa7-4f6b-8dcd-e22abbd3e816,fe00fad4-daa7-4f6b-8dcd-e22abbd3e816,49.288682,-123.11818,1,FALSE,FALSE,25600,0201,1783242986,2026-07-05T09:16:55Z,2026-07-05T09:16:55Z,2026-07-05T09:16:25Z,2.2,https://gbfs.kappa.fifteen.eu/gbfs/2.2/mobi/en/gbfs.json,https://gbfs.kappa.fifteen.eu/gbfs/2.2/mobi/en/free_bike_status.json,2026-07-05T09:16:54Z,2026-07-05T09:16:54Z
mobi_vancouver,mobi_vancouver_d3e64091-0bb6-4cd9-958f-dc801dddb800,d3e64091-0bb6-4cd9-958f-dc801dddb800,49.282055,-123.133045,1,FALSE,FALSE,25600,0187,1783242986,2026-07-05T09:16:55Z,2026-07-05T09:16:55Z,2026-07-05T09:16:25Z,2.2,https://gbfs.kappa.fifteen.eu/gbfs/2.2/mobi/en/gbfs.json,https://gbfs.kappa.fifteen.eu/gbfs/2.2/mobi/en/free_bike_status.json,2026-07-05T09:16:54Z,2026-07-05T09:16:54Z
mobi_vancouver,mobi_vancouver_35a2e59a-1736-463e-bc82-f47ee4fb44fd,35a2e59a-1736-463e-bc82-f47ee4fb44fd,49.270877,-123.115103,1,FALSE,FALSE,25600,0009,1783242986,2026-07-05T09:16:55Z,2026-07-05T09:16:55Z,2026-07-05T09:16:25Z,2.2,https://gbfs.kappa.fifteen.eu/gbfs/2.2/mobi/en/gbfs.json,https://gbfs.kappa.fifteen.eu/gbfs/2.2/mobi/en/free_bike_status.json,2026-07-05T09:16:54Z,2026-07-05T09:16:54Z
mobi_vancouver,mobi_vancouver_cb522ed2-c8d1-446d-86c2-87e62d85ddea,cb522ed2-c8d1-446d-86c2-87e62d85ddea,49.271721,-123.104207,1,FALSE,FALSE,25600,0011,1783242986,2026-07-05T09:16:55Z,2026-07-05T09:16:55Z,2026-07-05T09:16:25Z,2.2,https://gbfs.kappa.fifteen.eu/gbfs/2.2/mobi/en/gbfs.json,https://gbfs.kappa.fifteen.eu/gbfs/2.2/mobi/en/free_bike_status.json,2026-07-05T09:16:54Z,2026-07-05T09:16:54Z
mobi_vancouver,mobi_vancouver_c509a296-7128-4385-91f0-4d9f04a22f89,c509a296-7128-4385-91f0-4d9f04a22f89,49.288444,-123.139203,1,FALSE,FALSE,25600,0032,1783242986,2026-07-05T09:16:55Z,2026-07-05T09:16:55Z,2026-07-05T09:16:25Z,2.2,https://gbfs.kappa.fifteen.eu/gbfs/2.2/mobi/en/gbfs.json,https://gbfs.kappa.fifteen.eu/gbfs/2.2/mobi/en/free_bike_status.json,2026-07-05T09:16:54Z,2026-07-05T09:16:54Z
mobi_vancouver,mobi_vancouver_3280a676-247c-401b-a522-7679973097cf,3280a676-247c-401b-a522-7679973097cf,49.28616,-123.12675,1,FALSE,FALSE,25600,0036,1783242986,2026-07-05T09:16:55Z,2026-07-05T09:16:55Z,2026-07-05T09:16:25Z,2.2,https://gbfs.kappa.fifteen.eu/gbfs/2.2/mobi/en/gbfs.json,https://gbfs.kappa.fifteen.eu/gbfs/2.2/mobi/en/free_bike_status.json,2026-07-05T09:16:54Z,2026-07-05T09:16:54Z
mobi_vancouver,mobi_vancouver_d903dbff-3c6e-488c-a9ce-1402572721fa,d903dbff-3c6e-488c-a9ce-1402572721fa,49.289255,-123.132677,1,FALSE,FALSE,25600,0041,1783242986,2026-07-05T09:16:55Z,2026-07-05T09:16:55Z,2026-07-05T09:16:25Z,2.2,https://gbfs.kappa.fifteen.eu/gbfs/2.2/mobi/en/gbfs.json,https://gbfs.kappa.fifteen.eu/gbfs/2.2/mobi/en/free_bike_status.json,2026-07-05T09:16:54Z,2026-07-05T09:16:54Z
mobi_vancouver,mobi_vancouver_83dcd223-f323-45aa-a80f-d7dad13645af,83dcd223-f323-45aa-a80f-d7dad13645af,49.273833,-123.114373,1,FALSE,FALSE,25600,0057,1783242986,2026-07-05T09:16:55Z,2026-07-05T09:16:55Z,2026-07-05T09:16:25Z,2.2,https://gbfs.kappa.fifteen.eu/gbfs/2.2/mobi/en/gbfs.json,https://gbfs.kappa.fifteen.eu/gbfs/2.2/mobi/en/free_bike_status.json,2026-07-05T09:16:54Z,2026-07-05T09:16:54Z
mobi_vancouver,mobi_vancouver_5d778ffa-17ec-4c14-857a-bc792aaee8ff,5d778ffa-17ec-4c14-857a-bc792aaee8ff,49.276436,-123.11877,1,FALSE,FALSE,25600,0078,1783242986,2026-07-05T09:16:55Z,2026-07-05T09:16:55Z,2026-07-05T09:16:25Z,2.2,https://gbfs.kappa.fifteen.eu/gbfs/2.2/mobi/en/gbfs.json,https://gbfs.kappa.fifteen.eu/gbfs/2.2/mobi/en/free_bike_status.json,2026-07-05T09:16:54Z,2026-07-05T09:16:54Z
mobi_vancouver,mobi_vancouver_302d02ed-afce-44bf-be06-2e3f2f76033e,302d02ed-afce-44bf-be06-2e3f2f76033e,49.28526,-123.141809,1,FALSE,FALSE,25600,0060,1783242986,2026-07-05T09:16:55Z,2026-07-05T09:16:55Z,2026-07-05T09:16:25Z,2.2,https://gbfs.kappa.fifteen.eu/gbfs/2.2/mobi/en/gbfs.json,https://gbfs.kappa.fifteen.eu/gbfs/2.2/mobi/en/free_bike_status.json,2026-07-05T09:16:54Z,2026-07-05T09:16:54Z
mobi_vancouver,mobi_vancouver_021a0a9b-9bd7-4808-b131-4f041fb2a402,021a0a9b-9bd7-4808-b131-4f041fb2a402,49.273471,-123.118016,1,FALSE,FALSE,25600,0017,1783242986,2026-07-05T09:16:55Z,2026-07-05T09:16:55Z,2026-07-05T09:16:25Z,2.2,https://gbfs.kappa.fifteen.eu/gbfs/2.2/mobi/en/gbfs.json,https://gbfs.kappa.fifteen.eu/gbfs/2.2/mobi/en/free_bike_status.json,2026-07-05T09:16:54Z,2026-07-05T09:16:54Z
mobi_vancouver,mobi_vancouver_5a9ee594-a8cd-468b-900b-e4ca5f9792b4,5a9ee594-a8cd-468b-900b-e4ca5f9792b4,49.2653,-123.13811,1,FALSE,FALSE,25600,0069,1783242986,2026-07-05T09:16:55Z,2026-07-05T09:16:55Z,2026-07-05T09:16:25Z,2.2,https://gbfs.kappa.fifteen.eu/gbfs/2.2/mobi/en/gbfs.json,https://gbfs.kappa.fifteen.eu/gbfs/2.2/mobi/en/free_bike_status.json,2026-07-05T09:16:54Z,2026-07-05T09:16:54Z
mobi_vancouver,mobi_vancouver_275cfb42-329a-4c0f-8944-de8a67d93cf0,275cfb42-329a-4c0f-8944-de8a67d93cf0,49.275938,-123.145939,1,FALSE,FALSE,25600,0147,1783242986,2026-07-05T09:16:55Z,2026-07-05T09:16:55Z,2026-07-05T09:16:25Z,2.2,https://gbfs.kappa.fifteen.eu/gbfs/2.2/mobi/en/gbfs.json,https://gbfs.kappa.fifteen.eu/gbfs/2.2/mobi/en/free_bike_status.json,2026-07-05T09:16:54Z,2026-07-05T09:16:54Z
mobi_vancouver,mobi_vancouver_f56087b4-3ed2-4847-8269-c50a18f25a04,f56087b4-3ed2-4847-8269-c50a18f25a04,49.281506,-123.120101,1,FALSE,FALSE,25600,0063,1783242986,2026-07-05T09:16:55Z,2026-07-05T09:16:55Z,2026-07-05T09:16:25Z,2.2,https://gbfs.kappa.fifteen.eu/gbfs/2.2/mobi/en/gbfs.json,https://gbfs.kappa.fifteen.eu/gbfs/2.2/mobi/en/free_bike_status.json,2026-07-05T09:16:54Z,2026-07-05T09:16:54Z
mobi_vancouver,mobi_vancouver_7fa77c8a-9c73-4acc-8ab4-47f8a00cf2ca,7fa77c8a-9c73-4acc-8ab4-47f8a00cf2ca,49.262944,-123.148109,1,FALSE,FALSE,25600,0068,1783242986,2026-07-05T09:16:55Z,2026-07-05T09:16:55Z,2026-07-05T09:16:25Z,2.2,https://gbfs.kappa.fifteen.eu/gbfs/2.2/mobi/en/gbfs.json,https://gbfs.kappa.fifteen.eu/gbfs/2.2/mobi/en/free_bike_status.json,2026-07-05T09:16:54Z,2026-07-05T09:16:54Z
mobi_vancouver,mobi_vancouver_9a505870-1e83-4739-ac27-459cbf06c937,9a505870-1e83-4739-ac27-459cbf06c937,49.259183,-123.120126,1,FALSE,FALSE,25600,0106,1783242986,2026-07-05T09:16:55Z,2026-07-05T09:16:55Z,2026-07-05T09:16:25Z,2.2,https://gbfs.kappa.fifteen.eu/gbfs/2.2/mobi/en/gbfs.json,https://gbfs.kappa.fifteen.eu/gbfs/2.2/mobi/en/free_bike_status.json,2026-07-05T09:16:54Z,2026-07-05T09:16:54Z
mobi_vancouver,mobi_vancouver_23a5a415-efac-49df-a7e9-9c02b4e67261,23a5a415-efac-49df-a7e9-9c02b4e67261,49.294318,-123.148808,1,FALSE,FALSE,25600,0104,1783242986,2026-07-05T09:16:55Z,2026-07-05T09:16:55Z,2026-07-05T09:16:25Z,2.2,https://gbfs.kappa.fifteen.eu/gbfs/2.2/mobi/en/gbfs.json,https://gbfs.kappa.fifteen.eu/gbfs/2.2/mobi/en/free_bike_status.json,2026-07-05T09:16:54Z,2026-07-05T09:16:54Z
mobi_vancouver,mobi_vancouver_a4b5abce-0917-462b-b4fc-365619ce0752,a4b5abce-0917-462b-b4fc-365619ce0752,49.276897,-123.101746,1,FALSE,FALSE,25600,0801,1783242986,2026-07-05T09:16:55Z,2026-07-05T09:16:55Z,2026-07-05T09:16:25Z,2.2,https://gbfs.kappa.fifteen.eu/gbfs/2.2/mobi/en/gbfs.json,https://gbfs.kappa.fifteen.eu/gbfs/2.2/mobi/en/free_bike_status.json,2026-07-05T09:16:54Z,2026-07-05T09:16:54Z
mobi_vancouver,mobi_vancouver_3827217d-d869-45c8-83b2-ebbcda873670,3827217d-d869-45c8-83b2-ebbcda873670,49.270905,-123.126006,1,FALSE,FALSE,25600,0136,1783242986,2026-07-05T09:16:55Z,2026-07-05T09:16:55Z,2026-07-05T09:16:25Z,2.2,https://gbfs.kappa.fifteen.eu/gbfs/2.2/mobi/en/gbfs.json,https://gbfs.kappa.fifteen.eu/gbfs/2.2/mobi/en/free_bike_status.json,2026-07-05T09:16:54Z,2026-07-05T09:16:54Z
mobi_vancouver,mobi_vancouver_bbc2d2cc-469f-4c57-be51-a25b98d4f281,bbc2d2cc-469f-4c57-be51-a25b98d4f281,49.283227,-123.120523,1,FALSE,FALSE,25600,0099,1783242986,2026-07-05T09:16:55Z,2026-07-05T09:16:55Z,2026-07-05T09:16:25Z,2.2,https://gbfs.kappa.fifteen.eu/gbfs/2.2/mobi/en/gbfs.json,https://gbfs.kappa.fifteen.eu/gbfs/2.2/mobi/en/free_bike_status.json,2026-07-05T09:16:54Z,2026-07-05T09:16:54Z
mobi_vancouver,mobi_vancouver_6db547d8-8ea2-4bec-837e-dfd5f775158c,6db547d8-8ea2-4bec-837e-dfd5f775158c,49.283227,-123.120523,2,FALSE,FALSE,25600,0099,1783242986,2026-07-05T09:16:55Z,2026-07-05T09:16:55Z,2026-07-05T09:16:25Z,2.2,https://gbfs.kappa.fifteen.eu/gbfs/2.2/mobi/en/gbfs.json,https://gbfs.kappa.fifteen.eu/gbfs/2.2/mobi/en/free_bike_status.json,2026-07-05T09:16:54Z,2026-07-05T09:16:54Z
mobi_vancouver,mobi_vancouver_1580b713-2b44-40eb-b9e0-3a3cc0660635,1580b713-2b44-40eb-b9e0-3a3cc0660635,49.262141,-123.101961,1,FALSE,FALSE,25600,0074,1783242986,2026-07-05T09:16:55Z,2026-07-05T09:16:55Z,2026-07-05T09:16:25Z,2.2,https://gbfs.kappa.fifteen.eu/gbfs/2.2/mobi/en/gbfs.json,https://gbfs.kappa.fifteen.eu/gbfs/2.2/mobi/en/free_bike_status.json,2026-07-05T09:16:54Z,2026-07-05T09:16:54Z
mobi_vancouver,mobi_vancouver_852afc9d-caef-476f-b6ee-0b4b201db95a,852afc9d-caef-476f-b6ee-0b4b201db95a,49.280852,-123.084746,2,FALSE,FALSE,25600,0227,1783242986,2026-07-05T09:16:55Z,2026-07-05T09:16:55Z,2026-07-05T09:16:25Z,2.2,https://gbfs.kappa.fifteen.eu/gbfs/2.2/mobi/en/gbfs.json,https://gbfs.kappa.fifteen.eu/gbfs/2.2/mobi/en/free_bike_status.json,2026-07-05T09:16:54Z,2026-07-05T09:16:54Z
mobi_vancouver,mobi_vancouver_d1154ed1-6386-43d8-bb4b-7143fc20740b,d1154ed1-6386-43d8-bb4b-7143fc20740b,49.280852,-123.084746,2,FALSE,FALSE,25600,0227,1783242986,2026-07-05T09:16:55Z,2026-07-05T09:16:55Z,2026-07-05T09:16:25Z,2.2,https://gbfs.kappa.fifteen.eu/gbfs/2.2/mobi/en/gbfs.json,https://gbfs.kappa.fifteen.eu/gbfs/2.2/mobi/en/free_bike_status.json,2026-07-05T09:16:54Z,2026-07-05T09:16:54Z
mobi_vancouver,mobi_vancouver_b2df0bb7-5682-4fe4-a7fb-930a177eafe4,b2df0bb7-5682-4fe4-a7fb-930a177eafe4,49.264251,-123.073853,1,FALSE,FALSE,25600,0249,1783242986,2026-07-05T09:16:55Z,2026-07-05T09:16:55Z,2026-07-05T09:16:25Z,2.2,https://gbfs.kappa.fifteen.eu/gbfs/2.2/mobi/en/gbfs.json,https://gbfs.kappa.fifteen.eu/gbfs/2.2/mobi/en/free_bike_status.json,2026-07-05T09:16:54Z,2026-07-05T09:16:54Z
mobi_vancouver,mobi_vancouver_3054623b-57a4-4c2d-80e2-7635a7c450f9,3054623b-57a4-4c2d-80e2-7635a7c450f9,49.261188,-123.066009,1,FALSE,FALSE,25600,0274,1783242986,2026-07-05T09:16:55Z,2026-07-05T09:16:55Z,2026-07-05T09:16:25Z,2.2,https://gbfs.kappa.fifteen.eu/gbfs/2.2/mobi/en/gbfs.json,https://gbfs.kappa.fifteen.eu/gbfs/2.2/mobi/en/free_bike_status.json,2026-07-05T09:16:54Z,2026-07-05T09:16:54Z
mobi_vancouver,mobi_vancouver_82d0e5f9-2088-4dab-b43d-e24698fcce38,82d0e5f9-2088-4dab-b43d-e24698fcce38,49.273691,-123.102232,1,FALSE,FALSE,25600,0193,1783242986,2026-07-05T09:16:55Z,2026-07-05T09:16:55Z,2026-07-05T09:16:25Z,2.2,https://gbfs.kappa.fifteen.eu/gbfs/2.2/mobi/en/gbfs.json,https://gbfs.kappa.fifteen.eu/gbfs/2.2/mobi/en/free_bike_status.json,2026-07-05T09:16:54Z,2026-07-05T09:16:54Z
mobi_vancouver,mobi_vancouver_4eddced3-275c-42b4-b103-b12d8d7c0db0,4eddced3-275c-42b4-b103-b12d8d7c0db0,49.273691,-123.102232,1,FALSE,FALSE,25600,0193,1783242986,2026-07-05T09:16:55Z,2026-07-05T09:16:55Z,2026-07-05T09:16:25Z,2.2,https://gbfs.kappa.fifteen.eu/gbfs/2.2/mobi/en/gbfs.json,https://gbfs.kappa.fifteen.eu/gbfs/2.2/mobi/en/free_bike_status.json,2026-07-05T09:16:54Z,2026-07-05T09:16:54Z
mobi_vancouver,mobi_vancouver_774b3117-75d4-4439-8413-3824899dc2c8,774b3117-75d4-4439-8413-3824899dc2c8,49.302577,-123.155616,1,FALSE,FALSE,25600,0103,1783242986,2026-07-05T09:16:55Z,2026-07-05T09:16:55Z,2026-07-05T09:16:25Z,2.2,https://gbfs.kappa.fifteen.eu/gbfs/2.2/mobi/en/gbfs.json,https://gbfs.kappa.fifteen.eu/gbfs/2.2/mobi/en/free_bike_status.json,2026-07-05T09:16:54Z,2026-07-05T09:16:54Z
mobi_vancouver,mobi_vancouver_852526b1-661a-4272-a45d-cf45cc3481a5,852526b1-661a-4272-a45d-cf45cc3481a5,49.284893,-123.128685,1,FALSE,FALSE,25600,0300,1783242986,2026-07-05T09:16:55Z,2026-07-05T09:16:55Z,2026-07-05T09:16:25Z,2.2,https://gbfs.kappa.fifteen.eu/gbfs/2.2/mobi/en/gbfs.json,https://gbfs.kappa.fifteen.eu/gbfs/2.2/mobi/en/free_bike_status.json,2026-07-05T09:16:54Z,2026-07-05T09:16:54Z
mobi_vancouver,mobi_vancouver_f185db53-b31e-4a7f-b624-01fd86fae49f,f185db53-b31e-4a7f-b624-01fd86fae49f,49.284554,-123.111031,1,FALSE,FALSE,25600,0124,1783242986,2026-07-05T09:16:55Z,2026-07-05T09:16:55Z,2026-07-05T09:16:25Z,2.2,https://gbfs.kappa.fifteen.eu/gbfs/2.2/mobi/en/gbfs.json,https://gbfs.kappa.fifteen.eu/gbfs/2.2/mobi/en/free_bike_status.json,2026-07-05T09:16:54Z,2026-07-05T09:16:54Z
mobi_vancouver,mobi_vancouver_50fb02cd-1921-4993-847b-9e80277375dc,50fb02cd-1921-4993-847b-9e80277375dc,49.27247,-123.185643,1,FALSE,FALSE,25600,0410,1783242986,2026-07-05T09:16:55Z,2026-07-05T09:16:55Z,2026-07-05T09:16:25Z,2.2,https://gbfs.kappa.fifteen.eu/gbfs/2.2/mobi/en/gbfs.json,https://gbfs.kappa.fifteen.eu/gbfs/2.2/mobi/en/free_bike_status.json,2026-07-05T09:16:54Z,2026-07-05T09:16:54Z
mobi_vancouver,mobi_vancouver_e6d931f0-10bf-4370-aaa3-9a6d4673e41b,e6d931f0-10bf-4370-aaa3-9a6d4673e41b,49.272969,-123.164325,1,FALSE,FALSE,25600,0460,1783242986,2026-07-05T09:16:55Z,2026-07-05T09:16:55Z,2026-07-05T09:16:25Z,2.2,https://gbfs.kappa.fifteen.eu/gbfs/2.2/mobi/en/gbfs.json,https://gbfs.kappa.fifteen.eu/gbfs/2.2/mobi/en/free_bike_status.json,2026-07-05T09:16:54Z,2026-07-05T09:16:54Z
mobi_vancouver,mobi_vancouver_cd0f1261-797d-4bf7-ae85-61b788986b1a,cd0f1261-797d-4bf7-ae85-61b788986b1a,49.273011,-123.159663,1,FALSE,FALSE,25600,0470,1783242986,2026-07-05T09:16:55Z,2026-07-05T09:16:55Z,2026-07-05T09:16:25Z,2.2,https://gbfs.kappa.fifteen.eu/gbfs/2.2/mobi/en/gbfs.json,https://gbfs.kappa.fifteen.eu/gbfs/2.2/mobi/en/free_bike_status.json,2026-07-05T09:16:54Z,2026-07-05T09:16:54Z
mobi_vancouver,mobi_vancouver_3c4f3426-e4ab-4d99-9ae2-93e65982ee17,3c4f3426-e4ab-4d99-9ae2-93e65982ee17,49.254818,-123.114785,1,FALSE,FALSE,25600,0531,1783242986,2026-07-05T09:16:55Z,2026-07-05T09:16:55Z,2026-07-05T09:16:25Z,2.2,https://gbfs.kappa.fifteen.eu/gbfs/2.2/mobi/en/gbfs.json,https://gbfs.kappa.fifteen.eu/gbfs/2.2/mobi/en/free_bike_status.json,2026-07-05T09:16:54Z,2026-07-05T09:16:54Z
mobi_vancouver,mobi_vancouver_34aa23f1-ec6a-49af-9768-91018c415a2c,34aa23f1-ec6a-49af-9768-91018c415a2c,49.283482,-123.103738,1,FALSE,FALSE,25600,0013,1783242986,2026-07-05T09:16:55Z,2026-07-05T09:16:55Z,2026-07-05T09:16:25Z,2.2,https://gbfs.kappa.fifteen.eu/gbfs/2.2/mobi/en/gbfs.json,https://gbfs.kappa.fifteen.eu/gbfs/2.2/mobi/en/free_bike_status.json,2026-07-05T09:16:54Z,2026-07-05T09:16:54Z
mobi_vancouver,mobi_vancouver_5568153b-ab3c-4d79-af4c-e0bc93c8eaed,5568153b-ab3c-4d79-af4c-e0bc93c8eaed,49.269172,-123.25279,1,FALSE,FALSE,25600,2131,1783242986,2026-07-05T09:16:55Z,2026-07-05T09:16:55Z,2026-07-05T09:16:25Z,2.2,https://gbfs.kappa.fifteen.eu/gbfs/2.2/mobi/en/gbfs.json,https://gbfs.kappa.fifteen.eu/gbfs/2.2/mobi/en/free_bike_status.json,2026-07-05T09:16:54Z,2026-07-05T09:16:54Z
mobi_vancouver,mobi_vancouver_c34da10f-7fb0-461a-b220-821267b75459,c34da10f-7fb0-461a-b220-821267b75459,49.293264,-123.132861,1,FALSE,FALSE,25600,0181,1783242986,2026-07-05T09:16:55Z,2026-07-05T09:16:55Z,2026-07-05T09:16:25Z,2.2,https://gbfs.kappa.fifteen.eu/gbfs/2.2/mobi/en/gbfs.json,https://gbfs.kappa.fifteen.eu/gbfs/2.2/mobi/en/free_bike_status.json,2026-07-05T09:16:54Z,2026-07-05T09:16:54Z
mobi_vancouver,mobi_vancouver_bcb8d918-99fd-4ed6-83ba-8ecf2e862ea9,bcb8d918-99fd-4ed6-83ba-8ecf2e862ea9,49.293264,-123.132861,1,FALSE,FALSE,25600,0181,1783242986,2026-07-05T09:16:55Z,2026-07-05T09:16:55Z,2026-07-05T09:16:25Z,2.2,https://gbfs.kappa.fifteen.eu/gbfs/2.2/mobi/en/gbfs.json,https://gbfs.kappa.fifteen.eu/gbfs/2.2/mobi/en/free_bike_status.json,2026-07-05T09:16:54Z,2026-07-05T09:16:54Z
mobi_vancouver,mobi_vancouver_4f64e3ef-bab5-45a5-b152-274f8ba516d8,4f64e3ef-bab5-45a5-b152-274f8ba516d8,49.25894,-123.139272,1,FALSE,FALSE,26000,0071,1783242986,2026-07-05T09:16:55Z,2026-07-05T09:16:55Z,2026-07-05T09:16:25Z,2.2,https://gbfs.kappa.fifteen.eu/gbfs/2.2/mobi/en/gbfs.json,https://gbfs.kappa.fifteen.eu/gbfs/2.2/mobi/en/free_bike_status.json,2026-07-05T09:16:54Z,2026-07-05T09:16:54Z
mobi_vancouver,mobi_vancouver_93a4a420-5885-4b73-b36f-04b637c28869,93a4a420-5885-4b73-b36f-04b637c28869,49.270877,-123.115103,1,FALSE,FALSE,26000,0009,1783242986,2026-07-05T09:16:55Z,2026-07-05T09:16:55Z,2026-07-05T09:16:25Z,2.2,https://gbfs.kappa.fifteen.eu/gbfs/2.2/mobi/en/gbfs.json,https://gbfs.kappa.fifteen.eu/gbfs/2.2/mobi/en/free_bike_status.json,2026-07-05T09:16:54Z,2026-07-05T09:16:54Z
mobi_vancouver,mobi_vancouver_55964b36-d44b-44c0-86d9-20c55ce2cfaa,55964b36-d44b-44c0-86d9-20c55ce2cfaa,49.28616,-123.12675,1,FALSE,FALSE,26000,0036,1783242986,2026-07-05T09:16:55Z,2026-07-05T09:16:55Z,2026-07-05T09:16:25Z,2.2,https://gbfs.kappa.fifteen.eu/gbfs/2.2/mobi/en/gbfs.json,https://gbfs.kappa.fifteen.eu/gbfs/2.2/mobi/en/free_bike_status.json,2026-07-05T09:16:54Z,2026-07-05T09:16:54Z
mobi_vancouver,mobi_vancouver_99d22222-f336-4248-ba13-70f6f78b6a3e,99d22222-f336-4248-ba13-70f6f78b6a3e,49.28972,-123.144028,1,FALSE,FALSE,26000,0047,1783242986,2026-07-05T09:16:55Z,2026-07-05T09:16:55Z,2026-07-05T09:16:25Z,2.2,https://gbfs.kappa.fifteen.eu/gbfs/2.2/mobi/en/gbfs.json,https://gbfs.kappa.fifteen.eu/gbfs/2.2/mobi/en/free_bike_status.json,2026-07-05T09:16:54Z,2026-07-05T09:16:54Z
mobi_vancouver,mobi_vancouver_b6a8de5a-9480-4392-a47e-3410f314d602,b6a8de5a-9480-4392-a47e-3410f314d602,49.28526,-123.141809,1,FALSE,FALSE,26000,0060,1783242986,2026-07-05T09:16:55Z,2026-07-05T09:16:55Z,2026-07-05T09:16:25Z,2.2,https://gbfs.kappa.fifteen.eu/gbfs/2.2/mobi/en/gbfs.json,https://gbfs.kappa.fifteen.eu/gbfs/2.2/mobi/en/free_bike_status.json,2026-07-05T09:16:54Z,2026-07-05T09:16:54Z
mobi_vancouver,mobi_vancouver_bbfec55e-9988-4d80-bdb0-1395cce8ea0a,bbfec55e-9988-4d80-bdb0-1395cce8ea0a,49.28526,-123.141809,1,FALSE,FALSE,26000,0060,1783242986,2026-07-05T09:16:55Z,2026-07-05T09:16:55Z,2026-07-05T09:16:25Z,2.2,https://gbfs.kappa.fifteen.eu/gbfs/2.2/mobi/en/gbfs.json,https://gbfs.kappa.fifteen.eu/gbfs/2.2/mobi/en/free_bike_status.json,2026-07-05T09:16:54Z,2026-07-05T09:16:54Z
mobi_vancouver,mobi_vancouver_3ad4c6fb-0732-4f8e-ad92-3d06134dcc53,3ad4c6fb-0732-4f8e-ad92-3d06134dcc53,49.291909,-123.140713,1,FALSE,FALSE,26000,0092,1783242986,2026-07-05T09:16:55Z,2026-07-05T09:16:55Z,2026-07-05T09:16:25Z,2.2,https://gbfs.kappa.fifteen.eu/gbfs/2.2/mobi/en/gbfs.json,https://gbfs.kappa.fifteen.eu/gbfs/2.2/mobi/en/free_bike_status.json,2026-07-05T09:16:54Z,2026-07-05T09:16:54Z
mobi_vancouver,mobi_vancouver_a3276e3d-579f-44f5-88d3-6f8b12713747,a3276e3d-579f-44f5-88d3-6f8b12713747,49.293257,-123.138563,1,FALSE,FALSE,26000,0093,1783242986,2026-07-05T09:16:55Z,2026-07-05T09:16:55Z,2026-07-05T09:16:25Z,2.2,https://gbfs.kappa.fifteen.eu/gbfs/2.2/mobi/en/gbfs.json,https://gbfs.kappa.fifteen.eu/gbfs/2.2/mobi/en/free_bike_status.json,2026-07-05T09:16:54Z,2026-07-05T09:16:54Z
mobi_vancouver,mobi_vancouver_be3e8034-7627-42b8-a990-88e828c595c8,be3e8034-7627-42b8-a990-88e828c595c8,49.263837,-123.105173,1,FALSE,FALSE,26000,0107,1783242986,2026-07-05T09:16:55Z,2026-07-05T09:16:55Z,2026-07-05T09:16:25Z,2.2,https://gbfs.kappa.fifteen.eu/gbfs/2.2/mobi/en/gbfs.json,https://gbfs.kappa.fifteen.eu/gbfs/2.2/mobi/en/free_bike_status.json,2026-07-05T09:16:54Z,2026-07-05T09:16:54Z
mobi_vancouver,mobi_vancouver_1fba437a-f770-47f7-b204-effd40f659a9,1fba437a-f770-47f7-b204-effd40f659a9,49.263837,-123.105173,1,FALSE,FALSE,26000,0107,1783242986,2026-07-05T09:16:55Z,2026-07-05T09:16:55Z,2026-07-05T09:16:25Z,2.2,https://gbfs.kappa.fifteen.eu/gbfs/2.2/mobi/en/gbfs.json,https://gbfs.kappa.fifteen.eu/gbfs/2.2/mobi/en/free_bike_status.json,2026-07-05T09:16:54Z,2026-07-05T09:16:54Z
mobi_vancouver,mobi_vancouver_16d78a02-2fa1-4c0d-a3dd-fb0faf0d6630,16d78a02-2fa1-4c0d-a3dd-fb0faf0d6630,49.266314,-123.116011,1,FALSE,FALSE,26000,0006,1783242986,2026-07-05T09:16:55Z,2026-07-05T09:16:55Z,2026-07-05T09:16:25Z,2.2,https://gbfs.kappa.fifteen.eu/gbfs/2.2/mobi/en/gbfs.json,https://gbfs.kappa.fifteen.eu/gbfs/2.2/mobi/en/free_bike_status.json,2026-07-05T09:16:54Z,2026-07-05T09:16:54Z
mobi_vancouver,mobi_vancouver_c3a7bdbc-3aee-42bb-97a6-a0fcf4f2bf8b,c3a7bdbc-3aee-42bb-97a6-a0fcf4f2bf8b,49.27821,-123.136972,1,FALSE,FALSE,26000,0083,1783242986,2026-07-05T09:16:55Z,2026-07-05T09:16:55Z,2026-07-05T09:16:25Z,2.2,https://gbfs.kappa.fifteen.eu/gbfs/2.2/mobi/en/gbfs.json,https://gbfs.kappa.fifteen.eu/gbfs/2.2/mobi/en/free_bike_status.json,2026-07-05T09:16:54Z,2026-07-05T09:16:54Z
mobi_vancouver,mobi_vancouver_8b178d3b-a723-4839-9f51-28da28500e7a,8b178d3b-a723-4839-9f51-28da28500e7a,49.27821,-123.136972,1,FALSE,FALSE,26000,0083,1783242986,2026-07-05T09:16:55Z,2026-07-05T09:16:55Z,2026-07-05T09:16:25Z,2.2,https://gbfs.kappa.fifteen.eu/gbfs/2.2/mobi/en/gbfs.json,https://gbfs.kappa.fifteen.eu/gbfs/2.2/mobi/en/free_bike_status.json,2026-07-05T09:16:54Z,2026-07-05T09:16:54Z
mobi_vancouver,mobi_vancouver_d31785d1-04c8-45ee-9ef5-80d0226e7203,d31785d1-04c8-45ee-9ef5-80d0226e7203,49.297933,-123.130758,1,FALSE,FALSE,26000,0209,1783242986,2026-07-05T09:16:55Z,2026-07-05T09:16:55Z,2026-07-05T09:16:25Z,2.2,https://gbfs.kappa.fifteen.eu/gbfs/2.2/mobi/en/gbfs.json,https://gbfs.kappa.fifteen.eu/gbfs/2.2/mobi/en/free_bike_status.json,2026-07-05T09:16:54Z,2026-07-05T09:16:54Z
mobi_vancouver,mobi_vancouver_e98a8da9-0ae9-486a-ba9d-8d549cbed7f8,e98a8da9-0ae9-486a-ba9d-8d549cbed7f8,49.258819,-123.131317,1,FALSE,FALSE,26000,0211,1783242986,2026-07-05T09:16:55Z,2026-07-05T09:16:55Z,2026-07-05T09:16:25Z,2.2,https://gbfs.kappa.fifteen.eu/gbfs/2.2/mobi/en/gbfs.json,https://gbfs.kappa.fifteen.eu/gbfs/2.2/mobi/en/free_bike_status.json,2026-07-05T09:16:54Z,2026-07-05T09:16:54Z
mobi_vancouver,mobi_vancouver_07c3f87c-e3df-4a37-a1c9-40fc6d976223,07c3f87c-e3df-4a37-a1c9-40fc6d976223,49.266774,-123.141135,1,FALSE,FALSE,26000,0153,1783242986,2026-07-05T09:16:55Z,2026-07-05T09:16:55Z,2026-07-05T09:16:25Z,2.2,https://gbfs.kappa.fifteen.eu/gbfs/2.2/mobi/en/gbfs.json,https://gbfs.kappa.fifteen.eu/gbfs/2.2/mobi/en/free_bike_status.json,2026-07-05T09:16:54Z,2026-07-05T09:16:54Z
mobi_vancouver,mobi_vancouver_a72c080d-6b37-430c-8439-b450323c14d5,a72c080d-6b37-430c-8439-b450323c14d5,49.265336,-123.145823,1,FALSE,FALSE,26000,0140,1783242986,2026-07-05T09:16:55Z,2026-07-05T09:16:55Z,2026-07-05T09:16:25Z,2.2,https://gbfs.kappa.fifteen.eu/gbfs/2.2/mobi/en/gbfs.json,https://gbfs.kappa.fifteen.eu/gbfs/2.2/mobi/en/free_bike_status.json,2026-07-05T09:16:54Z,2026-07-05T09:16:54Z
mobi_vancouver,mobi_vancouver_764e0d15-b0fc-4b1c-a510-19d6545092f1,764e0d15-b0fc-4b1c-a510-19d6545092f1,49.283749,-123.136133,2,FALSE,FALSE,26000,0087,1783242986,2026-07-05T09:16:55Z,2026-07-05T09:16:55Z,2026-07-05T09:16:25Z,2.2,https://gbfs.kappa.fifteen.eu/gbfs/2.2/mobi/en/gbfs.json,https://gbfs.kappa.fifteen.eu/gbfs/2.2/mobi/en/free_bike_status.json,2026-07-05T09:16:54Z,2026-07-05T09:16:54Z
mobi_vancouver,mobi_vancouver_7d1cda95-1211-4d87-be8b-42ff3ae71890,7d1cda95-1211-4d87-be8b-42ff3ae71890,49.276897,-123.101746,1,FALSE,FALSE,26000,0801,1783242986,2026-07-05T09:16:55Z,2026-07-05T09:16:55Z,2026-07-05T09:16:25Z,2.2,https://gbfs.kappa.fifteen.eu/gbfs/2.2/mobi/en/gbfs.json,https://gbfs.kappa.fifteen.eu/gbfs/2.2/mobi/en/free_bike_status.json,2026-07-05T09:16:54Z,2026-07-05T09:16:54Z
mobi_vancouver,mobi_vancouver_f4a1227e-e647-4d76-bca3-12e34de48c71,f4a1227e-e647-4d76-bca3-12e34de48c71,49.28117,-123.104419,1,FALSE,FALSE,26000,0098,1783242986,2026-07-05T09:16:55Z,2026-07-05T09:16:55Z,2026-07-05T09:16:25Z,2.2,https://gbfs.kappa.fifteen.eu/gbfs/2.2/mobi/en/gbfs.json,https://gbfs.kappa.fifteen.eu/gbfs/2.2/mobi/en/free_bike_status.json,2026-07-05T09:16:54Z,2026-07-05T09:16:54Z
mobi_vancouver,mobi_vancouver_2888bc39-e2b5-4c14-b0e9-71df5026f885,2888bc39-e2b5-4c14-b0e9-71df5026f885,49.258817,-123.092797,1,FALSE,FALSE,26000,0258,1783242986,2026-07-05T09:16:55Z,2026-07-05T09:16:55Z,2026-07-05T09:16:25Z,2.2,https://gbfs.kappa.fifteen.eu/gbfs/2.2/mobi/en/gbfs.json,https://gbfs.kappa.fifteen.eu/gbfs/2.2/mobi/en/free_bike_status.json,2026-07-05T09:16:54Z,2026-07-05T09:16:54Z
mobi_vancouver,mobi_vancouver_9bcd8fc5-b31d-4ab3-940d-f0cb6bcdfab2,9bcd8fc5-b31d-4ab3-940d-f0cb6bcdfab2,49.258817,-123.092797,2,FALSE,FALSE,26000,0258,1783242986,2026-07-05T09:16:55Z,2026-07-05T09:16:55Z,2026-07-05T09:16:25Z,2.2,https://gbfs.kappa.fifteen.eu/gbfs/2.2/mobi/en/gbfs.json,https://gbfs.kappa.fifteen.eu/gbfs/2.2/mobi/en/free_bike_status.json,2026-07-05T09:16:54Z,2026-07-05T09:16:54Z
mobi_vancouver,mobi_vancouver_7af1243e-67bf-420b-8065-530a8058cfff,7af1243e-67bf-420b-8065-530a8058cfff,49.273691,-123.102232,1,FALSE,FALSE,26000,0193,1783242986,2026-07-05T09:16:55Z,2026-07-05T09:16:55Z,2026-07-05T09:16:25Z,2.2,https://gbfs.kappa.fifteen.eu/gbfs/2.2/mobi/en/gbfs.json,https://gbfs.kappa.fifteen.eu/gbfs/2.2/mobi/en/free_bike_status.json,2026-07-05T09:16:54Z,2026-07-05T09:16:54Z
mobi_vancouver,mobi_vancouver_af1f6fd6-7cc4-4850-9102-d12bc3eb8582,af1f6fd6-7cc4-4850-9102-d12bc3eb8582,49.302577,-123.155616,1,FALSE,FALSE,26000,0103,1783242986,2026-07-05T09:16:55Z,2026-07-05T09:16:55Z,2026-07-05T09:16:25Z,2.2,https://gbfs.kappa.fifteen.eu/gbfs/2.2/mobi/en/gbfs.json,https://gbfs.kappa.fifteen.eu/gbfs/2.2/mobi/en/free_bike_status.json,2026-07-05T09:16:54Z,2026-07-05T09:16:54Z
mobi_vancouver,mobi_vancouver_e020d9a9-a8d7-47d8-bdad-2a7f23ac2277,e020d9a9-a8d7-47d8-bdad-2a7f23ac2277,49.27551,-123.13307,1,FALSE,FALSE,26000,0045,1783242986,2026-07-05T09:16:55Z,2026-07-05T09:16:55Z,2026-07-05T09:16:25Z,2.2,https://gbfs.kappa.fifteen.eu/gbfs/2.2/mobi/en/gbfs.json,https://gbfs.kappa.fifteen.eu/gbfs/2.2/mobi/en/free_bike_status.json,2026-07-05T09:16:54Z,2026-07-05T09:16:54Z
mobi_vancouver,mobi_vancouver_df9fdcdb-a9d7-4a0a-a6eb-2a024e928655,df9fdcdb-a9d7-4a0a-a6eb-2a024e928655,49.290587,-123.13625,1,FALSE,FALSE,26000,0122,1783242986,2026-07-05T09:16:55Z,2026-07-05T09:16:55Z,2026-07-05T09:16:25Z,2.2,https://gbfs.kappa.fifteen.eu/gbfs/2.2/mobi/en/gbfs.json,https://gbfs.kappa.fifteen.eu/gbfs/2.2/mobi/en/free_bike_status.json,2026-07-05T09:16:54Z,2026-07-05T09:16:54Z
mobi_vancouver,mobi_vancouver_225d9a77-0d6e-47ec-aea1-ed731942511a,225d9a77-0d6e-47ec-aea1-ed731942511a,49.28512,-123.11242,1,FALSE,FALSE,26000,0308,1783242986,2026-07-05T09:16:55Z,2026-07-05T09:16:55Z,2026-07-05T09:16:25Z,2.2,https://gbfs.kappa.fifteen.eu/gbfs/2.2/mobi/en/gbfs.json,https://gbfs.kappa.fifteen.eu/gbfs/2.2/mobi/en/free_bike_status.json,2026-07-05T09:16:54Z,2026-07-05T09:16:54Z
mobi_vancouver,mobi_vancouver_bfa70b7c-5c65-4e44-88c6-caf4404ee2c3,bfa70b7c-5c65-4e44-88c6-caf4404ee2c3,49.27247,-123.185643,1,FALSE,FALSE,26000,0410,1783242986,2026-07-05T09:16:55Z,2026-07-05T09:16:55Z,2026-07-05T09:16:25Z,2.2,https://gbfs.kappa.fifteen.eu/gbfs/2.2/mobi/en/gbfs.json,https://gbfs.kappa.fifteen.eu/gbfs/2.2/mobi/en/free_bike_status.json,2026-07-05T09:16:54Z,2026-07-05T09:16:54Z
mobi_vancouver,mobi_vancouver_888cc231-9d93-483e-933f-d69e6728f1f2,888cc231-9d93-483e-933f-d69e6728f1f2,49.254818,-123.114785,1,FALSE,FALSE,26000,0531,1783242986,2026-07-05T09:16:55Z,2026-07-05T09:16:55Z,2026-07-05T09:16:25Z,2.2,https://gbfs.kappa.fifteen.eu/gbfs/2.2/mobi/en/gbfs.json,https://gbfs.kappa.fifteen.eu/gbfs/2.2/mobi/en/free_bike_status.json,2026-07-05T09:16:54Z,2026-07-05T09:16:54Z
mobi_vancouver,mobi_vancouver_517b8114-9494-41cd-accc-9579a3c4eef3,517b8114-9494-41cd-accc-9579a3c4eef3,49.266924,-123.173849,1,FALSE,FALSE,26000,0443,1783242986,2026-07-05T09:16:55Z,2026-07-05T09:16:55Z,2026-07-05T09:16:25Z,2.2,https://gbfs.kappa.fifteen.eu/gbfs/2.2/mobi/en/gbfs.json,https://gbfs.kappa.fifteen.eu/gbfs/2.2/mobi/en/free_bike_status.json,2026-07-05T09:16:54Z,2026-07-05T09:16:54Z
mobi_vancouver,mobi_vancouver_14a5dc9f-c970-4d18-a162-b072d4c5f652,14a5dc9f-c970-4d18-a162-b072d4c5f652,49.291597,-123.129158,1,FALSE,FALSE,26000,0200,1783242986,2026-07-05T09:16:55Z,2026-07-05T09:16:55Z,2026-07-05T09:16:25Z,2.2,https://gbfs.kappa.fifteen.eu/gbfs/2.2/mobi/en/gbfs.json,https://gbfs.kappa.fifteen.eu/gbfs/2.2/mobi/en/free_bike_status.json,2026-07-05T09:16:54Z,2026-07-05T09:16:54Z
mobi_vancouver,mobi_vancouver_97700b12-3034-45a2-8daa-f976aec1df94,97700b12-3034-45a2-8daa-f976aec1df94,49.25094,-123.101306,1,FALSE,FALSE,26000,0563,1783242986,2026-07-05T09:16:55Z,2026-07-05T09:16:55Z,2026-07-05T09:16:25Z,2.2,https://gbfs.kappa.fifteen.eu/gbfs/2.2/mobi/en/gbfs.json,https://gbfs.kappa.fifteen.eu/gbfs/2.2/mobi/en/free_bike_status.json,2026-07-05T09:16:54Z,2026-07-05T09:16:54Z
mobi_vancouver,mobi_vancouver_1716f669-b2c9-45b9-8a81-fad1c36a52c9,1716f669-b2c9-45b9-8a81-fad1c36a52c9,49.283482,-123.103738,1,FALSE,FALSE,26000,0013,1783242986,2026-07-05T09:16:55Z,2026-07-05T09:16:55Z,2026-07-05T09:16:25Z,2.2,https://gbfs.kappa.fifteen.eu/gbfs/2.2/mobi/en/gbfs.json,https://gbfs.kappa.fifteen.eu/gbfs/2.2/mobi/en/free_bike_status.json,2026-07-05T09:16:54Z,2026-07-05T09:16:54Z
mobi_vancouver,mobi_vancouver_3ca3ade6-cab2-4702-94d2-535c846c102c,3ca3ade6-cab2-4702-94d2-535c846c102c,49.269172,-123.25279,1,FALSE,FALSE,26000,2131,1783242986,2026-07-05T09:16:55Z,2026-07-05T09:16:55Z,2026-07-05T09:16:25Z,2.2,https://gbfs.kappa.fifteen.eu/gbfs/2.2/mobi/en/gbfs.json,https://gbfs.kappa.fifteen.eu/gbfs/2.2/mobi/en/free_bike_status.json,2026-07-05T09:16:54Z,2026-07-05T09:16:54Z
mobi_vancouver,mobi_vancouver_1bf7ebd5-d2ed-4685-9c11-1cf9665de11f,1bf7ebd5-d2ed-4685-9c11-1cf9665de11f,49.269172,-123.25279,1,FALSE,FALSE,26000,2131,1783242986,2026-07-05T09:16:55Z,2026-07-05T09:16:55Z,2026-07-05T09:16:25Z,2.2,https://gbfs.kappa.fifteen.eu/gbfs/2.2/mobi/en/gbfs.json,https://gbfs.kappa.fifteen.eu/gbfs/2.2/mobi/en/free_bike_status.json,2026-07-05T09:16:54Z,2026-07-05T09:16:54Z
mobi_vancouver,mobi_vancouver_e00124d8-846c-4979-bbdd-7aee97ad4694,e00124d8-846c-4979-bbdd-7aee97ad4694,49.293264,-123.132861,1,FALSE,FALSE,26000,0181,1783242986,2026-07-05T09:16:55Z,2026-07-05T09:16:55Z,2026-07-05T09:16:25Z,2.2,https://gbfs.kappa.fifteen.eu/gbfs/2.2/mobi/en/gbfs.json,https://gbfs.kappa.fifteen.eu/gbfs/2.2/mobi/en/free_bike_status.json,2026-07-05T09:16:54Z,2026-07-05T09:16:54Z
mobi_vancouver,mobi_vancouver_47ced026-8b34-47d9-a312-4328e92b6fc9,47ced026-8b34-47d9-a312-4328e92b6fc9,49.27549,-123.12882,1,FALSE,FALSE,26000,0318,1783242986,2026-07-05T09:16:55Z,2026-07-05T09:16:55Z,2026-07-05T09:16:25Z,2.2,https://gbfs.kappa.fifteen.eu/gbfs/2.2/mobi/en/gbfs.json,https://gbfs.kappa.fifteen.eu/gbfs/2.2/mobi/en/free_bike_status.json,2026-07-05T09:16:54Z,2026-07-05T09:16:54Z
mobi_vancouver,mobi_vancouver_21434636-ff5f-4584-8019-dcb41c9e98cf,21434636-ff5f-4584-8019-dcb41c9e98cf,49.28602,-123.116624,1,FALSE,FALSE,26400,0024,1783242986,2026-07-05T09:16:55Z,2026-07-05T09:16:55Z,2026-07-05T09:16:25Z,2.2,https://gbfs.kappa.fifteen.eu/gbfs/2.2/mobi/en/gbfs.json,https://gbfs.kappa.fifteen.eu/gbfs/2.2/mobi/en/free_bike_status.json,2026-07-05T09:16:54Z,2026-07-05T09:16:54Z
mobi_vancouver,mobi_vancouver_e8999c1c-cf02-445e-98eb-9880ee0f6806,e8999c1c-cf02-445e-98eb-9880ee0f6806,49.28602,-123.116624,1,FALSE,FALSE,26400,0024,1783242986,2026-07-05T09:16:55Z,2026-07-05T09:16:55Z,2026-07-05T09:16:25Z,2.2,https://gbfs.kappa.fifteen.eu/gbfs/2.2/mobi/en/gbfs.json,https://gbfs.kappa.fifteen.eu/gbfs/2.2/mobi/en/free_bike_status.json,2026-07-05T09:16:54Z,2026-07-05T09:16:54Z
mobi_vancouver,mobi_vancouver_67abec60-efd9-47e3-a963-5fa3b5560ed7,67abec60-efd9-47e3-a963-5fa3b5560ed7,49.28725,-123.11298,1,FALSE,FALSE,26400,0014,1783242986,2026-07-05T09:16:55Z,2026-07-05T09:16:55Z,2026-07-05T09:16:25Z,2.2,https://gbfs.kappa.fifteen.eu/gbfs/2.2/mobi/en/gbfs.json,https://gbfs.kappa.fifteen.eu/gbfs/2.2/mobi/en/free_bike_status.json,2026-07-05T09:16:54Z,2026-07-05T09:16:54Z
mobi_vancouver,mobi_vancouver_c9735116-8ccf-43d4-a6d9-614ab815546d,c9735116-8ccf-43d4-a6d9-614ab815546d,49.28616,-123.12675,1,FALSE,FALSE,26400,0036,1783242986,2026-07-05T09:16:55Z,2026-07-05T09:16:55Z,2026-07-05T09:16:25Z,2.2,https://gbfs.kappa.fifteen.eu/gbfs/2.2/mobi/en/gbfs.json,https://gbfs.kappa.fifteen.eu/gbfs/2.2/mobi/en/free_bike_status.json,2026-07-05T09:16:54Z,2026-07-05T09:16:54Z
mobi_vancouver,mobi_vancouver_e5d396e1-1706-4bf9-b14a-883c98fbe28e,e5d396e1-1706-4bf9-b14a-883c98fbe28e,49.289255,-123.132677,1,FALSE,FALSE,26400,0041,1783242986,2026-07-05T09:16:55Z,2026-07-05T09:16:55Z,2026-07-05T09:16:25Z,2.2,https://gbfs.kappa.fifteen.eu/gbfs/2.2/mobi/en/gbfs.json,https://gbfs.kappa.fifteen.eu/gbfs/2.2/mobi/en/free_bike_status.json,2026-07-05T09:16:54Z,2026-07-05T09:16:54Z
mobi_vancouver,mobi_vancouver_a59a518d-bbae-4ef8-94c5-cf996a870a8b,a59a518d-bbae-4ef8-94c5-cf996a870a8b,49.28972,-123.144028,1,FALSE,FALSE,26400,0047,1783242986,2026-07-05T09:16:55Z,2026-07-05T09:16:55Z,2026-07-05T09:16:25Z,2.2,https://gbfs.kappa.fifteen.eu/gbfs/2.2/mobi/en/gbfs.json,https://gbfs.kappa.fifteen.eu/gbfs/2.2/mobi/en/free_bike_status.json,2026-07-05T09:16:54Z,2026-07-05T09:16:54Z
mobi_vancouver,mobi_vancouver_0f16b21b-79a8-4efb-957a-299a3d2ecd10,0f16b21b-79a8-4efb-957a-299a3d2ecd10,49.28972,-123.144028,1,FALSE,FALSE,26400,0047,1783242986,2026-07-05T09:16:55Z,2026-07-05T09:16:55Z,2026-07-05T09:16:25Z,2.2,https://gbfs.kappa.fifteen.eu/gbfs/2.2/mobi/en/gbfs.json,https://gbfs.kappa.fifteen.eu/gbfs/2.2/mobi/en/free_bike_status.json,2026-07-05T09:16:54Z,2026-07-05T09:16:54Z
mobi_vancouver,mobi_vancouver_2a03b1b4-45e5-44db-916f-36dab4276589,2a03b1b4-45e5-44db-916f-36dab4276589,49.265089,-123.119425,1,FALSE,FALSE,26400,0081,1783242986,2026-07-05T09:16:55Z,2026-07-05T09:16:55Z,2026-07-05T09:16:25Z,2.2,https://gbfs.kappa.fifteen.eu/gbfs/2.2/mobi/en/gbfs.json,https://gbfs.kappa.fifteen.eu/gbfs/2.2/mobi/en/free_bike_status.json,2026-07-05T09:16:54Z,2026-07-05T09:16:54Z
mobi_vancouver,mobi_vancouver_e5b54f7c-8020-4b25-b56d-cd5c6ab7cdcf,e5b54f7c-8020-4b25-b56d-cd5c6ab7cdcf,49.268269,-123.147885,1,FALSE,FALSE,26400,0076,1783242986,2026-07-05T09:16:55Z,2026-07-05T09:16:55Z,2026-07-05T09:16:25Z,2.2,https://gbfs.kappa.fifteen.eu/gbfs/2.2/mobi/en/gbfs.json,https://gbfs.kappa.fifteen.eu/gbfs/2.2/mobi/en/free_bike_status.json,2026-07-05T09:16:54Z,2026-07-05T09:16:54Z
mobi_vancouver,mobi_vancouver_810ce25b-58a8-4c5f-ba99-1e00499557d0,810ce25b-58a8-4c5f-ba99-1e00499557d0,49.266724,-123.104824,1,FALSE,FALSE,26400,0073,1783242986,2026-07-05T09:16:55Z,2026-07-05T09:16:55Z,2026-07-05T09:16:25Z,2.2,https://gbfs.kappa.fifteen.eu/gbfs/2.2/mobi/en/gbfs.json,https://gbfs.kappa.fifteen.eu/gbfs/2.2/mobi/en/free_bike_status.json,2026-07-05T09:16:54Z,2026-07-05T09:16:54Z
mobi_vancouver,mobi_vancouver_988aef09-aacf-4da1-8ac8-e01f658c8147,988aef09-aacf-4da1-8ac8-e01f658c8147,49.266724,-123.104824,1,FALSE,FALSE,26400,0073,1783242986,2026-07-05T09:16:55Z,2026-07-05T09:16:55Z,2026-07-05T09:16:25Z,2.2,https://gbfs.kappa.fifteen.eu/gbfs/2.2/mobi/en/gbfs.json,https://gbfs.kappa.fifteen.eu/gbfs/2.2/mobi/en/free_bike_status.json,2026-07-05T09:16:54Z,2026-07-05T09:16:54Z
mobi_vancouver,mobi_vancouver_5e75a871-df0b-4faa-8e00-f018072b41d6,5e75a871-df0b-4faa-8e00-f018072b41d6,49.291909,-123.140713,1,FALSE,FALSE,26400,0092,1783242986,2026-07-05T09:16:55Z,2026-07-05T09:16:55Z,2026-07-05T09:16:25Z,2.2,https://gbfs.kappa.fifteen.eu/gbfs/2.2/mobi/en/gbfs.json,https://gbfs.kappa.fifteen.eu/gbfs/2.2/mobi/en/free_bike_status.json,2026-07-05T09:16:54Z,2026-07-05T09:16:54Z
mobi_vancouver,mobi_vancouver_b50ba7e3-d652-41df-b90b-2b74c790f021,b50ba7e3-d652-41df-b90b-2b74c790f021,49.293257,-123.138563,1,FALSE,FALSE,26400,0093,1783242986,2026-07-05T09:16:55Z,2026-07-05T09:16:55Z,2026-07-05T09:16:25Z,2.2,https://gbfs.kappa.fifteen.eu/gbfs/2.2/mobi/en/gbfs.json,https://gbfs.kappa.fifteen.eu/gbfs/2.2/mobi/en/free_bike_status.json,2026-07-05T09:16:54Z,2026-07-05T09:16:54Z
mobi_vancouver,mobi_vancouver_a3a0bd05-427e-4327-bd52-d77b9438c95c,a3a0bd05-427e-4327-bd52-d77b9438c95c,49.2756,-123.102661,1,FALSE,FALSE,26400,0148,1783242986,2026-07-05T09:16:55Z,2026-07-05T09:16:55Z,2026-07-05T09:16:25Z,2.2,https://gbfs.kappa.fifteen.eu/gbfs/2.2/mobi/en/gbfs.json,https://gbfs.kappa.fifteen.eu/gbfs/2.2/mobi/en/free_bike_status.json,2026-07-05T09:16:54Z,2026-07-05T09:16:54Z
mobi_vancouver,mobi_vancouver_735857f4-c6af-4ebb-bf5b-0584379fa0bd,735857f4-c6af-4ebb-bf5b-0584379fa0bd,49.273568,-123.129935,1,FALSE,FALSE,26400,0137,1783242986,2026-07-05T09:16:55Z,2026-07-05T09:16:55Z,2026-07-05T09:16:25Z,2.2,https://gbfs.kappa.fifteen.eu/gbfs/2.2/mobi/en/gbfs.json,https://gbfs.kappa.fifteen.eu/gbfs/2.2/mobi/en/free_bike_status.json,2026-07-05T09:16:54Z,2026-07-05T09:16:54Z
mobi_vancouver,mobi_vancouver_dc2aca2d-0b56-48fa-9465-a100dcfc3e7d,dc2aca2d-0b56-48fa-9465-a100dcfc3e7d,49.27023,-123.10651,1,FALSE,FALSE,26400,0174,1783242986,2026-07-05T09:16:55Z,2026-07-05T09:16:55Z,2026-07-05T09:16:25Z,2.2,https://gbfs.kappa.fifteen.eu/gbfs/2.2/mobi/en/gbfs.json,https://gbfs.kappa.fifteen.eu/gbfs/2.2/mobi/en/free_bike_status.json,2026-07-05T09:16:54Z,2026-07-05T09:16:54Z
mobi_vancouver,mobi_vancouver_7a785ac8-9977-4e1f-bb8e-4e5158761e0e,7a785ac8-9977-4e1f-bb8e-4e5158761e0e,49.27023,-123.10651,1,FALSE,FALSE,26400,0174,1783242986,2026-07-05T09:16:55Z,2026-07-05T09:16:55Z,2026-07-05T09:16:25Z,2.2,https://gbfs.kappa.fifteen.eu/gbfs/2.2/mobi/en/gbfs.json,https://gbfs.kappa.fifteen.eu/gbfs/2.2/mobi/en/free_bike_status.json,2026-07-05T09:16:54Z,2026-07-05T09:16:54Z
mobi_vancouver,mobi_vancouver_72d3bbb4-5318-4936-af89-1f9b7c36955c,72d3bbb4-5318-4936-af89-1f9b7c36955c,49.276292,-123.150592,1,FALSE,FALSE,26400,0155,1783242986,2026-07-05T09:16:55Z,2026-07-05T09:16:55Z,2026-07-05T09:16:25Z,2.2,https://gbfs.kappa.fifteen.eu/gbfs/2.2/mobi/en/gbfs.json,https://gbfs.kappa.fifteen.eu/gbfs/2.2/mobi/en/free_bike_status.json,2026-07-05T09:16:54Z,2026-07-05T09:16:54Z
mobi_vancouver,mobi_vancouver_b6192af6-6d09-4c91-b1ca-2e6280c0cc9d,b6192af6-6d09-4c91-b1ca-2e6280c0cc9d,49.279342,-123.101822,1,FALSE,FALSE,26400,0055,1783242986,2026-07-05T09:16:55Z,2026-07-05T09:16:55Z,2026-07-05T09:16:25Z,2.2,https://gbfs.kappa.fifteen.eu/gbfs/2.2/mobi/en/gbfs.json,https://gbfs.kappa.fifteen.eu/gbfs/2.2/mobi/en/free_bike_status.json,2026-07-05T09:16:54Z,2026-07-05T09:16:54Z
mobi_vancouver,mobi_vancouver_5f1bbdad-117d-4fda-bfe2-07dd0aa5736c,5f1bbdad-117d-4fda-bfe2-07dd0aa5736c,49.277178,-123.13,1,FALSE,FALSE,26400,0196,1783242986,2026-07-05T09:16:55Z,2026-07-05T09:16:55Z,2026-07-05T09:16:25Z,2.2,https://gbfs.kappa.fifteen.eu/gbfs/2.2/mobi/en/gbfs.json,https://gbfs.kappa.fifteen.eu/gbfs/2.2/mobi/en/free_bike_status.json,2026-07-05T09:16:54Z,2026-07-05T09:16:54Z
mobi_vancouver,mobi_vancouver_6b80b0a9-3947-4f52-bb46-d326249daf4e,6b80b0a9-3947-4f52-bb46-d326249daf4e,49.262062,-123.104656,1,FALSE,FALSE,26400,0176,1783242986,2026-07-05T09:16:55Z,2026-07-05T09:16:55Z,2026-07-05T09:16:25Z,2.2,https://gbfs.kappa.fifteen.eu/gbfs/2.2/mobi/en/gbfs.json,https://gbfs.kappa.fifteen.eu/gbfs/2.2/mobi/en/free_bike_status.json,2026-07-05T09:16:54Z,2026-07-05T09:16:54Z
mobi_vancouver,mobi_vancouver_13100c06-66fd-4441-85af-6f757da428f5,13100c06-66fd-4441-85af-6f757da428f5,49.268503,-123.097501,1,FALSE,FALSE,26400,0197,1783242986,2026-07-05T09:16:55Z,2026-07-05T09:16:55Z,2026-07-05T09:16:25Z,2.2,https://gbfs.kappa.fifteen.eu/gbfs/2.2/mobi/en/gbfs.json,https://gbfs.kappa.fifteen.eu/gbfs/2.2/mobi/en/free_bike_status.json,2026-07-05T09:16:54Z,2026-07-05T09:16:54Z
mobi_vancouver,mobi_vancouver_523b4e96-369a-4b3c-a040-675b3f6cf6d4,523b4e96-369a-4b3c-a040-675b3f6cf6d4,49.29534,-123.150433,1,FALSE,FALSE,26400,0102,1783242986,2026-07-05T09:16:55Z,2026-07-05T09:16:55Z,2026-07-05T09:16:25Z,2.2,https://gbfs.kappa.fifteen.eu/gbfs/2.2/mobi/en/gbfs.json,https://gbfs.kappa.fifteen.eu/gbfs/2.2/mobi/en/free_bike_status.json,2026-07-05T09:16:54Z,2026-07-05T09:16:54Z
mobi_vancouver,mobi_vancouver_e743640e-7a2e-4fae-900c-43f1bf5b6222,e743640e-7a2e-4fae-900c-43f1bf5b6222,49.297933,-123.130758,1,FALSE,FALSE,26400,0209,1783242986,2026-07-05T09:16:55Z,2026-07-05T09:16:55Z,2026-07-05T09:16:25Z,2.2,https://gbfs.kappa.fifteen.eu/gbfs/2.2/mobi/en/gbfs.json,https://gbfs.kappa.fifteen.eu/gbfs/2.2/mobi/en/free_bike_status.json,2026-07-05T09:16:54Z,2026-07-05T09:16:54Z
mobi_vancouver,mobi_vancouver_6b804863-14a2-4f96-b3a2-d721153f9a11,6b804863-14a2-4f96-b3a2-d721153f9a11,49.283227,-123.120523,1,FALSE,FALSE,26400,0099,1783242986,2026-07-05T09:16:55Z,2026-07-05T09:16:55Z,2026-07-05T09:16:25Z,2.2,https://gbfs.kappa.fifteen.eu/gbfs/2.2/mobi/en/gbfs.json,https://gbfs.kappa.fifteen.eu/gbfs/2.2/mobi/en/free_bike_status.json,2026-07-05T09:16:54Z,2026-07-05T09:16:54Z
mobi_vancouver,mobi_vancouver_e8bd103e-03a5-464c-b609-bc6cf4cf2472,e8bd103e-03a5-464c-b609-bc6cf4cf2472,49.258761,-123.127071,2,FALSE,FALSE,26400,0202,1783242986,2026-07-05T09:16:55Z,2026-07-05T09:16:55Z,2026-07-05T09:16:25Z,2.2,https://gbfs.kappa.fifteen.eu/gbfs/2.2/mobi/en/gbfs.json,https://gbfs.kappa.fifteen.eu/gbfs/2.2/mobi/en/free_bike_status.json,2026-07-05T09:16:54Z,2026-07-05T09:16:54Z
mobi_vancouver,mobi_vancouver_9dcc0fba-7ef2-4c43-9755-267f5a8340a6,9dcc0fba-7ef2-4c43-9755-267f5a8340a6,49.265242,-123.095577,1,FALSE,FALSE,26400,0297,1783242986,2026-07-05T09:16:55Z,2026-07-05T09:16:55Z,2026-07-05T09:16:25Z,2.2,https://gbfs.kappa.fifteen.eu/gbfs/2.2/mobi/en/gbfs.json,https://gbfs.kappa.fifteen.eu/gbfs/2.2/mobi/en/free_bike_status.json,2026-07-05T09:16:54Z,2026-07-05T09:16:54Z
mobi_vancouver,mobi_vancouver_db31a5d4-b635-4618-af3b-7c1630aca225,db31a5d4-b635-4618-af3b-7c1630aca225,49.273691,-123.102232,1,FALSE,FALSE,26400,0193,1783242986,2026-07-05T09:16:55Z,2026-07-05T09:16:55Z,2026-07-05T09:16:25Z,2.2,https://gbfs.kappa.fifteen.eu/gbfs/2.2/mobi/en/gbfs.json,https://gbfs.kappa.fifteen.eu/gbfs/2.2/mobi/en/free_bike_status.json,2026-07-05T09:16:54Z,2026-07-05T09:16:54Z
mobi_vancouver,mobi_vancouver_84588ab0-31cf-40a3-9789-68bbbba884e7,84588ab0-31cf-40a3-9789-68bbbba884e7,49.302577,-123.155616,1,FALSE,FALSE,26400,0103,1783242986,2026-07-05T09:16:55Z,2026-07-05T09:16:55Z,2026-07-05T09:16:25Z,2.2,https://gbfs.kappa.fifteen.eu/gbfs/2.2/mobi/en/gbfs.json,https://gbfs.kappa.fifteen.eu/gbfs/2.2/mobi/en/free_bike_status.json,2026-07-05T09:16:54Z,2026-07-05T09:16:54Z
mobi_vancouver,mobi_vancouver_99676298-1f92-4917-8ca2-b8fde9363869,99676298-1f92-4917-8ca2-b8fde9363869,49.280787,-123.115271,1,FALSE,FALSE,26400,0305,1783242986,2026-07-05T09:16:55Z,2026-07-05T09:16:55Z,2026-07-05T09:16:25Z,2.2,https://gbfs.kappa.fifteen.eu/gbfs/2.2/mobi/en/gbfs.json,https://gbfs.kappa.fifteen.eu/gbfs/2.2/mobi/en/free_bike_status.json,2026-07-05T09:16:54Z,2026-07-05T09:16:54Z
mobi_vancouver,mobi_vancouver_7c1d98bd-495b-483c-824e-603236240751,7c1d98bd-495b-483c-824e-603236240751,49.267725,-123.11311,1,FALSE,FALSE,26400,0144,1783242986,2026-07-05T09:16:55Z,2026-07-05T09:16:55Z,2026-07-05T09:16:25Z,2.2,https://gbfs.kappa.fifteen.eu/gbfs/2.2/mobi/en/gbfs.json,https://gbfs.kappa.fifteen.eu/gbfs/2.2/mobi/en/free_bike_status.json,2026-07-05T09:16:54Z,2026-07-05T09:16:54Z
mobi_vancouver,mobi_vancouver_e563fa03-4fe2-4126-a1be-d20f030873cb,e563fa03-4fe2-4126-a1be-d20f030873cb,49.290587,-123.13625,1,FALSE,FALSE,26400,0122,1783242986,2026-07-05T09:16:55Z,2026-07-05T09:16:55Z,2026-07-05T09:16:25Z,2.2,https://gbfs.kappa.fifteen.eu/gbfs/2.2/mobi/en/gbfs.json,https://gbfs.kappa.fifteen.eu/gbfs/2.2/mobi/en/free_bike_status.json,2026-07-05T09:16:54Z,2026-07-05T09:16:54Z
mobi_vancouver,mobi_vancouver_a0fda480-b596-454a-b8d8-221047b77525,a0fda480-b596-454a-b8d8-221047b77525,49.271221,-123.191133,1,FALSE,FALSE,26400,0400,1783242986,2026-07-05T09:16:55Z,2026-07-05T09:16:55Z,2026-07-05T09:16:25Z,2.2,https://gbfs.kappa.fifteen.eu/gbfs/2.2/mobi/en/gbfs.json,https://gbfs.kappa.fifteen.eu/gbfs/2.2/mobi/en/free_bike_status.json,2026-07-05T09:16:54Z,2026-07-05T09:16:54Z
mobi_vancouver,mobi_vancouver_3bf02b6f-c9a7-46e3-9166-c16b62400279,3bf02b6f-c9a7-46e3-9166-c16b62400279,49.27247,-123.185643,1,FALSE,FALSE,26400,0410,1783242986,2026-07-05T09:16:55Z,2026-07-05T09:16:55Z,2026-07-05T09:16:25Z,2.2,https://gbfs.kappa.fifteen.eu/gbfs/2.2/mobi/en/gbfs.json,https://gbfs.kappa.fifteen.eu/gbfs/2.2/mobi/en/free_bike_status.json,2026-07-05T09:16:54Z,2026-07-05T09:16:54Z
mobi_vancouver,mobi_vancouver_7d91f2a7-0a2c-45d3-80e6-3bf3e836f79a,7d91f2a7-0a2c-45d3-80e6-3bf3e836f79a,49.25478,-123.23621,1,FALSE,FALSE,26400,2252,1783242986,2026-07-05T09:16:55Z,2026-07-05T09:16:55Z,2026-07-05T09:16:25Z,2.2,https://gbfs.kappa.fifteen.eu/gbfs/2.2/mobi/en/gbfs.json,https://gbfs.kappa.fifteen.eu/gbfs/2.2/mobi/en/free_bike_status.json,2026-07-05T09:16:54Z,2026-07-05T09:16:54Z
mobi_vancouver,mobi_vancouver_890250b8-1961-43a1-82b4-fd55d34d4008,890250b8-1961-43a1-82b4-fd55d34d4008,49.293264,-123.132861,1,FALSE,FALSE,26400,0181,1783242986,2026-07-05T09:16:55Z,2026-07-05T09:16:55Z,2026-07-05T09:16:25Z,2.2,https://gbfs.kappa.fifteen.eu/gbfs/2.2/mobi/en/gbfs.json,https://gbfs.kappa.fifteen.eu/gbfs/2.2/mobi/en/free_bike_status.json,2026-07-05T09:16:54Z,2026-07-05T09:16:54Z
mobi_vancouver,mobi_vancouver_12c99a2d-6b91-49cb-a05d-42e23d822dda,12c99a2d-6b91-49cb-a05d-42e23d822dda,49.293264,-123.132861,1,FALSE,FALSE,26400,0181,1783242986,2026-07-05T09:16:55Z,2026-07-05T09:16:55Z,2026-07-05T09:16:25Z,2.2,https://gbfs.kappa.fifteen.eu/gbfs/2.2/mobi/en/gbfs.json,https://gbfs.kappa.fifteen.eu/gbfs/2.2/mobi/en/free_bike_status.json,2026-07-05T09:16:54Z,2026-07-05T09:16:54Z
mobi_vancouver,mobi_vancouver_bf1ad229-e550-4fa0-aa47-6078f2dcd74a,bf1ad229-e550-4fa0-aa47-6078f2dcd74a,49.282055,-123.133045,1,FALSE,FALSE,26800,0187,1783242986,2026-07-05T09:16:55Z,2026-07-05T09:16:55Z,2026-07-05T09:16:25Z,2.2,https://gbfs.kappa.fifteen.eu/gbfs/2.2/mobi/en/gbfs.json,https://gbfs.kappa.fifteen.eu/gbfs/2.2/mobi/en/free_bike_status.json,2026-07-05T09:16:54Z,2026-07-05T09:16:54Z
mobi_vancouver,mobi_vancouver_7c0f237e-4c3e-42ea-9257-c40204196741,7c0f237e-4c3e-42ea-9257-c40204196741,49.28725,-123.11298,1,FALSE,FALSE,26800,0014,1783242986,2026-07-05T09:16:55Z,2026-07-05T09:16:55Z,2026-07-05T09:16:25Z,2.2,https://gbfs.kappa.fifteen.eu/gbfs/2.2/mobi/en/gbfs.json,https://gbfs.kappa.fifteen.eu/gbfs/2.2/mobi/en/free_bike_status.json,2026-07-05T09:16:54Z,2026-07-05T09:16:54Z
mobi_vancouver,mobi_vancouver_a5855c39-b723-4c94-bcfd-d1c9a91dfe9d,a5855c39-b723-4c94-bcfd-d1c9a91dfe9d,49.28725,-123.11298,1,FALSE,FALSE,26800,0014,1783242986,2026-07-05T09:16:55Z,2026-07-05T09:16:55Z,2026-07-05T09:16:25Z,2.2,https://gbfs.kappa.fifteen.eu/gbfs/2.2/mobi/en/gbfs.json,https://gbfs.kappa.fifteen.eu/gbfs/2.2/mobi/en/free_bike_status.json,2026-07-05T09:16:54Z,2026-07-05T09:16:54Z
mobi_vancouver,mobi_vancouver_b7250997-11da-4131-ae47-c2021bd20bdd,b7250997-11da-4131-ae47-c2021bd20bdd,49.28616,-123.12675,1,FALSE,FALSE,26800,0036,1783242986,2026-07-05T09:16:55Z,2026-07-05T09:16:55Z,2026-07-05T09:16:25Z,2.2,https://gbfs.kappa.fifteen.eu/gbfs/2.2/mobi/en/gbfs.json,https://gbfs.kappa.fifteen.eu/gbfs/2.2/mobi/en/free_bike_status.json,2026-07-05T09:16:54Z,2026-07-05T09:16:54Z
mobi_vancouver,mobi_vancouver_030a74bc-2bea-4d28-88f5-b5369c88026b,030a74bc-2bea-4d28-88f5-b5369c88026b,49.289255,-123.132677,1,FALSE,FALSE,26800,0041,1783242986,2026-07-05T09:16:55Z,2026-07-05T09:16:55Z,2026-07-05T09:16:25Z,2.2,https://gbfs.kappa.fifteen.eu/gbfs/2.2/mobi/en/gbfs.json,https://gbfs.kappa.fifteen.eu/gbfs/2.2/mobi/en/free_bike_status.json,2026-07-05T09:16:54Z,2026-07-05T09:16:54Z
mobi_vancouver,mobi_vancouver_950e99f9-8cc2-4229-bbf8-f60fcc168070,950e99f9-8cc2-4229-bbf8-f60fcc168070,49.27808,-123.130557,1,FALSE,FALSE,26800,0089,1783242986,2026-07-05T09:16:55Z,2026-07-05T09:16:55Z,2026-07-05T09:16:25Z,2.2,https://gbfs.kappa.fifteen.eu/gbfs/2.2/mobi/en/gbfs.json,https://gbfs.kappa.fifteen.eu/gbfs/2.2/mobi/en/free_bike_status.json,2026-07-05T09:16:54Z,2026-07-05T09:16:54Z
mobi_vancouver,mobi_vancouver_52e5f0b5-8ef6-4f17-9bd7-f3c5c881b609,52e5f0b5-8ef6-4f17-9bd7-f3c5c881b609,49.291909,-123.140713,1,FALSE,FALSE,26800,0092,1783242986,2026-07-05T09:16:55Z,2026-07-05T09:16:55Z,2026-07-05T09:16:25Z,2.2,https://gbfs.kappa.fifteen.eu/gbfs/2.2/mobi/en/gbfs.json,https://gbfs.kappa.fifteen.eu/gbfs/2.2/mobi/en/free_bike_status.json,2026-07-05T09:16:54Z,2026-07-05T09:16:54Z
mobi_vancouver,mobi_vancouver_f3c6d7f3-4cf9-475a-97d5-c36cc0abbee5,f3c6d7f3-4cf9-475a-97d5-c36cc0abbee5,49.293257,-123.138563,1,FALSE,FALSE,26800,0093,1783242986,2026-07-05T09:16:55Z,2026-07-05T09:16:55Z,2026-07-05T09:16:25Z,2.2,https://gbfs.kappa.fifteen.eu/gbfs/2.2/mobi/en/gbfs.json,https://gbfs.kappa.fifteen.eu/gbfs/2.2/mobi/en/free_bike_status.json,2026-07-05T09:16:54Z,2026-07-05T09:16:54Z
mobi_vancouver,mobi_vancouver_9de3d60e-19a8-4644-a51c-7e8177270ca4,9de3d60e-19a8-4644-a51c-7e8177270ca4,49.273568,-123.129935,1,FALSE,FALSE,26800,0137,1783242986,2026-07-05T09:16:55Z,2026-07-05T09:16:55Z,2026-07-05T09:16:25Z,2.2,https://gbfs.kappa.fifteen.eu/gbfs/2.2/mobi/en/gbfs.json,https://gbfs.kappa.fifteen.eu/gbfs/2.2/mobi/en/free_bike_status.json,2026-07-05T09:16:54Z,2026-07-05T09:16:54Z
mobi_vancouver,mobi_vancouver_e9d5faa0-0415-47bb-b32c-198483c57d0e,e9d5faa0-0415-47bb-b32c-198483c57d0e,49.273663,-123.127075,1,FALSE,FALSE,26800,0044,1783242986,2026-07-05T09:16:55Z,2026-07-05T09:16:55Z,2026-07-05T09:16:25Z,2.2,https://gbfs.kappa.fifteen.eu/gbfs/2.2/mobi/en/gbfs.json,https://gbfs.kappa.fifteen.eu/gbfs/2.2/mobi/en/free_bike_status.json,2026-07-05T09:16:54Z,2026-07-05T09:16:54Z
mobi_vancouver,mobi_vancouver_717de2f8-84b6-435e-b510-2752225b16fa,717de2f8-84b6-435e-b510-2752225b16fa,49.273471,-123.118016,1,FALSE,FALSE,26800,0017,1783242986,2026-07-05T09:16:55Z,2026-07-05T09:16:55Z,2026-07-05T09:16:25Z,2.2,https://gbfs.kappa.fifteen.eu/gbfs/2.2/mobi/en/gbfs.json,https://gbfs.kappa.fifteen.eu/gbfs/2.2/mobi/en/free_bike_status.json,2026-07-05T09:16:54Z,2026-07-05T09:16:54Z
mobi_vancouver,mobi_vancouver_20146ac0-bdd5-4f60-b452-c290578ca6dc,20146ac0-bdd5-4f60-b452-c290578ca6dc,49.27023,-123.10651,1,FALSE,FALSE,26800,0174,1783242986,2026-07-05T09:16:55Z,2026-07-05T09:16:55Z,2026-07-05T09:16:25Z,2.2,https://gbfs.kappa.fifteen.eu/gbfs/2.2/mobi/en/gbfs.json,https://gbfs.kappa.fifteen.eu/gbfs/2.2/mobi/en/free_bike_status.json,2026-07-05T09:16:54Z,2026-07-05T09:16:54Z
mobi_vancouver,mobi_vancouver_21115885-7cb2-4e57-b943-2f70a09a01bc,21115885-7cb2-4e57-b943-2f70a09a01bc,49.274566,-123.121817,1,FALSE,FALSE,26800,0004,1783242986,2026-07-05T09:16:55Z,2026-07-05T09:16:55Z,2026-07-05T09:16:25Z,2.2,https://gbfs.kappa.fifteen.eu/gbfs/2.2/mobi/en/gbfs.json,https://gbfs.kappa.fifteen.eu/gbfs/2.2/mobi/en/free_bike_status.json,2026-07-05T09:16:54Z,2026-07-05T09:16:54Z
mobi_vancouver,mobi_vancouver_1ad0d2f7-e820-4f65-bb8b-f791fde101bf,1ad0d2f7-e820-4f65-bb8b-f791fde101bf,49.274566,-123.121817,1,FALSE,FALSE,26800,0004,1783242986,2026-07-05T09:16:55Z,2026-07-05T09:16:55Z,2026-07-05T09:16:25Z,2.2,https://gbfs.kappa.fifteen.eu/gbfs/2.2/mobi/en/gbfs.json,https://gbfs.kappa.fifteen.eu/gbfs/2.2/mobi/en/free_bike_status.json,2026-07-05T09:16:54Z,2026-07-05T09:16:54Z
mobi_vancouver,mobi_vancouver_00860482-2597-4e68-a8b3-ed2520ad69ad,00860482-2597-4e68-a8b3-ed2520ad69ad,49.274566,-123.121817,1,FALSE,FALSE,26800,0004,1783242986,2026-07-05T09:16:55Z,2026-07-05T09:16:55Z,2026-07-05T09:16:25Z,2.2,https://gbfs.kappa.fifteen.eu/gbfs/2.2/mobi/en/gbfs.json,https://gbfs.kappa.fifteen.eu/gbfs/2.2/mobi/en/free_bike_status.json,2026-07-05T09:16:54Z,2026-07-05T09:16:54Z
mobi_vancouver,mobi_vancouver_989043dd-44a7-40f6-9019-e0297db68636,989043dd-44a7-40f6-9019-e0297db68636,49.282758,-123.122092,2,FALSE,FALSE,26800,0084,1783242986,2026-07-05T09:16:55Z,2026-07-05T09:16:55Z,2026-07-05T09:16:25Z,2.2,https://gbfs.kappa.fifteen.eu/gbfs/2.2/mobi/en/gbfs.json,https://gbfs.kappa.fifteen.eu/gbfs/2.2/mobi/en/free_bike_status.json,2026-07-05T09:16:54Z,2026-07-05T09:16:54Z
mobi_vancouver,mobi_vancouver_3101dc11-ae00-4f4f-a73a-271c73e16dea,3101dc11-ae00-4f4f-a73a-271c73e16dea,49.29534,-123.150433,1,FALSE,FALSE,26800,0102,1783242986,2026-07-05T09:16:55Z,2026-07-05T09:16:55Z,2026-07-05T09:16:25Z,2.2,https://gbfs.kappa.fifteen.eu/gbfs/2.2/mobi/en/gbfs.json,https://gbfs.kappa.fifteen.eu/gbfs/2.2/mobi/en/free_bike_status.json,2026-07-05T09:16:54Z,2026-07-05T09:16:54Z
mobi_vancouver,mobi_vancouver_cd1cae48-ffd9-414f-824c-44e376c43a1d,cd1cae48-ffd9-414f-824c-44e376c43a1d,49.283749,-123.136133,1,FALSE,FALSE,26800,0087,1783242986,2026-07-05T09:16:55Z,2026-07-05T09:16:55Z,2026-07-05T09:16:25Z,2.2,https://gbfs.kappa.fifteen.eu/gbfs/2.2/mobi/en/gbfs.json,https://gbfs.kappa.fifteen.eu/gbfs/2.2/mobi/en/free_bike_status.json,2026-07-05T09:16:54Z,2026-07-05T09:16:54Z
mobi_vancouver,mobi_vancouver_d4b499a0-d8bb-4811-96b2-e2a57809c446,d4b499a0-d8bb-4811-96b2-e2a57809c446,49.278529,-123.100017,1,FALSE,FALSE,26800,0199,1783242986,2026-07-05T09:16:55Z,2026-07-05T09:16:55Z,2026-07-05T09:16:25Z,2.2,https://gbfs.kappa.fifteen.eu/gbfs/2.2/mobi/en/gbfs.json,https://gbfs.kappa.fifteen.eu/gbfs/2.2/mobi/en/free_bike_status.json,2026-07-05T09:16:54Z,2026-07-05T09:16:54Z
mobi_vancouver,mobi_vancouver_0d2ec9d1-2869-4c52-9a23-2537e0856a3a,0d2ec9d1-2869-4c52-9a23-2537e0856a3a,49.267628,-123.127698,1,FALSE,FALSE,26800,0143,1783242986,2026-07-05T09:16:55Z,2026-07-05T09:16:55Z,2026-07-05T09:16:25Z,2.2,https://gbfs.kappa.fifteen.eu/gbfs/2.2/mobi/en/gbfs.json,https://gbfs.kappa.fifteen.eu/gbfs/2.2/mobi/en/free_bike_status.json,2026-07-05T09:16:54Z,2026-07-05T09:16:54Z
mobi_vancouver,mobi_vancouver_39048f8a-b18a-4275-ac4e-d286a8f07666,39048f8a-b18a-4275-ac4e-d286a8f07666,0,0,2,FALSE,FALSE,26800,0248,1783242986,2026-07-05T09:16:55Z,2026-07-05T09:16:55Z,2026-07-05T09:16:25Z,2.2,https://gbfs.kappa.fifteen.eu/gbfs/2.2/mobi/en/gbfs.json,https://gbfs.kappa.fifteen.eu/gbfs/2.2/mobi/en/free_bike_status.json,2026-07-05T09:16:54Z,2026-07-05T09:16:54Z
mobi_vancouver,mobi_vancouver_52d29301-6cbd-45e1-bf89-c0953ee51e65,52d29301-6cbd-45e1-bf89-c0953ee51e65,49.27033,-123.10275,1,FALSE,FALSE,26800,0177,1783242986,2026-07-05T09:16:55Z,2026-07-05T09:16:55Z,2026-07-05T09:16:25Z,2.2,https://gbfs.kappa.fifteen.eu/gbfs/2.2/mobi/en/gbfs.json,https://gbfs.kappa.fifteen.eu/gbfs/2.2/mobi/en/free_bike_status.json,2026-07-05T09:16:54Z,2026-07-05T09:16:54Z
mobi_vancouver,mobi_vancouver_ef82460b-4d2c-4921-8661-5aba825f76da,ef82460b-4d2c-4921-8661-5aba825f76da,49.277333,-123.087359,1,FALSE,FALSE,26800,0219,1783242986,2026-07-05T09:16:55Z,2026-07-05T09:16:55Z,2026-07-05T09:16:25Z,2.2,https://gbfs.kappa.fifteen.eu/gbfs/2.2/mobi/en/gbfs.json,https://gbfs.kappa.fifteen.eu/gbfs/2.2/mobi/en/free_bike_status.json,2026-07-05T09:16:54Z,2026-07-05T09:16:54Z
mobi_vancouver,mobi_vancouver_9bd8d3c7-acc0-466a-91ff-0eefa721008b,9bd8d3c7-acc0-466a-91ff-0eefa721008b,49.283298,-123.142288,1,FALSE,FALSE,26800,0142,1783242986,2026-07-05T09:16:55Z,2026-07-05T09:16:55Z,2026-07-05T09:16:25Z,2.2,https://gbfs.kappa.fifteen.eu/gbfs/2.2/mobi/en/gbfs.json,https://gbfs.kappa.fifteen.eu/gbfs/2.2/mobi/en/free_bike_status.json,2026-07-05T09:16:54Z,2026-07-05T09:16:54Z
mobi_vancouver,mobi_vancouver_b25544cc-fb92-4d86-9268-3ac5ed0a694b,b25544cc-fb92-4d86-9268-3ac5ed0a694b,49.290587,-123.13625,1,FALSE,FALSE,26800,0122,1783242986,2026-07-05T09:16:55Z,2026-07-05T09:16:55Z,2026-07-05T09:16:25Z,2.2,https://gbfs.kappa.fifteen.eu/gbfs/2.2/mobi/en/gbfs.json,https://gbfs.kappa.fifteen.eu/gbfs/2.2/mobi/en/free_bike_status.json,2026-07-05T09:16:54Z,2026-07-05T09:16:54Z
mobi_vancouver,mobi_vancouver_0ba6328f-06dc-4351-ac9f-bca89e0e8e99,0ba6328f-06dc-4351-ac9f-bca89e0e8e99,49.264928,-123.168068,1,FALSE,FALSE,26800,0452,1783242986,2026-07-05T09:16:55Z,2026-07-05T09:16:55Z,2026-07-05T09:16:25Z,2.2,https://gbfs.kappa.fifteen.eu/gbfs/2.2/mobi/en/gbfs.json,https://gbfs.kappa.fifteen.eu/gbfs/2.2/mobi/en/free_bike_status.json,2026-07-05T09:16:54Z,2026-07-05T09:16:54Z
mobi_vancouver,mobi_vancouver_30eca48a-9bd4-4e04-80a5-a477fb5748ff,30eca48a-9bd4-4e04-80a5-a477fb5748ff,49.25919,-123.148268,1,FALSE,FALSE,27200,0114,1783242986,2026-07-05T09:16:55Z,2026-07-05T09:16:55Z,2026-07-05T09:16:25Z,2.2,https://gbfs.kappa.fifteen.eu/gbfs/2.2/mobi/en/gbfs.json,https://gbfs.kappa.fifteen.eu/gbfs/2.2/mobi/en/free_bike_status.json,2026-07-05T09:16:54Z,2026-07-05T09:16:54Z
mobi_vancouver,mobi_vancouver_b59f562d-61c3-490c-b792-554706079d0e,b59f562d-61c3-490c-b792-554706079d0e,49.25919,-123.148268,1,FALSE,FALSE,27200,0114,1783242986,2026-07-05T09:16:55Z,2026-07-05T09:16:55Z,2026-07-05T09:16:25Z,2.2,https://gbfs.kappa.fifteen.eu/gbfs/2.2/mobi/en/gbfs.json,https://gbfs.kappa.fifteen.eu/gbfs/2.2/mobi/en/free_bike_status.json,2026-07-05T09:16:54Z,2026-07-05T09:16:54Z
mobi_vancouver,mobi_vancouver_a1eae548-63e4-4e42-9fa6-2a68f3e27a66,a1eae548-63e4-4e42-9fa6-2a68f3e27a66,49.28026,-123.135244,2,FALSE,FALSE,27200,0088,1783242986,2026-07-05T09:16:55Z,2026-07-05T09:16:55Z,2026-07-05T09:16:25Z,2.2,https://gbfs.kappa.fifteen.eu/gbfs/2.2/mobi/en/gbfs.json,https://gbfs.kappa.fifteen.eu/gbfs/2.2/mobi/en/free_bike_status.json,2026-07-05T09:16:54Z,2026-07-05T09:16:54Z
mobi_vancouver,mobi_vancouver_1add06d0-d59a-428e-9202-a587180b45b6,1add06d0-d59a-428e-9202-a587180b45b6,49.293257,-123.138563,1,FALSE,FALSE,27200,0093,1783242986,2026-07-05T09:16:55Z,2026-07-05T09:16:55Z,2026-07-05T09:16:25Z,2.2,https://gbfs.kappa.fifteen.eu/gbfs/2.2/mobi/en/gbfs.json,https://gbfs.kappa.fifteen.eu/gbfs/2.2/mobi/en/free_bike_status.json,2026-07-05T09:16:54Z,2026-07-05T09:16:54Z
mobi_vancouver,mobi_vancouver_94f5e299-22b3-485e-89bb-5bf59ac796a6,94f5e299-22b3-485e-89bb-5bf59ac796a6,49.2756,-123.102661,1,FALSE,FALSE,27200,0148,1783242986,2026-07-05T09:16:55Z,2026-07-05T09:16:55Z,2026-07-05T09:16:25Z,2.2,https://gbfs.kappa.fifteen.eu/gbfs/2.2/mobi/en/gbfs.json,https://gbfs.kappa.fifteen.eu/gbfs/2.2/mobi/en/free_bike_status.json,2026-07-05T09:16:54Z,2026-07-05T09:16:54Z
mobi_vancouver,mobi_vancouver_39076970-43ee-4cdd-b653-93d284b51500,39076970-43ee-4cdd-b653-93d284b51500,49.27821,-123.136972,1,FALSE,FALSE,27200,0083,1783242986,2026-07-05T09:16:55Z,2026-07-05T09:16:55Z,2026-07-05T09:16:25Z,2.2,https://gbfs.kappa.fifteen.eu/gbfs/2.2/mobi/en/gbfs.json,https://gbfs.kappa.fifteen.eu/gbfs/2.2/mobi/en/free_bike_status.json,2026-07-05T09:16:54Z,2026-07-05T09:16:54Z
mobi_vancouver,mobi_vancouver_135e94cb-4b33-4710-b242-ef20058ccd26,135e94cb-4b33-4710-b242-ef20058ccd26,49.261353,-123.085333,1,FALSE,FALSE,27200,0265,1783242986,2026-07-05T09:16:55Z,2026-07-05T09:16:55Z,2026-07-05T09:16:25Z,2.2,https://gbfs.kappa.fifteen.eu/gbfs/2.2/mobi/en/gbfs.json,https://gbfs.kappa.fifteen.eu/gbfs/2.2/mobi/en/free_bike_status.json,2026-07-05T09:16:54Z,2026-07-05T09:16:54Z
mobi_vancouver,mobi_vancouver_c41eaafb-1c71-4059-94b7-cf06edcfa803,c41eaafb-1c71-4059-94b7-cf06edcfa803,49.284062,-123.095097,2,FALSE,FALSE,27200,0161,1783242986,2026-07-05T09:16:55Z,2026-07-05T09:16:55Z,2026-07-05T09:16:25Z,2.2,https://gbfs.kappa.fifteen.eu/gbfs/2.2/mobi/en/gbfs.json,https://gbfs.kappa.fifteen.eu/gbfs/2.2/mobi/en/free_bike_status.json,2026-07-05T09:16:54Z,2026-07-05T09:16:54Z
mobi_vancouver,mobi_vancouver_301726ba-68c2-478b-b8b3-1af144c99e04,301726ba-68c2-478b-b8b3-1af144c99e04,49.263382,-123.088837,2,FALSE,FALSE,27200,0261,1783242986,2026-07-05T09:16:55Z,2026-07-05T09:16:55Z,2026-07-05T09:16:25Z,2.2,https://gbfs.kappa.fifteen.eu/gbfs/2.2/mobi/en/gbfs.json,https://gbfs.kappa.fifteen.eu/gbfs/2.2/mobi/en/free_bike_status.json,2026-07-05T09:16:54Z,2026-07-05T09:16:54Z
mobi_vancouver,mobi_vancouver_92a18927-1ab5-4bc7-9b48-c2b52be54552,92a18927-1ab5-4bc7-9b48-c2b52be54552,49.289071,-123.138407,2,FALSE,FALSE,27200,0313,1783242986,2026-07-05T09:16:55Z,2026-07-05T09:16:55Z,2026-07-05T09:16:25Z,2.2,https://gbfs.kappa.fifteen.eu/gbfs/2.2/mobi/en/gbfs.json,https://gbfs.kappa.fifteen.eu/gbfs/2.2/mobi/en/free_bike_status.json,2026-07-05T09:16:54Z,2026-07-05T09:16:54Z
mobi_vancouver,mobi_vancouver_d394e515-c7e1-46b1-a1d7-f4118fac701d,d394e515-c7e1-46b1-a1d7-f4118fac701d,49.269172,-123.25279,2,FALSE,FALSE,27200,2131,1783242986,2026-07-05T09:16:55Z,2026-07-05T09:16:55Z,2026-07-05T09:16:25Z,2.2,https://gbfs.kappa.fifteen.eu/gbfs/2.2/mobi/en/gbfs.json,https://gbfs.kappa.fifteen.eu/gbfs/2.2/mobi/en/free_bike_status.json,2026-07-05T09:16:54Z,2026-07-05T09:16:54Z
mobi_vancouver,mobi_vancouver_0a863a33-bbce-40c1-a894-5fe599c2a7d2,0a863a33-bbce-40c1-a894-5fe599c2a7d2,49.2661,-123.24568,1,FALSE,FALSE,27200,2154,1783242986,2026-07-05T09:16:55Z,2026-07-05T09:16:55Z,2026-07-05T09:16:25Z,2.2,https://gbfs.kappa.fifteen.eu/gbfs/2.2/mobi/en/gbfs.json,https://gbfs.kappa.fifteen.eu/gbfs/2.2/mobi/en/free_bike_status.json,2026-07-05T09:16:54Z,2026-07-05T09:16:54Z
mobi_vancouver,mobi_vancouver_8ec7db68-9e5e-469d-a36e-43db2eb5949c,8ec7db68-9e5e-469d-a36e-43db2eb5949c,49.285512,-123.1384,2,FALSE,FALSE,27600,0040,1783242986,2026-07-05T09:16:55Z,2026-07-05T09:16:55Z,2026-07-05T09:16:25Z,2.2,https://gbfs.kappa.fifteen.eu/gbfs/2.2/mobi/en/gbfs.json,https://gbfs.kappa.fifteen.eu/gbfs/2.2/mobi/en/free_bike_status.json,2026-07-05T09:16:54Z,2026-07-05T09:16:54Z
mobi_vancouver,mobi_vancouver_e8484975-4c7c-4059-a437-b087dbb3031c,e8484975-4c7c-4059-a437-b087dbb3031c,49.289255,-123.132677,2,FALSE,FALSE,27600,0041,1783242986,2026-07-05T09:16:55Z,2026-07-05T09:16:55Z,2026-07-05T09:16:25Z,2.2,https://gbfs.kappa.fifteen.eu/gbfs/2.2/mobi/en/gbfs.json,https://gbfs.kappa.fifteen.eu/gbfs/2.2/mobi/en/free_bike_status.json,2026-07-05T09:16:54Z,2026-07-05T09:16:54Z
mobi_vancouver,mobi_vancouver_125a88ea-d2d6-46aa-9067-adc28ff50086,125a88ea-d2d6-46aa-9067-adc28ff50086,49.275683,-123.124388,1,FALSE,FALSE,27600,0082,1783242986,2026-07-05T09:16:55Z,2026-07-05T09:16:55Z,2026-07-05T09:16:25Z,2.2,https://gbfs.kappa.fifteen.eu/gbfs/2.2/mobi/en/gbfs.json,https://gbfs.kappa.fifteen.eu/gbfs/2.2/mobi/en/free_bike_status.json,2026-07-05T09:16:54Z,2026-07-05T09:16:54Z
mobi_vancouver,mobi_vancouver_c50906e2-caca-40e9-9a07-89054826aee4,c50906e2-caca-40e9-9a07-89054826aee4,49.275683,-123.124388,1,FALSE,FALSE,27600,0082,1783242986,2026-07-05T09:16:55Z,2026-07-05T09:16:55Z,2026-07-05T09:16:25Z,2.2,https://gbfs.kappa.fifteen.eu/gbfs/2.2/mobi/en/gbfs.json,https://gbfs.kappa.fifteen.eu/gbfs/2.2/mobi/en/free_bike_status.json,2026-07-05T09:16:54Z,2026-07-05T09:16:54Z
mobi_vancouver,mobi_vancouver_1b906b6b-f2ed-4c82-9898-fba8d4fc97f3,1b906b6b-f2ed-4c82-9898-fba8d4fc97f3,49.28526,-123.141809,1,FALSE,FALSE,27600,0060,1783242986,2026-07-05T09:16:55Z,2026-07-05T09:16:55Z,2026-07-05T09:16:25Z,2.2,https://gbfs.kappa.fifteen.eu/gbfs/2.2/mobi/en/gbfs.json,https://gbfs.kappa.fifteen.eu/gbfs/2.2/mobi/en/free_bike_status.json,2026-07-05T09:16:54Z,2026-07-05T09:16:54Z
mobi_vancouver,mobi_vancouver_165b7212-8848-4867-9efe-5bccf3c30c6a,165b7212-8848-4867-9efe-5bccf3c30c6a,49.279342,-123.101822,1,FALSE,FALSE,27600,0055,1783242986,2026-07-05T09:16:55Z,2026-07-05T09:16:55Z,2026-07-05T09:16:25Z,2.2,https://gbfs.kappa.fifteen.eu/gbfs/2.2/mobi/en/gbfs.json,https://gbfs.kappa.fifteen.eu/gbfs/2.2/mobi/en/free_bike_status.json,2026-07-05T09:16:54Z,2026-07-05T09:16:54Z
mobi_vancouver,mobi_vancouver_bb54b711-e9db-4a78-a1ca-7e9235f0c7f9,bb54b711-e9db-4a78-a1ca-7e9235f0c7f9,49.290112,-123.127062,1,FALSE,FALSE,27600,0035,1783242986,2026-07-05T09:16:55Z,2026-07-05T09:16:55Z,2026-07-05T09:16:25Z,2.2,https://gbfs.kappa.fifteen.eu/gbfs/2.2/mobi/en/gbfs.json,https://gbfs.kappa.fifteen.eu/gbfs/2.2/mobi/en/free_bike_status.json,2026-07-05T09:16:54Z,2026-07-05T09:16:54Z
mobi_vancouver,mobi_vancouver_0517bde0-be25-4ba7-83aa-e12ef938e0a0,0517bde0-be25-4ba7-83aa-e12ef938e0a0,49.294318,-123.148808,1,FALSE,FALSE,27600,0104,1783242986,2026-07-05T09:16:55Z,2026-07-05T09:16:55Z,2026-07-05T09:16:25Z,2.2,https://gbfs.kappa.fifteen.eu/gbfs/2.2/mobi/en/gbfs.json,https://gbfs.kappa.fifteen.eu/gbfs/2.2/mobi/en/free_bike_status.json,2026-07-05T09:16:54Z,2026-07-05T09:16:54Z
mobi_vancouver,mobi_vancouver_e643ad34-98d7-4bbe-bd21-603b639b6df6,e643ad34-98d7-4bbe-bd21-603b639b6df6,49.297933,-123.130758,1,FALSE,FALSE,27600,0209,1783242986,2026-07-05T09:16:55Z,2026-07-05T09:16:55Z,2026-07-05T09:16:25Z,2.2,https://gbfs.kappa.fifteen.eu/gbfs/2.2/mobi/en/gbfs.json,https://gbfs.kappa.fifteen.eu/gbfs/2.2/mobi/en/free_bike_status.json,2026-07-05T09:16:54Z,2026-07-05T09:16:54Z
mobi_vancouver,mobi_vancouver_d5129fc9-3a94-46fb-a2c2-c0124d4db3a4,d5129fc9-3a94-46fb-a2c2-c0124d4db3a4,49.267859,-123.145782,1,FALSE,FALSE,27600,0139,1783242986,2026-07-05T09:16:55Z,2026-07-05T09:16:55Z,2026-07-05T09:16:25Z,2.2,https://gbfs.kappa.fifteen.eu/gbfs/2.2/mobi/en/gbfs.json,https://gbfs.kappa.fifteen.eu/gbfs/2.2/mobi/en/free_bike_status.json,2026-07-05T09:16:54Z,2026-07-05T09:16:54Z
mobi_vancouver,mobi_vancouver_a0a9dca3-5005-4c3d-984b-4c683ec21792,a0a9dca3-5005-4c3d-984b-4c683ec21792,49.273691,-123.102232,1,FALSE,FALSE,27600,0193,1783242986,2026-07-05T09:16:55Z,2026-07-05T09:16:55Z,2026-07-05T09:16:25Z,2.2,https://gbfs.kappa.fifteen.eu/gbfs/2.2/mobi/en/gbfs.json,https://gbfs.kappa.fifteen.eu/gbfs/2.2/mobi/en/free_bike_status.json,2026-07-05T09:16:54Z,2026-07-05T09:16:54Z
mobi_vancouver,mobi_vancouver_d160e6d0-b760-4fd3-9ba5-10c9c1624300,d160e6d0-b760-4fd3-9ba5-10c9c1624300,49.302577,-123.155616,1,FALSE,FALSE,27600,0103,1783242986,2026-07-05T09:16:55Z,2026-07-05T09:16:55Z,2026-07-05T09:16:25Z,2.2,https://gbfs.kappa.fifteen.eu/gbfs/2.2/mobi/en/gbfs.json,https://gbfs.kappa.fifteen.eu/gbfs/2.2/mobi/en/free_bike_status.json,2026-07-05T09:16:54Z,2026-07-05T09:16:54Z
mobi_vancouver,mobi_vancouver_e878c816-fc3b-4aaa-bdf7-079609b17307,e878c816-fc3b-4aaa-bdf7-079609b17307,49.280787,-123.115271,1,FALSE,FALSE,27600,0305,1783242986,2026-07-05T09:16:55Z,2026-07-05T09:16:55Z,2026-07-05T09:16:25Z,2.2,https://gbfs.kappa.fifteen.eu/gbfs/2.2/mobi/en/gbfs.json,https://gbfs.kappa.fifteen.eu/gbfs/2.2/mobi/en/free_bike_status.json,2026-07-05T09:16:54Z,2026-07-05T09:16:54Z
mobi_vancouver,mobi_vancouver_16fedb3a-7f88-42c6-b18f-6c14a8874786,16fedb3a-7f88-42c6-b18f-6c14a8874786,49.285871,-123.12105,2,FALSE,FALSE,28000,0002,1783242986,2026-07-05T09:16:55Z,2026-07-05T09:16:55Z,2026-07-05T09:16:25Z,2.2,https://gbfs.kappa.fifteen.eu/gbfs/2.2/mobi/en/gbfs.json,https://gbfs.kappa.fifteen.eu/gbfs/2.2/mobi/en/free_bike_status.json,2026-07-05T09:16:54Z,2026-07-05T09:16:54Z
mobi_vancouver,mobi_vancouver_999b8125-14fa-4668-8b90-08bd47d0021e,999b8125-14fa-4668-8b90-08bd47d0021e,49.275683,-123.124388,2,FALSE,FALSE,28000,0082,1783242986,2026-07-05T09:16:55Z,2026-07-05T09:16:55Z,2026-07-05T09:16:25Z,2.2,https://gbfs.kappa.fifteen.eu/gbfs/2.2/mobi/en/gbfs.json,https://gbfs.kappa.fifteen.eu/gbfs/2.2/mobi/en/free_bike_status.json,2026-07-05T09:16:54Z,2026-07-05T09:16:54Z
mobi_vancouver,mobi_vancouver_a7b1120a-fdad-4eea-8966-dbc79f56da97,a7b1120a-fdad-4eea-8966-dbc79f56da97,49.288506,-123.131238,2,FALSE,FALSE,28000,0096,1783242986,2026-07-05T09:16:55Z,2026-07-05T09:16:55Z,2026-07-05T09:16:25Z,2.2,https://gbfs.kappa.fifteen.eu/gbfs/2.2/mobi/en/gbfs.json,https://gbfs.kappa.fifteen.eu/gbfs/2.2/mobi/en/free_bike_status.json,2026-07-05T09:16:54Z,2026-07-05T09:16:54Z
mobi_vancouver,mobi_vancouver_37e95d8a-3546-49f0-b261-1f152f93a4b7,37e95d8a-3546-49f0-b261-1f152f93a4b7,49.2756,-123.102661,2,FALSE,FALSE,28000,0148,1783242986,2026-07-05T09:16:55Z,2026-07-05T09:16:55Z,2026-07-05T09:16:25Z,2.2,https://gbfs.kappa.fifteen.eu/gbfs/2.2/mobi/en/gbfs.json,https://gbfs.kappa.fifteen.eu/gbfs/2.2/mobi/en/free_bike_status.json,2026-07-05T09:16:54Z,2026-07-05T09:16:54Z
mobi_vancouver,mobi_vancouver_2f221e8b-305e-4f90-985a-792758a6e782,2f221e8b-305e-4f90-985a-792758a6e782,49.273663,-123.127075,1,FALSE,FALSE,28000,0044,1783242986,2026-07-05T09:16:55Z,2026-07-05T09:16:55Z,2026-07-05T09:16:25Z,2.2,https://gbfs.kappa.fifteen.eu/gbfs/2.2/mobi/en/gbfs.json,https://gbfs.kappa.fifteen.eu/gbfs/2.2/mobi/en/free_bike_status.json,2026-07-05T09:16:54Z,2026-07-05T09:16:54Z
mobi_vancouver,mobi_vancouver_54f417b2-650b-41ef-a422-ebb88578ff68,54f417b2-650b-41ef-a422-ebb88578ff68,49.27821,-123.136972,1,FALSE,FALSE,28000,0083,1783242986,2026-07-05T09:16:55Z,2026-07-05T09:16:55Z,2026-07-05T09:16:25Z,2.2,https://gbfs.kappa.fifteen.eu/gbfs/2.2/mobi/en/gbfs.json,https://gbfs.kappa.fifteen.eu/gbfs/2.2/mobi/en/free_bike_status.json,2026-07-05T09:16:54Z,2026-07-05T09:16:54Z
mobi_vancouver,mobi_vancouver_13ee02d6-3c82-4e93-8df1-f1a6b580202a,13ee02d6-3c82-4e93-8df1-f1a6b580202a,49.271741,-123.155421,1,FALSE,FALSE,28000,0204,1783242986,2026-07-05T09:16:55Z,2026-07-05T09:16:55Z,2026-07-05T09:16:25Z,2.2,https://gbfs.kappa.fifteen.eu/gbfs/2.2/mobi/en/gbfs.json,https://gbfs.kappa.fifteen.eu/gbfs/2.2/mobi/en/free_bike_status.json,2026-07-05T09:16:54Z,2026-07-05T09:16:54Z
mobi_vancouver,mobi_vancouver_e0053953-39fc-4ad1-a1ac-34196123350b,e0053953-39fc-4ad1-a1ac-34196123350b,49.283749,-123.136133,2,FALSE,FALSE,28000,0087,1783242986,2026-07-05T09:16:55Z,2026-07-05T09:16:55Z,2026-07-05T09:16:25Z,2.2,https://gbfs.kappa.fifteen.eu/gbfs/2.2/mobi/en/gbfs.json,https://gbfs.kappa.fifteen.eu/gbfs/2.2/mobi/en/free_bike_status.json,2026-07-05T09:16:54Z,2026-07-05T09:16:54Z
mobi_vancouver,mobi_vancouver_30a99799-769f-4a9b-b9d8-94b7b344c599,30a99799-769f-4a9b-b9d8-94b7b344c599,49.251358,-123.115637,2,FALSE,FALSE,28000,0532,1783242986,2026-07-05T09:16:55Z,2026-07-05T09:16:55Z,2026-07-05T09:16:25Z,2.2,https://gbfs.kappa.fifteen.eu/gbfs/2.2/mobi/en/gbfs.json,https://gbfs.kappa.fifteen.eu/gbfs/2.2/mobi/en/free_bike_status.json,2026-07-05T09:16:54Z,2026-07-05T09:16:54Z
mobi_vancouver,mobi_vancouver_2617b5b4-0ec7-45e4-b97d-1fa02aaab9e0,2617b5b4-0ec7-45e4-b97d-1fa02aaab9e0,49.283482,-123.103738,2,FALSE,FALSE,28000,0013,1783242986,2026-07-05T09:16:55Z,2026-07-05T09:16:55Z,2026-07-05T09:16:25Z,2.2,https://gbfs.kappa.fifteen.eu/gbfs/2.2/mobi/en/gbfs.json,https://gbfs.kappa.fifteen.eu/gbfs/2.2/mobi/en/free_bike_status.json,2026-07-05T09:16:54Z,2026-07-05T09:16:54Z
mobi_vancouver,mobi_vancouver_1ea67624-8275-408f-a4d6-1d9bb0d86d28,1ea67624-8275-408f-a4d6-1d9bb0d86d28,49.273833,-123.114373,1,FALSE,FALSE,28400,0057,1783242986,2026-07-05T09:16:55Z,2026-07-05T09:16:55Z,2026-07-05T09:16:25Z,2.2,https://gbfs.kappa.fifteen.eu/gbfs/2.2/mobi/en/gbfs.json,https://gbfs.kappa.fifteen.eu/gbfs/2.2/mobi/en/free_bike_status.json,2026-07-05T09:16:54Z,2026-07-05T09:16:54Z
mobi_vancouver,mobi_vancouver_f29f418f-38fb-4b3f-9e69-569899a8f93e,f29f418f-38fb-4b3f-9e69-569899a8f93e,49.277178,-123.13,2,FALSE,FALSE,28400,0196,1783242986,2026-07-05T09:16:55Z,2026-07-05T09:16:55Z,2026-07-05T09:16:25Z,2.2,https://gbfs.kappa.fifteen.eu/gbfs/2.2/mobi/en/gbfs.json,https://gbfs.kappa.fifteen.eu/gbfs/2.2/mobi/en/free_bike_status.json,2026-07-05T09:16:54Z,2026-07-05T09:16:54Z
mobi_vancouver,mobi_vancouver_cc1cf88b-eee3-4cbb-9cd7-1cbfe01281ad,cc1cf88b-eee3-4cbb-9cd7-1cbfe01281ad,49.262062,-123.104656,2,FALSE,FALSE,28400,0176,1783242986,2026-07-05T09:16:55Z,2026-07-05T09:16:55Z,2026-07-05T09:16:25Z,2.2,https://gbfs.kappa.fifteen.eu/gbfs/2.2/mobi/en/gbfs.json,https://gbfs.kappa.fifteen.eu/gbfs/2.2/mobi/en/free_bike_status.json,2026-07-05T09:16:54Z,2026-07-05T09:16:54Z
mobi_vancouver,mobi_vancouver_6c31a123-4b0e-4a8a-afb3-477dc7ec55ef,6c31a123-4b0e-4a8a-afb3-477dc7ec55ef,49.281301,-123.139108,2,FALSE,FALSE,28400,0084,1783242986,2026-07-05T09:16:55Z,2026-07-05T09:16:55Z,2026-07-05T09:16:25Z,2.2,https://gbfs.kappa.fifteen.eu/gbfs/2.2/mobi/en/gbfs.json,https://gbfs.kappa.fifteen.eu/gbfs/2.2/mobi/en/free_bike_status.json,2026-07-05T09:16:54Z,2026-07-05T09:16:54Z
mobi_vancouver,mobi_vancouver_874ef214-4a8b-4f5f-a541-b83200b78521,874ef214-4a8b-4f5f-a541-b83200b78521,49.277665,-123.073653,2,FALSE,FALSE,28400,0222,1783242986,2026-07-05T09:16:55Z,2026-07-05T09:16:55Z,2026-07-05T09:16:25Z,2.2,https://gbfs.kappa.fifteen.eu/gbfs/2.2/mobi/en/gbfs.json,https://gbfs.kappa.fifteen.eu/gbfs/2.2/mobi/en/free_bike_status.json,2026-07-05T09:16:54Z,2026-07-05T09:16:54Z
mobi_vancouver,mobi_vancouver_d0f5d1e7-bd0a-422b-9377-910148f9474e,d0f5d1e7-bd0a-422b-9377-910148f9474e,49.27247,-123.185643,1,FALSE,FALSE,28400,0410,1783242986,2026-07-05T09:16:55Z,2026-07-05T09:16:55Z,2026-07-05T09:16:25Z,2.2,https://gbfs.kappa.fifteen.eu/gbfs/2.2/mobi/en/gbfs.json,https://gbfs.kappa.fifteen.eu/gbfs/2.2/mobi/en/free_bike_status.json,2026-07-05T09:16:54Z,2026-07-05T09:16:54Z
mobi_vancouver,mobi_vancouver_b8fe3f82-e068-48dc-9671-365d184636dd,b8fe3f82-e068-48dc-9671-365d184636dd,49.27751,-123.061429,2,FALSE,FALSE,28400,0617,1783242986,2026-07-05T09:16:55Z,2026-07-05T09:16:55Z,2026-07-05T09:16:25Z,2.2,https://gbfs.kappa.fifteen.eu/gbfs/2.2/mobi/en/gbfs.json,https://gbfs.kappa.fifteen.eu/gbfs/2.2/mobi/en/free_bike_status.json,2026-07-05T09:16:54Z,2026-07-05T09:16:54Z
mobi_vancouver,mobi_vancouver_10b99f21-8654-44be-b68f-a5c9db7a6f95,10b99f21-8654-44be-b68f-a5c9db7a6f95,49.280216,-123.117639,2,FALSE,FALSE,28800,0129,1783242986,2026-07-05T09:16:55Z,2026-07-05T09:16:55Z,2026-07-05T09:16:25Z,2.2,https://gbfs.kappa.fifteen.eu/gbfs/2.2/mobi/en/gbfs.json,https://gbfs.kappa.fifteen.eu/gbfs/2.2/mobi/en/free_bike_status.json,2026-07-05T09:16:54Z,2026-07-05T09:16:54Z
mobi_vancouver,mobi_vancouver_8b4c2200-875c-46f4-b047-ea4ad7e2ebdb,8b4c2200-875c-46f4-b047-ea4ad7e2ebdb,49.280216,-123.117639,2,FALSE,FALSE,28800,0129,1783242986,2026-07-05T09:16:55Z,2026-07-05T09:16:55Z,2026-07-05T09:16:25Z,2.2,https://gbfs.kappa.fifteen.eu/gbfs/2.2/mobi/en/gbfs.json,https://gbfs.kappa.fifteen.eu/gbfs/2.2/mobi/en/free_bike_status.json,2026-07-05T09:16:54Z,2026-07-05T09:16:54Z
mobi_vancouver,mobi_vancouver_856eef15-a540-4761-b7db-c97dff93f549,856eef15-a540-4761-b7db-c97dff93f549,49.273471,-123.118016,1,FALSE,FALSE,28800,0017,1783242986,2026-07-05T09:16:55Z,2026-07-05T09:16:55Z,2026-07-05T09:16:25Z,2.2,https://gbfs.kappa.fifteen.eu/gbfs/2.2/mobi/en/gbfs.json,https://gbfs.kappa.fifteen.eu/gbfs/2.2/mobi/en/free_bike_status.json,2026-07-05T09:16:54Z,2026-07-05T09:16:54Z
mobi_vancouver,mobi_vancouver_948e4405-59f6-474a-9b50-e42cc00c1e1e,948e4405-59f6-474a-9b50-e42cc00c1e1e,49.261188,-123.066009,2,FALSE,FALSE,28800,0274,1783242986,2026-07-05T09:16:55Z,2026-07-05T09:16:55Z,2026-07-05T09:16:25Z,2.2,https://gbfs.kappa.fifteen.eu/gbfs/2.2/mobi/en/gbfs.json,https://gbfs.kappa.fifteen.eu/gbfs/2.2/mobi/en/free_bike_status.json,2026-07-05T09:16:54Z,2026-07-05T09:16:54Z
mobi_vancouver,mobi_vancouver_0dc06308-7163-4f37-bbf1-4aadb554c380,0dc06308-7163-4f37-bbf1-4aadb554c380,49.285871,-123.12105,2,FALSE,FALSE,29200,0002,1783242986,2026-07-05T09:16:55Z,2026-07-05T09:16:55Z,2026-07-05T09:16:25Z,2.2,https://gbfs.kappa.fifteen.eu/gbfs/2.2/mobi/en/gbfs.json,https://gbfs.kappa.fifteen.eu/gbfs/2.2/mobi/en/free_bike_status.json,2026-07-05T09:16:54Z,2026-07-05T09:16:54Z
mobi_vancouver,mobi_vancouver_8646fd09-9467-4b77-9507-6fc7b3e543f5,8646fd09-9467-4b77-9507-6fc7b3e543f5,49.287097,-123.118551,2,FALSE,FALSE,29200,0016,1783242986,2026-07-05T09:16:55Z,2026-07-05T09:16:55Z,2026-07-05T09:16:25Z,2.2,https://gbfs.kappa.fifteen.eu/gbfs/2.2/mobi/en/gbfs.json,https://gbfs.kappa.fifteen.eu/gbfs/2.2/mobi/en/free_bike_status.json,2026-07-05T09:16:54Z,2026-07-05T09:16:54Z
mobi_vancouver,mobi_vancouver_e48f357b-2e77-4c36-975c-74d5712f4485,e48f357b-2e77-4c36-975c-74d5712f4485,49.27709,-123.07589,2,FALSE,FALSE,29200,,1783242986,2026-07-05T09:16:55Z,2026-07-05T09:16:55Z,2026-07-05T09:16:25Z,2.2,https://gbfs.kappa.fifteen.eu/gbfs/2.2/mobi/en/gbfs.json,https://gbfs.kappa.fifteen.eu/gbfs/2.2/mobi/en/free_bike_status.json,2026-07-05T09:16:54Z,2026-07-05T09:16:54Z
mobi_vancouver,mobi_vancouver_2157ae66-f3e7-4818-a51b-e010ea39cdeb,2157ae66-f3e7-4818-a51b-e010ea39cdeb,49.265242,-123.095577,2,FALSE,FALSE,29600,0297,1783242986,2026-07-05T09:16:55Z,2026-07-05T09:16:55Z,2026-07-05T09:16:25Z,2.2,https://gbfs.kappa.fifteen.eu/gbfs/2.2/mobi/en/gbfs.json,https://gbfs.kappa.fifteen.eu/gbfs/2.2/mobi/en/free_bike_status.json,2026-07-05T09:16:54Z,2026-07-05T09:16:54Z
mobi_vancouver,mobi_vancouver_75a0d8b8-aa8d-42f2-8c89-394e9c534645,75a0d8b8-aa8d-42f2-8c89-394e9c534645,49.255034,-123.120226,2,FALSE,FALSE,29600,0511,1783242986,2026-07-05T09:16:55Z,2026-07-05T09:16:55Z,2026-07-05T09:16:25Z,2.2,https://gbfs.kappa.fifteen.eu/gbfs/2.2/mobi/en/gbfs.json,https://gbfs.kappa.fifteen.eu/gbfs/2.2/mobi/en/free_bike_status.json,2026-07-05T09:16:54Z,2026-07-05T09:16:54Z
mobi_vancouver,mobi_vancouver_1a088246-db78-4555-a72f-0e7429881b1b,1a088246-db78-4555-a72f-0e7429881b1b,49.282214,-123.114101,2,FALSE,FALSE,30000,0012,1783242986,2026-07-05T09:16:55Z,2026-07-05T09:16:55Z,2026-07-05T09:16:25Z,2.2,https://gbfs.kappa.fifteen.eu/gbfs/2.2/mobi/en/gbfs.json,https://gbfs.kappa.fifteen.eu/gbfs/2.2/mobi/en/free_bike_status.json,2026-07-05T09:16:54Z,2026-07-05T09:16:54Z
mobi_vancouver,mobi_vancouver_b5f34ef1-7be4-46b9-914b-dc0cf2d3641d,b5f34ef1-7be4-46b9-914b-dc0cf2d3641d,49.261403,-123.070102,2,FALSE,FALSE,30000,0244,1783242986,2026-07-05T09:16:55Z,2026-07-05T09:16:55Z,2026-07-05T09:16:25Z,2.2,https://gbfs.kappa.fifteen.eu/gbfs/2.2/mobi/en/gbfs.json,https://gbfs.kappa.fifteen.eu/gbfs/2.2/mobi/en/free_bike_status.json,2026-07-05T09:16:54Z,2026-07-05T09:16:54Z
mobi_vancouver,mobi_vancouver_91f1899b-c135-4018-a2d6-c2adfae90462,91f1899b-c135-4018-a2d6-c2adfae90462,49.27821,-123.136972,2,FALSE,FALSE,30400,0083,1783242986,2026-07-05T09:16:55Z,2026-07-05T09:16:55Z,2026-07-05T09:16:25Z,2.2,https://gbfs.kappa.fifteen.eu/gbfs/2.2/mobi/en/gbfs.json,https://gbfs.kappa.fifteen.eu/gbfs/2.2/mobi/en/free_bike_status.json,2026-07-05T09:16:54Z,2026-07-05T09:16:54Z
mobi_vancouver,mobi_vancouver_784cd91f-d6a5-4cc2-affa-b857cfdb1d79,784cd91f-d6a5-4cc2-affa-b857cfdb1d79,49.283227,-123.120523,2,FALSE,FALSE,30400,0099,1783242986,2026-07-05T09:16:55Z,2026-07-05T09:16:55Z,2026-07-05T09:16:25Z,2.2,https://gbfs.kappa.fifteen.eu/gbfs/2.2/mobi/en/gbfs.json,https://gbfs.kappa.fifteen.eu/gbfs/2.2/mobi/en/free_bike_status.json,2026-07-05T09:16:54Z,2026-07-05T09:16:54Z
mobi_vancouver,mobi_vancouver_65f07ad1-52db-4073-b241-8aa298abefee,65f07ad1-52db-4073-b241-8aa298abefee,49.291597,-123.129158,2,FALSE,FALSE,30400,0200,1783242986,2026-07-05T09:16:55Z,2026-07-05T09:16:55Z,2026-07-05T09:16:25Z,2.2,https://gbfs.kappa.fifteen.eu/gbfs/2.2/mobi/en/gbfs.json,https://gbfs.kappa.fifteen.eu/gbfs/2.2/mobi/en/free_bike_status.json,2026-07-05T09:16:54Z,2026-07-05T09:16:54Z
mobi_vancouver,mobi_vancouver_ea1f2ec1-71bf-4d7a-a729-32e67d9328ce,ea1f2ec1-71bf-4d7a-a729-32e67d9328ce,49.282214,-123.114101,2,FALSE,FALSE,30800,0012,1783242986,2026-07-05T09:16:55Z,2026-07-05T09:16:55Z,2026-07-05T09:16:25Z,2.2,https://gbfs.kappa.fifteen.eu/gbfs/2.2/mobi/en/gbfs.json,https://gbfs.kappa.fifteen.eu/gbfs/2.2/mobi/en/free_bike_status.json,2026-07-05T09:16:54Z,2026-07-05T09:16:54Z
mobi_vancouver,mobi_vancouver_fcb9be19-0e19-41a2-b4bc-836ce76cb9d9,fcb9be19-0e19-41a2-b4bc-836ce76cb9d9,49.288444,-123.139203,2,FALSE,FALSE,30800,0310,1783242986,2026-07-05T09:16:55Z,2026-07-05T09:16:55Z,2026-07-05T09:16:25Z,2.2,https://gbfs.kappa.fifteen.eu/gbfs/2.2/mobi/en/gbfs.json,https://gbfs.kappa.fifteen.eu/gbfs/2.2/mobi/en/free_bike_status.json,2026-07-05T09:16:54Z,2026-07-05T09:16:54Z
mobi_vancouver,mobi_vancouver_062e994b-dc7a-4d06-9216-800aac3ba913,062e994b-dc7a-4d06-9216-800aac3ba913,49.285512,-123.1384,2,FALSE,FALSE,31200,0040,1783242986,2026-07-05T09:16:55Z,2026-07-05T09:16:55Z,2026-07-05T09:16:25Z,2.2,https://gbfs.kappa.fifteen.eu/gbfs/2.2/mobi/en/gbfs.json,https://gbfs.kappa.fifteen.eu/gbfs/2.2/mobi/en/free_bike_status.json,2026-07-05T09:16:54Z,2026-07-05T09:16:54Z
mobi_vancouver,mobi_vancouver_0c178327-fae5-425d-9bfd-e982730e1d7a,0c178327-fae5-425d-9bfd-e982730e1d7a,49.279821,-123.10802,2,FALSE,FALSE,31200,0053,1783242986,2026-07-05T09:16:55Z,2026-07-05T09:16:55Z,2026-07-05T09:16:25Z,2.2,https://gbfs.kappa.fifteen.eu/gbfs/2.2/mobi/en/gbfs.json,https://gbfs.kappa.fifteen.eu/gbfs/2.2/mobi/en/free_bike_status.json,2026-07-05T09:16:54Z,2026-07-05T09:16:54Z
mobi_vancouver,mobi_vancouver_8b274c1a-16e9-4977-98e9-2268a64f16a3,8b274c1a-16e9-4977-98e9-2268a64f16a3,49.288506,-123.131238,2,FALSE,FALSE,31200,0096,1783242986,2026-07-05T09:16:55Z,2026-07-05T09:16:55Z,2026-07-05T09:16:25Z,2.2,https://gbfs.kappa.fifteen.eu/gbfs/2.2/mobi/en/gbfs.json,https://gbfs.kappa.fifteen.eu/gbfs/2.2/mobi/en/free_bike_status.json,2026-07-05T09:16:54Z,2026-07-05T09:16:54Z
mobi_vancouver,mobi_vancouver_9dd9ca88-d8ed-4a39-8248-7e0b0c79ed5b,9dd9ca88-d8ed-4a39-8248-7e0b0c79ed5b,49.273663,-123.127075,2,FALSE,FALSE,31200,0044,1783242986,2026-07-05T09:16:55Z,2026-07-05T09:16:55Z,2026-07-05T09:16:25Z,2.2,https://gbfs.kappa.fifteen.eu/gbfs/2.2/mobi/en/gbfs.json,https://gbfs.kappa.fifteen.eu/gbfs/2.2/mobi/en/free_bike_status.json,2026-07-05T09:16:54Z,2026-07-05T09:16:54Z
mobi_vancouver,mobi_vancouver_37d5a94e-4fd1-4c25-95b7-fd549801b190,37d5a94e-4fd1-4c25-95b7-fd549801b190,49.272969,-123.164325,2,FALSE,FALSE,31200,0460,1783242986,2026-07-05T09:16:55Z,2026-07-05T09:16:55Z,2026-07-05T09:16:25Z,2.2,https://gbfs.kappa.fifteen.eu/gbfs/2.2/mobi/en/gbfs.json,https://gbfs.kappa.fifteen.eu/gbfs/2.2/mobi/en/free_bike_status.json,2026-07-05T09:16:54Z,2026-07-05T09:16:54Z
mobi_vancouver,mobi_vancouver_02d4816e-c9c8-4e8a-a3b2-db135031026e,02d4816e-c9c8-4e8a-a3b2-db135031026e,49.28803,-123.142135,2,FALSE,FALSE,31600,0031,1783242986,2026-07-05T09:16:55Z,2026-07-05T09:16:55Z,2026-07-05T09:16:25Z,2.2,https://gbfs.kappa.fifteen.eu/gbfs/2.2/mobi/en/gbfs.json,https://gbfs.kappa.fifteen.eu/gbfs/2.2/mobi/en/free_bike_status.json,2026-07-05T09:16:54Z,2026-07-05T09:16:54Z
mobi_vancouver,mobi_vancouver_c0185b73-f89c-47a6-8783-59a33331e56d,c0185b73-f89c-47a6-8783-59a33331e56d,49.277178,-123.13,2,FALSE,FALSE,31600,0196,1783242986,2026-07-05T09:16:55Z,2026-07-05T09:16:55Z,2026-07-05T09:16:25Z,2.2,https://gbfs.kappa.fifteen.eu/gbfs/2.2/mobi/en/gbfs.json,https://gbfs.kappa.fifteen.eu/gbfs/2.2/mobi/en/free_bike_status.json,2026-07-05T09:16:54Z,2026-07-05T09:16:54Z
mobi_vancouver,mobi_vancouver_ad9b3e1c-4301-4d46-a12e-417998153e1a,ad9b3e1c-4301-4d46-a12e-417998153e1a,49.290587,-123.13625,2,FALSE,FALSE,31600,0122,1783242986,2026-07-05T09:16:55Z,2026-07-05T09:16:55Z,2026-07-05T09:16:25Z,2.2,https://gbfs.kappa.fifteen.eu/gbfs/2.2/mobi/en/gbfs.json,https://gbfs.kappa.fifteen.eu/gbfs/2.2/mobi/en/free_bike_status.json,2026-07-05T09:16:54Z,2026-07-05T09:16:54Z
mobi_vancouver,mobi_vancouver_3134793e-d1f7-46ea-b01a-128a186d399c,3134793e-d1f7-46ea-b01a-128a186d399c,49.282055,-123.133045,2,FALSE,FALSE,32000,0187,1783242986,2026-07-05T09:16:55Z,2026-07-05T09:16:55Z,2026-07-05T09:16:25Z,2.2,https://gbfs.kappa.fifteen.eu/gbfs/2.2/mobi/en/gbfs.json,https://gbfs.kappa.fifteen.eu/gbfs/2.2/mobi/en/free_bike_status.json,2026-07-05T09:16:54Z,2026-07-05T09:16:54Z
mobi_vancouver,mobi_vancouver_f551c675-d6c4-4d25-a80f-10a63754faaa,f551c675-d6c4-4d25-a80f-10a63754faaa,49.277615,-123.091654,2,FALSE,FALSE,32000,0215,1783242986,2026-07-05T09:16:55Z,2026-07-05T09:16:55Z,2026-07-05T09:16:25Z,2.2,https://gbfs.kappa.fifteen.eu/gbfs/2.2/mobi/en/gbfs.json,https://gbfs.kappa.fifteen.eu/gbfs/2.2/mobi/en/free_bike_status.json,2026-07-05T09:16:54Z,2026-07-05T09:16:54Z
mobi_vancouver,mobi_vancouver_731a545d-9b81-4eee-b4db-06a65364f506,731a545d-9b81-4eee-b4db-06a65364f506,49.280216,-123.117639,2,FALSE,FALSE,32400,0129,1783242986,2026-07-05T09:16:55Z,2026-07-05T09:16:55Z,2026-07-05T09:16:25Z,2.2,https://gbfs.kappa.fifteen.eu/gbfs/2.2/mobi/en/gbfs.json,https://gbfs.kappa.fifteen.eu/gbfs/2.2/mobi/en/free_bike_status.json,2026-07-05T09:16:54Z,2026-07-05T09:16:54Z
mobi_vancouver,mobi_vancouver_dacb0cc9-b5ef-4bea-b144-2c15a331b851,dacb0cc9-b5ef-4bea-b144-2c15a331b851,49.269969,-123.109623,2,FALSE,FALSE,32400,0173,1783242986,2026-07-05T09:16:55Z,2026-07-05T09:16:55Z,2026-07-05T09:16:25Z,2.2,https://gbfs.kappa.fifteen.eu/gbfs/2.2/mobi/en/gbfs.json,https://gbfs.kappa.fifteen.eu/gbfs/2.2/mobi/en/free_bike_status.json,2026-07-05T09:16:54Z,2026-07-05T09:16:54Z
mobi_vancouver,mobi_vancouver_e0a96378-b4a7-4376-ad2a-c1e0e396e098,e0a96378-b4a7-4376-ad2a-c1e0e396e098,49.2658,-123.20596,2,FALSE,FALSE,32400,0715,1783242986,2026-07-05T09:16:55Z,2026-07-05T09:16:55Z,2026-07-05T09:16:25Z,2.2,https://gbfs.kappa.fifteen.eu/gbfs/2.2/mobi/en/gbfs.json,https://gbfs.kappa.fifteen.eu/gbfs/2.2/mobi/en/free_bike_status.json,2026-07-05T09:16:54Z,2026-07-05T09:16:54Z
mobi_vancouver,mobi_vancouver_24f4f9e9-daca-4c22-911d-e58713eae694,24f4f9e9-daca-4c22-911d-e58713eae694,49.265198,-123.131043,2,FALSE,FALSE,32800,0192,1783242986,2026-07-05T09:16:55Z,2026-07-05T09:16:55Z,2026-07-05T09:16:25Z,2.2,https://gbfs.kappa.fifteen.eu/gbfs/2.2/mobi/en/gbfs.json,https://gbfs.kappa.fifteen.eu/gbfs/2.2/mobi/en/free_bike_status.json,2026-07-05T09:16:54Z,2026-07-05T09:16:54Z
mobi_vancouver,mobi_vancouver_efb69ddf-2536-418f-8da4-902a3270969d,efb69ddf-2536-418f-8da4-902a3270969d,49.276115,-123.114496,2,FALSE,FALSE,33200,0064,1783242986,2026-07-05T09:16:55Z,2026-07-05T09:16:55Z,2026-07-05T09:16:25Z,2.2,https://gbfs.kappa.fifteen.eu/gbfs/2.2/mobi/en/gbfs.json,https://gbfs.kappa.fifteen.eu/gbfs/2.2/mobi/en/free_bike_status.json,2026-07-05T09:16:54Z,2026-07-05T09:16:54Z
mobi_vancouver,mobi_vancouver_c89f3086-fffa-4eac-af7b-bfd1746c7827,c89f3086-fffa-4eac-af7b-bfd1746c7827,49.2803,-123.135295,2,FALSE,FALSE,33200,0088,1783242986,2026-07-05T09:16:55Z,2026-07-05T09:16:55Z,2026-07-05T09:16:25Z,2.2,https://gbfs.kappa.fifteen.eu/gbfs/2.2/mobi/en/gbfs.json,https://gbfs.kappa.fifteen.eu/gbfs/2.2/mobi/en/free_bike_status.json,2026-07-05T09:16:54Z,2026-07-05T09:16:54Z
mobi_vancouver,mobi_vancouver_b7a67401-3cec-45bf-9b31-b6330c76eba5,b7a67401-3cec-45bf-9b31-b6330c76eba5,49.277844,-123.120942,2,FALSE,FALSE,33200,0079,1783242986,2026-07-05T09:16:55Z,2026-07-05T09:16:55Z,2026-07-05T09:16:25Z,2.2,https://gbfs.kappa.fifteen.eu/gbfs/2.2/mobi/en/gbfs.json,https://gbfs.kappa.fifteen.eu/gbfs/2.2/mobi/en/free_bike_status.json,2026-07-05T09:16:54Z,2026-07-05T09:16:54Z
mobi_vancouver,mobi_vancouver_009f540f-f425-471a-8f99-1ea9f591a98e,009f540f-f425-471a-8f99-1ea9f591a98e,49.272827,-123.147744,2,FALSE,FALSE,33200,0065,1783242986,2026-07-05T09:16:55Z,2026-07-05T09:16:55Z,2026-07-05T09:16:25Z,2.2,https://gbfs.kappa.fifteen.eu/gbfs/2.2/mobi/en/gbfs.json,https://gbfs.kappa.fifteen.eu/gbfs/2.2/mobi/en/free_bike_status.json,2026-07-05T09:16:54Z,2026-07-05T09:16:54Z
mobi_vancouver,mobi_vancouver_acbe422e-0fa7-4b5c-b772-f4cebc634f02,acbe422e-0fa7-4b5c-b772-f4cebc634f02,49.265442,-123.187738,2,FALSE,FALSE,33200,0403,1783242986,2026-07-05T09:16:55Z,2026-07-05T09:16:55Z,2026-07-05T09:16:25Z,2.2,https://gbfs.kappa.fifteen.eu/gbfs/2.2/mobi/en/gbfs.json,https://gbfs.kappa.fifteen.eu/gbfs/2.2/mobi/en/free_bike_status.json,2026-07-05T09:16:54Z,2026-07-05T09:16:54Z
mobi_vancouver,mobi_vancouver_7e91b278-e795-4cf2-92e8-7baedfc3a8ef,7e91b278-e795-4cf2-92e8-7baedfc3a8ef,49.261655,-123.241924,2,FALSE,FALSE,33200,2157,1783242986,2026-07-05T09:16:55Z,2026-07-05T09:16:55Z,2026-07-05T09:16:25Z,2.2,https://gbfs.kappa.fifteen.eu/gbfs/2.2/mobi/en/gbfs.json,https://gbfs.kappa.fifteen.eu/gbfs/2.2/mobi/en/free_bike_status.json,2026-07-05T09:16:54Z,2026-07-05T09:16:54Z
mobi_vancouver,mobi_vancouver_d950f98c-e8cb-48ec-bc5b-d14165dee825,d950f98c-e8cb-48ec-bc5b-d14165dee825,49.28526,-123.141809,2,FALSE,FALSE,33600,0060,1783242986,2026-07-05T09:16:55Z,2026-07-05T09:16:55Z,2026-07-05T09:16:25Z,2.2,https://gbfs.kappa.fifteen.eu/gbfs/2.2/mobi/en/gbfs.json,https://gbfs.kappa.fifteen.eu/gbfs/2.2/mobi/en/free_bike_status.json,2026-07-05T09:16:54Z,2026-07-05T09:16:54Z
mobi_vancouver,mobi_vancouver_e7809b77-1669-4534-81c5-ec748f326ada,e7809b77-1669-4534-81c5-ec748f326ada,49.261188,-123.066009,2,FALSE,FALSE,33600,0274,1783242986,2026-07-05T09:16:55Z,2026-07-05T09:16:55Z,2026-07-05T09:16:25Z,2.2,https://gbfs.kappa.fifteen.eu/gbfs/2.2/mobi/en/gbfs.json,https://gbfs.kappa.fifteen.eu/gbfs/2.2/mobi/en/free_bike_status.json,2026-07-05T09:16:54Z,2026-07-05T09:16:54Z
mobi_vancouver,mobi_vancouver_bee5d586-3a9f-429b-925c-9fa032bdc500,bee5d586-3a9f-429b-925c-9fa032bdc500,49.291597,-123.129158,2,FALSE,FALSE,33600,0200,1783242986,2026-07-05T09:16:55Z,2026-07-05T09:16:55Z,2026-07-05T09:16:25Z,2.2,https://gbfs.kappa.fifteen.eu/gbfs/2.2/mobi/en/gbfs.json,https://gbfs.kappa.fifteen.eu/gbfs/2.2/mobi/en/free_bike_status.json,2026-07-05T09:16:54Z,2026-07-05T09:16:54Z
mobi_vancouver,mobi_vancouver_4172115d-d969-483a-b61e-f22c36cf1206,4172115d-d969-483a-b61e-f22c36cf1206,49.277665,-123.073653,2,FALSE,FALSE,34000,0222,1783242986,2026-07-05T09:16:55Z,2026-07-05T09:16:55Z,2026-07-05T09:16:25Z,2.2,https://gbfs.kappa.fifteen.eu/gbfs/2.2/mobi/en/gbfs.json,https://gbfs.kappa.fifteen.eu/gbfs/2.2/mobi/en/free_bike_status.json,2026-07-05T09:16:54Z,2026-07-05T09:16:54Z
mobi_vancouver,mobi_vancouver_dfffa295-5b2c-4fdf-a14b-0f71bcea93f8,dfffa295-5b2c-4fdf-a14b-0f71bcea93f8,49.273691,-123.102232,2,FALSE,FALSE,34000,0193,1783242986,2026-07-05T09:16:55Z,2026-07-05T09:16:55Z,2026-07-05T09:16:25Z,2.2,https://gbfs.kappa.fifteen.eu/gbfs/2.2/mobi/en/gbfs.json,https://gbfs.kappa.fifteen.eu/gbfs/2.2/mobi/en/free_bike_status.json,2026-07-05T09:16:54Z,2026-07-05T09:16:54Z
mobi_vancouver,mobi_vancouver_744b9255-a6f2-43a9-b111-20c886685530,744b9255-a6f2-43a9-b111-20c886685530,49.261122,-123.097571,2,FALSE,FALSE,34000,0179,1783242986,2026-07-05T09:16:55Z,2026-07-05T09:16:55Z,2026-07-05T09:16:25Z,2.2,https://gbfs.kappa.fifteen.eu/gbfs/2.2/mobi/en/gbfs.json,https://gbfs.kappa.fifteen.eu/gbfs/2.2/mobi/en/free_bike_status.json,2026-07-05T09:16:54Z,2026-07-05T09:16:54Z
mobi_vancouver,mobi_vancouver_802c0918-12b4-4006-92dd-9e2a988803c1,802c0918-12b4-4006-92dd-9e2a988803c1,49.26875,-123.25004,2,FALSE,FALSE,34000,2142,1783242986,2026-07-05T09:16:55Z,2026-07-05T09:16:55Z,2026-07-05T09:16:25Z,2.2,https://gbfs.kappa.fifteen.eu/gbfs/2.2/mobi/en/gbfs.json,https://gbfs.kappa.fifteen.eu/gbfs/2.2/mobi/en/free_bike_status.json,2026-07-05T09:16:54Z,2026-07-05T09:16:54Z
mobi_vancouver,mobi_vancouver_bc78a0ab-92d3-4adf-9835-3932e9fe7df0,bc78a0ab-92d3-4adf-9835-3932e9fe7df0,49.28062,-123.12482,2,FALSE,FALSE,34400,0037,1783242986,2026-07-05T09:16:55Z,2026-07-05T09:16:55Z,2026-07-05T09:16:25Z,2.2,https://gbfs.kappa.fifteen.eu/gbfs/2.2/mobi/en/gbfs.json,https://gbfs.kappa.fifteen.eu/gbfs/2.2/mobi/en/free_bike_status.json,2026-07-05T09:16:54Z,2026-07-05T09:16:54Z
mobi_vancouver,mobi_vancouver_b2d464c8-e073-4261-bccb-699163318205,b2d464c8-e073-4261-bccb-699163318205,49.283749,-123.136133,2,FALSE,FALSE,34400,0087,1783242986,2026-07-05T09:16:55Z,2026-07-05T09:16:55Z,2026-07-05T09:16:25Z,2.2,https://gbfs.kappa.fifteen.eu/gbfs/2.2/mobi/en/gbfs.json,https://gbfs.kappa.fifteen.eu/gbfs/2.2/mobi/en/free_bike_status.json,2026-07-05T09:16:54Z,2026-07-05T09:16:54Z
mobi_vancouver,mobi_vancouver_79305c2d-8464-4768-b84d-ac6a7a9bf395,79305c2d-8464-4768-b84d-ac6a7a9bf395,49.291597,-123.129158,2,FALSE,FALSE,34400,0200,1783242986,2026-07-05T09:16:55Z,2026-07-05T09:16:55Z,2026-07-05T09:16:25Z,2.2,https://gbfs.kappa.fifteen.eu/gbfs/2.2/mobi/en/gbfs.json,https://gbfs.kappa.fifteen.eu/gbfs/2.2/mobi/en/free_bike_status.json,2026-07-05T09:16:54Z,2026-07-05T09:16:54Z
mobi_vancouver,mobi_vancouver_ecd0e5d5-19bc-4234-9eb3-bc12e876bf64,ecd0e5d5-19bc-4234-9eb3-bc12e876bf64,49.284062,-123.095097,2,FALSE,FALSE,34800,0161,1783242986,2026-07-05T09:16:55Z,2026-07-05T09:16:55Z,2026-07-05T09:16:25Z,2.2,https://gbfs.kappa.fifteen.eu/gbfs/2.2/mobi/en/gbfs.json,https://gbfs.kappa.fifteen.eu/gbfs/2.2/mobi/en/free_bike_status.json,2026-07-05T09:16:54Z,2026-07-05T09:16:54Z
mobi_vancouver,mobi_vancouver_2970cf5e-7eb3-4cb3-a15a-9a4ad9ef15e0,2970cf5e-7eb3-4cb3-a15a-9a4ad9ef15e0,49.252691,-123.101289,2,FALSE,FALSE,34800,0561,1783242986,2026-07-05T09:16:55Z,2026-07-05T09:16:55Z,2026-07-05T09:16:25Z,2.2,https://gbfs.kappa.fifteen.eu/gbfs/2.2/mobi/en/gbfs.json,https://gbfs.kappa.fifteen.eu/gbfs/2.2/mobi/en/free_bike_status.json,2026-07-05T09:16:54Z,2026-07-05T09:16:54Z
mobi_vancouver,mobi_vancouver_014f0e38-39af-4c70-9077-f683294f7487,014f0e38-39af-4c70-9077-f683294f7487,49.291597,-123.129158,2,FALSE,FALSE,34800,0200,1783242986,2026-07-05T09:16:55Z,2026-07-05T09:16:55Z,2026-07-05T09:16:25Z,2.2,https://gbfs.kappa.fifteen.eu/gbfs/2.2/mobi/en/gbfs.json,https://gbfs.kappa.fifteen.eu/gbfs/2.2/mobi/en/free_bike_status.json,2026-07-05T09:16:54Z,2026-07-05T09:16:54Z
mobi_vancouver,mobi_vancouver_baa91448-46ee-4ddb-b02a-7dc456bd5b72,baa91448-46ee-4ddb-b02a-7dc456bd5b72,49.283749,-123.136133,2,FALSE,FALSE,35200,0087,1783242986,2026-07-05T09:16:55Z,2026-07-05T09:16:55Z,2026-07-05T09:16:25Z,2.2,https://gbfs.kappa.fifteen.eu/gbfs/2.2/mobi/en/gbfs.json,https://gbfs.kappa.fifteen.eu/gbfs/2.2/mobi/en/free_bike_status.json,2026-07-05T09:16:54Z,2026-07-05T09:16:54Z
mobi_vancouver,mobi_vancouver_5a636ff0-ddbd-45d4-832d-e07ea78433df,5a636ff0-ddbd-45d4-832d-e07ea78433df,49.273777,-123.092723,2,FALSE,FALSE,35200,0233,1783242986,2026-07-05T09:16:55Z,2026-07-05T09:16:55Z,2026-07-05T09:16:25Z,2.2,https://gbfs.kappa.fifteen.eu/gbfs/2.2/mobi/en/gbfs.json,https://gbfs.kappa.fifteen.eu/gbfs/2.2/mobi/en/free_bike_status.json,2026-07-05T09:16:54Z,2026-07-05T09:16:54Z
mobi_vancouver,mobi_vancouver_4563e306-acf2-4e58-8ad4-172d8c5d0410,4563e306-acf2-4e58-8ad4-172d8c5d0410,49.288682,-123.11818,2,FALSE,FALSE,35600,0201,1783242986,2026-07-05T09:16:55Z,2026-07-05T09:16:55Z,2026-07-05T09:16:25Z,2.2,https://gbfs.kappa.fifteen.eu/gbfs/2.2/mobi/en/gbfs.json,https://gbfs.kappa.fifteen.eu/gbfs/2.2/mobi/en/free_bike_status.json,2026-07-05T09:16:54Z,2026-07-05T09:16:54Z
mobi_vancouver,mobi_vancouver_1b32970a-7d8d-4d44-b583-3db19de6c31f,1b32970a-7d8d-4d44-b583-3db19de6c31f,49.28616,-123.12675,2,FALSE,FALSE,35600,0036,1783242986,2026-07-05T09:16:55Z,2026-07-05T09:16:55Z,2026-07-05T09:16:25Z,2.2,https://gbfs.kappa.fifteen.eu/gbfs/2.2/mobi/en/gbfs.json,https://gbfs.kappa.fifteen.eu/gbfs/2.2/mobi/en/free_bike_status.json,2026-07-05T09:16:54Z,2026-07-05T09:16:54Z
mobi_vancouver,mobi_vancouver_abd4c68d-f277-4522-acd0-25a742b9575e,abd4c68d-f277-4522-acd0-25a742b9575e,49.270905,-123.126006,2,FALSE,FALSE,35600,0136,1783242986,2026-07-05T09:16:55Z,2026-07-05T09:16:55Z,2026-07-05T09:16:25Z,2.2,https://gbfs.kappa.fifteen.eu/gbfs/2.2/mobi/en/gbfs.json,https://gbfs.kappa.fifteen.eu/gbfs/2.2/mobi/en/free_bike_status.json,2026-07-05T09:16:54Z,2026-07-05T09:16:54Z
mobi_vancouver,mobi_vancouver_b94e6017-4a34-4c2b-8a17-0afc304be15e,b94e6017-4a34-4c2b-8a17-0afc304be15e,49.263523,-123.155267,2,FALSE,FALSE,35600,0484,1783242986,2026-07-05T09:16:55Z,2026-07-05T09:16:55Z,2026-07-05T09:16:25Z,2.2,https://gbfs.kappa.fifteen.eu/gbfs/2.2/mobi/en/gbfs.json,https://gbfs.kappa.fifteen.eu/gbfs/2.2/mobi/en/free_bike_status.json,2026-07-05T09:16:54Z,2026-07-05T09:16:54Z
mobi_vancouver,mobi_vancouver_fb8cd8dd-042b-4f7e-8df8-90558fe737fc,fb8cd8dd-042b-4f7e-8df8-90558fe737fc,49.27751,-123.061429,2,FALSE,FALSE,36000,0617,1783242986,2026-07-05T09:16:55Z,2026-07-05T09:16:55Z,2026-07-05T09:16:25Z,2.2,https://gbfs.kappa.fifteen.eu/gbfs/2.2/mobi/en/gbfs.json,https://gbfs.kappa.fifteen.eu/gbfs/2.2/mobi/en/free_bike_status.json,2026-07-05T09:16:54Z,2026-07-05T09:16:54Z
mobi_vancouver,mobi_vancouver_2fc18289-1469-465a-b633-71606a6b2845,2fc18289-1469-465a-b633-71606a6b2845,49.27709,-123.07589,2,FALSE,FALSE,36000,,1783242986,2026-07-05T09:16:55Z,2026-07-05T09:16:55Z,2026-07-05T09:16:25Z,2.2,https://gbfs.kappa.fifteen.eu/gbfs/2.2/mobi/en/gbfs.json,https://gbfs.kappa.fifteen.eu/gbfs/2.2/mobi/en/free_bike_status.json,2026-07-05T09:16:54Z,2026-07-05T09:16:54Z
mobi_vancouver,mobi_vancouver_a7b434ef-867c-4cec-86b4-bab106d217e2,a7b434ef-867c-4cec-86b4-bab106d217e2,49.281506,-123.120101,2,FALSE,FALSE,36400,0063,1783242986,2026-07-05T09:16:55Z,2026-07-05T09:16:55Z,2026-07-05T09:16:25Z,2.2,https://gbfs.kappa.fifteen.eu/gbfs/2.2/mobi/en/gbfs.json,https://gbfs.kappa.fifteen.eu/gbfs/2.2/mobi/en/free_bike_status.json,2026-07-05T09:16:54Z,2026-07-05T09:16:54Z
mobi_vancouver,mobi_vancouver_40caf9f2-6929-4924-a26f-f3e67c5efb45,40caf9f2-6929-4924-a26f-f3e67c5efb45,49.26213,-123.11989,2,FALSE,FALSE,36400,0142,1783242986,2026-07-05T09:16:55Z,2026-07-05T09:16:55Z,2026-07-05T09:16:25Z,2.2,https://gbfs.kappa.fifteen.eu/gbfs/2.2/mobi/en/gbfs.json,https://gbfs.kappa.fifteen.eu/gbfs/2.2/mobi/en/free_bike_status.json,2026-07-05T09:16:54Z,2026-07-05T09:16:54Z
mobi_vancouver,mobi_vancouver_7362b58b-09d6-4976-a405-cca3624b38a5,7362b58b-09d6-4976-a405-cca3624b38a5,49.290587,-123.13625,2,FALSE,FALSE,36400,0122,1783242986,2026-07-05T09:16:55Z,2026-07-05T09:16:55Z,2026-07-05T09:16:25Z,2.2,https://gbfs.kappa.fifteen.eu/gbfs/2.2/mobi/en/gbfs.json,https://gbfs.kappa.fifteen.eu/gbfs/2.2/mobi/en/free_bike_status.json,2026-07-05T09:16:54Z,2026-07-05T09:16:54Z
mobi_vancouver,mobi_vancouver_478fecf1-6917-4a52-b605-3c61a3bcc17b,478fecf1-6917-4a52-b605-3c61a3bcc17b,49.25976,-123.2479,2,FALSE,FALSE,36400,2127,1783242986,2026-07-05T09:16:55Z,2026-07-05T09:16:55Z,2026-07-05T09:16:25Z,2.2,https://gbfs.kappa.fifteen.eu/gbfs/2.2/mobi/en/gbfs.json,https://gbfs.kappa.fifteen.eu/gbfs/2.2/mobi/en/free_bike_status.json,2026-07-05T09:16:54Z,2026-07-05T09:16:54Z
mobi_vancouver,mobi_vancouver_d0fc77a2-d740-4819-b577-b4441f7fc8c8,d0fc77a2-d740-4819-b577-b4441f7fc8c8,49.268339,-123.157443,2,FALSE,FALSE,37200,0075,1783242986,2026-07-05T09:16:55Z,2026-07-05T09:16:55Z,2026-07-05T09:16:25Z,2.2,https://gbfs.kappa.fifteen.eu/gbfs/2.2/mobi/en/gbfs.json,https://gbfs.kappa.fifteen.eu/gbfs/2.2/mobi/en/free_bike_status.json,2026-07-05T09:16:54Z,2026-07-05T09:16:54Z
mobi_vancouver,mobi_vancouver_2214dfe6-2181-4aa1-9f2d-1cc9ac332868,2214dfe6-2181-4aa1-9f2d-1cc9ac332868,49.2506,-123.23238,2,FALSE,FALSE,37200,2255,1783242986,2026-07-05T09:16:55Z,2026-07-05T09:16:55Z,2026-07-05T09:16:25Z,2.2,https://gbfs.kappa.fifteen.eu/gbfs/2.2/mobi/en/gbfs.json,https://gbfs.kappa.fifteen.eu/gbfs/2.2/mobi/en/free_bike_status.json,2026-07-05T09:16:54Z,2026-07-05T09:16:54Z
mobi_vancouver,mobi_vancouver_b232eecb-f5fc-42be-985d-c824f17f8a6d,b232eecb-f5fc-42be-985d-c824f17f8a6d,49.28567,-123.112543,2,FALSE,FALSE,37600,0021,1783242986,2026-07-05T09:16:55Z,2026-07-05T09:16:55Z,2026-07-05T09:16:25Z,2.2,https://gbfs.kappa.fifteen.eu/gbfs/2.2/mobi/en/gbfs.json,https://gbfs.kappa.fifteen.eu/gbfs/2.2/mobi/en/free_bike_status.json,2026-07-05T09:16:54Z,2026-07-05T09:16:54Z
mobi_vancouver,mobi_vancouver_8431858c-6eca-473a-b49e-5cc309b9f1c3,8431858c-6eca-473a-b49e-5cc309b9f1c3,49.27023,-123.10651,2,FALSE,FALSE,38000,0174,1783242986,2026-07-05T09:16:55Z,2026-07-05T09:16:55Z,2026-07-05T09:16:25Z,2.2,https://gbfs.kappa.fifteen.eu/gbfs/2.2/mobi/en/gbfs.json,https://gbfs.kappa.fifteen.eu/gbfs/2.2/mobi/en/free_bike_status.json,2026-07-05T09:16:54Z,2026-07-05T09:16:54Z
mobi_vancouver,mobi_vancouver_221c5d86-0448-4687-b86f-00717f4dc660,221c5d86-0448-4687-b86f-00717f4dc660,49.28512,-123.11242,2,FALSE,FALSE,38400,0308,1783242986,2026-07-05T09:16:55Z,2026-07-05T09:16:55Z,2026-07-05T09:16:25Z,2.2,https://gbfs.kappa.fifteen.eu/gbfs/2.2/mobi/en/gbfs.json,https://gbfs.kappa.fifteen.eu/gbfs/2.2/mobi/en/free_bike_status.json,2026-07-05T09:16:54Z,2026-07-05T09:16:54Z
mobi_vancouver,mobi_vancouver_8efbf6ce-df50-4e89-a7be-6bcb414a1718,8efbf6ce-df50-4e89-a7be-6bcb414a1718,49.257939,-123.089531,2,FALSE,FALSE,38800,0561,1783242986,2026-07-05T09:16:55Z,2026-07-05T09:16:55Z,2026-07-05T09:16:25Z,2.2,https://gbfs.kappa.fifteen.eu/gbfs/2.2/mobi/en/gbfs.json,https://gbfs.kappa.fifteen.eu/gbfs/2.2/mobi/en/free_bike_status.json,2026-07-05T09:16:54Z,2026-07-05T09:16:54Z
mobi_vancouver,mobi_vancouver_245ab4ea-55d1-4c6f-b1ef-7c439cfb02db,245ab4ea-55d1-4c6f-b1ef-7c439cfb02db,49.263073,-123.254307,2,FALSE,FALSE,38800,2114,1783242986,2026-07-05T09:16:55Z,2026-07-05T09:16:55Z,2026-07-05T09:16:25Z,2.2,https://gbfs.kappa.fifteen.eu/gbfs/2.2/mobi/en/gbfs.json,https://gbfs.kappa.fifteen.eu/gbfs/2.2/mobi/en/free_bike_status.json,2026-07-05T09:16:54Z,2026-07-05T09:16:54Z
mobi_vancouver,mobi_vancouver_b8aeac67-865f-40c7-b8c1-9d4df3756174,b8aeac67-865f-40c7-b8c1-9d4df3756174,49.273103,-123.069892,2,FALSE,FALSE,39600,0235,1783242986,2026-07-05T09:16:55Z,2026-07-05T09:16:55Z,2026-07-05T09:16:25Z,2.2,https://gbfs.kappa.fifteen.eu/gbfs/2.2/mobi/en/gbfs.json,https://gbfs.kappa.fifteen.eu/gbfs/2.2/mobi/en/free_bike_status.json,2026-07-05T09:16:54Z,2026-07-05T09:16:54Z
mobi_vancouver,mobi_vancouver_29e40e14-bc50-4435-9b0d-9af293237481,29e40e14-bc50-4435-9b0d-9af293237481,49.279938,-123.127478,2,FALSE,FALSE,40000,0039,1783242986,2026-07-05T09:16:55Z,2026-07-05T09:16:55Z,2026-07-05T09:16:25Z,2.2,https://gbfs.kappa.fifteen.eu/gbfs/2.2/mobi/en/gbfs.json,https://gbfs.kappa.fifteen.eu/gbfs/2.2/mobi/en/free_bike_status.json,2026-07-05T09:16:54Z,2026-07-05T09:16:54Z
mobi_vancouver,mobi_vancouver_830a9b93-01ba-4aae-b787-7dfe358ca6c2,830a9b93-01ba-4aae-b787-7dfe358ca6c2,49.275683,-123.124388,2,FALSE,FALSE,40000,0082,1783242986,2026-07-05T09:16:55Z,2026-07-05T09:16:55Z,2026-07-05T09:16:25Z,2.2,https://gbfs.kappa.fifteen.eu/gbfs/2.2/mobi/en/gbfs.json,https://gbfs.kappa.fifteen.eu/gbfs/2.2/mobi/en/free_bike_status.json,2026-07-05T09:16:54Z,2026-07-05T09:16:54Z
mobi_vancouver,mobi_vancouver_2c3951ec-acd9-447c-9285-dda2b4b6525e,2c3951ec-acd9-447c-9285-dda2b4b6525e,49.28526,-123.141809,2,FALSE,FALSE,40000,0060,1783242986,2026-07-05T09:16:55Z,2026-07-05T09:16:55Z,2026-07-05T09:16:25Z,2.2,https://gbfs.kappa.fifteen.eu/gbfs/2.2/mobi/en/gbfs.json,https://gbfs.kappa.fifteen.eu/gbfs/2.2/mobi/en/free_bike_status.json,2026-07-05T09:16:54Z,2026-07-05T09:16:54Z
mobi_vancouver,mobi_vancouver_a6fae29f-a711-4d25-8d6f-15e11b6358fa,a6fae29f-a711-4d25-8d6f-15e11b6358fa,49.287097,-123.118551,2,FALSE,FALSE,40000,0016,1783242986,2026-07-05T09:16:55Z,2026-07-05T09:16:55Z,2026-07-05T09:16:25Z,2.2,https://gbfs.kappa.fifteen.eu/gbfs/2.2/mobi/en/gbfs.json,https://gbfs.kappa.fifteen.eu/gbfs/2.2/mobi/en/free_bike_status.json,2026-07-05T09:16:54Z,2026-07-05T09:16:54Z
mobi_vancouver,mobi_vancouver_16b11985-3141-4bdc-847b-eba071de2bb5,16b11985-3141-4bdc-847b-eba071de2bb5,49.27023,-123.10651,2,FALSE,FALSE,40000,0174,1783242986,2026-07-05T09:16:55Z,2026-07-05T09:16:55Z,2026-07-05T09:16:25Z,2.2,https://gbfs.kappa.fifteen.eu/gbfs/2.2/mobi/en/gbfs.json,https://gbfs.kappa.fifteen.eu/gbfs/2.2/mobi/en/free_bike_status.json,2026-07-05T09:16:54Z,2026-07-05T09:16:54Z
mobi_vancouver,mobi_vancouver_b97b8c5e-3c5e-4fca-ab83-eda2104004bc,b97b8c5e-3c5e-4fca-ab83-eda2104004bc,49.27023,-123.10651,2,FALSE,FALSE,40000,0174,1783242986,2026-07-05T09:16:55Z,2026-07-05T09:16:55Z,2026-07-05T09:16:25Z,2.2,https://gbfs.kappa.fifteen.eu/gbfs/2.2/mobi/en/gbfs.json,https://gbfs.kappa.fifteen.eu/gbfs/2.2/mobi/en/free_bike_status.json,2026-07-05T09:16:54Z,2026-07-05T09:16:54Z
mobi_vancouver,mobi_vancouver_933f2d58-98b7-47f5-b702-0a54c8bde3b1,933f2d58-98b7-47f5-b702-0a54c8bde3b1,49.27023,-123.10651,2,FALSE,FALSE,40000,0174,1783242986,2026-07-05T09:16:55Z,2026-07-05T09:16:55Z,2026-07-05T09:16:25Z,2.2,https://gbfs.kappa.fifteen.eu/gbfs/2.2/mobi/en/gbfs.json,https://gbfs.kappa.fifteen.eu/gbfs/2.2/mobi/en/free_bike_status.json,2026-07-05T09:16:54Z,2026-07-05T09:16:54Z
mobi_vancouver,mobi_vancouver_bb81e589-284b-419e-9935-073c3e7a7261,bb81e589-284b-419e-9935-073c3e7a7261,49.265939,-123.1129,2,FALSE,FALSE,40000,0171,1783242986,2026-07-05T09:16:55Z,2026-07-05T09:16:55Z,2026-07-05T09:16:25Z,2.2,https://gbfs.kappa.fifteen.eu/gbfs/2.2/mobi/en/gbfs.json,https://gbfs.kappa.fifteen.eu/gbfs/2.2/mobi/en/free_bike_status.json,2026-07-05T09:16:54Z,2026-07-05T09:16:54Z
mobi_vancouver,mobi_vancouver_3c973b48-7331-4f27-8835-0cb137065a6a,3c973b48-7331-4f27-8835-0cb137065a6a,49.277178,-123.13,2,FALSE,FALSE,40000,0196,1783242986,2026-07-05T09:16:55Z,2026-07-05T09:16:55Z,2026-07-05T09:16:25Z,2.2,https://gbfs.kappa.fifteen.eu/gbfs/2.2/mobi/en/gbfs.json,https://gbfs.kappa.fifteen.eu/gbfs/2.2/mobi/en/free_bike_status.json,2026-07-05T09:16:54Z,2026-07-05T09:16:54Z
mobi_vancouver,mobi_vancouver_87195925-fb92-4834-907a-82aa89d0909b,87195925-fb92-4834-907a-82aa89d0909b,49.277178,-123.13,2,FALSE,FALSE,40000,0196,1783242986,2026-07-05T09:16:55Z,2026-07-05T09:16:55Z,2026-07-05T09:16:25Z,2.2,https://gbfs.kappa.fifteen.eu/gbfs/2.2/mobi/en/gbfs.json,https://gbfs.kappa.fifteen.eu/gbfs/2.2/mobi/en/free_bike_status.json,2026-07-05T09:16:54Z,2026-07-05T09:16:54Z
mobi_vancouver,mobi_vancouver_ae348a3b-9f8b-462f-97a4-93910ac546d8,ae348a3b-9f8b-462f-97a4-93910ac546d8,49.277178,-123.13,2,FALSE,FALSE,40000,0196,1783242986,2026-07-05T09:16:55Z,2026-07-05T09:16:55Z,2026-07-05T09:16:25Z,2.2,https://gbfs.kappa.fifteen.eu/gbfs/2.2/mobi/en/gbfs.json,https://gbfs.kappa.fifteen.eu/gbfs/2.2/mobi/en/free_bike_status.json,2026-07-05T09:16:54Z,2026-07-05T09:16:54Z
mobi_vancouver,mobi_vancouver_aa58339e-292a-4f05-a5d6-400083a95cb0,aa58339e-292a-4f05-a5d6-400083a95cb0,49.281301,-123.139108,2,FALSE,FALSE,40000,0084,1783242986,2026-07-05T09:16:55Z,2026-07-05T09:16:55Z,2026-07-05T09:16:25Z,2.2,https://gbfs.kappa.fifteen.eu/gbfs/2.2/mobi/en/gbfs.json,https://gbfs.kappa.fifteen.eu/gbfs/2.2/mobi/en/free_bike_status.json,2026-07-05T09:16:54Z,2026-07-05T09:16:54Z
mobi_vancouver,mobi_vancouver_7642825a-c2ac-4290-9bf6-6e135b5bcd45,7642825a-c2ac-4290-9bf6-6e135b5bcd45,49.297933,-123.130758,2,FALSE,FALSE,40000,0209,1783242986,2026-07-05T09:16:55Z,2026-07-05T09:16:55Z,2026-07-05T09:16:25Z,2.2,https://gbfs.kappa.fifteen.eu/gbfs/2.2/mobi/en/gbfs.json,https://gbfs.kappa.fifteen.eu/gbfs/2.2/mobi/en/free_bike_status.json,2026-07-05T09:16:54Z,2026-07-05T09:16:54Z
mobi_vancouver,mobi_vancouver_898648a6-a2ed-41e7-b44a-d9c0f06a6fe2,898648a6-a2ed-41e7-b44a-d9c0f06a6fe2,49.283749,-123.136133,2,FALSE,FALSE,40000,0087,1783242986,2026-07-05T09:16:55Z,2026-07-05T09:16:55Z,2026-07-05T09:16:25Z,2.2,https://gbfs.kappa.fifteen.eu/gbfs/2.2/mobi/en/gbfs.json,https://gbfs.kappa.fifteen.eu/gbfs/2.2/mobi/en/free_bike_status.json,2026-07-05T09:16:54Z,2026-07-05T09:16:54Z
mobi_vancouver,mobi_vancouver_5dec6277-8f9d-47cd-b21e-9becf1c96833,5dec6277-8f9d-47cd-b21e-9becf1c96833,49.277595,-123.09583,2,FALSE,FALSE,40000,0212,1783242986,2026-07-05T09:16:55Z,2026-07-05T09:16:55Z,2026-07-05T09:16:25Z,2.2,https://gbfs.kappa.fifteen.eu/gbfs/2.2/mobi/en/gbfs.json,https://gbfs.kappa.fifteen.eu/gbfs/2.2/mobi/en/free_bike_status.json,2026-07-05T09:16:54Z,2026-07-05T09:16:54Z
mobi_vancouver,mobi_vancouver_f9efa2cf-8a72-48b5-9d20-6a3ebbaf90d2,f9efa2cf-8a72-48b5-9d20-6a3ebbaf90d2,49.267628,-123.127698,2,FALSE,FALSE,40000,0143,1783242986,2026-07-05T09:16:55Z,2026-07-05T09:16:55Z,2026-07-05T09:16:25Z,2.2,https://gbfs.kappa.fifteen.eu/gbfs/2.2/mobi/en/gbfs.json,https://gbfs.kappa.fifteen.eu/gbfs/2.2/mobi/en/free_bike_status.json,2026-07-05T09:16:54Z,2026-07-05T09:16:54Z
mobi_vancouver,mobi_vancouver_927fca9b-05a0-496a-9024-34608180dc43,927fca9b-05a0-496a-9024-34608180dc43,49.273103,-123.069892,2,FALSE,FALSE,40000,0235,1783242986,2026-07-05T09:16:55Z,2026-07-05T09:16:55Z,2026-07-05T09:16:25Z,2.2,https://gbfs.kappa.fifteen.eu/gbfs/2.2/mobi/en/gbfs.json,https://gbfs.kappa.fifteen.eu/gbfs/2.2/mobi/en/free_bike_status.json,2026-07-05T09:16:54Z,2026-07-05T09:16:54Z
mobi_vancouver,mobi_vancouver_ab1951a3-a318-4968-a51f-b4fca9200127,ab1951a3-a318-4968-a51f-b4fca9200127,49.28567,-123.112543,2,FALSE,FALSE,40000,0021,1783242986,2026-07-05T09:16:55Z,2026-07-05T09:16:55Z,2026-07-05T09:16:25Z,2.2,https://gbfs.kappa.fifteen.eu/gbfs/2.2/mobi/en/gbfs.json,https://gbfs.kappa.fifteen.eu/gbfs/2.2/mobi/en/free_bike_status.json,2026-07-05T09:16:54Z,2026-07-05T09:16:54Z
mobi_vancouver,mobi_vancouver_5ee53500-5156-496a-a817-125d2712686b,5ee53500-5156-496a-a817-125d2712686b,49.258761,-123.127071,2,FALSE,FALSE,40000,0202,1783242986,2026-07-05T09:16:55Z,2026-07-05T09:16:55Z,2026-07-05T09:16:25Z,2.2,https://gbfs.kappa.fifteen.eu/gbfs/2.2/mobi/en/gbfs.json,https://gbfs.kappa.fifteen.eu/gbfs/2.2/mobi/en/free_bike_status.json,2026-07-05T09:16:54Z,2026-07-05T09:16:54Z
mobi_vancouver,mobi_vancouver_807c7b03-4903-4682-893c-5eacc00a0fe6,807c7b03-4903-4682-893c-5eacc00a0fe6,49.28763,-123.127245,2,FALSE,FALSE,40000,0207,1783242986,2026-07-05T09:16:55Z,2026-07-05T09:16:55Z,2026-07-05T09:16:25Z,2.2,https://gbfs.kappa.fifteen.eu/gbfs/2.2/mobi/en/gbfs.json,https://gbfs.kappa.fifteen.eu/gbfs/2.2/mobi/en/free_bike_status.json,2026-07-05T09:16:54Z,2026-07-05T09:16:54Z
mobi_vancouver,mobi_vancouver_b1b83316-a8b4-4a4f-83df-59952bae7e90,b1b83316-a8b4-4a4f-83df-59952bae7e90,49.27033,-123.10275,2,FALSE,FALSE,40000,0177,1783242986,2026-07-05T09:16:55Z,2026-07-05T09:16:55Z,2026-07-05T09:16:25Z,2.2,https://gbfs.kappa.fifteen.eu/gbfs/2.2/mobi/en/gbfs.json,https://gbfs.kappa.fifteen.eu/gbfs/2.2/mobi/en/free_bike_status.json,2026-07-05T09:16:54Z,2026-07-05T09:16:54Z
mobi_vancouver,mobi_vancouver_37969553-d3a5-4886-9b25-938966f8ff1a,37969553-d3a5-4886-9b25-938966f8ff1a,49.282503,-123.124697,2,FALSE,FALSE,40000,0217,1783242986,2026-07-05T09:16:55Z,2026-07-05T09:16:55Z,2026-07-05T09:16:25Z,2.2,https://gbfs.kappa.fifteen.eu/gbfs/2.2/mobi/en/gbfs.json,https://gbfs.kappa.fifteen.eu/gbfs/2.2/mobi/en/free_bike_status.json,2026-07-05T09:16:54Z,2026-07-05T09:16:54Z
mobi_vancouver,mobi_vancouver_de3a6320-94b2-48be-a2fc-110abc09fc2d,de3a6320-94b2-48be-a2fc-110abc09fc2d,49.282503,-123.124697,2,FALSE,FALSE,40000,0217,1783242986,2026-07-05T09:16:55Z,2026-07-05T09:16:55Z,2026-07-05T09:16:25Z,2.2,https://gbfs.kappa.fifteen.eu/gbfs/2.2/mobi/en/gbfs.json,https://gbfs.kappa.fifteen.eu/gbfs/2.2/mobi/en/free_bike_status.json,2026-07-05T09:16:54Z,2026-07-05T09:16:54Z
mobi_vancouver,mobi_vancouver_9a5a279a-f938-46eb-81ba-ef330be2978b,9a5a279a-f938-46eb-81ba-ef330be2978b,49.290587,-123.13625,2,FALSE,FALSE,40000,0122,1783242986,2026-07-05T09:16:55Z,2026-07-05T09:16:55Z,2026-07-05T09:16:25Z,2.2,https://gbfs.kappa.fifteen.eu/gbfs/2.2/mobi/en/gbfs.json,https://gbfs.kappa.fifteen.eu/gbfs/2.2/mobi/en/free_bike_status.json,2026-07-05T09:16:54Z,2026-07-05T09:16:54Z
mobi_vancouver,mobi_vancouver_7cc260d8-78c4-47e0-b357-283e1d711017,7cc260d8-78c4-47e0-b357-283e1d711017,49.264326,-123.164725,2,FALSE,FALSE,40000,0464,1783242986,2026-07-05T09:16:55Z,2026-07-05T09:16:55Z,2026-07-05T09:16:25Z,2.2,https://gbfs.kappa.fifteen.eu/gbfs/2.2/mobi/en/gbfs.json,https://gbfs.kappa.fifteen.eu/gbfs/2.2/mobi/en/free_bike_status.json,2026-07-05T09:16:54Z,2026-07-05T09:16:54Z
mobi_vancouver,mobi_vancouver_994ffa61-0ba7-43cd-a039-251bb9960cc7,994ffa61-0ba7-43cd-a039-251bb9960cc7,49.255034,-123.120226,2,FALSE,FALSE,40000,0511,1783242986,2026-07-05T09:16:55Z,2026-07-05T09:16:55Z,2026-07-05T09:16:25Z,2.2,https://gbfs.kappa.fifteen.eu/gbfs/2.2/mobi/en/gbfs.json,https://gbfs.kappa.fifteen.eu/gbfs/2.2/mobi/en/free_bike_status.json,2026-07-05T09:16:54Z,2026-07-05T09:16:54Z
mobi_vancouver,mobi_vancouver_c031a8a6-1048-4f8b-ae7e-741f93538046,c031a8a6-1048-4f8b-ae7e-741f93538046,49.245535,-123.120496,2,FALSE,FALSE,40000,0516,1783242986,2026-07-05T09:16:55Z,2026-07-05T09:16:55Z,2026-07-05T09:16:25Z,2.2,https://gbfs.kappa.fifteen.eu/gbfs/2.2/mobi/en/gbfs.json,https://gbfs.kappa.fifteen.eu/gbfs/2.2/mobi/en/free_bike_status.json,2026-07-05T09:16:54Z,2026-07-05T09:16:54Z
mobi_vancouver,mobi_vancouver_4f9c57e0-b8c2-4c8f-a3d2-901c07c7b59c,4f9c57e0-b8c2-4c8f-a3d2-901c07c7b59c,49.267561,-123.252261,2,FALSE,FALSE,40000,2132,1783242986,2026-07-05T09:16:55Z,2026-07-05T09:16:55Z,2026-07-05T09:16:25Z,2.2,https://gbfs.kappa.fifteen.eu/gbfs/2.2/mobi/en/gbfs.json,https://gbfs.kappa.fifteen.eu/gbfs/2.2/mobi/en/free_bike_status.json,2026-07-05T09:16:54Z,2026-07-05T09:16:54Z
mobi_vancouver,mobi_vancouver_ef441507-5875-4d28-9c64-09a653488a0f,ef441507-5875-4d28-9c64-09a653488a0f,49.263073,-123.254307,2,FALSE,FALSE,40000,2114,1783242986,2026-07-05T09:16:55Z,2026-07-05T09:16:55Z,2026-07-05T09:16:25Z,2.2,https://gbfs.kappa.fifteen.eu/gbfs/2.2/mobi/en/gbfs.json,https://gbfs.kappa.fifteen.eu/gbfs/2.2/mobi/en/free_bike_status.json,2026-07-05T09:16:54Z,2026-07-05T09:16:54Z
mobi_vancouver,mobi_vancouver_c6b5583c-e11c-4fd3-a911-1a74490addf4,c6b5583c-e11c-4fd3-a911-1a74490addf4,49.263073,-123.254307,2,FALSE,FALSE,40000,2114,1783242986,2026-07-05T09:16:55Z,2026-07-05T09:16:55Z,2026-07-05T09:16:25Z,2.2,https://gbfs.kappa.fifteen.eu/gbfs/2.2/mobi/en/gbfs.json,https://gbfs.kappa.fifteen.eu/gbfs/2.2/mobi/en/free_bike_status.json,2026-07-05T09:16:54Z,2026-07-05T09:16:54Z
mobi_vancouver,mobi_vancouver_2c693607-ec83-46c1-b57b-7ef78826ec72,2c693607-ec83-46c1-b57b-7ef78826ec72,49.263073,-123.254307,2,FALSE,FALSE,40000,2114,1783242986,2026-07-05T09:16:55Z,2026-07-05T09:16:55Z,2026-07-05T09:16:25Z,2.2,https://gbfs.kappa.fifteen.eu/gbfs/2.2/mobi/en/gbfs.json,https://gbfs.kappa.fifteen.eu/gbfs/2.2/mobi/en/free_bike_status.json,2026-07-05T09:16:54Z,2026-07-05T09:16:54Z
mobi_vancouver,mobi_vancouver_3a9409d5-8f97-414e-bdb6-93abe8d3e158,3a9409d5-8f97-414e-bdb6-93abe8d3e158,49.263073,-123.254307,2,FALSE,FALSE,40000,2114,1783242986,2026-07-05T09:16:55Z,2026-07-05T09:16:55Z,2026-07-05T09:16:25Z,2.2,https://gbfs.kappa.fifteen.eu/gbfs/2.2/mobi/en/gbfs.json,https://gbfs.kappa.fifteen.eu/gbfs/2.2/mobi/en/free_bike_status.json,2026-07-05T09:16:54Z,2026-07-05T09:16:54Z
mobi_vancouver,mobi_vancouver_98293a24-2cbc-49eb-8943-ed1e580c95a2,98293a24-2cbc-49eb-8943-ed1e580c95a2,49.25478,-123.23621,2,FALSE,FALSE,40000,2252,1783242986,2026-07-05T09:16:55Z,2026-07-05T09:16:55Z,2026-07-05T09:16:25Z,2.2,https://gbfs.kappa.fifteen.eu/gbfs/2.2/mobi/en/gbfs.json,https://gbfs.kappa.fifteen.eu/gbfs/2.2/mobi/en/free_bike_status.json,2026-07-05T09:16:54Z,2026-07-05T09:16:54Z
mobi_vancouver,mobi_vancouver_f2eb0ec3-48df-4588-adaa-83aa5b772b40,f2eb0ec3-48df-4588-adaa-83aa5b772b40,49.25478,-123.23621,2,FALSE,FALSE,40000,2252,1783242986,2026-07-05T09:16:55Z,2026-07-05T09:16:55Z,2026-07-05T09:16:25Z,2.2,https://gbfs.kappa.fifteen.eu/gbfs/2.2/mobi/en/gbfs.json,https://gbfs.kappa.fifteen.eu/gbfs/2.2/mobi/en/free_bike_status.json,2026-07-05T09:16:54Z,2026-07-05T09:16:54Z
mobi_vancouver,mobi_vancouver_6b2f8f84-74db-4b95-b47d-3e60e37417e7,6b2f8f84-74db-4b95-b47d-3e60e37417e7,49.269172,-123.25279,2,FALSE,FALSE,40000,2131,1783242986,2026-07-05T09:16:55Z,2026-07-05T09:16:55Z,2026-07-05T09:16:25Z,2.2,https://gbfs.kappa.fifteen.eu/gbfs/2.2/mobi/en/gbfs.json,https://gbfs.kappa.fifteen.eu/gbfs/2.2/mobi/en/free_bike_status.json,2026-07-05T09:16:54Z,2026-07-05T09:16:54Z
mobi_vancouver,mobi_vancouver_8cf42f74-2361-4eb5-beab-09408d80c9a8,8cf42f74-2361-4eb5-beab-09408d80c9a8,49.269172,-123.25279,2,FALSE,FALSE,40000,2131,1783242986,2026-07-05T09:16:55Z,2026-07-05T09:16:55Z,2026-07-05T09:16:25Z,2.2,https://gbfs.kappa.fifteen.eu/gbfs/2.2/mobi/en/gbfs.json,https://gbfs.kappa.fifteen.eu/gbfs/2.2/mobi/en/free_bike_status.json,2026-07-05T09:16:54Z,2026-07-05T09:16:54Z
mobi_vancouver,mobi_vancouver_33f7d131-f5a0-483c-b11a-c214c41f674e,33f7d131-f5a0-483c-b11a-c214c41f674e,49.261655,-123.241924,2,FALSE,FALSE,40000,2157,1783242986,2026-07-05T09:16:55Z,2026-07-05T09:16:55Z,2026-07-05T09:16:25Z,2.2,https://gbfs.kappa.fifteen.eu/gbfs/2.2/mobi/en/gbfs.json,https://gbfs.kappa.fifteen.eu/gbfs/2.2/mobi/en/free_bike_status.json,2026-07-05T09:16:54Z,2026-07-05T09:16:54Z
mobi_vancouver,mobi_vancouver_ab1e892d-01f0-4c52-a4b2-cb904033cd6f,ab1e892d-01f0-4c52-a4b2-cb904033cd6f,49.261655,-123.241924,2,FALSE,FALSE,40000,2157,1783242986,2026-07-05T09:16:55Z,2026-07-05T09:16:55Z,2026-07-05T09:16:25Z,2.2,https://gbfs.kappa.fifteen.eu/gbfs/2.2/mobi/en/gbfs.json,https://gbfs.kappa.fifteen.eu/gbfs/2.2/mobi/en/free_bike_status.json,2026-07-05T09:16:54Z,2026-07-05T09:16:54Z
mobi_vancouver,mobi_vancouver_9a91d939-f5b4-456a-ab2e-235bc10faa0a,9a91d939-f5b4-456a-ab2e-235bc10faa0a,49.261736,-123.24648,2,FALSE,FALSE,40000,2136,1783242986,2026-07-05T09:16:55Z,2026-07-05T09:16:55Z,2026-07-05T09:16:25Z,2.2,https://gbfs.kappa.fifteen.eu/gbfs/2.2/mobi/en/gbfs.json,https://gbfs.kappa.fifteen.eu/gbfs/2.2/mobi/en/free_bike_status.json,2026-07-05T09:16:54Z,2026-07-05T09:16:54Z
mobi_vancouver,mobi_vancouver_8a0fe954-74c9-4225-a3ae-ad8f77c7b086,8a0fe954-74c9-4225-a3ae-ad8f77c7b086,49.25976,-123.2479,2,FALSE,FALSE,40000,2127,1783242986,2026-07-05T09:16:55Z,2026-07-05T09:16:55Z,2026-07-05T09:16:25Z,2.2,https://gbfs.kappa.fifteen.eu/gbfs/2.2/mobi/en/gbfs.json,https://gbfs.kappa.fifteen.eu/gbfs/2.2/mobi/en/free_bike_status.json,2026-07-05T09:16:54Z,2026-07-05T09:16:54Z
mobi_vancouver,mobi_vancouver_32529a3e-034d-4733-8198-947f7beba28d,32529a3e-034d-4733-8198-947f7beba28d,49.2585,-123.2521,2,FALSE,FALSE,40000,2117,1783242986,2026-07-05T09:16:55Z,2026-07-05T09:16:55Z,2026-07-05T09:16:25Z,2.2,https://gbfs.kappa.fifteen.eu/gbfs/2.2/mobi/en/gbfs.json,https://gbfs.kappa.fifteen.eu/gbfs/2.2/mobi/en/free_bike_status.json,2026-07-05T09:16:54Z,2026-07-05T09:16:54Z
mobi_vancouver,mobi_vancouver_59717343-fd94-49f2-9cf3-4cc87af8fa11,59717343-fd94-49f2-9cf3-4cc87af8fa11,49.26278,-123.23712,2,FALSE,FALSE,40000,2167,1783242986,2026-07-05T09:16:55Z,2026-07-05T09:16:55Z,2026-07-05T09:16:25Z,2.2,https://gbfs.kappa.fifteen.eu/gbfs/2.2/mobi/en/gbfs.json,https://gbfs.kappa.fifteen.eu/gbfs/2.2/mobi/en/free_bike_status.json,2026-07-05T09:16:54Z,2026-07-05T09:16:54Z
mobi_vancouver,mobi_vancouver_dcc4a0f8-e11e-42f0-852b-7cf4e29be299,dcc4a0f8-e11e-42f0-852b-7cf4e29be299,49.27709,-123.07589,2,FALSE,FALSE,40000,,1783242986,2026-07-05T09:16:55Z,2026-07-05T09:16:55Z,2026-07-05T09:16:25Z,2.2,https://gbfs.kappa.fifteen.eu/gbfs/2.2/mobi/en/gbfs.json,https://gbfs.kappa.fifteen.eu/gbfs/2.2/mobi/en/free_bike_status.json,2026-07-05T09:16:54Z,2026-07-05T09:16:54Z
mobi_vancouver,mobi_vancouver_6eef2f8d-f42a-4cd6-b0c4-146d5a30dd4c,6eef2f8d-f42a-4cd6-b0c4-146d5a30dd4c,49.27709,-123.07589,2,FALSE,FALSE,40000,,1783242986,2026-07-05T09:16:55Z,2026-07-05T09:16:55Z,2026-07-05T09:16:25Z,2.2,https://gbfs.kappa.fifteen.eu/gbfs/2.2/mobi/en/gbfs.json,https://gbfs.kappa.fifteen.eu/gbfs/2.2/mobi/en/free_bike_status.json,2026-07-05T09:16:54Z,2026-07-05T09:16:54Z
mobi_vancouver,mobi_vancouver_f4075277-abcb-47b1-b894-74e85f171d23,f4075277-abcb-47b1-b894-74e85f171d23,49.27709,-123.07589,2,FALSE,FALSE,40000,,1783242986,2026-07-05T09:16:55Z,2026-07-05T09:16:55Z,2026-07-05T09:16:25Z,2.2,https://gbfs.kappa.fifteen.eu/gbfs/2.2/mobi/en/gbfs.json,https://gbfs.kappa.fifteen.eu/gbfs/2.2/mobi/en/free_bike_status.json,2026-07-05T09:16:54Z,2026-07-05T09:16:54Z
mobi_vancouver,mobi_vancouver_fcac99c4-a044-488c-8c57-af0fb954ed24,fcac99c4-a044-488c-8c57-af0fb954ed24,49.27709,-123.07589,2,FALSE,FALSE,40000,,1783242986,2026-07-05T09:16:55Z,2026-07-05T09:16:55Z,2026-07-05T09:16:25Z,2.2,https://gbfs.kappa.fifteen.eu/gbfs/2.2/mobi/en/gbfs.json,https://gbfs.kappa.fifteen.eu/gbfs/2.2/mobi/en/free_bike_status.json,2026-07-05T09:16:54Z,2026-07-05T09:16:54Z
mobi_vancouver,mobi_vancouver_ee3245fe-2176-4e1e-b067-b659105ca9cb,ee3245fe-2176-4e1e-b067-b659105ca9cb,49.276768,-123.075636,2,FALSE,TRUE,0,,1783242986,2026-07-05T09:16:55Z,2026-07-05T09:16:55Z,2026-07-05T09:16:25Z,2.2,https://gbfs.kappa.fifteen.eu/gbfs/2.2/mobi/en/gbfs.json,https://gbfs.kappa.fifteen.eu/gbfs/2.2/mobi/en/free_bike_status.json,2026-07-05T09:16:54Z,2026-07-05T09:16:54Z
mobi_vancouver,mobi_vancouver_d29fa9aa-c1ca-47d8-bc32-cdfa8f4b58b6,d29fa9aa-c1ca-47d8-bc32-cdfa8f4b58b6,49.276768,-123.075636,2,FALSE,TRUE,0,,1783242986,2026-07-05T09:16:55Z,2026-07-05T09:16:55Z,2026-07-05T09:16:25Z,2.2,https://gbfs.kappa.fifteen.eu/gbfs/2.2/mobi/en/gbfs.json,https://gbfs.kappa.fifteen.eu/gbfs/2.2/mobi/en/free_bike_status.json,2026-07-05T09:16:54Z,2026-07-05T09:16:54Z
mobi_vancouver,mobi_vancouver_78c1925c-30da-4862-953f-ef429659bf16,78c1925c-30da-4862-953f-ef429659bf16,49.2585,-123.2521,1,FALSE,TRUE,0,2117,1783242986,2026-07-05T09:16:55Z,2026-07-05T09:16:55Z,2026-07-05T09:16:25Z,2.2,https://gbfs.kappa.fifteen.eu/gbfs/2.2/mobi/en/gbfs.json,https://gbfs.kappa.fifteen.eu/gbfs/2.2/mobi/en/free_bike_status.json,2026-07-05T09:16:54Z,2026-07-05T09:16:54Z
mobi_vancouver,mobi_vancouver_4080ad86-09c6-4669-a226-59a70d1fb418,4080ad86-09c6-4669-a226-59a70d1fb418,49.276768,-123.075636,2,FALSE,FALSE,2400,,1783242986,2026-07-05T09:16:55Z,2026-07-05T09:16:55Z,2026-07-05T09:16:25Z,2.2,https://gbfs.kappa.fifteen.eu/gbfs/2.2/mobi/en/gbfs.json,https://gbfs.kappa.fifteen.eu/gbfs/2.2/mobi/en/free_bike_status.json,2026-07-05T09:16:54Z,2026-07-05T09:16:54Z
mobi_vancouver,mobi_vancouver_b336eb24-a952-40fd-992b-ade1b52630d2,b336eb24-a952-40fd-992b-ade1b52630d2,49.276768,-123.075636,2,FALSE,FALSE,8000,,1783242986,2026-07-05T09:16:55Z,2026-07-05T09:16:55Z,2026-07-05T09:16:25Z,2.2,https://gbfs.kappa.fifteen.eu/gbfs/2.2/mobi/en/gbfs.json,https://gbfs.kappa.fifteen.eu/gbfs/2.2/mobi/en/free_bike_status.json,2026-07-05T09:16:54Z,2026-07-05T09:16:54Z
mobi_vancouver,mobi_vancouver_6d49fc69-0aaa-4fc7-98ed-e7f8399fbc8e,6d49fc69-0aaa-4fc7-98ed-e7f8399fbc8e,49.287492,-123.060695,2,FALSE,FALSE,8400,0611,1783242986,2026-07-05T09:16:55Z,2026-07-05T09:16:55Z,2026-07-05T09:16:25Z,2.2,https://gbfs.kappa.fifteen.eu/gbfs/2.2/mobi/en/gbfs.json,https://gbfs.kappa.fifteen.eu/gbfs/2.2/mobi/en/free_bike_status.json,2026-07-05T09:16:54Z,2026-07-05T09:16:54Z
mobi_vancouver,mobi_vancouver_61c9cbe4-e3f5-48ad-9bc7-a9d7078b53e5,61c9cbe4-e3f5-48ad-9bc7-a9d7078b53e5,49.282409,-123.118541,2,FALSE,FALSE,9600,0015,1783242986,2026-07-05T09:16:55Z,2026-07-05T09:16:55Z,2026-07-05T09:16:25Z,2.2,https://gbfs.kappa.fifteen.eu/gbfs/2.2/mobi/en/gbfs.json,https://gbfs.kappa.fifteen.eu/gbfs/2.2/mobi/en/free_bike_status.json,2026-07-05T09:16:54Z,2026-07-05T09:16:54Z
mobi_vancouver,mobi_vancouver_15d9e222-e671-413d-b6f8-c568c21476b0,15d9e222-e671-413d-b6f8-c568c21476b0,49.26875,-123.25004,1,FALSE,FALSE,9600,2142,1783242986,2026-07-05T09:16:55Z,2026-07-05T09:16:55Z,2026-07-05T09:16:25Z,2.2,https://gbfs.kappa.fifteen.eu/gbfs/2.2/mobi/en/gbfs.json,https://gbfs.kappa.fifteen.eu/gbfs/2.2/mobi/en/free_bike_status.json,2026-07-05T09:16:54Z,2026-07-05T09:16:54Z
mobi_vancouver,mobi_vancouver_a2d4d0cf-63b7-4afa-971c-de9a95f3d058,a2d4d0cf-63b7-4afa-971c-de9a95f3d058,49.262835,-123.152626,1,FALSE,FALSE,10400,0075,1783242986,2026-07-05T09:16:55Z,2026-07-05T09:16:55Z,2026-07-05T09:16:25Z,2.2,https://gbfs.kappa.fifteen.eu/gbfs/2.2/mobi/en/gbfs.json,https://gbfs.kappa.fifteen.eu/gbfs/2.2/mobi/en/free_bike_status.json,2026-07-05T09:16:54Z,2026-07-05T09:16:54Z
mobi_vancouver,mobi_vancouver_8fba3ddf-f397-419a-a659-bf45f91c2b13,8fba3ddf-f397-419a-a659-bf45f91c2b13,49.277469,-123.081315,2,FALSE,FALSE,11200,0221,1783242986,2026-07-05T09:16:55Z,2026-07-05T09:16:55Z,2026-07-05T09:16:25Z,2.2,https://gbfs.kappa.fifteen.eu/gbfs/2.2/mobi/en/gbfs.json,https://gbfs.kappa.fifteen.eu/gbfs/2.2/mobi/en/free_bike_status.json,2026-07-05T09:16:54Z,2026-07-05T09:16:54Z
mobi_vancouver,mobi_vancouver_3c75e92e-9307-4cda-b98a-a47482e90d83,3c75e92e-9307-4cda-b98a-a47482e90d83,49.276768,-123.075636,1,FALSE,FALSE,11600,,1783242986,2026-07-05T09:16:55Z,2026-07-05T09:16:55Z,2026-07-05T09:16:25Z,2.2,https://gbfs.kappa.fifteen.eu/gbfs/2.2/mobi/en/gbfs.json,https://gbfs.kappa.fifteen.eu/gbfs/2.2/mobi/en/free_bike_status.json,2026-07-05T09:16:54Z,2026-07-05T09:16:54Z
mobi_vancouver,mobi_vancouver_56c0f7ac-752f-452d-a88f-f0b980fc7cd9,56c0f7ac-752f-452d-a88f-f0b980fc7cd9,49.264215,-123.117772,1,FALSE,FALSE,12000,0008,1783242986,2026-07-05T09:16:55Z,2026-07-05T09:16:55Z,2026-07-05T09:16:25Z,2.2,https://gbfs.kappa.fifteen.eu/gbfs/2.2/mobi/en/gbfs.json,https://gbfs.kappa.fifteen.eu/gbfs/2.2/mobi/en/free_bike_status.json,2026-07-05T09:16:54Z,2026-07-05T09:16:54Z
mobi_vancouver,mobi_vancouver_854ac243-2993-40de-baa2-cd19fe63dd90,854ac243-2993-40de-baa2-cd19fe63dd90,49.276768,-123.075636,2,FALSE,FALSE,12400,,1783242986,2026-07-05T09:16:55Z,2026-07-05T09:16:55Z,2026-07-05T09:16:25Z,2.2,https://gbfs.kappa.fifteen.eu/gbfs/2.2/mobi/en/gbfs.json,https://gbfs.kappa.fifteen.eu/gbfs/2.2/mobi/en/free_bike_status.json,2026-07-05T09:16:54Z,2026-07-05T09:16:54Z
mobi_vancouver,mobi_vancouver_48a6be2a-209e-4b13-a75a-dbf6f5a9d245,48a6be2a-209e-4b13-a75a-dbf6f5a9d245,49.27808,-123.130557,1,FALSE,FALSE,12800,0089,1783242986,2026-07-05T09:16:55Z,2026-07-05T09:16:55Z,2026-07-05T09:16:25Z,2.2,https://gbfs.kappa.fifteen.eu/gbfs/2.2/mobi/en/gbfs.json,https://gbfs.kappa.fifteen.eu/gbfs/2.2/mobi/en/free_bike_status.json,2026-07-05T09:16:54Z,2026-07-05T09:16:54Z
mobi_vancouver,mobi_vancouver_3da229ad-b87a-4aca-b7ca-86cb9cb76d9c,3da229ad-b87a-4aca-b7ca-86cb9cb76d9c,49.270905,-123.126006,1,FALSE,FALSE,12800,0136,1783242986,2026-07-05T09:16:55Z,2026-07-05T09:16:55Z,2026-07-05T09:16:25Z,2.2,https://gbfs.kappa.fifteen.eu/gbfs/2.2/mobi/en/gbfs.json,https://gbfs.kappa.fifteen.eu/gbfs/2.2/mobi/en/free_bike_status.json,2026-07-05T09:16:54Z,2026-07-05T09:16:54Z
mobi_vancouver,mobi_vancouver_e118e838-4966-457d-86e0-c40d8a28f8eb,e118e838-4966-457d-86e0-c40d8a28f8eb,49.276768,-123.075636,1,FALSE,FALSE,13200,,1783242986,2026-07-05T09:16:55Z,2026-07-05T09:16:55Z,2026-07-05T09:16:25Z,2.2,https://gbfs.kappa.fifteen.eu/gbfs/2.2/mobi/en/gbfs.json,https://gbfs.kappa.fifteen.eu/gbfs/2.2/mobi/en/free_bike_status.json,2026-07-05T09:16:54Z,2026-07-05T09:16:54Z
mobi_vancouver,mobi_vancouver_bcf65cca-9644-49ff-ba4e-6dbfe1703dd3,bcf65cca-9644-49ff-ba4e-6dbfe1703dd3,49.277844,-123.120942,1,FALSE,FALSE,13600,0079,1783242986,2026-07-05T09:16:55Z,2026-07-05T09:16:55Z,2026-07-05T09:16:25Z,2.2,https://gbfs.kappa.fifteen.eu/gbfs/2.2/mobi/en/gbfs.json,https://gbfs.kappa.fifteen.eu/gbfs/2.2/mobi/en/free_bike_status.json,2026-07-05T09:16:54Z,2026-07-05T09:16:54Z
mobi_vancouver,mobi_vancouver_0648f567-a229-4b56-ab76-364295c255f8,0648f567-a229-4b56-ab76-364295c255f8,49.276768,-123.075636,1,FALSE,FALSE,14000,,1783242986,2026-07-05T09:16:55Z,2026-07-05T09:16:55Z,2026-07-05T09:16:25Z,2.2,https://gbfs.kappa.fifteen.eu/gbfs/2.2/mobi/en/gbfs.json,https://gbfs.kappa.fifteen.eu/gbfs/2.2/mobi/en/free_bike_status.json,2026-07-05T09:16:54Z,2026-07-05T09:16:54Z
mobi_vancouver,mobi_vancouver_9a6ffc65-a721-47bc-a589-5124adc5fd89,9a6ffc65-a721-47bc-a589-5124adc5fd89,49.276768,-123.075636,2,FALSE,FALSE,14000,,1783242986,2026-07-05T09:16:55Z,2026-07-05T09:16:55Z,2026-07-05T09:16:25Z,2.2,https://gbfs.kappa.fifteen.eu/gbfs/2.2/mobi/en/gbfs.json,https://gbfs.kappa.fifteen.eu/gbfs/2.2/mobi/en/free_bike_status.json,2026-07-05T09:16:54Z,2026-07-05T09:16:54Z
mobi_vancouver,mobi_vancouver_febb4628-8e80-4e7a-8bb3-0b93bdee1844,febb4628-8e80-4e7a-8bb3-0b93bdee1844,49.265005,-123.079481,1,FALSE,FALSE,14000,0236,1783242986,2026-07-05T09:16:55Z,2026-07-05T09:16:55Z,2026-07-05T09:16:25Z,2.2,https://gbfs.kappa.fifteen.eu/gbfs/2.2/mobi/en/gbfs.json,https://gbfs.kappa.fifteen.eu/gbfs/2.2/mobi/en/free_bike_status.json,2026-07-05T09:16:54Z,2026-07-05T09:16:54Z
mobi_vancouver,mobi_vancouver_69135f97-1c60-477b-b88b-234484cf512f,69135f97-1c60-477b-b88b-234484cf512f,49.258819,-123.131317,1,FALSE,FALSE,14400,0211,1783242986,2026-07-05T09:16:55Z,2026-07-05T09:16:55Z,2026-07-05T09:16:25Z,2.2,https://gbfs.kappa.fifteen.eu/gbfs/2.2/mobi/en/gbfs.json,https://gbfs.kappa.fifteen.eu/gbfs/2.2/mobi/en/free_bike_status.json,2026-07-05T09:16:54Z,2026-07-05T09:16:54Z
mobi_vancouver,mobi_vancouver_2693f859-d523-48fc-aedb-72c1ac230cec,2693f859-d523-48fc-aedb-72c1ac230cec,49.261263,-123.073707,1,FALSE,FALSE,14400,0245,1783242986,2026-07-05T09:16:55Z,2026-07-05T09:16:55Z,2026-07-05T09:16:25Z,2.2,https://gbfs.kappa.fifteen.eu/gbfs/2.2/mobi/en/gbfs.json,https://gbfs.kappa.fifteen.eu/gbfs/2.2/mobi/en/free_bike_status.json,2026-07-05T09:16:54Z,2026-07-05T09:16:54Z
mobi_vancouver,mobi_vancouver_6a4be00e-2f6f-4864-8396-3534120f9d6f,6a4be00e-2f6f-4864-8396-3534120f9d6f,49.26518,-123.25868,1,FALSE,FALSE,14800,2112,1783242986,2026-07-05T09:16:55Z,2026-07-05T09:16:55Z,2026-07-05T09:16:25Z,2.2,https://gbfs.kappa.fifteen.eu/gbfs/2.2/mobi/en/gbfs.json,https://gbfs.kappa.fifteen.eu/gbfs/2.2/mobi/en/free_bike_status.json,2026-07-05T09:16:54Z,2026-07-05T09:16:54Z
mobi_vancouver,mobi_vancouver_f697c73a-3443-465a-9265-0152d975f8e0,f697c73a-3443-465a-9265-0152d975f8e0,49.262062,-123.104656,1,FALSE,FALSE,15200,0176,1783242986,2026-07-05T09:16:55Z,2026-07-05T09:16:55Z,2026-07-05T09:16:25Z,2.2,https://gbfs.kappa.fifteen.eu/gbfs/2.2/mobi/en/gbfs.json,https://gbfs.kappa.fifteen.eu/gbfs/2.2/mobi/en/free_bike_status.json,2026-07-05T09:16:54Z,2026-07-05T09:16:54Z
mobi_vancouver,mobi_vancouver_b9808c35-2282-400d-96ad-0fcc4986adb3,b9808c35-2282-400d-96ad-0fcc4986adb3,49.276768,-123.075636,1,FALSE,FALSE,15200,,1783242986,2026-07-05T09:16:55Z,2026-07-05T09:16:55Z,2026-07-05T09:16:25Z,2.2,https://gbfs.kappa.fifteen.eu/gbfs/2.2/mobi/en/gbfs.json,https://gbfs.kappa.fifteen.eu/gbfs/2.2/mobi/en/free_bike_status.json,2026-07-05T09:16:54Z,2026-07-05T09:16:54Z
mobi_vancouver,mobi_vancouver_f027fa0b-d6da-4028-aac5-9b631b769d68,f027fa0b-d6da-4028-aac5-9b631b769d68,49.276768,-123.075636,2,FALSE,FALSE,15200,,1783242986,2026-07-05T09:16:55Z,2026-07-05T09:16:55Z,2026-07-05T09:16:25Z,2.2,https://gbfs.kappa.fifteen.eu/gbfs/2.2/mobi/en/gbfs.json,https://gbfs.kappa.fifteen.eu/gbfs/2.2/mobi/en/free_bike_status.json,2026-07-05T09:16:54Z,2026-07-05T09:16:54Z
mobi_vancouver,mobi_vancouver_bec9f402-f38f-4057-bac1-ef4822342989,bec9f402-f38f-4057-bac1-ef4822342989,49.276768,-123.075636,2,FALSE,FALSE,15600,,1783242986,2026-07-05T09:16:55Z,2026-07-05T09:16:55Z,2026-07-05T09:16:25Z,2.2,https://gbfs.kappa.fifteen.eu/gbfs/2.2/mobi/en/gbfs.json,https://gbfs.kappa.fifteen.eu/gbfs/2.2/mobi/en/free_bike_status.json,2026-07-05T09:16:54Z,2026-07-05T09:16:54Z
mobi_vancouver,mobi_vancouver_e642164a-0da3-4309-93ca-1da78c1a1095,e642164a-0da3-4309-93ca-1da78c1a1095,49.268616,-123.069908,1,FALSE,FALSE,15600,0240,1783242986,2026-07-05T09:16:55Z,2026-07-05T09:16:55Z,2026-07-05T09:16:25Z,2.2,https://gbfs.kappa.fifteen.eu/gbfs/2.2/mobi/en/gbfs.json,https://gbfs.kappa.fifteen.eu/gbfs/2.2/mobi/en/free_bike_status.json,2026-07-05T09:16:54Z,2026-07-05T09:16:54Z
mobi_vancouver,mobi_vancouver_b80a5e15-5a10-4ebf-b067-02bf97c3ceff,b80a5e15-5a10-4ebf-b067-02bf97c3ceff,49.276768,-123.075636,1,FALSE,FALSE,16400,,1783242986,2026-07-05T09:16:55Z,2026-07-05T09:16:55Z,2026-07-05T09:16:25Z,2.2,https://gbfs.kappa.fifteen.eu/gbfs/2.2/mobi/en/gbfs.json,https://gbfs.kappa.fifteen.eu/gbfs/2.2/mobi/en/free_bike_status.json,2026-07-05T09:16:54Z,2026-07-05T09:16:54Z
mobi_vancouver,mobi_vancouver_a58c68f5-ce94-4c7b-91ca-705b55d20dd4,a58c68f5-ce94-4c7b-91ca-705b55d20dd4,49.282214,-123.114101,1,FALSE,FALSE,17200,0012,1783242986,2026-07-05T09:16:55Z,2026-07-05T09:16:55Z,2026-07-05T09:16:25Z,2.2,https://gbfs.kappa.fifteen.eu/gbfs/2.2/mobi/en/gbfs.json,https://gbfs.kappa.fifteen.eu/gbfs/2.2/mobi/en/free_bike_status.json,2026-07-05T09:16:54Z,2026-07-05T09:16:54Z
mobi_vancouver,mobi_vancouver_a9b2a2b1-1bfd-4cb7-9620-9afc9f9cef94,a9b2a2b1-1bfd-4cb7-9620-9afc9f9cef94,49.257654,-123.153212,1,FALSE,FALSE,17200,0113,1783242986,2026-07-05T09:16:55Z,2026-07-05T09:16:55Z,2026-07-05T09:16:25Z,2.2,https://gbfs.kappa.fifteen.eu/gbfs/2.2/mobi/en/gbfs.json,https://gbfs.kappa.fifteen.eu/gbfs/2.2/mobi/en/free_bike_status.json,2026-07-05T09:16:54Z,2026-07-05T09:16:54Z
mobi_vancouver,mobi_vancouver_0b48e1dd-5845-4903-9b47-6a05de7dafe1,0b48e1dd-5845-4903-9b47-6a05de7dafe1,49.276768,-123.075636,2,FALSE,FALSE,17200,,1783242986,2026-07-05T09:16:55Z,2026-07-05T09:16:55Z,2026-07-05T09:16:25Z,2.2,https://gbfs.kappa.fifteen.eu/gbfs/2.2/mobi/en/gbfs.json,https://gbfs.kappa.fifteen.eu/gbfs/2.2/mobi/en/free_bike_status.json,2026-07-05T09:16:54Z,2026-07-05T09:16:54Z
mobi_vancouver,mobi_vancouver_f1d9ccae-611e-481b-83e7-6b9e32faa881,f1d9ccae-611e-481b-83e7-6b9e32faa881,49.268616,-123.069908,1,FALSE,FALSE,17200,0240,1783242986,2026-07-05T09:16:55Z,2026-07-05T09:16:55Z,2026-07-05T09:16:25Z,2.2,https://gbfs.kappa.fifteen.eu/gbfs/2.2/mobi/en/gbfs.json,https://gbfs.kappa.fifteen.eu/gbfs/2.2/mobi/en/free_bike_status.json,2026-07-05T09:16:54Z,2026-07-05T09:16:54Z
mobi_vancouver,mobi_vancouver_bc24a9e2-4c57-480b-9360-260faee7c844,bc24a9e2-4c57-480b-9360-260faee7c844,49.28602,-123.116624,1,FALSE,FALSE,17600,0024,1783242986,2026-07-05T09:16:55Z,2026-07-05T09:16:55Z,2026-07-05T09:16:25Z,2.2,https://gbfs.kappa.fifteen.eu/gbfs/2.2/mobi/en/gbfs.json,https://gbfs.kappa.fifteen.eu/gbfs/2.2/mobi/en/free_bike_status.json,2026-07-05T09:16:54Z,2026-07-05T09:16:54Z
mobi_vancouver,mobi_vancouver_50cb86cc-4079-4dd8-8b78-82f2f8a7d821,50cb86cc-4079-4dd8-8b78-82f2f8a7d821,49.276768,-123.075636,1,FALSE,FALSE,17600,,1783242986,2026-07-05T09:16:55Z,2026-07-05T09:16:55Z,2026-07-05T09:16:25Z,2.2,https://gbfs.kappa.fifteen.eu/gbfs/2.2/mobi/en/gbfs.json,https://gbfs.kappa.fifteen.eu/gbfs/2.2/mobi/en/free_bike_status.json,2026-07-05T09:16:54Z,2026-07-05T09:16:54Z
mobi_vancouver,mobi_vancouver_f8d42c13-5e09-459d-92e9-e58d4f771780,f8d42c13-5e09-459d-92e9-e58d4f771780,49.276768,-123.075636,1,FALSE,FALSE,17600,,1783242986,2026-07-05T09:16:55Z,2026-07-05T09:16:55Z,2026-07-05T09:16:25Z,2.2,https://gbfs.kappa.fifteen.eu/gbfs/2.2/mobi/en/gbfs.json,https://gbfs.kappa.fifteen.eu/gbfs/2.2/mobi/en/free_bike_status.json,2026-07-05T09:16:54Z,2026-07-05T09:16:54Z
mobi_vancouver,mobi_vancouver_a95600f8-cbb9-4315-b61a-9f9421531d83,a95600f8-cbb9-4315-b61a-9f9421531d83,49.276768,-123.075636,1,FALSE,FALSE,18000,,1783242986,2026-07-05T09:16:55Z,2026-07-05T09:16:55Z,2026-07-05T09:16:25Z,2.2,https://gbfs.kappa.fifteen.eu/gbfs/2.2/mobi/en/gbfs.json,https://gbfs.kappa.fifteen.eu/gbfs/2.2/mobi/en/free_bike_status.json,2026-07-05T09:16:54Z,2026-07-05T09:16:54Z
mobi_vancouver,mobi_vancouver_8d14c1cf-daed-4f99-9227-3b8a12901770,8d14c1cf-daed-4f99-9227-3b8a12901770,49.26262,-123.2431,1,FALSE,FALSE,18000,2156,1783242986,2026-07-05T09:16:55Z,2026-07-05T09:16:55Z,2026-07-05T09:16:25Z,2.2,https://gbfs.kappa.fifteen.eu/gbfs/2.2/mobi/en/gbfs.json,https://gbfs.kappa.fifteen.eu/gbfs/2.2/mobi/en/free_bike_status.json,2026-07-05T09:16:54Z,2026-07-05T09:16:54Z
mobi_vancouver,mobi_vancouver_1556b0e8-d1c2-4a93-b0fd-20fe7559fef7,1556b0e8-d1c2-4a93-b0fd-20fe7559fef7,49.268503,-123.097501,1,FALSE,FALSE,18400,0197,1783242986,2026-07-05T09:16:55Z,2026-07-05T09:16:55Z,2026-07-05T09:16:25Z,2.2,https://gbfs.kappa.fifteen.eu/gbfs/2.2/mobi/en/gbfs.json,https://gbfs.kappa.fifteen.eu/gbfs/2.2/mobi/en/free_bike_status.json,2026-07-05T09:16:54Z,2026-07-05T09:16:54Z
mobi_vancouver,mobi_vancouver_6854c139-abc4-4be3-98c7-54abd7347088,6854c139-abc4-4be3-98c7-54abd7347088,49.278529,-123.100017,1,FALSE,FALSE,18400,0199,1783242986,2026-07-05T09:16:55Z,2026-07-05T09:16:55Z,2026-07-05T09:16:25Z,2.2,https://gbfs.kappa.fifteen.eu/gbfs/2.2/mobi/en/gbfs.json,https://gbfs.kappa.fifteen.eu/gbfs/2.2/mobi/en/free_bike_status.json,2026-07-05T09:16:54Z,2026-07-05T09:16:54Z
mobi_vancouver,mobi_vancouver_f731c437-4da6-4998-83c8-4dad8b3b8e6a,f731c437-4da6-4998-83c8-4dad8b3b8e6a,49.28567,-123.112543,1,FALSE,FALSE,18400,0021,1783242986,2026-07-05T09:16:55Z,2026-07-05T09:16:55Z,2026-07-05T09:16:25Z,2.2,https://gbfs.kappa.fifteen.eu/gbfs/2.2/mobi/en/gbfs.json,https://gbfs.kappa.fifteen.eu/gbfs/2.2/mobi/en/free_bike_status.json,2026-07-05T09:16:54Z,2026-07-05T09:16:54Z
mobi_vancouver,mobi_vancouver_0898718c-393f-427b-b5bc-01c6486f0155,0898718c-393f-427b-b5bc-01c6486f0155,49.277333,-123.087359,1,FALSE,FALSE,18400,0219,1783242986,2026-07-05T09:16:55Z,2026-07-05T09:16:55Z,2026-07-05T09:16:25Z,2.2,https://gbfs.kappa.fifteen.eu/gbfs/2.2/mobi/en/gbfs.json,https://gbfs.kappa.fifteen.eu/gbfs/2.2/mobi/en/free_bike_status.json,2026-07-05T09:16:54Z,2026-07-05T09:16:54Z
mobi_vancouver,mobi_vancouver_e8312de7-cadd-4f10-9260-755963beb715,e8312de7-cadd-4f10-9260-755963beb715,49.271221,-123.191133,1,FALSE,FALSE,18400,0400,1783242986,2026-07-05T09:16:55Z,2026-07-05T09:16:55Z,2026-07-05T09:16:25Z,2.2,https://gbfs.kappa.fifteen.eu/gbfs/2.2/mobi/en/gbfs.json,https://gbfs.kappa.fifteen.eu/gbfs/2.2/mobi/en/free_bike_status.json,2026-07-05T09:16:54Z,2026-07-05T09:16:54Z
mobi_vancouver,mobi_vancouver_a59374c7-3d12-4439-84e7-e23fdedb5fa7,a59374c7-3d12-4439-84e7-e23fdedb5fa7,49.26518,-123.25868,1,FALSE,FALSE,18400,2112,1783242986,2026-07-05T09:16:55Z,2026-07-05T09:16:55Z,2026-07-05T09:16:25Z,2.2,https://gbfs.kappa.fifteen.eu/gbfs/2.2/mobi/en/gbfs.json,https://gbfs.kappa.fifteen.eu/gbfs/2.2/mobi/en/free_bike_status.json,2026-07-05T09:16:54Z,2026-07-05T09:16:54Z
mobi_vancouver,mobi_vancouver_e45a7a89-37db-4bef-b736-147c2de44582,e45a7a89-37db-4bef-b736-147c2de44582,49.258763,-123.115392,1,FALSE,FALSE,18800,0072,1783242986,2026-07-05T09:16:55Z,2026-07-05T09:16:55Z,2026-07-05T09:16:25Z,2.2,https://gbfs.kappa.fifteen.eu/gbfs/2.2/mobi/en/gbfs.json,https://gbfs.kappa.fifteen.eu/gbfs/2.2/mobi/en/free_bike_status.json,2026-07-05T09:16:54Z,2026-07-05T09:16:54Z
mobi_vancouver,mobi_vancouver_2cd3dd04-e151-4fa0-90b6-c71e89171afc,2cd3dd04-e151-4fa0-90b6-c71e89171afc,49.276768,-123.075636,1,FALSE,FALSE,18800,,1783242986,2026-07-05T09:16:55Z,2026-07-05T09:16:55Z,2026-07-05T09:16:25Z,2.2,https://gbfs.kappa.fifteen.eu/gbfs/2.2/mobi/en/gbfs.json,https://gbfs.kappa.fifteen.eu/gbfs/2.2/mobi/en/free_bike_status.json,2026-07-05T09:16:54Z,2026-07-05T09:16:54Z
mobi_vancouver,mobi_vancouver_0ad2c4df-06dd-477c-9935-ac50b2b1e89f,0ad2c4df-06dd-477c-9935-ac50b2b1e89f,49.263242,-123.070521,1,FALSE,FALSE,18800,0242,1783242986,2026-07-05T09:16:55Z,2026-07-05T09:16:55Z,2026-07-05T09:16:25Z,2.2,https://gbfs.kappa.fifteen.eu/gbfs/2.2/mobi/en/gbfs.json,https://gbfs.kappa.fifteen.eu/gbfs/2.2/mobi/en/free_bike_status.json,2026-07-05T09:16:54Z,2026-07-05T09:16:54Z
mobi_vancouver,mobi_vancouver_20fce8ee-3814-4dd6-a024-155ab0eccd50,20fce8ee-3814-4dd6-a024-155ab0eccd50,49.276768,-123.075636,1,FALSE,FALSE,19200,,1783242986,2026-07-05T09:16:55Z,2026-07-05T09:16:55Z,2026-07-05T09:16:25Z,2.2,https://gbfs.kappa.fifteen.eu/gbfs/2.2/mobi/en/gbfs.json,https://gbfs.kappa.fifteen.eu/gbfs/2.2/mobi/en/free_bike_status.json,2026-07-05T09:16:54Z,2026-07-05T09:16:54Z
mobi_vancouver,mobi_vancouver_99dfc4f1-defd-44c0-97bd-d4e8d8b756b3,99dfc4f1-defd-44c0-97bd-d4e8d8b756b3,49.276768,-123.075636,1,FALSE,FALSE,19200,,1783242986,2026-07-05T09:16:55Z,2026-07-05T09:16:55Z,2026-07-05T09:16:25Z,2.2,https://gbfs.kappa.fifteen.eu/gbfs/2.2/mobi/en/gbfs.json,https://gbfs.kappa.fifteen.eu/gbfs/2.2/mobi/en/free_bike_status.json,2026-07-05T09:16:54Z,2026-07-05T09:16:54Z
mobi_vancouver,mobi_vancouver_934afdd0-08ad-4396-b0c1-db4818d1b6b9,934afdd0-08ad-4396-b0c1-db4818d1b6b9,49.28602,-123.116624,1,FALSE,FALSE,19600,0024,1783242986,2026-07-05T09:16:55Z,2026-07-05T09:16:55Z,2026-07-05T09:16:25Z,2.2,https://gbfs.kappa.fifteen.eu/gbfs/2.2/mobi/en/gbfs.json,https://gbfs.kappa.fifteen.eu/gbfs/2.2/mobi/en/free_bike_status.json,2026-07-05T09:16:54Z,2026-07-05T09:16:54Z
mobi_vancouver,mobi_vancouver_7654d5ea-5bd0-4679-bbe5-94a76f3b2606,7654d5ea-5bd0-4679-bbe5-94a76f3b2606,49.276768,-123.075636,1,FALSE,FALSE,19600,,1783242986,2026-07-05T09:16:55Z,2026-07-05T09:16:55Z,2026-07-05T09:16:25Z,2.2,https://gbfs.kappa.fifteen.eu/gbfs/2.2/mobi/en/gbfs.json,https://gbfs.kappa.fifteen.eu/gbfs/2.2/mobi/en/free_bike_status.json,2026-07-05T09:16:54Z,2026-07-05T09:16:54Z
mobi_vancouver,mobi_vancouver_94c849ff-08d6-46dc-9f5d-90663af0b7df,94c849ff-08d6-46dc-9f5d-90663af0b7df,49.29534,-123.150433,1,FALSE,FALSE,20000,0102,1783242986,2026-07-05T09:16:55Z,2026-07-05T09:16:55Z,2026-07-05T09:16:25Z,2.2,https://gbfs.kappa.fifteen.eu/gbfs/2.2/mobi/en/gbfs.json,https://gbfs.kappa.fifteen.eu/gbfs/2.2/mobi/en/free_bike_status.json,2026-07-05T09:16:54Z,2026-07-05T09:16:54Z
mobi_vancouver,mobi_vancouver_c457656d-b615-4018-9d21-4e285bf11238,c457656d-b615-4018-9d21-4e285bf11238,49.261263,-123.073707,1,FALSE,FALSE,20000,0245,1783242986,2026-07-05T09:16:55Z,2026-07-05T09:16:55Z,2026-07-05T09:16:25Z,2.2,https://gbfs.kappa.fifteen.eu/gbfs/2.2/mobi/en/gbfs.json,https://gbfs.kappa.fifteen.eu/gbfs/2.2/mobi/en/free_bike_status.json,2026-07-05T09:16:54Z,2026-07-05T09:16:54Z
mobi_vancouver,mobi_vancouver_dde44577-13c5-4179-8cce-8c3be03e64c5,dde44577-13c5-4179-8cce-8c3be03e64c5,49.277665,-123.073653,1,FALSE,FALSE,20000,0222,1783242986,2026-07-05T09:16:55Z,2026-07-05T09:16:55Z,2026-07-05T09:16:25Z,2.2,https://gbfs.kappa.fifteen.eu/gbfs/2.2/mobi/en/gbfs.json,https://gbfs.kappa.fifteen.eu/gbfs/2.2/mobi/en/free_bike_status.json,2026-07-05T09:16:54Z,2026-07-05T09:16:54Z
mobi_vancouver,mobi_vancouver_8255f34b-0c7b-477c-95ab-232e8f228e06,8255f34b-0c7b-477c-95ab-232e8f228e06,49.264928,-123.168068,1,FALSE,FALSE,20000,0452,1783242986,2026-07-05T09:16:55Z,2026-07-05T09:16:55Z,2026-07-05T09:16:25Z,2.2,https://gbfs.kappa.fifteen.eu/gbfs/2.2/mobi/en/gbfs.json,https://gbfs.kappa.fifteen.eu/gbfs/2.2/mobi/en/free_bike_status.json,2026-07-05T09:16:54Z,2026-07-05T09:16:54Z
mobi_vancouver,mobi_vancouver_4b4c63be-49dc-44d1-bc55-270934916d31,4b4c63be-49dc-44d1-bc55-270934916d31,49.271721,-123.104207,1,FALSE,FALSE,20400,0011,1783242986,2026-07-05T09:16:55Z,2026-07-05T09:16:55Z,2026-07-05T09:16:25Z,2.2,https://gbfs.kappa.fifteen.eu/gbfs/2.2/mobi/en/gbfs.json,https://gbfs.kappa.fifteen.eu/gbfs/2.2/mobi/en/free_bike_status.json,2026-07-05T09:16:54Z,2026-07-05T09:16:54Z
mobi_vancouver,mobi_vancouver_3d3bb0b1-2bc5-40f5-9b60-8fbe8657cc2b,3d3bb0b1-2bc5-40f5-9b60-8fbe8657cc2b,49.276768,-123.075636,1,FALSE,FALSE,20400,,1783242986,2026-07-05T09:16:55Z,2026-07-05T09:16:55Z,2026-07-05T09:16:25Z,2.2,https://gbfs.kappa.fifteen.eu/gbfs/2.2/mobi/en/gbfs.json,https://gbfs.kappa.fifteen.eu/gbfs/2.2/mobi/en/free_bike_status.json,2026-07-05T09:16:54Z,2026-07-05T09:16:54Z
mobi_vancouver,mobi_vancouver_b8fcfa47-6fd9-4590-9e78-469b6f3a4aed,b8fcfa47-6fd9-4590-9e78-469b6f3a4aed,49.267628,-123.127698,1,FALSE,FALSE,20400,0143,1783242986,2026-07-05T09:16:55Z,2026-07-05T09:16:55Z,2026-07-05T09:16:25Z,2.2,https://gbfs.kappa.fifteen.eu/gbfs/2.2/mobi/en/gbfs.json,https://gbfs.kappa.fifteen.eu/gbfs/2.2/mobi/en/free_bike_status.json,2026-07-05T09:16:54Z,2026-07-05T09:16:54Z
mobi_vancouver,mobi_vancouver_bd31313c-9847-4b73-85d1-a99b1fec37d5,bd31313c-9847-4b73-85d1-a99b1fec37d5,49.280881,-123.130672,1,FALSE,FALSE,20400,0126,1783242986,2026-07-05T09:16:55Z,2026-07-05T09:16:55Z,2026-07-05T09:16:25Z,2.2,https://gbfs.kappa.fifteen.eu/gbfs/2.2/mobi/en/gbfs.json,https://gbfs.kappa.fifteen.eu/gbfs/2.2/mobi/en/free_bike_status.json,2026-07-05T09:16:54Z,2026-07-05T09:16:54Z
mobi_vancouver,mobi_vancouver_7e595a97-e9a3-41ab-994e-d6f998fb5e96,7e595a97-e9a3-41ab-994e-d6f998fb5e96,49.270721,-123.146175,1,FALSE,FALSE,20800,0108,1783242986,2026-07-05T09:16:55Z,2026-07-05T09:16:55Z,2026-07-05T09:16:25Z,2.2,https://gbfs.kappa.fifteen.eu/gbfs/2.2/mobi/en/gbfs.json,https://gbfs.kappa.fifteen.eu/gbfs/2.2/mobi/en/free_bike_status.json,2026-07-05T09:16:54Z,2026-07-05T09:16:54Z
mobi_vancouver,mobi_vancouver_4d349874-3340-4bd9-99b1-2cdfd97a294a,4d349874-3340-4bd9-99b1-2cdfd97a294a,49.262822,-123.14338,1,FALSE,FALSE,20800,0205,1783242986,2026-07-05T09:16:55Z,2026-07-05T09:16:55Z,2026-07-05T09:16:25Z,2.2,https://gbfs.kappa.fifteen.eu/gbfs/2.2/mobi/en/gbfs.json,https://gbfs.kappa.fifteen.eu/gbfs/2.2/mobi/en/free_bike_status.json,2026-07-05T09:16:54Z,2026-07-05T09:16:54Z
mobi_vancouver,mobi_vancouver_d5e942ac-42ec-4284-8f64-94118c3db0b7,d5e942ac-42ec-4284-8f64-94118c3db0b7,49.261263,-123.073707,1,FALSE,FALSE,20800,0245,1783242986,2026-07-05T09:16:55Z,2026-07-05T09:16:55Z,2026-07-05T09:16:25Z,2.2,https://gbfs.kappa.fifteen.eu/gbfs/2.2/mobi/en/gbfs.json,https://gbfs.kappa.fifteen.eu/gbfs/2.2/mobi/en/free_bike_status.json,2026-07-05T09:16:54Z,2026-07-05T09:16:54Z
mobi_vancouver,mobi_vancouver_46236ecd-2e8d-42b4-90c6-986b88eba7ea,46236ecd-2e8d-42b4-90c6-986b88eba7ea,49.263837,-123.105173,1,FALSE,FALSE,21200,0107,1783242986,2026-07-05T09:16:55Z,2026-07-05T09:16:55Z,2026-07-05T09:16:25Z,2.2,https://gbfs.kappa.fifteen.eu/gbfs/2.2/mobi/en/gbfs.json,https://gbfs.kappa.fifteen.eu/gbfs/2.2/mobi/en/free_bike_status.json,2026-07-05T09:16:54Z,2026-07-05T09:16:54Z
mobi_vancouver,mobi_vancouver_72bfba7b-5395-4183-b5d9-2fb51308c92f,72bfba7b-5395-4183-b5d9-2fb51308c92f,49.276768,-123.075636,2,FALSE,FALSE,21200,,1783242986,2026-07-05T09:16:55Z,2026-07-05T09:16:55Z,2026-07-05T09:16:25Z,2.2,https://gbfs.kappa.fifteen.eu/gbfs/2.2/mobi/en/gbfs.json,https://gbfs.kappa.fifteen.eu/gbfs/2.2/mobi/en/free_bike_status.json,2026-07-05T09:16:54Z,2026-07-05T09:16:54Z
mobi_vancouver,mobi_vancouver_99b8190c-f290-49b1-923b-b812f850fbea,99b8190c-f290-49b1-923b-b812f850fbea,49.283227,-123.120523,1,FALSE,FALSE,21200,0099,1783242986,2026-07-05T09:16:55Z,2026-07-05T09:16:55Z,2026-07-05T09:16:25Z,2.2,https://gbfs.kappa.fifteen.eu/gbfs/2.2/mobi/en/gbfs.json,https://gbfs.kappa.fifteen.eu/gbfs/2.2/mobi/en/free_bike_status.json,2026-07-05T09:16:54Z,2026-07-05T09:16:54Z
mobi_vancouver,mobi_vancouver_97d5558a-4313-43fd-8d48-ad05c147699f,97d5558a-4313-43fd-8d48-ad05c147699f,49.270684,-123.073562,1,FALSE,FALSE,21200,0252,1783242986,2026-07-05T09:16:55Z,2026-07-05T09:16:55Z,2026-07-05T09:16:25Z,2.2,https://gbfs.kappa.fifteen.eu/gbfs/2.2/mobi/en/gbfs.json,https://gbfs.kappa.fifteen.eu/gbfs/2.2/mobi/en/free_bike_status.json,2026-07-05T09:16:54Z,2026-07-05T09:16:54Z
mobi_vancouver,mobi_vancouver_ef8419d7-01e6-4d0e-bbfa-a8f369d60eaa,ef8419d7-01e6-4d0e-bbfa-a8f369d60eaa,49.289071,-123.138407,1,FALSE,FALSE,21200,0313,1783242986,2026-07-05T09:16:55Z,2026-07-05T09:16:55Z,2026-07-05T09:16:25Z,2.2,https://gbfs.kappa.fifteen.eu/gbfs/2.2/mobi/en/gbfs.json,https://gbfs.kappa.fifteen.eu/gbfs/2.2/mobi/en/free_bike_status.json,2026-07-05T09:16:54Z,2026-07-05T09:16:54Z
mobi_vancouver,mobi_vancouver_2a511e6e-ae48-430d-885f-8e52a84e7977,2a511e6e-ae48-430d-885f-8e52a84e7977,49.262242,-123.081459,1,FALSE,FALSE,21600,0246,1783242986,2026-07-05T09:16:55Z,2026-07-05T09:16:55Z,2026-07-05T09:16:25Z,2.2,https://gbfs.kappa.fifteen.eu/gbfs/2.2/mobi/en/gbfs.json,https://gbfs.kappa.fifteen.eu/gbfs/2.2/mobi/en/free_bike_status.json,2026-07-05T09:16:54Z,2026-07-05T09:16:54Z
mobi_vancouver,mobi_vancouver_67c6f01e-d435-4450-be94-33c3e5f6ef11,67c6f01e-d435-4450-be94-33c3e5f6ef11,49.286646,-123.129232,1,FALSE,FALSE,21600,0310,1783242986,2026-07-05T09:16:55Z,2026-07-05T09:16:55Z,2026-07-05T09:16:25Z,2.2,https://gbfs.kappa.fifteen.eu/gbfs/2.2/mobi/en/gbfs.json,https://gbfs.kappa.fifteen.eu/gbfs/2.2/mobi/en/free_bike_status.json,2026-07-05T09:16:54Z,2026-07-05T09:16:54Z
mobi_vancouver,mobi_vancouver_06037050-9826-494f-b1d6-6aa880c39543,06037050-9826-494f-b1d6-6aa880c39543,49.265336,-123.145823,1,FALSE,FALSE,22000,0140,1783242986,2026-07-05T09:16:55Z,2026-07-05T09:16:55Z,2026-07-05T09:16:25Z,2.2,https://gbfs.kappa.fifteen.eu/gbfs/2.2/mobi/en/gbfs.json,https://gbfs.kappa.fifteen.eu/gbfs/2.2/mobi/en/free_bike_status.json,2026-07-05T09:16:54Z,2026-07-05T09:16:54Z
mobi_vancouver,mobi_vancouver_06eb9133-2ddb-47fc-be88-7c280b94e4b2,06eb9133-2ddb-47fc-be88-7c280b94e4b2,49.280284,-123.097052,1,FALSE,FALSE,22000,0213,1783242986,2026-07-05T09:16:55Z,2026-07-05T09:16:55Z,2026-07-05T09:16:25Z,2.2,https://gbfs.kappa.fifteen.eu/gbfs/2.2/mobi/en/gbfs.json,https://gbfs.kappa.fifteen.eu/gbfs/2.2/mobi/en/free_bike_status.json,2026-07-05T09:16:54Z,2026-07-05T09:16:54Z
mobi_vancouver,mobi_vancouver_e20240a6-9793-414d-b3b9-4716a4b36e07,e20240a6-9793-414d-b3b9-4716a4b36e07,49.258352,-123.096337,1,FALSE,FALSE,22000,0257,1783242986,2026-07-05T09:16:55Z,2026-07-05T09:16:55Z,2026-07-05T09:16:25Z,2.2,https://gbfs.kappa.fifteen.eu/gbfs/2.2/mobi/en/gbfs.json,https://gbfs.kappa.fifteen.eu/gbfs/2.2/mobi/en/free_bike_status.json,2026-07-05T09:16:54Z,2026-07-05T09:16:54Z
mobi_vancouver,mobi_vancouver_3b8738dd-a1a3-4b41-81d2-4192af2ea061,3b8738dd-a1a3-4b41-81d2-4192af2ea061,49.279764,-123.110154,1,FALSE,FALSE,22400,0005,1783242986,2026-07-05T09:16:55Z,2026-07-05T09:16:55Z,2026-07-05T09:16:25Z,2.2,https://gbfs.kappa.fifteen.eu/gbfs/2.2/mobi/en/gbfs.json,https://gbfs.kappa.fifteen.eu/gbfs/2.2/mobi/en/free_bike_status.json,2026-07-05T09:16:54Z,2026-07-05T09:16:54Z
mobi_vancouver,mobi_vancouver_ef0e5210-87e7-4698-ad65-a2557286f23b,ef0e5210-87e7-4698-ad65-a2557286f23b,49.258429,-123.101766,1,FALSE,FALSE,22400,0134,1783242986,2026-07-05T09:16:55Z,2026-07-05T09:16:55Z,2026-07-05T09:16:25Z,2.2,https://gbfs.kappa.fifteen.eu/gbfs/2.2/mobi/en/gbfs.json,https://gbfs.kappa.fifteen.eu/gbfs/2.2/mobi/en/free_bike_status.json,2026-07-05T09:16:54Z,2026-07-05T09:16:54Z
mobi_vancouver,mobi_vancouver_1d80f1ed-1eec-4c68-bd5c-e4350582ab05,1d80f1ed-1eec-4c68-bd5c-e4350582ab05,49.290112,-123.127062,1,FALSE,FALSE,22400,0035,1783242986,2026-07-05T09:16:55Z,2026-07-05T09:16:55Z,2026-07-05T09:16:25Z,2.2,https://gbfs.kappa.fifteen.eu/gbfs/2.2/mobi/en/gbfs.json,https://gbfs.kappa.fifteen.eu/gbfs/2.2/mobi/en/free_bike_status.json,2026-07-05T09:16:54Z,2026-07-05T09:16:54Z
mobi_vancouver,mobi_vancouver_4ba25cb2-f17c-439a-ab8c-9574a69309e3,4ba25cb2-f17c-439a-ab8c-9574a69309e3,49.25976,-123.2479,1,FALSE,FALSE,22400,2127,1783242986,2026-07-05T09:16:55Z,2026-07-05T09:16:55Z,2026-07-05T09:16:25Z,2.2,https://gbfs.kappa.fifteen.eu/gbfs/2.2/mobi/en/gbfs.json,https://gbfs.kappa.fifteen.eu/gbfs/2.2/mobi/en/free_bike_status.json,2026-07-05T09:16:54Z,2026-07-05T09:16:54Z
mobi_vancouver,mobi_vancouver_ec5db2c9-d3c8-41ab-aa54-96f05da30a6e,ec5db2c9-d3c8-41ab-aa54-96f05da30a6e,49.27808,-123.130557,1,FALSE,FALSE,22800,0089,1783242986,2026-07-05T09:16:55Z,2026-07-05T09:16:55Z,2026-07-05T09:16:25Z,2.2,https://gbfs.kappa.fifteen.eu/gbfs/2.2/mobi/en/gbfs.json,https://gbfs.kappa.fifteen.eu/gbfs/2.2/mobi/en/free_bike_status.json,2026-07-05T09:16:54Z,2026-07-05T09:16:54Z
mobi_vancouver,mobi_vancouver_7a2b74e4-7b94-4d93-8f8b-23eb46b0eecf,7a2b74e4-7b94-4d93-8f8b-23eb46b0eecf,49.267222,-123.153157,1,FALSE,FALSE,22800,0110,1783242986,2026-07-05T09:16:55Z,2026-07-05T09:16:55Z,2026-07-05T09:16:25Z,2.2,https://gbfs.kappa.fifteen.eu/gbfs/2.2/mobi/en/gbfs.json,https://gbfs.kappa.fifteen.eu/gbfs/2.2/mobi/en/free_bike_status.json,2026-07-05T09:16:54Z,2026-07-05T09:16:54Z
mobi_vancouver,mobi_vancouver_74bf7644-61c2-44d7-ae4a-913b09c82d6d,74bf7644-61c2-44d7-ae4a-913b09c82d6d,49.277665,-123.073653,1,FALSE,FALSE,22800,0222,1783242986,2026-07-05T09:16:55Z,2026-07-05T09:16:55Z,2026-07-05T09:16:25Z,2.2,https://gbfs.kappa.fifteen.eu/gbfs/2.2/mobi/en/gbfs.json,https://gbfs.kappa.fifteen.eu/gbfs/2.2/mobi/en/free_bike_status.json,2026-07-05T09:16:54Z,2026-07-05T09:16:54Z
mobi_vancouver,mobi_vancouver_5d5b6621-e695-485d-abf0-9382fa2dcecc,5d5b6621-e695-485d-abf0-9382fa2dcecc,49.266924,-123.173849,1,FALSE,FALSE,22800,0443,1783242986,2026-07-05T09:16:55Z,2026-07-05T09:16:55Z,2026-07-05T09:16:25Z,2.2,https://gbfs.kappa.fifteen.eu/gbfs/2.2/mobi/en/gbfs.json,https://gbfs.kappa.fifteen.eu/gbfs/2.2/mobi/en/free_bike_status.json,2026-07-05T09:16:54Z,2026-07-05T09:16:54Z
mobi_vancouver,mobi_vancouver_f483922b-aaeb-48f6-a306-19bec6fb207f,f483922b-aaeb-48f6-a306-19bec6fb207f,49.268837,-123.177633,1,FALSE,FALSE,22800,0431,1783242986,2026-07-05T09:16:55Z,2026-07-05T09:16:55Z,2026-07-05T09:16:25Z,2.2,https://gbfs.kappa.fifteen.eu/gbfs/2.2/mobi/en/gbfs.json,https://gbfs.kappa.fifteen.eu/gbfs/2.2/mobi/en/free_bike_status.json,2026-07-05T09:16:54Z,2026-07-05T09:16:54Z
mobi_vancouver,mobi_vancouver_48ee637b-bcf8-4f17-9b39-d716f2668aef,48ee637b-bcf8-4f17-9b39-d716f2668aef,49.270877,-123.115103,1,FALSE,FALSE,23200,0009,1783242986,2026-07-05T09:16:55Z,2026-07-05T09:16:55Z,2026-07-05T09:16:25Z,2.2,https://gbfs.kappa.fifteen.eu/gbfs/2.2/mobi/en/gbfs.json,https://gbfs.kappa.fifteen.eu/gbfs/2.2/mobi/en/free_bike_status.json,2026-07-05T09:16:54Z,2026-07-05T09:16:54Z
mobi_vancouver,mobi_vancouver_d8f4e75d-c364-4dd8-8cc1-1f3f2e7c7d4c,d8f4e75d-c364-4dd8-8cc1-1f3f2e7c7d4c,49.28616,-123.12675,1,FALSE,FALSE,23200,0036,1783242986,2026-07-05T09:16:55Z,2026-07-05T09:16:55Z,2026-07-05T09:16:25Z,2.2,https://gbfs.kappa.fifteen.eu/gbfs/2.2/mobi/en/gbfs.json,https://gbfs.kappa.fifteen.eu/gbfs/2.2/mobi/en/free_bike_status.json,2026-07-05T09:16:54Z,2026-07-05T09:16:54Z
mobi_vancouver,mobi_vancouver_74be49dd-7208-4b4c-9182-5f52932d194c,74be49dd-7208-4b4c-9182-5f52932d194c,49.261973,-123.09725,1,FALSE,FALSE,23200,0186,1783242986,2026-07-05T09:16:55Z,2026-07-05T09:16:55Z,2026-07-05T09:16:25Z,2.2,https://gbfs.kappa.fifteen.eu/gbfs/2.2/mobi/en/gbfs.json,https://gbfs.kappa.fifteen.eu/gbfs/2.2/mobi/en/free_bike_status.json,2026-07-05T09:16:54Z,2026-07-05T09:16:54Z
mobi_vancouver,mobi_vancouver_e6a8f9eb-0586-4a12-a762-cb0fe398bd7a,e6a8f9eb-0586-4a12-a762-cb0fe398bd7a,49.271721,-123.104207,1,FALSE,FALSE,23600,0011,1783242986,2026-07-05T09:16:55Z,2026-07-05T09:16:55Z,2026-07-05T09:16:25Z,2.2,https://gbfs.kappa.fifteen.eu/gbfs/2.2/mobi/en/gbfs.json,https://gbfs.kappa.fifteen.eu/gbfs/2.2/mobi/en/free_bike_status.json,2026-07-05T09:16:54Z,2026-07-05T09:16:54Z
mobi_vancouver,mobi_vancouver_bae872d3-5489-49a5-96eb-1b9f9b7b0d3d,bae872d3-5489-49a5-96eb-1b9f9b7b0d3d,49.283227,-123.120523,1,FALSE,FALSE,23600,0099,1783242986,2026-07-05T09:16:55Z,2026-07-05T09:16:55Z,2026-07-05T09:16:25Z,2.2,https://gbfs.kappa.fifteen.eu/gbfs/2.2/mobi/en/gbfs.json,https://gbfs.kappa.fifteen.eu/gbfs/2.2/mobi/en/free_bike_status.json,2026-07-05T09:16:54Z,2026-07-05T09:16:54Z
mobi_vancouver,mobi_vancouver_1dd7e567-e266-4a05-a48a-07efab380ec1,1dd7e567-e266-4a05-a48a-07efab380ec1,49.302577,-123.155616,1,FALSE,FALSE,23600,0103,1783242986,2026-07-05T09:16:55Z,2026-07-05T09:16:55Z,2026-07-05T09:16:25Z,2.2,https://gbfs.kappa.fifteen.eu/gbfs/2.2/mobi/en/gbfs.json,https://gbfs.kappa.fifteen.eu/gbfs/2.2/mobi/en/free_bike_status.json,2026-07-05T09:16:54Z,2026-07-05T09:16:54Z
mobi_vancouver,mobi_vancouver_9727830e-9850-42f3-87d2-6ad53fb7fff2,9727830e-9850-42f3-87d2-6ad53fb7fff2,49.276292,-123.150592,1,FALSE,FALSE,24000,0155,1783242986,2026-07-05T09:16:55Z,2026-07-05T09:16:55Z,2026-07-05T09:16:25Z,2.2,https://gbfs.kappa.fifteen.eu/gbfs/2.2/mobi/en/gbfs.json,https://gbfs.kappa.fifteen.eu/gbfs/2.2/mobi/en/free_bike_status.json,2026-07-05T09:16:54Z,2026-07-05T09:16:54Z
mobi_vancouver,mobi_vancouver_446a119e-d56b-476e-a00b-304276481de0,446a119e-d56b-476e-a00b-304276481de0,49.297933,-123.130758,1,FALSE,FALSE,24000,0209,1783242986,2026-07-05T09:16:55Z,2026-07-05T09:16:55Z,2026-07-05T09:16:25Z,2.2,https://gbfs.kappa.fifteen.eu/gbfs/2.2/mobi/en/gbfs.json,https://gbfs.kappa.fifteen.eu/gbfs/2.2/mobi/en/free_bike_status.json,2026-07-05T09:16:54Z,2026-07-05T09:16:54Z
mobi_vancouver,mobi_vancouver_4b180875-2c29-49d1-9386-112a8bcf11a2,4b180875-2c29-49d1-9386-112a8bcf11a2,49.269172,-123.25279,1,FALSE,FALSE,24000,2131,1783242986,2026-07-05T09:16:55Z,2026-07-05T09:16:55Z,2026-07-05T09:16:25Z,2.2,https://gbfs.kappa.fifteen.eu/gbfs/2.2/mobi/en/gbfs.json,https://gbfs.kappa.fifteen.eu/gbfs/2.2/mobi/en/free_bike_status.json,2026-07-05T09:16:54Z,2026-07-05T09:16:54Z
mobi_vancouver,mobi_vancouver_e7b9c37a-29ec-438a-8208-a273db0c7e68,e7b9c37a-29ec-438a-8208-a273db0c7e68,49.266476,-123.109389,1,FALSE,FALSE,24400,0165,1783242986,2026-07-05T09:16:55Z,2026-07-05T09:16:55Z,2026-07-05T09:16:25Z,2.2,https://gbfs.kappa.fifteen.eu/gbfs/2.2/mobi/en/gbfs.json,https://gbfs.kappa.fifteen.eu/gbfs/2.2/mobi/en/free_bike_status.json,2026-07-05T09:16:54Z,2026-07-05T09:16:54Z
mobi_vancouver,mobi_vancouver_2d629756-e045-4ab8-94f7-7e468f7d726a,2d629756-e045-4ab8-94f7-7e468f7d726a,49.274566,-123.121817,1,FALSE,FALSE,24400,0004,1783242986,2026-07-05T09:16:55Z,2026-07-05T09:16:55Z,2026-07-05T09:16:25Z,2.2,https://gbfs.kappa.fifteen.eu/gbfs/2.2/mobi/en/gbfs.json,https://gbfs.kappa.fifteen.eu/gbfs/2.2/mobi/en/free_bike_status.json,2026-07-05T09:16:54Z,2026-07-05T09:16:54Z
mobi_vancouver,mobi_vancouver_f1ae7547-d6c2-4193-965b-58b188455fb8,f1ae7547-d6c2-4193-965b-58b188455fb8,49.267628,-123.127698,1,FALSE,FALSE,24400,0143,1783242986,2026-07-05T09:16:55Z,2026-07-05T09:16:55Z,2026-07-05T09:16:25Z,2.2,https://gbfs.kappa.fifteen.eu/gbfs/2.2/mobi/en/gbfs.json,https://gbfs.kappa.fifteen.eu/gbfs/2.2/mobi/en/free_bike_status.json,2026-07-05T09:16:54Z,2026-07-05T09:16:54Z
mobi_vancouver,mobi_vancouver_639e5474-726f-4d57-9fef-aac39c3c632c,639e5474-726f-4d57-9fef-aac39c3c632c,49.256496,-123.075426,1,FALSE,FALSE,24400,0283,1783242986,2026-07-05T09:16:55Z,2026-07-05T09:16:55Z,2026-07-05T09:16:25Z,2.2,https://gbfs.kappa.fifteen.eu/gbfs/2.2/mobi/en/gbfs.json,https://gbfs.kappa.fifteen.eu/gbfs/2.2/mobi/en/free_bike_status.json,2026-07-05T09:16:54Z,2026-07-05T09:16:54Z
mobi_vancouver,mobi_vancouver_6c27037b-ffba-4e73-850d-ec9250c6bb58,6c27037b-ffba-4e73-850d-ec9250c6bb58,49.284554,-123.111031,2,FALSE,FALSE,24400,0250,1783242986,2026-07-05T09:16:55Z,2026-07-05T09:16:55Z,2026-07-05T09:16:25Z,2.2,https://gbfs.kappa.fifteen.eu/gbfs/2.2/mobi/en/gbfs.json,https://gbfs.kappa.fifteen.eu/gbfs/2.2/mobi/en/free_bike_status.json,2026-07-05T09:16:54Z,2026-07-05T09:16:54Z
mobi_vancouver,mobi_vancouver_1abdadb7-0649-433a-a78d-f810e667cd91,1abdadb7-0649-433a-a78d-f810e667cd91,49.283482,-123.103738,1,FALSE,FALSE,24400,0013,1783242986,2026-07-05T09:16:55Z,2026-07-05T09:16:55Z,2026-07-05T09:16:25Z,2.2,https://gbfs.kappa.fifteen.eu/gbfs/2.2/mobi/en/gbfs.json,https://gbfs.kappa.fifteen.eu/gbfs/2.2/mobi/en/free_bike_status.json,2026-07-05T09:16:54Z,2026-07-05T09:16:54Z
mobi_vancouver,mobi_vancouver_42b3c941-ba06-4ae9-b340-84ffe59151cc,42b3c941-ba06-4ae9-b340-84ffe59151cc,49.282055,-123.133045,1,FALSE,FALSE,24800,0187,1783242986,2026-07-05T09:16:55Z,2026-07-05T09:16:55Z,2026-07-05T09:16:25Z,2.2,https://gbfs.kappa.fifteen.eu/gbfs/2.2/mobi/en/gbfs.json,https://gbfs.kappa.fifteen.eu/gbfs/2.2/mobi/en/free_bike_status.json,2026-07-05T09:16:54Z,2026-07-05T09:16:54Z
mobi_vancouver,mobi_vancouver_b40efdde-1e6d-419e-89da-e866924b48bf,b40efdde-1e6d-419e-89da-e866924b48bf,49.27808,-123.130557,1,FALSE,FALSE,24800,0089,1783242986,2026-07-05T09:16:55Z,2026-07-05T09:16:55Z,2026-07-05T09:16:25Z,2.2,https://gbfs.kappa.fifteen.eu/gbfs/2.2/mobi/en/gbfs.json,https://gbfs.kappa.fifteen.eu/gbfs/2.2/mobi/en/free_bike_status.json,2026-07-05T09:16:54Z,2026-07-05T09:16:54Z
mobi_vancouver,mobi_vancouver_4196d242-0f3d-41be-9cf2-5510805b2748,4196d242-0f3d-41be-9cf2-5510805b2748,49.265605,-123.152566,1,FALSE,FALSE,24800,0109,1783242986,2026-07-05T09:16:55Z,2026-07-05T09:16:55Z,2026-07-05T09:16:25Z,2.2,https://gbfs.kappa.fifteen.eu/gbfs/2.2/mobi/en/gbfs.json,https://gbfs.kappa.fifteen.eu/gbfs/2.2/mobi/en/free_bike_status.json,2026-07-05T09:16:54Z,2026-07-05T09:16:54Z
mobi_vancouver,mobi_vancouver_6d025c38-3ae3-46a6-9c03-e582d4fbc05e,6d025c38-3ae3-46a6-9c03-e582d4fbc05e,49.287528,-123.142139,1,FALSE,FALSE,24800,0028,1783242986,2026-07-05T09:16:55Z,2026-07-05T09:16:55Z,2026-07-05T09:16:25Z,2.2,https://gbfs.kappa.fifteen.eu/gbfs/2.2/mobi/en/gbfs.json,https://gbfs.kappa.fifteen.eu/gbfs/2.2/mobi/en/free_bike_status.json,2026-07-05T09:16:54Z,2026-07-05T09:16:54Z
mobi_vancouver,mobi_vancouver_95ad8b5a-8e6d-42c4-93e9-c5e504bd02d9,95ad8b5a-8e6d-42c4-93e9-c5e504bd02d9,49.277178,-123.13,1,FALSE,FALSE,24800,0196,1783242986,2026-07-05T09:16:55Z,2026-07-05T09:16:55Z,2026-07-05T09:16:25Z,2.2,https://gbfs.kappa.fifteen.eu/gbfs/2.2/mobi/en/gbfs.json,https://gbfs.kappa.fifteen.eu/gbfs/2.2/mobi/en/free_bike_status.json,2026-07-05T09:16:54Z,2026-07-05T09:16:54Z
mobi_vancouver,mobi_vancouver_7101696b-b70d-4de4-a3dd-02f2ca431bf3,7101696b-b70d-4de4-a3dd-02f2ca431bf3,49.273103,-123.069892,1,FALSE,FALSE,24800,0235,1783242986,2026-07-05T09:16:55Z,2026-07-05T09:16:55Z,2026-07-05T09:16:25Z,2.2,https://gbfs.kappa.fifteen.eu/gbfs/2.2/mobi/en/gbfs.json,https://gbfs.kappa.fifteen.eu/gbfs/2.2/mobi/en/free_bike_status.json,2026-07-05T09:16:54Z,2026-07-05T09:16:54Z
mobi_vancouver,mobi_vancouver_1dfe3f36-5835-4e50-a4ea-a7f9d42e9093,1dfe3f36-5835-4e50-a4ea-a7f9d42e9093,49.256694,-123.096579,1,FALSE,FALSE,24800,0256,1783242986,2026-07-05T09:16:55Z,2026-07-05T09:16:55Z,2026-07-05T09:16:25Z,2.2,https://gbfs.kappa.fifteen.eu/gbfs/2.2/mobi/en/gbfs.json,https://gbfs.kappa.fifteen.eu/gbfs/2.2/mobi/en/free_bike_status.json,2026-07-05T09:16:54Z,2026-07-05T09:16:54Z
mobi_vancouver,mobi_vancouver_e4176a0f-df9a-429c-82a5-a280690a1413,e4176a0f-df9a-429c-82a5-a280690a1413,49.285871,-123.12105,1,FALSE,FALSE,25200,0002,1783242986,2026-07-05T09:16:55Z,2026-07-05T09:16:55Z,2026-07-05T09:16:25Z,2.2,https://gbfs.kappa.fifteen.eu/gbfs/2.2/mobi/en/gbfs.json,https://gbfs.kappa.fifteen.eu/gbfs/2.2/mobi/en/free_bike_status.json,2026-07-05T09:16:54Z,2026-07-05T09:16:54Z
mobi_vancouver,mobi_vancouver_205aaf61-022b-4e37-852f-cfa41c4af7bd,205aaf61-022b-4e37-852f-cfa41c4af7bd,49.265939,-123.1129,1,FALSE,FALSE,25200,0171,1783242986,2026-07-05T09:16:55Z,2026-07-05T09:16:55Z,2026-07-05T09:16:25Z,2.2,https://gbfs.kappa.fifteen.eu/gbfs/2.2/mobi/en/gbfs.json,https://gbfs.kappa.fifteen.eu/gbfs/2.2/mobi/en/free_bike_status.json,2026-07-05T09:16:54Z,2026-07-05T09:16:54Z
mobi_vancouver,mobi_vancouver_9c588e04-25bb-49b0-a020-992a735d69df,9c588e04-25bb-49b0-a020-992a735d69df,49.283227,-123.120523,1,FALSE,FALSE,25200,0099,1783242986,2026-07-05T09:16:55Z,2026-07-05T09:16:55Z,2026-07-05T09:16:25Z,2.2,https://gbfs.kappa.fifteen.eu/gbfs/2.2/mobi/en/gbfs.json,https://gbfs.kappa.fifteen.eu/gbfs/2.2/mobi/en/free_bike_status.json,2026-07-05T09:16:54Z,2026-07-05T09:16:54Z
mobi_vancouver,mobi_vancouver_b70d547a-c45b-4c6d-8a20-c14d5f3a9b78,b70d547a-c45b-4c6d-8a20-c14d5f3a9b78,49.277436,-123.070427,1,FALSE,FALSE,25200,0223,1783242986,2026-07-05T09:16:55Z,2026-07-05T09:16:55Z,2026-07-05T09:16:25Z,2.2,https://gbfs.kappa.fifteen.eu/gbfs/2.2/mobi/en/gbfs.json,https://gbfs.kappa.fifteen.eu/gbfs/2.2/mobi/en/free_bike_status.json,2026-07-05T09:16:54Z,2026-07-05T09:16:54Z
mobi_vancouver,mobi_vancouver_89d2674a-2d02-4ea0-a5a1-e6baf7db1ddb,89d2674a-2d02-4ea0-a5a1-e6baf7db1ddb,49.27247,-123.185643,1,FALSE,FALSE,25600,0410,1783242986,2026-07-05T09:16:55Z,2026-07-05T09:16:55Z,2026-07-05T09:16:25Z,2.2,https://gbfs.kappa.fifteen.eu/gbfs/2.2/mobi/en/gbfs.json,https://gbfs.kappa.fifteen.eu/gbfs/2.2/mobi/en/free_bike_status.json,2026-07-05T09:16:54Z,2026-07-05T09:16:54Z
mobi_vancouver,mobi_vancouver_67f66219-9d1b-45e9-b17e-0319e681077e,67f66219-9d1b-45e9-b17e-0319e681077e,49.297933,-123.130758,1,FALSE,FALSE,26000,0209,1783242986,2026-07-05T09:16:55Z,2026-07-05T09:16:55Z,2026-07-05T09:16:25Z,2.2,https://gbfs.kappa.fifteen.eu/gbfs/2.2/mobi/en/gbfs.json,https://gbfs.kappa.fifteen.eu/gbfs/2.2/mobi/en/free_bike_status.json,2026-07-05T09:16:54Z,2026-07-05T09:16:54Z
mobi_vancouver,mobi_vancouver_d7a179eb-be6b-4a7f-ac02-34bcfcf2ca84,d7a179eb-be6b-4a7f-ac02-34bcfcf2ca84,0,0,2,FALSE,FALSE,26000,,1783242986,2026-07-05T09:16:55Z,2026-07-05T09:16:55Z,2026-07-05T09:16:25Z,2.2,https://gbfs.kappa.fifteen.eu/gbfs/2.2/mobi/en/gbfs.json,https://gbfs.kappa.fifteen.eu/gbfs/2.2/mobi/en/free_bike_status.json,2026-07-05T09:16:54Z,2026-07-05T09:16:54Z
mobi_vancouver,mobi_vancouver_924ebc9e-8086-4092-a51b-1d8f203497a3,924ebc9e-8086-4092-a51b-1d8f203497a3,49.282759,-123.106955,1,FALSE,FALSE,26400,0030,1783242986,2026-07-05T09:16:55Z,2026-07-05T09:16:55Z,2026-07-05T09:16:25Z,2.2,https://gbfs.kappa.fifteen.eu/gbfs/2.2/mobi/en/gbfs.json,https://gbfs.kappa.fifteen.eu/gbfs/2.2/mobi/en/free_bike_status.json,2026-07-05T09:16:54Z,2026-07-05T09:16:54Z
mobi_vancouver,mobi_vancouver_6d3d6e12-ea8f-4491-bc37-5fbc9d4ddb22,6d3d6e12-ea8f-4491-bc37-5fbc9d4ddb22,49.283227,-123.120523,1,FALSE,FALSE,26400,0099,1783242986,2026-07-05T09:16:55Z,2026-07-05T09:16:55Z,2026-07-05T09:16:25Z,2.2,https://gbfs.kappa.fifteen.eu/gbfs/2.2/mobi/en/gbfs.json,https://gbfs.kappa.fifteen.eu/gbfs/2.2/mobi/en/free_bike_status.json,2026-07-05T09:16:54Z,2026-07-05T09:16:54Z
mobi_vancouver,mobi_vancouver_9829d1fe-230e-4e5d-953f-8b711b1e63ec,9829d1fe-230e-4e5d-953f-8b711b1e63ec,49.28526,-123.141809,1,FALSE,FALSE,27200,0060,1783242986,2026-07-05T09:16:55Z,2026-07-05T09:16:55Z,2026-07-05T09:16:25Z,2.2,https://gbfs.kappa.fifteen.eu/gbfs/2.2/mobi/en/gbfs.json,https://gbfs.kappa.fifteen.eu/gbfs/2.2/mobi/en/free_bike_status.json,2026-07-05T09:16:54Z,2026-07-05T09:16:54Z
mobi_vancouver,mobi_vancouver_21207dad-90d7-40fa-8c21-4d7519249b65,21207dad-90d7-40fa-8c21-4d7519249b65,49.288506,-123.131238,2,FALSE,FALSE,29200,0096,1783242986,2026-07-05T09:16:55Z,2026-07-05T09:16:55Z,2026-07-05T09:16:25Z,2.2,https://gbfs.kappa.fifteen.eu/gbfs/2.2/mobi/en/gbfs.json,https://gbfs.kappa.fifteen.eu/gbfs/2.2/mobi/en/free_bike_status.json,2026-07-05T09:16:54Z,2026-07-05T09:16:54Z
mobi_vancouver,mobi_vancouver_b64497ff-7a3c-4a60-8e6b-edad60a2b3cc,b64497ff-7a3c-4a60-8e6b-edad60a2b3cc,0,0,2,FALSE,FALSE,29200,,1783242986,2026-07-05T09:16:55Z,2026-07-05T09:16:55Z,2026-07-05T09:16:25Z,2.2,https://gbfs.kappa.fifteen.eu/gbfs/2.2/mobi/en/gbfs.json,https://gbfs.kappa.fifteen.eu/gbfs/2.2/mobi/en/free_bike_status.json,2026-07-05T09:16:54Z,2026-07-05T09:16:54Z
mobi_vancouver,mobi_vancouver_b87fb247-15d7-4fdc-a6c9-2a7a0e80c914,b87fb247-15d7-4fdc-a6c9-2a7a0e80c914,49.277665,-123.073653,2,FALSE,FALSE,29200,0222,1783242986,2026-07-05T09:16:55Z,2026-07-05T09:16:55Z,2026-07-05T09:16:25Z,2.2,https://gbfs.kappa.fifteen.eu/gbfs/2.2/mobi/en/gbfs.json,https://gbfs.kappa.fifteen.eu/gbfs/2.2/mobi/en/free_bike_status.json,2026-07-05T09:16:54Z,2026-07-05T09:16:54Z
mobi_vancouver,mobi_vancouver_9f1b4458-dd28-4f6b-b7c0-38c5f7a08934,9f1b4458-dd28-4f6b-b7c0-38c5f7a08934,49.276768,-123.075636,2,FALSE,FALSE,30800,,1783242986,2026-07-05T09:16:55Z,2026-07-05T09:16:55Z,2026-07-05T09:16:25Z,2.2,https://gbfs.kappa.fifteen.eu/gbfs/2.2/mobi/en/gbfs.json,https://gbfs.kappa.fifteen.eu/gbfs/2.2/mobi/en/free_bike_status.json,2026-07-05T09:16:54Z,2026-07-05T09:16:54Z
mobi_vancouver,mobi_vancouver_1a333780-2494-4fd0-a236-dfdd39264922,1a333780-2494-4fd0-a236-dfdd39264922,49.276768,-123.075636,2,FALSE,FALSE,31600,,1783242986,2026-07-05T09:16:55Z,2026-07-05T09:16:55Z,2026-07-05T09:16:25Z,2.2,https://gbfs.kappa.fifteen.eu/gbfs/2.2/mobi/en/gbfs.json,https://gbfs.kappa.fifteen.eu/gbfs/2.2/mobi/en/free_bike_status.json,2026-07-05T09:16:54Z,2026-07-05T09:16:54Z
mobi_vancouver,mobi_vancouver_7cf312dd-ab69-40e5-afd4-2d33d8701bcc,7cf312dd-ab69-40e5-afd4-2d33d8701bcc,0,0,2,FALSE,FALSE,32000,,1783242986,2026-07-05T09:16:55Z,2026-07-05T09:16:55Z,2026-07-05T09:16:25Z,2.2,https://gbfs.kappa.fifteen.eu/gbfs/2.2/mobi/en/gbfs.json,https://gbfs.kappa.fifteen.eu/gbfs/2.2/mobi/en/free_bike_status.json,2026-07-05T09:16:54Z,2026-07-05T09:16:54Z
mobi_vancouver,mobi_vancouver_d73d079a-51a8-4758-9c24-d1d51a6038d0,d73d079a-51a8-4758-9c24-d1d51a6038d0,49.297933,-123.130758,2,FALSE,FALSE,33200,0122,1783242986,2026-07-05T09:16:55Z,2026-07-05T09:16:55Z,2026-07-05T09:16:25Z,2.2,https://gbfs.kappa.fifteen.eu/gbfs/2.2/mobi/en/gbfs.json,https://gbfs.kappa.fifteen.eu/gbfs/2.2/mobi/en/free_bike_status.json,2026-07-05T09:16:54Z,2026-07-05T09:16:54Z
mobi_vancouver,mobi_vancouver_c30d5516-b7f6-4fb6-8a42-bc500fba374e,c30d5516-b7f6-4fb6-8a42-bc500fba374e,49.276768,-123.075636,2,FALSE,FALSE,34000,,1783242986,2026-07-05T09:16:55Z,2026-07-05T09:16:55Z,2026-07-05T09:16:25Z,2.2,https://gbfs.kappa.fifteen.eu/gbfs/2.2/mobi/en/gbfs.json,https://gbfs.kappa.fifteen.eu/gbfs/2.2/mobi/en/free_bike_status.json,2026-07-05T09:16:54Z,2026-07-05T09:16:54Z
mobi_vancouver,mobi_vancouver_c2787106-8455-4250-92b2-226a5bf156f0,c2787106-8455-4250-92b2-226a5bf156f0,49.276768,-123.075636,2,FALSE,FALSE,38000,,1783242986,2026-07-05T09:16:55Z,2026-07-05T09:16:55Z,2026-07-05T09:16:25Z,2.2,https://gbfs.kappa.fifteen.eu/gbfs/2.2/mobi/en/gbfs.json,https://gbfs.kappa.fifteen.eu/gbfs/2.2/mobi/en/free_bike_status.json,2026-07-05T09:16:54Z,2026-07-05T09:16:54Z
mobi_vancouver,mobi_vancouver_de7b401b-4756-4c0f-a52a-83711ad05de0,de7b401b-4756-4c0f-a52a-83711ad05de0,49.266924,-123.173849,2,FALSE,FALSE,38800,0443,1783242986,2026-07-05T09:16:55Z,2026-07-05T09:16:55Z,2026-07-05T09:16:25Z,2.2,https://gbfs.kappa.fifteen.eu/gbfs/2.2/mobi/en/gbfs.json,https://gbfs.kappa.fifteen.eu/gbfs/2.2/mobi/en/free_bike_status.json,2026-07-05T09:16:54Z,2026-07-05T09:16:54Z
mobi_vancouver,mobi_vancouver_512b147b-2b94-4483-8299-58583cee8de8,512b147b-2b94-4483-8299-58583cee8de8,49.281301,-123.139108,2,FALSE,FALSE,40000,0084,1783242986,2026-07-05T09:16:55Z,2026-07-05T09:16:55Z,2026-07-05T09:16:25Z,2.2,https://gbfs.kappa.fifteen.eu/gbfs/2.2/mobi/en/gbfs.json,https://gbfs.kappa.fifteen.eu/gbfs/2.2/mobi/en/free_bike_status.json,2026-07-05T09:16:54Z,2026-07-05T09:16:54Z
mobi_vancouver,mobi_vancouver_a9089a5c-a420-4786-bf88-de23d333aa6f,a9089a5c-a420-4786-bf88-de23d333aa6f,49.276768,-123.075636,2,FALSE,FALSE,40000,,1783242986,2026-07-05T09:16:55Z,2026-07-05T09:16:55Z,2026-07-05T09:16:25Z,2.2,https://gbfs.kappa.fifteen.eu/gbfs/2.2/mobi/en/gbfs.json,https://gbfs.kappa.fifteen.eu/gbfs/2.2/mobi/en/free_bike_status.json,2026-07-05T09:16:54Z,2026-07-05T09:16:54Z
mobi_vancouver,mobi_vancouver_a2214652-f691-4784-addb-f291e46f7a56,a2214652-f691-4784-addb-f291e46f7a56,49.263073,-123.254307,2,FALSE,FALSE,40000,2114,1783242986,2026-07-05T09:16:55Z,2026-07-05T09:16:55Z,2026-07-05T09:16:25Z,2.2,https://gbfs.kappa.fifteen.eu/gbfs/2.2/mobi/en/gbfs.json,https://gbfs.kappa.fifteen.eu/gbfs/2.2/mobi/en/free_bike_status.json,2026-07-05T09:16:54Z,2026-07-05T09:16:54Z
mobi_vancouver,mobi_vancouver_71528998-6674-4d67-8acb-9e20b663a45d,71528998-6674-4d67-8acb-9e20b663a45d,49.269172,-123.25279,2,FALSE,FALSE,40000,2131,1783242986,2026-07-05T09:16:55Z,2026-07-05T09:16:55Z,2026-07-05T09:16:25Z,2.2,https://gbfs.kappa.fifteen.eu/gbfs/2.2/mobi/en/gbfs.json,https://gbfs.kappa.fifteen.eu/gbfs/2.2/mobi/en/free_bike_status.json,2026-07-05T09:16:54Z,2026-07-05T09:16:54Z
mobi_vancouver,mobi_vancouver_30a7c2fd-11ac-4369-8ecf-ac220be896ea,30a7c2fd-11ac-4369-8ecf-ac220be896ea,49.265089,-123.119425,1,FALSE,TRUE,0,0081,1783242986,2026-07-05T09:16:55Z,2026-07-05T09:16:55Z,2026-07-05T09:16:25Z,2.2,https://gbfs.kappa.fifteen.eu/gbfs/2.2/mobi/en/gbfs.json,https://gbfs.kappa.fifteen.eu/gbfs/2.2/mobi/en/free_bike_status.json,2026-07-05T09:16:54Z,2026-07-05T09:16:54Z
mobi_vancouver,mobi_vancouver_6912779d-75fc-43d7-8c0c-035068e7f300,6912779d-75fc-43d7-8c0c-035068e7f300,49.277615,-123.091654,1,FALSE,TRUE,0,0215,1783242986,2026-07-05T09:16:55Z,2026-07-05T09:16:55Z,2026-07-05T09:16:25Z,2.2,https://gbfs.kappa.fifteen.eu/gbfs/2.2/mobi/en/gbfs.json,https://gbfs.kappa.fifteen.eu/gbfs/2.2/mobi/en/free_bike_status.json,2026-07-05T09:16:54Z,2026-07-05T09:16:54Z
mobi_vancouver,mobi_vancouver_f6d9b173-3d47-4bcf-ba85-f08522172567,f6d9b173-3d47-4bcf-ba85-f08522172567,49.270684,-123.073562,2,FALSE,TRUE,3200,0252,1783242986,2026-07-05T09:16:55Z,2026-07-05T09:16:55Z,2026-07-05T09:16:25Z,2.2,https://gbfs.kappa.fifteen.eu/gbfs/2.2/mobi/en/gbfs.json,https://gbfs.kappa.fifteen.eu/gbfs/2.2/mobi/en/free_bike_status.json,2026-07-05T09:16:54Z,2026-07-05T09:16:54Z
mobi_vancouver,mobi_vancouver_f2091ad2-682e-41de-a834-782ee0548de3,f2091ad2-682e-41de-a834-782ee0548de3,49.263837,-123.105173,1,FALSE,TRUE,10000,0107,1783242986,2026-07-05T09:16:55Z,2026-07-05T09:16:55Z,2026-07-05T09:16:25Z,2.2,https://gbfs.kappa.fifteen.eu/gbfs/2.2/mobi/en/gbfs.json,https://gbfs.kappa.fifteen.eu/gbfs/2.2/mobi/en/free_bike_status.json,2026-07-05T09:16:54Z,2026-07-05T09:16:54Z
mobi_vancouver,mobi_vancouver_57e2ddc9-474f-408f-a1f4-ec7a158efb81,57e2ddc9-474f-408f-a1f4-ec7a158efb81,49.25976,-123.2479,1,FALSE,TRUE,10000,2127,1783242986,2026-07-05T09:16:55Z,2026-07-05T09:16:55Z,2026-07-05T09:16:25Z,2.2,https://gbfs.kappa.fifteen.eu/gbfs/2.2/mobi/en/gbfs.json,https://gbfs.kappa.fifteen.eu/gbfs/2.2/mobi/en/free_bike_status.json,2026-07-05T09:16:54Z,2026-07-05T09:16:54Z
mobi_vancouver,mobi_vancouver_b9b3db97-89ee-4866-9566-7045d20f684b,b9b3db97-89ee-4866-9566-7045d20f684b,49.273794,-123.114438,1,FALSE,TRUE,10400,0057,1783242986,2026-07-05T09:16:55Z,2026-07-05T09:16:55Z,2026-07-05T09:16:25Z,2.2,https://gbfs.kappa.fifteen.eu/gbfs/2.2/mobi/en/gbfs.json,https://gbfs.kappa.fifteen.eu/gbfs/2.2/mobi/en/free_bike_status.json,2026-07-05T09:16:54Z,2026-07-05T09:16:54Z
mobi_vancouver,mobi_vancouver_312c3541-f9e9-4148-bbe0-68d202225acb,312c3541-f9e9-4148-bbe0-68d202225acb,49.282055,-123.133045,1,FALSE,TRUE,11200,0187,1783242986,2026-07-05T09:16:55Z,2026-07-05T09:16:55Z,2026-07-05T09:16:25Z,2.2,https://gbfs.kappa.fifteen.eu/gbfs/2.2/mobi/en/gbfs.json,https://gbfs.kappa.fifteen.eu/gbfs/2.2/mobi/en/free_bike_status.json,2026-07-05T09:16:54Z,2026-07-05T09:16:54Z
mobi_vancouver,mobi_vancouver_fff2d39f-c049-4491-bbce-3ac9e60aaf31,fff2d39f-c049-4491-bbce-3ac9e60aaf31,49.257654,-123.153212,1,FALSE,TRUE,11200,0113,1783242986,2026-07-05T09:16:55Z,2026-07-05T09:16:55Z,2026-07-05T09:16:25Z,2.2,https://gbfs.kappa.fifteen.eu/gbfs/2.2/mobi/en/gbfs.json,https://gbfs.kappa.fifteen.eu/gbfs/2.2/mobi/en/free_bike_status.json,2026-07-05T09:16:54Z,2026-07-05T09:16:54Z
mobi_vancouver,mobi_vancouver_9fd277da-cbc7-4192-ad1e-bfc208ae0e5a,9fd277da-cbc7-4192-ad1e-bfc208ae0e5a,49.269172,-123.25279,1,FALSE,TRUE,11200,2131,1783242986,2026-07-05T09:16:55Z,2026-07-05T09:16:55Z,2026-07-05T09:16:25Z,2.2,https://gbfs.kappa.fifteen.eu/gbfs/2.2/mobi/en/gbfs.json,https://gbfs.kappa.fifteen.eu/gbfs/2.2/mobi/en/free_bike_status.json,2026-07-05T09:16:54Z,2026-07-05T09:16:54Z
mobi_vancouver,mobi_vancouver_b1fb8fe6-3802-4bb0-8bdd-f8d17c02d84b,b1fb8fe6-3802-4bb0-8bdd-f8d17c02d84b,49.265207,-123.250139,1,FALSE,TRUE,11200,2134,1783242986,2026-07-05T09:16:55Z,2026-07-05T09:16:55Z,2026-07-05T09:16:25Z,2.2,https://gbfs.kappa.fifteen.eu/gbfs/2.2/mobi/en/gbfs.json,https://gbfs.kappa.fifteen.eu/gbfs/2.2/mobi/en/free_bike_status.json,2026-07-05T09:16:54Z,2026-07-05T09:16:54Z
mobi_vancouver,mobi_vancouver_4942c421-a9c9-4cc7-a922-5984d657a3c1,4942c421-a9c9-4cc7-a922-5984d657a3c1,49.257654,-123.153212,1,FALSE,TRUE,11600,0113,1783242986,2026-07-05T09:16:55Z,2026-07-05T09:16:55Z,2026-07-05T09:16:25Z,2.2,https://gbfs.kappa.fifteen.eu/gbfs/2.2/mobi/en/gbfs.json,https://gbfs.kappa.fifteen.eu/gbfs/2.2/mobi/en/free_bike_status.json,2026-07-05T09:16:54Z,2026-07-05T09:16:54Z
mobi_vancouver,mobi_vancouver_e80188d6-18b0-4a61-8a80-af9f6d32fbd3,e80188d6-18b0-4a61-8a80-af9f6d32fbd3,49.25478,-123.23621,1,FALSE,TRUE,11600,2252,1783242986,2026-07-05T09:16:55Z,2026-07-05T09:16:55Z,2026-07-05T09:16:25Z,2.2,https://gbfs.kappa.fifteen.eu/gbfs/2.2/mobi/en/gbfs.json,https://gbfs.kappa.fifteen.eu/gbfs/2.2/mobi/en/free_bike_status.json,2026-07-05T09:16:54Z,2026-07-05T09:16:54Z
mobi_vancouver,mobi_vancouver_11f94308-ef51-43b5-bb7a-e6bae4cfbf21,11f94308-ef51-43b5-bb7a-e6bae4cfbf21,49.262598,-123.138921,1,FALSE,TRUE,12000,0070,1783242986,2026-07-05T09:16:55Z,2026-07-05T09:16:55Z,2026-07-05T09:16:25Z,2.2,https://gbfs.kappa.fifteen.eu/gbfs/2.2/mobi/en/gbfs.json,https://gbfs.kappa.fifteen.eu/gbfs/2.2/mobi/en/free_bike_status.json,2026-07-05T09:16:54Z,2026-07-05T09:16:54Z
mobi_vancouver,mobi_vancouver_0be847a4-a1fd-4351-8a68-f4e29dc39832,0be847a4-a1fd-4351-8a68-f4e29dc39832,49.258761,-123.127071,1,FALSE,TRUE,12000,0202,1783242986,2026-07-05T09:16:55Z,2026-07-05T09:16:55Z,2026-07-05T09:16:25Z,2.2,https://gbfs.kappa.fifteen.eu/gbfs/2.2/mobi/en/gbfs.json,https://gbfs.kappa.fifteen.eu/gbfs/2.2/mobi/en/free_bike_status.json,2026-07-05T09:16:54Z,2026-07-05T09:16:54Z
mobi_vancouver,mobi_vancouver_d3bf735f-c6a3-43e6-915f-6b196f075efc,d3bf735f-c6a3-43e6-915f-6b196f075efc,49.268837,-123.177633,1,FALSE,TRUE,12400,0431,1783242986,2026-07-05T09:16:55Z,2026-07-05T09:16:55Z,2026-07-05T09:16:25Z,2.2,https://gbfs.kappa.fifteen.eu/gbfs/2.2/mobi/en/gbfs.json,https://gbfs.kappa.fifteen.eu/gbfs/2.2/mobi/en/free_bike_status.json,2026-07-05T09:16:54Z,2026-07-05T09:16:54Z
mobi_vancouver,mobi_vancouver_2f725f85-1129-4285-aa27-ae6955665e9b,2f725f85-1129-4285-aa27-ae6955665e9b,49.276436,-123.11877,1,FALSE,TRUE,12800,0078,1783242986,2026-07-05T09:16:55Z,2026-07-05T09:16:55Z,2026-07-05T09:16:25Z,2.2,https://gbfs.kappa.fifteen.eu/gbfs/2.2/mobi/en/gbfs.json,https://gbfs.kappa.fifteen.eu/gbfs/2.2/mobi/en/free_bike_status.json,2026-07-05T09:16:54Z,2026-07-05T09:16:54Z
mobi_vancouver,mobi_vancouver_35cda782-e3e4-4c2a-bacb-1c1fab565a75,35cda782-e3e4-4c2a-bacb-1c1fab565a75,49.261403,-123.070102,1,FALSE,TRUE,13200,0244,1783242986,2026-07-05T09:16:55Z,2026-07-05T09:16:55Z,2026-07-05T09:16:25Z,2.2,https://gbfs.kappa.fifteen.eu/gbfs/2.2/mobi/en/gbfs.json,https://gbfs.kappa.fifteen.eu/gbfs/2.2/mobi/en/free_bike_status.json,2026-07-05T09:16:54Z,2026-07-05T09:16:54Z
mobi_vancouver,mobi_vancouver_27ee01c4-c43f-4583-a8ec-ae78df767299,27ee01c4-c43f-4583-a8ec-ae78df767299,49.288707,-123.11811,1,FALSE,TRUE,13600,0201,1783242986,2026-07-05T09:16:55Z,2026-07-05T09:16:55Z,2026-07-05T09:16:25Z,2.2,https://gbfs.kappa.fifteen.eu/gbfs/2.2/mobi/en/gbfs.json,https://gbfs.kappa.fifteen.eu/gbfs/2.2/mobi/en/free_bike_status.json,2026-07-05T09:16:54Z,2026-07-05T09:16:54Z
mobi_vancouver,mobi_vancouver_2798e76c-1dfe-4e5f-85f5-4f1ce1197bd2,2798e76c-1dfe-4e5f-85f5-4f1ce1197bd2,49.27924,-123.119185,2,FALSE,TRUE,13600,0058,1783242986,2026-07-05T09:16:55Z,2026-07-05T09:16:55Z,2026-07-05T09:16:25Z,2.2,https://gbfs.kappa.fifteen.eu/gbfs/2.2/mobi/en/gbfs.json,https://gbfs.kappa.fifteen.eu/gbfs/2.2/mobi/en/free_bike_status.json,2026-07-05T09:16:54Z,2026-07-05T09:16:54Z
mobi_vancouver,mobi_vancouver_91dd0ed1-b4cc-40e8-9428-19d50a0f6d21,91dd0ed1-b4cc-40e8-9428-19d50a0f6d21,49.276292,-123.150592,1,FALSE,TRUE,14000,0155,1783242986,2026-07-05T09:16:55Z,2026-07-05T09:16:55Z,2026-07-05T09:16:25Z,2.2,https://gbfs.kappa.fifteen.eu/gbfs/2.2/mobi/en/gbfs.json,https://gbfs.kappa.fifteen.eu/gbfs/2.2/mobi/en/free_bike_status.json,2026-07-05T09:16:54Z,2026-07-05T09:16:54Z
mobi_vancouver,mobi_vancouver_5f9b6fee-b662-4fdb-8dad-f14d73425640,5f9b6fee-b662-4fdb-8dad-f14d73425640,49.25478,-123.23621,1,FALSE,TRUE,14000,2252,1783242986,2026-07-05T09:16:55Z,2026-07-05T09:16:55Z,2026-07-05T09:16:25Z,2.2,https://gbfs.kappa.fifteen.eu/gbfs/2.2/mobi/en/gbfs.json,https://gbfs.kappa.fifteen.eu/gbfs/2.2/mobi/en/free_bike_status.json,2026-07-05T09:16:54Z,2026-07-05T09:16:54Z
mobi_vancouver,mobi_vancouver_a8803eeb-8de5-4363-8555-b991604b0842,a8803eeb-8de5-4363-8555-b991604b0842,49.26875,-123.25004,1,FALSE,TRUE,14000,2142,1783242986,2026-07-05T09:16:55Z,2026-07-05T09:16:55Z,2026-07-05T09:16:25Z,2.2,https://gbfs.kappa.fifteen.eu/gbfs/2.2/mobi/en/gbfs.json,https://gbfs.kappa.fifteen.eu/gbfs/2.2/mobi/en/free_bike_status.json,2026-07-05T09:16:54Z,2026-07-05T09:16:54Z
mobi_vancouver,mobi_vancouver_8e0fd2d9-b740-4e21-a69b-8c7d2f152801,8e0fd2d9-b740-4e21-a69b-8c7d2f152801,49.25919,-123.148268,2,FALSE,TRUE,14400,0114,1783242986,2026-07-05T09:16:55Z,2026-07-05T09:16:55Z,2026-07-05T09:16:25Z,2.2,https://gbfs.kappa.fifteen.eu/gbfs/2.2/mobi/en/gbfs.json,https://gbfs.kappa.fifteen.eu/gbfs/2.2/mobi/en/free_bike_status.json,2026-07-05T09:16:54Z,2026-07-05T09:16:54Z
mobi_vancouver,mobi_vancouver_92fb0547-555a-483a-afcd-eafda42b6a28,92fb0547-555a-483a-afcd-eafda42b6a28,49.282758,-123.122092,1,FALSE,TRUE,14400,0019,1783242986,2026-07-05T09:16:55Z,2026-07-05T09:16:55Z,2026-07-05T09:16:25Z,2.2,https://gbfs.kappa.fifteen.eu/gbfs/2.2/mobi/en/gbfs.json,https://gbfs.kappa.fifteen.eu/gbfs/2.2/mobi/en/free_bike_status.json,2026-07-05T09:16:54Z,2026-07-05T09:16:54Z
mobi_vancouver,mobi_vancouver_19c23e1b-ae7b-4684-bb5e-9f5295aaf499,19c23e1b-ae7b-4684-bb5e-9f5295aaf499,49.289071,-123.138407,1,FALSE,TRUE,14400,0313,1783242986,2026-07-05T09:16:55Z,2026-07-05T09:16:55Z,2026-07-05T09:16:25Z,2.2,https://gbfs.kappa.fifteen.eu/gbfs/2.2/mobi/en/gbfs.json,https://gbfs.kappa.fifteen.eu/gbfs/2.2/mobi/en/free_bike_status.json,2026-07-05T09:16:54Z,2026-07-05T09:16:54Z
mobi_vancouver,mobi_vancouver_068083e0-7513-4863-84c1-00fa6fbdc37e,068083e0-7513-4863-84c1-00fa6fbdc37e,49.274817,-123.069216,1,FALSE,TRUE,14800,0231,1783242986,2026-07-05T09:16:55Z,2026-07-05T09:16:55Z,2026-07-05T09:16:25Z,2.2,https://gbfs.kappa.fifteen.eu/gbfs/2.2/mobi/en/gbfs.json,https://gbfs.kappa.fifteen.eu/gbfs/2.2/mobi/en/free_bike_status.json,2026-07-05T09:16:54Z,2026-07-05T09:16:54Z
mobi_vancouver,mobi_vancouver_a76319b0-e21b-43be-aa71-56bbbb958017,a76319b0-e21b-43be-aa71-56bbbb958017,49.257654,-123.153212,1,FALSE,TRUE,15200,0113,1783242986,2026-07-05T09:16:55Z,2026-07-05T09:16:55Z,2026-07-05T09:16:25Z,2.2,https://gbfs.kappa.fifteen.eu/gbfs/2.2/mobi/en/gbfs.json,https://gbfs.kappa.fifteen.eu/gbfs/2.2/mobi/en/free_bike_status.json,2026-07-05T09:16:54Z,2026-07-05T09:16:54Z
mobi_vancouver,mobi_vancouver_9ef7db5f-dc29-4a9b-92b1-631c6eb94e1f,9ef7db5f-dc29-4a9b-92b1-631c6eb94e1f,49.27029,-123.135025,1,FALSE,TRUE,15200,0189,1783242986,2026-07-05T09:16:55Z,2026-07-05T09:16:55Z,2026-07-05T09:16:25Z,2.2,https://gbfs.kappa.fifteen.eu/gbfs/2.2/mobi/en/gbfs.json,https://gbfs.kappa.fifteen.eu/gbfs/2.2/mobi/en/free_bike_status.json,2026-07-05T09:16:54Z,2026-07-05T09:16:54Z
mobi_vancouver,mobi_vancouver_8a4aee6f-ad8b-4257-93e7-c0149c6135f4,8a4aee6f-ad8b-4257-93e7-c0149c6135f4,49.262944,-123.148109,1,FALSE,TRUE,16000,0068,1783242986,2026-07-05T09:16:55Z,2026-07-05T09:16:55Z,2026-07-05T09:16:25Z,2.2,https://gbfs.kappa.fifteen.eu/gbfs/2.2/mobi/en/gbfs.json,https://gbfs.kappa.fifteen.eu/gbfs/2.2/mobi/en/free_bike_status.json,2026-07-05T09:16:54Z,2026-07-05T09:16:54Z
mobi_vancouver,mobi_vancouver_b1bc7ee9-13c7-4f0f-8f6c-10ef3d393d5e,b1bc7ee9-13c7-4f0f-8f6c-10ef3d393d5e,49.262206,-123.109091,1,FALSE,TRUE,16000,0172,1783242986,2026-07-05T09:16:55Z,2026-07-05T09:16:55Z,2026-07-05T09:16:25Z,2.2,https://gbfs.kappa.fifteen.eu/gbfs/2.2/mobi/en/gbfs.json,https://gbfs.kappa.fifteen.eu/gbfs/2.2/mobi/en/free_bike_status.json,2026-07-05T09:16:54Z,2026-07-05T09:16:54Z
mobi_vancouver,mobi_vancouver_4de2563a-7344-4634-8d46-37b2622e38ee,4de2563a-7344-4634-8d46-37b2622e38ee,49.279938,-123.127478,1,FALSE,TRUE,16400,0039,1783242986,2026-07-05T09:16:55Z,2026-07-05T09:16:55Z,2026-07-05T09:16:25Z,2.2,https://gbfs.kappa.fifteen.eu/gbfs/2.2/mobi/en/gbfs.json,https://gbfs.kappa.fifteen.eu/gbfs/2.2/mobi/en/free_bike_status.json,2026-07-05T09:16:54Z,2026-07-05T09:16:54Z
mobi_vancouver,mobi_vancouver_5fcdd61b-6607-4d88-a9e9-5894fd329fd7,5fcdd61b-6607-4d88-a9e9-5894fd329fd7,49.276921,-123.121988,1,FALSE,TRUE,16400,0079,1783242986,2026-07-05T09:16:55Z,2026-07-05T09:16:55Z,2026-07-05T09:16:25Z,2.2,https://gbfs.kappa.fifteen.eu/gbfs/2.2/mobi/en/gbfs.json,https://gbfs.kappa.fifteen.eu/gbfs/2.2/mobi/en/free_bike_status.json,2026-07-05T09:16:54Z,2026-07-05T09:16:54Z
mobi_vancouver,mobi_vancouver_3db55309-1647-482c-889d-3b52992ab93f,3db55309-1647-482c-889d-3b52992ab93f,49.268514,-123.157412,1,FALSE,TRUE,16400,0159,1783242986,2026-07-05T09:16:55Z,2026-07-05T09:16:55Z,2026-07-05T09:16:25Z,2.2,https://gbfs.kappa.fifteen.eu/gbfs/2.2/mobi/en/gbfs.json,https://gbfs.kappa.fifteen.eu/gbfs/2.2/mobi/en/free_bike_status.json,2026-07-05T09:16:54Z,2026-07-05T09:16:54Z
mobi_vancouver,mobi_vancouver_40e9be80-7059-4c37-bc86-3e4dea826dc2,40e9be80-7059-4c37-bc86-3e4dea826dc2,49.265336,-123.145823,1,FALSE,TRUE,16400,0140,1783242986,2026-07-05T09:16:55Z,2026-07-05T09:16:55Z,2026-07-05T09:16:25Z,2.2,https://gbfs.kappa.fifteen.eu/gbfs/2.2/mobi/en/gbfs.json,https://gbfs.kappa.fifteen.eu/gbfs/2.2/mobi/en/free_bike_status.json,2026-07-05T09:16:54Z,2026-07-05T09:16:54Z
mobi_vancouver,mobi_vancouver_bc033bcb-3095-477f-97a0-afb9f3a8671e,bc033bcb-3095-477f-97a0-afb9f3a8671e,49.261353,-123.085333,1,FALSE,TRUE,16800,0265,1783242986,2026-07-05T09:16:55Z,2026-07-05T09:16:55Z,2026-07-05T09:16:25Z,2.2,https://gbfs.kappa.fifteen.eu/gbfs/2.2/mobi/en/gbfs.json,https://gbfs.kappa.fifteen.eu/gbfs/2.2/mobi/en/free_bike_status.json,2026-07-05T09:16:54Z,2026-07-05T09:16:54Z
mobi_vancouver,mobi_vancouver_731ab473-b431-421d-8315-2c8011d5d734,731ab473-b431-421d-8315-2c8011d5d734,49.279821,-123.10802,1,FALSE,TRUE,17200,0053,1783242986,2026-07-05T09:16:55Z,2026-07-05T09:16:55Z,2026-07-05T09:16:25Z,2.2,https://gbfs.kappa.fifteen.eu/gbfs/2.2/mobi/en/gbfs.json,https://gbfs.kappa.fifteen.eu/gbfs/2.2/mobi/en/free_bike_status.json,2026-07-05T09:16:54Z,2026-07-05T09:16:54Z
mobi_vancouver,mobi_vancouver_38d1e634-e9d5-4132-9336-77283e55d162,38d1e634-e9d5-4132-9336-77283e55d162,49.279821,-123.10802,1,FALSE,TRUE,17200,0053,1783242986,2026-07-05T09:16:55Z,2026-07-05T09:16:55Z,2026-07-05T09:16:25Z,2.2,https://gbfs.kappa.fifteen.eu/gbfs/2.2/mobi/en/gbfs.json,https://gbfs.kappa.fifteen.eu/gbfs/2.2/mobi/en/free_bike_status.json,2026-07-05T09:16:54Z,2026-07-05T09:16:54Z
mobi_vancouver,mobi_vancouver_55634714-377c-42ef-a359-b28068977e45,55634714-377c-42ef-a359-b28068977e45,49.256694,-123.096579,1,FALSE,TRUE,17200,0256,1783242986,2026-07-05T09:16:55Z,2026-07-05T09:16:55Z,2026-07-05T09:16:25Z,2.2,https://gbfs.kappa.fifteen.eu/gbfs/2.2/mobi/en/gbfs.json,https://gbfs.kappa.fifteen.eu/gbfs/2.2/mobi/en/free_bike_status.json,2026-07-05T09:16:54Z,2026-07-05T09:16:54Z
mobi_vancouver,mobi_vancouver_8a92b38f-0159-4d21-a342-7e0c9a7f0b2c,8a92b38f-0159-4d21-a342-7e0c9a7f0b2c,49.265198,-123.131043,1,FALSE,TRUE,17200,0192,1783242986,2026-07-05T09:16:55Z,2026-07-05T09:16:55Z,2026-07-05T09:16:25Z,2.2,https://gbfs.kappa.fifteen.eu/gbfs/2.2/mobi/en/gbfs.json,https://gbfs.kappa.fifteen.eu/gbfs/2.2/mobi/en/free_bike_status.json,2026-07-05T09:16:54Z,2026-07-05T09:16:54Z
mobi_vancouver,mobi_vancouver_bcc520f6-469d-4096-8d1e-fdcc2ca56da5,bcc520f6-469d-4096-8d1e-fdcc2ca56da5,49.26893,-123.11813,1,FALSE,TRUE,17600,0010,1783242986,2026-07-05T09:16:55Z,2026-07-05T09:16:55Z,2026-07-05T09:16:25Z,2.2,https://gbfs.kappa.fifteen.eu/gbfs/2.2/mobi/en/gbfs.json,https://gbfs.kappa.fifteen.eu/gbfs/2.2/mobi/en/free_bike_status.json,2026-07-05T09:16:54Z,2026-07-05T09:16:54Z
mobi_vancouver,mobi_vancouver_010e64ab-4c38-4ebb-b14b-31afe3b1aae4,010e64ab-4c38-4ebb-b14b-31afe3b1aae4,49.267222,-123.153157,1,FALSE,TRUE,17600,0110,1783242986,2026-07-05T09:16:55Z,2026-07-05T09:16:55Z,2026-07-05T09:16:25Z,2.2,https://gbfs.kappa.fifteen.eu/gbfs/2.2/mobi/en/gbfs.json,https://gbfs.kappa.fifteen.eu/gbfs/2.2/mobi/en/free_bike_status.json,2026-07-05T09:16:54Z,2026-07-05T09:16:54Z
mobi_vancouver,mobi_vancouver_7a6e4345-d72c-48ba-8caf-e1b7551ceb80,7a6e4345-d72c-48ba-8caf-e1b7551ceb80,49.262678,-123.13899,1,FALSE,TRUE,17600,0070,1783242986,2026-07-05T09:16:55Z,2026-07-05T09:16:55Z,2026-07-05T09:16:25Z,2.2,https://gbfs.kappa.fifteen.eu/gbfs/2.2/mobi/en/gbfs.json,https://gbfs.kappa.fifteen.eu/gbfs/2.2/mobi/en/free_bike_status.json,2026-07-05T09:16:54Z,2026-07-05T09:16:54Z
mobi_vancouver,mobi_vancouver_c5df5b14-113f-41dc-89ee-e23f118b9042,c5df5b14-113f-41dc-89ee-e23f118b9042,49.268837,-123.177633,1,FALSE,TRUE,17600,0431,1783242986,2026-07-05T09:16:55Z,2026-07-05T09:16:55Z,2026-07-05T09:16:25Z,2.2,https://gbfs.kappa.fifteen.eu/gbfs/2.2/mobi/en/gbfs.json,https://gbfs.kappa.fifteen.eu/gbfs/2.2/mobi/en/free_bike_status.json,2026-07-05T09:16:54Z,2026-07-05T09:16:54Z
mobi_vancouver,mobi_vancouver_0785344b-fb1a-4e2e-aca2-8263fdbc3e53,0785344b-fb1a-4e2e-aca2-8263fdbc3e53,49.262487,-123.114397,1,FALSE,TRUE,18000,0001,1783242986,2026-07-05T09:16:55Z,2026-07-05T09:16:55Z,2026-07-05T09:16:25Z,2.2,https://gbfs.kappa.fifteen.eu/gbfs/2.2/mobi/en/gbfs.json,https://gbfs.kappa.fifteen.eu/gbfs/2.2/mobi/en/free_bike_status.json,2026-07-05T09:16:54Z,2026-07-05T09:16:54Z
mobi_vancouver,mobi_vancouver_2b37a9a0-9990-4bbc-b626-72c46e46fbbd,2b37a9a0-9990-4bbc-b626-72c46e46fbbd,49.275717,-123.142564,1,FALSE,TRUE,18000,0077,1783242986,2026-07-05T09:16:55Z,2026-07-05T09:16:55Z,2026-07-05T09:16:25Z,2.2,https://gbfs.kappa.fifteen.eu/gbfs/2.2/mobi/en/gbfs.json,https://gbfs.kappa.fifteen.eu/gbfs/2.2/mobi/en/free_bike_status.json,2026-07-05T09:16:54Z,2026-07-05T09:16:54Z
mobi_vancouver,mobi_vancouver_f6543159-bec9-4166-8ffc-4b3d7b188cb0,f6543159-bec9-4166-8ffc-4b3d7b188cb0,49.273345,-123.154692,1,FALSE,TRUE,18000,0154,1783242986,2026-07-05T09:16:55Z,2026-07-05T09:16:55Z,2026-07-05T09:16:25Z,2.2,https://gbfs.kappa.fifteen.eu/gbfs/2.2/mobi/en/gbfs.json,https://gbfs.kappa.fifteen.eu/gbfs/2.2/mobi/en/free_bike_status.json,2026-07-05T09:16:54Z,2026-07-05T09:16:54Z
mobi_vancouver,mobi_vancouver_81a10e14-40e2-4174-88b2-257f62f5c395,81a10e14-40e2-4174-88b2-257f62f5c395,49.262049,-123.104581,1,FALSE,TRUE,18000,0176,1783242986,2026-07-05T09:16:55Z,2026-07-05T09:16:55Z,2026-07-05T09:16:25Z,2.2,https://gbfs.kappa.fifteen.eu/gbfs/2.2/mobi/en/gbfs.json,https://gbfs.kappa.fifteen.eu/gbfs/2.2/mobi/en/free_bike_status.json,2026-07-05T09:16:54Z,2026-07-05T09:16:54Z
mobi_vancouver,mobi_vancouver_100a0b93-45fc-4b12-b530-62cdc759a8e6,100a0b93-45fc-4b12-b530-62cdc759a8e6,49.268837,-123.177633,1,FALSE,TRUE,18000,0431,1783242986,2026-07-05T09:16:55Z,2026-07-05T09:16:55Z,2026-07-05T09:16:25Z,2.2,https://gbfs.kappa.fifteen.eu/gbfs/2.2/mobi/en/gbfs.json,https://gbfs.kappa.fifteen.eu/gbfs/2.2/mobi/en/free_bike_status.json,2026-07-05T09:16:54Z,2026-07-05T09:16:54Z
mobi_vancouver,mobi_vancouver_814ed0c2-1b49-457a-a4c2-88aa45690684,814ed0c2-1b49-457a-a4c2-88aa45690684,49.28062,-123.12482,1,FALSE,TRUE,18400,0037,1783242986,2026-07-05T09:16:55Z,2026-07-05T09:16:55Z,2026-07-05T09:16:25Z,2.2,https://gbfs.kappa.fifteen.eu/gbfs/2.2/mobi/en/gbfs.json,https://gbfs.kappa.fifteen.eu/gbfs/2.2/mobi/en/free_bike_status.json,2026-07-05T09:16:54Z,2026-07-05T09:16:54Z
mobi_vancouver,mobi_vancouver_5622e9b8-4771-46a1-a31d-729248898356,5622e9b8-4771-46a1-a31d-729248898356,49.279342,-123.101822,1,FALSE,TRUE,18400,0055,1783242986,2026-07-05T09:16:55Z,2026-07-05T09:16:55Z,2026-07-05T09:16:25Z,2.2,https://gbfs.kappa.fifteen.eu/gbfs/2.2/mobi/en/gbfs.json,https://gbfs.kappa.fifteen.eu/gbfs/2.2/mobi/en/free_bike_status.json,2026-07-05T09:16:54Z,2026-07-05T09:16:54Z
mobi_vancouver,mobi_vancouver_c41b9e06-3b3c-429e-a0df-44eac5295345,c41b9e06-3b3c-429e-a0df-44eac5295345,49.268837,-123.177633,1,FALSE,TRUE,18400,0431,1783242986,2026-07-05T09:16:55Z,2026-07-05T09:16:55Z,2026-07-05T09:16:25Z,2.2,https://gbfs.kappa.fifteen.eu/gbfs/2.2/mobi/en/gbfs.json,https://gbfs.kappa.fifteen.eu/gbfs/2.2/mobi/en/free_bike_status.json,2026-07-05T09:16:54Z,2026-07-05T09:16:54Z
mobi_vancouver,mobi_vancouver_f04f45a3-6226-480e-ad4f-03dded906fdb,f04f45a3-6226-480e-ad4f-03dded906fdb,49.276915,-123.122765,1,FALSE,TRUE,18800,0027,1783242986,2026-07-05T09:16:55Z,2026-07-05T09:16:55Z,2026-07-05T09:16:25Z,2.2,https://gbfs.kappa.fifteen.eu/gbfs/2.2/mobi/en/gbfs.json,https://gbfs.kappa.fifteen.eu/gbfs/2.2/mobi/en/free_bike_status.json,2026-07-05T09:16:54Z,2026-07-05T09:16:54Z
mobi_vancouver,mobi_vancouver_413e1922-0927-46ea-9dc1-6d63f7539745,413e1922-0927-46ea-9dc1-6d63f7539745,49.289255,-123.132677,1,FALSE,TRUE,18800,0041,1783242986,2026-07-05T09:16:55Z,2026-07-05T09:16:55Z,2026-07-05T09:16:25Z,2.2,https://gbfs.kappa.fifteen.eu/gbfs/2.2/mobi/en/gbfs.json,https://gbfs.kappa.fifteen.eu/gbfs/2.2/mobi/en/free_bike_status.json,2026-07-05T09:16:54Z,2026-07-05T09:16:54Z
mobi_vancouver,mobi_vancouver_84fe0e37-bc48-4024-b1b8-51339c7fcdb9,84fe0e37-bc48-4024-b1b8-51339c7fcdb9,49.268269,-123.147885,1,FALSE,TRUE,18800,0076,1783242986,2026-07-05T09:16:55Z,2026-07-05T09:16:55Z,2026-07-05T09:16:25Z,2.2,https://gbfs.kappa.fifteen.eu/gbfs/2.2/mobi/en/gbfs.json,https://gbfs.kappa.fifteen.eu/gbfs/2.2/mobi/en/free_bike_status.json,2026-07-05T09:16:54Z,2026-07-05T09:16:54Z
mobi_vancouver,mobi_vancouver_4e49c361-5c2c-4d8a-bb4b-aea370860d18,4e49c361-5c2c-4d8a-bb4b-aea370860d18,49.266314,-123.116011,1,FALSE,TRUE,18800,0006,1783242986,2026-07-05T09:16:55Z,2026-07-05T09:16:55Z,2026-07-05T09:16:25Z,2.2,https://gbfs.kappa.fifteen.eu/gbfs/2.2/mobi/en/gbfs.json,https://gbfs.kappa.fifteen.eu/gbfs/2.2/mobi/en/free_bike_status.json,2026-07-05T09:16:54Z,2026-07-05T09:16:54Z
mobi_vancouver,mobi_vancouver_562910d0-8145-44a3-9778-73c65cdae85d,562910d0-8145-44a3-9778-73c65cdae85d,49.265253,-123.145761,1,FALSE,TRUE,18800,0140,1783242986,2026-07-05T09:16:55Z,2026-07-05T09:16:55Z,2026-07-05T09:16:25Z,2.2,https://gbfs.kappa.fifteen.eu/gbfs/2.2/mobi/en/gbfs.json,https://gbfs.kappa.fifteen.eu/gbfs/2.2/mobi/en/free_bike_status.json,2026-07-05T09:16:54Z,2026-07-05T09:16:54Z
mobi_vancouver,mobi_vancouver_7f568210-b95d-45ac-9337-9bf73c3c5404,7f568210-b95d-45ac-9337-9bf73c3c5404,49.273709,-123.114505,1,FALSE,TRUE,19200,0057,1783242986,2026-07-05T09:16:55Z,2026-07-05T09:16:55Z,2026-07-05T09:16:25Z,2.2,https://gbfs.kappa.fifteen.eu/gbfs/2.2/mobi/en/gbfs.json,https://gbfs.kappa.fifteen.eu/gbfs/2.2/mobi/en/free_bike_status.json,2026-07-05T09:16:54Z,2026-07-05T09:16:54Z
mobi_vancouver,mobi_vancouver_06e526c9-bffc-4a82-b349-0601962151b2,06e526c9-bffc-4a82-b349-0601962151b2,49.299304,-123.130325,1,FALSE,TRUE,19600,0101,1783242986,2026-07-05T09:16:55Z,2026-07-05T09:16:55Z,2026-07-05T09:16:25Z,2.2,https://gbfs.kappa.fifteen.eu/gbfs/2.2/mobi/en/gbfs.json,https://gbfs.kappa.fifteen.eu/gbfs/2.2/mobi/en/free_bike_status.json,2026-07-05T09:16:54Z,2026-07-05T09:16:54Z
mobi_vancouver,mobi_vancouver_9b92aead-4237-4710-b106-b97ce6dc8022,9b92aead-4237-4710-b106-b97ce6dc8022,49.269361,-123.13782,1,FALSE,TRUE,20000,0066,1783242986,2026-07-05T09:16:55Z,2026-07-05T09:16:55Z,2026-07-05T09:16:25Z,2.2,https://gbfs.kappa.fifteen.eu/gbfs/2.2/mobi/en/gbfs.json,https://gbfs.kappa.fifteen.eu/gbfs/2.2/mobi/en/free_bike_status.json,2026-07-05T09:16:54Z,2026-07-05T09:16:54Z
mobi_vancouver,mobi_vancouver_e2369962-df98-409d-8a2d-aa474ba782f2,e2369962-df98-409d-8a2d-aa474ba782f2,49.270721,-123.146175,2,FALSE,TRUE,20000,0108,1783242986,2026-07-05T09:16:55Z,2026-07-05T09:16:55Z,2026-07-05T09:16:25Z,2.2,https://gbfs.kappa.fifteen.eu/gbfs/2.2/mobi/en/gbfs.json,https://gbfs.kappa.fifteen.eu/gbfs/2.2/mobi/en/free_bike_status.json,2026-07-05T09:16:54Z,2026-07-05T09:16:54Z
mobi_vancouver,mobi_vancouver_6aae247b-ff48-4dac-827e-3dbbdd129c9e,6aae247b-ff48-4dac-827e-3dbbdd129c9e,49.263236,-123.143339,1,FALSE,TRUE,20000,0205,1783242986,2026-07-05T09:16:55Z,2026-07-05T09:16:55Z,2026-07-05T09:16:25Z,2.2,https://gbfs.kappa.fifteen.eu/gbfs/2.2/mobi/en/gbfs.json,https://gbfs.kappa.fifteen.eu/gbfs/2.2/mobi/en/free_bike_status.json,2026-07-05T09:16:54Z,2026-07-05T09:16:54Z
mobi_vancouver,mobi_vancouver_2fcbd4df-9451-4638-91cb-9fe03d61ec38,2fcbd4df-9451-4638-91cb-9fe03d61ec38,49.288682,-123.11818,1,FALSE,TRUE,20400,0201,1783242986,2026-07-05T09:16:55Z,2026-07-05T09:16:55Z,2026-07-05T09:16:25Z,2.2,https://gbfs.kappa.fifteen.eu/gbfs/2.2/mobi/en/gbfs.json,https://gbfs.kappa.fifteen.eu/gbfs/2.2/mobi/en/free_bike_status.json,2026-07-05T09:16:54Z,2026-07-05T09:16:54Z
mobi_vancouver,mobi_vancouver_4b42d7fb-d261-435a-a100-31d1f6df3970,4b42d7fb-d261-435a-a100-31d1f6df3970,49.269969,-123.109623,1,FALSE,TRUE,20400,0173,1783242986,2026-07-05T09:16:55Z,2026-07-05T09:16:55Z,2026-07-05T09:16:25Z,2.2,https://gbfs.kappa.fifteen.eu/gbfs/2.2/mobi/en/gbfs.json,https://gbfs.kappa.fifteen.eu/gbfs/2.2/mobi/en/free_bike_status.json,2026-07-05T09:16:54Z,2026-07-05T09:16:54Z
mobi_vancouver,mobi_vancouver_ce979fc7-707f-4f1c-82a0-7b5c7f081384,ce979fc7-707f-4f1c-82a0-7b5c7f081384,49.27821,-123.136972,2,FALSE,TRUE,20400,0083,1783242986,2026-07-05T09:16:55Z,2026-07-05T09:16:55Z,2026-07-05T09:16:25Z,2.2,https://gbfs.kappa.fifteen.eu/gbfs/2.2/mobi/en/gbfs.json,https://gbfs.kappa.fifteen.eu/gbfs/2.2/mobi/en/free_bike_status.json,2026-07-05T09:16:54Z,2026-07-05T09:16:54Z
mobi_vancouver,mobi_vancouver_49edfcbe-b0b0-44cc-ab28-712e5501b3b1,49edfcbe-b0b0-44cc-ab28-712e5501b3b1,49.277615,-123.091654,1,FALSE,TRUE,20400,0215,1783242986,2026-07-05T09:16:55Z,2026-07-05T09:16:55Z,2026-07-05T09:16:25Z,2.2,https://gbfs.kappa.fifteen.eu/gbfs/2.2/mobi/en/gbfs.json,https://gbfs.kappa.fifteen.eu/gbfs/2.2/mobi/en/free_bike_status.json,2026-07-05T09:16:54Z,2026-07-05T09:16:54Z
mobi_vancouver,mobi_vancouver_725a10db-fa2b-4cf0-871f-dd107ba14fa8,725a10db-fa2b-4cf0-871f-dd107ba14fa8,49.275683,-123.124388,1,FALSE,TRUE,20800,0082,1783242986,2026-07-05T09:16:55Z,2026-07-05T09:16:55Z,2026-07-05T09:16:25Z,2.2,https://gbfs.kappa.fifteen.eu/gbfs/2.2/mobi/en/gbfs.json,https://gbfs.kappa.fifteen.eu/gbfs/2.2/mobi/en/free_bike_status.json,2026-07-05T09:16:54Z,2026-07-05T09:16:54Z
mobi_vancouver,mobi_vancouver_aaca8857-e2d8-4ac1-995a-9909cfa1fdb6,aaca8857-e2d8-4ac1-995a-9909cfa1fdb6,49.264013,-123.113001,1,FALSE,TRUE,20800,0170,1783242986,2026-07-05T09:16:55Z,2026-07-05T09:16:55Z,2026-07-05T09:16:25Z,2.2,https://gbfs.kappa.fifteen.eu/gbfs/2.2/mobi/en/gbfs.json,https://gbfs.kappa.fifteen.eu/gbfs/2.2/mobi/en/free_bike_status.json,2026-07-05T09:16:54Z,2026-07-05T09:16:54Z
mobi_vancouver,mobi_vancouver_7da6acd1-a6d9-4423-8a6c-abd8f4c0c97c,7da6acd1-a6d9-4423-8a6c-abd8f4c0c97c,49.28512,-123.11242,1,FALSE,TRUE,20800,0308,1783242986,2026-07-05T09:16:55Z,2026-07-05T09:16:55Z,2026-07-05T09:16:25Z,2.2,https://gbfs.kappa.fifteen.eu/gbfs/2.2/mobi/en/gbfs.json,https://gbfs.kappa.fifteen.eu/gbfs/2.2/mobi/en/free_bike_status.json,2026-07-05T09:16:54Z,2026-07-05T09:16:54Z
mobi_vancouver,mobi_vancouver_0287a16e-9dca-482e-a3b0-ce2971bd3aa0,0287a16e-9dca-482e-a3b0-ce2971bd3aa0,49.265005,-123.079481,1,FALSE,TRUE,21200,0236,1783242986,2026-07-05T09:16:55Z,2026-07-05T09:16:55Z,2026-07-05T09:16:25Z,2.2,https://gbfs.kappa.fifteen.eu/gbfs/2.2/mobi/en/gbfs.json,https://gbfs.kappa.fifteen.eu/gbfs/2.2/mobi/en/free_bike_status.json,2026-07-05T09:16:54Z,2026-07-05T09:16:54Z
mobi_vancouver,mobi_vancouver_6fa2941f-bbae-48ed-8ab0-eac8e4db4b79,6fa2941f-bbae-48ed-8ab0-eac8e4db4b79,49.291901,-123.140669,1,FALSE,TRUE,21600,0092,1783242986,2026-07-05T09:16:55Z,2026-07-05T09:16:55Z,2026-07-05T09:16:25Z,2.2,https://gbfs.kappa.fifteen.eu/gbfs/2.2/mobi/en/gbfs.json,https://gbfs.kappa.fifteen.eu/gbfs/2.2/mobi/en/free_bike_status.json,2026-07-05T09:16:54Z,2026-07-05T09:16:54Z
mobi_vancouver,mobi_vancouver_559c22bb-5400-430d-a9a6-5d11cb068796,559c22bb-5400-430d-a9a6-5d11cb068796,49.265005,-123.079481,1,FALSE,TRUE,21600,0236,1783242986,2026-07-05T09:16:55Z,2026-07-05T09:16:55Z,2026-07-05T09:16:25Z,2.2,https://gbfs.kappa.fifteen.eu/gbfs/2.2/mobi/en/gbfs.json,https://gbfs.kappa.fifteen.eu/gbfs/2.2/mobi/en/free_bike_status.json,2026-07-05T09:16:54Z,2026-07-05T09:16:54Z
mobi_vancouver,mobi_vancouver_4b1154f1-d2ea-4e55-9ba2-b1a81f3d9ecf,4b1154f1-d2ea-4e55-9ba2-b1a81f3d9ecf,49.266969,-123.069936,1,FALSE,TRUE,21600,0241,1783242986,2026-07-05T09:16:55Z,2026-07-05T09:16:55Z,2026-07-05T09:16:25Z,2.2,https://gbfs.kappa.fifteen.eu/gbfs/2.2/mobi/en/gbfs.json,https://gbfs.kappa.fifteen.eu/gbfs/2.2/mobi/en/free_bike_status.json,2026-07-05T09:16:54Z,2026-07-05T09:16:54Z
mobi_vancouver,mobi_vancouver_e5e7fea5-88a8-4f2b-b00c-85e3bf302297,e5e7fea5-88a8-4f2b-b00c-85e3bf302297,49.270721,-123.146175,1,FALSE,TRUE,22000,0108,1783242986,2026-07-05T09:16:55Z,2026-07-05T09:16:55Z,2026-07-05T09:16:25Z,2.2,https://gbfs.kappa.fifteen.eu/gbfs/2.2/mobi/en/gbfs.json,https://gbfs.kappa.fifteen.eu/gbfs/2.2/mobi/en/free_bike_status.json,2026-07-05T09:16:54Z,2026-07-05T09:16:54Z
mobi_vancouver,mobi_vancouver_def4dd73-e02c-49c5-b997-ff0bb374b1d1,def4dd73-e02c-49c5-b997-ff0bb374b1d1,49.291926,-123.128563,1,FALSE,TRUE,22000,0200,1783242986,2026-07-05T09:16:55Z,2026-07-05T09:16:55Z,2026-07-05T09:16:25Z,2.2,https://gbfs.kappa.fifteen.eu/gbfs/2.2/mobi/en/gbfs.json,https://gbfs.kappa.fifteen.eu/gbfs/2.2/mobi/en/free_bike_status.json,2026-07-05T09:16:54Z,2026-07-05T09:16:54Z
mobi_vancouver,mobi_vancouver_132be823-9630-4242-9273-222395a33a63,132be823-9630-4242-9273-222395a33a63,49.264937,-123.168058,1,FALSE,TRUE,23200,0452,1783242986,2026-07-05T09:16:55Z,2026-07-05T09:16:55Z,2026-07-05T09:16:25Z,2.2,https://gbfs.kappa.fifteen.eu/gbfs/2.2/mobi/en/gbfs.json,https://gbfs.kappa.fifteen.eu/gbfs/2.2/mobi/en/free_bike_status.json,2026-07-05T09:16:54Z,2026-07-05T09:16:54Z
mobi_vancouver,mobi_vancouver_917fd762-168d-4267-8138-741f1c231bca,917fd762-168d-4267-8138-741f1c231bca,49.275683,-123.124388,1,FALSE,TRUE,24000,0082,1783242986,2026-07-05T09:16:55Z,2026-07-05T09:16:55Z,2026-07-05T09:16:25Z,2.2,https://gbfs.kappa.fifteen.eu/gbfs/2.2/mobi/en/gbfs.json,https://gbfs.kappa.fifteen.eu/gbfs/2.2/mobi/en/free_bike_status.json,2026-07-05T09:16:54Z,2026-07-05T09:16:54Z
mobi_vancouver,mobi_vancouver_bb45a264-b166-402b-a1bf-23daa9e2f939,bb45a264-b166-402b-a1bf-23daa9e2f939,49.270743,-123.115326,1,FALSE,TRUE,24400,0009,1783242986,2026-07-05T09:16:55Z,2026-07-05T09:16:55Z,2026-07-05T09:16:25Z,2.2,https://gbfs.kappa.fifteen.eu/gbfs/2.2/mobi/en/gbfs.json,https://gbfs.kappa.fifteen.eu/gbfs/2.2/mobi/en/free_bike_status.json,2026-07-05T09:16:54Z,2026-07-05T09:16:54Z
mobi_vancouver,mobi_vancouver_47e6bbcc-642d-4daf-8345-00ace1c62c03,47e6bbcc-642d-4daf-8345-00ace1c62c03,49.28803,-123.142135,2,FALSE,TRUE,30400,0031,1783242986,2026-07-05T09:16:55Z,2026-07-05T09:16:55Z,2026-07-05T09:16:25Z,2.2,https://gbfs.kappa.fifteen.eu/gbfs/2.2/mobi/en/gbfs.json,https://gbfs.kappa.fifteen.eu/gbfs/2.2/mobi/en/free_bike_status.json,2026-07-05T09:16:54Z,2026-07-05T09:16:54Z
mobi_vancouver,mobi_vancouver_98b1c09c-313a-4aca-b6ea-790eafa62033,98b1c09c-313a-4aca-b6ea-790eafa62033,49.287528,-123.142139,2,FALSE,TRUE,31600,0028,1783242986,2026-07-05T09:16:55Z,2026-07-05T09:16:55Z,2026-07-05T09:16:25Z,2.2,https://gbfs.kappa.fifteen.eu/gbfs/2.2/mobi/en/gbfs.json,https://gbfs.kappa.fifteen.eu/gbfs/2.2/mobi/en/free_bike_status.json,2026-07-05T09:16:54Z,2026-07-05T09:16:54Z
mobi_vancouver,mobi_vancouver_81d19100-526f-4d80-ad22-690588783dc7,81d19100-526f-4d80-ad22-690588783dc7,49.261655,-123.241924,2,FALSE,TRUE,38000,2157,1783242986,2026-07-05T09:16:55Z,2026-07-05T09:16:55Z,2026-07-05T09:16:25Z,2.2,https://gbfs.kappa.fifteen.eu/gbfs/2.2/mobi/en/gbfs.json,https://gbfs.kappa.fifteen.eu/gbfs/2.2/mobi/en/free_bike_status.json,2026-07-05T09:16:54Z,2026-07-05T09:16:54Z
mobi_vancouver,mobi_vancouver_bb7a44b0-5099-4892-b1a8-889391e03017,bb7a44b0-5099-4892-b1a8-889391e03017,49.280697,-123.084641,2,FALSE,TRUE,39200,0227,1783242986,2026-07-05T09:16:55Z,2026-07-05T09:16:55Z,2026-07-05T09:16:25Z,2.2,https://gbfs.kappa.fifteen.eu/gbfs/2.2/mobi/en/gbfs.json,https://gbfs.kappa.fifteen.eu/gbfs/2.2/mobi/en/free_bike_status.json,2026-07-05T09:16:54Z,2026-07-05T09:16:54Z
mobi_vancouver,mobi_vancouver_5df1a7ce-dad5-416a-b87d-6697f9a615e7,5df1a7ce-dad5-416a-b87d-6697f9a615e7,49.2756,-123.102661,2,FALSE,TRUE,40000,0148,1783242986,2026-07-05T09:16:55Z,2026-07-05T09:16:55Z,2026-07-05T09:16:25Z,2.2,https://gbfs.kappa.fifteen.eu/gbfs/2.2/mobi/en/gbfs.json,https://gbfs.kappa.fifteen.eu/gbfs/2.2/mobi/en/free_bike_status.json,2026-07-05T09:16:54Z,2026-07-05T09:16:54Z
mobi_vancouver,mobi_vancouver_26cf7784-7447-4c93-a392-0ee87eea858d,26cf7784-7447-4c93-a392-0ee87eea858d,49.298657,-123.121176,2,FALSE,TRUE,40000,0105,1783242986,2026-07-05T09:16:55Z,2026-07-05T09:16:55Z,2026-07-05T09:16:25Z,2.2,https://gbfs.kappa.fifteen.eu/gbfs/2.2/mobi/en/gbfs.json,https://gbfs.kappa.fifteen.eu/gbfs/2.2/mobi/en/free_bike_status.json,2026-07-05T09:16:54Z,2026-07-05T09:16:54Z
mobi_vancouver,mobi_vancouver_87b30eba-9ece-4279-bd21-5502e0ed7392,87b30eba-9ece-4279-bd21-5502e0ed7392,49.255034,-123.120226,2,FALSE,TRUE,40000,0511,1783242986,2026-07-05T09:16:55Z,2026-07-05T09:16:55Z,2026-07-05T09:16:25Z,2.2,https://gbfs.kappa.fifteen.eu/gbfs/2.2/mobi/en/gbfs.json,https://gbfs.kappa.fifteen.eu/gbfs/2.2/mobi/en/free_bike_status.json,2026-07-05T09:16:54Z,2026-07-05T09:16:54Z
mobi_vancouver,mobi_vancouver_f9c2b937-f649-4613-b185-b55b916e597f,f9c2b937-f649-4613-b185-b55b916e597f,49.274232,-123.129998,2,FALSE,TRUE,40000,0314,1783242986,2026-07-05T09:16:55Z,2026-07-05T09:16:55Z,2026-07-05T09:16:25Z,2.2,https://gbfs.kappa.fifteen.eu/gbfs/2.2/mobi/en/gbfs.json,https://gbfs.kappa.fifteen.eu/gbfs/2.2/mobi/en/free_bike_status.json,2026-07-05T09:16:54Z,2026-07-05T09:16:54Z
mobi_vancouver,mobi_vancouver_d8c01425-682b-4958-9ae9-303f4c124962,d8c01425-682b-4958-9ae9-303f4c124962,49.25478,-123.23621,2,FALSE,TRUE,40000,2252,1783242986,2026-07-05T09:16:55Z,2026-07-05T09:16:55Z,2026-07-05T09:16:25Z,2.2,https://gbfs.kappa.fifteen.eu/gbfs/2.2/mobi/en/gbfs.json,https://gbfs.kappa.fifteen.eu/gbfs/2.2/mobi/en/free_bike_status.json,2026-07-05T09:16:54Z,2026-07-05T09:16:54Z
mobi_vancouver,mobi_vancouver_61e420d9-67cc-4bc7-b44b-368795ecbca5,61e420d9-67cc-4bc7-b44b-368795ecbca5,49.249184,-123.116141,2,FALSE,TRUE,40000,2136,1783242986,2026-07-05T09:16:55Z,2026-07-05T09:16:55Z,2026-07-05T09:16:25Z,2.2,https://gbfs.kappa.fifteen.eu/gbfs/2.2/mobi/en/gbfs.json,https://gbfs.kappa.fifteen.eu/gbfs/2.2/mobi/en/free_bike_status.json,2026-07-05T09:16:54Z,2026-07-05T09:16:54Z
mobi_vancouver,mobi_vancouver_6cd8df7c-bf5e-4737-ac94-b4ab6c73e92c,6cd8df7c-bf5e-4737-ac94-b4ab6c73e92c,49.264215,-123.117772,2,FALSE,TRUE,0,0008,1783242986,2026-07-05T09:16:55Z,2026-07-05T09:16:55Z,2026-07-05T09:16:25Z,2.2,https://gbfs.kappa.fifteen.eu/gbfs/2.2/mobi/en/gbfs.json,https://gbfs.kappa.fifteen.eu/gbfs/2.2/mobi/en/free_bike_status.json,2026-07-05T09:16:54Z,2026-07-05T09:16:54Z
mobi_vancouver,mobi_vancouver_13372dff-f02c-4d8d-899c-b412022232a6,13372dff-f02c-4d8d-899c-b412022232a6,49.28602,-123.116624,2,FALSE,TRUE,0,0024,1783242986,2026-07-05T09:16:55Z,2026-07-05T09:16:55Z,2026-07-05T09:16:25Z,2.2,https://gbfs.kappa.fifteen.eu/gbfs/2.2/mobi/en/gbfs.json,https://gbfs.kappa.fifteen.eu/gbfs/2.2/mobi/en/free_bike_status.json,2026-07-05T09:16:54Z,2026-07-05T09:16:54Z
mobi_vancouver,mobi_vancouver_49caebca-37ce-4dd8-b0fd-8eb8895c242e,49caebca-37ce-4dd8-b0fd-8eb8895c242e,49.265089,-123.119425,2,FALSE,TRUE,0,0081,1783242986,2026-07-05T09:16:55Z,2026-07-05T09:16:55Z,2026-07-05T09:16:25Z,2.2,https://gbfs.kappa.fifteen.eu/gbfs/2.2/mobi/en/gbfs.json,https://gbfs.kappa.fifteen.eu/gbfs/2.2/mobi/en/free_bike_status.json,2026-07-05T09:16:54Z,2026-07-05T09:16:54Z
mobi_vancouver,mobi_vancouver_526b3757-f87b-4810-929d-97327c941fff,526b3757-f87b-4810-929d-97327c941fff,49.265605,-123.152566,2,FALSE,TRUE,0,0109,1783242986,2026-07-05T09:16:55Z,2026-07-05T09:16:55Z,2026-07-05T09:16:25Z,2.2,https://gbfs.kappa.fifteen.eu/gbfs/2.2/mobi/en/gbfs.json,https://gbfs.kappa.fifteen.eu/gbfs/2.2/mobi/en/free_bike_status.json,2026-07-05T09:16:54Z,2026-07-05T09:16:54Z
mobi_vancouver,mobi_vancouver_28648f2a-208e-4e5c-bbfb-27784542f622,28648f2a-208e-4e5c-bbfb-27784542f622,49.266314,-123.116011,2,FALSE,TRUE,0,0006,1783242986,2026-07-05T09:16:55Z,2026-07-05T09:16:55Z,2026-07-05T09:16:25Z,2.2,https://gbfs.kappa.fifteen.eu/gbfs/2.2/mobi/en/gbfs.json,https://gbfs.kappa.fifteen.eu/gbfs/2.2/mobi/en/free_bike_status.json,2026-07-05T09:16:54Z,2026-07-05T09:16:54Z
mobi_vancouver,mobi_vancouver_750a03e6-6c45-4a5c-a334-c209768e17c5,750a03e6-6c45-4a5c-a334-c209768e17c5,49.266314,-123.116011,2,FALSE,TRUE,0,0006,1783242986,2026-07-05T09:16:55Z,2026-07-05T09:16:55Z,2026-07-05T09:16:25Z,2.2,https://gbfs.kappa.fifteen.eu/gbfs/2.2/mobi/en/gbfs.json,https://gbfs.kappa.fifteen.eu/gbfs/2.2/mobi/en/free_bike_status.json,2026-07-05T09:16:54Z,2026-07-05T09:16:54Z
mobi_vancouver,mobi_vancouver_5262335f-a4e9-4fbc-a198-ecf14ef09bac,5262335f-a4e9-4fbc-a198-ecf14ef09bac,49.275938,-123.145939,2,FALSE,TRUE,0,0147,1783242986,2026-07-05T09:16:55Z,2026-07-05T09:16:55Z,2026-07-05T09:16:25Z,2.2,https://gbfs.kappa.fifteen.eu/gbfs/2.2/mobi/en/gbfs.json,https://gbfs.kappa.fifteen.eu/gbfs/2.2/mobi/en/free_bike_status.json,2026-07-05T09:16:54Z,2026-07-05T09:16:54Z
mobi_vancouver,mobi_vancouver_b065a6be-62e6-433f-ac3b-694e8b7d5343,b065a6be-62e6-433f-ac3b-694e8b7d5343,49.268339,-123.157443,2,FALSE,TRUE,0,0159,1783242986,2026-07-05T09:16:55Z,2026-07-05T09:16:55Z,2026-07-05T09:16:25Z,2.2,https://gbfs.kappa.fifteen.eu/gbfs/2.2/mobi/en/gbfs.json,https://gbfs.kappa.fifteen.eu/gbfs/2.2/mobi/en/free_bike_status.json,2026-07-05T09:16:54Z,2026-07-05T09:16:54Z
mobi_vancouver,mobi_vancouver_3c8ffedd-2451-4cdc-9e9e-d94efb7d4e19,3c8ffedd-2451-4cdc-9e9e-d94efb7d4e19,49.267222,-123.153157,2,FALSE,TRUE,0,0110,1783242986,2026-07-05T09:16:55Z,2026-07-05T09:16:55Z,2026-07-05T09:16:25Z,2.2,https://gbfs.kappa.fifteen.eu/gbfs/2.2/mobi/en/gbfs.json,https://gbfs.kappa.fifteen.eu/gbfs/2.2/mobi/en/free_bike_status.json,2026-07-05T09:16:54Z,2026-07-05T09:16:54Z
mobi_vancouver,mobi_vancouver_f455ddb0-892b-4b22-b34d-856cba98e44a,f455ddb0-892b-4b22-b34d-856cba98e44a,49.281301,-123.139108,2,FALSE,TRUE,0,0084,1783242986,2026-07-05T09:16:55Z,2026-07-05T09:16:55Z,2026-07-05T09:16:25Z,2.2,https://gbfs.kappa.fifteen.eu/gbfs/2.2/mobi/en/gbfs.json,https://gbfs.kappa.fifteen.eu/gbfs/2.2/mobi/en/free_bike_status.json,2026-07-05T09:16:54Z,2026-07-05T09:16:54Z
mobi_vancouver,mobi_vancouver_d8e2fe76-7316-45ec-862d-24e0a455360f,d8e2fe76-7316-45ec-862d-24e0a455360f,49.267859,-123.145782,2,FALSE,TRUE,0,0139,1783242986,2026-07-05T09:16:55Z,2026-07-05T09:16:55Z,2026-07-05T09:16:25Z,2.2,https://gbfs.kappa.fifteen.eu/gbfs/2.2/mobi/en/gbfs.json,https://gbfs.kappa.fifteen.eu/gbfs/2.2/mobi/en/free_bike_status.json,2026-07-05T09:16:54Z,2026-07-05T09:16:54Z
mobi_vancouver,mobi_vancouver_89964c01-03e3-4f6e-a291-91648456108e,89964c01-03e3-4f6e-a291-91648456108e,49.256496,-123.075426,2,FALSE,TRUE,0,0283,1783242986,2026-07-05T09:16:55Z,2026-07-05T09:16:55Z,2026-07-05T09:16:25Z,2.2,https://gbfs.kappa.fifteen.eu/gbfs/2.2/mobi/en/gbfs.json,https://gbfs.kappa.fifteen.eu/gbfs/2.2/mobi/en/free_bike_status.json,2026-07-05T09:16:54Z,2026-07-05T09:16:54Z
mobi_vancouver,mobi_vancouver_ec37951e-d00e-48d7-881f-61f86e508cd7,ec37951e-d00e-48d7-881f-61f86e508cd7,49.264466,-123.085183,2,FALSE,TRUE,0,0266,1783242986,2026-07-05T09:16:55Z,2026-07-05T09:16:55Z,2026-07-05T09:16:25Z,2.2,https://gbfs.kappa.fifteen.eu/gbfs/2.2/mobi/en/gbfs.json,https://gbfs.kappa.fifteen.eu/gbfs/2.2/mobi/en/free_bike_status.json,2026-07-05T09:16:54Z,2026-07-05T09:16:54Z
mobi_vancouver,mobi_vancouver_d347a063-81ea-401b-a649-16de530cb0e0,d347a063-81ea-401b-a649-16de530cb0e0,49.243375,-123.104978,2,FALSE,TRUE,0,0557,1783242986,2026-07-05T09:16:55Z,2026-07-05T09:16:55Z,2026-07-05T09:16:25Z,2.2,https://gbfs.kappa.fifteen.eu/gbfs/2.2/mobi/en/gbfs.json,https://gbfs.kappa.fifteen.eu/gbfs/2.2/mobi/en/free_bike_status.json,2026-07-05T09:16:54Z,2026-07-05T09:16:54Z
mobi_vancouver,mobi_vancouver_6332e497-79f1-4588-ada4-49a6b38a0773,6332e497-79f1-4588-ada4-49a6b38a0773,49.283968,-123.061615,2,FALSE,TRUE,0,0631,1783242986,2026-07-05T09:16:55Z,2026-07-05T09:16:55Z,2026-07-05T09:16:25Z,2.2,https://gbfs.kappa.fifteen.eu/gbfs/2.2/mobi/en/gbfs.json,https://gbfs.kappa.fifteen.eu/gbfs/2.2/mobi/en/free_bike_status.json,2026-07-05T09:16:54Z,2026-07-05T09:16:54Z
mobi_vancouver,mobi_vancouver_5be4ea80-230a-4873-b05b-3840d89e9b71,5be4ea80-230a-4873-b05b-3840d89e9b71,49.293264,-123.132861,2,FALSE,TRUE,0,0181,1783242986,2026-07-05T09:16:55Z,2026-07-05T09:16:55Z,2026-07-05T09:16:25Z,2.2,https://gbfs.kappa.fifteen.eu/gbfs/2.2/mobi/en/gbfs.json,https://gbfs.kappa.fifteen.eu/gbfs/2.2/mobi/en/free_bike_status.json,2026-07-05T09:16:54Z,2026-07-05T09:16:54Z
mobi_vancouver,mobi_vancouver_9c888990-1cbd-4e33-91e9-b312f2a3e129,9c888990-1cbd-4e33-91e9-b312f2a3e129,49.2506,-123.23238,2,FALSE,TRUE,0,2255,1783242986,2026-07-05T09:16:55Z,2026-07-05T09:16:55Z,2026-07-05T09:16:25Z,2.2,https://gbfs.kappa.fifteen.eu/gbfs/2.2/mobi/en/gbfs.json,https://gbfs.kappa.fifteen.eu/gbfs/2.2/mobi/en/free_bike_status.json,2026-07-05T09:16:54Z,2026-07-05T09:16:54Z
mobi_vancouver,mobi_vancouver_35483c63-d334-41eb-bf71-c45ccbb7c058,35483c63-d334-41eb-bf71-c45ccbb7c058,49.285512,-123.1384,2,FALSE,TRUE,400,0040,1783242986,2026-07-05T09:16:55Z,2026-07-05T09:16:55Z,2026-07-05T09:16:25Z,2.2,https://gbfs.kappa.fifteen.eu/gbfs/2.2/mobi/en/gbfs.json,https://gbfs.kappa.fifteen.eu/gbfs/2.2/mobi/en/free_bike_status.json,2026-07-05T09:16:54Z,2026-07-05T09:16:54Z
mobi_vancouver,mobi_vancouver_704d020f-3d65-4c33-9979-2f33dc1f117e,704d020f-3d65-4c33-9979-2f33dc1f117e,49.288506,-123.131238,2,FALSE,TRUE,400,0096,1783242986,2026-07-05T09:16:55Z,2026-07-05T09:16:55Z,2026-07-05T09:16:25Z,2.2,https://gbfs.kappa.fifteen.eu/gbfs/2.2/mobi/en/gbfs.json,https://gbfs.kappa.fifteen.eu/gbfs/2.2/mobi/en/free_bike_status.json,2026-07-05T09:16:54Z,2026-07-05T09:16:54Z
mobi_vancouver,mobi_vancouver_75f655c8-298b-4a8f-93b9-fb88d337c098,75f655c8-298b-4a8f-93b9-fb88d337c098,49.252691,-123.101289,2,FALSE,TRUE,400,0561,1783242986,2026-07-05T09:16:55Z,2026-07-05T09:16:55Z,2026-07-05T09:16:25Z,2.2,https://gbfs.kappa.fifteen.eu/gbfs/2.2/mobi/en/gbfs.json,https://gbfs.kappa.fifteen.eu/gbfs/2.2/mobi/en/free_bike_status.json,2026-07-05T09:16:54Z,2026-07-05T09:16:54Z
mobi_vancouver,mobi_vancouver_dc6cd67a-5c51-48e4-9e19-59d3705d4051,dc6cd67a-5c51-48e4-9e19-59d3705d4051,49.289071,-123.138407,2,FALSE,TRUE,400,0313,1783242986,2026-07-05T09:16:55Z,2026-07-05T09:16:55Z,2026-07-05T09:16:25Z,2.2,https://gbfs.kappa.fifteen.eu/gbfs/2.2/mobi/en/gbfs.json,https://gbfs.kappa.fifteen.eu/gbfs/2.2/mobi/en/free_bike_status.json,2026-07-05T09:16:54Z,2026-07-05T09:16:54Z
mobi_vancouver,mobi_vancouver_a231b182-d45b-48bc-8cea-a52642e03779,a231b182-d45b-48bc-8cea-a52642e03779,49.26518,-123.25868,2,FALSE,TRUE,400,2112,1783242986,2026-07-05T09:16:55Z,2026-07-05T09:16:55Z,2026-07-05T09:16:25Z,2.2,https://gbfs.kappa.fifteen.eu/gbfs/2.2/mobi/en/gbfs.json,https://gbfs.kappa.fifteen.eu/gbfs/2.2/mobi/en/free_bike_status.json,2026-07-05T09:16:54Z,2026-07-05T09:16:54Z
mobi_vancouver,mobi_vancouver_38ccad24-0593-4328-b20f-901ac4c6380c,38ccad24-0593-4328-b20f-901ac4c6380c,49.279821,-123.10802,2,FALSE,TRUE,800,0053,1783242986,2026-07-05T09:16:55Z,2026-07-05T09:16:55Z,2026-07-05T09:16:25Z,2.2,https://gbfs.kappa.fifteen.eu/gbfs/2.2/mobi/en/gbfs.json,https://gbfs.kappa.fifteen.eu/gbfs/2.2/mobi/en/free_bike_status.json,2026-07-05T09:16:54Z,2026-07-05T09:16:54Z
mobi_vancouver,mobi_vancouver_f9e43f7c-8deb-44cd-a466-db59d91b3513,f9e43f7c-8deb-44cd-a466-db59d91b3513,49.266774,-123.141135,2,FALSE,TRUE,800,0153,1783242986,2026-07-05T09:16:55Z,2026-07-05T09:16:55Z,2026-07-05T09:16:25Z,2.2,https://gbfs.kappa.fifteen.eu/gbfs/2.2/mobi/en/gbfs.json,https://gbfs.kappa.fifteen.eu/gbfs/2.2/mobi/en/free_bike_status.json,2026-07-05T09:16:54Z,2026-07-05T09:16:54Z
mobi_vancouver,mobi_vancouver_ad7b5623-ea17-4b9e-801f-e52dfddcb298,ad7b5623-ea17-4b9e-801f-e52dfddcb298,49.27551,-123.13307,2,FALSE,TRUE,800,0045,1783242986,2026-07-05T09:16:55Z,2026-07-05T09:16:55Z,2026-07-05T09:16:25Z,2.2,https://gbfs.kappa.fifteen.eu/gbfs/2.2/mobi/en/gbfs.json,https://gbfs.kappa.fifteen.eu/gbfs/2.2/mobi/en/free_bike_status.json,2026-07-05T09:16:54Z,2026-07-05T09:16:54Z
mobi_vancouver,mobi_vancouver_bc0b8911-c580-4735-8e51-a19f2c2f9e8c,bc0b8911-c580-4735-8e51-a19f2c2f9e8c,49.27029,-123.135025,2,FALSE,TRUE,800,0189,1783242986,2026-07-05T09:16:55Z,2026-07-05T09:16:55Z,2026-07-05T09:16:25Z,2.2,https://gbfs.kappa.fifteen.eu/gbfs/2.2/mobi/en/gbfs.json,https://gbfs.kappa.fifteen.eu/gbfs/2.2/mobi/en/free_bike_status.json,2026-07-05T09:16:54Z,2026-07-05T09:16:54Z
mobi_vancouver,mobi_vancouver_e19b4121-700d-4624-a046-85649dca65f9,e19b4121-700d-4624-a046-85649dca65f9,49.274232,-123.129998,2,FALSE,TRUE,800,0314,1783242986,2026-07-05T09:16:55Z,2026-07-05T09:16:55Z,2026-07-05T09:16:25Z,2.2,https://gbfs.kappa.fifteen.eu/gbfs/2.2/mobi/en/gbfs.json,https://gbfs.kappa.fifteen.eu/gbfs/2.2/mobi/en/free_bike_status.json,2026-07-05T09:16:54Z,2026-07-05T09:16:54Z
mobi_vancouver,mobi_vancouver_cdfd3226-52b3-4ec4-8094-b8023f626a54,cdfd3226-52b3-4ec4-8094-b8023f626a54,49.265089,-123.119425,2,FALSE,TRUE,1200,0081,1783242986,2026-07-05T09:16:55Z,2026-07-05T09:16:55Z,2026-07-05T09:16:25Z,2.2,https://gbfs.kappa.fifteen.eu/gbfs/2.2/mobi/en/gbfs.json,https://gbfs.kappa.fifteen.eu/gbfs/2.2/mobi/en/free_bike_status.json,2026-07-05T09:16:54Z,2026-07-05T09:16:54Z
mobi_vancouver,mobi_vancouver_d4956d7d-6470-4e39-9664-d20255cbe856,d4956d7d-6470-4e39-9664-d20255cbe856,49.291909,-123.140713,2,FALSE,TRUE,1200,0092,1783242986,2026-07-05T09:16:55Z,2026-07-05T09:16:55Z,2026-07-05T09:16:25Z,2.2,https://gbfs.kappa.fifteen.eu/gbfs/2.2/mobi/en/gbfs.json,https://gbfs.kappa.fifteen.eu/gbfs/2.2/mobi/en/free_bike_status.json,2026-07-05T09:16:54Z,2026-07-05T09:16:54Z
mobi_vancouver,mobi_vancouver_edbc612e-1f78-4c68-8499-5aa8e78a492a,edbc612e-1f78-4c68-8499-5aa8e78a492a,49.273568,-123.129935,2,FALSE,TRUE,1200,0137,1783242986,2026-07-05T09:16:55Z,2026-07-05T09:16:55Z,2026-07-05T09:16:25Z,2.2,https://gbfs.kappa.fifteen.eu/gbfs/2.2/mobi/en/gbfs.json,https://gbfs.kappa.fifteen.eu/gbfs/2.2/mobi/en/free_bike_status.json,2026-07-05T09:16:54Z,2026-07-05T09:16:54Z
mobi_vancouver,mobi_vancouver_72ce2615-d89a-4535-976c-7979dae9dfb6,72ce2615-d89a-4535-976c-7979dae9dfb6,49.261353,-123.085333,2,FALSE,TRUE,1200,0265,1783242986,2026-07-05T09:16:55Z,2026-07-05T09:16:55Z,2026-07-05T09:16:25Z,2.2,https://gbfs.kappa.fifteen.eu/gbfs/2.2/mobi/en/gbfs.json,https://gbfs.kappa.fifteen.eu/gbfs/2.2/mobi/en/free_bike_status.json,2026-07-05T09:16:54Z,2026-07-05T09:16:54Z
mobi_vancouver,mobi_vancouver_19e5f7b7-0371-4d90-9abe-1fb2cad2c5d3,19e5f7b7-0371-4d90-9abe-1fb2cad2c5d3,49.277469,-123.081315,2,FALSE,TRUE,1200,0221,1783242986,2026-07-05T09:16:55Z,2026-07-05T09:16:55Z,2026-07-05T09:16:25Z,2.2,https://gbfs.kappa.fifteen.eu/gbfs/2.2/mobi/en/gbfs.json,https://gbfs.kappa.fifteen.eu/gbfs/2.2/mobi/en/free_bike_status.json,2026-07-05T09:16:54Z,2026-07-05T09:16:54Z
mobi_vancouver,mobi_vancouver_3cdaeaed-b5ce-4ce3-8870-ac6a332cebad,3cdaeaed-b5ce-4ce3-8870-ac6a332cebad,49.258761,-123.127071,2,FALSE,TRUE,1200,0202,1783242986,2026-07-05T09:16:55Z,2026-07-05T09:16:55Z,2026-07-05T09:16:25Z,2.2,https://gbfs.kappa.fifteen.eu/gbfs/2.2/mobi/en/gbfs.json,https://gbfs.kappa.fifteen.eu/gbfs/2.2/mobi/en/free_bike_status.json,2026-07-05T09:16:54Z,2026-07-05T09:16:54Z
mobi_vancouver,mobi_vancouver_ef3eb0e2-1238-4b8d-99e5-fc4bb4dbd3ca,ef3eb0e2-1238-4b8d-99e5-fc4bb4dbd3ca,49.280787,-123.115271,2,FALSE,TRUE,1200,0305,1783242986,2026-07-05T09:16:55Z,2026-07-05T09:16:55Z,2026-07-05T09:16:25Z,2.2,https://gbfs.kappa.fifteen.eu/gbfs/2.2/mobi/en/gbfs.json,https://gbfs.kappa.fifteen.eu/gbfs/2.2/mobi/en/free_bike_status.json,2026-07-05T09:16:54Z,2026-07-05T09:16:54Z
mobi_vancouver,mobi_vancouver_f5885a64-9bfa-4459-aaf7-b2658be4bed7,f5885a64-9bfa-4459-aaf7-b2658be4bed7,49.262822,-123.14338,2,FALSE,TRUE,1600,0205,1783242986,2026-07-05T09:16:55Z,2026-07-05T09:16:55Z,2026-07-05T09:16:25Z,2.2,https://gbfs.kappa.fifteen.eu/gbfs/2.2/mobi/en/gbfs.json,https://gbfs.kappa.fifteen.eu/gbfs/2.2/mobi/en/free_bike_status.json,2026-07-05T09:16:54Z,2026-07-05T09:16:54Z
mobi_vancouver,mobi_vancouver_de591ff9-675a-4cab-9c36-3c529648370b,de591ff9-675a-4cab-9c36-3c529648370b,49.27709,-123.07589,2,FALSE,TRUE,1600,,1783242986,2026-07-05T09:16:55Z,2026-07-05T09:16:55Z,2026-07-05T09:16:25Z,2.2,https://gbfs.kappa.fifteen.eu/gbfs/2.2/mobi/en/gbfs.json,https://gbfs.kappa.fifteen.eu/gbfs/2.2/mobi/en/free_bike_status.json,2026-07-05T09:16:54Z,2026-07-05T09:16:54Z
mobi_vancouver,mobi_vancouver_64934edf-956c-48ea-96a2-3bb51c738869,64934edf-956c-48ea-96a2-3bb51c738869,49.285512,-123.1384,2,FALSE,TRUE,2000,0040,1783242986,2026-07-05T09:16:55Z,2026-07-05T09:16:55Z,2026-07-05T09:16:25Z,2.2,https://gbfs.kappa.fifteen.eu/gbfs/2.2/mobi/en/gbfs.json,https://gbfs.kappa.fifteen.eu/gbfs/2.2/mobi/en/free_bike_status.json,2026-07-05T09:16:54Z,2026-07-05T09:16:54Z
mobi_vancouver,mobi_vancouver_07c0b4c6-9e54-4cb4-a651-586dc0f6c97c,07c0b4c6-9e54-4cb4-a651-586dc0f6c97c,49.280216,-123.117639,2,FALSE,TRUE,2000,0129,1783242986,2026-07-05T09:16:55Z,2026-07-05T09:16:55Z,2026-07-05T09:16:25Z,2.2,https://gbfs.kappa.fifteen.eu/gbfs/2.2/mobi/en/gbfs.json,https://gbfs.kappa.fifteen.eu/gbfs/2.2/mobi/en/free_bike_status.json,2026-07-05T09:16:54Z,2026-07-05T09:16:54Z
mobi_vancouver,mobi_vancouver_d12ae305-3fe2-48dc-b3bc-d832a061d2d5,d12ae305-3fe2-48dc-b3bc-d832a061d2d5,49.280216,-123.117639,2,FALSE,TRUE,2000,0129,1783242986,2026-07-05T09:16:55Z,2026-07-05T09:16:55Z,2026-07-05T09:16:25Z,2.2,https://gbfs.kappa.fifteen.eu/gbfs/2.2/mobi/en/gbfs.json,https://gbfs.kappa.fifteen.eu/gbfs/2.2/mobi/en/free_bike_status.json,2026-07-05T09:16:54Z,2026-07-05T09:16:54Z
mobi_vancouver,mobi_vancouver_9276d789-da73-457f-9204-4885db04ddd2,9276d789-da73-457f-9204-4885db04ddd2,49.281506,-123.120101,2,FALSE,TRUE,2000,0063,1783242986,2026-07-05T09:16:55Z,2026-07-05T09:16:55Z,2026-07-05T09:16:25Z,2.2,https://gbfs.kappa.fifteen.eu/gbfs/2.2/mobi/en/gbfs.json,https://gbfs.kappa.fifteen.eu/gbfs/2.2/mobi/en/free_bike_status.json,2026-07-05T09:16:54Z,2026-07-05T09:16:54Z
mobi_vancouver,mobi_vancouver_d46595aa-66c9-44c7-a262-4aac2848ddb6,d46595aa-66c9-44c7-a262-4aac2848ddb6,49.268503,-123.097501,2,FALSE,TRUE,2000,0197,1783242986,2026-07-05T09:16:55Z,2026-07-05T09:16:55Z,2026-07-05T09:16:25Z,2.2,https://gbfs.kappa.fifteen.eu/gbfs/2.2/mobi/en/gbfs.json,https://gbfs.kappa.fifteen.eu/gbfs/2.2/mobi/en/free_bike_status.json,2026-07-05T09:16:54Z,2026-07-05T09:16:54Z
mobi_vancouver,mobi_vancouver_2bf40794-630a-482c-8fb1-1c4139890396,2bf40794-630a-482c-8fb1-1c4139890396,49.276897,-123.101746,2,FALSE,TRUE,2000,0801,1783242986,2026-07-05T09:16:55Z,2026-07-05T09:16:55Z,2026-07-05T09:16:25Z,2.2,https://gbfs.kappa.fifteen.eu/gbfs/2.2/mobi/en/gbfs.json,https://gbfs.kappa.fifteen.eu/gbfs/2.2/mobi/en/free_bike_status.json,2026-07-05T09:16:54Z,2026-07-05T09:16:54Z
mobi_vancouver,mobi_vancouver_8c96eed0-f220-4c69-ac4d-3af2a6f9f948,8c96eed0-f220-4c69-ac4d-3af2a6f9f948,49.275717,-123.142564,2,FALSE,TRUE,2400,0077,1783242986,2026-07-05T09:16:55Z,2026-07-05T09:16:55Z,2026-07-05T09:16:25Z,2.2,https://gbfs.kappa.fifteen.eu/gbfs/2.2/mobi/en/gbfs.json,https://gbfs.kappa.fifteen.eu/gbfs/2.2/mobi/en/free_bike_status.json,2026-07-05T09:16:54Z,2026-07-05T09:16:54Z
mobi_vancouver,mobi_vancouver_1b3af60d-293f-46e1-a531-adae9badf6c3,1b3af60d-293f-46e1-a531-adae9badf6c3,49.273471,-123.118016,2,FALSE,TRUE,2400,0017,1783242986,2026-07-05T09:16:55Z,2026-07-05T09:16:55Z,2026-07-05T09:16:25Z,2.2,https://gbfs.kappa.fifteen.eu/gbfs/2.2/mobi/en/gbfs.json,https://gbfs.kappa.fifteen.eu/gbfs/2.2/mobi/en/free_bike_status.json,2026-07-05T09:16:54Z,2026-07-05T09:16:54Z
mobi_vancouver,mobi_vancouver_2f59611c-8f78-4c92-bf9e-cd4709ad19a1,2f59611c-8f78-4c92-bf9e-cd4709ad19a1,49.277141,-123.122589,2,FALSE,TRUE,2400,0138,1783242986,2026-07-05T09:16:55Z,2026-07-05T09:16:55Z,2026-07-05T09:16:25Z,2.2,https://gbfs.kappa.fifteen.eu/gbfs/2.2/mobi/en/gbfs.json,https://gbfs.kappa.fifteen.eu/gbfs/2.2/mobi/en/free_bike_status.json,2026-07-05T09:16:54Z,2026-07-05T09:16:54Z
mobi_vancouver,mobi_vancouver_ed4f2257-b217-40ad-8396-9db93f63b2f3,ed4f2257-b217-40ad-8396-9db93f63b2f3,49.256845,-123.120071,2,FALSE,TRUE,2400,0130,1783242986,2026-07-05T09:16:55Z,2026-07-05T09:16:55Z,2026-07-05T09:16:25Z,2.2,https://gbfs.kappa.fifteen.eu/gbfs/2.2/mobi/en/gbfs.json,https://gbfs.kappa.fifteen.eu/gbfs/2.2/mobi/en/free_bike_status.json,2026-07-05T09:16:54Z,2026-07-05T09:16:54Z
mobi_vancouver,mobi_vancouver_c1f7da0d-bb28-4899-a40b-51c7891ca48a,c1f7da0d-bb28-4899-a40b-51c7891ca48a,49.275938,-123.145939,2,FALSE,TRUE,2400,0147,1783242986,2026-07-05T09:16:55Z,2026-07-05T09:16:55Z,2026-07-05T09:16:25Z,2.2,https://gbfs.kappa.fifteen.eu/gbfs/2.2/mobi/en/gbfs.json,https://gbfs.kappa.fifteen.eu/gbfs/2.2/mobi/en/free_bike_status.json,2026-07-05T09:16:54Z,2026-07-05T09:16:54Z
mobi_vancouver,mobi_vancouver_67da1d57-af95-4326-8886-c0a7e602e3e4,67da1d57-af95-4326-8886-c0a7e602e3e4,49.273355,-123.154493,2,FALSE,TRUE,2400,0154,1783242986,2026-07-05T09:16:55Z,2026-07-05T09:16:55Z,2026-07-05T09:16:25Z,2.2,https://gbfs.kappa.fifteen.eu/gbfs/2.2/mobi/en/gbfs.json,https://gbfs.kappa.fifteen.eu/gbfs/2.2/mobi/en/free_bike_status.json,2026-07-05T09:16:54Z,2026-07-05T09:16:54Z
mobi_vancouver,mobi_vancouver_fa491374-2f36-4cac-9991-2b83c995f2ad,fa491374-2f36-4cac-9991-2b83c995f2ad,49.290112,-123.127062,2,FALSE,TRUE,2400,0035,1783242986,2026-07-05T09:16:55Z,2026-07-05T09:16:55Z,2026-07-05T09:16:25Z,2.2,https://gbfs.kappa.fifteen.eu/gbfs/2.2/mobi/en/gbfs.json,https://gbfs.kappa.fifteen.eu/gbfs/2.2/mobi/en/free_bike_status.json,2026-07-05T09:16:54Z,2026-07-05T09:16:54Z
mobi_vancouver,mobi_vancouver_0e705ced-1a63-484d-9c8a-5f152dc46bb1,0e705ced-1a63-484d-9c8a-5f152dc46bb1,49.279369,-123.091241,2,FALSE,TRUE,2400,0229,1783242986,2026-07-05T09:16:55Z,2026-07-05T09:16:55Z,2026-07-05T09:16:25Z,2.2,https://gbfs.kappa.fifteen.eu/gbfs/2.2/mobi/en/gbfs.json,https://gbfs.kappa.fifteen.eu/gbfs/2.2/mobi/en/free_bike_status.json,2026-07-05T09:16:54Z,2026-07-05T09:16:54Z
mobi_vancouver,mobi_vancouver_6c6aa19a-602b-4c7f-bd32-4e281f45d2b4,6c6aa19a-602b-4c7f-bd32-4e281f45d2b4,49.2731,-123.0732,2,FALSE,TRUE,2400,0253,1783242986,2026-07-05T09:16:55Z,2026-07-05T09:16:55Z,2026-07-05T09:16:25Z,2.2,https://gbfs.kappa.fifteen.eu/gbfs/2.2/mobi/en/gbfs.json,https://gbfs.kappa.fifteen.eu/gbfs/2.2/mobi/en/free_bike_status.json,2026-07-05T09:16:54Z,2026-07-05T09:16:54Z
mobi_vancouver,mobi_vancouver_b4fc7b07-83c5-4a50-84c9-240fbae5a33e,b4fc7b07-83c5-4a50-84c9-240fbae5a33e,49.2731,-123.0732,2,FALSE,TRUE,2400,0253,1783242986,2026-07-05T09:16:55Z,2026-07-05T09:16:55Z,2026-07-05T09:16:25Z,2.2,https://gbfs.kappa.fifteen.eu/gbfs/2.2/mobi/en/gbfs.json,https://gbfs.kappa.fifteen.eu/gbfs/2.2/mobi/en/free_bike_status.json,2026-07-05T09:16:54Z,2026-07-05T09:16:54Z
mobi_vancouver,mobi_vancouver_3bb7e87b-0e1f-43f5-b5a3-4239a0052aba,3bb7e87b-0e1f-43f5-b5a3-4239a0052aba,49.258352,-123.096337,2,FALSE,TRUE,2400,0257,1783242986,2026-07-05T09:16:55Z,2026-07-05T09:16:55Z,2026-07-05T09:16:25Z,2.2,https://gbfs.kappa.fifteen.eu/gbfs/2.2/mobi/en/gbfs.json,https://gbfs.kappa.fifteen.eu/gbfs/2.2/mobi/en/free_bike_status.json,2026-07-05T09:16:54Z,2026-07-05T09:16:54Z
mobi_vancouver,mobi_vancouver_7900fcb8-94ea-4bf7-86b8-a5c23a8b1527,7900fcb8-94ea-4bf7-86b8-a5c23a8b1527,49.273011,-123.159663,2,FALSE,TRUE,2400,0470,1783242986,2026-07-05T09:16:55Z,2026-07-05T09:16:55Z,2026-07-05T09:16:25Z,2.2,https://gbfs.kappa.fifteen.eu/gbfs/2.2/mobi/en/gbfs.json,https://gbfs.kappa.fifteen.eu/gbfs/2.2/mobi/en/free_bike_status.json,2026-07-05T09:16:54Z,2026-07-05T09:16:54Z
mobi_vancouver,mobi_vancouver_f54175c5-acad-430b-b1f4-d0112c1def5d,f54175c5-acad-430b-b1f4-d0112c1def5d,49.266636,-123.183661,2,FALSE,TRUE,2400,0414,1783242986,2026-07-05T09:16:55Z,2026-07-05T09:16:55Z,2026-07-05T09:16:25Z,2.2,https://gbfs.kappa.fifteen.eu/gbfs/2.2/mobi/en/gbfs.json,https://gbfs.kappa.fifteen.eu/gbfs/2.2/mobi/en/free_bike_status.json,2026-07-05T09:16:54Z,2026-07-05T09:16:54Z
mobi_vancouver,mobi_vancouver_ed50f984-9efa-4c0b-baa9-a8510272d227,ed50f984-9efa-4c0b-baa9-a8510272d227,49.266924,-123.173849,2,FALSE,TRUE,2400,0443,1783242986,2026-07-05T09:16:55Z,2026-07-05T09:16:55Z,2026-07-05T09:16:25Z,2.2,https://gbfs.kappa.fifteen.eu/gbfs/2.2/mobi/en/gbfs.json,https://gbfs.kappa.fifteen.eu/gbfs/2.2/mobi/en/free_bike_status.json,2026-07-05T09:16:54Z,2026-07-05T09:16:54Z
mobi_vancouver,mobi_vancouver_c16f9e75-85f1-4809-a75d-895f83ddb0f5,c16f9e75-85f1-4809-a75d-895f83ddb0f5,49.274232,-123.129998,2,FALSE,TRUE,2400,0314,1783242986,2026-07-05T09:16:55Z,2026-07-05T09:16:55Z,2026-07-05T09:16:25Z,2.2,https://gbfs.kappa.fifteen.eu/gbfs/2.2/mobi/en/gbfs.json,https://gbfs.kappa.fifteen.eu/gbfs/2.2/mobi/en/free_bike_status.json,2026-07-05T09:16:54Z,2026-07-05T09:16:54Z
mobi_vancouver,mobi_vancouver_2a4b950c-b74b-470c-88df-3febe478e405,2a4b950c-b74b-470c-88df-3febe478e405,49.285253,-123.134356,2,FALSE,TRUE,2800,0048,1783242986,2026-07-05T09:16:55Z,2026-07-05T09:16:55Z,2026-07-05T09:16:25Z,2.2,https://gbfs.kappa.fifteen.eu/gbfs/2.2/mobi/en/gbfs.json,https://gbfs.kappa.fifteen.eu/gbfs/2.2/mobi/en/free_bike_status.json,2026-07-05T09:16:54Z,2026-07-05T09:16:54Z
mobi_vancouver,mobi_vancouver_0b8d8b53-f79e-4e26-98f1-738d177f384d,0b8d8b53-f79e-4e26-98f1-738d177f384d,49.272827,-123.147744,2,FALSE,TRUE,2800,0065,1783242986,2026-07-05T09:16:55Z,2026-07-05T09:16:55Z,2026-07-05T09:16:25Z,2.2,https://gbfs.kappa.fifteen.eu/gbfs/2.2/mobi/en/gbfs.json,https://gbfs.kappa.fifteen.eu/gbfs/2.2/mobi/en/free_bike_status.json,2026-07-05T09:16:54Z,2026-07-05T09:16:54Z
mobi_vancouver,mobi_vancouver_9ee452a1-6dc7-45d9-83e2-df7eb1b73518,9ee452a1-6dc7-45d9-83e2-df7eb1b73518,49.266314,-123.116011,2,FALSE,TRUE,2800,0006,1783242986,2026-07-05T09:16:55Z,2026-07-05T09:16:55Z,2026-07-05T09:16:25Z,2.2,https://gbfs.kappa.fifteen.eu/gbfs/2.2/mobi/en/gbfs.json,https://gbfs.kappa.fifteen.eu/gbfs/2.2/mobi/en/free_bike_status.json,2026-07-05T09:16:54Z,2026-07-05T09:16:54Z
mobi_vancouver,mobi_vancouver_07bc5e4e-59b5-4511-8e04-ba25008f3132,07bc5e4e-59b5-4511-8e04-ba25008f3132,49.262598,-123.138921,2,FALSE,TRUE,2800,0070,1783242986,2026-07-05T09:16:55Z,2026-07-05T09:16:55Z,2026-07-05T09:16:25Z,2.2,https://gbfs.kappa.fifteen.eu/gbfs/2.2/mobi/en/gbfs.json,https://gbfs.kappa.fifteen.eu/gbfs/2.2/mobi/en/free_bike_status.json,2026-07-05T09:16:54Z,2026-07-05T09:16:54Z
mobi_vancouver,mobi_vancouver_7b89b937-95ff-40ff-bdcf-362f8210724f,7b89b937-95ff-40ff-bdcf-362f8210724f,49.2731,-123.0732,2,FALSE,TRUE,2800,0253,1783242986,2026-07-05T09:16:55Z,2026-07-05T09:16:55Z,2026-07-05T09:16:25Z,2.2,https://gbfs.kappa.fifteen.eu/gbfs/2.2/mobi/en/gbfs.json,https://gbfs.kappa.fifteen.eu/gbfs/2.2/mobi/en/free_bike_status.json,2026-07-05T09:16:54Z,2026-07-05T09:16:54Z
mobi_vancouver,mobi_vancouver_2f65a35f-c01b-4907-8e0c-d511010d1138,2f65a35f-c01b-4907-8e0c-d511010d1138,49.265242,-123.095577,2,FALSE,TRUE,2800,0297,1783242986,2026-07-05T09:16:55Z,2026-07-05T09:16:55Z,2026-07-05T09:16:25Z,2.2,https://gbfs.kappa.fifteen.eu/gbfs/2.2/mobi/en/gbfs.json,https://gbfs.kappa.fifteen.eu/gbfs/2.2/mobi/en/free_bike_status.json,2026-07-05T09:16:54Z,2026-07-05T09:16:54Z
mobi_vancouver,mobi_vancouver_5c11f56a-0c2a-488a-9a54-d1512970b44a,5c11f56a-0c2a-488a-9a54-d1512970b44a,49.246243,-123.124373,2,FALSE,TRUE,2800,0505,1783242986,2026-07-05T09:16:55Z,2026-07-05T09:16:55Z,2026-07-05T09:16:25Z,2.2,https://gbfs.kappa.fifteen.eu/gbfs/2.2/mobi/en/gbfs.json,https://gbfs.kappa.fifteen.eu/gbfs/2.2/mobi/en/free_bike_status.json,2026-07-05T09:16:54Z,2026-07-05T09:16:54Z
mobi_vancouver,mobi_vancouver_2f3cc0a8-0fdc-435b-860a-25bebed72f4a,2f3cc0a8-0fdc-435b-860a-25bebed72f4a,49.28668,-123.04457,2,FALSE,TRUE,2800,0643,1783242986,2026-07-05T09:16:55Z,2026-07-05T09:16:55Z,2026-07-05T09:16:25Z,2.2,https://gbfs.kappa.fifteen.eu/gbfs/2.2/mobi/en/gbfs.json,https://gbfs.kappa.fifteen.eu/gbfs/2.2/mobi/en/free_bike_status.json,2026-07-05T09:16:54Z,2026-07-05T09:16:54Z
mobi_vancouver,mobi_vancouver_8b1dcb84-3672-418d-9b1a-d38bd512a1c5,8b1dcb84-3672-418d-9b1a-d38bd512a1c5,49.271721,-123.104207,2,FALSE,TRUE,3200,0011,1783242986,2026-07-05T09:16:55Z,2026-07-05T09:16:55Z,2026-07-05T09:16:25Z,2.2,https://gbfs.kappa.fifteen.eu/gbfs/2.2/mobi/en/gbfs.json,https://gbfs.kappa.fifteen.eu/gbfs/2.2/mobi/en/free_bike_status.json,2026-07-05T09:16:54Z,2026-07-05T09:16:54Z
mobi_vancouver,mobi_vancouver_ea09ff96-5994-4709-a6f2-f402aa313405,ea09ff96-5994-4709-a6f2-f402aa313405,49.285871,-123.12105,2,FALSE,TRUE,3200,0002,1783242986,2026-07-05T09:16:55Z,2026-07-05T09:16:55Z,2026-07-05T09:16:25Z,2.2,https://gbfs.kappa.fifteen.eu/gbfs/2.2/mobi/en/gbfs.json,https://gbfs.kappa.fifteen.eu/gbfs/2.2/mobi/en/free_bike_status.json,2026-07-05T09:16:54Z,2026-07-05T09:16:54Z
mobi_vancouver,mobi_vancouver_b9d259a0-0915-45e9-ab4e-f551b60e4ba2,b9d259a0-0915-45e9-ab4e-f551b60e4ba2,49.28725,-123.11298,2,FALSE,TRUE,3200,0014,1783242986,2026-07-05T09:16:55Z,2026-07-05T09:16:55Z,2026-07-05T09:16:25Z,2.2,https://gbfs.kappa.fifteen.eu/gbfs/2.2/mobi/en/gbfs.json,https://gbfs.kappa.fifteen.eu/gbfs/2.2/mobi/en/free_bike_status.json,2026-07-05T09:16:54Z,2026-07-05T09:16:54Z
mobi_vancouver,mobi_vancouver_ee26ca22-9921-437b-b4b4-df3802ab8cf6,ee26ca22-9921-437b-b4b4-df3802ab8cf6,49.273663,-123.127075,2,FALSE,TRUE,3200,0044,1783242986,2026-07-05T09:16:55Z,2026-07-05T09:16:55Z,2026-07-05T09:16:25Z,2.2,https://gbfs.kappa.fifteen.eu/gbfs/2.2/mobi/en/gbfs.json,https://gbfs.kappa.fifteen.eu/gbfs/2.2/mobi/en/free_bike_status.json,2026-07-05T09:16:54Z,2026-07-05T09:16:54Z
mobi_vancouver,mobi_vancouver_6f12444a-8adf-4c0a-b3f5-7e2b3bda435b,6f12444a-8adf-4c0a-b3f5-7e2b3bda435b,49.279342,-123.101822,2,FALSE,TRUE,3200,0055,1783242986,2026-07-05T09:16:55Z,2026-07-05T09:16:55Z,2026-07-05T09:16:25Z,2.2,https://gbfs.kappa.fifteen.eu/gbfs/2.2/mobi/en/gbfs.json,https://gbfs.kappa.fifteen.eu/gbfs/2.2/mobi/en/free_bike_status.json,2026-07-05T09:16:54Z,2026-07-05T09:16:54Z
mobi_vancouver,mobi_vancouver_6a7cf3fe-4b72-4b52-9c1b-feea1fecba65,6a7cf3fe-4b72-4b52-9c1b-feea1fecba65,49.277178,-123.13,2,FALSE,TRUE,3200,0196,1783242986,2026-07-05T09:16:55Z,2026-07-05T09:16:55Z,2026-07-05T09:16:25Z,2.2,https://gbfs.kappa.fifteen.eu/gbfs/2.2/mobi/en/gbfs.json,https://gbfs.kappa.fifteen.eu/gbfs/2.2/mobi/en/free_bike_status.json,2026-07-05T09:16:54Z,2026-07-05T09:16:54Z
mobi_vancouver,mobi_vancouver_4a4ae5b5-13e7-4569-8b6f-90e565d88383,4a4ae5b5-13e7-4569-8b6f-90e565d88383,49.268503,-123.097501,2,FALSE,TRUE,3200,0197,1783242986,2026-07-05T09:16:55Z,2026-07-05T09:16:55Z,2026-07-05T09:16:25Z,2.2,https://gbfs.kappa.fifteen.eu/gbfs/2.2/mobi/en/gbfs.json,https://gbfs.kappa.fifteen.eu/gbfs/2.2/mobi/en/free_bike_status.json,2026-07-05T09:16:54Z,2026-07-05T09:16:54Z
mobi_vancouver,mobi_vancouver_798b234c-2534-4c46-9b56-03283f9cdc03,798b234c-2534-4c46-9b56-03283f9cdc03,49.277595,-123.09583,2,FALSE,TRUE,3200,0212,1783242986,2026-07-05T09:16:55Z,2026-07-05T09:16:55Z,2026-07-05T09:16:25Z,2.2,https://gbfs.kappa.fifteen.eu/gbfs/2.2/mobi/en/gbfs.json,https://gbfs.kappa.fifteen.eu/gbfs/2.2/mobi/en/free_bike_status.json,2026-07-05T09:16:54Z,2026-07-05T09:16:54Z
mobi_vancouver,mobi_vancouver_a72437b4-839f-4fc8-a434-03b802031513,a72437b4-839f-4fc8-a434-03b802031513,49.263382,-123.088837,2,FALSE,TRUE,3200,0261,1783242986,2026-07-05T09:16:55Z,2026-07-05T09:16:55Z,2026-07-05T09:16:25Z,2.2,https://gbfs.kappa.fifteen.eu/gbfs/2.2/mobi/en/gbfs.json,https://gbfs.kappa.fifteen.eu/gbfs/2.2/mobi/en/free_bike_status.json,2026-07-05T09:16:54Z,2026-07-05T09:16:54Z
mobi_vancouver,mobi_vancouver_d51132f6-2c3d-44a0-99c9-eebdbb096fd7,d51132f6-2c3d-44a0-99c9-eebdbb096fd7,49.289124,-123.12196,2,FALSE,TRUE,3200,0034,1783242986,2026-07-05T09:16:55Z,2026-07-05T09:16:55Z,2026-07-05T09:16:25Z,2.2,https://gbfs.kappa.fifteen.eu/gbfs/2.2/mobi/en/gbfs.json,https://gbfs.kappa.fifteen.eu/gbfs/2.2/mobi/en/free_bike_status.json,2026-07-05T09:16:54Z,2026-07-05T09:16:54Z
mobi_vancouver,mobi_vancouver_fa998a5f-9aa5-4f61-909d-bb728e4df64b,fa998a5f-9aa5-4f61-909d-bb728e4df64b,49.247204,-123.101549,2,FALSE,TRUE,3200,0565,1783242986,2026-07-05T09:16:55Z,2026-07-05T09:16:55Z,2026-07-05T09:16:25Z,2.2,https://gbfs.kappa.fifteen.eu/gbfs/2.2/mobi/en/gbfs.json,https://gbfs.kappa.fifteen.eu/gbfs/2.2/mobi/en/free_bike_status.json,2026-07-05T09:16:54Z,2026-07-05T09:16:54Z
mobi_vancouver,mobi_vancouver_cb0b56b3-bb6b-4970-b6fc-4ff2e505bfd5,cb0b56b3-bb6b-4970-b6fc-4ff2e505bfd5,49.25919,-123.148268,2,FALSE,TRUE,3600,0114,1783242986,2026-07-05T09:16:55Z,2026-07-05T09:16:55Z,2026-07-05T09:16:25Z,2.2,https://gbfs.kappa.fifteen.eu/gbfs/2.2/mobi/en/gbfs.json,https://gbfs.kappa.fifteen.eu/gbfs/2.2/mobi/en/free_bike_status.json,2026-07-05T09:16:54Z,2026-07-05T09:16:54Z
mobi_vancouver,mobi_vancouver_1dd0a72c-668b-4efc-af82-e9c1638b60b9,1dd0a72c-668b-4efc-af82-e9c1638b60b9,49.279821,-123.10802,2,FALSE,TRUE,3600,0053,1783242986,2026-07-05T09:16:55Z,2026-07-05T09:16:55Z,2026-07-05T09:16:25Z,2.2,https://gbfs.kappa.fifteen.eu/gbfs/2.2/mobi/en/gbfs.json,https://gbfs.kappa.fifteen.eu/gbfs/2.2/mobi/en/free_bike_status.json,2026-07-05T09:16:54Z,2026-07-05T09:16:54Z
mobi_vancouver,mobi_vancouver_078b283b-6f85-44d9-b5b2-1ccc1687273e,078b283b-6f85-44d9-b5b2-1ccc1687273e,49.277844,-123.120942,2,FALSE,TRUE,3600,0079,1783242986,2026-07-05T09:16:55Z,2026-07-05T09:16:55Z,2026-07-05T09:16:25Z,2.2,https://gbfs.kappa.fifteen.eu/gbfs/2.2/mobi/en/gbfs.json,https://gbfs.kappa.fifteen.eu/gbfs/2.2/mobi/en/free_bike_status.json,2026-07-05T09:16:54Z,2026-07-05T09:16:54Z
mobi_vancouver,mobi_vancouver_3f3f5874-296c-4f4e-a94a-ad98f4d41df6,3f3f5874-296c-4f4e-a94a-ad98f4d41df6,49.256825,-123.105234,2,FALSE,TRUE,3600,0133,1783242986,2026-07-05T09:16:55Z,2026-07-05T09:16:55Z,2026-07-05T09:16:25Z,2.2,https://gbfs.kappa.fifteen.eu/gbfs/2.2/mobi/en/gbfs.json,https://gbfs.kappa.fifteen.eu/gbfs/2.2/mobi/en/free_bike_status.json,2026-07-05T09:16:54Z,2026-07-05T09:16:54Z
mobi_vancouver,mobi_vancouver_e8947a58-cbec-495f-9d0f-e5e5fae785e1,e8947a58-cbec-495f-9d0f-e5e5fae785e1,49.277178,-123.13,2,FALSE,TRUE,3600,0196,1783242986,2026-07-05T09:16:55Z,2026-07-05T09:16:55Z,2026-07-05T09:16:25Z,2.2,https://gbfs.kappa.fifteen.eu/gbfs/2.2/mobi/en/gbfs.json,https://gbfs.kappa.fifteen.eu/gbfs/2.2/mobi/en/free_bike_status.json,2026-07-05T09:16:54Z,2026-07-05T09:16:54Z
mobi_vancouver,mobi_vancouver_506a3867-f9f4-4cb4-9573-c03b39d69425,506a3867-f9f4-4cb4-9573-c03b39d69425,49.278529,-123.100017,2,FALSE,TRUE,3600,0199,1783242986,2026-07-05T09:16:55Z,2026-07-05T09:16:55Z,2026-07-05T09:16:25Z,2.2,https://gbfs.kappa.fifteen.eu/gbfs/2.2/mobi/en/gbfs.json,https://gbfs.kappa.fifteen.eu/gbfs/2.2/mobi/en/free_bike_status.json,2026-07-05T09:16:54Z,2026-07-05T09:16:54Z
mobi_vancouver,mobi_vancouver_792beac4-73af-4569-8b35-cba7811056fc,792beac4-73af-4569-8b35-cba7811056fc,49.273103,-123.069892,2,FALSE,TRUE,3600,0235,1783242986,2026-07-05T09:16:55Z,2026-07-05T09:16:55Z,2026-07-05T09:16:25Z,2.2,https://gbfs.kappa.fifteen.eu/gbfs/2.2/mobi/en/gbfs.json,https://gbfs.kappa.fifteen.eu/gbfs/2.2/mobi/en/free_bike_status.json,2026-07-05T09:16:54Z,2026-07-05T09:16:54Z
mobi_vancouver,mobi_vancouver_f8294495-149c-410e-8cbe-a7c47256c22f,f8294495-149c-410e-8cbe-a7c47256c22f,49.28117,-123.104419,2,FALSE,TRUE,3600,0098,1783242986,2026-07-05T09:16:55Z,2026-07-05T09:16:55Z,2026-07-05T09:16:25Z,2.2,https://gbfs.kappa.fifteen.eu/gbfs/2.2/mobi/en/gbfs.json,https://gbfs.kappa.fifteen.eu/gbfs/2.2/mobi/en/free_bike_status.json,2026-07-05T09:16:54Z,2026-07-05T09:16:54Z
mobi_vancouver,mobi_vancouver_e187bd81-c811-4c39-b509-064df7610d31,e187bd81-c811-4c39-b509-064df7610d31,49.288506,-123.131238,2,FALSE,TRUE,5200,0096,1783242986,2026-07-05T09:16:55Z,2026-07-05T09:16:55Z,2026-07-05T09:16:25Z,2.2,https://gbfs.kappa.fifteen.eu/gbfs/2.2/mobi/en/gbfs.json,https://gbfs.kappa.fifteen.eu/gbfs/2.2/mobi/en/free_bike_status.json,2026-07-05T09:16:54Z,2026-07-05T09:16:54Z
mobi_vancouver,mobi_vancouver_bd0fdfb3-59f3-447c-9bc1-0022850c563e,bd0fdfb3-59f3-447c-9bc1-0022850c563e,49.274232,-123.129998,2,FALSE,TRUE,6000,0314,1783242986,2026-07-05T09:16:55Z,2026-07-05T09:16:55Z,2026-07-05T09:16:25Z,2.2,https://gbfs.kappa.fifteen.eu/gbfs/2.2/mobi/en/gbfs.json,https://gbfs.kappa.fifteen.eu/gbfs/2.2/mobi/en/free_bike_status.json,2026-07-05T09:16:54Z,2026-07-05T09:16:54Z
mobi_vancouver,mobi_vancouver_1c10e19a-b0dc-4c3d-8f12-2cedf5decc6c,1c10e19a-b0dc-4c3d-8f12-2cedf5decc6c,49.274232,-123.129998,2,FALSE,TRUE,6400,0314,1783242986,2026-07-05T09:16:55Z,2026-07-05T09:16:55Z,2026-07-05T09:16:25Z,2.2,https://gbfs.kappa.fifteen.eu/gbfs/2.2/mobi/en/gbfs.json,https://gbfs.kappa.fifteen.eu/gbfs/2.2/mobi/en/free_bike_status.json,2026-07-05T09:16:54Z,2026-07-05T09:16:54Z
mobi_vancouver,mobi_vancouver_53d98849-0d94-4a9b-bfde-c963e35377f5,53d98849-0d94-4a9b-bfde-c963e35377f5,49.285512,-123.1384,2,FALSE,TRUE,8000,0040,1783242986,2026-07-05T09:16:55Z,2026-07-05T09:16:55Z,2026-07-05T09:16:25Z,2.2,https://gbfs.kappa.fifteen.eu/gbfs/2.2/mobi/en/gbfs.json,https://gbfs.kappa.fifteen.eu/gbfs/2.2/mobi/en/free_bike_status.json,2026-07-05T09:16:54Z,2026-07-05T09:16:54Z
mobi_vancouver,mobi_vancouver_0744bc44-7de6-43f3-97a1-08954f1d22f3,0744bc44-7de6-43f3-97a1-08954f1d22f3,49.261122,-123.097571,2,FALSE,TRUE,8000,0179,1783242986,2026-07-05T09:16:55Z,2026-07-05T09:16:55Z,2026-07-05T09:16:25Z,2.2,https://gbfs.kappa.fifteen.eu/gbfs/2.2/mobi/en/gbfs.json,https://gbfs.kappa.fifteen.eu/gbfs/2.2/mobi/en/free_bike_status.json,2026-07-05T09:16:54Z,2026-07-05T09:16:54Z
mobi_vancouver,mobi_vancouver_934cefe7-5c02-49cd-9a50-43dcc78ca6c6,934cefe7-5c02-49cd-9a50-43dcc78ca6c6,49.274232,-123.129998,2,FALSE,TRUE,8400,0314,1783242986,2026-07-05T09:16:55Z,2026-07-05T09:16:55Z,2026-07-05T09:16:25Z,2.2,https://gbfs.kappa.fifteen.eu/gbfs/2.2/mobi/en/gbfs.json,https://gbfs.kappa.fifteen.eu/gbfs/2.2/mobi/en/free_bike_status.json,2026-07-05T09:16:54Z,2026-07-05T09:16:54Z
mobi_vancouver,mobi_vancouver_552a86ac-2192-4deb-b44c-3c6e4344289e,552a86ac-2192-4deb-b44c-3c6e4344289e,49.274232,-123.129998,2,FALSE,TRUE,8400,0314,1783242986,2026-07-05T09:16:55Z,2026-07-05T09:16:55Z,2026-07-05T09:16:25Z,2.2,https://gbfs.kappa.fifteen.eu/gbfs/2.2/mobi/en/gbfs.json,https://gbfs.kappa.fifteen.eu/gbfs/2.2/mobi/en/free_bike_status.json,2026-07-05T09:16:54Z,2026-07-05T09:16:54Z
mobi_vancouver,mobi_vancouver_e41afd0b-f5fa-4f70-9198-9727ffe3a378,e41afd0b-f5fa-4f70-9198-9727ffe3a378,49.285512,-123.1384,2,FALSE,TRUE,8800,0040,1783242986,2026-07-05T09:16:55Z,2026-07-05T09:16:55Z,2026-07-05T09:16:25Z,2.2,https://gbfs.kappa.fifteen.eu/gbfs/2.2/mobi/en/gbfs.json,https://gbfs.kappa.fifteen.eu/gbfs/2.2/mobi/en/free_bike_status.json,2026-07-05T09:16:54Z,2026-07-05T09:16:54Z
mobi_vancouver,mobi_vancouver_7049091b-eb43-4782-bcd2-dbea4e9dce65,7049091b-eb43-4782-bcd2-dbea4e9dce65,49.285512,-123.1384,2,FALSE,TRUE,8800,0040,1783242986,2026-07-05T09:16:55Z,2026-07-05T09:16:55Z,2026-07-05T09:16:25Z,2.2,https://gbfs.kappa.fifteen.eu/gbfs/2.2/mobi/en/gbfs.json,https://gbfs.kappa.fifteen.eu/gbfs/2.2/mobi/en/free_bike_status.json,2026-07-05T09:16:54Z,2026-07-05T09:16:54Z
mobi_vancouver,mobi_vancouver_54096dd7-7f98-438f-8622-3ae86b832bb4,54096dd7-7f98-438f-8622-3ae86b832bb4,49.274232,-123.129998,2,FALSE,TRUE,8800,0314,1783242986,2026-07-05T09:16:55Z,2026-07-05T09:16:55Z,2026-07-05T09:16:25Z,2.2,https://gbfs.kappa.fifteen.eu/gbfs/2.2/mobi/en/gbfs.json,https://gbfs.kappa.fifteen.eu/gbfs/2.2/mobi/en/free_bike_status.json,2026-07-05T09:16:54Z,2026-07-05T09:16:54Z
mobi_vancouver,mobi_vancouver_33402639-84dd-45fb-8445-cc928a44d38e,33402639-84dd-45fb-8445-cc928a44d38e,49.274232,-123.129998,2,FALSE,TRUE,9200,0314,1783242986,2026-07-05T09:16:55Z,2026-07-05T09:16:55Z,2026-07-05T09:16:25Z,2.2,https://gbfs.kappa.fifteen.eu/gbfs/2.2/mobi/en/gbfs.json,https://gbfs.kappa.fifteen.eu/gbfs/2.2/mobi/en/free_bike_status.json,2026-07-05T09:16:54Z,2026-07-05T09:16:54Z
mobi_vancouver,mobi_vancouver_906cb4b3-7e27-4083-abd3-0a5ccbb1a00d,906cb4b3-7e27-4083-abd3-0a5ccbb1a00d,49.274232,-123.129998,2,FALSE,TRUE,9600,0314,1783242986,2026-07-05T09:16:55Z,2026-07-05T09:16:55Z,2026-07-05T09:16:25Z,2.2,https://gbfs.kappa.fifteen.eu/gbfs/2.2/mobi/en/gbfs.json,https://gbfs.kappa.fifteen.eu/gbfs/2.2/mobi/en/free_bike_status.json,2026-07-05T09:16:54Z,2026-07-05T09:16:54Z
mobi_vancouver,mobi_vancouver_a39f3e4f-461a-4629-8314-ab5d74f2e29f,a39f3e4f-461a-4629-8314-ab5d74f2e29f,49.274232,-123.129998,2,FALSE,TRUE,10000,0314,1783242986,2026-07-05T09:16:55Z,2026-07-05T09:16:55Z,2026-07-05T09:16:25Z,2.2,https://gbfs.kappa.fifteen.eu/gbfs/2.2/mobi/en/gbfs.json,https://gbfs.kappa.fifteen.eu/gbfs/2.2/mobi/en/free_bike_status.json,2026-07-05T09:16:54Z,2026-07-05T09:16:54Z
mobi_vancouver,mobi_vancouver_288fe5b1-0f9c-44e3-b1b7-90a47c14f2f1,288fe5b1-0f9c-44e3-b1b7-90a47c14f2f1,49.285512,-123.1384,2,FALSE,TRUE,10400,0040,1783242986,2026-07-05T09:16:55Z,2026-07-05T09:16:55Z,2026-07-05T09:16:25Z,2.2,https://gbfs.kappa.fifteen.eu/gbfs/2.2/mobi/en/gbfs.json,https://gbfs.kappa.fifteen.eu/gbfs/2.2/mobi/en/free_bike_status.json,2026-07-05T09:16:54Z,2026-07-05T09:16:54Z
mobi_vancouver,mobi_vancouver_8d9a652d-cff1-4365-b1eb-35e45d546d69,8d9a652d-cff1-4365-b1eb-35e45d546d69,49.282503,-123.124697,2,FALSE,TRUE,10400,0217,1783242986,2026-07-05T09:16:55Z,2026-07-05T09:16:55Z,2026-07-05T09:16:25Z,2.2,https://gbfs.kappa.fifteen.eu/gbfs/2.2/mobi/en/gbfs.json,https://gbfs.kappa.fifteen.eu/gbfs/2.2/mobi/en/free_bike_status.json,2026-07-05T09:16:54Z,2026-07-05T09:16:54Z
mobi_vancouver,mobi_vancouver_a59523b9-b4d2-475c-98b1-ea0ff48ca405,a59523b9-b4d2-475c-98b1-ea0ff48ca405,49.274232,-123.129998,2,FALSE,TRUE,10400,0314,1783242986,2026-07-05T09:16:55Z,2026-07-05T09:16:55Z,2026-07-05T09:16:25Z,2.2,https://gbfs.kappa.fifteen.eu/gbfs/2.2/mobi/en/gbfs.json,https://gbfs.kappa.fifteen.eu/gbfs/2.2/mobi/en/free_bike_status.json,2026-07-05T09:16:54Z,2026-07-05T09:16:54Z
mobi_vancouver,mobi_vancouver_ddfecaa3-8ac7-4609-b64d-4c7409b11704,ddfecaa3-8ac7-4609-b64d-4c7409b11704,49.279259,-123.119145,1,FALSE,TRUE,10800,0058,1783242986,2026-07-05T09:16:55Z,2026-07-05T09:16:55Z,2026-07-05T09:16:25Z,2.2,https://gbfs.kappa.fifteen.eu/gbfs/2.2/mobi/en/gbfs.json,https://gbfs.kappa.fifteen.eu/gbfs/2.2/mobi/en/free_bike_status.json,2026-07-05T09:16:54Z,2026-07-05T09:16:54Z
mobi_vancouver,mobi_vancouver_c92a77bc-797b-4ffd-8228-ad37eda2dd06,c92a77bc-797b-4ffd-8228-ad37eda2dd06,49.280216,-123.117639,2,FALSE,TRUE,11200,0129,1783242986,2026-07-05T09:16:55Z,2026-07-05T09:16:55Z,2026-07-05T09:16:25Z,2.2,https://gbfs.kappa.fifteen.eu/gbfs/2.2/mobi/en/gbfs.json,https://gbfs.kappa.fifteen.eu/gbfs/2.2/mobi/en/free_bike_status.json,2026-07-05T09:16:54Z,2026-07-05T09:16:54Z
mobi_vancouver,mobi_vancouver_4771f4a1-e68b-4c57-9bd3-12e24f604dea,4771f4a1-e68b-4c57-9bd3-12e24f604dea,49.28803,-123.142135,2,FALSE,TRUE,11200,0313,1783242986,2026-07-05T09:16:55Z,2026-07-05T09:16:55Z,2026-07-05T09:16:25Z,2.2,https://gbfs.kappa.fifteen.eu/gbfs/2.2/mobi/en/gbfs.json,https://gbfs.kappa.fifteen.eu/gbfs/2.2/mobi/en/free_bike_status.json,2026-07-05T09:16:54Z,2026-07-05T09:16:54Z
mobi_vancouver,mobi_vancouver_32a4eb23-30b0-445d-b972-4524e2fc411d,32a4eb23-30b0-445d-b972-4524e2fc411d,49.288506,-123.131238,2,FALSE,TRUE,11600,0096,1783242986,2026-07-05T09:16:55Z,2026-07-05T09:16:55Z,2026-07-05T09:16:25Z,2.2,https://gbfs.kappa.fifteen.eu/gbfs/2.2/mobi/en/gbfs.json,https://gbfs.kappa.fifteen.eu/gbfs/2.2/mobi/en/free_bike_status.json,2026-07-05T09:16:54Z,2026-07-05T09:16:54Z
mobi_vancouver,mobi_vancouver_acd97600-7dbd-4329-9a93-889f1291ef21,acd97600-7dbd-4329-9a93-889f1291ef21,49.280216,-123.117639,2,FALSE,TRUE,12000,0129,1783242986,2026-07-05T09:16:55Z,2026-07-05T09:16:55Z,2026-07-05T09:16:25Z,2.2,https://gbfs.kappa.fifteen.eu/gbfs/2.2/mobi/en/gbfs.json,https://gbfs.kappa.fifteen.eu/gbfs/2.2/mobi/en/free_bike_status.json,2026-07-05T09:16:54Z,2026-07-05T09:16:54Z
mobi_vancouver,mobi_vancouver_382ad9fa-fe49-40a3-8502-529898d53043,382ad9fa-fe49-40a3-8502-529898d53043,49.280216,-123.117639,2,FALSE,TRUE,12000,0129,1783242986,2026-07-05T09:16:55Z,2026-07-05T09:16:55Z,2026-07-05T09:16:25Z,2.2,https://gbfs.kappa.fifteen.eu/gbfs/2.2/mobi/en/gbfs.json,https://gbfs.kappa.fifteen.eu/gbfs/2.2/mobi/en/free_bike_status.json,2026-07-05T09:16:54Z,2026-07-05T09:16:54Z
mobi_vancouver,mobi_vancouver_8b905ee1-0e53-477c-a6d8-1b582b4f3e5c,8b905ee1-0e53-477c-a6d8-1b582b4f3e5c,49.280216,-123.117639,2,FALSE,TRUE,12400,0129,1783242986,2026-07-05T09:16:55Z,2026-07-05T09:16:55Z,2026-07-05T09:16:25Z,2.2,https://gbfs.kappa.fifteen.eu/gbfs/2.2/mobi/en/gbfs.json,https://gbfs.kappa.fifteen.eu/gbfs/2.2/mobi/en/free_bike_status.json,2026-07-05T09:16:54Z,2026-07-05T09:16:54Z
mobi_vancouver,mobi_vancouver_a9c0b310-0cfd-4fa9-8d29-f7529d1425d2,a9c0b310-0cfd-4fa9-8d29-f7529d1425d2,49.288506,-123.131238,2,FALSE,TRUE,12400,0096,1783242986,2026-07-05T09:16:55Z,2026-07-05T09:16:55Z,2026-07-05T09:16:25Z,2.2,https://gbfs.kappa.fifteen.eu/gbfs/2.2/mobi/en/gbfs.json,https://gbfs.kappa.fifteen.eu/gbfs/2.2/mobi/en/free_bike_status.json,2026-07-05T09:16:54Z,2026-07-05T09:16:54Z
mobi_vancouver,mobi_vancouver_78e786e6-f939-407c-b252-29ca39db6aef,78e786e6-f939-407c-b252-29ca39db6aef,49.285512,-123.1384,2,FALSE,TRUE,13200,0040,1783242986,2026-07-05T09:16:55Z,2026-07-05T09:16:55Z,2026-07-05T09:16:25Z,2.2,https://gbfs.kappa.fifteen.eu/gbfs/2.2/mobi/en/gbfs.json,https://gbfs.kappa.fifteen.eu/gbfs/2.2/mobi/en/free_bike_status.json,2026-07-05T09:16:54Z,2026-07-05T09:16:54Z
mobi_vancouver,mobi_vancouver_aea9424b-7918-4e04-ba9a-8390909c9b73,aea9424b-7918-4e04-ba9a-8390909c9b73,49.280216,-123.117639,2,FALSE,TRUE,13200,0129,1783242986,2026-07-05T09:16:55Z,2026-07-05T09:16:55Z,2026-07-05T09:16:25Z,2.2,https://gbfs.kappa.fifteen.eu/gbfs/2.2/mobi/en/gbfs.json,https://gbfs.kappa.fifteen.eu/gbfs/2.2/mobi/en/free_bike_status.json,2026-07-05T09:16:54Z,2026-07-05T09:16:54Z
mobi_vancouver,mobi_vancouver_60cf13ab-edb3-4162-a2e9-b40ed3be9e1d,60cf13ab-edb3-4162-a2e9-b40ed3be9e1d,49.285512,-123.1384,2,FALSE,TRUE,13600,0040,1783242986,2026-07-05T09:16:55Z,2026-07-05T09:16:55Z,2026-07-05T09:16:25Z,2.2,https://gbfs.kappa.fifteen.eu/gbfs/2.2/mobi/en/gbfs.json,https://gbfs.kappa.fifteen.eu/gbfs/2.2/mobi/en/free_bike_status.json,2026-07-05T09:16:54Z,2026-07-05T09:16:54Z
mobi_vancouver,mobi_vancouver_43aa7123-55a3-4a09-80a6-17ee4b6c2f94,43aa7123-55a3-4a09-80a6-17ee4b6c2f94,49.280216,-123.117639,2,FALSE,TRUE,13600,0129,1783242986,2026-07-05T09:16:55Z,2026-07-05T09:16:55Z,2026-07-05T09:16:25Z,2.2,https://gbfs.kappa.fifteen.eu/gbfs/2.2/mobi/en/gbfs.json,https://gbfs.kappa.fifteen.eu/gbfs/2.2/mobi/en/free_bike_status.json,2026-07-05T09:16:54Z,2026-07-05T09:16:54Z
mobi_vancouver,mobi_vancouver_6940692f-a256-4c00-89ec-0086acdaee20,6940692f-a256-4c00-89ec-0086acdaee20,49.288506,-123.131238,2,FALSE,TRUE,14000,0096,1783242986,2026-07-05T09:16:55Z,2026-07-05T09:16:55Z,2026-07-05T09:16:25Z,2.2,https://gbfs.kappa.fifteen.eu/gbfs/2.2/mobi/en/gbfs.json,https://gbfs.kappa.fifteen.eu/gbfs/2.2/mobi/en/free_bike_status.json,2026-07-05T09:16:54Z,2026-07-05T09:16:54Z
mobi_vancouver,mobi_vancouver_715d2667-5fea-4076-a749-027d00f4b596,715d2667-5fea-4076-a749-027d00f4b596,49.274232,-123.129998,2,FALSE,TRUE,14000,0314,1783242986,2026-07-05T09:16:55Z,2026-07-05T09:16:55Z,2026-07-05T09:16:25Z,2.2,https://gbfs.kappa.fifteen.eu/gbfs/2.2/mobi/en/gbfs.json,https://gbfs.kappa.fifteen.eu/gbfs/2.2/mobi/en/free_bike_status.json,2026-07-05T09:16:54Z,2026-07-05T09:16:54Z
mobi_vancouver,mobi_vancouver_7990df5c-49ce-45b6-a1c3-5f9dd746c329,7990df5c-49ce-45b6-a1c3-5f9dd746c329,49.285512,-123.1384,2,FALSE,TRUE,14800,0040,1783242986,2026-07-05T09:16:55Z,2026-07-05T09:16:55Z,2026-07-05T09:16:25Z,2.2,https://gbfs.kappa.fifteen.eu/gbfs/2.2/mobi/en/gbfs.json,https://gbfs.kappa.fifteen.eu/gbfs/2.2/mobi/en/free_bike_status.json,2026-07-05T09:16:54Z,2026-07-05T09:16:54Z
mobi_vancouver,mobi_vancouver_00b1f294-2f7c-40d6-93ca-a002ddf5e77a,00b1f294-2f7c-40d6-93ca-a002ddf5e77a,49.280216,-123.117639,2,FALSE,TRUE,15200,0129,1783242986,2026-07-05T09:16:55Z,2026-07-05T09:16:55Z,2026-07-05T09:16:25Z,2.2,https://gbfs.kappa.fifteen.eu/gbfs/2.2/mobi/en/gbfs.json,https://gbfs.kappa.fifteen.eu/gbfs/2.2/mobi/en/free_bike_status.json,2026-07-05T09:16:54Z,2026-07-05T09:16:54Z
mobi_vancouver,mobi_vancouver_32f2cc81-f861-4d15-9601-de8830ee8217,32f2cc81-f861-4d15-9601-de8830ee8217,49.288506,-123.131238,2,FALSE,TRUE,15600,0096,1783242986,2026-07-05T09:16:55Z,2026-07-05T09:16:55Z,2026-07-05T09:16:25Z,2.2,https://gbfs.kappa.fifteen.eu/gbfs/2.2/mobi/en/gbfs.json,https://gbfs.kappa.fifteen.eu/gbfs/2.2/mobi/en/free_bike_status.json,2026-07-05T09:16:54Z,2026-07-05T09:16:54Z
mobi_vancouver,mobi_vancouver_cd89eb09-8811-4d57-b37f-d2b005e23d6e,cd89eb09-8811-4d57-b37f-d2b005e23d6e,49.288506,-123.131238,2,FALSE,TRUE,16800,0096,1783242986,2026-07-05T09:16:55Z,2026-07-05T09:16:55Z,2026-07-05T09:16:25Z,2.2,https://gbfs.kappa.fifteen.eu/gbfs/2.2/mobi/en/gbfs.json,https://gbfs.kappa.fifteen.eu/gbfs/2.2/mobi/en/free_bike_status.json,2026-07-05T09:16:54Z,2026-07-05T09:16:54Z
mobi_vancouver,mobi_vancouver_c975954e-a1ee-4dcc-8ee7-1f21ddd6d591,c975954e-a1ee-4dcc-8ee7-1f21ddd6d591,49.280216,-123.117639,2,FALSE,TRUE,18000,0129,1783242986,2026-07-05T09:16:55Z,2026-07-05T09:16:55Z,2026-07-05T09:16:25Z,2.2,https://gbfs.kappa.fifteen.eu/gbfs/2.2/mobi/en/gbfs.json,https://gbfs.kappa.fifteen.eu/gbfs/2.2/mobi/en/free_bike_status.json,2026-07-05T09:16:54Z,2026-07-05T09:16:54Z
mobi_vancouver,mobi_vancouver_1bbf2977-9d14-4791-95fb-fc969519fd63,1bbf2977-9d14-4791-95fb-fc969519fd63,49.280216,-123.117639,2,FALSE,TRUE,18400,0129,1783242986,2026-07-05T09:16:55Z,2026-07-05T09:16:55Z,2026-07-05T09:16:25Z,2.2,https://gbfs.kappa.fifteen.eu/gbfs/2.2/mobi/en/gbfs.json,https://gbfs.kappa.fifteen.eu/gbfs/2.2/mobi/en/free_bike_status.json,2026-07-05T09:16:54Z,2026-07-05T09:16:54Z
mobi_vancouver,mobi_vancouver_a4a13c27-9da4-41bf-a1d5-01f66ab0f458,a4a13c27-9da4-41bf-a1d5-01f66ab0f458,49.280216,-123.117639,2,FALSE,TRUE,18800,0129,1783242986,2026-07-05T09:16:55Z,2026-07-05T09:16:55Z,2026-07-05T09:16:25Z,2.2,https://gbfs.kappa.fifteen.eu/gbfs/2.2/mobi/en/gbfs.json,https://gbfs.kappa.fifteen.eu/gbfs/2.2/mobi/en/free_bike_status.json,2026-07-05T09:16:54Z,2026-07-05T09:16:54Z
mobi_vancouver,mobi_vancouver_0f75f861-d2c9-4534-80fe-6f1b1940c9bd,0f75f861-d2c9-4534-80fe-6f1b1940c9bd,49.280216,-123.117639,2,FALSE,TRUE,20800,0129,1783242986,2026-07-05T09:16:55Z,2026-07-05T09:16:55Z,2026-07-05T09:16:25Z,2.2,https://gbfs.kappa.fifteen.eu/gbfs/2.2/mobi/en/gbfs.json,https://gbfs.kappa.fifteen.eu/gbfs/2.2/mobi/en/free_bike_status.json,2026-07-05T09:16:54Z,2026-07-05T09:16:54Z
mobi_vancouver,mobi_vancouver_326b04d8-031a-48e8-8599-6e07948b584b,326b04d8-031a-48e8-8599-6e07948b584b,49.285512,-123.1384,2,FALSE,TRUE,22800,0040,1783242986,2026-07-05T09:16:55Z,2026-07-05T09:16:55Z,2026-07-05T09:16:25Z,2.2,https://gbfs.kappa.fifteen.eu/gbfs/2.2/mobi/en/gbfs.json,https://gbfs.kappa.fifteen.eu/gbfs/2.2/mobi/en/free_bike_status.json,2026-07-05T09:16:54Z,2026-07-05T09:16:54Z
lime_vancouver,lime_vancouver_0bc426e3-7401-4d9d-bf0e-e6cb03dd57a6,0bc426e3-7401-4d9d-bf0e-e6cb03dd57a6,49.275399,-123.09242,2,FALSE,FALSE,26104,NA,1783242979,2026-07-05T09:16:56Z,2026-07-05T09:16:56Z,2026-07-05T09:16:56Z,2.2,https://data.lime.bike/api/partners/v2/gbfs/vancouver_bc/gbfs.json,https://data.lime.bike/api/partners/v2/gbfs/vancouver_bc/free_bike_status,2026-07-05T09:16:54Z,2026-07-05T09:16:54Z
lime_vancouver,lime_vancouver_4ae67859-5daf-48c3-998a-21942a4e9963,4ae67859-5daf-48c3-998a-21942a4e9963,49.26211,-123.102115,2,FALSE,FALSE,6132,NA,1783242979,2026-07-05T09:16:56Z,2026-07-05T09:16:56Z,2026-07-05T09:16:56Z,2.2,https://data.lime.bike/api/partners/v2/gbfs/vancouver_bc/gbfs.json,https://data.lime.bike/api/partners/v2/gbfs/vancouver_bc/free_bike_status,2026-07-05T09:16:54Z,2026-07-05T09:16:54Z
lime_vancouver,lime_vancouver_0c71f6e4-05a6-4cc4-bbcc-b24e41fe9539,0c71f6e4-05a6-4cc4-bbcc-b24e41fe9539,49.239777,-123.047081,2,FALSE,FALSE,7049,NA,1783242979,2026-07-05T09:16:56Z,2026-07-05T09:16:56Z,2026-07-05T09:16:56Z,2.2,https://data.lime.bike/api/partners/v2/gbfs/vancouver_bc/gbfs.json,https://data.lime.bike/api/partners/v2/gbfs/vancouver_bc/free_bike_status,2026-07-05T09:16:54Z,2026-07-05T09:16:54Z
lime_vancouver,lime_vancouver_a243a350-f09a-43e7-b01d-5584745651ff,a243a350-f09a-43e7-b01d-5584745651ff,49.229211,-123.024,2,FALSE,FALSE,45464,NA,1783242979,2026-07-05T09:16:56Z,2026-07-05T09:16:56Z,2026-07-05T09:16:56Z,2.2,https://data.lime.bike/api/partners/v2/gbfs/vancouver_bc/gbfs.json,https://data.lime.bike/api/partners/v2/gbfs/vancouver_bc/free_bike_status,2026-07-05T09:16:54Z,2026-07-05T09:16:54Z
lime_vancouver,lime_vancouver_3bed6af5-1a6f-4df3-9dd7-7e0abdacf5a4,3bed6af5-1a6f-4df3-9dd7-7e0abdacf5a4,49.266041,-123.140679,2,FALSE,FALSE,12601,NA,1783242979,2026-07-05T09:16:56Z,2026-07-05T09:16:56Z,2026-07-05T09:16:56Z,2.2,https://data.lime.bike/api/partners/v2/gbfs/vancouver_bc/gbfs.json,https://data.lime.bike/api/partners/v2/gbfs/vancouver_bc/free_bike_status,2026-07-05T09:16:54Z,2026-07-05T09:16:54Z
lime_vancouver,lime_vancouver_4f8feb7d-8568-4691-bbc5-ae43c1d68aa6,4f8feb7d-8568-4691-bbc5-ae43c1d68aa6,49.254311,-123.068535,2,FALSE,FALSE,37787,NA,1783242979,2026-07-05T09:16:56Z,2026-07-05T09:16:56Z,2026-07-05T09:16:56Z,2.2,https://data.lime.bike/api/partners/v2/gbfs/vancouver_bc/gbfs.json,https://data.lime.bike/api/partners/v2/gbfs/vancouver_bc/free_bike_status,2026-07-05T09:16:54Z,2026-07-05T09:16:54Z
lime_vancouver,lime_vancouver_a055460f-f5eb-4f89-b01d-9404915da2ce,a055460f-f5eb-4f89-b01d-9404915da2ce,49.268955,-123.10469,2,FALSE,FALSE,16399,NA,1783242979,2026-07-05T09:16:56Z,2026-07-05T09:16:56Z,2026-07-05T09:16:56Z,2.2,https://data.lime.bike/api/partners/v2/gbfs/vancouver_bc/gbfs.json,https://data.lime.bike/api/partners/v2/gbfs/vancouver_bc/free_bike_status,2026-07-05T09:16:54Z,2026-07-05T09:16:54Z
lime_vancouver,lime_vancouver_af3312a7-6de1-4521-a5f0-2c533ee10785,af3312a7-6de1-4521-a5f0-2c533ee10785,49.266646,-123.115648,2,FALSE,FALSE,29612,NA,1783242979,2026-07-05T09:16:56Z,2026-07-05T09:16:56Z,2026-07-05T09:16:56Z,2.2,https://data.lime.bike/api/partners/v2/gbfs/vancouver_bc/gbfs.json,https://data.lime.bike/api/partners/v2/gbfs/vancouver_bc/free_bike_status,2026-07-05T09:16:54Z,2026-07-05T09:16:54Z
lime_vancouver,lime_vancouver_ec048e89-1f64-4114-93e2-96abef6e6838,ec048e89-1f64-4114-93e2-96abef6e6838,49.274613,-123.087204,2,FALSE,FALSE,46043,NA,1783242979,2026-07-05T09:16:56Z,2026-07-05T09:16:56Z,2026-07-05T09:16:56Z,2.2,https://data.lime.bike/api/partners/v2/gbfs/vancouver_bc/gbfs.json,https://data.lime.bike/api/partners/v2/gbfs/vancouver_bc/free_bike_status,2026-07-05T09:16:54Z,2026-07-05T09:16:54Z
lime_vancouver,lime_vancouver_8fea8ccd-6d88-4bb6-ba06-deeff855dbf2,8fea8ccd-6d88-4bb6-ba06-deeff855dbf2,49.284067,-123.132655,2,FALSE,FALSE,37272,NA,1783242979,2026-07-05T09:16:56Z,2026-07-05T09:16:56Z,2026-07-05T09:16:56Z,2.2,https://data.lime.bike/api/partners/v2/gbfs/vancouver_bc/gbfs.json,https://data.lime.bike/api/partners/v2/gbfs/vancouver_bc/free_bike_status,2026-07-05T09:16:54Z,2026-07-05T09:16:54Z
lime_vancouver,lime_vancouver_52662d97-85cb-40ed-bb54-4476258b2984,52662d97-85cb-40ed-bb54-4476258b2984,49.23686,-123.074382,2,FALSE,FALSE,15916,NA,1783242979,2026-07-05T09:16:56Z,2026-07-05T09:16:56Z,2026-07-05T09:16:56Z,2.2,https://data.lime.bike/api/partners/v2/gbfs/vancouver_bc/gbfs.json,https://data.lime.bike/api/partners/v2/gbfs/vancouver_bc/free_bike_status,2026-07-05T09:16:54Z,2026-07-05T09:16:54Z
lime_vancouver,lime_vancouver_3c84c346-41e6-45ec-b82c-5773ba9a7bc4,3c84c346-41e6-45ec-b82c-5773ba9a7bc4,49.254265,-123.068472,2,FALSE,FALSE,12601,NA,1783242979,2026-07-05T09:16:56Z,2026-07-05T09:16:56Z,2026-07-05T09:16:56Z,2.2,https://data.lime.bike/api/partners/v2/gbfs/vancouver_bc/gbfs.json,https://data.lime.bike/api/partners/v2/gbfs/vancouver_bc/free_bike_status,2026-07-05T09:16:54Z,2026-07-05T09:16:54Z
lime_vancouver,lime_vancouver_ef526caf-9fe1-4614-8949-1cf3eeea8a00,ef526caf-9fe1-4614-8949-1cf3eeea8a00,49.262303,-123.115692,2,FALSE,FALSE,30111,NA,1783242979,2026-07-05T09:16:56Z,2026-07-05T09:16:56Z,2026-07-05T09:16:56Z,2.2,https://data.lime.bike/api/partners/v2/gbfs/vancouver_bc/gbfs.json,https://data.lime.bike/api/partners/v2/gbfs/vancouver_bc/free_bike_status,2026-07-05T09:16:54Z,2026-07-05T09:16:54Z
lime_vancouver,lime_vancouver_aac44a14-9492-478b-8614-25663631a802,aac44a14-9492-478b-8614-25663631a802,49.290935,-123.127669,2,FALSE,FALSE,34166,NA,1783242979,2026-07-05T09:16:56Z,2026-07-05T09:16:56Z,2026-07-05T09:16:56Z,2.2,https://data.lime.bike/api/partners/v2/gbfs/vancouver_bc/gbfs.json,https://data.lime.bike/api/partners/v2/gbfs/vancouver_bc/free_bike_status,2026-07-05T09:16:54Z,2026-07-05T09:16:54Z
lime_vancouver,lime_vancouver_7a4f9069-3eb1-4c75-91cf-1e5dc38eaf8d,7a4f9069-3eb1-4c75-91cf-1e5dc38eaf8d,49.266676,-123.115783,2,FALSE,FALSE,28598,NA,1783242979,2026-07-05T09:16:56Z,2026-07-05T09:16:56Z,2026-07-05T09:16:56Z,2.2,https://data.lime.bike/api/partners/v2/gbfs/vancouver_bc/gbfs.json,https://data.lime.bike/api/partners/v2/gbfs/vancouver_bc/free_bike_status,2026-07-05T09:16:54Z,2026-07-05T09:16:54Z
lime_vancouver,lime_vancouver_75e08c5e-31d2-4907-a849-87e91f95e807,75e08c5e-31d2-4907-a849-87e91f95e807,49.254552,-123.072846,2,FALSE,FALSE,5246,NA,1783242979,2026-07-05T09:16:56Z,2026-07-05T09:16:56Z,2026-07-05T09:16:56Z,2.2,https://data.lime.bike/api/partners/v2/gbfs/vancouver_bc/gbfs.json,https://data.lime.bike/api/partners/v2/gbfs/vancouver_bc/free_bike_status,2026-07-05T09:16:54Z,2026-07-05T09:16:54Z
lime_vancouver,lime_vancouver_23f58fd4-3d72-4c8e-82af-4dfba309c752,23f58fd4-3d72-4c8e-82af-4dfba309c752,49.271798,-123.164797,2,FALSE,FALSE,46558,NA,1783242979,2026-07-05T09:16:56Z,2026-07-05T09:16:56Z,2026-07-05T09:16:56Z,2.2,https://data.lime.bike/api/partners/v2/gbfs/vancouver_bc/gbfs.json,https://data.lime.bike/api/partners/v2/gbfs/vancouver_bc/free_bike_status,2026-07-05T09:16:54Z,2026-07-05T09:16:54Z
lime_vancouver,lime_vancouver_03572782-f0f8-4fa6-8d12-4eae62e88d79,03572782-f0f8-4fa6-8d12-4eae62e88d79,49.276766,-123.061933,2,FALSE,FALSE,40910,NA,1783242979,2026-07-05T09:16:56Z,2026-07-05T09:16:56Z,2026-07-05T09:16:56Z,2.2,https://data.lime.bike/api/partners/v2/gbfs/vancouver_bc/gbfs.json,https://data.lime.bike/api/partners/v2/gbfs/vancouver_bc/free_bike_status,2026-07-05T09:16:54Z,2026-07-05T09:16:54Z
lime_vancouver,lime_vancouver_56ed267e-4bdb-4277-a7e9-4025556574f2,56ed267e-4bdb-4277-a7e9-4025556574f2,49.271824,-123.164645,2,FALSE,FALSE,14017,NA,1783242979,2026-07-05T09:16:56Z,2026-07-05T09:16:56Z,2026-07-05T09:16:56Z,2.2,https://data.lime.bike/api/partners/v2/gbfs/vancouver_bc/gbfs.json,https://data.lime.bike/api/partners/v2/gbfs/vancouver_bc/free_bike_status,2026-07-05T09:16:54Z,2026-07-05T09:16:54Z
lime_vancouver,lime_vancouver_c90a2d12-203b-4407-804f-1f0ddd51f522,c90a2d12-203b-4407-804f-1f0ddd51f522,49.281632,-123.074111,2,FALSE,FALSE,2639,NA,1783242979,2026-07-05T09:16:56Z,2026-07-05T09:16:56Z,2026-07-05T09:16:56Z,2.2,https://data.lime.bike/api/partners/v2/gbfs/vancouver_bc/gbfs.json,https://data.lime.bike/api/partners/v2/gbfs/vancouver_bc/free_bike_status,2026-07-05T09:16:54Z,2026-07-05T09:16:54Z
lime_vancouver,lime_vancouver_1613ba31-dfa9-4bb9-b372-c1bd98f76cc5,1613ba31-dfa9-4bb9-b372-c1bd98f76cc5,49.285008,-123.095155,2,FALSE,FALSE,43999,NA,1783242979,2026-07-05T09:16:56Z,2026-07-05T09:16:56Z,2026-07-05T09:16:56Z,2.2,https://data.lime.bike/api/partners/v2/gbfs/vancouver_bc/gbfs.json,https://data.lime.bike/api/partners/v2/gbfs/vancouver_bc/free_bike_status,2026-07-05T09:16:54Z,2026-07-05T09:16:54Z
lime_vancouver,lime_vancouver_696f64e9-5948-4e45-adbb-16fb28612a13,696f64e9-5948-4e45-adbb-16fb28612a13,49.280802,-123.025624,2,FALSE,FALSE,6582,NA,1783242979,2026-07-05T09:16:56Z,2026-07-05T09:16:56Z,2026-07-05T09:16:56Z,2.2,https://data.lime.bike/api/partners/v2/gbfs/vancouver_bc/gbfs.json,https://data.lime.bike/api/partners/v2/gbfs/vancouver_bc/free_bike_status,2026-07-05T09:16:54Z,2026-07-05T09:16:54Z
lime_vancouver,lime_vancouver_f3ca86b8-bfc0-4cfc-bee3-057091383bc0,f3ca86b8-bfc0-4cfc-bee3-057091383bc0,49.281385,-123.049394,2,FALSE,FALSE,24623,NA,1783242979,2026-07-05T09:16:56Z,2026-07-05T09:16:56Z,2026-07-05T09:16:56Z,2.2,https://data.lime.bike/api/partners/v2/gbfs/vancouver_bc/gbfs.json,https://data.lime.bike/api/partners/v2/gbfs/vancouver_bc/free_bike_status,2026-07-05T09:16:54Z,2026-07-05T09:16:54Z
lime_vancouver,lime_vancouver_97e4bea1-2dfe-4d5b-9500-6108ed37f84a,97e4bea1-2dfe-4d5b-9500-6108ed37f84a,49.283117,-123.046633,2,FALSE,FALSE,27600,NA,1783242979,2026-07-05T09:16:56Z,2026-07-05T09:16:56Z,2026-07-05T09:16:56Z,2.2,https://data.lime.bike/api/partners/v2/gbfs/vancouver_bc/gbfs.json,https://data.lime.bike/api/partners/v2/gbfs/vancouver_bc/free_bike_status,2026-07-05T09:16:54Z,2026-07-05T09:16:54Z
lime_vancouver,lime_vancouver_cf965cd9-64f5-4c77-96ac-fa8a6bcb25d5,cf965cd9-64f5-4c77-96ac-fa8a6bcb25d5,49.262587,-123.119867,2,FALSE,FALSE,5246,NA,1783242979,2026-07-05T09:16:56Z,2026-07-05T09:16:56Z,2026-07-05T09:16:56Z,2.2,https://data.lime.bike/api/partners/v2/gbfs/vancouver_bc/gbfs.json,https://data.lime.bike/api/partners/v2/gbfs/vancouver_bc/free_bike_status,2026-07-05T09:16:54Z,2026-07-05T09:16:54Z
lime_vancouver,lime_vancouver_d454177d-115c-48a5-b91a-dfd57867cff1,d454177d-115c-48a5-b91a-dfd57867cff1,49.262229,-123.049689,2,FALSE,FALSE,13551,NA,1783242979,2026-07-05T09:16:56Z,2026-07-05T09:16:56Z,2026-07-05T09:16:56Z,2.2,https://data.lime.bike/api/partners/v2/gbfs/vancouver_bc/gbfs.json,https://data.lime.bike/api/partners/v2/gbfs/vancouver_bc/free_bike_status,2026-07-05T09:16:54Z,2026-07-05T09:16:54Z
lime_vancouver,lime_vancouver_dd8d2535-ea88-4dcd-a0fd-b680fce9acba,dd8d2535-ea88-4dcd-a0fd-b680fce9acba,49.266866,-123.049592,2,FALSE,FALSE,5246,NA,1783242979,2026-07-05T09:16:56Z,2026-07-05T09:16:56Z,2026-07-05T09:16:56Z,2.2,https://data.lime.bike/api/partners/v2/gbfs/vancouver_bc/gbfs.json,https://data.lime.bike/api/partners/v2/gbfs/vancouver_bc/free_bike_status,2026-07-05T09:16:54Z,2026-07-05T09:16:54Z
lime_vancouver,lime_vancouver_2a0c05d7-eb5f-46c6-8658-f418f64ce807,2a0c05d7-eb5f-46c6-8658-f418f64ce807,49.271338,-123.057937,2,FALSE,FALSE,41940,NA,1783242979,2026-07-05T09:16:56Z,2026-07-05T09:16:56Z,2026-07-05T09:16:56Z,2.2,https://data.lime.bike/api/partners/v2/gbfs/vancouver_bc/gbfs.json,https://data.lime.bike/api/partners/v2/gbfs/vancouver_bc/free_bike_status,2026-07-05T09:16:54Z,2026-07-05T09:16:54Z
lime_vancouver,lime_vancouver_c2231fab-da76-4b8b-b118-264ad4f2b9a0,c2231fab-da76-4b8b-b118-264ad4f2b9a0,49.281024,-123.134246,2,FALSE,FALSE,47073,NA,1783242979,2026-07-05T09:16:56Z,2026-07-05T09:16:56Z,2026-07-05T09:16:56Z,2.2,https://data.lime.bike/api/partners/v2/gbfs/vancouver_bc/gbfs.json,https://data.lime.bike/api/partners/v2/gbfs/vancouver_bc/free_bike_status,2026-07-05T09:16:54Z,2026-07-05T09:16:54Z
lime_vancouver,lime_vancouver_d7f4fd42-b7f8-4204-9457-a0518d1b9d04,d7f4fd42-b7f8-4204-9457-a0518d1b9d04,49.248747,-123.039327,2,FALSE,FALSE,4796,NA,1783242979,2026-07-05T09:16:56Z,2026-07-05T09:16:56Z,2026-07-05T09:16:56Z,2.2,https://data.lime.bike/api/partners/v2/gbfs/vancouver_bc/gbfs.json,https://data.lime.bike/api/partners/v2/gbfs/vancouver_bc/free_bike_status,2026-07-05T09:16:54Z,2026-07-05T09:16:54Z
lime_vancouver,lime_vancouver_70db463e-e340-40e7-9804-bc51f125befa,70db463e-e340-40e7-9804-bc51f125befa,49.239795,-123.047083,2,FALSE,FALSE,3492,NA,1783242979,2026-07-05T09:16:56Z,2026-07-05T09:16:56Z,2026-07-05T09:16:56Z,2.2,https://data.lime.bike/api/partners/v2/gbfs/vancouver_bc/gbfs.json,https://data.lime.bike/api/partners/v2/gbfs/vancouver_bc/free_bike_status,2026-07-05T09:16:54Z,2026-07-05T09:16:54Z
lime_vancouver,lime_vancouver_f39793a3-6f59-45d3-9c6f-3425479ab04d,f39793a3-6f59-45d3-9c6f-3425479ab04d,49.266097,-123.140762,2,FALSE,FALSE,22177,NA,1783242979,2026-07-05T09:16:56Z,2026-07-05T09:16:56Z,2026-07-05T09:16:56Z,2.2,https://data.lime.bike/api/partners/v2/gbfs/vancouver_bc/gbfs.json,https://data.lime.bike/api/partners/v2/gbfs/vancouver_bc/free_bike_status,2026-07-05T09:16:54Z,2026-07-05T09:16:54Z
lime_vancouver,lime_vancouver_93e71d39-5ba9-43e2-8318-430c3037004a,93e71d39-5ba9-43e2-8318-430c3037004a,49.285008,-123.095195,2,FALSE,FALSE,15450,NA,1783242979,2026-07-05T09:16:56Z,2026-07-05T09:16:56Z,2026-07-05T09:16:56Z,2.2,https://data.lime.bike/api/partners/v2/gbfs/vancouver_bc/gbfs.json,https://data.lime.bike/api/partners/v2/gbfs/vancouver_bc/free_bike_status,2026-07-05T09:16:54Z,2026-07-05T09:16:54Z
lime_vancouver,lime_vancouver_8e8ec9c5-ac39-46d2-a9ad-24a463649448,8e8ec9c5-ac39-46d2-a9ad-24a463649448,49.262783,-123.155498,2,FALSE,FALSE,18797,NA,1783242979,2026-07-05T09:16:56Z,2026-07-05T09:16:56Z,2026-07-05T09:16:56Z,2.2,https://data.lime.bike/api/partners/v2/gbfs/vancouver_bc/gbfs.json,https://data.lime.bike/api/partners/v2/gbfs/vancouver_bc/free_bike_status,2026-07-05T09:16:54Z,2026-07-05T09:16:54Z
lime_vancouver,lime_vancouver_152a9bb8-d4a1-4efd-8970-1cefd2cd68c5,152a9bb8-d4a1-4efd-8970-1cefd2cd68c5,49.274626,-123.08715,2,FALSE,FALSE,42454,NA,1783242979,2026-07-05T09:16:56Z,2026-07-05T09:16:56Z,2026-07-05T09:16:56Z,2.2,https://data.lime.bike/api/partners/v2/gbfs/vancouver_bc/gbfs.json,https://data.lime.bike/api/partners/v2/gbfs/vancouver_bc/free_bike_status,2026-07-05T09:16:54Z,2026-07-05T09:16:54Z
lime_vancouver,lime_vancouver_7b0089f8-70e5-431a-9f09-dda92e6840d9,7b0089f8-70e5-431a-9f09-dda92e6840d9,49.278075,-123.118607,2,FALSE,FALSE,46558,NA,1783242979,2026-07-05T09:16:56Z,2026-07-05T09:16:56Z,2026-07-05T09:16:56Z,2.2,https://data.lime.bike/api/partners/v2/gbfs/vancouver_bc/gbfs.json,https://data.lime.bike/api/partners/v2/gbfs/vancouver_bc/free_bike_status,2026-07-05T09:16:54Z,2026-07-05T09:16:54Z
lime_vancouver,lime_vancouver_5c526fa1-938b-4454-bba2-8c9404145bad,5c526fa1-938b-4454-bba2-8c9404145bad,49.281452,-123.057904,2,FALSE,FALSE,3492,NA,1783242979,2026-07-05T09:16:56Z,2026-07-05T09:16:56Z,2026-07-05T09:16:56Z,2.2,https://data.lime.bike/api/partners/v2/gbfs/vancouver_bc/gbfs.json,https://data.lime.bike/api/partners/v2/gbfs/vancouver_bc/free_bike_status,2026-07-05T09:16:54Z,2026-07-05T09:16:54Z
lime_vancouver,lime_vancouver_da4b4ddb-1bd0-441c-8390-d778bca33c73,da4b4ddb-1bd0-441c-8390-d778bca33c73,49.238758,-123.026896,2,FALSE,FALSE,34166,NA,1783242979,2026-07-05T09:16:56Z,2026-07-05T09:16:56Z,2026-07-05T09:16:56Z,2.2,https://data.lime.bike/api/partners/v2/gbfs/vancouver_bc/gbfs.json,https://data.lime.bike/api/partners/v2/gbfs/vancouver_bc/free_bike_status,2026-07-05T09:16:54Z,2026-07-05T09:16:54Z
lime_vancouver,lime_vancouver_d628ef7f-3893-4c9a-b298-9e2a0d2d1a7f,d628ef7f-3893-4c9a-b298-9e2a0d2d1a7f,49.263249,-123.089216,2,FALSE,FALSE,7950,NA,1783242979,2026-07-05T09:16:56Z,2026-07-05T09:16:56Z,2026-07-05T09:16:56Z,2.2,https://data.lime.bike/api/partners/v2/gbfs/vancouver_bc/gbfs.json,https://data.lime.bike/api/partners/v2/gbfs/vancouver_bc/free_bike_status,2026-07-05T09:16:54Z,2026-07-05T09:16:54Z
lime_vancouver,lime_vancouver_0df18dda-7010-4b2b-96b4-b970138bb459,0df18dda-7010-4b2b-96b4-b970138bb459,49.238781,-123.02688,2,FALSE,FALSE,13084,NA,1783242979,2026-07-05T09:16:56Z,2026-07-05T09:16:56Z,2026-07-05T09:16:56Z,2.2,https://data.lime.bike/api/partners/v2/gbfs/vancouver_bc/gbfs.json,https://data.lime.bike/api/partners/v2/gbfs/vancouver_bc/free_bike_status,2026-07-05T09:16:54Z,2026-07-05T09:16:54Z
lime_vancouver,lime_vancouver_84f092fd-0d68-478f-b85f-5e3fb7e93241,84f092fd-0d68-478f-b85f-5e3fb7e93241,49.254315,-123.069369,2,FALSE,FALSE,45013,NA,1783242979,2026-07-05T09:16:56Z,2026-07-05T09:16:56Z,2026-07-05T09:16:56Z,2.2,https://data.lime.bike/api/partners/v2/gbfs/vancouver_bc/gbfs.json,https://data.lime.bike/api/partners/v2/gbfs/vancouver_bc/free_bike_status,2026-07-05T09:16:54Z,2026-07-05T09:16:54Z
lime_vancouver,lime_vancouver_b0fde7e8-6b58-49f8-afee-dddb52b75524,b0fde7e8-6b58-49f8-afee-dddb52b75524,49.262707,-123.146192,2,FALSE,FALSE,18314,NA,1783242979,2026-07-05T09:16:56Z,2026-07-05T09:16:56Z,2026-07-05T09:16:56Z,2.2,https://data.lime.bike/api/partners/v2/gbfs/vancouver_bc/gbfs.json,https://data.lime.bike/api/partners/v2/gbfs/vancouver_bc/free_bike_status,2026-07-05T09:16:54Z,2026-07-05T09:16:54Z
lime_vancouver,lime_vancouver_36c6d358-f7bb-473d-b7bd-144f6eb30777,36c6d358-f7bb-473d-b7bd-144f6eb30777,49.265874,-123.041502,2,FALSE,FALSE,9334,NA,1783242979,2026-07-05T09:16:56Z,2026-07-05T09:16:56Z,2026-07-05T09:16:56Z,2.2,https://data.lime.bike/api/partners/v2/gbfs/vancouver_bc/gbfs.json,https://data.lime.bike/api/partners/v2/gbfs/vancouver_bc/free_bike_status,2026-07-05T09:16:54Z,2026-07-05T09:16:54Z
lime_vancouver,lime_vancouver_9541672f-abd9-40b5-8bec-e35522954bce,9541672f-abd9-40b5-8bec-e35522954bce,49.262072,-123.101947,2,FALSE,FALSE,14967,NA,1783242979,2026-07-05T09:16:56Z,2026-07-05T09:16:56Z,2026-07-05T09:16:56Z,2.2,https://data.lime.bike/api/partners/v2/gbfs/vancouver_bc/gbfs.json,https://data.lime.bike/api/partners/v2/gbfs/vancouver_bc/free_bike_status,2026-07-05T09:16:54Z,2026-07-05T09:16:54Z
lime_vancouver,lime_vancouver_657b5818-a612-4d7c-b409-85142fec7c23,657b5818-a612-4d7c-b409-85142fec7c23,49.266731,-123.112442,2,FALSE,FALSE,27101,NA,1783242979,2026-07-05T09:16:56Z,2026-07-05T09:16:56Z,2026-07-05T09:16:56Z,2.2,https://data.lime.bike/api/partners/v2/gbfs/vancouver_bc/gbfs.json,https://data.lime.bike/api/partners/v2/gbfs/vancouver_bc/free_bike_status,2026-07-05T09:16:54Z,2026-07-05T09:16:54Z
lime_vancouver,lime_vancouver_6143f2d6-563a-4f6f-9c6c-fd9359c858ec,6143f2d6-563a-4f6f-9c6c-fd9359c858ec,49.285766,-123.13094,2,FALSE,FALSE,38833,NA,1783242979,2026-07-05T09:16:56Z,2026-07-05T09:16:56Z,2026-07-05T09:16:56Z,2.2,https://data.lime.bike/api/partners/v2/gbfs/vancouver_bc/gbfs.json,https://data.lime.bike/api/partners/v2/gbfs/vancouver_bc/free_bike_status,2026-07-05T09:16:54Z,2026-07-05T09:16:54Z
lime_vancouver,lime_vancouver_6549c12f-26d0-4b90-bee0-7ad512c0b040,6549c12f-26d0-4b90-bee0-7ad512c0b040,49.26272,-123.146226,2,FALSE,FALSE,42454,NA,1783242979,2026-07-05T09:16:56Z,2026-07-05T09:16:56Z,2026-07-05T09:16:56Z,2.2,https://data.lime.bike/api/partners/v2/gbfs/vancouver_bc/gbfs.json,https://data.lime.bike/api/partners/v2/gbfs/vancouver_bc/free_bike_status,2026-07-05T09:16:54Z,2026-07-05T09:16:54Z
lime_vancouver,lime_vancouver_f3f1fb68-beda-4cf8-a419-c8f8505d4a88,f3f1fb68-beda-4cf8-a419-c8f8505d4a88,49.261546,-123.087478,2,FALSE,FALSE,14017,NA,1783242979,2026-07-05T09:16:56Z,2026-07-05T09:16:56Z,2026-07-05T09:16:56Z,2.2,https://data.lime.bike/api/partners/v2/gbfs/vancouver_bc/gbfs.json,https://data.lime.bike/api/partners/v2/gbfs/vancouver_bc/free_bike_status,2026-07-05T09:16:54Z,2026-07-05T09:16:54Z
lime_vancouver,lime_vancouver_90719e4f-431d-4e41-81a4-4b534da1cf26,90719e4f-431d-4e41-81a4-4b534da1cf26,49.26543,-123.096714,2,FALSE,FALSE,46043,NA,1783242979,2026-07-05T09:16:56Z,2026-07-05T09:16:56Z,2026-07-05T09:16:56Z,2.2,https://data.lime.bike/api/partners/v2/gbfs/vancouver_bc/gbfs.json,https://data.lime.bike/api/partners/v2/gbfs/vancouver_bc/free_bike_status,2026-07-05T09:16:54Z,2026-07-05T09:16:54Z
lime_vancouver,lime_vancouver_81db58d3-843d-4203-9acf-5d5593a0eee3,81db58d3-843d-4203-9acf-5d5593a0eee3,49.262104,-123.105196,2,FALSE,FALSE,8417,NA,1783242979,2026-07-05T09:16:56Z,2026-07-05T09:16:56Z,2026-07-05T09:16:56Z,2.2,https://data.lime.bike/api/partners/v2/gbfs/vancouver_bc/gbfs.json,https://data.lime.bike/api/partners/v2/gbfs/vancouver_bc/free_bike_status,2026-07-05T09:16:54Z,2026-07-05T09:16:54Z
lime_vancouver,lime_vancouver_32cc3dcb-0123-4d07-bf94-b9c4e5c91514,32cc3dcb-0123-4d07-bf94-b9c4e5c91514,49.262396,-123.089051,2,FALSE,FALSE,18797,NA,1783242979,2026-07-05T09:16:56Z,2026-07-05T09:16:56Z,2026-07-05T09:16:56Z,2.2,https://data.lime.bike/api/partners/v2/gbfs/vancouver_bc/gbfs.json,https://data.lime.bike/api/partners/v2/gbfs/vancouver_bc/free_bike_status,2026-07-05T09:16:54Z,2026-07-05T09:16:54Z
lime_vancouver,lime_vancouver_cc8255e8-8248-4b27-8553-2d0b901ba7af,cc8255e8-8248-4b27-8553-2d0b901ba7af,49.285575,-123.131029,2,FALSE,FALSE,35711,NA,1783242979,2026-07-05T09:16:56Z,2026-07-05T09:16:56Z,2026-07-05T09:16:56Z,2.2,https://data.lime.bike/api/partners/v2/gbfs/vancouver_bc/gbfs.json,https://data.lime.bike/api/partners/v2/gbfs/vancouver_bc/free_bike_status,2026-07-05T09:16:54Z,2026-07-05T09:16:54Z
lime_vancouver,lime_vancouver_2192caa2-ad73-4dd8-ae3a-1a05859a6c90,2192caa2-ad73-4dd8-ae3a-1a05859a6c90,49.262609,-123.119941,2,FALSE,FALSE,24623,NA,1783242979,2026-07-05T09:16:56Z,2026-07-05T09:16:56Z,2026-07-05T09:16:56Z,2.2,https://data.lime.bike/api/partners/v2/gbfs/vancouver_bc/gbfs.json,https://data.lime.bike/api/partners/v2/gbfs/vancouver_bc/free_bike_status,2026-07-05T09:16:54Z,2026-07-05T09:16:54Z
lime_vancouver,lime_vancouver_b0a11f6f-4724-4787-9fb6-661bab253b09,b0a11f6f-4724-4787-9fb6-661bab253b09,49.254713,-123.04961,2,FALSE,FALSE,43484,NA,1783242979,2026-07-05T09:16:56Z,2026-07-05T09:16:56Z,2026-07-05T09:16:56Z,2.2,https://data.lime.bike/api/partners/v2/gbfs/vancouver_bc/gbfs.json,https://data.lime.bike/api/partners/v2/gbfs/vancouver_bc/free_bike_status,2026-07-05T09:16:54Z,2026-07-05T09:16:54Z
lime_vancouver,lime_vancouver_aa54bddf-b9b3-4e42-ae0c-47b0e5bb6b93,aa54bddf-b9b3-4e42-ae0c-47b0e5bb6b93,49.248754,-123.039309,2,FALSE,FALSE,6132,NA,1783242979,2026-07-05T09:16:56Z,2026-07-05T09:16:56Z,2026-07-05T09:16:56Z,2.2,https://data.lime.bike/api/partners/v2/gbfs/vancouver_bc/gbfs.json,https://data.lime.bike/api/partners/v2/gbfs/vancouver_bc/free_bike_status,2026-07-05T09:16:54Z,2026-07-05T09:16:54Z
lime_vancouver,lime_vancouver_e486188f-12de-4871-8702-271211e3c808,e486188f-12de-4871-8702-271211e3c808,49.27667,-123.062122,2,FALSE,FALSE,6132,NA,1783242979,2026-07-05T09:16:56Z,2026-07-05T09:16:56Z,2026-07-05T09:16:56Z,2.2,https://data.lime.bike/api/partners/v2/gbfs/vancouver_bc/gbfs.json,https://data.lime.bike/api/partners/v2/gbfs/vancouver_bc/free_bike_status,2026-07-05T09:16:54Z,2026-07-05T09:16:54Z
lime_vancouver,lime_vancouver_bf114f20-a022-42c8-9ed1-4e7cd68677d9,bf114f20-a022-42c8-9ed1-4e7cd68677d9,49.265271,-123.089387,2,FALSE,FALSE,16882,NA,1783242979,2026-07-05T09:16:56Z,2026-07-05T09:16:56Z,2026-07-05T09:16:56Z,2.2,https://data.lime.bike/api/partners/v2/gbfs/vancouver_bc/gbfs.json,https://data.lime.bike/api/partners/v2/gbfs/vancouver_bc/free_bike_status,2026-07-05T09:16:54Z,2026-07-05T09:16:54Z
lime_vancouver,lime_vancouver_4cccc9a4-568e-4d55-a52f-462225381a3b,4cccc9a4-568e-4d55-a52f-462225381a3b,49.271592,-123.073422,2,FALSE,FALSE,18314,NA,1783242979,2026-07-05T09:16:56Z,2026-07-05T09:16:56Z,2026-07-05T09:16:56Z,2.2,https://data.lime.bike/api/partners/v2/gbfs/vancouver_bc/gbfs.json,https://data.lime.bike/api/partners/v2/gbfs/vancouver_bc/free_bike_status,2026-07-05T09:16:54Z,2026-07-05T09:16:54Z
lime_vancouver,lime_vancouver_37da2dca-79dd-4ec9-8c36-c3fec84d9a80,37da2dca-79dd-4ec9-8c36-c3fec84d9a80,49.254227,-123.068442,2,FALSE,FALSE,12134,NA,1783242979,2026-07-05T09:16:56Z,2026-07-05T09:16:56Z,2026-07-05T09:16:56Z,2.2,https://data.lime.bike/api/partners/v2/gbfs/vancouver_bc/gbfs.json,https://data.lime.bike/api/partners/v2/gbfs/vancouver_bc/free_bike_status,2026-07-05T09:16:54Z,2026-07-05T09:16:54Z
lime_vancouver,lime_vancouver_3c81a582-965e-4bd3-835a-cabf5e4107bd,3c81a582-965e-4bd3-835a-cabf5e4107bd,49.235846,-123.055239,2,FALSE,FALSE,43484,NA,1783242979,2026-07-05T09:16:56Z,2026-07-05T09:16:56Z,2026-07-05T09:16:56Z,2.2,https://data.lime.bike/api/partners/v2/gbfs/vancouver_bc/gbfs.json,https://data.lime.bike/api/partners/v2/gbfs/vancouver_bc/free_bike_status,2026-07-05T09:16:54Z,2026-07-05T09:16:54Z
lime_vancouver,lime_vancouver_905fc4fb-ad47-47b2-bfc3-202ea54ff965,905fc4fb-ad47-47b2-bfc3-202ea54ff965,49.26641,-123.1402,2,FALSE,FALSE,17365,NA,1783242979,2026-07-05T09:16:56Z,2026-07-05T09:16:56Z,2026-07-05T09:16:56Z,2.2,https://data.lime.bike/api/partners/v2/gbfs/vancouver_bc/gbfs.json,https://data.lime.bike/api/partners/v2/gbfs/vancouver_bc/free_bike_status,2026-07-05T09:16:54Z,2026-07-05T09:16:54Z
lime_vancouver,lime_vancouver_996a3901-f06e-4565-a386-d9bde01e1c80,996a3901-f06e-4565-a386-d9bde01e1c80,49.266906,-123.143329,2,FALSE,FALSE,42969,NA,1783242979,2026-07-05T09:16:56Z,2026-07-05T09:16:56Z,2026-07-05T09:16:56Z,2.2,https://data.lime.bike/api/partners/v2/gbfs/vancouver_bc/gbfs.json,https://data.lime.bike/api/partners/v2/gbfs/vancouver_bc/free_bike_status,2026-07-05T09:16:54Z,2026-07-05T09:16:54Z
lime_vancouver,lime_vancouver_444d68b2-6571-48ab-8193-327d7b7e0934,444d68b2-6571-48ab-8193-327d7b7e0934,49.268189,-123.109501,2,FALSE,FALSE,3492,NA,1783242979,2026-07-05T09:16:56Z,2026-07-05T09:16:56Z,2026-07-05T09:16:56Z,2.2,https://data.lime.bike/api/partners/v2/gbfs/vancouver_bc/gbfs.json,https://data.lime.bike/api/partners/v2/gbfs/vancouver_bc/free_bike_status,2026-07-05T09:16:54Z,2026-07-05T09:16:54Z
lime_vancouver,lime_vancouver_f9b50c7b-556f-4413-b0ce-5556bc559a2c,f9b50c7b-556f-4413-b0ce-5556bc559a2c,49.237449,-123.036253,2,FALSE,FALSE,42454,NA,1783242979,2026-07-05T09:16:56Z,2026-07-05T09:16:56Z,2026-07-05T09:16:56Z,2.2,https://data.lime.bike/api/partners/v2/gbfs/vancouver_bc/gbfs.json,https://data.lime.bike/api/partners/v2/gbfs/vancouver_bc/free_bike_status,2026-07-05T09:16:54Z,2026-07-05T09:16:54Z
lime_vancouver,lime_vancouver_a70f0cb3-8349-411f-a639-ff42dbe3170c,a70f0cb3-8349-411f-a639-ff42dbe3170c,49.272451,-123.041534,2,FALSE,FALSE,5697,NA,1783242979,2026-07-05T09:16:56Z,2026-07-05T09:16:56Z,2026-07-05T09:16:56Z,2.2,https://data.lime.bike/api/partners/v2/gbfs/vancouver_bc/gbfs.json,https://data.lime.bike/api/partners/v2/gbfs/vancouver_bc/free_bike_status,2026-07-05T09:16:54Z,2026-07-05T09:16:54Z
lime_vancouver,lime_vancouver_492d5d6e-a482-4cf2-862d-c92545dd7850,492d5d6e-a482-4cf2-862d-c92545dd7850,49.235434,-123.030981,2,FALSE,FALSE,40910,NA,1783242979,2026-07-05T09:16:56Z,2026-07-05T09:16:56Z,2026-07-05T09:16:56Z,2.2,https://data.lime.bike/api/partners/v2/gbfs/vancouver_bc/gbfs.json,https://data.lime.bike/api/partners/v2/gbfs/vancouver_bc/free_bike_status,2026-07-05T09:16:54Z,2026-07-05T09:16:54Z
lime_vancouver,lime_vancouver_5ee17583-9586-4cd8-913d-02f5a04d4690,5ee17583-9586-4cd8-913d-02f5a04d4690,49.240812,-123.038043,2,FALSE,FALSE,44514,NA,1783242979,2026-07-05T09:16:56Z,2026-07-05T09:16:56Z,2026-07-05T09:16:56Z,2.2,https://data.lime.bike/api/partners/v2/gbfs/vancouver_bc/gbfs.json,https://data.lime.bike/api/partners/v2/gbfs/vancouver_bc/free_bike_status,2026-07-05T09:16:54Z,2026-07-05T09:16:54Z
lime_vancouver,lime_vancouver_49ade728-6839-4a23-97ba-66194658e4a3,49ade728-6839-4a23-97ba-66194658e4a3,49.274301,-123.12534,2,FALSE,FALSE,46558,NA,1783242979,2026-07-05T09:16:56Z,2026-07-05T09:16:56Z,2026-07-05T09:16:56Z,2.2,https://data.lime.bike/api/partners/v2/gbfs/vancouver_bc/gbfs.json,https://data.lime.bike/api/partners/v2/gbfs/vancouver_bc/free_bike_status,2026-07-05T09:16:54Z,2026-07-05T09:16:54Z
lime_vancouver,lime_vancouver_e1223ec9-facc-4af5-9e04-34f9701ab322,e1223ec9-facc-4af5-9e04-34f9701ab322,49.273876,-123.061699,2,FALSE,FALSE,7049,NA,1783242979,2026-07-05T09:16:56Z,2026-07-05T09:16:56Z,2026-07-05T09:16:56Z,2.2,https://data.lime.bike/api/partners/v2/gbfs/vancouver_bc/gbfs.json,https://data.lime.bike/api/partners/v2/gbfs/vancouver_bc/free_bike_status,2026-07-05T09:16:54Z,2026-07-05T09:16:54Z
lime_vancouver,lime_vancouver_22cf9952-4a95-4339-bc09-b1853783dc1e,22cf9952-4a95-4339-bc09-b1853783dc1e,49.266152,-123.098764,2,FALSE,FALSE,12601,NA,1783242979,2026-07-05T09:16:56Z,2026-07-05T09:16:56Z,2026-07-05T09:16:56Z,2.2,https://data.lime.bike/api/partners/v2/gbfs/vancouver_bc/gbfs.json,https://data.lime.bike/api/partners/v2/gbfs/vancouver_bc/free_bike_status,2026-07-05T09:16:54Z,2026-07-05T09:16:54Z
lime_vancouver,lime_vancouver_ba7b5f52-b982-4928-a402-1772d20fdc7d,ba7b5f52-b982-4928-a402-1772d20fdc7d,49.280852,-123.08943,2,FALSE,FALSE,18314,NA,1783242979,2026-07-05T09:16:56Z,2026-07-05T09:16:56Z,2026-07-05T09:16:56Z,2.2,https://data.lime.bike/api/partners/v2/gbfs/vancouver_bc/gbfs.json,https://data.lime.bike/api/partners/v2/gbfs/vancouver_bc/free_bike_status,2026-07-05T09:16:54Z,2026-07-05T09:16:54Z
lime_vancouver,lime_vancouver_8314e1fa-a137-4813-a071-038fefe2fc9f,8314e1fa-a137-4813-a071-038fefe2fc9f,49.28495,-123.061621,2,FALSE,FALSE,40395,NA,1783242979,2026-07-05T09:16:56Z,2026-07-05T09:16:56Z,2026-07-05T09:16:56Z,2.2,https://data.lime.bike/api/partners/v2/gbfs/vancouver_bc/gbfs.json,https://data.lime.bike/api/partners/v2/gbfs/vancouver_bc/free_bike_status,2026-07-05T09:16:54Z,2026-07-05T09:16:54Z
lime_vancouver,lime_vancouver_f38b5601-2c20-4d2c-977f-c4156ba62951,f38b5601-2c20-4d2c-977f-c4156ba62951,49.248742,-123.039378,2,FALSE,FALSE,10268,NA,1783242979,2026-07-05T09:16:56Z,2026-07-05T09:16:56Z,2026-07-05T09:16:56Z,2.2,https://data.lime.bike/api/partners/v2/gbfs/vancouver_bc/gbfs.json,https://data.lime.bike/api/partners/v2/gbfs/vancouver_bc/free_bike_status,2026-07-05T09:16:54Z,2026-07-05T09:16:54Z
lime_vancouver,lime_vancouver_00cba4cf-cf30-4f6e-bd57-923b6d13ba50,00cba4cf-cf30-4f6e-bd57-923b6d13ba50,49.262266,-123.104918,2,FALSE,FALSE,28598,NA,1783242979,2026-07-05T09:16:56Z,2026-07-05T09:16:56Z,2026-07-05T09:16:56Z,2.2,https://data.lime.bike/api/partners/v2/gbfs/vancouver_bc/gbfs.json,https://data.lime.bike/api/partners/v2/gbfs/vancouver_bc/free_bike_status,2026-07-05T09:16:54Z,2026-07-05T09:16:54Z
lime_vancouver,lime_vancouver_b142827f-4dcf-4635-9610-c8ac56edfbbb,b142827f-4dcf-4635-9610-c8ac56edfbbb,49.281032,-123.134248,2,FALSE,FALSE,19763,NA,1783242979,2026-07-05T09:16:56Z,2026-07-05T09:16:56Z,2026-07-05T09:16:56Z,2.2,https://data.lime.bike/api/partners/v2/gbfs/vancouver_bc/gbfs.json,https://data.lime.bike/api/partners/v2/gbfs/vancouver_bc/free_bike_status,2026-07-05T09:16:54Z,2026-07-05T09:16:54Z
lime_vancouver,lime_vancouver_1b7989f3-c713-42f2-9a78-36ea8d8fb842,1b7989f3-c713-42f2-9a78-36ea8d8fb842,49.238754,-123.026886,2,FALSE,FALSE,16882,NA,1783242979,2026-07-05T09:16:56Z,2026-07-05T09:16:56Z,2026-07-05T09:16:56Z,2.2,https://data.lime.bike/api/partners/v2/gbfs/vancouver_bc/gbfs.json,https://data.lime.bike/api/partners/v2/gbfs/vancouver_bc/free_bike_status,2026-07-05T09:16:54Z,2026-07-05T09:16:54Z
lime_vancouver,lime_vancouver_c93b6067-68d5-44d2-9cb1-c13aa6d20a0f,c93b6067-68d5-44d2-9cb1-c13aa6d20a0f,49.266582,-123.112441,2,FALSE,FALSE,43999,NA,1783242979,2026-07-05T09:16:56Z,2026-07-05T09:16:56Z,2026-07-05T09:16:56Z,2.2,https://data.lime.bike/api/partners/v2/gbfs/vancouver_bc/gbfs.json,https://data.lime.bike/api/partners/v2/gbfs/vancouver_bc/free_bike_status,2026-07-05T09:16:54Z,2026-07-05T09:16:54Z
lime_vancouver,lime_vancouver_25781e70-5463-4792-84d9-adf2270c99e2,25781e70-5463-4792-84d9-adf2270c99e2,49.285003,-123.095264,2,FALSE,FALSE,16882,NA,1783242979,2026-07-05T09:16:56Z,2026-07-05T09:16:56Z,2026-07-05T09:16:56Z,2.2,https://data.lime.bike/api/partners/v2/gbfs/vancouver_bc/gbfs.json,https://data.lime.bike/api/partners/v2/gbfs/vancouver_bc/free_bike_status,2026-07-05T09:16:54Z,2026-07-05T09:16:54Z
lime_vancouver,lime_vancouver_3b748e9a-1886-4265-a720-aed2c999bb1e,3b748e9a-1886-4265-a720-aed2c999bb1e,49.277631,-123.073116,2,FALSE,FALSE,40910,NA,1783242979,2026-07-05T09:16:56Z,2026-07-05T09:16:56Z,2026-07-05T09:16:56Z,2.2,https://data.lime.bike/api/partners/v2/gbfs/vancouver_bc/gbfs.json,https://data.lime.bike/api/partners/v2/gbfs/vancouver_bc/free_bike_status,2026-07-05T09:16:54Z,2026-07-05T09:16:54Z
lime_vancouver,lime_vancouver_a5bd44c1-9571-481b-bb75-2088d290f454,a5bd44c1-9571-481b-bb75-2088d290f454,49.278345,-123.118577,2,FALSE,FALSE,46558,NA,1783242979,2026-07-05T09:16:56Z,2026-07-05T09:16:56Z,2026-07-05T09:16:56Z,2.2,https://data.lime.bike/api/partners/v2/gbfs/vancouver_bc/gbfs.json,https://data.lime.bike/api/partners/v2/gbfs/vancouver_bc/free_bike_status,2026-07-05T09:16:54Z,2026-07-05T09:16:54Z
lime_vancouver,lime_vancouver_10ca8127-a0fc-4d78-9f40-83990cf6cc44,10ca8127-a0fc-4d78-9f40-83990cf6cc44,49.290869,-123.127673,2,FALSE,FALSE,6132,NA,1783242979,2026-07-05T09:16:56Z,2026-07-05T09:16:56Z,2026-07-05T09:16:56Z,2.2,https://data.lime.bike/api/partners/v2/gbfs/vancouver_bc/gbfs.json,https://data.lime.bike/api/partners/v2/gbfs/vancouver_bc/free_bike_status,2026-07-05T09:16:54Z,2026-07-05T09:16:54Z
lime_vancouver,lime_vancouver_54acfce7-3ec8-4a16-aa64-cf14b9e2fab8,54acfce7-3ec8-4a16-aa64-cf14b9e2fab8,49.26545,-123.096718,2,FALSE,FALSE,5697,NA,1783242979,2026-07-05T09:16:56Z,2026-07-05T09:16:56Z,2026-07-05T09:16:56Z,2.2,https://data.lime.bike/api/partners/v2/gbfs/vancouver_bc/gbfs.json,https://data.lime.bike/api/partners/v2/gbfs/vancouver_bc/free_bike_status,2026-07-05T09:16:54Z,2026-07-05T09:16:54Z
lime_vancouver,lime_vancouver_290b3822-fb73-4866-bdaf-d1525b8b8b07,290b3822-fb73-4866-bdaf-d1525b8b8b07,49.229256,-123.024188,2,FALSE,FALSE,22611,NA,1783242979,2026-07-05T09:16:56Z,2026-07-05T09:16:56Z,2026-07-05T09:16:56Z,2.2,https://data.lime.bike/api/partners/v2/gbfs/vancouver_bc/gbfs.json,https://data.lime.bike/api/partners/v2/gbfs/vancouver_bc/free_bike_status,2026-07-05T09:16:54Z,2026-07-05T09:16:54Z
lime_vancouver,lime_vancouver_1e0b33d6-9308-49d3-aef6-001cb3f9d259,1e0b33d6-9308-49d3-aef6-001cb3f9d259,49.272309,-123.033995,2,FALSE,FALSE,7950,NA,1783242979,2026-07-05T09:16:56Z,2026-07-05T09:16:56Z,2026-07-05T09:16:56Z,2.2,https://data.lime.bike/api/partners/v2/gbfs/vancouver_bc/gbfs.json,https://data.lime.bike/api/partners/v2/gbfs/vancouver_bc/free_bike_status,2026-07-05T09:16:54Z,2026-07-05T09:16:54Z
lime_vancouver,lime_vancouver_0830afdc-58fd-41a4-a66d-92d3b80ca8ba,0830afdc-58fd-41a4-a66d-92d3b80ca8ba,49.242372,-123.049099,2,FALSE,FALSE,45528,NA,1783242979,2026-07-05T09:16:56Z,2026-07-05T09:16:56Z,2026-07-05T09:16:56Z,2.2,https://data.lime.bike/api/partners/v2/gbfs/vancouver_bc/gbfs.json,https://data.lime.bike/api/partners/v2/gbfs/vancouver_bc/free_bike_status,2026-07-05T09:16:54Z,2026-07-05T09:16:54Z
lime_vancouver,lime_vancouver_d7ff0615-a519-4677-ab47-e04bf65d79a4,d7ff0615-a519-4677-ab47-e04bf65d79a4,49.262712,-123.14616,2,FALSE,FALSE,3058,NA,1783242979,2026-07-05T09:16:56Z,2026-07-05T09:16:56Z,2026-07-05T09:16:56Z,2.2,https://data.lime.bike/api/partners/v2/gbfs/vancouver_bc/gbfs.json,https://data.lime.bike/api/partners/v2/gbfs/vancouver_bc/free_bike_status,2026-07-05T09:16:54Z,2026-07-05T09:16:54Z
lime_vancouver,lime_vancouver_7c311391-c275-4724-a657-d9aa5a09e283,7c311391-c275-4724-a657-d9aa5a09e283,49.263388,-123.12061,2,FALSE,FALSE,25605,NA,1783242979,2026-07-05T09:16:56Z,2026-07-05T09:16:56Z,2026-07-05T09:16:56Z,2.2,https://data.lime.bike/api/partners/v2/gbfs/vancouver_bc/gbfs.json,https://data.lime.bike/api/partners/v2/gbfs/vancouver_bc/free_bike_status,2026-07-05T09:16:54Z,2026-07-05T09:16:54Z
lime_vancouver,lime_vancouver_96abbec8-7fd0-428d-a889-972ce32db7b1,96abbec8-7fd0-428d-a889-972ce32db7b1,49.281487,-123.137241,2,FALSE,FALSE,47073,NA,1783242979,2026-07-05T09:16:56Z,2026-07-05T09:16:56Z,2026-07-05T09:16:56Z,2.2,https://data.lime.bike/api/partners/v2/gbfs/vancouver_bc/gbfs.json,https://data.lime.bike/api/partners/v2/gbfs/vancouver_bc/free_bike_status,2026-07-05T09:16:54Z,2026-07-05T09:16:54Z
lime_vancouver,lime_vancouver_6ccf98e3-d1f2-4cd1-848c-f0b2742641a1,6ccf98e3-d1f2-4cd1-848c-f0b2742641a1,49.26225,-123.049682,2,FALSE,FALSE,45013,NA,1783242979,2026-07-05T09:16:56Z,2026-07-05T09:16:56Z,2026-07-05T09:16:56Z,2.2,https://data.lime.bike/api/partners/v2/gbfs/vancouver_bc/gbfs.json,https://data.lime.bike/api/partners/v2/gbfs/vancouver_bc/free_bike_status,2026-07-05T09:16:54Z,2026-07-05T09:16:54Z
lime_vancouver,lime_vancouver_000bd437-70dc-4748-83c0-c666a38fb2a7,000bd437-70dc-4748-83c0-c666a38fb2a7,49.263627,-123.131296,2,FALSE,FALSE,17365,NA,1783242979,2026-07-05T09:16:56Z,2026-07-05T09:16:56Z,2026-07-05T09:16:56Z,2.2,https://data.lime.bike/api/partners/v2/gbfs/vancouver_bc/gbfs.json,https://data.lime.bike/api/partners/v2/gbfs/vancouver_bc/free_bike_status,2026-07-05T09:16:54Z,2026-07-05T09:16:54Z
lime_vancouver,lime_vancouver_a8981809-f986-4e52-89bc-1e2f8149c358,a8981809-f986-4e52-89bc-1e2f8149c358,49.277283,-123.079717,2,FALSE,FALSE,40395,NA,1783242979,2026-07-05T09:16:56Z,2026-07-05T09:16:56Z,2026-07-05T09:16:56Z,2.2,https://data.lime.bike/api/partners/v2/gbfs/vancouver_bc/gbfs.json,https://data.lime.bike/api/partners/v2/gbfs/vancouver_bc/free_bike_status,2026-07-05T09:16:54Z,2026-07-05T09:16:54Z
lime_vancouver,lime_vancouver_6f433f42-167f-4478-8591-62e4869aef5e,6f433f42-167f-4478-8591-62e4869aef5e,49.240014,-123.074123,2,FALSE,FALSE,5246,NA,1783242979,2026-07-05T09:16:56Z,2026-07-05T09:16:56Z,2026-07-05T09:16:56Z,2.2,https://data.lime.bike/api/partners/v2/gbfs/vancouver_bc/gbfs.json,https://data.lime.bike/api/partners/v2/gbfs/vancouver_bc/free_bike_status,2026-07-05T09:16:54Z,2026-07-05T09:16:54Z
lime_vancouver,lime_vancouver_ca87131a-55ad-415d-bd70-017b300eae44,ca87131a-55ad-415d-bd70-017b300eae44,49.284995,-123.061658,2,FALSE,FALSE,7500,NA,1783242979,2026-07-05T09:16:56Z,2026-07-05T09:16:56Z,2026-07-05T09:16:56Z,2.2,https://data.lime.bike/api/partners/v2/gbfs/vancouver_bc/gbfs.json,https://data.lime.bike/api/partners/v2/gbfs/vancouver_bc/free_bike_status,2026-07-05T09:16:54Z,2026-07-05T09:16:54Z
lime_vancouver,lime_vancouver_5aa61be3-7223-482b-a19b-e25a32d1623c,5aa61be3-7223-482b-a19b-e25a32d1623c,49.271192,-123.155038,2,FALSE,FALSE,12601,NA,1783242979,2026-07-05T09:16:56Z,2026-07-05T09:16:56Z,2026-07-05T09:16:56Z,2.2,https://data.lime.bike/api/partners/v2/gbfs/vancouver_bc/gbfs.json,https://data.lime.bike/api/partners/v2/gbfs/vancouver_bc/free_bike_status,2026-07-05T09:16:54Z,2026-07-05T09:16:54Z
lime_vancouver,lime_vancouver_31c306c9-b158-461a-8a81-4f77a4a94b9e,31c306c9-b158-461a-8a81-4f77a4a94b9e,49.23994,-123.074197,2,FALSE,FALSE,28598,NA,1783242979,2026-07-05T09:16:56Z,2026-07-05T09:16:56Z,2026-07-05T09:16:56Z,2.2,https://data.lime.bike/api/partners/v2/gbfs/vancouver_bc/gbfs.json,https://data.lime.bike/api/partners/v2/gbfs/vancouver_bc/free_bike_status,2026-07-05T09:16:54Z,2026-07-05T09:16:54Z
lime_vancouver,lime_vancouver_a5a1d11e-6778-4b84-a1a6-38da29cac914,a5a1d11e-6778-4b84-a1a6-38da29cac914,49.269696,-123.061844,2,FALSE,FALSE,34166,NA,1783242979,2026-07-05T09:16:56Z,2026-07-05T09:16:56Z,2026-07-05T09:16:56Z,2.2,https://data.lime.bike/api/partners/v2/gbfs/vancouver_bc/gbfs.json,https://data.lime.bike/api/partners/v2/gbfs/vancouver_bc/free_bike_status,2026-07-05T09:16:54Z,2026-07-05T09:16:54Z
lime_vancouver,lime_vancouver_a98aee31-95a8-438e-986f-99b83587c38c,a98aee31-95a8-438e-986f-99b83587c38c,49.285491,-123.046786,2,FALSE,FALSE,4361,NA,1783242979,2026-07-05T09:16:56Z,2026-07-05T09:16:56Z,2026-07-05T09:16:56Z,2.2,https://data.lime.bike/api/partners/v2/gbfs/vancouver_bc/gbfs.json,https://data.lime.bike/api/partners/v2/gbfs/vancouver_bc/free_bike_status,2026-07-05T09:16:54Z,2026-07-05T09:16:54Z
lime_vancouver,lime_vancouver_da1d82c4-8a63-4287-bb91-a8bcad53cf1b,da1d82c4-8a63-4287-bb91-a8bcad53cf1b,49.235846,-123.055239,2,FALSE,FALSE,41425,NA,1783242979,2026-07-05T09:16:56Z,2026-07-05T09:16:56Z,2026-07-05T09:16:56Z,2.2,https://data.lime.bike/api/partners/v2/gbfs/vancouver_bc/gbfs.json,https://data.lime.bike/api/partners/v2/gbfs/vancouver_bc/free_bike_status,2026-07-05T09:16:54Z,2026-07-05T09:16:54Z
lime_vancouver,lime_vancouver_71e55ba8-1aca-408e-9bcd-2f5ef36223f9,71e55ba8-1aca-408e-9bcd-2f5ef36223f9,49.274066,-123.028669,2,FALSE,FALSE,9801,NA,1783242979,2026-07-05T09:16:56Z,2026-07-05T09:16:56Z,2026-07-05T09:16:56Z,2.2,https://data.lime.bike/api/partners/v2/gbfs/vancouver_bc/gbfs.json,https://data.lime.bike/api/partners/v2/gbfs/vancouver_bc/free_bike_status,2026-07-05T09:16:54Z,2026-07-05T09:16:54Z
lime_vancouver,lime_vancouver_6fb6313b-d47d-4d06-af0e-746f15301b54,6fb6313b-d47d-4d06-af0e-746f15301b54,49.254295,-123.068583,2,FALSE,FALSE,19280,NA,1783242979,2026-07-05T09:16:56Z,2026-07-05T09:16:56Z,2026-07-05T09:16:56Z,2.2,https://data.lime.bike/api/partners/v2/gbfs/vancouver_bc/gbfs.json,https://data.lime.bike/api/partners/v2/gbfs/vancouver_bc/free_bike_status,2026-07-05T09:16:54Z,2026-07-05T09:16:54Z
lime_vancouver,lime_vancouver_a4b51f81-dcb5-470f-b529-8bf0390943a2,a4b51f81-dcb5-470f-b529-8bf0390943a2,49.265579,-123.09668,2,FALSE,FALSE,3927,NA,1783242979,2026-07-05T09:16:56Z,2026-07-05T09:16:56Z,2026-07-05T09:16:56Z,2.2,https://data.lime.bike/api/partners/v2/gbfs/vancouver_bc/gbfs.json,https://data.lime.bike/api/partners/v2/gbfs/vancouver_bc/free_bike_status,2026-07-05T09:16:54Z,2026-07-05T09:16:54Z
lime_vancouver,lime_vancouver_b8d79a61-d5f8-4428-84bb-cbd105315f01,b8d79a61-d5f8-4428-84bb-cbd105315f01,49.274161,-123.125271,2,FALSE,FALSE,6132,NA,1783242979,2026-07-05T09:16:56Z,2026-07-05T09:16:56Z,2026-07-05T09:16:56Z,2.2,https://data.lime.bike/api/partners/v2/gbfs/vancouver_bc/gbfs.json,https://data.lime.bike/api/partners/v2/gbfs/vancouver_bc/free_bike_status,2026-07-05T09:16:54Z,2026-07-05T09:16:54Z
lime_vancouver,lime_vancouver_297d656e-8cd6-4664-9782-be7b7c7b903f,297d656e-8cd6-4664-9782-be7b7c7b903f,49.287836,-123.141768,2,FALSE,FALSE,4796,NA,1783242979,2026-07-05T09:16:56Z,2026-07-05T09:16:56Z,2026-07-05T09:16:56Z,2.2,https://data.lime.bike/api/partners/v2/gbfs/vancouver_bc/gbfs.json,https://data.lime.bike/api/partners/v2/gbfs/vancouver_bc/free_bike_status,2026-07-05T09:16:54Z,2026-07-05T09:16:54Z
lime_vancouver,lime_vancouver_f1236ce1-a8df-4025-908c-716e7e68ee28,f1236ce1-a8df-4025-908c-716e7e68ee28,49.264693,-123.148401,2,FALSE,FALSE,38833,NA,1783242979,2026-07-05T09:16:56Z,2026-07-05T09:16:56Z,2026-07-05T09:16:56Z,2.2,https://data.lime.bike/api/partners/v2/gbfs/vancouver_bc/gbfs.json,https://data.lime.bike/api/partners/v2/gbfs/vancouver_bc/free_bike_status,2026-07-05T09:16:54Z,2026-07-05T09:16:54Z
lime_vancouver,lime_vancouver_e07650c6-55c0-4672-abe5-00978645592b,e07650c6-55c0-4672-abe5-00978645592b,49.267532,-123.036202,2,FALSE,FALSE,27101,NA,1783242979,2026-07-05T09:16:56Z,2026-07-05T09:16:56Z,2026-07-05T09:16:56Z,2.2,https://data.lime.bike/api/partners/v2/gbfs/vancouver_bc/gbfs.json,https://data.lime.bike/api/partners/v2/gbfs/vancouver_bc/free_bike_status,2026-07-05T09:16:54Z,2026-07-05T09:16:54Z
lime_vancouver,lime_vancouver_2e124fdc-5c2e-4a24-9434-5254445cf22d,2e124fdc-5c2e-4a24-9434-5254445cf22d,49.266278,-123.140547,2,FALSE,FALSE,2639,NA,1783242979,2026-07-05T09:16:56Z,2026-07-05T09:16:56Z,2026-07-05T09:16:56Z,2.2,https://data.lime.bike/api/partners/v2/gbfs/vancouver_bc/gbfs.json,https://data.lime.bike/api/partners/v2/gbfs/vancouver_bc/free_bike_status,2026-07-05T09:16:54Z,2026-07-05T09:16:54Z
lime_vancouver,lime_vancouver_d6b350a4-93fd-45b7-8a81-a56e7c978fb3,d6b350a4-93fd-45b7-8a81-a56e7c978fb3,49.258356,-123.049968,2,FALSE,FALSE,33651,NA,1783242979,2026-07-05T09:16:56Z,2026-07-05T09:16:56Z,2026-07-05T09:16:56Z,2.2,https://data.lime.bike/api/partners/v2/gbfs/vancouver_bc/gbfs.json,https://data.lime.bike/api/partners/v2/gbfs/vancouver_bc/free_bike_status,2026-07-05T09:16:54Z,2026-07-05T09:16:54Z
lime_vancouver,lime_vancouver_37d6cbe6-b857-4db4-864e-e3d7c6c76325,37d6cbe6-b857-4db4-864e-e3d7c6c76325,49.272308,-123.033933,2,FALSE,FALSE,3058,NA,1783242979,2026-07-05T09:16:56Z,2026-07-05T09:16:56Z,2026-07-05T09:16:56Z,2.2,https://data.lime.bike/api/partners/v2/gbfs/vancouver_bc/gbfs.json,https://data.lime.bike/api/partners/v2/gbfs/vancouver_bc/free_bike_status,2026-07-05T09:16:54Z,2026-07-05T09:16:54Z
lime_vancouver,lime_vancouver_9a2fa463-d07b-47d0-8b6d-1b6209ddf170,9a2fa463-d07b-47d0-8b6d-1b6209ddf170,49.264483,-123.148318,2,FALSE,FALSE,44514,NA,1783242979,2026-07-05T09:16:56Z,2026-07-05T09:16:56Z,2026-07-05T09:16:56Z,2.2,https://data.lime.bike/api/partners/v2/gbfs/vancouver_bc/gbfs.json,https://data.lime.bike/api/partners/v2/gbfs/vancouver_bc/free_bike_status,2026-07-05T09:16:54Z,2026-07-05T09:16:54Z
lime_vancouver,lime_vancouver_ac422399-6fc6-4a1e-a01c-8f9348804bc4,ac422399-6fc6-4a1e-a01c-8f9348804bc4,49.265274,-123.1358,2,FALSE,FALSE,7950,NA,1783242979,2026-07-05T09:16:56Z,2026-07-05T09:16:56Z,2026-07-05T09:16:56Z,2.2,https://data.lime.bike/api/partners/v2/gbfs/vancouver_bc/gbfs.json,https://data.lime.bike/api/partners/v2/gbfs/vancouver_bc/free_bike_status,2026-07-05T09:16:54Z,2026-07-05T09:16:54Z
lime_vancouver,lime_vancouver_82b021c2-8ed9-47d6-9aef-6bac67ad8b90,82b021c2-8ed9-47d6-9aef-6bac67ad8b90,49.263797,-123.131021,2,FALSE,FALSE,7950,NA,1783242979,2026-07-05T09:16:56Z,2026-07-05T09:16:56Z,2026-07-05T09:16:56Z,2.2,https://data.lime.bike/api/partners/v2/gbfs/vancouver_bc/gbfs.json,https://data.lime.bike/api/partners/v2/gbfs/vancouver_bc/free_bike_status,2026-07-05T09:16:54Z,2026-07-05T09:16:54Z
lime_vancouver,lime_vancouver_8b0b6221-48f5-4c1e-bec6-75e08b9deefa,8b0b6221-48f5-4c1e-bec6-75e08b9deefa,49.248744,-123.039374,2,FALSE,FALSE,3927,NA,1783242979,2026-07-05T09:16:56Z,2026-07-05T09:16:56Z,2026-07-05T09:16:56Z,2.2,https://data.lime.bike/api/partners/v2/gbfs/vancouver_bc/gbfs.json,https://data.lime.bike/api/partners/v2/gbfs/vancouver_bc/free_bike_status,2026-07-05T09:16:54Z,2026-07-05T09:16:54Z
lime_vancouver,lime_vancouver_11f5eea5-36a8-4b83-a900-3c165220a7c3,11f5eea5-36a8-4b83-a900-3c165220a7c3,49.272299,-123.033932,2,FALSE,FALSE,9334,NA,1783242979,2026-07-05T09:16:56Z,2026-07-05T09:16:56Z,2026-07-05T09:16:56Z,2.2,https://data.lime.bike/api/partners/v2/gbfs/vancouver_bc/gbfs.json,https://data.lime.bike/api/partners/v2/gbfs/vancouver_bc/free_bike_status,2026-07-05T09:16:54Z,2026-07-05T09:16:54Z
lime_vancouver,lime_vancouver_103947c1-d483-4021-b505-16a943e972e8,103947c1-d483-4021-b505-16a943e972e8,49.282207,-123.092995,2,FALSE,FALSE,7500,NA,1783242979,2026-07-05T09:16:56Z,2026-07-05T09:16:56Z,2026-07-05T09:16:56Z,2.2,https://data.lime.bike/api/partners/v2/gbfs/vancouver_bc/gbfs.json,https://data.lime.bike/api/partners/v2/gbfs/vancouver_bc/free_bike_status,2026-07-05T09:16:54Z,2026-07-05T09:16:54Z
lime_vancouver,lime_vancouver_1597c9d5-9349-4c21-9486-fd8fae07cac3,1597c9d5-9349-4c21-9486-fd8fae07cac3,49.254533,-123.072835,2,FALSE,FALSE,10734,NA,1783242979,2026-07-05T09:16:56Z,2026-07-05T09:16:56Z,2026-07-05T09:16:56Z,2.2,https://data.lime.bike/api/partners/v2/gbfs/vancouver_bc/gbfs.json,https://data.lime.bike/api/partners/v2/gbfs/vancouver_bc/free_bike_status,2026-07-05T09:16:54Z,2026-07-05T09:16:54Z
lime_vancouver,lime_vancouver_966021fc-2d1c-45be-b884-c5296dd15cf3,966021fc-2d1c-45be-b884-c5296dd15cf3,49.275259,-123.133048,2,FALSE,FALSE,17832,NA,1783242979,2026-07-05T09:16:56Z,2026-07-05T09:16:56Z,2026-07-05T09:16:56Z,2.2,https://data.lime.bike/api/partners/v2/gbfs/vancouver_bc/gbfs.json,https://data.lime.bike/api/partners/v2/gbfs/vancouver_bc/free_bike_status,2026-07-05T09:16:54Z,2026-07-05T09:16:54Z
lime_vancouver,lime_vancouver_4cc7438d-024f-413d-9de7-2fbfd3fbb624,4cc7438d-024f-413d-9de7-2fbfd3fbb624,49.254518,-123.072883,2,FALSE,FALSE,27101,NA,1783242979,2026-07-05T09:16:56Z,2026-07-05T09:16:56Z,2026-07-05T09:16:56Z,2.2,https://data.lime.bike/api/partners/v2/gbfs/vancouver_bc/gbfs.json,https://data.lime.bike/api/partners/v2/gbfs/vancouver_bc/free_bike_status,2026-07-05T09:16:54Z,2026-07-05T09:16:54Z
lime_vancouver,lime_vancouver_d86c88c7-3945-4a4f-9f86-185ba318e360,d86c88c7-3945-4a4f-9f86-185ba318e360,49.263288,-123.089224,2,FALSE,FALSE,11201,NA,1783242979,2026-07-05T09:16:56Z,2026-07-05T09:16:56Z,2026-07-05T09:16:56Z,2.2,https://data.lime.bike/api/partners/v2/gbfs/vancouver_bc/gbfs.json,https://data.lime.bike/api/partners/v2/gbfs/vancouver_bc/free_bike_status,2026-07-05T09:16:54Z,2026-07-05T09:16:54Z
lime_vancouver,lime_vancouver_8ea3bb8c-42d8-4c52-8fbe-836c7ec72b7a,8ea3bb8c-42d8-4c52-8fbe-836c7ec72b7a,49.265272,-123.135573,2,FALSE,FALSE,19280,NA,1783242979,2026-07-05T09:16:56Z,2026-07-05T09:16:56Z,2026-07-05T09:16:56Z,2.2,https://data.lime.bike/api/partners/v2/gbfs/vancouver_bc/gbfs.json,https://data.lime.bike/api/partners/v2/gbfs/vancouver_bc/free_bike_status,2026-07-05T09:16:54Z,2026-07-05T09:16:54Z
lime_vancouver,lime_vancouver_495e39ef-1ebf-4633-8fd0-0fd5573914b8,495e39ef-1ebf-4633-8fd0-0fd5573914b8,49.265014,-123.057044,2,FALSE,FALSE,4796,NA,1783242979,2026-07-05T09:16:56Z,2026-07-05T09:16:56Z,2026-07-05T09:16:56Z,2.2,https://data.lime.bike/api/partners/v2/gbfs/vancouver_bc/gbfs.json,https://data.lime.bike/api/partners/v2/gbfs/vancouver_bc/free_bike_status,2026-07-05T09:16:54Z,2026-07-05T09:16:54Z
lime_vancouver,lime_vancouver_bf42ccdd-bceb-4945-95cb-62eac9432a90,bf42ccdd-bceb-4945-95cb-62eac9432a90,49.264762,-123.079526,2,FALSE,FALSE,4796,NA,1783242979,2026-07-05T09:16:56Z,2026-07-05T09:16:56Z,2026-07-05T09:16:56Z,2.2,https://data.lime.bike/api/partners/v2/gbfs/vancouver_bc/gbfs.json,https://data.lime.bike/api/partners/v2/gbfs/vancouver_bc/free_bike_status,2026-07-05T09:16:54Z,2026-07-05T09:16:54Z
lime_vancouver,lime_vancouver_6a7f84f8-1994-4d18-8d29-e529abe02e59,6a7f84f8-1994-4d18-8d29-e529abe02e59,49.262685,-123.146292,2,FALSE,FALSE,6132,NA,1783242979,2026-07-05T09:16:56Z,2026-07-05T09:16:56Z,2026-07-05T09:16:56Z,2.2,https://data.lime.bike/api/partners/v2/gbfs/vancouver_bc/gbfs.json,https://data.lime.bike/api/partners/v2/gbfs/vancouver_bc/free_bike_status,2026-07-05T09:16:54Z,2026-07-05T09:16:54Z
lime_vancouver,lime_vancouver_ea6302c8-5546-4034-aaf1-52eca7015a9a,ea6302c8-5546-4034-aaf1-52eca7015a9a,49.285016,-123.095167,2,FALSE,FALSE,14500,NA,1783242979,2026-07-05T09:16:56Z,2026-07-05T09:16:56Z,2026-07-05T09:16:56Z,2.2,https://data.lime.bike/api/partners/v2/gbfs/vancouver_bc/gbfs.json,https://data.lime.bike/api/partners/v2/gbfs/vancouver_bc/free_bike_status,2026-07-05T09:16:54Z,2026-07-05T09:16:54Z
lime_vancouver,lime_vancouver_94847558-fa0e-4934-8a6b-7eb34d58bf8a,94847558-fa0e-4934-8a6b-7eb34d58bf8a,49.269052,-123.104638,2,FALSE,FALSE,3492,NA,1783242979,2026-07-05T09:16:56Z,2026-07-05T09:16:56Z,2026-07-05T09:16:56Z,2.2,https://data.lime.bike/api/partners/v2/gbfs/vancouver_bc/gbfs.json,https://data.lime.bike/api/partners/v2/gbfs/vancouver_bc/free_bike_status,2026-07-05T09:16:54Z,2026-07-05T09:16:54Z
lime_vancouver,lime_vancouver_3e91a59a-ee02-4faa-b626-1038aee1a5e9,3e91a59a-ee02-4faa-b626-1038aee1a5e9,49.273871,-123.12508,2,FALSE,FALSE,46558,NA,1783242979,2026-07-05T09:16:56Z,2026-07-05T09:16:56Z,2026-07-05T09:16:56Z,2.2,https://data.lime.bike/api/partners/v2/gbfs/vancouver_bc/gbfs.json,https://data.lime.bike/api/partners/v2/gbfs/vancouver_bc/free_bike_status,2026-07-05T09:16:54Z,2026-07-05T09:16:54Z
lime_vancouver,lime_vancouver_e16a6f35-6c6c-4c23-b85f-1196b8ff993b,e16a6f35-6c6c-4c23-b85f-1196b8ff993b,49.27513,-123.132693,2,FALSE,FALSE,6582,NA,1783242979,2026-07-05T09:16:56Z,2026-07-05T09:16:56Z,2026-07-05T09:16:56Z,2.2,https://data.lime.bike/api/partners/v2/gbfs/vancouver_bc/gbfs.json,https://data.lime.bike/api/partners/v2/gbfs/vancouver_bc/free_bike_status,2026-07-05T09:16:54Z,2026-07-05T09:16:54Z
lime_vancouver,lime_vancouver_9a3dde51-4356-4bc4-be78-34a942ec08d6,9a3dde51-4356-4bc4-be78-34a942ec08d6,49.266718,-123.115735,2,FALSE,FALSE,3492,NA,1783242979,2026-07-05T09:16:56Z,2026-07-05T09:16:56Z,2026-07-05T09:16:56Z,2.2,https://data.lime.bike/api/partners/v2/gbfs/vancouver_bc/gbfs.json,https://data.lime.bike/api/partners/v2/gbfs/vancouver_bc/free_bike_status,2026-07-05T09:16:54Z,2026-07-05T09:16:54Z
lime_vancouver,lime_vancouver_17b2c083-aff6-4a80-97a8-4bad58f6330e,17b2c083-aff6-4a80-97a8-4bad58f6330e,49.26434,-123.081695,2,FALSE,FALSE,6582,NA,1783242979,2026-07-05T09:16:56Z,2026-07-05T09:16:56Z,2026-07-05T09:16:56Z,2.2,https://data.lime.bike/api/partners/v2/gbfs/vancouver_bc/gbfs.json,https://data.lime.bike/api/partners/v2/gbfs/vancouver_bc/free_bike_status,2026-07-05T09:16:54Z,2026-07-05T09:16:54Z
lime_vancouver,lime_vancouver_293dc505-b55f-4bee-85e9-aaace7a030a9,293dc505-b55f-4bee-85e9-aaace7a030a9,49.273861,-123.061619,2,FALSE,FALSE,5697,NA,1783242979,2026-07-05T09:16:56Z,2026-07-05T09:16:56Z,2026-07-05T09:16:56Z,2.2,https://data.lime.bike/api/partners/v2/gbfs/vancouver_bc/gbfs.json,https://data.lime.bike/api/partners/v2/gbfs/vancouver_bc/free_bike_status,2026-07-05T09:16:54Z,2026-07-05T09:16:54Z
lime_vancouver,lime_vancouver_2b142a9d-1836-4289-80f3-4cc87323d422,2b142a9d-1836-4289-80f3-4cc87323d422,49.265542,-123.143701,2,FALSE,FALSE,10268,NA,1783242979,2026-07-05T09:16:56Z,2026-07-05T09:16:56Z,2026-07-05T09:16:56Z,2.2,https://data.lime.bike/api/partners/v2/gbfs/vancouver_bc/gbfs.json,https://data.lime.bike/api/partners/v2/gbfs/vancouver_bc/free_bike_status,2026-07-05T09:16:54Z,2026-07-05T09:16:54Z
lime_vancouver,lime_vancouver_872c733a-f282-4ab4-8fb3-bca7843ac691,872c733a-f282-4ab4-8fb3-bca7843ac691,49.24976,-123.036509,2,FALSE,FALSE,32637,NA,1783242979,2026-07-05T09:16:56Z,2026-07-05T09:16:56Z,2026-07-05T09:16:56Z,2.2,https://data.lime.bike/api/partners/v2/gbfs/vancouver_bc/gbfs.json,https://data.lime.bike/api/partners/v2/gbfs/vancouver_bc/free_bike_status,2026-07-05T09:16:54Z,2026-07-05T09:16:54Z
lime_vancouver,lime_vancouver_2ddf4676-2b59-443a-abc1-95dd3043e656,2ddf4676-2b59-443a-abc1-95dd3043e656,49.286426,-123.140067,2,FALSE,FALSE,46558,NA,1783242979,2026-07-05T09:16:56Z,2026-07-05T09:16:56Z,2026-07-05T09:16:56Z,2.2,https://data.lime.bike/api/partners/v2/gbfs/vancouver_bc/gbfs.json,https://data.lime.bike/api/partners/v2/gbfs/vancouver_bc/free_bike_status,2026-07-05T09:16:54Z,2026-07-05T09:16:54Z
lime_vancouver,lime_vancouver_910f64e5-0985-40cb-a73d-121683d31567,910f64e5-0985-40cb-a73d-121683d31567,49.277636,-123.072841,2,FALSE,FALSE,10734,NA,1783242979,2026-07-05T09:16:56Z,2026-07-05T09:16:56Z,2026-07-05T09:16:56Z,2.2,https://data.lime.bike/api/partners/v2/gbfs/vancouver_bc/gbfs.json,https://data.lime.bike/api/partners/v2/gbfs/vancouver_bc/free_bike_status,2026-07-05T09:16:54Z,2026-07-05T09:16:54Z
lime_vancouver,lime_vancouver_1e3a5695-5cbf-4ab9-89a0-80d50d8f565c,1e3a5695-5cbf-4ab9-89a0-80d50d8f565c,49.243572,-123.073638,2,FALSE,FALSE,9801,NA,1783242979,2026-07-05T09:16:56Z,2026-07-05T09:16:56Z,2026-07-05T09:16:56Z,2.2,https://data.lime.bike/api/partners/v2/gbfs/vancouver_bc/gbfs.json,https://data.lime.bike/api/partners/v2/gbfs/vancouver_bc/free_bike_status,2026-07-05T09:16:54Z,2026-07-05T09:16:54Z
lime_vancouver,lime_vancouver_914097f2-7d1c-4c3e-b62f-257882b05ee1,914097f2-7d1c-4c3e-b62f-257882b05ee1,49.290787,-123.127746,2,FALSE,FALSE,6582,NA,1783242979,2026-07-05T09:16:56Z,2026-07-05T09:16:56Z,2026-07-05T09:16:56Z,2.2,https://data.lime.bike/api/partners/v2/gbfs/vancouver_bc/gbfs.json,https://data.lime.bike/api/partners/v2/gbfs/vancouver_bc/free_bike_status,2026-07-05T09:16:54Z,2026-07-05T09:16:54Z
lime_vancouver,lime_vancouver_7671648f-0486-42f8-88f4-fb9e890a448b,7671648f-0486-42f8-88f4-fb9e890a448b,49.265817,-123.041497,2,FALSE,FALSE,12134,NA,1783242979,2026-07-05T09:16:56Z,2026-07-05T09:16:56Z,2026-07-05T09:16:56Z,2.2,https://data.lime.bike/api/partners/v2/gbfs/vancouver_bc/gbfs.json,https://data.lime.bike/api/partners/v2/gbfs/vancouver_bc/free_bike_status,2026-07-05T09:16:54Z,2026-07-05T09:16:54Z
lime_vancouver,lime_vancouver_6b235420-4675-4652-a712-7d9c1a079dee,6b235420-4675-4652-a712-7d9c1a079dee,49.263115,-123.073534,2,FALSE,FALSE,3927,NA,1783242979,2026-07-05T09:16:56Z,2026-07-05T09:16:56Z,2026-07-05T09:16:56Z,2.2,https://data.lime.bike/api/partners/v2/gbfs/vancouver_bc/gbfs.json,https://data.lime.bike/api/partners/v2/gbfs/vancouver_bc/free_bike_status,2026-07-05T09:16:54Z,2026-07-05T09:16:54Z
lime_vancouver,lime_vancouver_cdb7421f-f0f9-4807-91df-692b132f4302,cdb7421f-f0f9-4807-91df-692b132f4302,49.271244,-123.049499,2,FALSE,FALSE,22660,NA,1783242979,2026-07-05T09:16:56Z,2026-07-05T09:16:56Z,2026-07-05T09:16:56Z,2.2,https://data.lime.bike/api/partners/v2/gbfs/vancouver_bc/gbfs.json,https://data.lime.bike/api/partners/v2/gbfs/vancouver_bc/free_bike_status,2026-07-05T09:16:54Z,2026-07-05T09:16:54Z
lime_vancouver,lime_vancouver_d8d407ae-480d-4bec-8420-95936a83515f,d8d407ae-480d-4bec-8420-95936a83515f,49.281401,-123.057844,2,FALSE,FALSE,32637,NA,1783242979,2026-07-05T09:16:56Z,2026-07-05T09:16:56Z,2026-07-05T09:16:56Z,2.2,https://data.lime.bike/api/partners/v2/gbfs/vancouver_bc/gbfs.json,https://data.lime.bike/api/partners/v2/gbfs/vancouver_bc/free_bike_status,2026-07-05T09:16:54Z,2026-07-05T09:16:54Z
lime_vancouver,lime_vancouver_6b4f5da7-5c86-49f3-87ad-e41ce625f4f2,6b4f5da7-5c86-49f3-87ad-e41ce625f4f2,49.270412,-123.147891,2,FALSE,FALSE,37787,NA,1783242979,2026-07-05T09:16:56Z,2026-07-05T09:16:56Z,2026-07-05T09:16:56Z,2.2,https://data.lime.bike/api/partners/v2/gbfs/vancouver_bc/gbfs.json,https://data.lime.bike/api/partners/v2/gbfs/vancouver_bc/free_bike_status,2026-07-05T09:16:54Z,2026-07-05T09:16:54Z
lime_vancouver,lime_vancouver_96e99518-0dce-421b-93e4-da7fff31eb05,96e99518-0dce-421b-93e4-da7fff31eb05,49.275003,-123.067671,2,FALSE,FALSE,3492,NA,1783242979,2026-07-05T09:16:56Z,2026-07-05T09:16:56Z,2026-07-05T09:16:56Z,2.2,https://data.lime.bike/api/partners/v2/gbfs/vancouver_bc/gbfs.json,https://data.lime.bike/api/partners/v2/gbfs/vancouver_bc/free_bike_status,2026-07-05T09:16:54Z,2026-07-05T09:16:54Z
lime_vancouver,lime_vancouver_b1b2a657-93e8-4877-8e85-b75bfca0ec42,b1b2a657-93e8-4877-8e85-b75bfca0ec42,49.254538,-123.072828,2,FALSE,FALSE,9801,NA,1783242979,2026-07-05T09:16:56Z,2026-07-05T09:16:56Z,2026-07-05T09:16:56Z,2.2,https://data.lime.bike/api/partners/v2/gbfs/vancouver_bc/gbfs.json,https://data.lime.bike/api/partners/v2/gbfs/vancouver_bc/free_bike_status,2026-07-05T09:16:54Z,2026-07-05T09:16:54Z
lime_vancouver,lime_vancouver_9422319d-ead1-4d85-a747-d8d5b9a73522,9422319d-ead1-4d85-a747-d8d5b9a73522,49.265116,-123.125887,2,FALSE,FALSE,20246,NA,1783242979,2026-07-05T09:16:56Z,2026-07-05T09:16:56Z,2026-07-05T09:16:56Z,2.2,https://data.lime.bike/api/partners/v2/gbfs/vancouver_bc/gbfs.json,https://data.lime.bike/api/partners/v2/gbfs/vancouver_bc/free_bike_status,2026-07-05T09:16:54Z,2026-07-05T09:16:54Z
lime_vancouver,lime_vancouver_89cf6d00-aab6-4863-8f45-cabc541d8f83,89cf6d00-aab6-4863-8f45-cabc541d8f83,49.264894,-123.079584,2,FALSE,FALSE,16882,NA,1783242979,2026-07-05T09:16:56Z,2026-07-05T09:16:56Z,2026-07-05T09:16:56Z,2.2,https://data.lime.bike/api/partners/v2/gbfs/vancouver_bc/gbfs.json,https://data.lime.bike/api/partners/v2/gbfs/vancouver_bc/free_bike_status,2026-07-05T09:16:54Z,2026-07-05T09:16:54Z
lime_vancouver,lime_vancouver_ef2025f7-6de8-485e-9555-d09846a08bbf,ef2025f7-6de8-485e-9555-d09846a08bbf,49.235936,-123.049153,2,FALSE,FALSE,40910,NA,1783242979,2026-07-05T09:16:56Z,2026-07-05T09:16:56Z,2026-07-05T09:16:56Z,2.2,https://data.lime.bike/api/partners/v2/gbfs/vancouver_bc/gbfs.json,https://data.lime.bike/api/partners/v2/gbfs/vancouver_bc/free_bike_status,2026-07-05T09:16:54Z,2026-07-05T09:16:54Z
lime_vancouver,lime_vancouver_5f0b6410-03ef-4274-a5ce-1d6772a547b1,5f0b6410-03ef-4274-a5ce-1d6772a547b1,49.266669,-123.109521,2,FALSE,FALSE,8884,NA,1783242979,2026-07-05T09:16:56Z,2026-07-05T09:16:56Z,2026-07-05T09:16:56Z,2.2,https://data.lime.bike/api/partners/v2/gbfs/vancouver_bc/gbfs.json,https://data.lime.bike/api/partners/v2/gbfs/vancouver_bc/free_bike_status,2026-07-05T09:16:54Z,2026-07-05T09:16:54Z
lime_vancouver,lime_vancouver_345a1fef-1ef1-45f8-8a59-b63c38ac7845,345a1fef-1ef1-45f8-8a59-b63c38ac7845,49.271808,-123.152573,2,FALSE,FALSE,28099,NA,1783242979,2026-07-05T09:16:56Z,2026-07-05T09:16:56Z,2026-07-05T09:16:56Z,2.2,https://data.lime.bike/api/partners/v2/gbfs/vancouver_bc/gbfs.json,https://data.lime.bike/api/partners/v2/gbfs/vancouver_bc/free_bike_status,2026-07-05T09:16:54Z,2026-07-05T09:16:54Z
lime_vancouver,lime_vancouver_d6e5ebce-47c8-4256-a766-6c3fe4bf2678,d6e5ebce-47c8-4256-a766-6c3fe4bf2678,49.266652,-123.115758,2,FALSE,FALSE,27101,NA,1783242979,2026-07-05T09:16:56Z,2026-07-05T09:16:56Z,2026-07-05T09:16:56Z,2.2,https://data.lime.bike/api/partners/v2/gbfs/vancouver_bc/gbfs.json,https://data.lime.bike/api/partners/v2/gbfs/vancouver_bc/free_bike_status,2026-07-05T09:16:54Z,2026-07-05T09:16:54Z
lime_vancouver,lime_vancouver_c5608a50-acaf-4746-bbf8-626dc9893070,c5608a50-acaf-4746-bbf8-626dc9893070,49.268472,-123.159825,2,FALSE,FALSE,22177,NA,1783242979,2026-07-05T09:16:56Z,2026-07-05T09:16:56Z,2026-07-05T09:16:56Z,2.2,https://data.lime.bike/api/partners/v2/gbfs/vancouver_bc/gbfs.json,https://data.lime.bike/api/partners/v2/gbfs/vancouver_bc/free_bike_status,2026-07-05T09:16:54Z,2026-07-05T09:16:54Z
lime_vancouver,lime_vancouver_c5fb1639-4e0d-46f8-a60f-bc397b2a07ef,c5fb1639-4e0d-46f8-a60f-bc397b2a07ef,49.265008,-123.056986,2,FALSE,FALSE,21211,NA,1783242979,2026-07-05T09:16:56Z,2026-07-05T09:16:56Z,2026-07-05T09:16:56Z,2.2,https://data.lime.bike/api/partners/v2/gbfs/vancouver_bc/gbfs.json,https://data.lime.bike/api/partners/v2/gbfs/vancouver_bc/free_bike_status,2026-07-05T09:16:54Z,2026-07-05T09:16:54Z
lime_vancouver,lime_vancouver_2352ae92-2258-43b3-8093-0f9423fc544b,2352ae92-2258-43b3-8093-0f9423fc544b,49.244799,-123.045967,2,FALSE,FALSE,9801,NA,1783242979,2026-07-05T09:16:56Z,2026-07-05T09:16:56Z,2026-07-05T09:16:56Z,2.2,https://data.lime.bike/api/partners/v2/gbfs/vancouver_bc/gbfs.json,https://data.lime.bike/api/partners/v2/gbfs/vancouver_bc/free_bike_status,2026-07-05T09:16:54Z,2026-07-05T09:16:54Z
lime_vancouver,lime_vancouver_6d642349-abfe-49f5-a4a9-9fd7c330ea9c,6d642349-abfe-49f5-a4a9-9fd7c330ea9c,49.258359,-123.049959,2,FALSE,FALSE,46043,NA,1783242979,2026-07-05T09:16:56Z,2026-07-05T09:16:56Z,2026-07-05T09:16:56Z,2.2,https://data.lime.bike/api/partners/v2/gbfs/vancouver_bc/gbfs.json,https://data.lime.bike/api/partners/v2/gbfs/vancouver_bc/free_bike_status,2026-07-05T09:16:54Z,2026-07-05T09:16:54Z
lime_vancouver,lime_vancouver_93155fcb-9191-43a5-9cd5-c0327e49f32d,93155fcb-9191-43a5-9cd5-c0327e49f32d,49.23748,-123.036245,2,FALSE,FALSE,41425,NA,1783242979,2026-07-05T09:16:56Z,2026-07-05T09:16:56Z,2026-07-05T09:16:56Z,2.2,https://data.lime.bike/api/partners/v2/gbfs/vancouver_bc/gbfs.json,https://data.lime.bike/api/partners/v2/gbfs/vancouver_bc/free_bike_status,2026-07-05T09:16:54Z,2026-07-05T09:16:54Z
lime_vancouver,lime_vancouver_288fee92-8699-4a86-b04c-ba59ab3c2ac3,288fee92-8699-4a86-b04c-ba59ab3c2ac3,49.284002,-123.132613,2,FALSE,FALSE,2237,NA,1783242979,2026-07-05T09:16:56Z,2026-07-05T09:16:56Z,2026-07-05T09:16:56Z,2.2,https://data.lime.bike/api/partners/v2/gbfs/vancouver_bc/gbfs.json,https://data.lime.bike/api/partners/v2/gbfs/vancouver_bc/free_bike_status,2026-07-05T09:16:54Z,2026-07-05T09:16:54Z
lime_vancouver,lime_vancouver_54d3f994-0a19-40c8-82ac-c29d765439d1,54d3f994-0a19-40c8-82ac-c29d765439d1,49.265254,-123.135646,2,FALSE,FALSE,27101,NA,1783242979,2026-07-05T09:16:56Z,2026-07-05T09:16:56Z,2026-07-05T09:16:56Z,2.2,https://data.lime.bike/api/partners/v2/gbfs/vancouver_bc/gbfs.json,https://data.lime.bike/api/partners/v2/gbfs/vancouver_bc/free_bike_status,2026-07-05T09:16:54Z,2026-07-05T09:16:54Z
lime_vancouver,lime_vancouver_54b63cb6-7733-4bcd-b6f5-32078d01a45d,54b63cb6-7733-4bcd-b6f5-32078d01a45d,49.254161,-123.039142,2,FALSE,FALSE,7049,NA,1783242979,2026-07-05T09:16:56Z,2026-07-05T09:16:56Z,2026-07-05T09:16:56Z,2.2,https://data.lime.bike/api/partners/v2/gbfs/vancouver_bc/gbfs.json,https://data.lime.bike/api/partners/v2/gbfs/vancouver_bc/free_bike_status,2026-07-05T09:16:54Z,2026-07-05T09:16:54Z
lime_vancouver,lime_vancouver_baf971d0-ac04-42e4-836b-f8fbca097e00,baf971d0-ac04-42e4-836b-f8fbca097e00,49.227559,-123.066162,2,FALSE,FALSE,30610,NA,1783242979,2026-07-05T09:16:56Z,2026-07-05T09:16:56Z,2026-07-05T09:16:56Z,2.2,https://data.lime.bike/api/partners/v2/gbfs/vancouver_bc/gbfs.json,https://data.lime.bike/api/partners/v2/gbfs/vancouver_bc/free_bike_status,2026-07-05T09:16:54Z,2026-07-05T09:16:54Z
lime_vancouver,lime_vancouver_ac9e72f1-9eb6-4b83-bb33-78835d8c6a0e,ac9e72f1-9eb6-4b83-bb33-78835d8c6a0e,49.281037,-123.134135,2,FALSE,FALSE,23641,NA,1783242979,2026-07-05T09:16:56Z,2026-07-05T09:16:56Z,2026-07-05T09:16:56Z,2.2,https://data.lime.bike/api/partners/v2/gbfs/vancouver_bc/gbfs.json,https://data.lime.bike/api/partners/v2/gbfs/vancouver_bc/free_bike_status,2026-07-05T09:16:54Z,2026-07-05T09:16:54Z
lime_vancouver,lime_vancouver_218017c9-3d24-4343-97ca-71c5f601d9ab,218017c9-3d24-4343-97ca-71c5f601d9ab,49.286342,-123.140443,2,FALSE,FALSE,8417,NA,1783242979,2026-07-05T09:16:56Z,2026-07-05T09:16:56Z,2026-07-05T09:16:56Z,2.2,https://data.lime.bike/api/partners/v2/gbfs/vancouver_bc/gbfs.json,https://data.lime.bike/api/partners/v2/gbfs/vancouver_bc/free_bike_status,2026-07-05T09:16:54Z,2026-07-05T09:16:54Z
lime_vancouver,lime_vancouver_ffa99b8a-8b6e-4019-a171-fa9db854ce22,ffa99b8a-8b6e-4019-a171-fa9db854ce22,49.287666,-123.057694,2,FALSE,FALSE,4361,NA,1783242979,2026-07-05T09:16:56Z,2026-07-05T09:16:56Z,2026-07-05T09:16:56Z,2.2,https://data.lime.bike/api/partners/v2/gbfs/vancouver_bc/gbfs.json,https://data.lime.bike/api/partners/v2/gbfs/vancouver_bc/free_bike_status,2026-07-05T09:16:54Z,2026-07-05T09:16:54Z
lime_vancouver,lime_vancouver_b137a029-7536-4628-b748-3ae49c9780db,b137a029-7536-4628-b748-3ae49c9780db,49.261532,-123.08839,2,FALSE,FALSE,31624,NA,1783242979,2026-07-05T09:16:56Z,2026-07-05T09:16:56Z,2026-07-05T09:16:56Z,2.2,https://data.lime.bike/api/partners/v2/gbfs/vancouver_bc/gbfs.json,https://data.lime.bike/api/partners/v2/gbfs/vancouver_bc/free_bike_status,2026-07-05T09:16:54Z,2026-07-05T09:16:54Z
lime_vancouver,lime_vancouver_81e57e53-373e-4cf3-b3c9-2952928394d6,81e57e53-373e-4cf3-b3c9-2952928394d6,49.27471,-123.056996,2,FALSE,FALSE,44514,NA,1783242979,2026-07-05T09:16:56Z,2026-07-05T09:16:56Z,2026-07-05T09:16:56Z,2.2,https://data.lime.bike/api/partners/v2/gbfs/vancouver_bc/gbfs.json,https://data.lime.bike/api/partners/v2/gbfs/vancouver_bc/free_bike_status,2026-07-05T09:16:54Z,2026-07-05T09:16:54Z
lime_vancouver,lime_vancouver_31304a54-64d7-4af4-8a09-afcbdae788b9,31304a54-64d7-4af4-8a09-afcbdae788b9,49.264629,-123.148422,2,FALSE,FALSE,45013,NA,1783242979,2026-07-05T09:16:56Z,2026-07-05T09:16:56Z,2026-07-05T09:16:56Z,2.2,https://data.lime.bike/api/partners/v2/gbfs/vancouver_bc/gbfs.json,https://data.lime.bike/api/partners/v2/gbfs/vancouver_bc/free_bike_status,2026-07-05T09:16:54Z,2026-07-05T09:16:54Z
lime_vancouver,lime_vancouver_399611f9-bdae-44c2-b9f0-826f5e64ff9d,399611f9-bdae-44c2-b9f0-826f5e64ff9d,49.271103,-123.155007,2,FALSE,FALSE,17832,NA,1783242979,2026-07-05T09:16:56Z,2026-07-05T09:16:56Z,2026-07-05T09:16:56Z,2.2,https://data.lime.bike/api/partners/v2/gbfs/vancouver_bc/gbfs.json,https://data.lime.bike/api/partners/v2/gbfs/vancouver_bc/free_bike_status,2026-07-05T09:16:54Z,2026-07-05T09:16:54Z
lime_vancouver,lime_vancouver_0c3a4f9c-a6d0-4e5c-822e-46e9bd958364,0c3a4f9c-a6d0-4e5c-822e-46e9bd958364,49.261474,-123.079675,2,FALSE,FALSE,45528,NA,1783242979,2026-07-05T09:16:56Z,2026-07-05T09:16:56Z,2026-07-05T09:16:56Z,2.2,https://data.lime.bike/api/partners/v2/gbfs/vancouver_bc/gbfs.json,https://data.lime.bike/api/partners/v2/gbfs/vancouver_bc/free_bike_status,2026-07-05T09:16:54Z,2026-07-05T09:16:54Z
lime_vancouver,lime_vancouver_f9337a76-ca2b-4ee8-aaed-2faca3fde696,f9337a76-ca2b-4ee8-aaed-2faca3fde696,49.278168,-123.11875,2,FALSE,FALSE,46558,NA,1783242979,2026-07-05T09:16:56Z,2026-07-05T09:16:56Z,2026-07-05T09:16:56Z,2.2,https://data.lime.bike/api/partners/v2/gbfs/vancouver_bc/gbfs.json,https://data.lime.bike/api/partners/v2/gbfs/vancouver_bc/free_bike_status,2026-07-05T09:16:54Z,2026-07-05T09:16:54Z
lime_vancouver,lime_vancouver_c3cce0c7-f873-40a3-9ded-699675737b71,c3cce0c7-f873-40a3-9ded-699675737b71,49.285011,-123.095214,2,FALSE,FALSE,20246,NA,1783242979,2026-07-05T09:16:56Z,2026-07-05T09:16:56Z,2026-07-05T09:16:56Z,2.2,https://data.lime.bike/api/partners/v2/gbfs/vancouver_bc/gbfs.json,https://data.lime.bike/api/partners/v2/gbfs/vancouver_bc/free_bike_status,2026-07-05T09:16:54Z,2026-07-05T09:16:54Z
lime_vancouver,lime_vancouver_5d4c3f8c-05aa-454d-a1ab-815060bbbbd0,5d4c3f8c-05aa-454d-a1ab-815060bbbbd0,49.28065,-123.025867,2,FALSE,FALSE,18314,NA,1783242979,2026-07-05T09:16:56Z,2026-07-05T09:16:56Z,2026-07-05T09:16:56Z,2.2,https://data.lime.bike/api/partners/v2/gbfs/vancouver_bc/gbfs.json,https://data.lime.bike/api/partners/v2/gbfs/vancouver_bc/free_bike_status,2026-07-05T09:16:54Z,2026-07-05T09:16:54Z
lime_vancouver,lime_vancouver_2ded63e6-debc-4688-82f0-929e2616e494,2ded63e6-debc-4688-82f0-929e2616e494,49.254657,-123.049611,2,FALSE,FALSE,7049,NA,1783242979,2026-07-05T09:16:56Z,2026-07-05T09:16:56Z,2026-07-05T09:16:56Z,2.2,https://data.lime.bike/api/partners/v2/gbfs/vancouver_bc/gbfs.json,https://data.lime.bike/api/partners/v2/gbfs/vancouver_bc/free_bike_status,2026-07-05T09:16:54Z,2026-07-05T09:16:54Z
lime_vancouver,lime_vancouver_d715ea9d-20bf-4c7e-898d-6b0e4483f17a,d715ea9d-20bf-4c7e-898d-6b0e4483f17a,49.287158,-123.124922,2,FALSE,FALSE,28598,NA,1783242979,2026-07-05T09:16:56Z,2026-07-05T09:16:56Z,2026-07-05T09:16:56Z,2.2,https://data.lime.bike/api/partners/v2/gbfs/vancouver_bc/gbfs.json,https://data.lime.bike/api/partners/v2/gbfs/vancouver_bc/free_bike_status,2026-07-05T09:16:54Z,2026-07-05T09:16:54Z
lime_vancouver,lime_vancouver_83bad489-7f75-4b8b-804d-0188dde6f958,83bad489-7f75-4b8b-804d-0188dde6f958,49.265274,-123.135642,2,FALSE,FALSE,45013,NA,1783242979,2026-07-05T09:16:56Z,2026-07-05T09:16:56Z,2026-07-05T09:16:56Z,2.2,https://data.lime.bike/api/partners/v2/gbfs/vancouver_bc/gbfs.json,https://data.lime.bike/api/partners/v2/gbfs/vancouver_bc/free_bike_status,2026-07-05T09:16:54Z,2026-07-05T09:16:54Z
lime_vancouver,lime_vancouver_f2e3d67c-61e5-4309-b0d3-ec7a543fe17f,f2e3d67c-61e5-4309-b0d3-ec7a543fe17f,49.265534,-123.143551,2,FALSE,FALSE,3492,NA,1783242979,2026-07-05T09:16:56Z,2026-07-05T09:16:56Z,2026-07-05T09:16:56Z,2.2,https://data.lime.bike/api/partners/v2/gbfs/vancouver_bc/gbfs.json,https://data.lime.bike/api/partners/v2/gbfs/vancouver_bc/free_bike_status,2026-07-05T09:16:54Z,2026-07-05T09:16:54Z
lime_vancouver,lime_vancouver_1f98a655-6daa-40b4-880c-9708c93675ab,1f98a655-6daa-40b4-880c-9708c93675ab,49.244782,-123.045925,2,FALSE,FALSE,15916,NA,1783242979,2026-07-05T09:16:56Z,2026-07-05T09:16:56Z,2026-07-05T09:16:56Z,2.2,https://data.lime.bike/api/partners/v2/gbfs/vancouver_bc/gbfs.json,https://data.lime.bike/api/partners/v2/gbfs/vancouver_bc/free_bike_status,2026-07-05T09:16:54Z,2026-07-05T09:16:54Z
lime_vancouver,lime_vancouver_59ad0660-a909-477f-894d-df9cfb92a0f7,59ad0660-a909-477f-894d-df9cfb92a0f7,49.250722,-123.083749,2,FALSE,FALSE,10268,NA,1783242979,2026-07-05T09:16:56Z,2026-07-05T09:16:56Z,2026-07-05T09:16:56Z,2.2,https://data.lime.bike/api/partners/v2/gbfs/vancouver_bc/gbfs.json,https://data.lime.bike/api/partners/v2/gbfs/vancouver_bc/free_bike_status,2026-07-05T09:16:54Z,2026-07-05T09:16:54Z
lime_vancouver,lime_vancouver_1ff8020e-39d0-4138-a69a-b4d8baa2f640,1ff8020e-39d0-4138-a69a-b4d8baa2f640,49.285762,-123.135163,2,FALSE,FALSE,3927,NA,1783242979,2026-07-05T09:16:56Z,2026-07-05T09:16:56Z,2026-07-05T09:16:56Z,2.2,https://data.lime.bike/api/partners/v2/gbfs/vancouver_bc/gbfs.json,https://data.lime.bike/api/partners/v2/gbfs/vancouver_bc/free_bike_status,2026-07-05T09:16:54Z,2026-07-05T09:16:54Z
lime_vancouver,lime_vancouver_fb462dc6-f7bd-4805-af12-b3cb706c03a0,fb462dc6-f7bd-4805-af12-b3cb706c03a0,49.287837,-123.141834,2,FALSE,FALSE,31624,NA,1783242979,2026-07-05T09:16:56Z,2026-07-05T09:16:56Z,2026-07-05T09:16:56Z,2.2,https://data.lime.bike/api/partners/v2/gbfs/vancouver_bc/gbfs.json,https://data.lime.bike/api/partners/v2/gbfs/vancouver_bc/free_bike_status,2026-07-05T09:16:54Z,2026-07-05T09:16:54Z
lime_vancouver,lime_vancouver_9c77b253-9268-4455-857f-247a5c8e75df,9c77b253-9268-4455-857f-247a5c8e75df,49.289788,-123.124054,2,FALSE,FALSE,2237,NA,1783242979,2026-07-05T09:16:56Z,2026-07-05T09:16:56Z,2026-07-05T09:16:56Z,2.2,https://data.lime.bike/api/partners/v2/gbfs/vancouver_bc/gbfs.json,https://data.lime.bike/api/partners/v2/gbfs/vancouver_bc/free_bike_status,2026-07-05T09:16:54Z,2026-07-05T09:16:54Z
lime_vancouver,lime_vancouver_ad571e8b-4d09-4284-b453-0cd04c1e4e5a,ad571e8b-4d09-4284-b453-0cd04c1e4e5a,49.266388,-123.148101,2,FALSE,FALSE,18797,NA,1783242979,2026-07-05T09:16:56Z,2026-07-05T09:16:56Z,2026-07-05T09:16:56Z,2.2,https://data.lime.bike/api/partners/v2/gbfs/vancouver_bc/gbfs.json,https://data.lime.bike/api/partners/v2/gbfs/vancouver_bc/free_bike_status,2026-07-05T09:16:54Z,2026-07-05T09:16:54Z
lime_vancouver,lime_vancouver_c3cb60bc-c5be-4541-a90b-9ebbf60ee25b,c3cb60bc-c5be-4541-a90b-9ebbf60ee25b,49.244481,-123.075971,2,FALSE,FALSE,35711,NA,1783242979,2026-07-05T09:16:56Z,2026-07-05T09:16:56Z,2026-07-05T09:16:56Z,2.2,https://data.lime.bike/api/partners/v2/gbfs/vancouver_bc/gbfs.json,https://data.lime.bike/api/partners/v2/gbfs/vancouver_bc/free_bike_status,2026-07-05T09:16:54Z,2026-07-05T09:16:54Z
lime_vancouver,lime_vancouver_77d4eedf-6271-43d5-a958-6e5e8e1e618e,77d4eedf-6271-43d5-a958-6e5e8e1e618e,49.285365,-123.131489,2,FALSE,FALSE,37272,NA,1783242979,2026-07-05T09:16:56Z,2026-07-05T09:16:56Z,2026-07-05T09:16:56Z,2.2,https://data.lime.bike/api/partners/v2/gbfs/vancouver_bc/gbfs.json,https://data.lime.bike/api/partners/v2/gbfs/vancouver_bc/free_bike_status,2026-07-05T09:16:54Z,2026-07-05T09:16:54Z
lime_vancouver,lime_vancouver_621e95eb-b204-447c-a7cc-5023d8c266ba,621e95eb-b204-447c-a7cc-5023d8c266ba,49.28405,-123.132513,2,FALSE,FALSE,28099,NA,1783242979,2026-07-05T09:16:56Z,2026-07-05T09:16:56Z,2026-07-05T09:16:56Z,2.2,https://data.lime.bike/api/partners/v2/gbfs/vancouver_bc/gbfs.json,https://data.lime.bike/api/partners/v2/gbfs/vancouver_bc/free_bike_status,2026-07-05T09:16:54Z,2026-07-05T09:16:54Z
lime_vancouver,lime_vancouver_21b77ef5-b404-4e7a-b2c6-4d8fd344ecf5,21b77ef5-b404-4e7a-b2c6-4d8fd344ecf5,49.263665,-123.157556,2,FALSE,FALSE,5246,NA,1783242979,2026-07-05T09:16:56Z,2026-07-05T09:16:56Z,2026-07-05T09:16:56Z,2.2,https://data.lime.bike/api/partners/v2/gbfs/vancouver_bc/gbfs.json,https://data.lime.bike/api/partners/v2/gbfs/vancouver_bc/free_bike_status,2026-07-05T09:16:54Z,2026-07-05T09:16:54Z
lime_vancouver,lime_vancouver_b20096e4-f2b7-4c4b-8032-30ab5e492fff,b20096e4-f2b7-4c4b-8032-30ab5e492fff,49.232889,-123.074212,2,FALSE,FALSE,23158,NA,1783242979,2026-07-05T09:16:56Z,2026-07-05T09:16:56Z,2026-07-05T09:16:56Z,2.2,https://data.lime.bike/api/partners/v2/gbfs/vancouver_bc/gbfs.json,https://data.lime.bike/api/partners/v2/gbfs/vancouver_bc/free_bike_status,2026-07-05T09:16:54Z,2026-07-05T09:16:54Z
lime_vancouver,lime_vancouver_149b4891-91cd-445a-8c59-fab6896e8fe0,149b4891-91cd-445a-8c59-fab6896e8fe0,49.256357,-123.044648,2,FALSE,FALSE,3927,NA,1783242979,2026-07-05T09:16:56Z,2026-07-05T09:16:56Z,2026-07-05T09:16:56Z,2.2,https://data.lime.bike/api/partners/v2/gbfs/vancouver_bc/gbfs.json,https://data.lime.bike/api/partners/v2/gbfs/vancouver_bc/free_bike_status,2026-07-05T09:16:54Z,2026-07-05T09:16:54Z
lime_vancouver,lime_vancouver_bca41c28-2439-467b-bab2-f64cb89d0b90,bca41c28-2439-467b-bab2-f64cb89d0b90,49.269049,-123.164455,2,FALSE,FALSE,18314,NA,1783242979,2026-07-05T09:16:56Z,2026-07-05T09:16:56Z,2026-07-05T09:16:56Z,2.2,https://data.lime.bike/api/partners/v2/gbfs/vancouver_bc/gbfs.json,https://data.lime.bike/api/partners/v2/gbfs/vancouver_bc/free_bike_status,2026-07-05T09:16:54Z,2026-07-05T09:16:54Z
lime_vancouver,lime_vancouver_4fe5d595-0338-4ce2-8ccb-5f34206d38e5,4fe5d595-0338-4ce2-8ccb-5f34206d38e5,49.254194,-123.03914,2,FALSE,FALSE,7500,NA,1783242979,2026-07-05T09:16:56Z,2026-07-05T09:16:56Z,2026-07-05T09:16:56Z,2.2,https://data.lime.bike/api/partners/v2/gbfs/vancouver_bc/gbfs.json,https://data.lime.bike/api/partners/v2/gbfs/vancouver_bc/free_bike_status,2026-07-05T09:16:54Z,2026-07-05T09:16:54Z
lime_vancouver,lime_vancouver_e6540e58-5e6f-4732-bda8-1dce692701c4,e6540e58-5e6f-4732-bda8-1dce692701c4,49.280972,-123.089435,2,FALSE,FALSE,37272,NA,1783242979,2026-07-05T09:16:56Z,2026-07-05T09:16:56Z,2026-07-05T09:16:56Z,2.2,https://data.lime.bike/api/partners/v2/gbfs/vancouver_bc/gbfs.json,https://data.lime.bike/api/partners/v2/gbfs/vancouver_bc/free_bike_status,2026-07-05T09:16:54Z,2026-07-05T09:16:54Z
lime_vancouver,lime_vancouver_478b1606-080f-4dd8-ac16-9b6dfeb4214c,478b1606-080f-4dd8-ac16-9b6dfeb4214c,49.263964,-123.104834,2,FALSE,FALSE,17365,NA,1783242979,2026-07-05T09:16:56Z,2026-07-05T09:16:56Z,2026-07-05T09:16:56Z,2.2,https://data.lime.bike/api/partners/v2/gbfs/vancouver_bc/gbfs.json,https://data.lime.bike/api/partners/v2/gbfs/vancouver_bc/free_bike_status,2026-07-05T09:16:54Z,2026-07-05T09:16:54Z
lime_vancouver,lime_vancouver_36981d4a-8414-431a-bfd2-72624e08b15f,36981d4a-8414-431a-bfd2-72624e08b15f,49.264606,-123.14841,2,FALSE,FALSE,46043,NA,1783242979,2026-07-05T09:16:56Z,2026-07-05T09:16:56Z,2026-07-05T09:16:56Z,2.2,https://data.lime.bike/api/partners/v2/gbfs/vancouver_bc/gbfs.json,https://data.lime.bike/api/partners/v2/gbfs/vancouver_bc/free_bike_status,2026-07-05T09:16:54Z,2026-07-05T09:16:54Z
lime_vancouver,lime_vancouver_41c5fff0-0426-45c3-a383-048d6b8c86aa,41c5fff0-0426-45c3-a383-048d6b8c86aa,49.266908,-123.143359,2,FALSE,FALSE,25605,NA,1783242979,2026-07-05T09:16:56Z,2026-07-05T09:16:56Z,2026-07-05T09:16:56Z,2.2,https://data.lime.bike/api/partners/v2/gbfs/vancouver_bc/gbfs.json,https://data.lime.bike/api/partners/v2/gbfs/vancouver_bc/free_bike_status,2026-07-05T09:16:54Z,2026-07-05T09:16:54Z
lime_vancouver,lime_vancouver_998316a6-1097-4838-a80c-ecf99b99f8df,998316a6-1097-4838-a80c-ecf99b99f8df,49.286742,-123.029621,2,FALSE,FALSE,23158,NA,1783242979,2026-07-05T09:16:56Z,2026-07-05T09:16:56Z,2026-07-05T09:16:56Z,2.2,https://data.lime.bike/api/partners/v2/gbfs/vancouver_bc/gbfs.json,https://data.lime.bike/api/partners/v2/gbfs/vancouver_bc/free_bike_status,2026-07-05T09:16:54Z,2026-07-05T09:16:54Z
lime_vancouver,lime_vancouver_d6df133d-8ad4-4683-8bc4-0066bb81d543,d6df133d-8ad4-4683-8bc4-0066bb81d543,49.259297,-123.045311,2,FALSE,FALSE,24124,NA,1783242979,2026-07-05T09:16:56Z,2026-07-05T09:16:56Z,2026-07-05T09:16:56Z,2.2,https://data.lime.bike/api/partners/v2/gbfs/vancouver_bc/gbfs.json,https://data.lime.bike/api/partners/v2/gbfs/vancouver_bc/free_bike_status,2026-07-05T09:16:54Z,2026-07-05T09:16:54Z
lime_vancouver,lime_vancouver_11ed1e12-d079-4f1d-8b88-21d3e8ca6e1b,11ed1e12-d079-4f1d-8b88-21d3e8ca6e1b,49.285439,-123.128008,2,FALSE,FALSE,27600,NA,1783242979,2026-07-05T09:16:56Z,2026-07-05T09:16:56Z,2026-07-05T09:16:56Z,2.2,https://data.lime.bike/api/partners/v2/gbfs/vancouver_bc/gbfs.json,https://data.lime.bike/api/partners/v2/gbfs/vancouver_bc/free_bike_status,2026-07-05T09:16:54Z,2026-07-05T09:16:54Z
lime_vancouver,lime_vancouver_4e928e6c-f55a-4198-8f88-d33065f6b019,4e928e6c-f55a-4198-8f88-d33065f6b019,49.286743,-123.029634,2,FALSE,FALSE,46043,NA,1783242979,2026-07-05T09:16:56Z,2026-07-05T09:16:56Z,2026-07-05T09:16:56Z,2.2,https://data.lime.bike/api/partners/v2/gbfs/vancouver_bc/gbfs.json,https://data.lime.bike/api/partners/v2/gbfs/vancouver_bc/free_bike_status,2026-07-05T09:16:54Z,2026-07-05T09:16:54Z
lime_vancouver,lime_vancouver_1f5522ac-3660-40a1-89a3-7666c7736d3e,1f5522ac-3660-40a1-89a3-7666c7736d3e,49.263234,-123.089246,2,FALSE,FALSE,40395,NA,1783242979,2026-07-05T09:16:56Z,2026-07-05T09:16:56Z,2026-07-05T09:16:56Z,2.2,https://data.lime.bike/api/partners/v2/gbfs/vancouver_bc/gbfs.json,https://data.lime.bike/api/partners/v2/gbfs/vancouver_bc/free_bike_status,2026-07-05T09:16:54Z,2026-07-05T09:16:54Z
lime_vancouver,lime_vancouver_befc71b5-9d04-407b-88fb-ab9375bf79a6,befc71b5-9d04-407b-88fb-ab9375bf79a6,49.266945,-123.143381,2,FALSE,FALSE,10268,NA,1783242979,2026-07-05T09:16:56Z,2026-07-05T09:16:56Z,2026-07-05T09:16:56Z,2.2,https://data.lime.bike/api/partners/v2/gbfs/vancouver_bc/gbfs.json,https://data.lime.bike/api/partners/v2/gbfs/vancouver_bc/free_bike_status,2026-07-05T09:16:54Z,2026-07-05T09:16:54Z
lime_vancouver,lime_vancouver_0c5fc9f7-0dbe-49df-b82a-3bb5d1f45f41,0c5fc9f7-0dbe-49df-b82a-3bb5d1f45f41,49.2622,-123.111218,2,FALSE,FALSE,4361,NA,1783242979,2026-07-05T09:16:56Z,2026-07-05T09:16:56Z,2026-07-05T09:16:56Z,2.2,https://data.lime.bike/api/partners/v2/gbfs/vancouver_bc/gbfs.json,https://data.lime.bike/api/partners/v2/gbfs/vancouver_bc/free_bike_status,2026-07-05T09:16:54Z,2026-07-05T09:16:54Z
lime_vancouver,lime_vancouver_89d181bd-90ce-4704-80e8-70e49c12c4eb,89d181bd-90ce-4704-80e8-70e49c12c4eb,49.264662,-123.148283,2,FALSE,FALSE,39348,NA,1783242979,2026-07-05T09:16:56Z,2026-07-05T09:16:56Z,2026-07-05T09:16:56Z,2.2,https://data.lime.bike/api/partners/v2/gbfs/vancouver_bc/gbfs.json,https://data.lime.bike/api/partners/v2/gbfs/vancouver_bc/free_bike_status,2026-07-05T09:16:54Z,2026-07-05T09:16:54Z
lime_vancouver,lime_vancouver_1b6634b5-d9dd-4208-ad38-970067af725f,1b6634b5-d9dd-4208-ad38-970067af725f,49.271834,-123.164726,2,FALSE,FALSE,23158,NA,1783242979,2026-07-05T09:16:56Z,2026-07-05T09:16:56Z,2026-07-05T09:16:56Z,2.2,https://data.lime.bike/api/partners/v2/gbfs/vancouver_bc/gbfs.json,https://data.lime.bike/api/partners/v2/gbfs/vancouver_bc/free_bike_status,2026-07-05T09:16:54Z,2026-07-05T09:16:54Z
lime_vancouver,lime_vancouver_685e59dd-0460-4d36-a96b-0dd3181c0e70,685e59dd-0460-4d36-a96b-0dd3181c0e70,49.249823,-123.036511,2,FALSE,FALSE,4361,NA,1783242979,2026-07-05T09:16:56Z,2026-07-05T09:16:56Z,2026-07-05T09:16:56Z,2.2,https://data.lime.bike/api/partners/v2/gbfs/vancouver_bc/gbfs.json,https://data.lime.bike/api/partners/v2/gbfs/vancouver_bc/free_bike_status,2026-07-05T09:16:54Z,2026-07-05T09:16:54Z
lime_vancouver,lime_vancouver_d16f0419-47fb-4971-92ba-925bc7eaa0bf,d16f0419-47fb-4971-92ba-925bc7eaa0bf,49.258771,-123.057151,2,FALSE,FALSE,43484,NA,1783242979,2026-07-05T09:16:56Z,2026-07-05T09:16:56Z,2026-07-05T09:16:56Z,2.2,https://data.lime.bike/api/partners/v2/gbfs/vancouver_bc/gbfs.json,https://data.lime.bike/api/partners/v2/gbfs/vancouver_bc/free_bike_status,2026-07-05T09:16:54Z,2026-07-05T09:16:54Z
lime_vancouver,lime_vancouver_71b5a2e0-5866-4857-95e4-b122f53c4c82,71b5a2e0-5866-4857-95e4-b122f53c4c82,49.282787,-123.105185,2,FALSE,FALSE,31125,NA,1783242979,2026-07-05T09:16:56Z,2026-07-05T09:16:56Z,2026-07-05T09:16:56Z,2.2,https://data.lime.bike/api/partners/v2/gbfs/vancouver_bc/gbfs.json,https://data.lime.bike/api/partners/v2/gbfs/vancouver_bc/free_bike_status,2026-07-05T09:16:54Z,2026-07-05T09:16:54Z
lime_vancouver,lime_vancouver_f0c47022-9ed2-4b4c-962a-afb942da1093,f0c47022-9ed2-4b4c-962a-afb942da1093,49.266868,-123.049585,2,FALSE,FALSE,43999,NA,1783242979,2026-07-05T09:16:56Z,2026-07-05T09:16:56Z,2026-07-05T09:16:56Z,2.2,https://data.lime.bike/api/partners/v2/gbfs/vancouver_bc/gbfs.json,https://data.lime.bike/api/partners/v2/gbfs/vancouver_bc/free_bike_status,2026-07-05T09:16:54Z,2026-07-05T09:16:54Z
lime_vancouver,lime_vancouver_1afcaecf-8caf-4a94-a0d4-2cb4febae974,1afcaecf-8caf-4a94-a0d4-2cb4febae974,49.254588,-123.049679,2,FALSE,FALSE,43999,NA,1783242979,2026-07-05T09:16:56Z,2026-07-05T09:16:56Z,2026-07-05T09:16:56Z,2.2,https://data.lime.bike/api/partners/v2/gbfs/vancouver_bc/gbfs.json,https://data.lime.bike/api/partners/v2/gbfs/vancouver_bc/free_bike_status,2026-07-05T09:16:54Z,2026-07-05T09:16:54Z
lime_vancouver,lime_vancouver_613727b7-450d-4628-a7ee-e90fb402038a,613727b7-450d-4628-a7ee-e90fb402038a,49.26273,-123.146266,2,FALSE,FALSE,28099,NA,1783242979,2026-07-05T09:16:56Z,2026-07-05T09:16:56Z,2026-07-05T09:16:56Z,2.2,https://data.lime.bike/api/partners/v2/gbfs/vancouver_bc/gbfs.json,https://data.lime.bike/api/partners/v2/gbfs/vancouver_bc/free_bike_status,2026-07-05T09:16:54Z,2026-07-05T09:16:54Z
lime_vancouver,lime_vancouver_68f461e5-a460-4da3-bc9f-80e9ddab2be8,68f461e5-a460-4da3-bc9f-80e9ddab2be8,49.26207,-123.102057,2,FALSE,FALSE,23158,NA,1783242979,2026-07-05T09:16:56Z,2026-07-05T09:16:56Z,2026-07-05T09:16:56Z,2.2,https://data.lime.bike/api/partners/v2/gbfs/vancouver_bc/gbfs.json,https://data.lime.bike/api/partners/v2/gbfs/vancouver_bc/free_bike_status,2026-07-05T09:16:54Z,2026-07-05T09:16:54Z
lime_vancouver,lime_vancouver_688b6dd7-7e03-4180-89d3-014c70f1388f,688b6dd7-7e03-4180-89d3-014c70f1388f,49.280238,-123.036607,2,FALSE,FALSE,24623,NA,1783242979,2026-07-05T09:16:56Z,2026-07-05T09:16:56Z,2026-07-05T09:16:56Z,2.2,https://data.lime.bike/api/partners/v2/gbfs/vancouver_bc/gbfs.json,https://data.lime.bike/api/partners/v2/gbfs/vancouver_bc/free_bike_status,2026-07-05T09:16:54Z,2026-07-05T09:16:54Z
lime_vancouver,lime_vancouver_e7b7e2dc-1e8a-4003-ad73-a8985d5f9e29,e7b7e2dc-1e8a-4003-ad73-a8985d5f9e29,49.290996,-123.12772,2,FALSE,FALSE,7500,NA,1783242979,2026-07-05T09:16:56Z,2026-07-05T09:16:56Z,2026-07-05T09:16:56Z,2.2,https://data.lime.bike/api/partners/v2/gbfs/vancouver_bc/gbfs.json,https://data.lime.bike/api/partners/v2/gbfs/vancouver_bc/free_bike_status,2026-07-05T09:16:54Z,2026-07-05T09:16:54Z
lime_vancouver,lime_vancouver_775faefa-1e06-484f-9fe7-b185bd09ebef,775faefa-1e06-484f-9fe7-b185bd09ebef,49.282866,-123.134484,2,FALSE,FALSE,22660,NA,1783242979,2026-07-05T09:16:56Z,2026-07-05T09:16:56Z,2026-07-05T09:16:56Z,2.2,https://data.lime.bike/api/partners/v2/gbfs/vancouver_bc/gbfs.json,https://data.lime.bike/api/partners/v2/gbfs/vancouver_bc/free_bike_status,2026-07-05T09:16:54Z,2026-07-05T09:16:54Z
lime_vancouver,lime_vancouver_5f099c46-74ae-4344-9499-37b1f19807ee,5f099c46-74ae-4344-9499-37b1f19807ee,49.279498,-123.068364,2,FALSE,FALSE,7500,NA,1783242979,2026-07-05T09:16:56Z,2026-07-05T09:16:56Z,2026-07-05T09:16:56Z,2.2,https://data.lime.bike/api/partners/v2/gbfs/vancouver_bc/gbfs.json,https://data.lime.bike/api/partners/v2/gbfs/vancouver_bc/free_bike_status,2026-07-05T09:16:54Z,2026-07-05T09:16:54Z
lime_vancouver,lime_vancouver_d5927c7c-c816-4b82-be92-7f4c7014ab27,d5927c7c-c816-4b82-be92-7f4c7014ab27,49.285009,-123.06157,2,FALSE,FALSE,17365,NA,1783242979,2026-07-05T09:16:56Z,2026-07-05T09:16:56Z,2026-07-05T09:16:56Z,2.2,https://data.lime.bike/api/partners/v2/gbfs/vancouver_bc/gbfs.json,https://data.lime.bike/api/partners/v2/gbfs/vancouver_bc/free_bike_status,2026-07-05T09:16:54Z,2026-07-05T09:16:54Z
lime_vancouver,lime_vancouver_1efdf704-cd27-4a8b-ba3a-36bbe7f9bce3,1efdf704-cd27-4a8b-ba3a-36bbe7f9bce3,49.282823,-123.134685,2,FALSE,FALSE,30610,NA,1783242979,2026-07-05T09:16:56Z,2026-07-05T09:16:56Z,2026-07-05T09:16:56Z,2.2,https://data.lime.bike/api/partners/v2/gbfs/vancouver_bc/gbfs.json,https://data.lime.bike/api/partners/v2/gbfs/vancouver_bc/free_bike_status,2026-07-05T09:16:54Z,2026-07-05T09:16:54Z
lime_vancouver,lime_vancouver_a0eb7bf4-10ff-49bf-a597-2b2245b22945,a0eb7bf4-10ff-49bf-a597-2b2245b22945,49.244837,-123.052137,2,FALSE,FALSE,46558,NA,1783242979,2026-07-05T09:16:56Z,2026-07-05T09:16:56Z,2026-07-05T09:16:56Z,2.2,https://data.lime.bike/api/partners/v2/gbfs/vancouver_bc/gbfs.json,https://data.lime.bike/api/partners/v2/gbfs/vancouver_bc/free_bike_status,2026-07-05T09:16:54Z,2026-07-05T09:16:54Z
lime_vancouver,lime_vancouver_6118479a-70fa-4a82-89a2-212aa5fd4651,6118479a-70fa-4a82-89a2-212aa5fd4651,49.282284,-123.061666,2,FALSE,FALSE,3492,NA,1783242979,2026-07-05T09:16:56Z,2026-07-05T09:16:56Z,2026-07-05T09:16:56Z,2.2,https://data.lime.bike/api/partners/v2/gbfs/vancouver_bc/gbfs.json,https://data.lime.bike/api/partners/v2/gbfs/vancouver_bc/free_bike_status,2026-07-05T09:16:54Z,2026-07-05T09:16:54Z
lime_vancouver,lime_vancouver_3dedd14b-e5c6-4d1a-801a-1190c01b8340,3dedd14b-e5c6-4d1a-801a-1190c01b8340,49.231063,-123.032522,2,FALSE,FALSE,31624,NA,1783242979,2026-07-05T09:16:56Z,2026-07-05T09:16:56Z,2026-07-05T09:16:56Z,2.2,https://data.lime.bike/api/partners/v2/gbfs/vancouver_bc/gbfs.json,https://data.lime.bike/api/partners/v2/gbfs/vancouver_bc/free_bike_status,2026-07-05T09:16:54Z,2026-07-05T09:16:54Z
lime_vancouver,lime_vancouver_7b60ade4-2baa-4ab3-891f-9275cff96bf2,7b60ade4-2baa-4ab3-891f-9275cff96bf2,49.274075,-123.028668,2,FALSE,FALSE,45528,NA,1783242979,2026-07-05T09:16:56Z,2026-07-05T09:16:56Z,2026-07-05T09:16:56Z,2.2,https://data.lime.bike/api/partners/v2/gbfs/vancouver_bc/gbfs.json,https://data.lime.bike/api/partners/v2/gbfs/vancouver_bc/free_bike_status,2026-07-05T09:16:54Z,2026-07-05T09:16:54Z
lime_vancouver,lime_vancouver_714e33d6-ef74-49c3-bcf5-f88253e36b45,714e33d6-ef74-49c3-bcf5-f88253e36b45,49.283058,-123.106639,2,FALSE,FALSE,45528,NA,1783242979,2026-07-05T09:16:56Z,2026-07-05T09:16:56Z,2026-07-05T09:16:56Z,2.2,https://data.lime.bike/api/partners/v2/gbfs/vancouver_bc/gbfs.json,https://data.lime.bike/api/partners/v2/gbfs/vancouver_bc/free_bike_status,2026-07-05T09:16:54Z,2026-07-05T09:16:54Z
lime_vancouver,lime_vancouver_924ed454-37aa-489c-a325-6914023da6c3,924ed454-37aa-489c-a325-6914023da6c3,49.25456,-123.072847,2,FALSE,FALSE,37787,NA,1783242979,2026-07-05T09:16:56Z,2026-07-05T09:16:56Z,2026-07-05T09:16:56Z,2.2,https://data.lime.bike/api/partners/v2/gbfs/vancouver_bc/gbfs.json,https://data.lime.bike/api/partners/v2/gbfs/vancouver_bc/free_bike_status,2026-07-05T09:16:54Z,2026-07-05T09:16:54Z
lime_vancouver,lime_vancouver_84d75e48-d575-4ed2-aa5f-0a243ede4873,84d75e48-d575-4ed2-aa5f-0a243ede4873,49.27393,-123.120875,2,FALSE,FALSE,44514,NA,1783242979,2026-07-05T09:16:56Z,2026-07-05T09:16:56Z,2026-07-05T09:16:56Z,2.2,https://data.lime.bike/api/partners/v2/gbfs/vancouver_bc/gbfs.json,https://data.lime.bike/api/partners/v2/gbfs/vancouver_bc/free_bike_status,2026-07-05T09:16:54Z,2026-07-05T09:16:54Z
lime_vancouver,lime_vancouver_248df128-2a6d-4fa1-8782-8654c8716767,248df128-2a6d-4fa1-8782-8654c8716767,49.263687,-123.157611,2,FALSE,FALSE,15916,NA,1783242979,2026-07-05T09:16:56Z,2026-07-05T09:16:56Z,2026-07-05T09:16:56Z,2.2,https://data.lime.bike/api/partners/v2/gbfs/vancouver_bc/gbfs.json,https://data.lime.bike/api/partners/v2/gbfs/vancouver_bc/free_bike_status,2026-07-05T09:16:54Z,2026-07-05T09:16:54Z
lime_vancouver,lime_vancouver_acf96d84-cbdb-4e21-b40b-b05c8473098d,acf96d84-cbdb-4e21-b40b-b05c8473098d,49.266699,-123.115756,2,FALSE,FALSE,8884,NA,1783242979,2026-07-05T09:16:56Z,2026-07-05T09:16:56Z,2026-07-05T09:16:56Z,2.2,https://data.lime.bike/api/partners/v2/gbfs/vancouver_bc/gbfs.json,https://data.lime.bike/api/partners/v2/gbfs/vancouver_bc/free_bike_status,2026-07-05T09:16:54Z,2026-07-05T09:16:54Z
lime_vancouver,lime_vancouver_a841f6bc-5bf3-45d2-b6d9-7160ae26fee8,a841f6bc-5bf3-45d2-b6d9-7160ae26fee8,49.266725,-123.115635,2,FALSE,FALSE,2237,NA,1783242979,2026-07-05T09:16:56Z,2026-07-05T09:16:56Z,2026-07-05T09:16:56Z,2.2,https://data.lime.bike/api/partners/v2/gbfs/vancouver_bc/gbfs.json,https://data.lime.bike/api/partners/v2/gbfs/vancouver_bc/free_bike_status,2026-07-05T09:16:54Z,2026-07-05T09:16:54Z
lime_vancouver,lime_vancouver_bac673c9-1b96-40e3-a17c-0524eca5f2ba,bac673c9-1b96-40e3-a17c-0524eca5f2ba,49.254573,-123.072807,2,FALSE,FALSE,7500,NA,1783242979,2026-07-05T09:16:56Z,2026-07-05T09:16:56Z,2026-07-05T09:16:56Z,2.2,https://data.lime.bike/api/partners/v2/gbfs/vancouver_bc/gbfs.json,https://data.lime.bike/api/partners/v2/gbfs/vancouver_bc/free_bike_status,2026-07-05T09:16:54Z,2026-07-05T09:16:54Z
lime_vancouver,lime_vancouver_08bb9cb2-d9bd-4b0d-bf5e-4d5dd092c1e4,08bb9cb2-d9bd-4b0d-bf5e-4d5dd092c1e4,49.277671,-123.073021,2,FALSE,FALSE,8884,NA,1783242979,2026-07-05T09:16:56Z,2026-07-05T09:16:56Z,2026-07-05T09:16:56Z,2.2,https://data.lime.bike/api/partners/v2/gbfs/vancouver_bc/gbfs.json,https://data.lime.bike/api/partners/v2/gbfs/vancouver_bc/free_bike_status,2026-07-05T09:16:54Z,2026-07-05T09:16:54Z
lime_vancouver,lime_vancouver_a9b302a3-606f-412b-88d4-6c5848cab3a9,a9b302a3-606f-412b-88d4-6c5848cab3a9,49.259941,-123.083324,2,FALSE,FALSE,26602,NA,1783242979,2026-07-05T09:16:56Z,2026-07-05T09:16:56Z,2026-07-05T09:16:56Z,2.2,https://data.lime.bike/api/partners/v2/gbfs/vancouver_bc/gbfs.json,https://data.lime.bike/api/partners/v2/gbfs/vancouver_bc/free_bike_status,2026-07-05T09:16:54Z,2026-07-05T09:16:54Z
lime_vancouver,lime_vancouver_3eb5ddab-edca-420e-bda5-a4a847542d55,3eb5ddab-edca-420e-bda5-a4a847542d55,49.289989,-123.130906,2,FALSE,FALSE,33651,NA,1783242979,2026-07-05T09:16:56Z,2026-07-05T09:16:56Z,2026-07-05T09:16:56Z,2.2,https://data.lime.bike/api/partners/v2/gbfs/vancouver_bc/gbfs.json,https://data.lime.bike/api/partners/v2/gbfs/vancouver_bc/free_bike_status,2026-07-05T09:16:54Z,2026-07-05T09:16:54Z
lime_vancouver,lime_vancouver_d90a7ada-ba33-443e-b54b-6748a4315516,d90a7ada-ba33-443e-b54b-6748a4315516,49.24624,-123.033527,2,FALSE,FALSE,17365,NA,1783242979,2026-07-05T09:16:56Z,2026-07-05T09:16:56Z,2026-07-05T09:16:56Z,2.2,https://data.lime.bike/api/partners/v2/gbfs/vancouver_bc/gbfs.json,https://data.lime.bike/api/partners/v2/gbfs/vancouver_bc/free_bike_status,2026-07-05T09:16:54Z,2026-07-05T09:16:54Z
lime_vancouver,lime_vancouver_5095c369-a017-4127-a105-82d806c45107,5095c369-a017-4127-a105-82d806c45107,49.258745,-123.057131,2,FALSE,FALSE,14500,NA,1783242979,2026-07-05T09:16:56Z,2026-07-05T09:16:56Z,2026-07-05T09:16:56Z,2.2,https://data.lime.bike/api/partners/v2/gbfs/vancouver_bc/gbfs.json,https://data.lime.bike/api/partners/v2/gbfs/vancouver_bc/free_bike_status,2026-07-05T09:16:54Z,2026-07-05T09:16:54Z
lime_vancouver,lime_vancouver_d163ee6a-0ade-4f75-a3f6-1e5d27d60215,d163ee6a-0ade-4f75-a3f6-1e5d27d60215,49.283996,-123.132631,2,FALSE,FALSE,1835,NA,1783242979,2026-07-05T09:16:56Z,2026-07-05T09:16:56Z,2026-07-05T09:16:56Z,2.2,https://data.lime.bike/api/partners/v2/gbfs/vancouver_bc/gbfs.json,https://data.lime.bike/api/partners/v2/gbfs/vancouver_bc/free_bike_status,2026-07-05T09:16:54Z,2026-07-05T09:16:54Z
lime_vancouver,lime_vancouver_e5eb08c9-ab5a-43d8-a583-11e91be35e12,e5eb08c9-ab5a-43d8-a583-11e91be35e12,49.273889,-123.121175,2,FALSE,FALSE,3058,NA,1783242979,2026-07-05T09:16:56Z,2026-07-05T09:16:56Z,2026-07-05T09:16:56Z,2.2,https://data.lime.bike/api/partners/v2/gbfs/vancouver_bc/gbfs.json,https://data.lime.bike/api/partners/v2/gbfs/vancouver_bc/free_bike_status,2026-07-05T09:16:54Z,2026-07-05T09:16:54Z
lime_vancouver,lime_vancouver_aef6718a-f934-432a-b07a-3904255704ec,aef6718a-f934-432a-b07a-3904255704ec,49.281448,-123.049431,2,FALSE,FALSE,21694,NA,1783242979,2026-07-05T09:16:56Z,2026-07-05T09:16:56Z,2026-07-05T09:16:56Z,2.2,https://data.lime.bike/api/partners/v2/gbfs/vancouver_bc/gbfs.json,https://data.lime.bike/api/partners/v2/gbfs/vancouver_bc/free_bike_status,2026-07-05T09:16:54Z,2026-07-05T09:16:54Z
lime_vancouver,lime_vancouver_1e36f739-0942-4dbe-8219-6ea9d3a3e020,1e36f739-0942-4dbe-8219-6ea9d3a3e020,49.254674,-123.049638,2,FALSE,FALSE,37787,NA,1783242979,2026-07-05T09:16:56Z,2026-07-05T09:16:56Z,2026-07-05T09:16:56Z,2.2,https://data.lime.bike/api/partners/v2/gbfs/vancouver_bc/gbfs.json,https://data.lime.bike/api/partners/v2/gbfs/vancouver_bc/free_bike_status,2026-07-05T09:16:54Z,2026-07-05T09:16:54Z
lime_vancouver,lime_vancouver_7eab7a30-275b-4dc5-a768-292ca2c23af1,7eab7a30-275b-4dc5-a768-292ca2c23af1,49.275367,-123.092342,2,FALSE,FALSE,20246,NA,1783242979,2026-07-05T09:16:56Z,2026-07-05T09:16:56Z,2026-07-05T09:16:56Z,2.2,https://data.lime.bike/api/partners/v2/gbfs/vancouver_bc/gbfs.json,https://data.lime.bike/api/partners/v2/gbfs/vancouver_bc/free_bike_status,2026-07-05T09:16:54Z,2026-07-05T09:16:54Z
lime_vancouver,lime_vancouver_e20d7296-a2f6-4cfa-822e-a1dffdc84b9a,e20d7296-a2f6-4cfa-822e-a1dffdc84b9a,49.282872,-123.13466,2,FALSE,FALSE,6132,NA,1783242979,2026-07-05T09:16:56Z,2026-07-05T09:16:56Z,2026-07-05T09:16:56Z,2.2,https://data.lime.bike/api/partners/v2/gbfs/vancouver_bc/gbfs.json,https://data.lime.bike/api/partners/v2/gbfs/vancouver_bc/free_bike_status,2026-07-05T09:16:54Z,2026-07-05T09:16:54Z
lime_vancouver,lime_vancouver_15c05daf-48a3-46c8-88f5-ecf3c1cf680d,15c05daf-48a3-46c8-88f5-ecf3c1cf680d,49.274075,-123.125384,2,FALSE,FALSE,45013,NA,1783242979,2026-07-05T09:16:56Z,2026-07-05T09:16:56Z,2026-07-05T09:16:56Z,2.2,https://data.lime.bike/api/partners/v2/gbfs/vancouver_bc/gbfs.json,https://data.lime.bike/api/partners/v2/gbfs/vancouver_bc/free_bike_status,2026-07-05T09:16:54Z,2026-07-05T09:16:54Z
lime_vancouver,lime_vancouver_84f95338-da22-497e-aba5-4ba93cd4ffe7,84f95338-da22-497e-aba5-4ba93cd4ffe7,49.244823,-123.045883,2,FALSE,FALSE,36226,NA,1783242979,2026-07-05T09:16:56Z,2026-07-05T09:16:56Z,2026-07-05T09:16:56Z,2.2,https://data.lime.bike/api/partners/v2/gbfs/vancouver_bc/gbfs.json,https://data.lime.bike/api/partners/v2/gbfs/vancouver_bc/free_bike_status,2026-07-05T09:16:54Z,2026-07-05T09:16:54Z
lime_vancouver,lime_vancouver_d01ef766-b430-4b4b-b759-a5f8e030b73d,d01ef766-b430-4b4b-b759-a5f8e030b73d,49.259281,-123.045227,2,FALSE,FALSE,6582,NA,1783242979,2026-07-05T09:16:56Z,2026-07-05T09:16:56Z,2026-07-05T09:16:56Z,2.2,https://data.lime.bike/api/partners/v2/gbfs/vancouver_bc/gbfs.json,https://data.lime.bike/api/partners/v2/gbfs/vancouver_bc/free_bike_status,2026-07-05T09:16:54Z,2026-07-05T09:16:54Z
lime_vancouver,lime_vancouver_0084aeda-bf30-4728-8ec6-f7392cd1f3c7,0084aeda-bf30-4728-8ec6-f7392cd1f3c7,49.265119,-123.11726,2,FALSE,FALSE,5246,NA,1783242979,2026-07-05T09:16:56Z,2026-07-05T09:16:56Z,2026-07-05T09:16:56Z,2.2,https://data.lime.bike/api/partners/v2/gbfs/vancouver_bc/gbfs.json,https://data.lime.bike/api/partners/v2/gbfs/vancouver_bc/free_bike_status,2026-07-05T09:16:54Z,2026-07-05T09:16:54Z
lime_vancouver,lime_vancouver_018e8f3f-8d04-41f9-bfe1-56dbdce54cc7,018e8f3f-8d04-41f9-bfe1-56dbdce54cc7,49.22918,-123.024015,2,FALSE,FALSE,25508,NA,1783242979,2026-07-05T09:16:56Z,2026-07-05T09:16:56Z,2026-07-05T09:16:56Z,2.2,https://data.lime.bike/api/partners/v2/gbfs/vancouver_bc/gbfs.json,https://data.lime.bike/api/partners/v2/gbfs/vancouver_bc/free_bike_status,2026-07-05T09:16:54Z,2026-07-05T09:16:54Z
lime_vancouver,lime_vancouver_164143e2-53dd-4e73-bee8-346b1a450fbd,164143e2-53dd-4e73-bee8-346b1a450fbd,49.271844,-123.164631,2,FALSE,FALSE,13551,NA,1783242979,2026-07-05T09:16:56Z,2026-07-05T09:16:56Z,2026-07-05T09:16:56Z,2.2,https://data.lime.bike/api/partners/v2/gbfs/vancouver_bc/gbfs.json,https://data.lime.bike/api/partners/v2/gbfs/vancouver_bc/free_bike_status,2026-07-05T09:16:54Z,2026-07-05T09:16:54Z
lime_vancouver,lime_vancouver_814f4cc7-66e1-4e80-8898-007fd0ec533a,814f4cc7-66e1-4e80-8898-007fd0ec533a,49.263507,-123.098864,2,FALSE,FALSE,37787,NA,1783242979,2026-07-05T09:16:56Z,2026-07-05T09:16:56Z,2026-07-05T09:16:56Z,2.2,https://data.lime.bike/api/partners/v2/gbfs/vancouver_bc/gbfs.json,https://data.lime.bike/api/partners/v2/gbfs/vancouver_bc/free_bike_status,2026-07-05T09:16:54Z,2026-07-05T09:16:54Z
lime_vancouver,lime_vancouver_262d023e-826d-4d2e-b648-4d94e96e8d3a,262d023e-826d-4d2e-b648-4d94e96e8d3a,49.266226,-123.104685,2,FALSE,FALSE,14967,NA,1783242979,2026-07-05T09:16:56Z,2026-07-05T09:16:56Z,2026-07-05T09:16:56Z,2.2,https://data.lime.bike/api/partners/v2/gbfs/vancouver_bc/gbfs.json,https://data.lime.bike/api/partners/v2/gbfs/vancouver_bc/free_bike_status,2026-07-05T09:16:54Z,2026-07-05T09:16:54Z
lime_vancouver,lime_vancouver_22816eae-a7d9-4565-8ccc-3d358b259656,22816eae-a7d9-4565-8ccc-3d358b259656,49.269148,-123.150303,2,FALSE,FALSE,43999,NA,1783242979,2026-07-05T09:16:56Z,2026-07-05T09:16:56Z,2026-07-05T09:16:56Z,2.2,https://data.lime.bike/api/partners/v2/gbfs/vancouver_bc/gbfs.json,https://data.lime.bike/api/partners/v2/gbfs/vancouver_bc/free_bike_status,2026-07-05T09:16:54Z,2026-07-05T09:16:54Z
lime_vancouver,lime_vancouver_5309e5f1-0570-4e6a-96dc-99ba6902bff6,5309e5f1-0570-4e6a-96dc-99ba6902bff6,49.28369,-123.132333,2,FALSE,FALSE,18797,NA,1783242979,2026-07-05T09:16:56Z,2026-07-05T09:16:56Z,2026-07-05T09:16:56Z,2.2,https://data.lime.bike/api/partners/v2/gbfs/vancouver_bc/gbfs.json,https://data.lime.bike/api/partners/v2/gbfs/vancouver_bc/free_bike_status,2026-07-05T09:16:54Z,2026-07-05T09:16:54Z
lime_vancouver,lime_vancouver_7648d922-aa6a-4699-84dd-12a10add7eae,7648d922-aa6a-4699-84dd-12a10add7eae,49.261564,-123.087422,2,FALSE,FALSE,17832,NA,1783242979,2026-07-05T09:16:56Z,2026-07-05T09:16:56Z,2026-07-05T09:16:56Z,2.2,https://data.lime.bike/api/partners/v2/gbfs/vancouver_bc/gbfs.json,https://data.lime.bike/api/partners/v2/gbfs/vancouver_bc/free_bike_status,2026-07-05T09:16:54Z,2026-07-05T09:16:54Z
lime_vancouver,lime_vancouver_6c764171-1bc2-4b62-8a87-2916cb8bb4c8,6c764171-1bc2-4b62-8a87-2916cb8bb4c8,49.265371,-123.143657,2,FALSE,FALSE,7500,NA,1783242979,2026-07-05T09:16:56Z,2026-07-05T09:16:56Z,2026-07-05T09:16:56Z,2.2,https://data.lime.bike/api/partners/v2/gbfs/vancouver_bc/gbfs.json,https://data.lime.bike/api/partners/v2/gbfs/vancouver_bc/free_bike_status,2026-07-05T09:16:54Z,2026-07-05T09:16:54Z
lime_vancouver,lime_vancouver_f5c8a3bf-858e-4c07-985f-de1d4fd4a216,f5c8a3bf-858e-4c07-985f-de1d4fd4a216,49.271259,-123.146263,2,FALSE,FALSE,6132,NA,1783242979,2026-07-05T09:16:56Z,2026-07-05T09:16:56Z,2026-07-05T09:16:56Z,2.2,https://data.lime.bike/api/partners/v2/gbfs/vancouver_bc/gbfs.json,https://data.lime.bike/api/partners/v2/gbfs/vancouver_bc/free_bike_status,2026-07-05T09:16:54Z,2026-07-05T09:16:54Z
lime_vancouver,lime_vancouver_1a245aee-dd34-400e-8cce-3255639b9865,1a245aee-dd34-400e-8cce-3255639b9865,49.281583,-123.137714,2,FALSE,FALSE,17832,NA,1783242979,2026-07-05T09:16:56Z,2026-07-05T09:16:56Z,2026-07-05T09:16:56Z,2.2,https://data.lime.bike/api/partners/v2/gbfs/vancouver_bc/gbfs.json,https://data.lime.bike/api/partners/v2/gbfs/vancouver_bc/free_bike_status,2026-07-05T09:16:54Z,2026-07-05T09:16:54Z
lime_vancouver,lime_vancouver_37dd7a09-cae8-43fc-bdca-62fa88f63028,37dd7a09-cae8-43fc-bdca-62fa88f63028,49.280857,-123.08945,2,FALSE,FALSE,10268,NA,1783242979,2026-07-05T09:16:56Z,2026-07-05T09:16:56Z,2026-07-05T09:16:56Z,2.2,https://data.lime.bike/api/partners/v2/gbfs/vancouver_bc/gbfs.json,https://data.lime.bike/api/partners/v2/gbfs/vancouver_bc/free_bike_status,2026-07-05T09:16:54Z,2026-07-05T09:16:54Z
lime_vancouver,lime_vancouver_6d69ceea-2a14-4fdc-84f1-ee3919fa9807,6d69ceea-2a14-4fdc-84f1-ee3919fa9807,49.268404,-123.159838,2,FALSE,FALSE,39348,NA,1783242979,2026-07-05T09:16:56Z,2026-07-05T09:16:56Z,2026-07-05T09:16:56Z,2.2,https://data.lime.bike/api/partners/v2/gbfs/vancouver_bc/gbfs.json,https://data.lime.bike/api/partners/v2/gbfs/vancouver_bc/free_bike_status,2026-07-05T09:16:54Z,2026-07-05T09:16:54Z
lime_vancouver,lime_vancouver_d6694768-2966-40d5-bc07-fc83457010cf,d6694768-2966-40d5-bc07-fc83457010cf,49.229166,-123.023898,2,FALSE,FALSE,30932,NA,1783242979,2026-07-05T09:16:56Z,2026-07-05T09:16:56Z,2026-07-05T09:16:56Z,2.2,https://data.lime.bike/api/partners/v2/gbfs/vancouver_bc/gbfs.json,https://data.lime.bike/api/partners/v2/gbfs/vancouver_bc/free_bike_status,2026-07-05T09:16:54Z,2026-07-05T09:16:54Z
lime_vancouver,lime_vancouver_66ec9606-5f00-419d-ad11-e0ea078ca24f,66ec9606-5f00-419d-ad11-e0ea078ca24f,49.287459,-123.057687,2,FALSE,FALSE,25122,NA,1783242979,2026-07-05T09:16:56Z,2026-07-05T09:16:56Z,2026-07-05T09:16:56Z,2.2,https://data.lime.bike/api/partners/v2/gbfs/vancouver_bc/gbfs.json,https://data.lime.bike/api/partners/v2/gbfs/vancouver_bc/free_bike_status,2026-07-05T09:16:54Z,2026-07-05T09:16:54Z
lime_vancouver,lime_vancouver_2acb100c-9be3-499d-8351-85c9067b185c,2acb100c-9be3-499d-8351-85c9067b185c,49.275965,-123.145768,2,FALSE,FALSE,5246,NA,1783242979,2026-07-05T09:16:56Z,2026-07-05T09:16:56Z,2026-07-05T09:16:56Z,2.2,https://data.lime.bike/api/partners/v2/gbfs/vancouver_bc/gbfs.json,https://data.lime.bike/api/partners/v2/gbfs/vancouver_bc/free_bike_status,2026-07-05T09:16:54Z,2026-07-05T09:16:54Z
lime_vancouver,lime_vancouver_55d656aa-36c0-412f-9ca1-43c20fb387c2,55d656aa-36c0-412f-9ca1-43c20fb387c2,49.262555,-123.133912,2,FALSE,FALSE,3927,NA,1783242979,2026-07-05T09:16:56Z,2026-07-05T09:16:56Z,2026-07-05T09:16:56Z,2.2,https://data.lime.bike/api/partners/v2/gbfs/vancouver_bc/gbfs.json,https://data.lime.bike/api/partners/v2/gbfs/vancouver_bc/free_bike_status,2026-07-05T09:16:54Z,2026-07-05T09:16:54Z
lime_vancouver,lime_vancouver_783cea0a-1114-4436-a369-65d9cf849a4c,783cea0a-1114-4436-a369-65d9cf849a4c,49.286385,-123.139929,2,FALSE,FALSE,21694,NA,1783242979,2026-07-05T09:16:56Z,2026-07-05T09:16:56Z,2026-07-05T09:16:56Z,2.2,https://data.lime.bike/api/partners/v2/gbfs/vancouver_bc/gbfs.json,https://data.lime.bike/api/partners/v2/gbfs/vancouver_bc/free_bike_status,2026-07-05T09:16:54Z,2026-07-05T09:16:54Z
lime_vancouver,lime_vancouver_7af7864c-0773-46d0-8095-3eb0db4deeab,7af7864c-0773-46d0-8095-3eb0db4deeab,49.262217,-123.049683,2,FALSE,FALSE,40910,NA,1783242979,2026-07-05T09:16:56Z,2026-07-05T09:16:56Z,2026-07-05T09:16:56Z,2.2,https://data.lime.bike/api/partners/v2/gbfs/vancouver_bc/gbfs.json,https://data.lime.bike/api/partners/v2/gbfs/vancouver_bc/free_bike_status,2026-07-05T09:16:54Z,2026-07-05T09:16:54Z
lime_vancouver,lime_vancouver_7c77a433-fda5-4747-9dab-d7b2c7f69516,7c77a433-fda5-4747-9dab-d7b2c7f69516,49.265286,-123.135623,2,FALSE,FALSE,45013,NA,1783242979,2026-07-05T09:16:56Z,2026-07-05T09:16:56Z,2026-07-05T09:16:56Z,2.2,https://data.lime.bike/api/partners/v2/gbfs/vancouver_bc/gbfs.json,https://data.lime.bike/api/partners/v2/gbfs/vancouver_bc/free_bike_status,2026-07-05T09:16:54Z,2026-07-05T09:16:54Z
lime_vancouver,lime_vancouver_8eef1994-37b2-4a72-9945-55ec91c1dfcd,8eef1994-37b2-4a72-9945-55ec91c1dfcd,49.275393,-123.09247,2,FALSE,FALSE,44514,NA,1783242979,2026-07-05T09:16:56Z,2026-07-05T09:16:56Z,2026-07-05T09:16:56Z,2.2,https://data.lime.bike/api/partners/v2/gbfs/vancouver_bc/gbfs.json,https://data.lime.bike/api/partners/v2/gbfs/vancouver_bc/free_bike_status,2026-07-05T09:16:54Z,2026-07-05T09:16:54Z
lime_vancouver,lime_vancouver_521d1778-6b5a-4090-ae78-b8b028865573,521d1778-6b5a-4090-ae78-b8b028865573,49.258714,-123.057087,2,FALSE,FALSE,47073,NA,1783242979,2026-07-05T09:16:56Z,2026-07-05T09:16:56Z,2026-07-05T09:16:56Z,2.2,https://data.lime.bike/api/partners/v2/gbfs/vancouver_bc/gbfs.json,https://data.lime.bike/api/partners/v2/gbfs/vancouver_bc/free_bike_status,2026-07-05T09:16:54Z,2026-07-05T09:16:54Z
lime_vancouver,lime_vancouver_ae730e7d-0703-440c-9e36-c5593e61b422,ae730e7d-0703-440c-9e36-c5593e61b422,49.262238,-123.115766,2,FALSE,FALSE,47073,NA,1783242979,2026-07-05T09:16:56Z,2026-07-05T09:16:56Z,2026-07-05T09:16:56Z,2.2,https://data.lime.bike/api/partners/v2/gbfs/vancouver_bc/gbfs.json,https://data.lime.bike/api/partners/v2/gbfs/vancouver_bc/free_bike_status,2026-07-05T09:16:54Z,2026-07-05T09:16:54Z
lime_vancouver,lime_vancouver_87f8df3c-1f4b-4a67-ac5d-5f54fd1c4472,87f8df3c-1f4b-4a67-ac5d-5f54fd1c4472,49.26356,-123.104987,2,FALSE,FALSE,4796,NA,1783242979,2026-07-05T09:16:56Z,2026-07-05T09:16:56Z,2026-07-05T09:16:56Z,2.2,https://data.lime.bike/api/partners/v2/gbfs/vancouver_bc/gbfs.json,https://data.lime.bike/api/partners/v2/gbfs/vancouver_bc/free_bike_status,2026-07-05T09:16:54Z,2026-07-05T09:16:54Z
lime_vancouver,lime_vancouver_3ca61730-c927-4d04-b98f-b2793c9f0456,3ca61730-c927-4d04-b98f-b2793c9f0456,49.271019,-123.155051,2,FALSE,FALSE,28598,NA,1783242979,2026-07-05T09:16:56Z,2026-07-05T09:16:56Z,2026-07-05T09:16:56Z,2.2,https://data.lime.bike/api/partners/v2/gbfs/vancouver_bc/gbfs.json,https://data.lime.bike/api/partners/v2/gbfs/vancouver_bc/free_bike_status,2026-07-05T09:16:54Z,2026-07-05T09:16:54Z
lime_vancouver,lime_vancouver_76435955-a27e-48fc-b0eb-da367cb82c85,76435955-a27e-48fc-b0eb-da367cb82c85,49.288297,-123.13246,2,FALSE,FALSE,24124,NA,1783242979,2026-07-05T09:16:56Z,2026-07-05T09:16:56Z,2026-07-05T09:16:56Z,2.2,https://data.lime.bike/api/partners/v2/gbfs/vancouver_bc/gbfs.json,https://data.lime.bike/api/partners/v2/gbfs/vancouver_bc/free_bike_status,2026-07-05T09:16:54Z,2026-07-05T09:16:54Z
lime_vancouver,lime_vancouver_ea227ccb-7eed-4d0d-8e5f-5e1fc1f300c6,ea227ccb-7eed-4d0d-8e5f-5e1fc1f300c6,49.274621,-123.087198,2,FALSE,FALSE,38302,NA,1783242979,2026-07-05T09:16:56Z,2026-07-05T09:16:56Z,2026-07-05T09:16:56Z,2.2,https://data.lime.bike/api/partners/v2/gbfs/vancouver_bc/gbfs.json,https://data.lime.bike/api/partners/v2/gbfs/vancouver_bc/free_bike_status,2026-07-05T09:16:54Z,2026-07-05T09:16:54Z
lime_vancouver,lime_vancouver_f655b5c0-08c8-4f85-bbac-830b9f16663d,f655b5c0-08c8-4f85-bbac-830b9f16663d,49.263782,-123.157696,2,FALSE,FALSE,29097,NA,1783242979,2026-07-05T09:16:56Z,2026-07-05T09:16:56Z,2026-07-05T09:16:56Z,2.2,https://data.lime.bike/api/partners/v2/gbfs/vancouver_bc/gbfs.json,https://data.lime.bike/api/partners/v2/gbfs/vancouver_bc/free_bike_status,2026-07-05T09:16:54Z,2026-07-05T09:16:54Z
lime_vancouver,lime_vancouver_e79d4baa-9ec4-4a70-9851-4aee10bbd16c,e79d4baa-9ec4-4a70-9851-4aee10bbd16c,49.285965,-123.135633,2,FALSE,FALSE,6132,NA,1783242979,2026-07-05T09:16:56Z,2026-07-05T09:16:56Z,2026-07-05T09:16:56Z,2.2,https://data.lime.bike/api/partners/v2/gbfs/vancouver_bc/gbfs.json,https://data.lime.bike/api/partners/v2/gbfs/vancouver_bc/free_bike_status,2026-07-05T09:16:54Z,2026-07-05T09:16:54Z
lime_vancouver,lime_vancouver_a4a94215-3ae1-4236-b7e6-a46175515a6f,a4a94215-3ae1-4236-b7e6-a46175515a6f,49.277277,-123.079696,2,FALSE,FALSE,5697,NA,1783242979,2026-07-05T09:16:56Z,2026-07-05T09:16:56Z,2026-07-05T09:16:56Z,2.2,https://data.lime.bike/api/partners/v2/gbfs/vancouver_bc/gbfs.json,https://data.lime.bike/api/partners/v2/gbfs/vancouver_bc/free_bike_status,2026-07-05T09:16:54Z,2026-07-05T09:16:54Z
lime_vancouver,lime_vancouver_d0fe618f-87d0-4706-9f26-d86a3e8b33f2,d0fe618f-87d0-4706-9f26-d86a3e8b33f2,49.270922,-123.159552,2,FALSE,FALSE,19763,NA,1783242979,2026-07-05T09:16:56Z,2026-07-05T09:16:56Z,2026-07-05T09:16:56Z,2.2,https://data.lime.bike/api/partners/v2/gbfs/vancouver_bc/gbfs.json,https://data.lime.bike/api/partners/v2/gbfs/vancouver_bc/free_bike_status,2026-07-05T09:16:54Z,2026-07-05T09:16:54Z
lime_vancouver,lime_vancouver_30be5e43-7c9d-4c33-b4aa-20e0120b3544,30be5e43-7c9d-4c33-b4aa-20e0120b3544,49.26896,-123.163826,2,FALSE,FALSE,6582,NA,1783242979,2026-07-05T09:16:56Z,2026-07-05T09:16:56Z,2026-07-05T09:16:56Z,2.2,https://data.lime.bike/api/partners/v2/gbfs/vancouver_bc/gbfs.json,https://data.lime.bike/api/partners/v2/gbfs/vancouver_bc/free_bike_status,2026-07-05T09:16:54Z,2026-07-05T09:16:54Z
lime_vancouver,lime_vancouver_6fba8949-ab78-4677-8081-8631e5743243,6fba8949-ab78-4677-8081-8631e5743243,49.263868,-123.034121,2,FALSE,FALSE,35711,NA,1783242979,2026-07-05T09:16:56Z,2026-07-05T09:16:56Z,2026-07-05T09:16:56Z,2.2,https://data.lime.bike/api/partners/v2/gbfs/vancouver_bc/gbfs.json,https://data.lime.bike/api/partners/v2/gbfs/vancouver_bc/free_bike_status,2026-07-05T09:16:54Z,2026-07-05T09:16:54Z
lime_vancouver,lime_vancouver_9017524f-f850-4a70-8733-5494d209e866,9017524f-f850-4a70-8733-5494d209e866,49.274073,-123.028634,2,FALSE,FALSE,28598,NA,1783242979,2026-07-05T09:16:56Z,2026-07-05T09:16:56Z,2026-07-05T09:16:56Z,2.2,https://data.lime.bike/api/partners/v2/gbfs/vancouver_bc/gbfs.json,https://data.lime.bike/api/partners/v2/gbfs/vancouver_bc/free_bike_status,2026-07-05T09:16:54Z,2026-07-05T09:16:54Z
lime_vancouver,lime_vancouver_68171ee7-8924-40be-bf8d-f714aabf435a,68171ee7-8924-40be-bf8d-f714aabf435a,49.243295,-123.026665,2,FALSE,FALSE,5697,NA,1783242979,2026-07-05T09:16:56Z,2026-07-05T09:16:56Z,2026-07-05T09:16:56Z,2.2,https://data.lime.bike/api/partners/v2/gbfs/vancouver_bc/gbfs.json,https://data.lime.bike/api/partners/v2/gbfs/vancouver_bc/free_bike_status,2026-07-05T09:16:54Z,2026-07-05T09:16:54Z
lime_vancouver,lime_vancouver_2c5a7d53-ada0-4414-b9f4-72451308ee76,2c5a7d53-ada0-4414-b9f4-72451308ee76,49.249813,-123.03651,2,FALSE,FALSE,6132,NA,1783242979,2026-07-05T09:16:56Z,2026-07-05T09:16:56Z,2026-07-05T09:16:56Z,2.2,https://data.lime.bike/api/partners/v2/gbfs/vancouver_bc/gbfs.json,https://data.lime.bike/api/partners/v2/gbfs/vancouver_bc/free_bike_status,2026-07-05T09:16:54Z,2026-07-05T09:16:54Z
lime_vancouver,lime_vancouver_0fcdd038-f19c-48ac-bb85-ee96ff3041a5,0fcdd038-f19c-48ac-bb85-ee96ff3041a5,49.272422,-123.159829,2,FALSE,FALSE,2639,NA,1783242979,2026-07-05T09:16:56Z,2026-07-05T09:16:56Z,2026-07-05T09:16:56Z,2.2,https://data.lime.bike/api/partners/v2/gbfs/vancouver_bc/gbfs.json,https://data.lime.bike/api/partners/v2/gbfs/vancouver_bc/free_bike_status,2026-07-05T09:16:54Z,2026-07-05T09:16:54Z
lime_vancouver,lime_vancouver_4592f5f6-8a1a-49fe-a168-be5f13c72ab0,4592f5f6-8a1a-49fe-a168-be5f13c72ab0,49.262729,-123.155328,2,FALSE,FALSE,14967,NA,1783242979,2026-07-05T09:16:56Z,2026-07-05T09:16:56Z,2026-07-05T09:16:56Z,2.2,https://data.lime.bike/api/partners/v2/gbfs/vancouver_bc/gbfs.json,https://data.lime.bike/api/partners/v2/gbfs/vancouver_bc/free_bike_status,2026-07-05T09:16:54Z,2026-07-05T09:16:54Z
lime_vancouver,lime_vancouver_443a8d5a-8b29-4844-a6dd-7287e1f3600b,443a8d5a-8b29-4844-a6dd-7287e1f3600b,49.28085,-123.084836,2,FALSE,FALSE,32139,NA,1783242979,2026-07-05T09:16:56Z,2026-07-05T09:16:56Z,2026-07-05T09:16:56Z,2.2,https://data.lime.bike/api/partners/v2/gbfs/vancouver_bc/gbfs.json,https://data.lime.bike/api/partners/v2/gbfs/vancouver_bc/free_bike_status,2026-07-05T09:16:54Z,2026-07-05T09:16:54Z
lime_vancouver,lime_vancouver_917bffa5-9c19-4518-a015-25c32bab4897,917bffa5-9c19-4518-a015-25c32bab4897,49.288423,-123.116121,2,FALSE,FALSE,418,NA,1783242979,2026-07-05T09:16:56Z,2026-07-05T09:16:56Z,2026-07-05T09:16:56Z,2.2,https://data.lime.bike/api/partners/v2/gbfs/vancouver_bc/gbfs.json,https://data.lime.bike/api/partners/v2/gbfs/vancouver_bc/free_bike_status,2026-07-05T09:16:54Z,2026-07-05T09:16:54Z
lime_vancouver,lime_vancouver_be8e3384-dc9c-40a4-95c0-7c305c1909f0,be8e3384-dc9c-40a4-95c0-7c305c1909f0,49.268091,-123.109522,2,FALSE,FALSE,21694,NA,1783242979,2026-07-05T09:16:56Z,2026-07-05T09:16:56Z,2026-07-05T09:16:56Z,2.2,https://data.lime.bike/api/partners/v2/gbfs/vancouver_bc/gbfs.json,https://data.lime.bike/api/partners/v2/gbfs/vancouver_bc/free_bike_status,2026-07-05T09:16:54Z,2026-07-05T09:16:54Z
lime_vancouver,lime_vancouver_f9e988be-b2cf-4b87-a55a-e21a411fbd17,f9e988be-b2cf-4b87-a55a-e21a411fbd17,49.239782,-123.04708,2,FALSE,FALSE,4796,NA,1783242979,2026-07-05T09:16:56Z,2026-07-05T09:16:56Z,2026-07-05T09:16:56Z,2.2,https://data.lime.bike/api/partners/v2/gbfs/vancouver_bc/gbfs.json,https://data.lime.bike/api/partners/v2/gbfs/vancouver_bc/free_bike_status,2026-07-05T09:16:54Z,2026-07-05T09:16:54Z
lime_vancouver,lime_vancouver_35d891cc-311b-4bf0-8a94-0d3e444535b0,35d891cc-311b-4bf0-8a94-0d3e444535b0,49.277649,-123.072991,2,FALSE,FALSE,3492,NA,1783242979,2026-07-05T09:16:56Z,2026-07-05T09:16:56Z,2026-07-05T09:16:56Z,2.2,https://data.lime.bike/api/partners/v2/gbfs/vancouver_bc/gbfs.json,https://data.lime.bike/api/partners/v2/gbfs/vancouver_bc/free_bike_status,2026-07-05T09:16:54Z,2026-07-05T09:16:54Z
lime_vancouver,lime_vancouver_8a115a2d-d540-4a8e-a104-38a9e3b48242,8a115a2d-d540-4a8e-a104-38a9e3b48242,49.23588,-123.049066,2,FALSE,FALSE,3927,NA,1783242979,2026-07-05T09:16:56Z,2026-07-05T09:16:56Z,2026-07-05T09:16:56Z,2.2,https://data.lime.bike/api/partners/v2/gbfs/vancouver_bc/gbfs.json,https://data.lime.bike/api/partners/v2/gbfs/vancouver_bc/free_bike_status,2026-07-05T09:16:54Z,2026-07-05T09:16:54Z
lime_vancouver,lime_vancouver_3cfd232c-898f-4bd7-b005-aca66c9456e8,3cfd232c-898f-4bd7-b005-aca66c9456e8,49.269192,-123.039043,2,FALSE,FALSE,7950,NA,1783242979,2026-07-05T09:16:56Z,2026-07-05T09:16:56Z,2026-07-05T09:16:56Z,2.2,https://data.lime.bike/api/partners/v2/gbfs/vancouver_bc/gbfs.json,https://data.lime.bike/api/partners/v2/gbfs/vancouver_bc/free_bike_status,2026-07-05T09:16:54Z,2026-07-05T09:16:54Z
lime_vancouver,lime_vancouver_8e82fe4d-0309-47cc-a037-161457b5702e,8e82fe4d-0309-47cc-a037-161457b5702e,49.28774,-123.14188,2,FALSE,FALSE,7500,NA,1783242979,2026-07-05T09:16:56Z,2026-07-05T09:16:56Z,2026-07-05T09:16:56Z,2.2,https://data.lime.bike/api/partners/v2/gbfs/vancouver_bc/gbfs.json,https://data.lime.bike/api/partners/v2/gbfs/vancouver_bc/free_bike_status,2026-07-05T09:16:54Z,2026-07-05T09:16:54Z
lime_vancouver,lime_vancouver_41f3aa97-7d9c-4f5f-8c66-502f41694ab3,41f3aa97-7d9c-4f5f-8c66-502f41694ab3,49.282255,-123.061648,2,FALSE,FALSE,42454,NA,1783242979,2026-07-05T09:16:56Z,2026-07-05T09:16:56Z,2026-07-05T09:16:56Z,2.2,https://data.lime.bike/api/partners/v2/gbfs/vancouver_bc/gbfs.json,https://data.lime.bike/api/partners/v2/gbfs/vancouver_bc/free_bike_status,2026-07-05T09:16:54Z,2026-07-05T09:16:54Z
lime_vancouver,lime_vancouver_91eab5ad-457a-4908-8a75-a1aa69df7a12,91eab5ad-457a-4908-8a75-a1aa69df7a12,49.280999,-123.134237,2,FALSE,FALSE,14017,NA,1783242979,2026-07-05T09:16:56Z,2026-07-05T09:16:56Z,2026-07-05T09:16:56Z,2.2,https://data.lime.bike/api/partners/v2/gbfs/vancouver_bc/gbfs.json,https://data.lime.bike/api/partners/v2/gbfs/vancouver_bc/free_bike_status,2026-07-05T09:16:54Z,2026-07-05T09:16:54Z
lime_vancouver,lime_vancouver_c37c4d77-50e6-49dd-b402-6ad8179828fd,c37c4d77-50e6-49dd-b402-6ad8179828fd,49.27388,-123.061576,2,FALSE,FALSE,14017,NA,1783242979,2026-07-05T09:16:56Z,2026-07-05T09:16:56Z,2026-07-05T09:16:56Z,2.2,https://data.lime.bike/api/partners/v2/gbfs/vancouver_bc/gbfs.json,https://data.lime.bike/api/partners/v2/gbfs/vancouver_bc/free_bike_status,2026-07-05T09:16:54Z,2026-07-05T09:16:54Z
lime_vancouver,lime_vancouver_dde968c1-ca65-4e50-af3d-503476eb1441,dde968c1-ca65-4e50-af3d-503476eb1441,49.256392,-123.039471,2,FALSE,FALSE,44514,NA,1783242979,2026-07-05T09:16:56Z,2026-07-05T09:16:56Z,2026-07-05T09:16:56Z,2.2,https://data.lime.bike/api/partners/v2/gbfs/vancouver_bc/gbfs.json,https://data.lime.bike/api/partners/v2/gbfs/vancouver_bc/free_bike_status,2026-07-05T09:16:54Z,2026-07-05T09:16:54Z
lime_vancouver,lime_vancouver_0a1aae40-8653-496f-9d79-274c3807e971,0a1aae40-8653-496f-9d79-274c3807e971,49.244792,-123.045942,2,FALSE,FALSE,2237,NA,1783242979,2026-07-05T09:16:56Z,2026-07-05T09:16:56Z,2026-07-05T09:16:56Z,2.2,https://data.lime.bike/api/partners/v2/gbfs/vancouver_bc/gbfs.json,https://data.lime.bike/api/partners/v2/gbfs/vancouver_bc/free_bike_status,2026-07-05T09:16:54Z,2026-07-05T09:16:54Z
lime_vancouver,lime_vancouver_da8d3317-9ad5-4930-ad44-78d3634d81b5,da8d3317-9ad5-4930-ad44-78d3634d81b5,49.262721,-123.146308,2,FALSE,FALSE,38833,NA,1783242979,2026-07-05T09:16:56Z,2026-07-05T09:16:56Z,2026-07-05T09:16:56Z,2.2,https://data.lime.bike/api/partners/v2/gbfs/vancouver_bc/gbfs.json,https://data.lime.bike/api/partners/v2/gbfs/vancouver_bc/free_bike_status,2026-07-05T09:16:54Z,2026-07-05T09:16:54Z
lime_vancouver,lime_vancouver_362b84bf-98c8-47a9-9819-f7d6227e349f,362b84bf-98c8-47a9-9819-f7d6227e349f,49.275257,-123.132741,2,FALSE,FALSE,47073,NA,1783242979,2026-07-05T09:16:56Z,2026-07-05T09:16:56Z,2026-07-05T09:16:56Z,2.2,https://data.lime.bike/api/partners/v2/gbfs/vancouver_bc/gbfs.json,https://data.lime.bike/api/partners/v2/gbfs/vancouver_bc/free_bike_status,2026-07-05T09:16:54Z,2026-07-05T09:16:54Z
lime_vancouver,lime_vancouver_f89cf4f0-0cb0-4a04-8e08-82e9f098beb3,f89cf4f0-0cb0-4a04-8e08-82e9f098beb3,49.237516,-123.036283,2,FALSE,FALSE,46043,NA,1783242979,2026-07-05T09:16:56Z,2026-07-05T09:16:56Z,2026-07-05T09:16:56Z,2.2,https://data.lime.bike/api/partners/v2/gbfs/vancouver_bc/gbfs.json,https://data.lime.bike/api/partners/v2/gbfs/vancouver_bc/free_bike_status,2026-07-05T09:16:54Z,2026-07-05T09:16:54Z
lime_vancouver,lime_vancouver_0a6db3bc-40dd-49c1-a18f-2c3c33911dd6,0a6db3bc-40dd-49c1-a18f-2c3c33911dd6,49.286292,-123.140132,2,FALSE,FALSE,11668,NA,1783242979,2026-07-05T09:16:56Z,2026-07-05T09:16:56Z,2026-07-05T09:16:56Z,2.2,https://data.lime.bike/api/partners/v2/gbfs/vancouver_bc/gbfs.json,https://data.lime.bike/api/partners/v2/gbfs/vancouver_bc/free_bike_status,2026-07-05T09:16:54Z,2026-07-05T09:16:54Z
lime_vancouver,lime_vancouver_7dbb9876-99af-4be6-a8b2-240d626ee6ca,7dbb9876-99af-4be6-a8b2-240d626ee6ca,49.268984,-123.104529,2,FALSE,FALSE,15916,NA,1783242979,2026-07-05T09:16:56Z,2026-07-05T09:16:56Z,2026-07-05T09:16:56Z,2.2,https://data.lime.bike/api/partners/v2/gbfs/vancouver_bc/gbfs.json,https://data.lime.bike/api/partners/v2/gbfs/vancouver_bc/free_bike_status,2026-07-05T09:16:54Z,2026-07-05T09:16:54Z
lime_vancouver,lime_vancouver_14b3f101-1a26-43af-80c8-79f4c7bee19d,14b3f101-1a26-43af-80c8-79f4c7bee19d,49.259265,-123.045296,2,FALSE,FALSE,31624,NA,1783242979,2026-07-05T09:16:56Z,2026-07-05T09:16:56Z,2026-07-05T09:16:56Z,2.2,https://data.lime.bike/api/partners/v2/gbfs/vancouver_bc/gbfs.json,https://data.lime.bike/api/partners/v2/gbfs/vancouver_bc/free_bike_status,2026-07-05T09:16:54Z,2026-07-05T09:16:54Z
lime_vancouver,lime_vancouver_01137a44-a1ca-44d7-a80c-4c39a4ac75b2,01137a44-a1ca-44d7-a80c-4c39a4ac75b2,49.291077,-123.127626,2,FALSE,FALSE,9334,NA,1783242979,2026-07-05T09:16:56Z,2026-07-05T09:16:56Z,2026-07-05T09:16:56Z,2.2,https://data.lime.bike/api/partners/v2/gbfs/vancouver_bc/gbfs.json,https://data.lime.bike/api/partners/v2/gbfs/vancouver_bc/free_bike_status,2026-07-05T09:16:54Z,2026-07-05T09:16:54Z
lime_vancouver,lime_vancouver_638e7842-f9c8-40c2-9ef4-a9b0f1f3f1d1,638e7842-f9c8-40c2-9ef4-a9b0f1f3f1d1,49.266659,-123.115701,2,FALSE,FALSE,19280,NA,1783242979,2026-07-05T09:16:56Z,2026-07-05T09:16:56Z,2026-07-05T09:16:56Z,2.2,https://data.lime.bike/api/partners/v2/gbfs/vancouver_bc/gbfs.json,https://data.lime.bike/api/partners/v2/gbfs/vancouver_bc/free_bike_status,2026-07-05T09:16:54Z,2026-07-05T09:16:54Z
lime_vancouver,lime_vancouver_54e3dbcb-bdb8-451f-9d83-86b7c996aee2,54e3dbcb-bdb8-451f-9d83-86b7c996aee2,49.262664,-123.13924,2,FALSE,FALSE,35711,NA,1783242979,2026-07-05T09:16:56Z,2026-07-05T09:16:56Z,2026-07-05T09:16:56Z,2.2,https://data.lime.bike/api/partners/v2/gbfs/vancouver_bc/gbfs.json,https://data.lime.bike/api/partners/v2/gbfs/vancouver_bc/free_bike_status,2026-07-05T09:16:54Z,2026-07-05T09:16:54Z
lime_vancouver,lime_vancouver_b5b54a4c-6975-4471-88ee-a2042f7ff376,b5b54a4c-6975-4471-88ee-a2042f7ff376,49.26666,-123.115656,2,FALSE,FALSE,36226,NA,1783242979,2026-07-05T09:16:56Z,2026-07-05T09:16:56Z,2026-07-05T09:16:56Z,2.2,https://data.lime.bike/api/partners/v2/gbfs/vancouver_bc/gbfs.json,https://data.lime.bike/api/partners/v2/gbfs/vancouver_bc/free_bike_status,2026-07-05T09:16:54Z,2026-07-05T09:16:54Z
lime_vancouver,lime_vancouver_fefdb464-2287-4c41-8bea-5f9d690ed9ab,fefdb464-2287-4c41-8bea-5f9d690ed9ab,49.268691,-123.073986,2,FALSE,FALSE,33152,NA,1783242979,2026-07-05T09:16:56Z,2026-07-05T09:16:56Z,2026-07-05T09:16:56Z,2.2,https://data.lime.bike/api/partners/v2/gbfs/vancouver_bc/gbfs.json,https://data.lime.bike/api/partners/v2/gbfs/vancouver_bc/free_bike_status,2026-07-05T09:16:54Z,2026-07-05T09:16:54Z
lime_vancouver,lime_vancouver_e30db91e-d115-4532-897b-8fd5f25bb833,e30db91e-d115-4532-897b-8fd5f25bb833,49.281415,-123.049414,2,FALSE,FALSE,22177,NA,1783242979,2026-07-05T09:16:56Z,2026-07-05T09:16:56Z,2026-07-05T09:16:56Z,2.2,https://data.lime.bike/api/partners/v2/gbfs/vancouver_bc/gbfs.json,https://data.lime.bike/api/partners/v2/gbfs/vancouver_bc/free_bike_status,2026-07-05T09:16:54Z,2026-07-05T09:16:54Z
lime_vancouver,lime_vancouver_3ef1549e-8e35-430f-bc44-4b3cb161abc5,3ef1549e-8e35-430f-bc44-4b3cb161abc5,49.256428,-123.039367,2,FALSE,FALSE,46558,NA,1783242979,2026-07-05T09:16:56Z,2026-07-05T09:16:56Z,2026-07-05T09:16:56Z,2.2,https://data.lime.bike/api/partners/v2/gbfs/vancouver_bc/gbfs.json,https://data.lime.bike/api/partners/v2/gbfs/vancouver_bc/free_bike_status,2026-07-05T09:16:54Z,2026-07-05T09:16:54Z
lime_vancouver,lime_vancouver_a4c604c2-b4fd-4aff-a68c-ab8b74cb3ed3,a4c604c2-b4fd-4aff-a68c-ab8b74cb3ed3,49.228488,-123.058753,2,FALSE,FALSE,43484,NA,1783242979,2026-07-05T09:16:56Z,2026-07-05T09:16:56Z,2026-07-05T09:16:56Z,2.2,https://data.lime.bike/api/partners/v2/gbfs/vancouver_bc/gbfs.json,https://data.lime.bike/api/partners/v2/gbfs/vancouver_bc/free_bike_status,2026-07-05T09:16:54Z,2026-07-05T09:16:54Z
lime_vancouver,lime_vancouver_e2b0b02d-8e8c-4bee-a947-cbaa80a60e5a,e2b0b02d-8e8c-4bee-a947-cbaa80a60e5a,49.260379,-123.073607,2,FALSE,FALSE,36741,NA,1783242979,2026-07-05T09:16:56Z,2026-07-05T09:16:56Z,2026-07-05T09:16:56Z,2.2,https://data.lime.bike/api/partners/v2/gbfs/vancouver_bc/gbfs.json,https://data.lime.bike/api/partners/v2/gbfs/vancouver_bc/free_bike_status,2026-07-05T09:16:54Z,2026-07-05T09:16:54Z
lime_vancouver,lime_vancouver_19f7a933-1ec6-4433-bc43-48a8e1596c12,19f7a933-1ec6-4433-bc43-48a8e1596c12,49.263833,-123.096906,2,FALSE,FALSE,40395,NA,1783242979,2026-07-05T09:16:56Z,2026-07-05T09:16:56Z,2026-07-05T09:16:56Z,2.2,https://data.lime.bike/api/partners/v2/gbfs/vancouver_bc/gbfs.json,https://data.lime.bike/api/partners/v2/gbfs/vancouver_bc/free_bike_status,2026-07-05T09:16:54Z,2026-07-05T09:16:54Z
lime_vancouver,lime_vancouver_f974fd55-2cdd-41d3-9250-5831da271da1,f974fd55-2cdd-41d3-9250-5831da271da1,49.265003,-123.117135,2,FALSE,FALSE,3492,NA,1783242979,2026-07-05T09:16:56Z,2026-07-05T09:16:56Z,2026-07-05T09:16:56Z,2.2,https://data.lime.bike/api/partners/v2/gbfs/vancouver_bc/gbfs.json,https://data.lime.bike/api/partners/v2/gbfs/vancouver_bc/free_bike_status,2026-07-05T09:16:54Z,2026-07-05T09:16:54Z
lime_vancouver,lime_vancouver_a0df2a24-8371-4e84-b74a-8858195735a7,a0df2a24-8371-4e84-b74a-8858195735a7,49.265455,-123.143619,2,FALSE,FALSE,4361,NA,1783242979,2026-07-05T09:16:56Z,2026-07-05T09:16:56Z,2026-07-05T09:16:56Z,2.2,https://data.lime.bike/api/partners/v2/gbfs/vancouver_bc/gbfs.json,https://data.lime.bike/api/partners/v2/gbfs/vancouver_bc/free_bike_status,2026-07-05T09:16:54Z,2026-07-05T09:16:54Z
lime_vancouver,lime_vancouver_948d7a33-7c34-4e49-9d67-1b556d549252,948d7a33-7c34-4e49-9d67-1b556d549252,49.280886,-123.089388,2,FALSE,FALSE,33651,NA,1783242979,2026-07-05T09:16:56Z,2026-07-05T09:16:56Z,2026-07-05T09:16:56Z,2.2,https://data.lime.bike/api/partners/v2/gbfs/vancouver_bc/gbfs.json,https://data.lime.bike/api/partners/v2/gbfs/vancouver_bc/free_bike_status,2026-07-05T09:16:54Z,2026-07-05T09:16:54Z
lime_vancouver,lime_vancouver_346b9c03-4ec3-4871-9d7e-bd51059fce72,346b9c03-4ec3-4871-9d7e-bd51059fce72,49.277652,-123.073136,2,FALSE,FALSE,15916,NA,1783242979,2026-07-05T09:16:56Z,2026-07-05T09:16:56Z,2026-07-05T09:16:56Z,2.2,https://data.lime.bike/api/partners/v2/gbfs/vancouver_bc/gbfs.json,https://data.lime.bike/api/partners/v2/gbfs/vancouver_bc/free_bike_status,2026-07-05T09:16:54Z,2026-07-05T09:16:54Z
lime_vancouver,lime_vancouver_1f90f5b5-3938-4f46-b329-392708ec8ad8,1f90f5b5-3938-4f46-b329-392708ec8ad8,49.283091,-123.068536,2,FALSE,FALSE,17832,NA,1783242979,2026-07-05T09:16:56Z,2026-07-05T09:16:56Z,2026-07-05T09:16:56Z,2.2,https://data.lime.bike/api/partners/v2/gbfs/vancouver_bc/gbfs.json,https://data.lime.bike/api/partners/v2/gbfs/vancouver_bc/free_bike_status,2026-07-05T09:16:54Z,2026-07-05T09:16:54Z
lime_vancouver,lime_vancouver_e2b2a07f-8b1c-437f-89d4-e55dbfe21a14,e2b2a07f-8b1c-437f-89d4-e55dbfe21a14,49.283085,-123.106837,2,FALSE,FALSE,11668,NA,1783242979,2026-07-05T09:16:56Z,2026-07-05T09:16:56Z,2026-07-05T09:16:56Z,2.2,https://data.lime.bike/api/partners/v2/gbfs/vancouver_bc/gbfs.json,https://data.lime.bike/api/partners/v2/gbfs/vancouver_bc/free_bike_status,2026-07-05T09:16:54Z,2026-07-05T09:16:54Z
lime_vancouver,lime_vancouver_401bca1c-feab-4a4c-85a9-bae897de5b00,401bca1c-feab-4a4c-85a9-bae897de5b00,49.295563,-123.145842,2,FALSE,FALSE,37272,NA,1783242979,2026-07-05T09:16:56Z,2026-07-05T09:16:56Z,2026-07-05T09:16:56Z,2.2,https://data.lime.bike/api/partners/v2/gbfs/vancouver_bc/gbfs.json,https://data.lime.bike/api/partners/v2/gbfs/vancouver_bc/free_bike_status,2026-07-05T09:16:54Z,2026-07-05T09:16:54Z
lime_vancouver,lime_vancouver_bf3c343f-9352-4492-a830-b9ddc76e21af,bf3c343f-9352-4492-a830-b9ddc76e21af,49.271702,-123.073385,2,FALSE,FALSE,2639,NA,1783242979,2026-07-05T09:16:56Z,2026-07-05T09:16:56Z,2026-07-05T09:16:56Z,2.2,https://data.lime.bike/api/partners/v2/gbfs/vancouver_bc/gbfs.json,https://data.lime.bike/api/partners/v2/gbfs/vancouver_bc/free_bike_status,2026-07-05T09:16:54Z,2026-07-05T09:16:54Z
lime_vancouver,lime_vancouver_03b90a64-f2a7-4fc7-bc22-f988d40b0a4b,03b90a64-f2a7-4fc7-bc22-f988d40b0a4b,49.284022,-123.132665,2,FALSE,FALSE,7049,NA,1783242979,2026-07-05T09:16:56Z,2026-07-05T09:16:56Z,2026-07-05T09:16:56Z,2.2,https://data.lime.bike/api/partners/v2/gbfs/vancouver_bc/gbfs.json,https://data.lime.bike/api/partners/v2/gbfs/vancouver_bc/free_bike_status,2026-07-05T09:16:54Z,2026-07-05T09:16:54Z
lime_vancouver,lime_vancouver_217df256-8b78-448c-a94c-78eb4c7af41e,217df256-8b78-448c-a94c-78eb4c7af41e,49.2653,-123.089274,2,FALSE,FALSE,22177,NA,1783242979,2026-07-05T09:16:56Z,2026-07-05T09:16:56Z,2026-07-05T09:16:56Z,2.2,https://data.lime.bike/api/partners/v2/gbfs/vancouver_bc/gbfs.json,https://data.lime.bike/api/partners/v2/gbfs/vancouver_bc/free_bike_status,2026-07-05T09:16:54Z,2026-07-05T09:16:54Z
lime_vancouver,lime_vancouver_578acf3a-641e-4fff-b192-e90639c21e24,578acf3a-641e-4fff-b192-e90639c21e24,49.277282,-123.079732,2,FALSE,FALSE,43999,NA,1783242979,2026-07-05T09:16:56Z,2026-07-05T09:16:56Z,2026-07-05T09:16:56Z,2.2,https://data.lime.bike/api/partners/v2/gbfs/vancouver_bc/gbfs.json,https://data.lime.bike/api/partners/v2/gbfs/vancouver_bc/free_bike_status,2026-07-05T09:16:54Z,2026-07-05T09:16:54Z
lime_vancouver,lime_vancouver_19ef976b-1038-47a8-89f5-c41ced193545,19ef976b-1038-47a8-89f5-c41ced193545,49.262228,-123.049632,2,FALSE,FALSE,6582,NA,1783242979,2026-07-05T09:16:56Z,2026-07-05T09:16:56Z,2026-07-05T09:16:56Z,2.2,https://data.lime.bike/api/partners/v2/gbfs/vancouver_bc/gbfs.json,https://data.lime.bike/api/partners/v2/gbfs/vancouver_bc/free_bike_status,2026-07-05T09:16:54Z,2026-07-05T09:16:54Z
lime_vancouver,lime_vancouver_7e9b3666-5ffb-4568-9640-a2a2ac624edb,7e9b3666-5ffb-4568-9640-a2a2ac624edb,49.280948,-123.089452,2,FALSE,FALSE,8884,NA,1783242979,2026-07-05T09:16:56Z,2026-07-05T09:16:56Z,2026-07-05T09:16:56Z,2.2,https://data.lime.bike/api/partners/v2/gbfs/vancouver_bc/gbfs.json,https://data.lime.bike/api/partners/v2/gbfs/vancouver_bc/free_bike_status,2026-07-05T09:16:54Z,2026-07-05T09:16:54Z
lime_vancouver,lime_vancouver_9b637166-65ae-4cdf-bce7-8bd39784c2e2,9b637166-65ae-4cdf-bce7-8bd39784c2e2,49.243469,-123.073606,2,FALSE,FALSE,18797,NA,1783242979,2026-07-05T09:16:56Z,2026-07-05T09:16:56Z,2026-07-05T09:16:56Z,2.2,https://data.lime.bike/api/partners/v2/gbfs/vancouver_bc/gbfs.json,https://data.lime.bike/api/partners/v2/gbfs/vancouver_bc/free_bike_status,2026-07-05T09:16:54Z,2026-07-05T09:16:54Z
lime_vancouver,lime_vancouver_616f753b-df0d-4a02-b77c-365d7c0bc2dc,616f753b-df0d-4a02-b77c-365d7c0bc2dc,49.277462,-123.091553,2,FALSE,FALSE,3492,NA,1783242979,2026-07-05T09:16:56Z,2026-07-05T09:16:56Z,2026-07-05T09:16:56Z,2.2,https://data.lime.bike/api/partners/v2/gbfs/vancouver_bc/gbfs.json,https://data.lime.bike/api/partners/v2/gbfs/vancouver_bc/free_bike_status,2026-07-05T09:16:54Z,2026-07-05T09:16:54Z
lime_vancouver,lime_vancouver_95630f7b-d4ca-47bc-9a2f-85e5cc620fe7,95630f7b-d4ca-47bc-9a2f-85e5cc620fe7,49.266106,-123.14074,2,FALSE,FALSE,25605,NA,1783242979,2026-07-05T09:16:56Z,2026-07-05T09:16:56Z,2026-07-05T09:16:56Z,2.2,https://data.lime.bike/api/partners/v2/gbfs/vancouver_bc/gbfs.json,https://data.lime.bike/api/partners/v2/gbfs/vancouver_bc/free_bike_status,2026-07-05T09:16:54Z,2026-07-05T09:16:54Z
lime_vancouver,lime_vancouver_63b38134-b41b-44bc-8b47-7ff21b0c3e37,63b38134-b41b-44bc-8b47-7ff21b0c3e37,49.280998,-123.134125,2,FALSE,FALSE,29612,NA,1783242979,2026-07-05T09:16:56Z,2026-07-05T09:16:56Z,2026-07-05T09:16:56Z,2.2,https://data.lime.bike/api/partners/v2/gbfs/vancouver_bc/gbfs.json,https://data.lime.bike/api/partners/v2/gbfs/vancouver_bc/free_bike_status,2026-07-05T09:16:54Z,2026-07-05T09:16:54Z
lime_vancouver,lime_vancouver_b8f62f0d-b7a8-41f9-bb52-75dcb1250158,b8f62f0d-b7a8-41f9-bb52-75dcb1250158,49.261461,-123.0797,2,FALSE,FALSE,23641,NA,1783242979,2026-07-05T09:16:56Z,2026-07-05T09:16:56Z,2026-07-05T09:16:56Z,2.2,https://data.lime.bike/api/partners/v2/gbfs/vancouver_bc/gbfs.json,https://data.lime.bike/api/partners/v2/gbfs/vancouver_bc/free_bike_status,2026-07-05T09:16:54Z,2026-07-05T09:16:54Z
lime_vancouver,lime_vancouver_d0882967-1b28-4e00-bdc3-de78442a680a,d0882967-1b28-4e00-bdc3-de78442a680a,49.266724,-123.109421,2,FALSE,FALSE,18314,NA,1783242979,2026-07-05T09:16:56Z,2026-07-05T09:16:56Z,2026-07-05T09:16:56Z,2.2,https://data.lime.bike/api/partners/v2/gbfs/vancouver_bc/gbfs.json,https://data.lime.bike/api/partners/v2/gbfs/vancouver_bc/free_bike_status,2026-07-05T09:16:54Z,2026-07-05T09:16:54Z
lime_vancouver,lime_vancouver_2cd77536-7969-468e-84e1-c71a8b2c0b52,2cd77536-7969-468e-84e1-c71a8b2c0b52,49.266173,-123.101572,2,FALSE,FALSE,2639,NA,1783242979,2026-07-05T09:16:56Z,2026-07-05T09:16:56Z,2026-07-05T09:16:56Z,2.2,https://data.lime.bike/api/partners/v2/gbfs/vancouver_bc/gbfs.json,https://data.lime.bike/api/partners/v2/gbfs/vancouver_bc/free_bike_status,2026-07-05T09:16:54Z,2026-07-05T09:16:54Z
lime_vancouver,lime_vancouver_46999890-0c07-4dc1-ac7c-08cce4b02941,46999890-0c07-4dc1-ac7c-08cce4b02941,49.2609,-123.062397,2,FALSE,FALSE,44514,NA,1783242979,2026-07-05T09:16:56Z,2026-07-05T09:16:56Z,2026-07-05T09:16:56Z,2.2,https://data.lime.bike/api/partners/v2/gbfs/vancouver_bc/gbfs.json,https://data.lime.bike/api/partners/v2/gbfs/vancouver_bc/free_bike_status,2026-07-05T09:16:54Z,2026-07-05T09:16:54Z
lime_vancouver,lime_vancouver_2889e2d8-d99b-4b65-9260-389af2543c71,2889e2d8-d99b-4b65-9260-389af2543c71,49.284328,-123.076166,2,FALSE,FALSE,2237,NA,1783242979,2026-07-05T09:16:56Z,2026-07-05T09:16:56Z,2026-07-05T09:16:56Z,2.2,https://data.lime.bike/api/partners/v2/gbfs/vancouver_bc/gbfs.json,https://data.lime.bike/api/partners/v2/gbfs/vancouver_bc/free_bike_status,2026-07-05T09:16:54Z,2026-07-05T09:16:54Z
lime_vancouver,lime_vancouver_86fe0e00-5fca-491e-b431-b17a2cdd5f57,86fe0e00-5fca-491e-b431-b17a2cdd5f57,49.269662,-123.131918,2,FALSE,FALSE,5697,NA,1783242979,2026-07-05T09:16:56Z,2026-07-05T09:16:56Z,2026-07-05T09:16:56Z,2.2,https://data.lime.bike/api/partners/v2/gbfs/vancouver_bc/gbfs.json,https://data.lime.bike/api/partners/v2/gbfs/vancouver_bc/free_bike_status,2026-07-05T09:16:54Z,2026-07-05T09:16:54Z
lime_vancouver,lime_vancouver_5c01ea18-a685-45e1-9b8b-1bacd73b99e9,5c01ea18-a685-45e1-9b8b-1bacd73b99e9,49.265492,-123.143708,2,FALSE,FALSE,6132,NA,1783242979,2026-07-05T09:16:56Z,2026-07-05T09:16:56Z,2026-07-05T09:16:56Z,2.2,https://data.lime.bike/api/partners/v2/gbfs/vancouver_bc/gbfs.json,https://data.lime.bike/api/partners/v2/gbfs/vancouver_bc/free_bike_status,2026-07-05T09:16:54Z,2026-07-05T09:16:54Z
lime_vancouver,lime_vancouver_ea7f226d-a60c-45a7-af4d-c3ab24d9785f,ea7f226d-a60c-45a7-af4d-c3ab24d9785f,49.257759,-123.073479,2,FALSE,FALSE,45528,NA,1783242979,2026-07-05T09:16:56Z,2026-07-05T09:16:56Z,2026-07-05T09:16:56Z,2.2,https://data.lime.bike/api/partners/v2/gbfs/vancouver_bc/gbfs.json,https://data.lime.bike/api/partners/v2/gbfs/vancouver_bc/free_bike_status,2026-07-05T09:16:54Z,2026-07-05T09:16:54Z
lime_vancouver,lime_vancouver_edd128cb-3ba4-42e6-9e33-c0baa3f3507a,edd128cb-3ba4-42e6-9e33-c0baa3f3507a,49.242873,-123.031195,2,FALSE,FALSE,13551,NA,1783242979,2026-07-05T09:16:56Z,2026-07-05T09:16:56Z,2026-07-05T09:16:56Z,2.2,https://data.lime.bike/api/partners/v2/gbfs/vancouver_bc/gbfs.json,https://data.lime.bike/api/partners/v2/gbfs/vancouver_bc/free_bike_status,2026-07-05T09:16:54Z,2026-07-05T09:16:54Z
lime_vancouver,lime_vancouver_c1256bbb-df3b-4e68-9909-2ff5b4790686,c1256bbb-df3b-4e68-9909-2ff5b4790686,49.281939,-123.120426,2,FALSE,FALSE,2237,NA,1783242979,2026-07-05T09:16:56Z,2026-07-05T09:16:56Z,2026-07-05T09:16:56Z,2.2,https://data.lime.bike/api/partners/v2/gbfs/vancouver_bc/gbfs.json,https://data.lime.bike/api/partners/v2/gbfs/vancouver_bc/free_bike_status,2026-07-05T09:16:54Z,2026-07-05T09:16:54Z
lime_vancouver,lime_vancouver_544905f3-2495-46d5-ad33-b13155f910f9,544905f3-2495-46d5-ad33-b13155f910f9,49.275006,-123.049642,2,FALSE,FALSE,24623,NA,1783242979,2026-07-05T09:16:56Z,2026-07-05T09:16:56Z,2026-07-05T09:16:56Z,2.2,https://data.lime.bike/api/partners/v2/gbfs/vancouver_bc/gbfs.json,https://data.lime.bike/api/partners/v2/gbfs/vancouver_bc/free_bike_status,2026-07-05T09:16:54Z,2026-07-05T09:16:54Z
lime_vancouver,lime_vancouver_246949c9-63e1-4b04-a40d-056aada76d5a,246949c9-63e1-4b04-a40d-056aada76d5a,49.259295,-123.04538,2,FALSE,FALSE,10734,NA,1783242979,2026-07-05T09:16:56Z,2026-07-05T09:16:56Z,2026-07-05T09:16:56Z,2.2,https://data.lime.bike/api/partners/v2/gbfs/vancouver_bc/gbfs.json,https://data.lime.bike/api/partners/v2/gbfs/vancouver_bc/free_bike_status,2026-07-05T09:16:54Z,2026-07-05T09:16:54Z
lime_vancouver,lime_vancouver_91fc0b9e-fb35-4de9-9fd5-b9ec3bbf41a6,91fc0b9e-fb35-4de9-9fd5-b9ec3bbf41a6,49.262702,-123.146197,2,FALSE,FALSE,20728,NA,1783242979,2026-07-05T09:16:56Z,2026-07-05T09:16:56Z,2026-07-05T09:16:56Z,2.2,https://data.lime.bike/api/partners/v2/gbfs/vancouver_bc/gbfs.json,https://data.lime.bike/api/partners/v2/gbfs/vancouver_bc/free_bike_status,2026-07-05T09:16:54Z,2026-07-05T09:16:54Z
lime_vancouver,lime_vancouver_9d8af74e-0e25-4dca-b84c-5d3c7dfee05c,9d8af74e-0e25-4dca-b84c-5d3c7dfee05c,49.280196,-123.131672,2,FALSE,FALSE,9334,NA,1783242979,2026-07-05T09:16:56Z,2026-07-05T09:16:56Z,2026-07-05T09:16:56Z,2.2,https://data.lime.bike/api/partners/v2/gbfs/vancouver_bc/gbfs.json,https://data.lime.bike/api/partners/v2/gbfs/vancouver_bc/free_bike_status,2026-07-05T09:16:54Z,2026-07-05T09:16:54Z
lime_vancouver,lime_vancouver_4e31b58c-b9c3-4b30-98ad-1af7332a5c86,4e31b58c-b9c3-4b30-98ad-1af7332a5c86,49.262628,-123.155257,2,FALSE,FALSE,14500,NA,1783242979,2026-07-05T09:16:56Z,2026-07-05T09:16:56Z,2026-07-05T09:16:56Z,2.2,https://data.lime.bike/api/partners/v2/gbfs/vancouver_bc/gbfs.json,https://data.lime.bike/api/partners/v2/gbfs/vancouver_bc/free_bike_status,2026-07-05T09:16:54Z,2026-07-05T09:16:54Z
lime_vancouver,lime_vancouver_7c16d6c1-0993-49d2-8755-233acd6103d6,7c16d6c1-0993-49d2-8755-233acd6103d6,49.24012,-123.075659,2,FALSE,FALSE,10268,NA,1783242979,2026-07-05T09:16:56Z,2026-07-05T09:16:56Z,2026-07-05T09:16:56Z,2.2,https://data.lime.bike/api/partners/v2/gbfs/vancouver_bc/gbfs.json,https://data.lime.bike/api/partners/v2/gbfs/vancouver_bc/free_bike_status,2026-07-05T09:16:54Z,2026-07-05T09:16:54Z
lime_vancouver,lime_vancouver_16662901-58ae-430f-a25c-c9c3eac6ba77,16662901-58ae-430f-a25c-c9c3eac6ba77,49.238545,-123.051674,2,FALSE,FALSE,6132,NA,1783242979,2026-07-05T09:16:56Z,2026-07-05T09:16:56Z,2026-07-05T09:16:56Z,2.2,https://data.lime.bike/api/partners/v2/gbfs/vancouver_bc/gbfs.json,https://data.lime.bike/api/partners/v2/gbfs/vancouver_bc/free_bike_status,2026-07-05T09:16:54Z,2026-07-05T09:16:54Z
lime_vancouver,lime_vancouver_9590a622-262f-4350-aec1-a0c538a069f8,9590a622-262f-4350-aec1-a0c538a069f8,49.262387,-123.095944,2,FALSE,FALSE,37272,NA,1783242979,2026-07-05T09:16:56Z,2026-07-05T09:16:56Z,2026-07-05T09:16:56Z,2.2,https://data.lime.bike/api/partners/v2/gbfs/vancouver_bc/gbfs.json,https://data.lime.bike/api/partners/v2/gbfs/vancouver_bc/free_bike_status,2026-07-05T09:16:54Z,2026-07-05T09:16:54Z
lime_vancouver,lime_vancouver_ac9c01f4-97d7-4602-9058-647e21352055,ac9c01f4-97d7-4602-9058-647e21352055,49.262722,-123.139238,2,FALSE,FALSE,43999,NA,1783242979,2026-07-05T09:16:56Z,2026-07-05T09:16:56Z,2026-07-05T09:16:56Z,2.2,https://data.lime.bike/api/partners/v2/gbfs/vancouver_bc/gbfs.json,https://data.lime.bike/api/partners/v2/gbfs/vancouver_bc/free_bike_status,2026-07-05T09:16:54Z,2026-07-05T09:16:54Z
lime_vancouver,lime_vancouver_a535a808-0136-4a26-a0c4-4f2d0dbbeed1,a535a808-0136-4a26-a0c4-4f2d0dbbeed1,49.265144,-123.125839,2,FALSE,FALSE,16399,NA,1783242979,2026-07-05T09:16:56Z,2026-07-05T09:16:56Z,2026-07-05T09:16:56Z,2.2,https://data.lime.bike/api/partners/v2/gbfs/vancouver_bc/gbfs.json,https://data.lime.bike/api/partners/v2/gbfs/vancouver_bc/free_bike_status,2026-07-05T09:16:54Z,2026-07-05T09:16:54Z
lime_vancouver,lime_vancouver_be4e94a3-fa94-440e-a471-f2f392958a01,be4e94a3-fa94-440e-a471-f2f392958a01,49.282945,-123.134706,2,FALSE,FALSE,19763,NA,1783242979,2026-07-05T09:16:56Z,2026-07-05T09:16:56Z,2026-07-05T09:16:56Z,2.2,https://data.lime.bike/api/partners/v2/gbfs/vancouver_bc/gbfs.json,https://data.lime.bike/api/partners/v2/gbfs/vancouver_bc/free_bike_status,2026-07-05T09:16:54Z,2026-07-05T09:16:54Z
lime_vancouver,lime_vancouver_918d9a9f-ce57-439a-af47-c28490a178ae,918d9a9f-ce57-439a-af47-c28490a178ae,49.238783,-123.026908,2,FALSE,FALSE,16399,NA,1783242979,2026-07-05T09:16:56Z,2026-07-05T09:16:56Z,2026-07-05T09:16:56Z,2.2,https://data.lime.bike/api/partners/v2/gbfs/vancouver_bc/gbfs.json,https://data.lime.bike/api/partners/v2/gbfs/vancouver_bc/free_bike_status,2026-07-05T09:16:54Z,2026-07-05T09:16:54Z
lime_vancouver,lime_vancouver_13ddba85-8818-4cb8-a036-1c0ecc390b79,13ddba85-8818-4cb8-a036-1c0ecc390b79,49.266266,-123.140593,2,FALSE,FALSE,47073,NA,1783242979,2026-07-05T09:16:56Z,2026-07-05T09:16:56Z,2026-07-05T09:16:56Z,2.2,https://data.lime.bike/api/partners/v2/gbfs/vancouver_bc/gbfs.json,https://data.lime.bike/api/partners/v2/gbfs/vancouver_bc/free_bike_status,2026-07-05T09:16:54Z,2026-07-05T09:16:54Z
lime_vancouver,lime_vancouver_27cc1e12-87da-4ebf-97b4-8f0ca07082a1,27cc1e12-87da-4ebf-97b4-8f0ca07082a1,49.266173,-123.104824,2,FALSE,FALSE,14967,NA,1783242979,2026-07-05T09:16:56Z,2026-07-05T09:16:56Z,2026-07-05T09:16:56Z,2.2,https://data.lime.bike/api/partners/v2/gbfs/vancouver_bc/gbfs.json,https://data.lime.bike/api/partners/v2/gbfs/vancouver_bc/free_bike_status,2026-07-05T09:16:54Z,2026-07-05T09:16:54Z
lime_vancouver,lime_vancouver_4ff7c870-7d08-4ad6-8c6e-23a5db110354,4ff7c870-7d08-4ad6-8c6e-23a5db110354,49.254326,-123.068879,2,FALSE,FALSE,31125,NA,1783242979,2026-07-05T09:16:56Z,2026-07-05T09:16:56Z,2026-07-05T09:16:56Z,2.2,https://data.lime.bike/api/partners/v2/gbfs/vancouver_bc/gbfs.json,https://data.lime.bike/api/partners/v2/gbfs/vancouver_bc/free_bike_status,2026-07-05T09:16:54Z,2026-07-05T09:16:54Z
lime_vancouver,lime_vancouver_8ca07f2d-6f16-4541-89a3-fb4615b85153,8ca07f2d-6f16-4541-89a3-fb4615b85153,49.268676,-123.07384,2,FALSE,FALSE,17365,NA,1783242979,2026-07-05T09:16:56Z,2026-07-05T09:16:56Z,2026-07-05T09:16:56Z,2.2,https://data.lime.bike/api/partners/v2/gbfs/vancouver_bc/gbfs.json,https://data.lime.bike/api/partners/v2/gbfs/vancouver_bc/free_bike_status,2026-07-05T09:16:54Z,2026-07-05T09:16:54Z
lime_vancouver,lime_vancouver_70176144-727c-4280-8c2e-8be56b65d939,70176144-727c-4280-8c2e-8be56b65d939,49.274166,-123.124802,2,FALSE,FALSE,45528,NA,1783242979,2026-07-05T09:16:56Z,2026-07-05T09:16:56Z,2026-07-05T09:16:56Z,2.2,https://data.lime.bike/api/partners/v2/gbfs/vancouver_bc/gbfs.json,https://data.lime.bike/api/partners/v2/gbfs/vancouver_bc/free_bike_status,2026-07-05T09:16:54Z,2026-07-05T09:16:54Z
lime_vancouver,lime_vancouver_19c56628-5d0f-4082-8c27-65d834f05beb,19c56628-5d0f-4082-8c27-65d834f05beb,49.270914,-123.159572,2,FALSE,FALSE,3927,NA,1783242979,2026-07-05T09:16:56Z,2026-07-05T09:16:56Z,2026-07-05T09:16:56Z,2.2,https://data.lime.bike/api/partners/v2/gbfs/vancouver_bc/gbfs.json,https://data.lime.bike/api/partners/v2/gbfs/vancouver_bc/free_bike_status,2026-07-05T09:16:54Z,2026-07-05T09:16:54Z
lime_vancouver,lime_vancouver_b4ea416f-f32c-42ff-acdf-33f174bef150,b4ea416f-f32c-42ff-acdf-33f174bef150,49.285515,-123.130834,2,FALSE,FALSE,3927,NA,1783242979,2026-07-05T09:16:56Z,2026-07-05T09:16:56Z,2026-07-05T09:16:56Z,2.2,https://data.lime.bike/api/partners/v2/gbfs/vancouver_bc/gbfs.json,https://data.lime.bike/api/partners/v2/gbfs/vancouver_bc/free_bike_status,2026-07-05T09:16:54Z,2026-07-05T09:16:54Z
lime_vancouver,lime_vancouver_1f8de691-5c6d-48f6-9bfb-8a326a416d2d,1f8de691-5c6d-48f6-9bfb-8a326a416d2d,49.274087,-123.125575,2,FALSE,FALSE,46558,NA,1783242979,2026-07-05T09:16:56Z,2026-07-05T09:16:56Z,2026-07-05T09:16:56Z,2.2,https://data.lime.bike/api/partners/v2/gbfs/vancouver_bc/gbfs.json,https://data.lime.bike/api/partners/v2/gbfs/vancouver_bc/free_bike_status,2026-07-05T09:16:54Z,2026-07-05T09:16:54Z
lime_vancouver,lime_vancouver_6002ff2e-9d19-4a4e-9194-480d9d1c725c,6002ff2e-9d19-4a4e-9194-480d9d1c725c,49.26237,-123.095988,2,FALSE,FALSE,3492,NA,1783242979,2026-07-05T09:16:56Z,2026-07-05T09:16:56Z,2026-07-05T09:16:56Z,2.2,https://data.lime.bike/api/partners/v2/gbfs/vancouver_bc/gbfs.json,https://data.lime.bike/api/partners/v2/gbfs/vancouver_bc/free_bike_status,2026-07-05T09:16:54Z,2026-07-05T09:16:54Z
lime_vancouver,lime_vancouver_4b6d8252-019b-40d0-8711-6ec0d3c2dc98,4b6d8252-019b-40d0-8711-6ec0d3c2dc98,49.290843,-123.127623,2,FALSE,FALSE,4796,NA,1783242979,2026-07-05T09:16:56Z,2026-07-05T09:16:56Z,2026-07-05T09:16:56Z,2.2,https://data.lime.bike/api/partners/v2/gbfs/vancouver_bc/gbfs.json,https://data.lime.bike/api/partners/v2/gbfs/vancouver_bc/free_bike_status,2026-07-05T09:16:54Z,2026-07-05T09:16:54Z
lime_vancouver,lime_vancouver_02bc85fe-0aed-4d7c-b2a6-6032a5034738,02bc85fe-0aed-4d7c-b2a6-6032a5034738,49.235904,-123.05523,2,FALSE,FALSE,38302,NA,1783242979,2026-07-05T09:16:56Z,2026-07-05T09:16:56Z,2026-07-05T09:16:56Z,2.2,https://data.lime.bike/api/partners/v2/gbfs/vancouver_bc/gbfs.json,https://data.lime.bike/api/partners/v2/gbfs/vancouver_bc/free_bike_status,2026-07-05T09:16:54Z,2026-07-05T09:16:54Z
lime_vancouver,lime_vancouver_3b696642-ef58-4f83-82c3-cf5ce6136a76,3b696642-ef58-4f83-82c3-cf5ce6136a76,49.266591,-123.112432,2,FALSE,FALSE,19280,NA,1783242979,2026-07-05T09:16:56Z,2026-07-05T09:16:56Z,2026-07-05T09:16:56Z,2.2,https://data.lime.bike/api/partners/v2/gbfs/vancouver_bc/gbfs.json,https://data.lime.bike/api/partners/v2/gbfs/vancouver_bc/free_bike_status,2026-07-05T09:16:54Z,2026-07-05T09:16:54Z
lime_vancouver,lime_vancouver_7a902bb3-b58b-4776-9dd6-6560fc41f5a7,7a902bb3-b58b-4776-9dd6-6560fc41f5a7,49.266675,-123.115667,2,FALSE,FALSE,20728,NA,1783242979,2026-07-05T09:16:56Z,2026-07-05T09:16:56Z,2026-07-05T09:16:56Z,2.2,https://data.lime.bike/api/partners/v2/gbfs/vancouver_bc/gbfs.json,https://data.lime.bike/api/partners/v2/gbfs/vancouver_bc/free_bike_status,2026-07-05T09:16:54Z,2026-07-05T09:16:54Z
lime_vancouver,lime_vancouver_6107d798-92d0-44d3-8683-a35107a1ee03,6107d798-92d0-44d3-8683-a35107a1ee03,49.24285,-123.031345,2,FALSE,FALSE,33651,NA,1783242979,2026-07-05T09:16:56Z,2026-07-05T09:16:56Z,2026-07-05T09:16:56Z,2.2,https://data.lime.bike/api/partners/v2/gbfs/vancouver_bc/gbfs.json,https://data.lime.bike/api/partners/v2/gbfs/vancouver_bc/free_bike_status,2026-07-05T09:16:54Z,2026-07-05T09:16:54Z
lime_vancouver,lime_vancouver_e070eba6-1652-40f9-a75d-306771dd6741,e070eba6-1652-40f9-a75d-306771dd6741,49.264633,-123.148368,2,FALSE,FALSE,43484,NA,1783242979,2026-07-05T09:16:56Z,2026-07-05T09:16:56Z,2026-07-05T09:16:56Z,2.2,https://data.lime.bike/api/partners/v2/gbfs/vancouver_bc/gbfs.json,https://data.lime.bike/api/partners/v2/gbfs/vancouver_bc/free_bike_status,2026-07-05T09:16:54Z,2026-07-05T09:16:54Z
lime_vancouver,lime_vancouver_b92e6826-ed7c-407e-a172-beb42581bbd3,b92e6826-ed7c-407e-a172-beb42581bbd3,49.263233,-123.089269,2,FALSE,FALSE,8884,NA,1783242979,2026-07-05T09:16:56Z,2026-07-05T09:16:56Z,2026-07-05T09:16:56Z,2.2,https://data.lime.bike/api/partners/v2/gbfs/vancouver_bc/gbfs.json,https://data.lime.bike/api/partners/v2/gbfs/vancouver_bc/free_bike_status,2026-07-05T09:16:54Z,2026-07-05T09:16:54Z
lime_vancouver,lime_vancouver_4100e57e-b35a-455e-bc09-022107451384,4100e57e-b35a-455e-bc09-022107451384,49.266621,-123.112449,2,FALSE,FALSE,6132,NA,1783242979,2026-07-05T09:16:56Z,2026-07-05T09:16:56Z,2026-07-05T09:16:56Z,2.2,https://data.lime.bike/api/partners/v2/gbfs/vancouver_bc/gbfs.json,https://data.lime.bike/api/partners/v2/gbfs/vancouver_bc/free_bike_status,2026-07-05T09:16:54Z,2026-07-05T09:16:54Z
lime_vancouver,lime_vancouver_8c7c31e1-2f38-4ca4-b766-0521e17d5b1f,8c7c31e1-2f38-4ca4-b766-0521e17d5b1f,49.259884,-123.08333,2,FALSE,FALSE,13084,NA,1783242979,2026-07-05T09:16:56Z,2026-07-05T09:16:56Z,2026-07-05T09:16:56Z,2.2,https://data.lime.bike/api/partners/v2/gbfs/vancouver_bc/gbfs.json,https://data.lime.bike/api/partners/v2/gbfs/vancouver_bc/free_bike_status,2026-07-05T09:16:54Z,2026-07-05T09:16:54Z
lime_vancouver,lime_vancouver_cae96fe4-e8ee-4daf-9064-a93a1d24fea1,cae96fe4-e8ee-4daf-9064-a93a1d24fea1,49.262174,-123.04966,2,FALSE,FALSE,34166,NA,1783242979,2026-07-05T09:16:56Z,2026-07-05T09:16:56Z,2026-07-05T09:16:56Z,2.2,https://data.lime.bike/api/partners/v2/gbfs/vancouver_bc/gbfs.json,https://data.lime.bike/api/partners/v2/gbfs/vancouver_bc/free_bike_status,2026-07-05T09:16:54Z,2026-07-05T09:16:54Z
lime_vancouver,lime_vancouver_6e2dae9f-1bda-48a2-be2a-2398eab9591a,6e2dae9f-1bda-48a2-be2a-2398eab9591a,49.270494,-123.147815,2,FALSE,FALSE,2639,NA,1783242979,2026-07-05T09:16:56Z,2026-07-05T09:16:56Z,2026-07-05T09:16:56Z,2.2,https://data.lime.bike/api/partners/v2/gbfs/vancouver_bc/gbfs.json,https://data.lime.bike/api/partners/v2/gbfs/vancouver_bc/free_bike_status,2026-07-05T09:16:54Z,2026-07-05T09:16:54Z
lime_vancouver,lime_vancouver_c324bfa6-b297-4d7a-9b94-f203784dc900,c324bfa6-b297-4d7a-9b94-f203784dc900,49.281006,-123.13413,2,FALSE,FALSE,32139,NA,1783242979,2026-07-05T09:16:56Z,2026-07-05T09:16:56Z,2026-07-05T09:16:56Z,2.2,https://data.lime.bike/api/partners/v2/gbfs/vancouver_bc/gbfs.json,https://data.lime.bike/api/partners/v2/gbfs/vancouver_bc/free_bike_status,2026-07-05T09:16:54Z,2026-07-05T09:16:54Z
lime_vancouver,lime_vancouver_612c6087-ba81-41d9-8490-4e303bbbfa43,612c6087-ba81-41d9-8490-4e303bbbfa43,49.227593,-123.066092,2,FALSE,FALSE,14967,NA,1783242979,2026-07-05T09:16:56Z,2026-07-05T09:16:56Z,2026-07-05T09:16:56Z,2.2,https://data.lime.bike/api/partners/v2/gbfs/vancouver_bc/gbfs.json,https://data.lime.bike/api/partners/v2/gbfs/vancouver_bc/free_bike_status,2026-07-05T09:16:54Z,2026-07-05T09:16:54Z
lime_vancouver,lime_vancouver_e30281eb-7215-4ec4-ade2-891439927fbb,e30281eb-7215-4ec4-ade2-891439927fbb,49.283097,-123.106651,2,FALSE,FALSE,4796,NA,1783242979,2026-07-05T09:16:56Z,2026-07-05T09:16:56Z,2026-07-05T09:16:56Z,2.2,https://data.lime.bike/api/partners/v2/gbfs/vancouver_bc/gbfs.json,https://data.lime.bike/api/partners/v2/gbfs/vancouver_bc/free_bike_status,2026-07-05T09:16:54Z,2026-07-05T09:16:54Z
lime_vancouver,lime_vancouver_0835a797-14b8-47c8-b747-e6c44a8dca6d,0835a797-14b8-47c8-b747-e6c44a8dca6d,49.284037,-123.132659,2,FALSE,FALSE,4361,NA,1783242979,2026-07-05T09:16:56Z,2026-07-05T09:16:56Z,2026-07-05T09:16:56Z,2.2,https://data.lime.bike/api/partners/v2/gbfs/vancouver_bc/gbfs.json,https://data.lime.bike/api/partners/v2/gbfs/vancouver_bc/free_bike_status,2026-07-05T09:16:54Z,2026-07-05T09:16:54Z
lime_vancouver,lime_vancouver_36e31ff6-d4b2-4623-80f4-ee77fa1d7072,36e31ff6-d4b2-4623-80f4-ee77fa1d7072,49.266865,-123.049599,2,FALSE,FALSE,9334,NA,1783242979,2026-07-05T09:16:56Z,2026-07-05T09:16:56Z,2026-07-05T09:16:56Z,2.2,https://data.lime.bike/api/partners/v2/gbfs/vancouver_bc/gbfs.json,https://data.lime.bike/api/partners/v2/gbfs/vancouver_bc/free_bike_status,2026-07-05T09:16:54Z,2026-07-05T09:16:54Z
lime_vancouver,lime_vancouver_57816a0d-3ae2-4b51-b891-4221e1e9a183,57816a0d-3ae2-4b51-b891-4221e1e9a183,49.249821,-123.036504,2,FALSE,FALSE,33651,NA,1783242979,2026-07-05T09:16:56Z,2026-07-05T09:16:56Z,2026-07-05T09:16:56Z,2.2,https://data.lime.bike/api/partners/v2/gbfs/vancouver_bc/gbfs.json,https://data.lime.bike/api/partners/v2/gbfs/vancouver_bc/free_bike_status,2026-07-05T09:16:54Z,2026-07-05T09:16:54Z
lime_vancouver,lime_vancouver_f74e7a09-52db-4c7e-b141-ac52cff86c19,f74e7a09-52db-4c7e-b141-ac52cff86c19,49.238648,-123.051677,2,FALSE,FALSE,44514,NA,1783242979,2026-07-05T09:16:56Z,2026-07-05T09:16:56Z,2026-07-05T09:16:56Z,2.2,https://data.lime.bike/api/partners/v2/gbfs/vancouver_bc/gbfs.json,https://data.lime.bike/api/partners/v2/gbfs/vancouver_bc/free_bike_status,2026-07-05T09:16:54Z,2026-07-05T09:16:54Z
lime_vancouver,lime_vancouver_dcf8c0c0-7298-4d9f-a742-f33d3a69abab,dcf8c0c0-7298-4d9f-a742-f33d3a69abab,49.274066,-123.028655,2,FALSE,FALSE,10268,NA,1783242979,2026-07-05T09:16:56Z,2026-07-05T09:16:56Z,2026-07-05T09:16:56Z,2.2,https://data.lime.bike/api/partners/v2/gbfs/vancouver_bc/gbfs.json,https://data.lime.bike/api/partners/v2/gbfs/vancouver_bc/free_bike_status,2026-07-05T09:16:54Z,2026-07-05T09:16:54Z
lime_vancouver,lime_vancouver_a9728573-f9ee-45fa-acbc-167b218b14a0,a9728573-f9ee-45fa-acbc-167b218b14a0,49.24288,-123.03116,2,FALSE,FALSE,23158,NA,1783242979,2026-07-05T09:16:56Z,2026-07-05T09:16:56Z,2026-07-05T09:16:56Z,2.2,https://data.lime.bike/api/partners/v2/gbfs/vancouver_bc/gbfs.json,https://data.lime.bike/api/partners/v2/gbfs/vancouver_bc/free_bike_status,2026-07-05T09:16:54Z,2026-07-05T09:16:54Z
lime_vancouver,lime_vancouver_c4368d87-8c0b-475f-898f-7563a4de4901,c4368d87-8c0b-475f-898f-7563a4de4901,49.262643,-123.155307,2,FALSE,FALSE,9334,NA,1783242979,2026-07-05T09:16:56Z,2026-07-05T09:16:56Z,2026-07-05T09:16:56Z,2.2,https://data.lime.bike/api/partners/v2/gbfs/vancouver_bc/gbfs.json,https://data.lime.bike/api/partners/v2/gbfs/vancouver_bc/free_bike_status,2026-07-05T09:16:54Z,2026-07-05T09:16:54Z
lime_vancouver,lime_vancouver_d92172f2-3c2e-4c0f-9d58-81abea4c706b,d92172f2-3c2e-4c0f-9d58-81abea4c706b,49.254111,-123.083536,2,FALSE,FALSE,46558,NA,1783242979,2026-07-05T09:16:56Z,2026-07-05T09:16:56Z,2026-07-05T09:16:56Z,2.2,https://data.lime.bike/api/partners/v2/gbfs/vancouver_bc/gbfs.json,https://data.lime.bike/api/partners/v2/gbfs/vancouver_bc/free_bike_status,2026-07-05T09:16:54Z,2026-07-05T09:16:54Z
lime_vancouver,lime_vancouver_4b305761-740e-40e7-ba65-8cf12198168a,4b305761-740e-40e7-ba65-8cf12198168a,49.268165,-123.109421,2,FALSE,FALSE,3058,NA,1783242979,2026-07-05T09:16:56Z,2026-07-05T09:16:56Z,2026-07-05T09:16:56Z,2.2,https://data.lime.bike/api/partners/v2/gbfs/vancouver_bc/gbfs.json,https://data.lime.bike/api/partners/v2/gbfs/vancouver_bc/free_bike_status,2026-07-05T09:16:54Z,2026-07-05T09:16:54Z
lime_vancouver,lime_vancouver_70ab2b3d-89e6-492d-8fdc-94868cd97697,70ab2b3d-89e6-492d-8fdc-94868cd97697,49.257789,-123.073409,2,FALSE,FALSE,10268,NA,1783242979,2026-07-05T09:16:56Z,2026-07-05T09:16:56Z,2026-07-05T09:16:56Z,2.2,https://data.lime.bike/api/partners/v2/gbfs/vancouver_bc/gbfs.json,https://data.lime.bike/api/partners/v2/gbfs/vancouver_bc/free_bike_status,2026-07-05T09:16:54Z,2026-07-05T09:16:54Z
lime_vancouver,lime_vancouver_290d696e-cf59-4828-8124-899a758f41d6,290d696e-cf59-4828-8124-899a758f41d6,49.269486,-123.104103,2,FALSE,FALSE,45013,NA,1783242979,2026-07-05T09:16:56Z,2026-07-05T09:16:56Z,2026-07-05T09:16:56Z,2.2,https://data.lime.bike/api/partners/v2/gbfs/vancouver_bc/gbfs.json,https://data.lime.bike/api/partners/v2/gbfs/vancouver_bc/free_bike_status,2026-07-05T09:16:54Z,2026-07-05T09:16:54Z
lime_vancouver,lime_vancouver_18d6681f-49bf-444c-90fa-6de458df99a5,18d6681f-49bf-444c-90fa-6de458df99a5,49.266719,-123.115634,2,FALSE,FALSE,3058,NA,1783242979,2026-07-05T09:16:56Z,2026-07-05T09:16:56Z,2026-07-05T09:16:56Z,2.2,https://data.lime.bike/api/partners/v2/gbfs/vancouver_bc/gbfs.json,https://data.lime.bike/api/partners/v2/gbfs/vancouver_bc/free_bike_status,2026-07-05T09:16:54Z,2026-07-05T09:16:54Z
lime_vancouver,lime_vancouver_1781d10a-7da9-48fe-a447-47c1b4be9777,1781d10a-7da9-48fe-a447-47c1b4be9777,49.27765,-123.073279,2,FALSE,FALSE,11668,NA,1783242979,2026-07-05T09:16:56Z,2026-07-05T09:16:56Z,2026-07-05T09:16:56Z,2.2,https://data.lime.bike/api/partners/v2/gbfs/vancouver_bc/gbfs.json,https://data.lime.bike/api/partners/v2/gbfs/vancouver_bc/free_bike_status,2026-07-05T09:16:54Z,2026-07-05T09:16:54Z
lime_vancouver,lime_vancouver_42a7ce4b-3cdf-45ee-952b-a1b98855ac85,42a7ce4b-3cdf-45ee-952b-a1b98855ac85,49.263702,-123.131393,2,FALSE,FALSE,21211,NA,1783242979,2026-07-05T09:16:56Z,2026-07-05T09:16:56Z,2026-07-05T09:16:56Z,2.2,https://data.lime.bike/api/partners/v2/gbfs/vancouver_bc/gbfs.json,https://data.lime.bike/api/partners/v2/gbfs/vancouver_bc/free_bike_status,2026-07-05T09:16:54Z,2026-07-05T09:16:54Z
lime_vancouver,lime_vancouver_647230c5-1367-4377-b65e-c989d195d80e,647230c5-1367-4377-b65e-c989d195d80e,49.231058,-123.032505,2,FALSE,FALSE,9801,NA,1783242979,2026-07-05T09:16:56Z,2026-07-05T09:16:56Z,2026-07-05T09:16:56Z,2.2,https://data.lime.bike/api/partners/v2/gbfs/vancouver_bc/gbfs.json,https://data.lime.bike/api/partners/v2/gbfs/vancouver_bc/free_bike_status,2026-07-05T09:16:54Z,2026-07-05T09:16:54Z
lime_vancouver,lime_vancouver_cd139d50-8ab3-4740-a849-8898b7246457,cd139d50-8ab3-4740-a849-8898b7246457,49.263454,-123.099004,2,FALSE,FALSE,5246,NA,1783242979,2026-07-05T09:16:56Z,2026-07-05T09:16:56Z,2026-07-05T09:16:56Z,2.2,https://data.lime.bike/api/partners/v2/gbfs/vancouver_bc/gbfs.json,https://data.lime.bike/api/partners/v2/gbfs/vancouver_bc/free_bike_status,2026-07-05T09:16:54Z,2026-07-05T09:16:54Z
lime_vancouver,lime_vancouver_76f766d5-4283-416a-b405-ba5f5762b194,76f766d5-4283-416a-b405-ba5f5762b194,49.266387,-123.148337,2,FALSE,FALSE,14017,NA,1783242979,2026-07-05T09:16:56Z,2026-07-05T09:16:56Z,2026-07-05T09:16:56Z,2.2,https://data.lime.bike/api/partners/v2/gbfs/vancouver_bc/gbfs.json,https://data.lime.bike/api/partners/v2/gbfs/vancouver_bc/free_bike_status,2026-07-05T09:16:54Z,2026-07-05T09:16:54Z
lime_vancouver,lime_vancouver_799d52b6-eb48-4ba1-932a-6368491d7a76,799d52b6-eb48-4ba1-932a-6368491d7a76,49.262531,-123.119768,2,FALSE,FALSE,27600,NA,1783242979,2026-07-05T09:16:56Z,2026-07-05T09:16:56Z,2026-07-05T09:16:56Z,2.2,https://data.lime.bike/api/partners/v2/gbfs/vancouver_bc/gbfs.json,https://data.lime.bike/api/partners/v2/gbfs/vancouver_bc/free_bike_status,2026-07-05T09:16:54Z,2026-07-05T09:16:54Z
lime_vancouver,lime_vancouver_5dec1d40-ab6d-48b5-86f4-9da617e54948,5dec1d40-ab6d-48b5-86f4-9da617e54948,49.283963,-123.089695,2,FALSE,FALSE,14967,NA,1783242979,2026-07-05T09:16:56Z,2026-07-05T09:16:56Z,2026-07-05T09:16:56Z,2.2,https://data.lime.bike/api/partners/v2/gbfs/vancouver_bc/gbfs.json,https://data.lime.bike/api/partners/v2/gbfs/vancouver_bc/free_bike_status,2026-07-05T09:16:54Z,2026-07-05T09:16:54Z
lime_vancouver,lime_vancouver_1e937286-ac26-453e-be74-21a29ab85279,1e937286-ac26-453e-be74-21a29ab85279,49.263703,-123.157735,2,FALSE,FALSE,13084,NA,1783242979,2026-07-05T09:16:56Z,2026-07-05T09:16:56Z,2026-07-05T09:16:56Z,2.2,https://data.lime.bike/api/partners/v2/gbfs/vancouver_bc/gbfs.json,https://data.lime.bike/api/partners/v2/gbfs/vancouver_bc/free_bike_status,2026-07-05T09:16:54Z,2026-07-05T09:16:54Z
lime_vancouver,lime_vancouver_338d0235-2cae-4322-9b9d-9467517f3efb,338d0235-2cae-4322-9b9d-9467517f3efb,49.281426,-123.137257,2,FALSE,FALSE,47073,NA,1783242979,2026-07-05T09:16:56Z,2026-07-05T09:16:56Z,2026-07-05T09:16:56Z,2.2,https://data.lime.bike/api/partners/v2/gbfs/vancouver_bc/gbfs.json,https://data.lime.bike/api/partners/v2/gbfs/vancouver_bc/free_bike_status,2026-07-05T09:16:54Z,2026-07-05T09:16:54Z
lime_vancouver,lime_vancouver_736f93e2-4d96-4307-951b-1785e60f309c,736f93e2-4d96-4307-951b-1785e60f309c,49.260323,-123.073598,2,FALSE,FALSE,3492,NA,1783242979,2026-07-05T09:16:56Z,2026-07-05T09:16:56Z,2026-07-05T09:16:56Z,2.2,https://data.lime.bike/api/partners/v2/gbfs/vancouver_bc/gbfs.json,https://data.lime.bike/api/partners/v2/gbfs/vancouver_bc/free_bike_status,2026-07-05T09:16:54Z,2026-07-05T09:16:54Z
lime_vancouver,lime_vancouver_67cdeeab-741d-449e-abb1-d5437565d34e,67cdeeab-741d-449e-abb1-d5437565d34e,49.244535,-123.075891,2,FALSE,FALSE,4361,NA,1783242979,2026-07-05T09:16:56Z,2026-07-05T09:16:56Z,2026-07-05T09:16:56Z,2.2,https://data.lime.bike/api/partners/v2/gbfs/vancouver_bc/gbfs.json,https://data.lime.bike/api/partners/v2/gbfs/vancouver_bc/free_bike_status,2026-07-05T09:16:54Z,2026-07-05T09:16:54Z
lime_vancouver,lime_vancouver_f1715b4f-e1cf-4d1a-8f74-23257c754c91,f1715b4f-e1cf-4d1a-8f74-23257c754c91,49.250457,-123.026326,2,FALSE,FALSE,10734,NA,1783242979,2026-07-05T09:16:56Z,2026-07-05T09:16:56Z,2026-07-05T09:16:56Z,2.2,https://data.lime.bike/api/partners/v2/gbfs/vancouver_bc/gbfs.json,https://data.lime.bike/api/partners/v2/gbfs/vancouver_bc/free_bike_status,2026-07-05T09:16:54Z,2026-07-05T09:16:54Z
lime_vancouver,lime_vancouver_5ceb1b1a-d450-4f3b-92ec-dafd8a3e6e5a,5ceb1b1a-d450-4f3b-92ec-dafd8a3e6e5a,49.268467,-123.1598,2,FALSE,FALSE,30111,NA,1783242979,2026-07-05T09:16:56Z,2026-07-05T09:16:56Z,2026-07-05T09:16:56Z,2.2,https://data.lime.bike/api/partners/v2/gbfs/vancouver_bc/gbfs.json,https://data.lime.bike/api/partners/v2/gbfs/vancouver_bc/free_bike_status,2026-07-05T09:16:54Z,2026-07-05T09:16:54Z
lime_vancouver,lime_vancouver_6f30ed2d-17f6-468b-81aa-feae350daae0,6f30ed2d-17f6-468b-81aa-feae350daae0,49.263371,-123.061961,2,FALSE,FALSE,40395,NA,1783242979,2026-07-05T09:16:56Z,2026-07-05T09:16:56Z,2026-07-05T09:16:56Z,2.2,https://data.lime.bike/api/partners/v2/gbfs/vancouver_bc/gbfs.json,https://data.lime.bike/api/partners/v2/gbfs/vancouver_bc/free_bike_status,2026-07-05T09:16:54Z,2026-07-05T09:16:54Z
lime_vancouver,lime_vancouver_68215d73-148c-41c9-83d6-c9b1eb58c9c7,68215d73-148c-41c9-83d6-c9b1eb58c9c7,49.240745,-123.038018,2,FALSE,FALSE,19280,NA,1783242979,2026-07-05T09:16:56Z,2026-07-05T09:16:56Z,2026-07-05T09:16:56Z,2.2,https://data.lime.bike/api/partners/v2/gbfs/vancouver_bc/gbfs.json,https://data.lime.bike/api/partners/v2/gbfs/vancouver_bc/free_bike_status,2026-07-05T09:16:54Z,2026-07-05T09:16:54Z
lime_vancouver,lime_vancouver_f18eed3d-e30c-403b-bde2-ef27106d27ea,f18eed3d-e30c-403b-bde2-ef27106d27ea,49.262201,-123.111256,2,FALSE,FALSE,17365,NA,1783242979,2026-07-05T09:16:56Z,2026-07-05T09:16:56Z,2026-07-05T09:16:56Z,2.2,https://data.lime.bike/api/partners/v2/gbfs/vancouver_bc/gbfs.json,https://data.lime.bike/api/partners/v2/gbfs/vancouver_bc/free_bike_status,2026-07-05T09:16:54Z,2026-07-05T09:16:54Z
lime_vancouver,lime_vancouver_09d5a177-91fb-4008-b6b3-9eb252a05de5,09d5a177-91fb-4008-b6b3-9eb252a05de5,49.273792,-123.124818,2,FALSE,FALSE,46558,NA,1783242979,2026-07-05T09:16:56Z,2026-07-05T09:16:56Z,2026-07-05T09:16:56Z,2.2,https://data.lime.bike/api/partners/v2/gbfs/vancouver_bc/gbfs.json,https://data.lime.bike/api/partners/v2/gbfs/vancouver_bc/free_bike_status,2026-07-05T09:16:54Z,2026-07-05T09:16:54Z
lime_vancouver,lime_vancouver_49cc5e80-9aea-4d8e-bffa-d94f131a000b,49cc5e80-9aea-4d8e-bffa-d94f131a000b,49.2715,-123.146721,2,FALSE,FALSE,4361,NA,1783242979,2026-07-05T09:16:56Z,2026-07-05T09:16:56Z,2026-07-05T09:16:56Z,2.2,https://data.lime.bike/api/partners/v2/gbfs/vancouver_bc/gbfs.json,https://data.lime.bike/api/partners/v2/gbfs/vancouver_bc/free_bike_status,2026-07-05T09:16:54Z,2026-07-05T09:16:54Z
lime_vancouver,lime_vancouver_22f3f969-a001-4ae0-80a3-b01f5990f616,22f3f969-a001-4ae0-80a3-b01f5990f616,49.266667,-123.115695,2,FALSE,FALSE,20246,NA,1783242979,2026-07-05T09:16:56Z,2026-07-05T09:16:56Z,2026-07-05T09:16:56Z,2.2,https://data.lime.bike/api/partners/v2/gbfs/vancouver_bc/gbfs.json,https://data.lime.bike/api/partners/v2/gbfs/vancouver_bc/free_bike_status,2026-07-05T09:16:54Z,2026-07-05T09:16:54Z
lime_vancouver,lime_vancouver_9ed49f57-513a-4d57-842c-791e439a47ac,9ed49f57-513a-4d57-842c-791e439a47ac,49.266924,-123.143346,2,FALSE,FALSE,10268,NA,1783242979,2026-07-05T09:16:56Z,2026-07-05T09:16:56Z,2026-07-05T09:16:56Z,2.2,https://data.lime.bike/api/partners/v2/gbfs/vancouver_bc/gbfs.json,https://data.lime.bike/api/partners/v2/gbfs/vancouver_bc/free_bike_status,2026-07-05T09:16:54Z,2026-07-05T09:16:54Z
lime_vancouver,lime_vancouver_55cbe9dd-3942-4ffa-8da5-1458f93ceb9a,55cbe9dd-3942-4ffa-8da5-1458f93ceb9a,49.266403,-123.148368,2,FALSE,FALSE,14500,NA,1783242979,2026-07-05T09:16:56Z,2026-07-05T09:16:56Z,2026-07-05T09:16:56Z,2.2,https://data.lime.bike/api/partners/v2/gbfs/vancouver_bc/gbfs.json,https://data.lime.bike/api/partners/v2/gbfs/vancouver_bc/free_bike_status,2026-07-05T09:16:54Z,2026-07-05T09:16:54Z
lime_vancouver,lime_vancouver_4e249367-46fe-4e55-9873-70666663347a,4e249367-46fe-4e55-9873-70666663347a,49.256356,-123.044562,2,FALSE,FALSE,40395,NA,1783242979,2026-07-05T09:16:56Z,2026-07-05T09:16:56Z,2026-07-05T09:16:56Z,2.2,https://data.lime.bike/api/partners/v2/gbfs/vancouver_bc/gbfs.json,https://data.lime.bike/api/partners/v2/gbfs/vancouver_bc/free_bike_status,2026-07-05T09:16:54Z,2026-07-05T09:16:54Z
lime_vancouver,lime_vancouver_d8f63b85-8c90-45e9-9b44-8e566a529f9d,d8f63b85-8c90-45e9-9b44-8e566a529f9d,49.259288,-123.045324,2,FALSE,FALSE,19763,NA,1783242979,2026-07-05T09:16:56Z,2026-07-05T09:16:56Z,2026-07-05T09:16:56Z,2.2,https://data.lime.bike/api/partners/v2/gbfs/vancouver_bc/gbfs.json,https://data.lime.bike/api/partners/v2/gbfs/vancouver_bc/free_bike_status,2026-07-05T09:16:54Z,2026-07-05T09:16:54Z
lime_vancouver,lime_vancouver_9d3ec9f4-2b04-4e83-af72-2d0d62f6a8aa,9d3ec9f4-2b04-4e83-af72-2d0d62f6a8aa,49.290986,-123.127647,2,FALSE,FALSE,4796,NA,1783242979,2026-07-05T09:16:56Z,2026-07-05T09:16:56Z,2026-07-05T09:16:56Z,2.2,https://data.lime.bike/api/partners/v2/gbfs/vancouver_bc/gbfs.json,https://data.lime.bike/api/partners/v2/gbfs/vancouver_bc/free_bike_status,2026-07-05T09:16:54Z,2026-07-05T09:16:54Z
lime_vancouver,lime_vancouver_867eb9eb-d3c3-44e0-b3af-eb82268bbc71,867eb9eb-d3c3-44e0-b3af-eb82268bbc71,49.285471,-123.046779,2,FALSE,FALSE,25122,NA,1783242979,2026-07-05T09:16:56Z,2026-07-05T09:16:56Z,2026-07-05T09:16:56Z,2.2,https://data.lime.bike/api/partners/v2/gbfs/vancouver_bc/gbfs.json,https://data.lime.bike/api/partners/v2/gbfs/vancouver_bc/free_bike_status,2026-07-05T09:16:54Z,2026-07-05T09:16:54Z
lime_vancouver,lime_vancouver_d6fa4aab-9628-438d-abce-8467e8309ac0,d6fa4aab-9628-438d-abce-8467e8309ac0,49.271822,-123.164694,2,FALSE,FALSE,31125,NA,1783242979,2026-07-05T09:16:56Z,2026-07-05T09:16:56Z,2026-07-05T09:16:56Z,2.2,https://data.lime.bike/api/partners/v2/gbfs/vancouver_bc/gbfs.json,https://data.lime.bike/api/partners/v2/gbfs/vancouver_bc/free_bike_status,2026-07-05T09:16:54Z,2026-07-05T09:16:54Z
lime_vancouver,lime_vancouver_da172f86-6c54-4260-937b-25446e0105b0,da172f86-6c54-4260-937b-25446e0105b0,49.258373,-123.049895,2,FALSE,FALSE,46558,NA,1783242979,2026-07-05T09:16:56Z,2026-07-05T09:16:56Z,2026-07-05T09:16:56Z,2.2,https://data.lime.bike/api/partners/v2/gbfs/vancouver_bc/gbfs.json,https://data.lime.bike/api/partners/v2/gbfs/vancouver_bc/free_bike_status,2026-07-05T09:16:54Z,2026-07-05T09:16:54Z
lime_vancouver,lime_vancouver_1694cb65-089c-4a0b-bd64-cdfba0ab76a2,1694cb65-089c-4a0b-bd64-cdfba0ab76a2,49.274622,-123.087209,2,FALSE,FALSE,43999,NA,1783242979,2026-07-05T09:16:56Z,2026-07-05T09:16:56Z,2026-07-05T09:16:56Z,2.2,https://data.lime.bike/api/partners/v2/gbfs/vancouver_bc/gbfs.json,https://data.lime.bike/api/partners/v2/gbfs/vancouver_bc/free_bike_status,2026-07-05T09:16:54Z,2026-07-05T09:16:54Z
lime_vancouver,lime_vancouver_6e17aa45-b854-48d4-b638-984610e03a9e,6e17aa45-b854-48d4-b638-984610e03a9e,49.277314,-123.080018,2,FALSE,FALSE,37272,NA,1783242979,2026-07-05T09:16:56Z,2026-07-05T09:16:56Z,2026-07-05T09:16:56Z,2.2,https://data.lime.bike/api/partners/v2/gbfs/vancouver_bc/gbfs.json,https://data.lime.bike/api/partners/v2/gbfs/vancouver_bc/free_bike_status,2026-07-05T09:16:54Z,2026-07-05T09:16:54Z
lime_vancouver,lime_vancouver_e479c7fa-2773-402a-9c04-b8c90008497a,e479c7fa-2773-402a-9c04-b8c90008497a,49.26636,-123.084885,2,FALSE,FALSE,39880,NA,1783242979,2026-07-05T09:16:56Z,2026-07-05T09:16:56Z,2026-07-05T09:16:56Z,2.2,https://data.lime.bike/api/partners/v2/gbfs/vancouver_bc/gbfs.json,https://data.lime.bike/api/partners/v2/gbfs/vancouver_bc/free_bike_status,2026-07-05T09:16:54Z,2026-07-05T09:16:54Z
lime_vancouver,lime_vancouver_4f378fd0-ac77-4344-a82e-fc084237b046,4f378fd0-ac77-4344-a82e-fc084237b046,49.266208,-123.098757,2,FALSE,FALSE,3927,NA,1783242979,2026-07-05T09:16:56Z,2026-07-05T09:16:56Z,2026-07-05T09:16:56Z,2.2,https://data.lime.bike/api/partners/v2/gbfs/vancouver_bc/gbfs.json,https://data.lime.bike/api/partners/v2/gbfs/vancouver_bc/free_bike_status,2026-07-05T09:16:54Z,2026-07-05T09:16:54Z
lime_vancouver,lime_vancouver_da4fad7b-6790-47ff-9308-27ba5f4f30b9,da4fad7b-6790-47ff-9308-27ba5f4f30b9,49.2692,-123.039037,2,FALSE,FALSE,25605,NA,1783242979,2026-07-05T09:16:56Z,2026-07-05T09:16:56Z,2026-07-05T09:16:56Z,2.2,https://data.lime.bike/api/partners/v2/gbfs/vancouver_bc/gbfs.json,https://data.lime.bike/api/partners/v2/gbfs/vancouver_bc/free_bike_status,2026-07-05T09:16:54Z,2026-07-05T09:16:54Z
lime_vancouver,lime_vancouver_fd4808ab-9d96-4551-8076-0c7cf7cff4f9,fd4808ab-9d96-4551-8076-0c7cf7cff4f9,49.261497,-123.079721,2,FALSE,FALSE,34166,NA,1783242979,2026-07-05T09:16:56Z,2026-07-05T09:16:56Z,2026-07-05T09:16:56Z,2.2,https://data.lime.bike/api/partners/v2/gbfs/vancouver_bc/gbfs.json,https://data.lime.bike/api/partners/v2/gbfs/vancouver_bc/free_bike_status,2026-07-05T09:16:54Z,2026-07-05T09:16:54Z
lime_vancouver,lime_vancouver_5958feb0-9b27-4ab2-bac4-0e60bf082faf,5958feb0-9b27-4ab2-bac4-0e60bf082faf,49.26552,-123.143795,2,FALSE,FALSE,31624,NA,1783242979,2026-07-05T09:16:56Z,2026-07-05T09:16:56Z,2026-07-05T09:16:56Z,2.2,https://data.lime.bike/api/partners/v2/gbfs/vancouver_bc/gbfs.json,https://data.lime.bike/api/partners/v2/gbfs/vancouver_bc/free_bike_status,2026-07-05T09:16:54Z,2026-07-05T09:16:54Z
lime_vancouver,lime_vancouver_684a82da-ca49-440b-8ba1-7d41d6bdebcd,684a82da-ca49-440b-8ba1-7d41d6bdebcd,49.227213,-123.074263,2,FALSE,FALSE,5697,NA,1783242979,2026-07-05T09:16:56Z,2026-07-05T09:16:56Z,2026-07-05T09:16:56Z,2.2,https://data.lime.bike/api/partners/v2/gbfs/vancouver_bc/gbfs.json,https://data.lime.bike/api/partners/v2/gbfs/vancouver_bc/free_bike_status,2026-07-05T09:16:54Z,2026-07-05T09:16:54Z
lime_vancouver,lime_vancouver_2caa35f1-1baa-42cc-bc92-52ed17169e18,2caa35f1-1baa-42cc-bc92-52ed17169e18,49.263872,-123.034102,2,FALSE,FALSE,32139,NA,1783242979,2026-07-05T09:16:56Z,2026-07-05T09:16:56Z,2026-07-05T09:16:56Z,2.2,https://data.lime.bike/api/partners/v2/gbfs/vancouver_bc/gbfs.json,https://data.lime.bike/api/partners/v2/gbfs/vancouver_bc/free_bike_status,2026-07-05T09:16:54Z,2026-07-05T09:16:54Z
lime_vancouver,lime_vancouver_452a8a34-29d0-4152-9ce4-26293c965bb0,452a8a34-29d0-4152-9ce4-26293c965bb0,49.260534,-123.073682,2,FALSE,FALSE,23158,NA,1783242979,2026-07-05T09:16:56Z,2026-07-05T09:16:56Z,2026-07-05T09:16:56Z,2.2,https://data.lime.bike/api/partners/v2/gbfs/vancouver_bc/gbfs.json,https://data.lime.bike/api/partners/v2/gbfs/vancouver_bc/free_bike_status,2026-07-05T09:16:54Z,2026-07-05T09:16:54Z
lime_vancouver,lime_vancouver_af56bde8-afa2-434f-9ba5-6702936ee627,af56bde8-afa2-434f-9ba5-6702936ee627,49.238587,-123.051687,2,FALSE,FALSE,44514,NA,1783242979,2026-07-05T09:16:56Z,2026-07-05T09:16:56Z,2026-07-05T09:16:56Z,2.2,https://data.lime.bike/api/partners/v2/gbfs/vancouver_bc/gbfs.json,https://data.lime.bike/api/partners/v2/gbfs/vancouver_bc/free_bike_status,2026-07-05T09:16:54Z,2026-07-05T09:16:54Z
lime_vancouver,lime_vancouver_2a11607f-55c4-437f-854e-1b25f873f6d1,2a11607f-55c4-437f-854e-1b25f873f6d1,49.263676,-123.157642,2,FALSE,FALSE,45013,NA,1783242979,2026-07-05T09:16:56Z,2026-07-05T09:16:56Z,2026-07-05T09:16:56Z,2.2,https://data.lime.bike/api/partners/v2/gbfs/vancouver_bc/gbfs.json,https://data.lime.bike/api/partners/v2/gbfs/vancouver_bc/free_bike_status,2026-07-05T09:16:54Z,2026-07-05T09:16:54Z
lime_vancouver,lime_vancouver_3ee96a0e-ba02-4017-bbf4-f0fe31943c95,3ee96a0e-ba02-4017-bbf4-f0fe31943c95,49.239957,-123.074139,2,FALSE,FALSE,7049,NA,1783242979,2026-07-05T09:16:56Z,2026-07-05T09:16:56Z,2026-07-05T09:16:56Z,2.2,https://data.lime.bike/api/partners/v2/gbfs/vancouver_bc/gbfs.json,https://data.lime.bike/api/partners/v2/gbfs/vancouver_bc/free_bike_status,2026-07-05T09:16:54Z,2026-07-05T09:16:54Z
lime_vancouver,lime_vancouver_7e8bd12f-bb07-41d8-9b6d-77111ca5b750,7e8bd12f-bb07-41d8-9b6d-77111ca5b750,49.276672,-123.062055,2,FALSE,FALSE,6132,NA,1783242979,2026-07-05T09:16:56Z,2026-07-05T09:16:56Z,2026-07-05T09:16:56Z,2.2,https://data.lime.bike/api/partners/v2/gbfs/vancouver_bc/gbfs.json,https://data.lime.bike/api/partners/v2/gbfs/vancouver_bc/free_bike_status,2026-07-05T09:16:54Z,2026-07-05T09:16:54Z
lime_vancouver,lime_vancouver_a7681f15-0ba3-46f7-b81c-88ff3db21145,a7681f15-0ba3-46f7-b81c-88ff3db21145,49.274071,-123.028686,2,FALSE,FALSE,38833,NA,1783242979,2026-07-05T09:16:56Z,2026-07-05T09:16:56Z,2026-07-05T09:16:56Z,2.2,https://data.lime.bike/api/partners/v2/gbfs/vancouver_bc/gbfs.json,https://data.lime.bike/api/partners/v2/gbfs/vancouver_bc/free_bike_status,2026-07-05T09:16:54Z,2026-07-05T09:16:54Z
lime_vancouver,lime_vancouver_01ed8735-57b2-4d42-bdfc-fa4c3e604e7d,01ed8735-57b2-4d42-bdfc-fa4c3e604e7d,49.254627,-123.049607,2,FALSE,FALSE,9334,NA,1783242979,2026-07-05T09:16:56Z,2026-07-05T09:16:56Z,2026-07-05T09:16:56Z,2.2,https://data.lime.bike/api/partners/v2/gbfs/vancouver_bc/gbfs.json,https://data.lime.bike/api/partners/v2/gbfs/vancouver_bc/free_bike_status,2026-07-05T09:16:54Z,2026-07-05T09:16:54Z
lime_vancouver,lime_vancouver_8df415ee-09b7-4873-8d91-f55bdf932381,8df415ee-09b7-4873-8d91-f55bdf932381,49.280781,-123.08483,2,FALSE,FALSE,26602,NA,1783242979,2026-07-05T09:16:56Z,2026-07-05T09:16:56Z,2026-07-05T09:16:56Z,2.2,https://data.lime.bike/api/partners/v2/gbfs/vancouver_bc/gbfs.json,https://data.lime.bike/api/partners/v2/gbfs/vancouver_bc/free_bike_status,2026-07-05T09:16:54Z,2026-07-05T09:16:54Z
lime_vancouver,lime_vancouver_ef187739-1514-4975-98d3-dd70d3410754,ef187739-1514-4975-98d3-dd70d3410754,49.263612,-123.131296,2,FALSE,FALSE,19763,NA,1783242979,2026-07-05T09:16:56Z,2026-07-05T09:16:56Z,2026-07-05T09:16:56Z,2.2,https://data.lime.bike/api/partners/v2/gbfs/vancouver_bc/gbfs.json,https://data.lime.bike/api/partners/v2/gbfs/vancouver_bc/free_bike_status,2026-07-05T09:16:54Z,2026-07-05T09:16:54Z
lime_vancouver,lime_vancouver_431438e9-972f-42d7-aff1-0e47d86dea14,431438e9-972f-42d7-aff1-0e47d86dea14,49.271603,-123.073377,2,FALSE,FALSE,11668,NA,1783242979,2026-07-05T09:16:56Z,2026-07-05T09:16:56Z,2026-07-05T09:16:56Z,2.2,https://data.lime.bike/api/partners/v2/gbfs/vancouver_bc/gbfs.json,https://data.lime.bike/api/partners/v2/gbfs/vancouver_bc/free_bike_status,2026-07-05T09:16:54Z,2026-07-05T09:16:54Z
lime_vancouver,lime_vancouver_2f12d425-a9fb-4512-9cda-90166b347d93,2f12d425-a9fb-4512-9cda-90166b347d93,49.281412,-123.137344,2,FALSE,FALSE,5246,NA,1783242979,2026-07-05T09:16:56Z,2026-07-05T09:16:56Z,2026-07-05T09:16:56Z,2.2,https://data.lime.bike/api/partners/v2/gbfs/vancouver_bc/gbfs.json,https://data.lime.bike/api/partners/v2/gbfs/vancouver_bc/free_bike_status,2026-07-05T09:16:54Z,2026-07-05T09:16:54Z
lime_vancouver,lime_vancouver_62dc2fbc-6aa8-44b3-aeb4-3a0717707bca,62dc2fbc-6aa8-44b3-aeb4-3a0717707bca,49.246249,-123.033508,2,FALSE,FALSE,5697,NA,1783242979,2026-07-05T09:16:56Z,2026-07-05T09:16:56Z,2026-07-05T09:16:56Z,2.2,https://data.lime.bike/api/partners/v2/gbfs/vancouver_bc/gbfs.json,https://data.lime.bike/api/partners/v2/gbfs/vancouver_bc/free_bike_status,2026-07-05T09:16:54Z,2026-07-05T09:16:54Z
lime_vancouver,lime_vancouver_34ea1192-8cbd-4ec8-a653-b1a6507da6ca,34ea1192-8cbd-4ec8-a653-b1a6507da6ca,49.257757,-123.073497,2,FALSE,FALSE,28099,NA,1783242979,2026-07-05T09:16:56Z,2026-07-05T09:16:56Z,2026-07-05T09:16:56Z,2.2,https://data.lime.bike/api/partners/v2/gbfs/vancouver_bc/gbfs.json,https://data.lime.bike/api/partners/v2/gbfs/vancouver_bc/free_bike_status,2026-07-05T09:16:54Z,2026-07-05T09:16:54Z
lime_vancouver,lime_vancouver_d39aa7f2-a153-4441-9a1d-e265f970fa9a,d39aa7f2-a153-4441-9a1d-e265f970fa9a,49.283127,-123.046654,2,FALSE,FALSE,36226,NA,1783242979,2026-07-05T09:16:56Z,2026-07-05T09:16:56Z,2026-07-05T09:16:56Z,2.2,https://data.lime.bike/api/partners/v2/gbfs/vancouver_bc/gbfs.json,https://data.lime.bike/api/partners/v2/gbfs/vancouver_bc/free_bike_status,2026-07-05T09:16:54Z,2026-07-05T09:16:54Z
lime_vancouver,lime_vancouver_9285a859-5a76-4b77-afed-515e8da9bcb5,9285a859-5a76-4b77-afed-515e8da9bcb5,49.279521,-123.068439,2,FALSE,FALSE,31624,NA,1783242979,2026-07-05T09:16:56Z,2026-07-05T09:16:56Z,2026-07-05T09:16:56Z,2.2,https://data.lime.bike/api/partners/v2/gbfs/vancouver_bc/gbfs.json,https://data.lime.bike/api/partners/v2/gbfs/vancouver_bc/free_bike_status,2026-07-05T09:16:54Z,2026-07-05T09:16:54Z
lime_vancouver,lime_vancouver_9500db16-a30f-4686-a9b8-7c46d8373c5d,9500db16-a30f-4686-a9b8-7c46d8373c5d,49.269156,-123.150289,2,FALSE,FALSE,18797,NA,1783242979,2026-07-05T09:16:56Z,2026-07-05T09:16:56Z,2026-07-05T09:16:56Z,2.2,https://data.lime.bike/api/partners/v2/gbfs/vancouver_bc/gbfs.json,https://data.lime.bike/api/partners/v2/gbfs/vancouver_bc/free_bike_status,2026-07-05T09:16:54Z,2026-07-05T09:16:54Z
lime_vancouver,lime_vancouver_315217ff-1ce8-4171-a8e9-06f8895be32e,315217ff-1ce8-4171-a8e9-06f8895be32e,49.284064,-123.132653,2,FALSE,FALSE,15916,NA,1783242979,2026-07-05T09:16:56Z,2026-07-05T09:16:56Z,2026-07-05T09:16:56Z,2.2,https://data.lime.bike/api/partners/v2/gbfs/vancouver_bc/gbfs.json,https://data.lime.bike/api/partners/v2/gbfs/vancouver_bc/free_bike_status,2026-07-05T09:16:54Z,2026-07-05T09:16:54Z
lime_vancouver,lime_vancouver_1d3f3e20-e0ae-4200-b807-5afeec5d0590,1d3f3e20-e0ae-4200-b807-5afeec5d0590,49.274972,-123.067683,2,FALSE,FALSE,13551,NA,1783242979,2026-07-05T09:16:56Z,2026-07-05T09:16:56Z,2026-07-05T09:16:56Z,2.2,https://data.lime.bike/api/partners/v2/gbfs/vancouver_bc/gbfs.json,https://data.lime.bike/api/partners/v2/gbfs/vancouver_bc/free_bike_status,2026-07-05T09:16:54Z,2026-07-05T09:16:54Z
lime_vancouver,lime_vancouver_aacc512d-4891-409c-9f00-594bf2cd3649,aacc512d-4891-409c-9f00-594bf2cd3649,49.262662,-123.139106,2,FALSE,FALSE,16882,NA,1783242979,2026-07-05T09:16:56Z,2026-07-05T09:16:56Z,2026-07-05T09:16:56Z,2.2,https://data.lime.bike/api/partners/v2/gbfs/vancouver_bc/gbfs.json,https://data.lime.bike/api/partners/v2/gbfs/vancouver_bc/free_bike_status,2026-07-05T09:16:54Z,2026-07-05T09:16:54Z
lime_vancouver,lime_vancouver_823628e8-5021-485e-9fb4-e453279dfbfc,823628e8-5021-485e-9fb4-e453279dfbfc,49.283085,-123.134463,2,FALSE,FALSE,21211,NA,1783242979,2026-07-05T09:16:56Z,2026-07-05T09:16:56Z,2026-07-05T09:16:56Z,2.2,https://data.lime.bike/api/partners/v2/gbfs/vancouver_bc/gbfs.json,https://data.lime.bike/api/partners/v2/gbfs/vancouver_bc/free_bike_status,2026-07-05T09:16:54Z,2026-07-05T09:16:54Z
lime_vancouver,lime_vancouver_190242c3-15f0-41a1-8ca5-3f1ca8c7fdc6,190242c3-15f0-41a1-8ca5-3f1ca8c7fdc6,49.265383,-123.09664,2,FALSE,FALSE,26104,NA,1783242979,2026-07-05T09:16:56Z,2026-07-05T09:16:56Z,2026-07-05T09:16:56Z,2.2,https://data.lime.bike/api/partners/v2/gbfs/vancouver_bc/gbfs.json,https://data.lime.bike/api/partners/v2/gbfs/vancouver_bc/free_bike_status,2026-07-05T09:16:54Z,2026-07-05T09:16:54Z
lime_vancouver,lime_vancouver_6db29576-5960-484b-876a-db60048b7bec,6db29576-5960-484b-876a-db60048b7bec,49.277486,-123.05772,2,FALSE,FALSE,3927,NA,1783242979,2026-07-05T09:16:56Z,2026-07-05T09:16:56Z,2026-07-05T09:16:56Z,2.2,https://data.lime.bike/api/partners/v2/gbfs/vancouver_bc/gbfs.json,https://data.lime.bike/api/partners/v2/gbfs/vancouver_bc/free_bike_status,2026-07-05T09:16:54Z,2026-07-05T09:16:54Z
lime_vancouver,lime_vancouver_2f8e37c7-eb4f-4fcc-bb0c-0ded6fea3a8d,2f8e37c7-eb4f-4fcc-bb0c-0ded6fea3a8d,49.268387,-123.159803,2,FALSE,FALSE,4361,NA,1783242979,2026-07-05T09:16:56Z,2026-07-05T09:16:56Z,2026-07-05T09:16:56Z,2.2,https://data.lime.bike/api/partners/v2/gbfs/vancouver_bc/gbfs.json,https://data.lime.bike/api/partners/v2/gbfs/vancouver_bc/free_bike_status,2026-07-05T09:16:54Z,2026-07-05T09:16:54Z
lime_vancouver,lime_vancouver_1c066e8f-4f88-4c2d-8e7c-f6799974856f,1c066e8f-4f88-4c2d-8e7c-f6799974856f,49.28018,-123.131613,2,FALSE,FALSE,6582,NA,1783242979,2026-07-05T09:16:56Z,2026-07-05T09:16:56Z,2026-07-05T09:16:56Z,2.2,https://data.lime.bike/api/partners/v2/gbfs/vancouver_bc/gbfs.json,https://data.lime.bike/api/partners/v2/gbfs/vancouver_bc/free_bike_status,2026-07-05T09:16:54Z,2026-07-05T09:16:54Z
lime_vancouver,lime_vancouver_37db0093-a44b-41b8-bb5b-d3c120d191fa,37db0093-a44b-41b8-bb5b-d3c120d191fa,49.268264,-123.154505,2,FALSE,FALSE,7726,NA,1783242979,2026-07-05T09:16:56Z,2026-07-05T09:16:56Z,2026-07-05T09:16:56Z,2.2,https://data.lime.bike/api/partners/v2/gbfs/vancouver_bc/gbfs.json,https://data.lime.bike/api/partners/v2/gbfs/vancouver_bc/free_bike_status,2026-07-05T09:16:54Z,2026-07-05T09:16:54Z
lime_vancouver,lime_vancouver_76512747-b1f6-4b77-a9ed-dc2e342109a0,76512747-b1f6-4b77-a9ed-dc2e342109a0,49.264942,-123.164904,2,FALSE,FALSE,32139,NA,1783242979,2026-07-05T09:16:56Z,2026-07-05T09:16:56Z,2026-07-05T09:16:56Z,2.2,https://data.lime.bike/api/partners/v2/gbfs/vancouver_bc/gbfs.json,https://data.lime.bike/api/partners/v2/gbfs/vancouver_bc/free_bike_status,2026-07-05T09:16:54Z,2026-07-05T09:16:54Z
lime_vancouver,lime_vancouver_84d6ccb2-fe28-4d83-959b-0fc0205eb6ca,84d6ccb2-fe28-4d83-959b-0fc0205eb6ca,49.266797,-123.109508,2,FALSE,FALSE,3058,NA,1783242979,2026-07-05T09:16:56Z,2026-07-05T09:16:56Z,2026-07-05T09:16:56Z,2.2,https://data.lime.bike/api/partners/v2/gbfs/vancouver_bc/gbfs.json,https://data.lime.bike/api/partners/v2/gbfs/vancouver_bc/free_bike_status,2026-07-05T09:16:54Z,2026-07-05T09:16:54Z
lime_vancouver,lime_vancouver_49b8e696-ebe9-4e23-b5a8-fe90fb1ffc37,49b8e696-ebe9-4e23-b5a8-fe90fb1ffc37,49.262718,-123.146205,2,FALSE,FALSE,11201,NA,1783242979,2026-07-05T09:16:56Z,2026-07-05T09:16:56Z,2026-07-05T09:16:56Z,2.2,https://data.lime.bike/api/partners/v2/gbfs/vancouver_bc/gbfs.json,https://data.lime.bike/api/partners/v2/gbfs/vancouver_bc/free_bike_status,2026-07-05T09:16:54Z,2026-07-05T09:16:54Z
lime_vancouver,lime_vancouver_7f506442-384d-4d90-9742-3bc2072fb920,7f506442-384d-4d90-9742-3bc2072fb920,49.280138,-123.131635,2,FALSE,FALSE,26602,NA,1783242979,2026-07-05T09:16:56Z,2026-07-05T09:16:56Z,2026-07-05T09:16:56Z,2.2,https://data.lime.bike/api/partners/v2/gbfs/vancouver_bc/gbfs.json,https://data.lime.bike/api/partners/v2/gbfs/vancouver_bc/free_bike_status,2026-07-05T09:16:54Z,2026-07-05T09:16:54Z
lime_vancouver,lime_vancouver_4e266670-4d3a-4f34-8eb7-3ee472fb12ac,4e266670-4d3a-4f34-8eb7-3ee472fb12ac,49.266674,-123.11568,2,FALSE,FALSE,7049,NA,1783242979,2026-07-05T09:16:56Z,2026-07-05T09:16:56Z,2026-07-05T09:16:56Z,2.2,https://data.lime.bike/api/partners/v2/gbfs/vancouver_bc/gbfs.json,https://data.lime.bike/api/partners/v2/gbfs/vancouver_bc/free_bike_status,2026-07-05T09:16:54Z,2026-07-05T09:16:54Z
lime_vancouver,lime_vancouver_bd85649b-1ded-44db-acbe-59fd7ee95a94,bd85649b-1ded-44db-acbe-59fd7ee95a94,49.26558,-123.143615,2,FALSE,FALSE,39348,NA,1783242979,2026-07-05T09:16:56Z,2026-07-05T09:16:56Z,2026-07-05T09:16:56Z,2.2,https://data.lime.bike/api/partners/v2/gbfs/vancouver_bc/gbfs.json,https://data.lime.bike/api/partners/v2/gbfs/vancouver_bc/free_bike_status,2026-07-05T09:16:54Z,2026-07-05T09:16:54Z
lime_vancouver,lime_vancouver_422d762c-3bf3-4fb5-b0a0-aa7a0a9fc748,422d762c-3bf3-4fb5-b0a0-aa7a0a9fc748,49.229176,-123.023937,2,FALSE,FALSE,15981,NA,1783242979,2026-07-05T09:16:56Z,2026-07-05T09:16:56Z,2026-07-05T09:16:56Z,2.2,https://data.lime.bike/api/partners/v2/gbfs/vancouver_bc/gbfs.json,https://data.lime.bike/api/partners/v2/gbfs/vancouver_bc/free_bike_status,2026-07-05T09:16:54Z,2026-07-05T09:16:54Z
lime_vancouver,lime_vancouver_f89e07ec-73bc-4786-8daa-14d966e6abf4,f89e07ec-73bc-4786-8daa-14d966e6abf4,49.284118,-123.13258,2,FALSE,FALSE,17832,NA,1783242979,2026-07-05T09:16:56Z,2026-07-05T09:16:56Z,2026-07-05T09:16:56Z,2.2,https://data.lime.bike/api/partners/v2/gbfs/vancouver_bc/gbfs.json,https://data.lime.bike/api/partners/v2/gbfs/vancouver_bc/free_bike_status,2026-07-05T09:16:54Z,2026-07-05T09:16:54Z
lime_vancouver,lime_vancouver_86b53150-3a2b-4160-99cf-6866844e0e11,86b53150-3a2b-4160-99cf-6866844e0e11,49.264653,-123.148501,2,FALSE,FALSE,6132,NA,1783242979,2026-07-05T09:16:56Z,2026-07-05T09:16:56Z,2026-07-05T09:16:56Z,2.2,https://data.lime.bike/api/partners/v2/gbfs/vancouver_bc/gbfs.json,https://data.lime.bike/api/partners/v2/gbfs/vancouver_bc/free_bike_status,2026-07-05T09:16:54Z,2026-07-05T09:16:54Z
lime_vancouver,lime_vancouver_0fde139e-e892-411b-aecc-44b7ffae6893,0fde139e-e892-411b-aecc-44b7ffae6893,49.239979,-123.074139,2,FALSE,FALSE,4361,NA,1783242979,2026-07-05T09:16:56Z,2026-07-05T09:16:56Z,2026-07-05T09:16:56Z,2.2,https://data.lime.bike/api/partners/v2/gbfs/vancouver_bc/gbfs.json,https://data.lime.bike/api/partners/v2/gbfs/vancouver_bc/free_bike_status,2026-07-05T09:16:54Z,2026-07-05T09:16:54Z
lime_vancouver,lime_vancouver_86fc5891-c4bc-4861-b66c-fe12c9bf7740,86fc5891-c4bc-4861-b66c-fe12c9bf7740,49.254281,-123.068498,2,FALSE,FALSE,12134,NA,1783242979,2026-07-05T09:16:56Z,2026-07-05T09:16:56Z,2026-07-05T09:16:56Z,2.2,https://data.lime.bike/api/partners/v2/gbfs/vancouver_bc/gbfs.json,https://data.lime.bike/api/partners/v2/gbfs/vancouver_bc/free_bike_status,2026-07-05T09:16:54Z,2026-07-05T09:16:54Z
lime_vancouver,lime_vancouver_874953bb-f553-4428-a86a-46061490cefd,874953bb-f553-4428-a86a-46061490cefd,49.277466,-123.091331,2,FALSE,FALSE,4796,NA,1783242979,2026-07-05T09:16:56Z,2026-07-05T09:16:56Z,2026-07-05T09:16:56Z,2.2,https://data.lime.bike/api/partners/v2/gbfs/vancouver_bc/gbfs.json,https://data.lime.bike/api/partners/v2/gbfs/vancouver_bc/free_bike_status,2026-07-05T09:16:54Z,2026-07-05T09:16:54Z
lime_vancouver,lime_vancouver_9fabde1d-0ddf-4b3d-8ce3-69712ba05a50,9fabde1d-0ddf-4b3d-8ce3-69712ba05a50,49.276754,-123.122179,2,FALSE,FALSE,46558,NA,1783242979,2026-07-05T09:16:56Z,2026-07-05T09:16:56Z,2026-07-05T09:16:56Z,2.2,https://data.lime.bike/api/partners/v2/gbfs/vancouver_bc/gbfs.json,https://data.lime.bike/api/partners/v2/gbfs/vancouver_bc/free_bike_status,2026-07-05T09:16:54Z,2026-07-05T09:16:54Z
lime_vancouver,lime_vancouver_8bde6467-7c1e-4b47-8dcc-ff4d512b07d5,8bde6467-7c1e-4b47-8dcc-ff4d512b07d5,49.238559,-123.051699,2,FALSE,FALSE,13551,NA,1783242979,2026-07-05T09:16:56Z,2026-07-05T09:16:56Z,2026-07-05T09:16:56Z,2.2,https://data.lime.bike/api/partners/v2/gbfs/vancouver_bc/gbfs.json,https://data.lime.bike/api/partners/v2/gbfs/vancouver_bc/free_bike_status,2026-07-05T09:16:54Z,2026-07-05T09:16:54Z
lime_vancouver,lime_vancouver_70ede71c-a80f-4dd9-a7f5-bffe76e76a66,70ede71c-a80f-4dd9-a7f5-bffe76e76a66,49.272331,-123.033994,2,FALSE,FALSE,7500,NA,1783242979,2026-07-05T09:16:56Z,2026-07-05T09:16:56Z,2026-07-05T09:16:56Z,2.2,https://data.lime.bike/api/partners/v2/gbfs/vancouver_bc/gbfs.json,https://data.lime.bike/api/partners/v2/gbfs/vancouver_bc/free_bike_status,2026-07-05T09:16:54Z,2026-07-05T09:16:54Z
lime_vancouver,lime_vancouver_0846723d-97d9-4972-b508-b250949ba643,0846723d-97d9-4972-b508-b250949ba643,49.23587,-123.049063,2,FALSE,FALSE,32139,NA,1783242979,2026-07-05T09:16:56Z,2026-07-05T09:16:56Z,2026-07-05T09:16:56Z,2.2,https://data.lime.bike/api/partners/v2/gbfs/vancouver_bc/gbfs.json,https://data.lime.bike/api/partners/v2/gbfs/vancouver_bc/free_bike_status,2026-07-05T09:16:54Z,2026-07-05T09:16:54Z
lime_vancouver,lime_vancouver_0b88aecc-e6e6-4996-829b-4b3f06ed37d4,0b88aecc-e6e6-4996-829b-4b3f06ed37d4,49.268599,-123.073746,2,FALSE,FALSE,38302,NA,1783242979,2026-07-05T09:16:56Z,2026-07-05T09:16:56Z,2026-07-05T09:16:56Z,2.2,https://data.lime.bike/api/partners/v2/gbfs/vancouver_bc/gbfs.json,https://data.lime.bike/api/partners/v2/gbfs/vancouver_bc/free_bike_status,2026-07-05T09:16:54Z,2026-07-05T09:16:54Z
lime_vancouver,lime_vancouver_3302948c-f5ce-45bc-a83e-a4aa408cc89a,3302948c-f5ce-45bc-a83e-a4aa408cc89a,49.266694,-123.109349,2,FALSE,FALSE,42454,NA,1783242979,2026-07-05T09:16:56Z,2026-07-05T09:16:56Z,2026-07-05T09:16:56Z,2.2,https://data.lime.bike/api/partners/v2/gbfs/vancouver_bc/gbfs.json,https://data.lime.bike/api/partners/v2/gbfs/vancouver_bc/free_bike_status,2026-07-05T09:16:54Z,2026-07-05T09:16:54Z
lime_vancouver,lime_vancouver_1954cd2c-dab5-4223-b88e-6d1a1fc522e0,1954cd2c-dab5-4223-b88e-6d1a1fc522e0,49.259325,-123.045371,2,FALSE,FALSE,14967,NA,1783242979,2026-07-05T09:16:56Z,2026-07-05T09:16:56Z,2026-07-05T09:16:56Z,2.2,https://data.lime.bike/api/partners/v2/gbfs/vancouver_bc/gbfs.json,https://data.lime.bike/api/partners/v2/gbfs/vancouver_bc/free_bike_status,2026-07-05T09:16:54Z,2026-07-05T09:16:54Z
lime_vancouver,lime_vancouver_991d23c2-025d-4e62-9152-30ceee0fb896,991d23c2-025d-4e62-9152-30ceee0fb896,49.282059,-123.107769,2,FALSE,FALSE,13084,NA,1783242979,2026-07-05T09:16:56Z,2026-07-05T09:16:56Z,2026-07-05T09:16:56Z,2.2,https://data.lime.bike/api/partners/v2/gbfs/vancouver_bc/gbfs.json,https://data.lime.bike/api/partners/v2/gbfs/vancouver_bc/free_bike_status,2026-07-05T09:16:54Z,2026-07-05T09:16:54Z
lime_vancouver,lime_vancouver_ca49e367-ab4e-4b4e-afcc-b7df97673cf8,ca49e367-ab4e-4b4e-afcc-b7df97673cf8,49.262365,-123.095974,2,FALSE,FALSE,10734,NA,1783242979,2026-07-05T09:16:56Z,2026-07-05T09:16:56Z,2026-07-05T09:16:56Z,2.2,https://data.lime.bike/api/partners/v2/gbfs/vancouver_bc/gbfs.json,https://data.lime.bike/api/partners/v2/gbfs/vancouver_bc/free_bike_status,2026-07-05T09:16:54Z,2026-07-05T09:16:54Z
lime_vancouver,lime_vancouver_d05e1c4c-9a65-476d-8660-4f6a783280a8,d05e1c4c-9a65-476d-8660-4f6a783280a8,49.274066,-123.028654,2,FALSE,FALSE,18797,NA,1783242979,2026-07-05T09:16:56Z,2026-07-05T09:16:56Z,2026-07-05T09:16:56Z,2.2,https://data.lime.bike/api/partners/v2/gbfs/vancouver_bc/gbfs.json,https://data.lime.bike/api/partners/v2/gbfs/vancouver_bc/free_bike_status,2026-07-05T09:16:54Z,2026-07-05T09:16:54Z
lime_vancouver,lime_vancouver_c6fd12d5-a7f8-4443-a4c5-a7792850e7ac,c6fd12d5-a7f8-4443-a4c5-a7792850e7ac,49.26913,-123.104654,2,FALSE,FALSE,3927,NA,1783242979,2026-07-05T09:16:56Z,2026-07-05T09:16:56Z,2026-07-05T09:16:56Z,2.2,https://data.lime.bike/api/partners/v2/gbfs/vancouver_bc/gbfs.json,https://data.lime.bike/api/partners/v2/gbfs/vancouver_bc/free_bike_status,2026-07-05T09:16:54Z,2026-07-05T09:16:54Z
lime_vancouver,lime_vancouver_d0efb17d-d8d2-45cb-865d-d161948049ed,d0efb17d-d8d2-45cb-865d-d161948049ed,49.235207,-123.037549,2,FALSE,FALSE,43484,NA,1783242979,2026-07-05T09:16:56Z,2026-07-05T09:16:56Z,2026-07-05T09:16:56Z,2.2,https://data.lime.bike/api/partners/v2/gbfs/vancouver_bc/gbfs.json,https://data.lime.bike/api/partners/v2/gbfs/vancouver_bc/free_bike_status,2026-07-05T09:16:54Z,2026-07-05T09:16:54Z
lime_vancouver,lime_vancouver_580ef3e9-5047-4398-9ac8-2c4853e928ec,580ef3e9-5047-4398-9ac8-2c4853e928ec,49.27318,-123.186856,2,FALSE,FALSE,28598,NA,1783242979,2026-07-05T09:16:56Z,2026-07-05T09:16:56Z,2026-07-05T09:16:56Z,2.2,https://data.lime.bike/api/partners/v2/gbfs/vancouver_bc/gbfs.json,https://data.lime.bike/api/partners/v2/gbfs/vancouver_bc/free_bike_status,2026-07-05T09:16:54Z,2026-07-05T09:16:54Z
lime_vancouver,lime_vancouver_cdf230f6-c9e6-450c-a832-1504251119ce,cdf230f6-c9e6-450c-a832-1504251119ce,49.229363,-123.030198,2,FALSE,FALSE,3058,NA,1783242979,2026-07-05T09:16:56Z,2026-07-05T09:16:56Z,2026-07-05T09:16:56Z,2.2,https://data.lime.bike/api/partners/v2/gbfs/vancouver_bc/gbfs.json,https://data.lime.bike/api/partners/v2/gbfs/vancouver_bc/free_bike_status,2026-07-05T09:16:54Z,2026-07-05T09:16:54Z
lime_vancouver,lime_vancouver_b5f206ed-480a-4a74-a021-9f9538e8fb78,b5f206ed-480a-4a74-a021-9f9538e8fb78,49.263676,-123.15761,2,FALSE,FALSE,14500,NA,1783242979,2026-07-05T09:16:56Z,2026-07-05T09:16:56Z,2026-07-05T09:16:56Z,2.2,https://data.lime.bike/api/partners/v2/gbfs/vancouver_bc/gbfs.json,https://data.lime.bike/api/partners/v2/gbfs/vancouver_bc/free_bike_status,2026-07-05T09:16:54Z,2026-07-05T09:16:54Z
lime_vancouver,lime_vancouver_4c9b86e8-a35c-4ec2-aac0-038b3773d1d1,4c9b86e8-a35c-4ec2-aac0-038b3773d1d1,49.26431,-123.081547,2,FALSE,FALSE,46043,NA,1783242979,2026-07-05T09:16:56Z,2026-07-05T09:16:56Z,2026-07-05T09:16:56Z,2.2,https://data.lime.bike/api/partners/v2/gbfs/vancouver_bc/gbfs.json,https://data.lime.bike/api/partners/v2/gbfs/vancouver_bc/free_bike_status,2026-07-05T09:16:54Z,2026-07-05T09:16:54Z
lime_vancouver,lime_vancouver_214edd51-4c30-4707-9ceb-a637000f3af4,214edd51-4c30-4707-9ceb-a637000f3af4,49.271815,-123.164765,2,FALSE,FALSE,14017,NA,1783242979,2026-07-05T09:16:56Z,2026-07-05T09:16:56Z,2026-07-05T09:16:56Z,2.2,https://data.lime.bike/api/partners/v2/gbfs/vancouver_bc/gbfs.json,https://data.lime.bike/api/partners/v2/gbfs/vancouver_bc/free_bike_status,2026-07-05T09:16:54Z,2026-07-05T09:16:54Z
lime_vancouver,lime_vancouver_8db2223f-51e4-4492-8ac2-6145820e5a7b,8db2223f-51e4-4492-8ac2-6145820e5a7b,49.268709,-123.073836,2,FALSE,FALSE,27600,NA,1783242979,2026-07-05T09:16:56Z,2026-07-05T09:16:56Z,2026-07-05T09:16:56Z,2.2,https://data.lime.bike/api/partners/v2/gbfs/vancouver_bc/gbfs.json,https://data.lime.bike/api/partners/v2/gbfs/vancouver_bc/free_bike_status,2026-07-05T09:16:54Z,2026-07-05T09:16:54Z
lime_vancouver,lime_vancouver_6cf64a8f-ee4d-41e0-9824-8d43d002d952,6cf64a8f-ee4d-41e0-9824-8d43d002d952,49.229199,-123.023869,2,FALSE,FALSE,36548,NA,1783242979,2026-07-05T09:16:56Z,2026-07-05T09:16:56Z,2026-07-05T09:16:56Z,2.2,https://data.lime.bike/api/partners/v2/gbfs/vancouver_bc/gbfs.json,https://data.lime.bike/api/partners/v2/gbfs/vancouver_bc/free_bike_status,2026-07-05T09:16:54Z,2026-07-05T09:16:54Z
lime_vancouver,lime_vancouver_e65d7844-b5f3-4821-a77b-7a5fca5c6cf1,e65d7844-b5f3-4821-a77b-7a5fca5c6cf1,49.262847,-123.139156,2,FALSE,FALSE,30610,NA,1783242979,2026-07-05T09:16:56Z,2026-07-05T09:16:56Z,2026-07-05T09:16:56Z,2.2,https://data.lime.bike/api/partners/v2/gbfs/vancouver_bc/gbfs.json,https://data.lime.bike/api/partners/v2/gbfs/vancouver_bc/free_bike_status,2026-07-05T09:16:54Z,2026-07-05T09:16:54Z
lime_vancouver,lime_vancouver_2b4eac70-6ec9-4caf-ba24-cf278c77da30,2b4eac70-6ec9-4caf-ba24-cf278c77da30,49.248738,-123.03934,2,FALSE,FALSE,29612,NA,1783242979,2026-07-05T09:16:56Z,2026-07-05T09:16:56Z,2026-07-05T09:16:56Z,2.2,https://data.lime.bike/api/partners/v2/gbfs/vancouver_bc/gbfs.json,https://data.lime.bike/api/partners/v2/gbfs/vancouver_bc/free_bike_status,2026-07-05T09:16:54Z,2026-07-05T09:16:54Z
lime_vancouver,lime_vancouver_5940b8f9-589c-45fe-bf44-8bb86362270a,5940b8f9-589c-45fe-bf44-8bb86362270a,49.280834,-123.084795,2,FALSE,FALSE,15916,NA,1783242979,2026-07-05T09:16:56Z,2026-07-05T09:16:56Z,2026-07-05T09:16:56Z,2.2,https://data.lime.bike/api/partners/v2/gbfs/vancouver_bc/gbfs.json,https://data.lime.bike/api/partners/v2/gbfs/vancouver_bc/free_bike_status,2026-07-05T09:16:54Z,2026-07-05T09:16:54Z
lime_vancouver,lime_vancouver_dea05d01-7903-4e20-ad02-e7fbf5b55bc0,dea05d01-7903-4e20-ad02-e7fbf5b55bc0,49.229217,-123.02391,2,FALSE,FALSE,16447,NA,1783242979,2026-07-05T09:16:56Z,2026-07-05T09:16:56Z,2026-07-05T09:16:56Z,2.2,https://data.lime.bike/api/partners/v2/gbfs/vancouver_bc/gbfs.json,https://data.lime.bike/api/partners/v2/gbfs/vancouver_bc/free_bike_status,2026-07-05T09:16:54Z,2026-07-05T09:16:54Z
lime_vancouver,lime_vancouver_cf7ae4ab-27b1-47b1-9f36-466cfd083d47,cf7ae4ab-27b1-47b1-9f36-466cfd083d47,49.232866,-123.074249,2,FALSE,FALSE,12601,NA,1783242979,2026-07-05T09:16:56Z,2026-07-05T09:16:56Z,2026-07-05T09:16:56Z,2.2,https://data.lime.bike/api/partners/v2/gbfs/vancouver_bc/gbfs.json,https://data.lime.bike/api/partners/v2/gbfs/vancouver_bc/free_bike_status,2026-07-05T09:16:54Z,2026-07-05T09:16:54Z
lime_vancouver,lime_vancouver_1b900c57-3d80-4fdd-a213-46a2a6881ff8,1b900c57-3d80-4fdd-a213-46a2a6881ff8,49.260874,-123.062445,2,FALSE,FALSE,43999,NA,1783242979,2026-07-05T09:16:56Z,2026-07-05T09:16:56Z,2026-07-05T09:16:56Z,2.2,https://data.lime.bike/api/partners/v2/gbfs/vancouver_bc/gbfs.json,https://data.lime.bike/api/partners/v2/gbfs/vancouver_bc/free_bike_status,2026-07-05T09:16:54Z,2026-07-05T09:16:54Z
lime_vancouver,lime_vancouver_ec972ba7-c47e-4c01-94fb-b14c866bf649,ec972ba7-c47e-4c01-94fb-b14c866bf649,49.269711,-123.061811,2,FALSE,FALSE,44514,NA,1783242979,2026-07-05T09:16:56Z,2026-07-05T09:16:56Z,2026-07-05T09:16:56Z,2.2,https://data.lime.bike/api/partners/v2/gbfs/vancouver_bc/gbfs.json,https://data.lime.bike/api/partners/v2/gbfs/vancouver_bc/free_bike_status,2026-07-05T09:16:54Z,2026-07-05T09:16:54Z
lime_vancouver,lime_vancouver_54bfb5f0-de2e-4703-bc74-ff8d74ef40aa,54bfb5f0-de2e-4703-bc74-ff8d74ef40aa,49.262271,-123.105013,2,FALSE,FALSE,6132,NA,1783242979,2026-07-05T09:16:56Z,2026-07-05T09:16:56Z,2026-07-05T09:16:56Z,2.2,https://data.lime.bike/api/partners/v2/gbfs/vancouver_bc/gbfs.json,https://data.lime.bike/api/partners/v2/gbfs/vancouver_bc/free_bike_status,2026-07-05T09:16:54Z,2026-07-05T09:16:54Z
lime_vancouver,lime_vancouver_c175abce-b866-4dc9-805d-38ac290c3647,c175abce-b866-4dc9-805d-38ac290c3647,49.246679,-123.060162,2,FALSE,FALSE,16399,NA,1783242979,2026-07-05T09:16:56Z,2026-07-05T09:16:56Z,2026-07-05T09:16:56Z,2.2,https://data.lime.bike/api/partners/v2/gbfs/vancouver_bc/gbfs.json,https://data.lime.bike/api/partners/v2/gbfs/vancouver_bc/free_bike_status,2026-07-05T09:16:54Z,2026-07-05T09:16:54Z
lime_vancouver,lime_vancouver_044f4def-5fb1-472f-b8e5-17ea723aefb7,044f4def-5fb1-472f-b8e5-17ea723aefb7,49.271824,-123.164659,2,FALSE,FALSE,33152,NA,1783242979,2026-07-05T09:16:56Z,2026-07-05T09:16:56Z,2026-07-05T09:16:56Z,2.2,https://data.lime.bike/api/partners/v2/gbfs/vancouver_bc/gbfs.json,https://data.lime.bike/api/partners/v2/gbfs/vancouver_bc/free_bike_status,2026-07-05T09:16:54Z,2026-07-05T09:16:54Z
lime_vancouver,lime_vancouver_9bddd972-55c6-4841-9789-e420b931729a,9bddd972-55c6-4841-9789-e420b931729a,49.276833,-123.061957,2,FALSE,FALSE,31125,NA,1783242979,2026-07-05T09:16:56Z,2026-07-05T09:16:56Z,2026-07-05T09:16:56Z,2.2,https://data.lime.bike/api/partners/v2/gbfs/vancouver_bc/gbfs.json,https://data.lime.bike/api/partners/v2/gbfs/vancouver_bc/free_bike_status,2026-07-05T09:16:54Z,2026-07-05T09:16:54Z
lime_vancouver,lime_vancouver_562dbe90-5c6c-4670-bde8-f85dcb2ce256,562dbe90-5c6c-4670-bde8-f85dcb2ce256,49.27481,-123.125673,2,FALSE,FALSE,21211,NA,1783242979,2026-07-05T09:16:56Z,2026-07-05T09:16:56Z,2026-07-05T09:16:56Z,2.2,https://data.lime.bike/api/partners/v2/gbfs/vancouver_bc/gbfs.json,https://data.lime.bike/api/partners/v2/gbfs/vancouver_bc/free_bike_status,2026-07-05T09:16:54Z,2026-07-05T09:16:54Z
lime_vancouver,lime_vancouver_3c6f9a33-0773-4b64-8f42-c07b28bd2c6d,3c6f9a33-0773-4b64-8f42-c07b28bd2c6d,49.278105,-123.118712,2,FALSE,FALSE,47073,NA,1783242979,2026-07-05T09:16:56Z,2026-07-05T09:16:56Z,2026-07-05T09:16:56Z,2.2,https://data.lime.bike/api/partners/v2/gbfs/vancouver_bc/gbfs.json,https://data.lime.bike/api/partners/v2/gbfs/vancouver_bc/free_bike_status,2026-07-05T09:16:54Z,2026-07-05T09:16:54Z
lime_vancouver,lime_vancouver_91982694-527d-433a-9996-a912bf8d0177,91982694-527d-433a-9996-a912bf8d0177,49.262248,-123.105061,2,FALSE,FALSE,42454,NA,1783242979,2026-07-05T09:16:56Z,2026-07-05T09:16:56Z,2026-07-05T09:16:56Z,2.2,https://data.lime.bike/api/partners/v2/gbfs/vancouver_bc/gbfs.json,https://data.lime.bike/api/partners/v2/gbfs/vancouver_bc/free_bike_status,2026-07-05T09:16:54Z,2026-07-05T09:16:54Z
lime_vancouver,lime_vancouver_cc7a3293-6221-433b-a673-380217122865,cc7a3293-6221-433b-a673-380217122865,49.285718,-123.135118,2,FALSE,FALSE,37787,NA,1783242979,2026-07-05T09:16:56Z,2026-07-05T09:16:56Z,2026-07-05T09:16:56Z,2.2,https://data.lime.bike/api/partners/v2/gbfs/vancouver_bc/gbfs.json,https://data.lime.bike/api/partners/v2/gbfs/vancouver_bc/free_bike_status,2026-07-05T09:16:54Z,2026-07-05T09:16:54Z
lime_vancouver,lime_vancouver_d661217c-b81d-411e-a844-3efd0d6e6d77,d661217c-b81d-411e-a844-3efd0d6e6d77,49.254135,-123.039142,2,FALSE,FALSE,7500,NA,1783242979,2026-07-05T09:16:56Z,2026-07-05T09:16:56Z,2026-07-05T09:16:56Z,2.2,https://data.lime.bike/api/partners/v2/gbfs/vancouver_bc/gbfs.json,https://data.lime.bike/api/partners/v2/gbfs/vancouver_bc/free_bike_status,2026-07-05T09:16:54Z,2026-07-05T09:16:54Z
lime_vancouver,lime_vancouver_f073c967-cab1-46ab-b794-6ff0aa008f73,f073c967-cab1-46ab-b794-6ff0aa008f73,49.262616,-123.155319,2,FALSE,FALSE,34681,NA,1783242979,2026-07-05T09:16:56Z,2026-07-05T09:16:56Z,2026-07-05T09:16:56Z,2.2,https://data.lime.bike/api/partners/v2/gbfs/vancouver_bc/gbfs.json,https://data.lime.bike/api/partners/v2/gbfs/vancouver_bc/free_bike_status,2026-07-05T09:16:54Z,2026-07-05T09:16:54Z
lime_vancouver,lime_vancouver_09078e5c-6b52-4945-8b92-643ca1db7729,09078e5c-6b52-4945-8b92-643ca1db7729,49.238545,-123.05166,2,FALSE,FALSE,46558,NA,1783242979,2026-07-05T09:16:56Z,2026-07-05T09:16:56Z,2026-07-05T09:16:56Z,2.2,https://data.lime.bike/api/partners/v2/gbfs/vancouver_bc/gbfs.json,https://data.lime.bike/api/partners/v2/gbfs/vancouver_bc/free_bike_status,2026-07-05T09:16:54Z,2026-07-05T09:16:54Z
lime_vancouver,lime_vancouver_82e76913-f938-469a-a99f-27081dbdf76a,82e76913-f938-469a-a99f-27081dbdf76a,49.281436,-123.057872,2,FALSE,FALSE,32139,NA,1783242979,2026-07-05T09:16:56Z,2026-07-05T09:16:56Z,2026-07-05T09:16:56Z,2.2,https://data.lime.bike/api/partners/v2/gbfs/vancouver_bc/gbfs.json,https://data.lime.bike/api/partners/v2/gbfs/vancouver_bc/free_bike_status,2026-07-05T09:16:54Z,2026-07-05T09:16:54Z
lime_vancouver,lime_vancouver_1f70a92f-4954-4a9d-82e5-9fda12001f72,1f70a92f-4954-4a9d-82e5-9fda12001f72,49.281058,-123.134195,2,FALSE,FALSE,30610,NA,1783242979,2026-07-05T09:16:56Z,2026-07-05T09:16:56Z,2026-07-05T09:16:56Z,2.2,https://data.lime.bike/api/partners/v2/gbfs/vancouver_bc/gbfs.json,https://data.lime.bike/api/partners/v2/gbfs/vancouver_bc/free_bike_status,2026-07-05T09:16:54Z,2026-07-05T09:16:54Z
lime_vancouver,lime_vancouver_fad6e39a-496f-414d-bdb6-e7b73a27a519,fad6e39a-496f-414d-bdb6-e7b73a27a519,49.265315,-123.089395,2,FALSE,FALSE,18797,NA,1783242979,2026-07-05T09:16:56Z,2026-07-05T09:16:56Z,2026-07-05T09:16:56Z,2.2,https://data.lime.bike/api/partners/v2/gbfs/vancouver_bc/gbfs.json,https://data.lime.bike/api/partners/v2/gbfs/vancouver_bc/free_bike_status,2026-07-05T09:16:54Z,2026-07-05T09:16:54Z
lime_vancouver,lime_vancouver_b27c02f2-a394-4ce8-80bd-781a70f28cb9,b27c02f2-a394-4ce8-80bd-781a70f28cb9,49.290616,-123.133727,2,FALSE,FALSE,11668,NA,1783242979,2026-07-05T09:16:56Z,2026-07-05T09:16:56Z,2026-07-05T09:16:56Z,2.2,https://data.lime.bike/api/partners/v2/gbfs/vancouver_bc/gbfs.json,https://data.lime.bike/api/partners/v2/gbfs/vancouver_bc/free_bike_status,2026-07-05T09:16:54Z,2026-07-05T09:16:54Z
lime_vancouver,lime_vancouver_e3f325af-f052-481e-961a-09962dba3632,e3f325af-f052-481e-961a-09962dba3632,49.285527,-123.04678,2,FALSE,FALSE,3927,NA,1783242979,2026-07-05T09:16:56Z,2026-07-05T09:16:56Z,2026-07-05T09:16:56Z,2.2,https://data.lime.bike/api/partners/v2/gbfs/vancouver_bc/gbfs.json,https://data.lime.bike/api/partners/v2/gbfs/vancouver_bc/free_bike_status,2026-07-05T09:16:54Z,2026-07-05T09:16:54Z
lime_vancouver,lime_vancouver_2c5f4198-a86b-4d31-b034-540e6790733f,2c5f4198-a86b-4d31-b034-540e6790733f,49.236862,-123.07432,2,FALSE,FALSE,28598,NA,1783242979,2026-07-05T09:16:56Z,2026-07-05T09:16:56Z,2026-07-05T09:16:56Z,2.2,https://data.lime.bike/api/partners/v2/gbfs/vancouver_bc/gbfs.json,https://data.lime.bike/api/partners/v2/gbfs/vancouver_bc/free_bike_status,2026-07-05T09:16:54Z,2026-07-05T09:16:54Z
lime_vancouver,lime_vancouver_21ab0a29-5d5c-40b2-943f-9cc6aafb43dc,21ab0a29-5d5c-40b2-943f-9cc6aafb43dc,49.274082,-123.124862,2,FALSE,FALSE,21211,NA,1783242979,2026-07-05T09:16:56Z,2026-07-05T09:16:56Z,2026-07-05T09:16:56Z,2.2,https://data.lime.bike/api/partners/v2/gbfs/vancouver_bc/gbfs.json,https://data.lime.bike/api/partners/v2/gbfs/vancouver_bc/free_bike_status,2026-07-05T09:16:54Z,2026-07-05T09:16:54Z
lime_vancouver,lime_vancouver_ba8693a5-b83c-4cf3-a0ef-e89c4fc3af8a,ba8693a5-b83c-4cf3-a0ef-e89c4fc3af8a,49.235828,-123.055183,2,FALSE,FALSE,32637,NA,1783242979,2026-07-05T09:16:56Z,2026-07-05T09:16:56Z,2026-07-05T09:16:56Z,2.2,https://data.lime.bike/api/partners/v2/gbfs/vancouver_bc/gbfs.json,https://data.lime.bike/api/partners/v2/gbfs/vancouver_bc/free_bike_status,2026-07-05T09:16:54Z,2026-07-05T09:16:54Z
lime_vancouver,lime_vancouver_7d99b865-7686-4853-a712-98246c472c00,7d99b865-7686-4853-a712-98246c472c00,49.262216,-123.111229,2,FALSE,FALSE,32637,NA,1783242979,2026-07-05T09:16:56Z,2026-07-05T09:16:56Z,2026-07-05T09:16:56Z,2.2,https://data.lime.bike/api/partners/v2/gbfs/vancouver_bc/gbfs.json,https://data.lime.bike/api/partners/v2/gbfs/vancouver_bc/free_bike_status,2026-07-05T09:16:54Z,2026-07-05T09:16:54Z
lime_vancouver,lime_vancouver_f59bbfa2-16da-419b-a7d9-22905ad3077b,f59bbfa2-16da-419b-a7d9-22905ad3077b,49.265498,-123.096793,2,FALSE,FALSE,15916,NA,1783242979,2026-07-05T09:16:56Z,2026-07-05T09:16:56Z,2026-07-05T09:16:56Z,2.2,https://data.lime.bike/api/partners/v2/gbfs/vancouver_bc/gbfs.json,https://data.lime.bike/api/partners/v2/gbfs/vancouver_bc/free_bike_status,2026-07-05T09:16:54Z,2026-07-05T09:16:54Z
lime_vancouver,lime_vancouver_ae9845a4-424a-45df-a03b-1b5e30a5ded2,ae9845a4-424a-45df-a03b-1b5e30a5ded2,49.252357,-123.034121,2,FALSE,FALSE,7500,NA,1783242979,2026-07-05T09:16:56Z,2026-07-05T09:16:56Z,2026-07-05T09:16:56Z,2.2,https://data.lime.bike/api/partners/v2/gbfs/vancouver_bc/gbfs.json,https://data.lime.bike/api/partners/v2/gbfs/vancouver_bc/free_bike_status,2026-07-05T09:16:54Z,2026-07-05T09:16:54Z
lime_vancouver,lime_vancouver_3190629a-1eda-4694-ab1a-a85529ac8d0a,3190629a-1eda-4694-ab1a-a85529ac8d0a,49.238598,-123.051722,2,FALSE,FALSE,17832,NA,1783242979,2026-07-05T09:16:56Z,2026-07-05T09:16:56Z,2026-07-05T09:16:56Z,2.2,https://data.lime.bike/api/partners/v2/gbfs/vancouver_bc/gbfs.json,https://data.lime.bike/api/partners/v2/gbfs/vancouver_bc/free_bike_status,2026-07-05T09:16:54Z,2026-07-05T09:16:54Z
lime_vancouver,lime_vancouver_bc7cc26f-ce72-43ee-a5e0-139b61b4ef15,bc7cc26f-ce72-43ee-a5e0-139b61b4ef15,49.277494,-123.091382,2,FALSE,FALSE,17365,NA,1783242979,2026-07-05T09:16:56Z,2026-07-05T09:16:56Z,2026-07-05T09:16:56Z,2.2,https://data.lime.bike/api/partners/v2/gbfs/vancouver_bc/gbfs.json,https://data.lime.bike/api/partners/v2/gbfs/vancouver_bc/free_bike_status,2026-07-05T09:16:54Z,2026-07-05T09:16:54Z
lime_vancouver,lime_vancouver_646b564d-64df-4f12-8c9c-f94c0687d035,646b564d-64df-4f12-8c9c-f94c0687d035,49.25404,-123.083614,2,FALSE,FALSE,43999,NA,1783242979,2026-07-05T09:16:56Z,2026-07-05T09:16:56Z,2026-07-05T09:16:56Z,2.2,https://data.lime.bike/api/partners/v2/gbfs/vancouver_bc/gbfs.json,https://data.lime.bike/api/partners/v2/gbfs/vancouver_bc/free_bike_status,2026-07-05T09:16:54Z,2026-07-05T09:16:54Z
lime_vancouver,lime_vancouver_9b5d7688-f151-48dd-921f-35b7e35f1fec,9b5d7688-f151-48dd-921f-35b7e35f1fec,49.284087,-123.132536,2,FALSE,FALSE,14967,NA,1783242979,2026-07-05T09:16:56Z,2026-07-05T09:16:56Z,2026-07-05T09:16:56Z,2.2,https://data.lime.bike/api/partners/v2/gbfs/vancouver_bc/gbfs.json,https://data.lime.bike/api/partners/v2/gbfs/vancouver_bc/free_bike_status,2026-07-05T09:16:54Z,2026-07-05T09:16:54Z
lime_vancouver,lime_vancouver_895f82da-3fe5-47f2-8ef7-836677d4412a,895f82da-3fe5-47f2-8ef7-836677d4412a,49.266281,-123.09879,2,FALSE,FALSE,13084,NA,1783242979,2026-07-05T09:16:56Z,2026-07-05T09:16:56Z,2026-07-05T09:16:56Z,2.2,https://data.lime.bike/api/partners/v2/gbfs/vancouver_bc/gbfs.json,https://data.lime.bike/api/partners/v2/gbfs/vancouver_bc/free_bike_status,2026-07-05T09:16:54Z,2026-07-05T09:16:54Z
lime_vancouver,lime_vancouver_1d2fe3b5-0b03-4a72-9456-90666852d0c7,1d2fe3b5-0b03-4a72-9456-90666852d0c7,49.287602,-123.057693,2,FALSE,FALSE,43999,NA,1783242979,2026-07-05T09:16:56Z,2026-07-05T09:16:56Z,2026-07-05T09:16:56Z,2.2,https://data.lime.bike/api/partners/v2/gbfs/vancouver_bc/gbfs.json,https://data.lime.bike/api/partners/v2/gbfs/vancouver_bc/free_bike_status,2026-07-05T09:16:54Z,2026-07-05T09:16:54Z
lime_vancouver,lime_vancouver_169064dd-c851-446f-b372-9ba7bebd6571,169064dd-c851-446f-b372-9ba7bebd6571,49.248709,-123.039341,2,FALSE,FALSE,15450,NA,1783242979,2026-07-05T09:16:56Z,2026-07-05T09:16:56Z,2026-07-05T09:16:56Z,2.2,https://data.lime.bike/api/partners/v2/gbfs/vancouver_bc/gbfs.json,https://data.lime.bike/api/partners/v2/gbfs/vancouver_bc/free_bike_status,2026-07-05T09:16:54Z,2026-07-05T09:16:54Z
lime_vancouver,lime_vancouver_00899b2a-cc28-4961-8a7b-cda207d46f5b,00899b2a-cc28-4961-8a7b-cda207d46f5b,49.231049,-123.032527,2,FALSE,FALSE,11201,NA,1783242979,2026-07-05T09:16:56Z,2026-07-05T09:16:56Z,2026-07-05T09:16:56Z,2.2,https://data.lime.bike/api/partners/v2/gbfs/vancouver_bc/gbfs.json,https://data.lime.bike/api/partners/v2/gbfs/vancouver_bc/free_bike_status,2026-07-05T09:16:54Z,2026-07-05T09:16:54Z
lime_vancouver,lime_vancouver_7b8bf93b-aeff-4c76-8baf-c9f5dacbe53c,7b8bf93b-aeff-4c76-8baf-c9f5dacbe53c,49.273096,-123.069291,2,FALSE,FALSE,25122,NA,1783242979,2026-07-05T09:16:56Z,2026-07-05T09:16:56Z,2026-07-05T09:16:56Z,2.2,https://data.lime.bike/api/partners/v2/gbfs/vancouver_bc/gbfs.json,https://data.lime.bike/api/partners/v2/gbfs/vancouver_bc/free_bike_status,2026-07-05T09:16:54Z,2026-07-05T09:16:54Z
lime_vancouver,lime_vancouver_5a1e0182-3d45-445d-9b4d-28902a097a7b,5a1e0182-3d45-445d-9b4d-28902a097a7b,49.285498,-123.130997,2,FALSE,FALSE,34166,NA,1783242979,2026-07-05T09:16:56Z,2026-07-05T09:16:56Z,2026-07-05T09:16:56Z,2.2,https://data.lime.bike/api/partners/v2/gbfs/vancouver_bc/gbfs.json,https://data.lime.bike/api/partners/v2/gbfs/vancouver_bc/free_bike_status,2026-07-05T09:16:54Z,2026-07-05T09:16:54Z
lime_vancouver,lime_vancouver_6b21a5ea-b1c8-450b-affa-217887b452ac,6b21a5ea-b1c8-450b-affa-217887b452ac,49.287013,-123.125626,2,FALSE,FALSE,29612,NA,1783242979,2026-07-05T09:16:56Z,2026-07-05T09:16:56Z,2026-07-05T09:16:56Z,2.2,https://data.lime.bike/api/partners/v2/gbfs/vancouver_bc/gbfs.json,https://data.lime.bike/api/partners/v2/gbfs/vancouver_bc/free_bike_status,2026-07-05T09:16:54Z,2026-07-05T09:16:54Z
lime_vancouver,lime_vancouver_d4d3ee7a-ddbe-45a0-8267-d1874f8b270f,d4d3ee7a-ddbe-45a0-8267-d1874f8b270f,49.266403,-123.14833,2,FALSE,FALSE,5697,NA,1783242979,2026-07-05T09:16:56Z,2026-07-05T09:16:56Z,2026-07-05T09:16:56Z,2.2,https://data.lime.bike/api/partners/v2/gbfs/vancouver_bc/gbfs.json,https://data.lime.bike/api/partners/v2/gbfs/vancouver_bc/free_bike_status,2026-07-05T09:16:54Z,2026-07-05T09:16:54Z
lime_vancouver,lime_vancouver_0676ecd9-a7b1-458d-9440-b19016f891d5,0676ecd9-a7b1-458d-9440-b19016f891d5,49.260427,-123.073694,2,FALSE,FALSE,13551,NA,1783242979,2026-07-05T09:16:56Z,2026-07-05T09:16:56Z,2026-07-05T09:16:56Z,2.2,https://data.lime.bike/api/partners/v2/gbfs/vancouver_bc/gbfs.json,https://data.lime.bike/api/partners/v2/gbfs/vancouver_bc/free_bike_status,2026-07-05T09:16:54Z,2026-07-05T09:16:54Z
lime_vancouver,lime_vancouver_a2908944-99e3-4579-9769-3a2d25926c85,a2908944-99e3-4579-9769-3a2d25926c85,49.266709,-123.109309,2,FALSE,FALSE,17365,NA,1783242979,2026-07-05T09:16:56Z,2026-07-05T09:16:56Z,2026-07-05T09:16:56Z,2.2,https://data.lime.bike/api/partners/v2/gbfs/vancouver_bc/gbfs.json,https://data.lime.bike/api/partners/v2/gbfs/vancouver_bc/free_bike_status,2026-07-05T09:16:54Z,2026-07-05T09:16:54Z
lime_vancouver,lime_vancouver_15095d04-731f-47cd-8dbf-27ec2646f8f1,15095d04-731f-47cd-8dbf-27ec2646f8f1,49.266231,-123.104837,2,FALSE,FALSE,29612,NA,1783242979,2026-07-05T09:16:56Z,2026-07-05T09:16:56Z,2026-07-05T09:16:56Z,2.2,https://data.lime.bike/api/partners/v2/gbfs/vancouver_bc/gbfs.json,https://data.lime.bike/api/partners/v2/gbfs/vancouver_bc/free_bike_status,2026-07-05T09:16:54Z,2026-07-05T09:16:54Z
lime_vancouver,lime_vancouver_1164865d-9d51-4650-b86d-aab54f1f1cc9,1164865d-9d51-4650-b86d-aab54f1f1cc9,49.24072,-123.037875,2,FALSE,FALSE,27600,NA,1783242979,2026-07-05T09:16:56Z,2026-07-05T09:16:56Z,2026-07-05T09:16:56Z,2.2,https://data.lime.bike/api/partners/v2/gbfs/vancouver_bc/gbfs.json,https://data.lime.bike/api/partners/v2/gbfs/vancouver_bc/free_bike_status,2026-07-05T09:16:54Z,2026-07-05T09:16:54Z
lime_vancouver,lime_vancouver_0c192fd8-ff86-43be-91da-17f0ca0133ef,0c192fd8-ff86-43be-91da-17f0ca0133ef,49.231057,-123.032595,2,FALSE,FALSE,45013,NA,1783242979,2026-07-05T09:16:56Z,2026-07-05T09:16:56Z,2026-07-05T09:16:56Z,2.2,https://data.lime.bike/api/partners/v2/gbfs/vancouver_bc/gbfs.json,https://data.lime.bike/api/partners/v2/gbfs/vancouver_bc/free_bike_status,2026-07-05T09:16:54Z,2026-07-05T09:16:54Z
lime_vancouver,lime_vancouver_71ece15c-384d-4568-9652-d902052fa68f,71ece15c-384d-4568-9652-d902052fa68f,49.268468,-123.159811,2,FALSE,FALSE,4796,NA,1783242979,2026-07-05T09:16:56Z,2026-07-05T09:16:56Z,2026-07-05T09:16:56Z,2.2,https://data.lime.bike/api/partners/v2/gbfs/vancouver_bc/gbfs.json,https://data.lime.bike/api/partners/v2/gbfs/vancouver_bc/free_bike_status,2026-07-05T09:16:54Z,2026-07-05T09:16:54Z
lime_vancouver,lime_vancouver_71603f6e-55a5-4f53-9a18-434a3f015e7a,71603f6e-55a5-4f53-9a18-434a3f015e7a,49.28643,-123.139902,2,FALSE,FALSE,13551,NA,1783242979,2026-07-05T09:16:56Z,2026-07-05T09:16:56Z,2026-07-05T09:16:56Z,2.2,https://data.lime.bike/api/partners/v2/gbfs/vancouver_bc/gbfs.json,https://data.lime.bike/api/partners/v2/gbfs/vancouver_bc/free_bike_status,2026-07-05T09:16:54Z,2026-07-05T09:16:54Z
lime_vancouver,lime_vancouver_ffc67ec2-78b9-4293-b332-326bcd0a142a,ffc67ec2-78b9-4293-b332-326bcd0a142a,49.284886,-123.061639,2,FALSE,FALSE,36741,NA,1783242979,2026-07-05T09:16:56Z,2026-07-05T09:16:56Z,2026-07-05T09:16:56Z,2.2,https://data.lime.bike/api/partners/v2/gbfs/vancouver_bc/gbfs.json,https://data.lime.bike/api/partners/v2/gbfs/vancouver_bc/free_bike_status,2026-07-05T09:16:54Z,2026-07-05T09:16:54Z
lime_vancouver,lime_vancouver_b87823f7-9333-40fc-9be1-dbcd16bf58aa,b87823f7-9333-40fc-9be1-dbcd16bf58aa,49.266918,-123.14336,2,FALSE,FALSE,26602,NA,1783242979,2026-07-05T09:16:56Z,2026-07-05T09:16:56Z,2026-07-05T09:16:56Z,2.2,https://data.lime.bike/api/partners/v2/gbfs/vancouver_bc/gbfs.json,https://data.lime.bike/api/partners/v2/gbfs/vancouver_bc/free_bike_status,2026-07-05T09:16:54Z,2026-07-05T09:16:54Z
lime_vancouver,lime_vancouver_0c5ff757-d6b1-4d35-8923-c1190892944a,0c5ff757-d6b1-4d35-8923-c1190892944a,49.264655,-123.148468,2,FALSE,FALSE,42969,NA,1783242979,2026-07-05T09:16:56Z,2026-07-05T09:16:56Z,2026-07-05T09:16:56Z,2.2,https://data.lime.bike/api/partners/v2/gbfs/vancouver_bc/gbfs.json,https://data.lime.bike/api/partners/v2/gbfs/vancouver_bc/free_bike_status,2026-07-05T09:16:54Z,2026-07-05T09:16:54Z
lime_vancouver,lime_vancouver_f71df4f8-ceee-44cc-a284-8328c7f6acbd,f71df4f8-ceee-44cc-a284-8328c7f6acbd,49.229185,-123.023971,2,FALSE,FALSE,30433,NA,1783242979,2026-07-05T09:16:56Z,2026-07-05T09:16:56Z,2026-07-05T09:16:56Z,2.2,https://data.lime.bike/api/partners/v2/gbfs/vancouver_bc/gbfs.json,https://data.lime.bike/api/partners/v2/gbfs/vancouver_bc/free_bike_status,2026-07-05T09:16:54Z,2026-07-05T09:16:54Z
lime_vancouver,lime_vancouver_80f38b18-d14e-4dc3-833d-ac2b892be9db,80f38b18-d14e-4dc3-833d-ac2b892be9db,49.266838,-123.049609,2,FALSE,FALSE,36741,NA,1783242979,2026-07-05T09:16:56Z,2026-07-05T09:16:56Z,2026-07-05T09:16:56Z,2.2,https://data.lime.bike/api/partners/v2/gbfs/vancouver_bc/gbfs.json,https://data.lime.bike/api/partners/v2/gbfs/vancouver_bc/free_bike_status,2026-07-05T09:16:54Z,2026-07-05T09:16:54Z
lime_vancouver,lime_vancouver_8abb8dac-25ff-40d2-8995-939ac642741e,8abb8dac-25ff-40d2-8995-939ac642741e,49.261513,-123.087431,2,FALSE,FALSE,7500,NA,1783242979,2026-07-05T09:16:56Z,2026-07-05T09:16:56Z,2026-07-05T09:16:56Z,2.2,https://data.lime.bike/api/partners/v2/gbfs/vancouver_bc/gbfs.json,https://data.lime.bike/api/partners/v2/gbfs/vancouver_bc/free_bike_status,2026-07-05T09:16:54Z,2026-07-05T09:16:54Z
lime_vancouver,lime_vancouver_41d27f0c-7ae2-4c31-885a-d25972db9a5a,41d27f0c-7ae2-4c31-885a-d25972db9a5a,49.283949,-123.132869,2,FALSE,FALSE,7500,NA,1783242979,2026-07-05T09:16:56Z,2026-07-05T09:16:56Z,2026-07-05T09:16:56Z,2.2,https://data.lime.bike/api/partners/v2/gbfs/vancouver_bc/gbfs.json,https://data.lime.bike/api/partners/v2/gbfs/vancouver_bc/free_bike_status,2026-07-05T09:16:54Z,2026-07-05T09:16:54Z
lime_vancouver,lime_vancouver_f66b34c9-f054-4ba2-afb3-60887b7eb270,f66b34c9-f054-4ba2-afb3-60887b7eb270,49.235892,-123.049097,2,FALSE,FALSE,5697,NA,1783242979,2026-07-05T09:16:56Z,2026-07-05T09:16:56Z,2026-07-05T09:16:56Z,2.2,https://data.lime.bike/api/partners/v2/gbfs/vancouver_bc/gbfs.json,https://data.lime.bike/api/partners/v2/gbfs/vancouver_bc/free_bike_status,2026-07-05T09:16:54Z,2026-07-05T09:16:54Z
lime_vancouver,lime_vancouver_56899870-6edb-46ca-86ab-24ff9b84fb04,56899870-6edb-46ca-86ab-24ff9b84fb04,49.281422,-123.137291,2,FALSE,FALSE,3492,NA,1783242979,2026-07-05T09:16:56Z,2026-07-05T09:16:56Z,2026-07-05T09:16:56Z,2.2,https://data.lime.bike/api/partners/v2/gbfs/vancouver_bc/gbfs.json,https://data.lime.bike/api/partners/v2/gbfs/vancouver_bc/free_bike_status,2026-07-05T09:16:54Z,2026-07-05T09:16:54Z
lime_vancouver,lime_vancouver_0d29edba-c119-4372-b691-2d3006f2075c,0d29edba-c119-4372-b691-2d3006f2075c,49.238587,-123.051747,2,FALSE,FALSE,12134,NA,1783242979,2026-07-05T09:16:56Z,2026-07-05T09:16:56Z,2026-07-05T09:16:56Z,2.2,https://data.lime.bike/api/partners/v2/gbfs/vancouver_bc/gbfs.json,https://data.lime.bike/api/partners/v2/gbfs/vancouver_bc/free_bike_status,2026-07-05T09:16:54Z,2026-07-05T09:16:54Z
lime_vancouver,lime_vancouver_b00f82c3-ac76-458b-ae4b-c9d7c28ea278,b00f82c3-ac76-458b-ae4b-c9d7c28ea278,49.277471,-123.091344,2,FALSE,FALSE,5697,NA,1783242979,2026-07-05T09:16:56Z,2026-07-05T09:16:56Z,2026-07-05T09:16:56Z,2.2,https://data.lime.bike/api/partners/v2/gbfs/vancouver_bc/gbfs.json,https://data.lime.bike/api/partners/v2/gbfs/vancouver_bc/free_bike_status,2026-07-05T09:16:54Z,2026-07-05T09:16:54Z
lime_vancouver,lime_vancouver_bdd3c6a7-773c-4025-86c5-1286c3852121,bdd3c6a7-773c-4025-86c5-1286c3852121,49.263256,-123.08924,2,FALSE,FALSE,30610,NA,1783242979,2026-07-05T09:16:56Z,2026-07-05T09:16:56Z,2026-07-05T09:16:56Z,2.2,https://data.lime.bike/api/partners/v2/gbfs/vancouver_bc/gbfs.json,https://data.lime.bike/api/partners/v2/gbfs/vancouver_bc/free_bike_status,2026-07-05T09:16:54Z,2026-07-05T09:16:54Z
lime_vancouver,lime_vancouver_fcb08af4-75ec-4498-8342-554eb9890439,fcb08af4-75ec-4498-8342-554eb9890439,49.268148,-123.109538,2,FALSE,FALSE,14500,NA,1783242979,2026-07-05T09:16:56Z,2026-07-05T09:16:56Z,2026-07-05T09:16:56Z,2.2,https://data.lime.bike/api/partners/v2/gbfs/vancouver_bc/gbfs.json,https://data.lime.bike/api/partners/v2/gbfs/vancouver_bc/free_bike_status,2026-07-05T09:16:54Z,2026-07-05T09:16:54Z
lime_vancouver,lime_vancouver_dd0f46f8-939d-488e-ac7a-40872604447c,dd0f46f8-939d-488e-ac7a-40872604447c,49.23745,-123.036225,2,FALSE,FALSE,43999,NA,1783242979,2026-07-05T09:16:56Z,2026-07-05T09:16:56Z,2026-07-05T09:16:56Z,2.2,https://data.lime.bike/api/partners/v2/gbfs/vancouver_bc/gbfs.json,https://data.lime.bike/api/partners/v2/gbfs/vancouver_bc/free_bike_status,2026-07-05T09:16:54Z,2026-07-05T09:16:54Z
lime_vancouver,lime_vancouver_b2017fad-44d1-47a5-a255-68cbccaef100,b2017fad-44d1-47a5-a255-68cbccaef100,49.247637,-123.073454,2,FALSE,FALSE,10268,NA,1783242979,2026-07-05T09:16:56Z,2026-07-05T09:16:56Z,2026-07-05T09:16:56Z,2.2,https://data.lime.bike/api/partners/v2/gbfs/vancouver_bc/gbfs.json,https://data.lime.bike/api/partners/v2/gbfs/vancouver_bc/free_bike_status,2026-07-05T09:16:54Z,2026-07-05T09:16:54Z
lime_vancouver,lime_vancouver_c472e2cb-c583-4dab-8985-c59fb74da641,c472e2cb-c583-4dab-8985-c59fb74da641,49.288503,-123.046764,2,FALSE,FALSE,40395,NA,1783242979,2026-07-05T09:16:56Z,2026-07-05T09:16:56Z,2026-07-05T09:16:56Z,2.2,https://data.lime.bike/api/partners/v2/gbfs/vancouver_bc/gbfs.json,https://data.lime.bike/api/partners/v2/gbfs/vancouver_bc/free_bike_status,2026-07-05T09:16:54Z,2026-07-05T09:16:54Z
lime_vancouver,lime_vancouver_f4c0baf7-ab2f-47d9-871f-938c455d482c,f4c0baf7-ab2f-47d9-871f-938c455d482c,49.26479,-123.079567,2,FALSE,FALSE,37787,NA,1783242979,2026-07-05T09:16:56Z,2026-07-05T09:16:56Z,2026-07-05T09:16:56Z,2.2,https://data.lime.bike/api/partners/v2/gbfs/vancouver_bc/gbfs.json,https://data.lime.bike/api/partners/v2/gbfs/vancouver_bc/free_bike_status,2026-07-05T09:16:54Z,2026-07-05T09:16:54Z
lime_vancouver,lime_vancouver_5041d5a5-1788-4f5e-a9be-ea37a58eed69,5041d5a5-1788-4f5e-a9be-ea37a58eed69,49.258748,-123.057126,2,FALSE,FALSE,43999,NA,1783242979,2026-07-05T09:16:56Z,2026-07-05T09:16:56Z,2026-07-05T09:16:56Z,2.2,https://data.lime.bike/api/partners/v2/gbfs/vancouver_bc/gbfs.json,https://data.lime.bike/api/partners/v2/gbfs/vancouver_bc/free_bike_status,2026-07-05T09:16:54Z,2026-07-05T09:16:54Z
lime_vancouver,lime_vancouver_265c73bf-08f9-4722-bbb9-f481925234eb,265c73bf-08f9-4722-bbb9-f481925234eb,49.281039,-123.134166,2,FALSE,FALSE,46043,NA,1783242979,2026-07-05T09:16:56Z,2026-07-05T09:16:56Z,2026-07-05T09:16:56Z,2.2,https://data.lime.bike/api/partners/v2/gbfs/vancouver_bc/gbfs.json,https://data.lime.bike/api/partners/v2/gbfs/vancouver_bc/free_bike_status,2026-07-05T09:16:54Z,2026-07-05T09:16:54Z
lime_vancouver,lime_vancouver_0951226d-ef79-4930-bacf-09636c1a11c6,0951226d-ef79-4930-bacf-09636c1a11c6,49.29558,-123.14587,2,FALSE,FALSE,14500,NA,1783242979,2026-07-05T09:16:56Z,2026-07-05T09:16:56Z,2026-07-05T09:16:56Z,2.2,https://data.lime.bike/api/partners/v2/gbfs/vancouver_bc/gbfs.json,https://data.lime.bike/api/partners/v2/gbfs/vancouver_bc/free_bike_status,2026-07-05T09:16:54Z,2026-07-05T09:16:54Z
lime_vancouver,lime_vancouver_705e3e55-6868-48f7-9cb1-66d8487aea15,705e3e55-6868-48f7-9cb1-66d8487aea15,49.270498,-123.147894,2,FALSE,FALSE,13084,NA,1783242979,2026-07-05T09:16:56Z,2026-07-05T09:16:56Z,2026-07-05T09:16:56Z,2.2,https://data.lime.bike/api/partners/v2/gbfs/vancouver_bc/gbfs.json,https://data.lime.bike/api/partners/v2/gbfs/vancouver_bc/free_bike_status,2026-07-05T09:16:54Z,2026-07-05T09:16:54Z
lime_vancouver,lime_vancouver_e0240052-db19-4ca1-acf7-c56c790828a4,e0240052-db19-4ca1-acf7-c56c790828a4,49.26626,-123.104761,2,FALSE,FALSE,3492,NA,1783242979,2026-07-05T09:16:56Z,2026-07-05T09:16:56Z,2026-07-05T09:16:56Z,2.2,https://data.lime.bike/api/partners/v2/gbfs/vancouver_bc/gbfs.json,https://data.lime.bike/api/partners/v2/gbfs/vancouver_bc/free_bike_status,2026-07-05T09:16:54Z,2026-07-05T09:16:54Z
lime_vancouver,lime_vancouver_11781180-7582-4913-937b-12b3f396cb8d,11781180-7582-4913-937b-12b3f396cb8d,49.262335,-123.096056,2,FALSE,FALSE,40395,NA,1783242979,2026-07-05T09:16:56Z,2026-07-05T09:16:56Z,2026-07-05T09:16:56Z,2.2,https://data.lime.bike/api/partners/v2/gbfs/vancouver_bc/gbfs.json,https://data.lime.bike/api/partners/v2/gbfs/vancouver_bc/free_bike_status,2026-07-05T09:16:54Z,2026-07-05T09:16:54Z
lime_vancouver,lime_vancouver_663a36a0-493e-48d1-ab57-4183d08b072e,663a36a0-493e-48d1-ab57-4183d08b072e,49.271604,-123.073384,2,FALSE,FALSE,13551,NA,1783242979,2026-07-05T09:16:56Z,2026-07-05T09:16:56Z,2026-07-05T09:16:56Z,2.2,https://data.lime.bike/api/partners/v2/gbfs/vancouver_bc/gbfs.json,https://data.lime.bike/api/partners/v2/gbfs/vancouver_bc/free_bike_status,2026-07-05T09:16:54Z,2026-07-05T09:16:54Z
lime_vancouver,lime_vancouver_96efe1e5-be8a-4e95-a73c-4b61abc67f78,96efe1e5-be8a-4e95-a73c-4b61abc67f78,49.236867,-123.074409,2,FALSE,FALSE,4796,NA,1783242979,2026-07-05T09:16:56Z,2026-07-05T09:16:56Z,2026-07-05T09:16:56Z,2.2,https://data.lime.bike/api/partners/v2/gbfs/vancouver_bc/gbfs.json,https://data.lime.bike/api/partners/v2/gbfs/vancouver_bc/free_bike_status,2026-07-05T09:16:54Z,2026-07-05T09:16:54Z
lime_vancouver,lime_vancouver_29da8c35-89a2-44b9-bf91-e3417c86eeaa,29da8c35-89a2-44b9-bf91-e3417c86eeaa,49.264977,-123.164857,2,FALSE,FALSE,9801,NA,1783242979,2026-07-05T09:16:56Z,2026-07-05T09:16:56Z,2026-07-05T09:16:56Z,2.2,https://data.lime.bike/api/partners/v2/gbfs/vancouver_bc/gbfs.json,https://data.lime.bike/api/partners/v2/gbfs/vancouver_bc/free_bike_status,2026-07-05T09:16:54Z,2026-07-05T09:16:54Z
lime_vancouver,lime_vancouver_d8798677-4925-48cb-9a0e-dbb8b8721e6f,d8798677-4925-48cb-9a0e-dbb8b8721e6f,49.273882,-123.061541,2,FALSE,FALSE,20246,NA,1783242979,2026-07-05T09:16:56Z,2026-07-05T09:16:56Z,2026-07-05T09:16:56Z,2.2,https://data.lime.bike/api/partners/v2/gbfs/vancouver_bc/gbfs.json,https://data.lime.bike/api/partners/v2/gbfs/vancouver_bc/free_bike_status,2026-07-05T09:16:54Z,2026-07-05T09:16:54Z
lime_vancouver,lime_vancouver_6adb0fd3-921b-43bf-93b0-fc026333be30,6adb0fd3-921b-43bf-93b0-fc026333be30,49.254036,-123.08365,2,FALSE,FALSE,7950,NA,1783242979,2026-07-05T09:16:56Z,2026-07-05T09:16:56Z,2026-07-05T09:16:56Z,2.2,https://data.lime.bike/api/partners/v2/gbfs/vancouver_bc/gbfs.json,https://data.lime.bike/api/partners/v2/gbfs/vancouver_bc/free_bike_status,2026-07-05T09:16:54Z,2026-07-05T09:16:54Z
lime_vancouver,lime_vancouver_b724bbf3-30e7-4331-b35f-1671296ffbc9,b724bbf3-30e7-4331-b35f-1671296ffbc9,49.272315999999996,-123.033979,2,FALSE,FALSE,41940,NA,1783242979,2026-07-05T09:16:56Z,2026-07-05T09:16:56Z,2026-07-05T09:16:56Z,2.2,https://data.lime.bike/api/partners/v2/gbfs/vancouver_bc/gbfs.json,https://data.lime.bike/api/partners/v2/gbfs/vancouver_bc/free_bike_status,2026-07-05T09:16:54Z,2026-07-05T09:16:54Z
lime_vancouver,lime_vancouver_206b62ca-02de-4638-9b6b-61ee8b3fbde9,206b62ca-02de-4638-9b6b-61ee8b3fbde9,49.231079,-123.032599,2,FALSE,FALSE,40395,NA,1783242979,2026-07-05T09:16:56Z,2026-07-05T09:16:56Z,2026-07-05T09:16:56Z,2.2,https://data.lime.bike/api/partners/v2/gbfs/vancouver_bc/gbfs.json,https://data.lime.bike/api/partners/v2/gbfs/vancouver_bc/free_bike_status,2026-07-05T09:16:54Z,2026-07-05T09:16:54Z
lime_vancouver,lime_vancouver_367a9460-0af8-4862-8f34-346dc21341a1,367a9460-0af8-4862-8f34-346dc21341a1,49.235849,-123.055174,2,FALSE,FALSE,10268,NA,1783242979,2026-07-05T09:16:56Z,2026-07-05T09:16:56Z,2026-07-05T09:16:56Z,2.2,https://data.lime.bike/api/partners/v2/gbfs/vancouver_bc/gbfs.json,https://data.lime.bike/api/partners/v2/gbfs/vancouver_bc/free_bike_status,2026-07-05T09:16:54Z,2026-07-05T09:16:54Z
lime_vancouver,lime_vancouver_1eb3cea3-af46-4fcb-9f25-12703c85ec61,1eb3cea3-af46-4fcb-9f25-12703c85ec61,49.262771,-123.155351,2,FALSE,FALSE,43484,NA,1783242979,2026-07-05T09:16:56Z,2026-07-05T09:16:56Z,2026-07-05T09:16:56Z,2.2,https://data.lime.bike/api/partners/v2/gbfs/vancouver_bc/gbfs.json,https://data.lime.bike/api/partners/v2/gbfs/vancouver_bc/free_bike_status,2026-07-05T09:16:54Z,2026-07-05T09:16:54Z
lime_vancouver,lime_vancouver_43309186-0bb7-4263-8c8b-0d4ab352fce4,43309186-0bb7-4263-8c8b-0d4ab352fce4,49.281503,-123.137278,2,FALSE,FALSE,3492,NA,1783242979,2026-07-05T09:16:56Z,2026-07-05T09:16:56Z,2026-07-05T09:16:56Z,2.2,https://data.lime.bike/api/partners/v2/gbfs/vancouver_bc/gbfs.json,https://data.lime.bike/api/partners/v2/gbfs/vancouver_bc/free_bike_status,2026-07-05T09:16:54Z,2026-07-05T09:16:54Z
lime_vancouver,lime_vancouver_efb7f5fc-4603-42e5-b2c9-131ce1c66897,efb7f5fc-4603-42e5-b2c9-131ce1c66897,49.23879,-123.026904,2,FALSE,FALSE,16399,NA,1783242979,2026-07-05T09:16:56Z,2026-07-05T09:16:56Z,2026-07-05T09:16:56Z,2.2,https://data.lime.bike/api/partners/v2/gbfs/vancouver_bc/gbfs.json,https://data.lime.bike/api/partners/v2/gbfs/vancouver_bc/free_bike_status,2026-07-05T09:16:54Z,2026-07-05T09:16:54Z
lime_vancouver,lime_vancouver_8f85e9b4-6113-4c1d-b0df-9a82f1e608d7,8f85e9b4-6113-4c1d-b0df-9a82f1e608d7,49.263679,-123.105037,2,FALSE,FALSE,14967,NA,1783242979,2026-07-05T09:16:56Z,2026-07-05T09:16:56Z,2026-07-05T09:16:56Z,2.2,https://data.lime.bike/api/partners/v2/gbfs/vancouver_bc/gbfs.json,https://data.lime.bike/api/partners/v2/gbfs/vancouver_bc/free_bike_status,2026-07-05T09:16:54Z,2026-07-05T09:16:54Z
lime_vancouver,lime_vancouver_b2ac3009-3fef-4139-95db-7075184578bb,b2ac3009-3fef-4139-95db-7075184578bb,49.271849,-123.164777,2,FALSE,FALSE,11201,NA,1783242979,2026-07-05T09:16:56Z,2026-07-05T09:16:56Z,2026-07-05T09:16:56Z,2.2,https://data.lime.bike/api/partners/v2/gbfs/vancouver_bc/gbfs.json,https://data.lime.bike/api/partners/v2/gbfs/vancouver_bc/free_bike_status,2026-07-05T09:16:54Z,2026-07-05T09:16:54Z
lime_vancouver,lime_vancouver_e2d21e84-7049-4737-952a-649a428d5d08,e2d21e84-7049-4737-952a-649a428d5d08,49.263446,-123.098884,2,FALSE,FALSE,14967,NA,1783242979,2026-07-05T09:16:56Z,2026-07-05T09:16:56Z,2026-07-05T09:16:56Z,2.2,https://data.lime.bike/api/partners/v2/gbfs/vancouver_bc/gbfs.json,https://data.lime.bike/api/partners/v2/gbfs/vancouver_bc/free_bike_status,2026-07-05T09:16:54Z,2026-07-05T09:16:54Z
lime_vancouver,lime_vancouver_f3e4595b-a09c-4e17-84c8-346da87937cf,f3e4595b-a09c-4e17-84c8-346da87937cf,49.28287,-123.134649,2,FALSE,FALSE,23641,NA,1783242979,2026-07-05T09:16:56Z,2026-07-05T09:16:56Z,2026-07-05T09:16:56Z,2.2,https://data.lime.bike/api/partners/v2/gbfs/vancouver_bc/gbfs.json,https://data.lime.bike/api/partners/v2/gbfs/vancouver_bc/free_bike_status,2026-07-05T09:16:54Z,2026-07-05T09:16:54Z
lime_vancouver,lime_vancouver_46c42781-8e38-46f1-af6d-8cf832cb8858,46c42781-8e38-46f1-af6d-8cf832cb8858,49.280231,-123.079166,2,FALSE,FALSE,11201,NA,1783242979,2026-07-05T09:16:56Z,2026-07-05T09:16:56Z,2026-07-05T09:16:56Z,2.2,https://data.lime.bike/api/partners/v2/gbfs/vancouver_bc/gbfs.json,https://data.lime.bike/api/partners/v2/gbfs/vancouver_bc/free_bike_status,2026-07-05T09:16:54Z,2026-07-05T09:16:54Z
lime_vancouver,lime_vancouver_c4569689-a80f-483f-a7bb-91807397aef9,c4569689-a80f-483f-a7bb-91807397aef9,49.281565,-123.137579,2,FALSE,FALSE,5697,NA,1783242979,2026-07-05T09:16:56Z,2026-07-05T09:16:56Z,2026-07-05T09:16:56Z,2.2,https://data.lime.bike/api/partners/v2/gbfs/vancouver_bc/gbfs.json,https://data.lime.bike/api/partners/v2/gbfs/vancouver_bc/free_bike_status,2026-07-05T09:16:54Z,2026-07-05T09:16:54Z
lime_vancouver,lime_vancouver_c2fc3352-950c-44ec-a7a8-304b3921b80d,c2fc3352-950c-44ec-a7a8-304b3921b80d,49.285162,-123.139131,2,FALSE,FALSE,6132,NA,1783242979,2026-07-05T09:16:56Z,2026-07-05T09:16:56Z,2026-07-05T09:16:56Z,2.2,https://data.lime.bike/api/partners/v2/gbfs/vancouver_bc/gbfs.json,https://data.lime.bike/api/partners/v2/gbfs/vancouver_bc/free_bike_status,2026-07-05T09:16:54Z,2026-07-05T09:16:54Z
lime_vancouver,lime_vancouver_e1c1e508-83ad-40be-8653-ef9a9b1d26f5,e1c1e508-83ad-40be-8653-ef9a9b1d26f5,49.269221,-123.039029,2,FALSE,FALSE,40910,NA,1783242979,2026-07-05T09:16:56Z,2026-07-05T09:16:56Z,2026-07-05T09:16:56Z,2.2,https://data.lime.bike/api/partners/v2/gbfs/vancouver_bc/gbfs.json,https://data.lime.bike/api/partners/v2/gbfs/vancouver_bc/free_bike_status,2026-07-05T09:16:54Z,2026-07-05T09:16:54Z
lime_vancouver,lime_vancouver_7bd2c169-f22d-4b56-8000-4f34d0a71e8b,7bd2c169-f22d-4b56-8000-4f34d0a71e8b,49.262405,-123.095938,2,FALSE,FALSE,10268,NA,1783242979,2026-07-05T09:16:56Z,2026-07-05T09:16:56Z,2026-07-05T09:16:56Z,2.2,https://data.lime.bike/api/partners/v2/gbfs/vancouver_bc/gbfs.json,https://data.lime.bike/api/partners/v2/gbfs/vancouver_bc/free_bike_status,2026-07-05T09:16:54Z,2026-07-05T09:16:54Z
lime_vancouver,lime_vancouver_95420863-d66f-42ab-a90d-0807688b1941,95420863-d66f-42ab-a90d-0807688b1941,49.229306,-123.030154,2,FALSE,FALSE,6132,NA,1783242979,2026-07-05T09:16:56Z,2026-07-05T09:16:56Z,2026-07-05T09:16:56Z,2.2,https://data.lime.bike/api/partners/v2/gbfs/vancouver_bc/gbfs.json,https://data.lime.bike/api/partners/v2/gbfs/vancouver_bc/free_bike_status,2026-07-05T09:16:54Z,2026-07-05T09:16:54Z
lime_vancouver,lime_vancouver_a3c66f60-fc5f-4e83-99a8-e01709127fbb,a3c66f60-fc5f-4e83-99a8-e01709127fbb,49.262476,-123.12061,2,FALSE,FALSE,31125,NA,1783242979,2026-07-05T09:16:56Z,2026-07-05T09:16:56Z,2026-07-05T09:16:56Z,2.2,https://data.lime.bike/api/partners/v2/gbfs/vancouver_bc/gbfs.json,https://data.lime.bike/api/partners/v2/gbfs/vancouver_bc/free_bike_status,2026-07-05T09:16:54Z,2026-07-05T09:16:54Z
lime_vancouver,lime_vancouver_1369201c-cb81-420b-9a5c-ded157240169,1369201c-cb81-420b-9a5c-ded157240169,49.254645,-123.049663,2,FALSE,FALSE,14500,NA,1783242979,2026-07-05T09:16:56Z,2026-07-05T09:16:56Z,2026-07-05T09:16:56Z,2.2,https://data.lime.bike/api/partners/v2/gbfs/vancouver_bc/gbfs.json,https://data.lime.bike/api/partners/v2/gbfs/vancouver_bc/free_bike_status,2026-07-05T09:16:54Z,2026-07-05T09:16:54Z
lime_vancouver,lime_vancouver_5f2e8491-3c5d-4331-a019-8b6693bdbc6b,5f2e8491-3c5d-4331-a019-8b6693bdbc6b,49.265405,-123.096735,2,FALSE,FALSE,19280,NA,1783242979,2026-07-05T09:16:56Z,2026-07-05T09:16:56Z,2026-07-05T09:16:56Z,2.2,https://data.lime.bike/api/partners/v2/gbfs/vancouver_bc/gbfs.json,https://data.lime.bike/api/partners/v2/gbfs/vancouver_bc/free_bike_status,2026-07-05T09:16:54Z,2026-07-05T09:16:54Z
lime_vancouver,lime_vancouver_dd45177a-5c06-4e5c-ba2b-520bef050ccf,dd45177a-5c06-4e5c-ba2b-520bef050ccf,49.262543,-123.119829,2,FALSE,FALSE,13551,NA,1783242979,2026-07-05T09:16:56Z,2026-07-05T09:16:56Z,2026-07-05T09:16:56Z,2.2,https://data.lime.bike/api/partners/v2/gbfs/vancouver_bc/gbfs.json,https://data.lime.bike/api/partners/v2/gbfs/vancouver_bc/free_bike_status,2026-07-05T09:16:54Z,2026-07-05T09:16:54Z
lime_vancouver,lime_vancouver_6d0a94ac-c24b-4d6e-9762-dc534a50a2cc,6d0a94ac-c24b-4d6e-9762-dc534a50a2cc,49.269237,-123.150331,2,FALSE,FALSE,23641,NA,1783242979,2026-07-05T09:16:56Z,2026-07-05T09:16:56Z,2026-07-05T09:16:56Z,2.2,https://data.lime.bike/api/partners/v2/gbfs/vancouver_bc/gbfs.json,https://data.lime.bike/api/partners/v2/gbfs/vancouver_bc/free_bike_status,2026-07-05T09:16:54Z,2026-07-05T09:16:54Z
lime_vancouver,lime_vancouver_685b89a0-03c8-4b52-9d57-444d915970d4,685b89a0-03c8-4b52-9d57-444d915970d4,49.271776,-123.164716,2,FALSE,FALSE,22177,NA,1783242979,2026-07-05T09:16:56Z,2026-07-05T09:16:56Z,2026-07-05T09:16:56Z,2.2,https://data.lime.bike/api/partners/v2/gbfs/vancouver_bc/gbfs.json,https://data.lime.bike/api/partners/v2/gbfs/vancouver_bc/free_bike_status,2026-07-05T09:16:54Z,2026-07-05T09:16:54Z
lime_vancouver,lime_vancouver_3162d74a-28e2-4344-85c6-b3ca698ad043,3162d74a-28e2-4344-85c6-b3ca698ad043,49.282959,-123.054816,2,FALSE,FALSE,37272,NA,1783242979,2026-07-05T09:16:56Z,2026-07-05T09:16:56Z,2026-07-05T09:16:56Z,2.2,https://data.lime.bike/api/partners/v2/gbfs/vancouver_bc/gbfs.json,https://data.lime.bike/api/partners/v2/gbfs/vancouver_bc/free_bike_status,2026-07-05T09:16:54Z,2026-07-05T09:16:54Z
lime_vancouver,lime_vancouver_84df36f0-b1ec-41a6-903d-8ef0998995da,84df36f0-b1ec-41a6-903d-8ef0998995da,49.280223,-123.079134,2,FALSE,FALSE,2639,NA,1783242979,2026-07-05T09:16:56Z,2026-07-05T09:16:56Z,2026-07-05T09:16:56Z,2.2,https://data.lime.bike/api/partners/v2/gbfs/vancouver_bc/gbfs.json,https://data.lime.bike/api/partners/v2/gbfs/vancouver_bc/free_bike_status,2026-07-05T09:16:54Z,2026-07-05T09:16:54Z
lime_vancouver,lime_vancouver_06d02b3f-0d4d-487f-9744-7daa6c4f7e32,06d02b3f-0d4d-487f-9744-7daa6c4f7e32,49.285774,-123.135119,2,FALSE,FALSE,2237,NA,1783242979,2026-07-05T09:16:56Z,2026-07-05T09:16:56Z,2026-07-05T09:16:56Z,2.2,https://data.lime.bike/api/partners/v2/gbfs/vancouver_bc/gbfs.json,https://data.lime.bike/api/partners/v2/gbfs/vancouver_bc/free_bike_status,2026-07-05T09:16:54Z,2026-07-05T09:16:54Z
lime_vancouver,lime_vancouver_e3637979-9ff7-48d8-a72c-a397f4218046,e3637979-9ff7-48d8-a72c-a397f4218046,49.271836,-123.164739,2,FALSE,FALSE,33651,NA,1783242979,2026-07-05T09:16:56Z,2026-07-05T09:16:56Z,2026-07-05T09:16:56Z,2.2,https://data.lime.bike/api/partners/v2/gbfs/vancouver_bc/gbfs.json,https://data.lime.bike/api/partners/v2/gbfs/vancouver_bc/free_bike_status,2026-07-05T09:16:54Z,2026-07-05T09:16:54Z
lime_vancouver,lime_vancouver_a212c9d3-1afd-41a0-bc6e-2d0daf164a04,a212c9d3-1afd-41a0-bc6e-2d0daf164a04,49.281481,-123.057841,2,FALSE,FALSE,12134,NA,1783242979,2026-07-05T09:16:56Z,2026-07-05T09:16:56Z,2026-07-05T09:16:56Z,2.2,https://data.lime.bike/api/partners/v2/gbfs/vancouver_bc/gbfs.json,https://data.lime.bike/api/partners/v2/gbfs/vancouver_bc/free_bike_status,2026-07-05T09:16:54Z,2026-07-05T09:16:54Z
lime_vancouver,lime_vancouver_853d16e4-5d12-4f4a-b3c3-4cb3ccc6b5e7,853d16e4-5d12-4f4a-b3c3-4cb3ccc6b5e7,49.290656,-123.133773,2,FALSE,FALSE,15450,NA,1783242979,2026-07-05T09:16:56Z,2026-07-05T09:16:56Z,2026-07-05T09:16:56Z,2.2,https://data.lime.bike/api/partners/v2/gbfs/vancouver_bc/gbfs.json,https://data.lime.bike/api/partners/v2/gbfs/vancouver_bc/free_bike_status,2026-07-05T09:16:54Z,2026-07-05T09:16:54Z
lime_vancouver,lime_vancouver_903bb79e-c77a-46ff-a156-6c79dddd5f9a,903bb79e-c77a-46ff-a156-6c79dddd5f9a,49.269032,-123.16446,2,FALSE,FALSE,3927,NA,1783242979,2026-07-05T09:16:56Z,2026-07-05T09:16:56Z,2026-07-05T09:16:56Z,2.2,https://data.lime.bike/api/partners/v2/gbfs/vancouver_bc/gbfs.json,https://data.lime.bike/api/partners/v2/gbfs/vancouver_bc/free_bike_status,2026-07-05T09:16:54Z,2026-07-05T09:16:54Z
lime_vancouver,lime_vancouver_f413bdee-2000-4546-a585-7a7d6f6fa7f8,f413bdee-2000-4546-a585-7a7d6f6fa7f8,49.232901,-123.074202,2,FALSE,FALSE,21694,NA,1783242979,2026-07-05T09:16:56Z,2026-07-05T09:16:56Z,2026-07-05T09:16:56Z,2.2,https://data.lime.bike/api/partners/v2/gbfs/vancouver_bc/gbfs.json,https://data.lime.bike/api/partners/v2/gbfs/vancouver_bc/free_bike_status,2026-07-05T09:16:54Z,2026-07-05T09:16:54Z
lime_vancouver,lime_vancouver_a3bfc00d-f609-48cb-96e3-f239299d50d2,a3bfc00d-f609-48cb-96e3-f239299d50d2,49.229443,-123.030243,2,FALSE,FALSE,5246,NA,1783242979,2026-07-05T09:16:56Z,2026-07-05T09:16:56Z,2026-07-05T09:16:56Z,2.2,https://data.lime.bike/api/partners/v2/gbfs/vancouver_bc/gbfs.json,https://data.lime.bike/api/partners/v2/gbfs/vancouver_bc/free_bike_status,2026-07-05T09:16:54Z,2026-07-05T09:16:54Z
lime_vancouver,lime_vancouver_56f472fe-d6d1-4d9e-9681-95efc0bb2c41,56f472fe-d6d1-4d9e-9681-95efc0bb2c41,49.259877,-123.083304,2,FALSE,FALSE,7049,NA,1783242979,2026-07-05T09:16:56Z,2026-07-05T09:16:56Z,2026-07-05T09:16:56Z,2.2,https://data.lime.bike/api/partners/v2/gbfs/vancouver_bc/gbfs.json,https://data.lime.bike/api/partners/v2/gbfs/vancouver_bc/free_bike_status,2026-07-05T09:16:54Z,2026-07-05T09:16:54Z
lime_vancouver,lime_vancouver_fc535813-fc26-49e7-9dfe-3ebb08a23160,fc535813-fc26-49e7-9dfe-3ebb08a23160,49.2691,-123.104783,2,FALSE,FALSE,3492,NA,1783242979,2026-07-05T09:16:56Z,2026-07-05T09:16:56Z,2026-07-05T09:16:56Z,2.2,https://data.lime.bike/api/partners/v2/gbfs/vancouver_bc/gbfs.json,https://data.lime.bike/api/partners/v2/gbfs/vancouver_bc/free_bike_status,2026-07-05T09:16:54Z,2026-07-05T09:16:54Z
lime_vancouver,lime_vancouver_97107291-190d-41f7-bedb-1377a38dbfcb,97107291-190d-41f7-bedb-1377a38dbfcb,49.243291,-123.026754,2,FALSE,FALSE,6582,NA,1783242979,2026-07-05T09:16:56Z,2026-07-05T09:16:56Z,2026-07-05T09:16:56Z,2.2,https://data.lime.bike/api/partners/v2/gbfs/vancouver_bc/gbfs.json,https://data.lime.bike/api/partners/v2/gbfs/vancouver_bc/free_bike_status,2026-07-05T09:16:54Z,2026-07-05T09:16:54Z
lime_vancouver,lime_vancouver_f188e5f6-783f-43c5-9d4c-7e10a9f1292a,f188e5f6-783f-43c5-9d4c-7e10a9f1292a,49.270895,-123.159559,2,FALSE,FALSE,42454,NA,1783242979,2026-07-05T09:16:56Z,2026-07-05T09:16:56Z,2026-07-05T09:16:56Z,2.2,https://data.lime.bike/api/partners/v2/gbfs/vancouver_bc/gbfs.json,https://data.lime.bike/api/partners/v2/gbfs/vancouver_bc/free_bike_status,2026-07-05T09:16:54Z,2026-07-05T09:16:54Z
lime_vancouver,lime_vancouver_37a3d7bb-84c3-4901-a843-ede192c70e0e,37a3d7bb-84c3-4901-a843-ede192c70e0e,49.262641,-123.139087,2,FALSE,FALSE,3058,NA,1783242979,2026-07-05T09:16:56Z,2026-07-05T09:16:56Z,2026-07-05T09:16:56Z,2.2,https://data.lime.bike/api/partners/v2/gbfs/vancouver_bc/gbfs.json,https://data.lime.bike/api/partners/v2/gbfs/vancouver_bc/free_bike_status,2026-07-05T09:16:54Z,2026-07-05T09:16:54Z
lime_vancouver,lime_vancouver_53d3c710-457d-48a5-8ab9-14b77391cc49,53d3c710-457d-48a5-8ab9-14b77391cc49,49.256439,-123.034169,2,FALSE,FALSE,39348,NA,1783242979,2026-07-05T09:16:56Z,2026-07-05T09:16:56Z,2026-07-05T09:16:56Z,2.2,https://data.lime.bike/api/partners/v2/gbfs/vancouver_bc/gbfs.json,https://data.lime.bike/api/partners/v2/gbfs/vancouver_bc/free_bike_status,2026-07-05T09:16:54Z,2026-07-05T09:16:54Z
lime_vancouver,lime_vancouver_6c1d8e8b-6a5f-4e6d-ac0d-f52ec0e2fa3d,6c1d8e8b-6a5f-4e6d-ac0d-f52ec0e2fa3d,49.266402,-123.148349,2,FALSE,FALSE,14967,NA,1783242979,2026-07-05T09:16:56Z,2026-07-05T09:16:56Z,2026-07-05T09:16:56Z,2.2,https://data.lime.bike/api/partners/v2/gbfs/vancouver_bc/gbfs.json,https://data.lime.bike/api/partners/v2/gbfs/vancouver_bc/free_bike_status,2026-07-05T09:16:54Z,2026-07-05T09:16:54Z
lime_vancouver,lime_vancouver_a8b9826d-19fb-477b-8ad5-825a262d0a62,a8b9826d-19fb-477b-8ad5-825a262d0a62,49.263369,-123.098902,2,FALSE,FALSE,44514,NA,1783242979,2026-07-05T09:16:56Z,2026-07-05T09:16:56Z,2026-07-05T09:16:56Z,2.2,https://data.lime.bike/api/partners/v2/gbfs/vancouver_bc/gbfs.json,https://data.lime.bike/api/partners/v2/gbfs/vancouver_bc/free_bike_status,2026-07-05T09:16:54Z,2026-07-05T09:16:54Z
lime_vancouver,lime_vancouver_96df2ac7-982e-4b9f-8ed1-be56478b3715,96df2ac7-982e-4b9f-8ed1-be56478b3715,49.262631,-123.11994,2,FALSE,FALSE,47073,NA,1783242979,2026-07-05T09:16:56Z,2026-07-05T09:16:56Z,2026-07-05T09:16:56Z,2.2,https://data.lime.bike/api/partners/v2/gbfs/vancouver_bc/gbfs.json,https://data.lime.bike/api/partners/v2/gbfs/vancouver_bc/free_bike_status,2026-07-05T09:16:54Z,2026-07-05T09:16:54Z
lime_vancouver,lime_vancouver_4015a384-5eeb-4c76-b567-c3256124f443,4015a384-5eeb-4c76-b567-c3256124f443,49.281004,-123.134216,2,FALSE,FALSE,33651,NA,1783242979,2026-07-05T09:16:56Z,2026-07-05T09:16:56Z,2026-07-05T09:16:56Z,2.2,https://data.lime.bike/api/partners/v2/gbfs/vancouver_bc/gbfs.json,https://data.lime.bike/api/partners/v2/gbfs/vancouver_bc/free_bike_status,2026-07-05T09:16:54Z,2026-07-05T09:16:54Z
lime_vancouver,lime_vancouver_ec8f9870-ae90-483f-a06c-fb7a9d3ecdc0,ec8f9870-ae90-483f-a06c-fb7a9d3ecdc0,49.28007,-123.131839,2,FALSE,FALSE,21694,NA,1783242979,2026-07-05T09:16:56Z,2026-07-05T09:16:56Z,2026-07-05T09:16:56Z,2.2,https://data.lime.bike/api/partners/v2/gbfs/vancouver_bc/gbfs.json,https://data.lime.bike/api/partners/v2/gbfs/vancouver_bc/free_bike_status,2026-07-05T09:16:54Z,2026-07-05T09:16:54Z
lime_vancouver,lime_vancouver_026b1349-7bb1-49c3-85c2-53fe1d485698,026b1349-7bb1-49c3-85c2-53fe1d485698,49.238545,-123.05176,2,FALSE,FALSE,7049,NA,1783242979,2026-07-05T09:16:56Z,2026-07-05T09:16:56Z,2026-07-05T09:16:56Z,2.2,https://data.lime.bike/api/partners/v2/gbfs/vancouver_bc/gbfs.json,https://data.lime.bike/api/partners/v2/gbfs/vancouver_bc/free_bike_status,2026-07-05T09:16:54Z,2026-07-05T09:16:54Z
lime_vancouver,lime_vancouver_e2ce9c68-ad93-4c13-b904-f6a80f5e5040,e2ce9c68-ad93-4c13-b904-f6a80f5e5040,49.25075,-123.083746,2,FALSE,FALSE,38302,NA,1783242979,2026-07-05T09:16:56Z,2026-07-05T09:16:56Z,2026-07-05T09:16:56Z,2.2,https://data.lime.bike/api/partners/v2/gbfs/vancouver_bc/gbfs.json,https://data.lime.bike/api/partners/v2/gbfs/vancouver_bc/free_bike_status,2026-07-05T09:16:54Z,2026-07-05T09:16:54Z
lime_vancouver,lime_vancouver_252c4745-7be4-4cd8-90f5-df7e5ca4061a,252c4745-7be4-4cd8-90f5-df7e5ca4061a,49.254539,-123.072895,2,FALSE,FALSE,34681,NA,1783242979,2026-07-05T09:16:56Z,2026-07-05T09:16:56Z,2026-07-05T09:16:56Z,2.2,https://data.lime.bike/api/partners/v2/gbfs/vancouver_bc/gbfs.json,https://data.lime.bike/api/partners/v2/gbfs/vancouver_bc/free_bike_status,2026-07-05T09:16:54Z,2026-07-05T09:16:54Z
lime_vancouver,lime_vancouver_1bff2556-83f9-46cb-8061-520280b47d46,1bff2556-83f9-46cb-8061-520280b47d46,49.265602,-123.096721,2,FALSE,FALSE,37272,NA,1783242979,2026-07-05T09:16:56Z,2026-07-05T09:16:56Z,2026-07-05T09:16:56Z,2.2,https://data.lime.bike/api/partners/v2/gbfs/vancouver_bc/gbfs.json,https://data.lime.bike/api/partners/v2/gbfs/vancouver_bc/free_bike_status,2026-07-05T09:16:54Z,2026-07-05T09:16:54Z
lime_vancouver,lime_vancouver_1e3bbfc7-bdbf-4b85-9ae6-26486cf4d2c2,1e3bbfc7-bdbf-4b85-9ae6-26486cf4d2c2,49.265486,-123.143633,2,FALSE,FALSE,2639,NA,1783242979,2026-07-05T09:16:56Z,2026-07-05T09:16:56Z,2026-07-05T09:16:56Z,2.2,https://data.lime.bike/api/partners/v2/gbfs/vancouver_bc/gbfs.json,https://data.lime.bike/api/partners/v2/gbfs/vancouver_bc/free_bike_status,2026-07-05T09:16:54Z,2026-07-05T09:16:54Z
lime_vancouver,lime_vancouver_337a8209-0823-4383-87da-d74be1a7bc6b,337a8209-0823-4383-87da-d74be1a7bc6b,49.269076,-123.164457,2,FALSE,FALSE,27600,NA,1783242979,2026-07-05T09:16:56Z,2026-07-05T09:16:56Z,2026-07-05T09:16:56Z,2.2,https://data.lime.bike/api/partners/v2/gbfs/vancouver_bc/gbfs.json,https://data.lime.bike/api/partners/v2/gbfs/vancouver_bc/free_bike_status,2026-07-05T09:16:54Z,2026-07-05T09:16:54Z
lime_vancouver,lime_vancouver_36293a97-f1e2-4c00-98b9-afacac8b5b00,36293a97-f1e2-4c00-98b9-afacac8b5b00,49.281428,-123.05784,2,FALSE,FALSE,34166,NA,1783242979,2026-07-05T09:16:56Z,2026-07-05T09:16:56Z,2026-07-05T09:16:56Z,2.2,https://data.lime.bike/api/partners/v2/gbfs/vancouver_bc/gbfs.json,https://data.lime.bike/api/partners/v2/gbfs/vancouver_bc/free_bike_status,2026-07-05T09:16:54Z,2026-07-05T09:16:54Z
lime_vancouver,lime_vancouver_c6b2913f-4897-4d7c-80f0-831d0f2204c5,c6b2913f-4897-4d7c-80f0-831d0f2204c5,49.266205,-123.104844,2,FALSE,FALSE,36226,NA,1783242979,2026-07-05T09:16:56Z,2026-07-05T09:16:56Z,2026-07-05T09:16:56Z,2.2,https://data.lime.bike/api/partners/v2/gbfs/vancouver_bc/gbfs.json,https://data.lime.bike/api/partners/v2/gbfs/vancouver_bc/free_bike_status,2026-07-05T09:16:54Z,2026-07-05T09:16:54Z
lime_vancouver,lime_vancouver_3ca01139-5c5a-4197-bcdc-eea20a6913bd,3ca01139-5c5a-4197-bcdc-eea20a6913bd,49.277492,-123.056875,2,FALSE,FALSE,38833,NA,1783242979,2026-07-05T09:16:56Z,2026-07-05T09:16:56Z,2026-07-05T09:16:56Z,2.2,https://data.lime.bike/api/partners/v2/gbfs/vancouver_bc/gbfs.json,https://data.lime.bike/api/partners/v2/gbfs/vancouver_bc/free_bike_status,2026-07-05T09:16:54Z,2026-07-05T09:16:54Z
lime_vancouver,lime_vancouver_988811d2-bdaf-4a14-bc7d-0e79dab13564,988811d2-bdaf-4a14-bc7d-0e79dab13564,49.262241,-123.105004,2,FALSE,FALSE,29097,NA,1783242979,2026-07-05T09:16:56Z,2026-07-05T09:16:56Z,2026-07-05T09:16:56Z,2.2,https://data.lime.bike/api/partners/v2/gbfs/vancouver_bc/gbfs.json,https://data.lime.bike/api/partners/v2/gbfs/vancouver_bc/free_bike_status,2026-07-05T09:16:54Z,2026-07-05T09:16:54Z
lime_vancouver,lime_vancouver_db7651b9-2421-4ee0-9d52-350f6837ccc1,db7651b9-2421-4ee0-9d52-350f6837ccc1,49.269173,-123.039041,2,FALSE,FALSE,6132,NA,1783242979,2026-07-05T09:16:56Z,2026-07-05T09:16:56Z,2026-07-05T09:16:56Z,2.2,https://data.lime.bike/api/partners/v2/gbfs/vancouver_bc/gbfs.json,https://data.lime.bike/api/partners/v2/gbfs/vancouver_bc/free_bike_status,2026-07-05T09:16:54Z,2026-07-05T09:16:54Z
lime_vancouver,lime_vancouver_dd2df511-8394-4f97-adc4-9d627bb1c1b0,dd2df511-8394-4f97-adc4-9d627bb1c1b0,49.267996,-123.155175,2,FALSE,FALSE,3492,NA,1783242979,2026-07-05T09:16:56Z,2026-07-05T09:16:56Z,2026-07-05T09:16:56Z,2.2,https://data.lime.bike/api/partners/v2/gbfs/vancouver_bc/gbfs.json,https://data.lime.bike/api/partners/v2/gbfs/vancouver_bc/free_bike_status,2026-07-05T09:16:54Z,2026-07-05T09:16:54Z
lime_vancouver,lime_vancouver_3be58f4a-bc14-4914-9ff1-984b48aaa7bc,3be58f4a-bc14-4914-9ff1-984b48aaa7bc,49.2808,-123.084831,2,FALSE,FALSE,7049,NA,1783242979,2026-07-05T09:16:56Z,2026-07-05T09:16:56Z,2026-07-05T09:16:56Z,2.2,https://data.lime.bike/api/partners/v2/gbfs/vancouver_bc/gbfs.json,https://data.lime.bike/api/partners/v2/gbfs/vancouver_bc/free_bike_status,2026-07-05T09:16:54Z,2026-07-05T09:16:54Z
lime_vancouver,lime_vancouver_5ae30ffd-1df1-4298-87d8-5a022b69ef00,5ae30ffd-1df1-4298-87d8-5a022b69ef00,49.263706,-123.13132,2,FALSE,FALSE,47073,NA,1783242979,2026-07-05T09:16:56Z,2026-07-05T09:16:56Z,2026-07-05T09:16:56Z,2.2,https://data.lime.bike/api/partners/v2/gbfs/vancouver_bc/gbfs.json,https://data.lime.bike/api/partners/v2/gbfs/vancouver_bc/free_bike_status,2026-07-05T09:16:54Z,2026-07-05T09:16:54Z
lime_vancouver,lime_vancouver_3611f545-f9b9-4a99-a667-5b13b8680665,3611f545-f9b9-4a99-a667-5b13b8680665,49.246716,-123.060152,2,FALSE,FALSE,19280,NA,1783242979,2026-07-05T09:16:56Z,2026-07-05T09:16:56Z,2026-07-05T09:16:56Z,2.2,https://data.lime.bike/api/partners/v2/gbfs/vancouver_bc/gbfs.json,https://data.lime.bike/api/partners/v2/gbfs/vancouver_bc/free_bike_status,2026-07-05T09:16:54Z,2026-07-05T09:16:54Z
lime_vancouver,lime_vancouver_9ad390f4-1cc0-4691-b27a-165779cce6bb,9ad390f4-1cc0-4691-b27a-165779cce6bb,49.269026,-123.164479,2,FALSE,FALSE,3492,NA,1783242979,2026-07-05T09:16:56Z,2026-07-05T09:16:56Z,2026-07-05T09:16:56Z,2.2,https://data.lime.bike/api/partners/v2/gbfs/vancouver_bc/gbfs.json,https://data.lime.bike/api/partners/v2/gbfs/vancouver_bc/free_bike_status,2026-07-05T09:16:54Z,2026-07-05T09:16:54Z
lime_vancouver,lime_vancouver_76da9ab3-fb28-4850-9f39-a3deac00ee1e,76da9ab3-fb28-4850-9f39-a3deac00ee1e,49.237482,-123.036243,2,FALSE,FALSE,27600,NA,1783242979,2026-07-05T09:16:56Z,2026-07-05T09:16:56Z,2026-07-05T09:16:56Z,2.2,https://data.lime.bike/api/partners/v2/gbfs/vancouver_bc/gbfs.json,https://data.lime.bike/api/partners/v2/gbfs/vancouver_bc/free_bike_status,2026-07-05T09:16:54Z,2026-07-05T09:16:54Z
lime_vancouver,lime_vancouver_427f457f-fc96-4a0c-9091-5e5aff40a33b,427f457f-fc96-4a0c-9091-5e5aff40a33b,49.266691,-123.115613,2,FALSE,FALSE,3927,NA,1783242979,2026-07-05T09:16:56Z,2026-07-05T09:16:56Z,2026-07-05T09:16:56Z,2.2,https://data.lime.bike/api/partners/v2/gbfs/vancouver_bc/gbfs.json,https://data.lime.bike/api/partners/v2/gbfs/vancouver_bc/free_bike_status,2026-07-05T09:16:54Z,2026-07-05T09:16:54Z
lime_vancouver,lime_vancouver_3320efc3-7d6f-485a-b2ab-72a79d6ce0b9,3320efc3-7d6f-485a-b2ab-72a79d6ce0b9,49.275276,-123.132964,2,FALSE,FALSE,4796,NA,1783242979,2026-07-05T09:16:56Z,2026-07-05T09:16:56Z,2026-07-05T09:16:56Z,2.2,https://data.lime.bike/api/partners/v2/gbfs/vancouver_bc/gbfs.json,https://data.lime.bike/api/partners/v2/gbfs/vancouver_bc/free_bike_status,2026-07-05T09:16:54Z,2026-07-05T09:16:54Z
lime_vancouver,lime_vancouver_77adfa58-9508-413a-8683-e9c67645ea2c,77adfa58-9508-413a-8683-e9c67645ea2c,49.268619,-123.159816,2,FALSE,FALSE,15916,NA,1783242979,2026-07-05T09:16:56Z,2026-07-05T09:16:56Z,2026-07-05T09:16:56Z,2.2,https://data.lime.bike/api/partners/v2/gbfs/vancouver_bc/gbfs.json,https://data.lime.bike/api/partners/v2/gbfs/vancouver_bc/free_bike_status,2026-07-05T09:16:54Z,2026-07-05T09:16:54Z
lime_vancouver,lime_vancouver_c6ce9d9d-66a0-4c5a-b9ae-e2e58b888948,c6ce9d9d-66a0-4c5a-b9ae-e2e58b888948,49.274499,-123.126254,2,FALSE,FALSE,14500,NA,1783242979,2026-07-05T09:16:56Z,2026-07-05T09:16:56Z,2026-07-05T09:16:56Z,2.2,https://data.lime.bike/api/partners/v2/gbfs/vancouver_bc/gbfs.json,https://data.lime.bike/api/partners/v2/gbfs/vancouver_bc/free_bike_status,2026-07-05T09:16:54Z,2026-07-05T09:16:54Z
lime_vancouver,lime_vancouver_bfb48396-7a07-4c48-b2f0-9d1737a6b875,bfb48396-7a07-4c48-b2f0-9d1737a6b875,49.257761,-123.073471,2,FALSE,FALSE,6582,NA,1783242979,2026-07-05T09:16:56Z,2026-07-05T09:16:56Z,2026-07-05T09:16:56Z,2.2,https://data.lime.bike/api/partners/v2/gbfs/vancouver_bc/gbfs.json,https://data.lime.bike/api/partners/v2/gbfs/vancouver_bc/free_bike_status,2026-07-05T09:16:54Z,2026-07-05T09:16:54Z
lime_vancouver,lime_vancouver_bd553f0c-4a54-414c-950a-a07e21a28c40,bd553f0c-4a54-414c-950a-a07e21a28c40,49.251613999999996,-123.072192,2,FALSE,FALSE,11201,NA,1783242979,2026-07-05T09:16:56Z,2026-07-05T09:16:56Z,2026-07-05T09:16:56Z,2.2,https://data.lime.bike/api/partners/v2/gbfs/vancouver_bc/gbfs.json,https://data.lime.bike/api/partners/v2/gbfs/vancouver_bc/free_bike_status,2026-07-05T09:16:54Z,2026-07-05T09:16:54Z
lime_vancouver,lime_vancouver_6607e9ae-adf0-44e2-8398-619d1cb7c79d,6607e9ae-adf0-44e2-8398-619d1cb7c79d,49.281834,-123.120581,2,FALSE,FALSE,3058,NA,1783242979,2026-07-05T09:16:56Z,2026-07-05T09:16:56Z,2026-07-05T09:16:56Z,2.2,https://data.lime.bike/api/partners/v2/gbfs/vancouver_bc/gbfs.json,https://data.lime.bike/api/partners/v2/gbfs/vancouver_bc/free_bike_status,2026-07-05T09:16:54Z,2026-07-05T09:16:54Z
lime_vancouver,lime_vancouver_bdaf4bbf-7c11-442b-b577-e7d260410600,bdaf4bbf-7c11-442b-b577-e7d260410600,49.271779,-123.152578,2,FALSE,FALSE,20246,NA,1783242979,2026-07-05T09:16:56Z,2026-07-05T09:16:56Z,2026-07-05T09:16:56Z,2.2,https://data.lime.bike/api/partners/v2/gbfs/vancouver_bc/gbfs.json,https://data.lime.bike/api/partners/v2/gbfs/vancouver_bc/free_bike_status,2026-07-05T09:16:54Z,2026-07-05T09:16:54Z
lime_vancouver,lime_vancouver_178a3a5d-5eb9-4613-9909-b1a943639a03,178a3a5d-5eb9-4613-9909-b1a943639a03,49.281531,-123.137361,2,FALSE,FALSE,3492,NA,1783242979,2026-07-05T09:16:56Z,2026-07-05T09:16:56Z,2026-07-05T09:16:56Z,2.2,https://data.lime.bike/api/partners/v2/gbfs/vancouver_bc/gbfs.json,https://data.lime.bike/api/partners/v2/gbfs/vancouver_bc/free_bike_status,2026-07-05T09:16:54Z,2026-07-05T09:16:54Z
lime_vancouver,lime_vancouver_b91d65f5-7b2c-418f-8237-22767504eac9,b91d65f5-7b2c-418f-8237-22767504eac9,49.262417,-123.095983,2,FALSE,FALSE,4361,NA,1783242979,2026-07-05T09:16:56Z,2026-07-05T09:16:56Z,2026-07-05T09:16:56Z,2.2,https://data.lime.bike/api/partners/v2/gbfs/vancouver_bc/gbfs.json,https://data.lime.bike/api/partners/v2/gbfs/vancouver_bc/free_bike_status,2026-07-05T09:16:54Z,2026-07-05T09:16:54Z
lime_vancouver,lime_vancouver_8c0f26e1-99ba-47ac-ae9c-f285ca7b4992,8c0f26e1-99ba-47ac-ae9c-f285ca7b4992,49.268208,-123.109464,2,FALSE,FALSE,15450,NA,1783242979,2026-07-05T09:16:56Z,2026-07-05T09:16:56Z,2026-07-05T09:16:56Z,2.2,https://data.lime.bike/api/partners/v2/gbfs/vancouver_bc/gbfs.json,https://data.lime.bike/api/partners/v2/gbfs/vancouver_bc/free_bike_status,2026-07-05T09:16:54Z,2026-07-05T09:16:54Z
lime_vancouver,lime_vancouver_3e7d72db-2628-4685-b3ca-021d8645de83,3e7d72db-2628-4685-b3ca-021d8645de83,49.263064,-123.073474,2,FALSE,FALSE,45528,NA,1783242979,2026-07-05T09:16:56Z,2026-07-05T09:16:56Z,2026-07-05T09:16:56Z,2.2,https://data.lime.bike/api/partners/v2/gbfs/vancouver_bc/gbfs.json,https://data.lime.bike/api/partners/v2/gbfs/vancouver_bc/free_bike_status,2026-07-05T09:16:54Z,2026-07-05T09:16:54Z
lime_vancouver,lime_vancouver_de7b3ed9-b409-407a-86ba-3c973a77494b,de7b3ed9-b409-407a-86ba-3c973a77494b,49.250443,-123.026329,2,FALSE,FALSE,9334,NA,1783242979,2026-07-05T09:16:56Z,2026-07-05T09:16:56Z,2026-07-05T09:16:56Z,2.2,https://data.lime.bike/api/partners/v2/gbfs/vancouver_bc/gbfs.json,https://data.lime.bike/api/partners/v2/gbfs/vancouver_bc/free_bike_status,2026-07-05T09:16:54Z,2026-07-05T09:16:54Z
lime_vancouver,lime_vancouver_99c3493a-eab3-4142-8006-b4225d4ac60a,99c3493a-eab3-4142-8006-b4225d4ac60a,49.236889,-123.074406,2,FALSE,FALSE,4361,NA,1783242979,2026-07-05T09:16:56Z,2026-07-05T09:16:56Z,2026-07-05T09:16:56Z,2.2,https://data.lime.bike/api/partners/v2/gbfs/vancouver_bc/gbfs.json,https://data.lime.bike/api/partners/v2/gbfs/vancouver_bc/free_bike_status,2026-07-05T09:16:54Z,2026-07-05T09:16:54Z
lime_vancouver,lime_vancouver_a8ecf105-4dd1-4de2-9d68-26eb4f7d26b1,a8ecf105-4dd1-4de2-9d68-26eb4f7d26b1,49.264961,-123.117192,2,FALSE,FALSE,39880,NA,1783242979,2026-07-05T09:16:56Z,2026-07-05T09:16:56Z,2026-07-05T09:16:56Z,2.2,https://data.lime.bike/api/partners/v2/gbfs/vancouver_bc/gbfs.json,https://data.lime.bike/api/partners/v2/gbfs/vancouver_bc/free_bike_status,2026-07-05T09:16:54Z,2026-07-05T09:16:54Z
lime_vancouver,lime_vancouver_cd0cb63a-dda8-4ab4-b130-cd940cc0cdf6,cd0cb63a-dda8-4ab4-b130-cd940cc0cdf6,49.262372,-123.133717,2,FALSE,FALSE,22660,NA,1783242979,2026-07-05T09:16:56Z,2026-07-05T09:16:56Z,2026-07-05T09:16:56Z,2.2,https://data.lime.bike/api/partners/v2/gbfs/vancouver_bc/gbfs.json,https://data.lime.bike/api/partners/v2/gbfs/vancouver_bc/free_bike_status,2026-07-05T09:16:54Z,2026-07-05T09:16:54Z
lime_vancouver,lime_vancouver_bb951b16-453b-4b93-a7ec-3d3530d620bd,bb951b16-453b-4b93-a7ec-3d3530d620bd,49.280948,-123.089428,2,FALSE,FALSE,15916,NA,1783242979,2026-07-05T09:16:56Z,2026-07-05T09:16:56Z,2026-07-05T09:16:56Z,2.2,https://data.lime.bike/api/partners/v2/gbfs/vancouver_bc/gbfs.json,https://data.lime.bike/api/partners/v2/gbfs/vancouver_bc/free_bike_status,2026-07-05T09:16:54Z,2026-07-05T09:16:54Z
lime_vancouver,lime_vancouver_4373fdda-1e01-416a-b017-992369b96104,4373fdda-1e01-416a-b017-992369b96104,49.265046,-123.056943,2,FALSE,FALSE,3058,NA,1783242979,2026-07-05T09:16:56Z,2026-07-05T09:16:56Z,2026-07-05T09:16:56Z,2.2,https://data.lime.bike/api/partners/v2/gbfs/vancouver_bc/gbfs.json,https://data.lime.bike/api/partners/v2/gbfs/vancouver_bc/free_bike_status,2026-07-05T09:16:54Z,2026-07-05T09:16:54Z
lime_vancouver,lime_vancouver_98dbea9b-33d2-4029-8eec-8356d71a0bf4,98dbea9b-33d2-4029-8eec-8356d71a0bf4,49.28556,-123.130731,2,FALSE,FALSE,28099,NA,1783242979,2026-07-05T09:16:56Z,2026-07-05T09:16:56Z,2026-07-05T09:16:56Z,2.2,https://data.lime.bike/api/partners/v2/gbfs/vancouver_bc/gbfs.json,https://data.lime.bike/api/partners/v2/gbfs/vancouver_bc/free_bike_status,2026-07-05T09:16:54Z,2026-07-05T09:16:54Z
lime_vancouver,lime_vancouver_63d90893-d099-4084-a4f3-defb9e166458,63d90893-d099-4084-a4f3-defb9e166458,49.262648,-123.13934,2,FALSE,FALSE,13551,NA,1783242979,2026-07-05T09:16:56Z,2026-07-05T09:16:56Z,2026-07-05T09:16:56Z,2.2,https://data.lime.bike/api/partners/v2/gbfs/vancouver_bc/gbfs.json,https://data.lime.bike/api/partners/v2/gbfs/vancouver_bc/free_bike_status,2026-07-05T09:16:54Z,2026-07-05T09:16:54Z
lime_vancouver,lime_vancouver_110c1165-3c66-4b3d-8c2e-650a3cf3b179,110c1165-3c66-4b3d-8c2e-650a3cf3b179,49.262483,-123.128754,2,FALSE,FALSE,32139,NA,1783242979,2026-07-05T09:16:56Z,2026-07-05T09:16:56Z,2026-07-05T09:16:56Z,2.2,https://data.lime.bike/api/partners/v2/gbfs/vancouver_bc/gbfs.json,https://data.lime.bike/api/partners/v2/gbfs/vancouver_bc/free_bike_status,2026-07-05T09:16:54Z,2026-07-05T09:16:54Z
lime_vancouver,lime_vancouver_1671ff62-4be9-45d0-9e67-2b1f701a2d5a,1671ff62-4be9-45d0-9e67-2b1f701a2d5a,49.281506,-123.137198,2,FALSE,FALSE,6582,NA,1783242979,2026-07-05T09:16:56Z,2026-07-05T09:16:56Z,2026-07-05T09:16:56Z,2.2,https://data.lime.bike/api/partners/v2/gbfs/vancouver_bc/gbfs.json,https://data.lime.bike/api/partners/v2/gbfs/vancouver_bc/free_bike_status,2026-07-05T09:16:54Z,2026-07-05T09:16:54Z
lime_vancouver,lime_vancouver_b09ea6d0-e288-4756-a3c1-175ca9e4ce42,b09ea6d0-e288-4756-a3c1-175ca9e4ce42,49.262105,-123.102224,2,FALSE,FALSE,5697,NA,1783242979,2026-07-05T09:16:56Z,2026-07-05T09:16:56Z,2026-07-05T09:16:56Z,2.2,https://data.lime.bike/api/partners/v2/gbfs/vancouver_bc/gbfs.json,https://data.lime.bike/api/partners/v2/gbfs/vancouver_bc/free_bike_status,2026-07-05T09:16:54Z,2026-07-05T09:16:54Z
lime_vancouver,lime_vancouver_d7d65e64-a63b-4759-b641-d295b4d5e64d,d7d65e64-a63b-4759-b641-d295b4d5e64d,49.262763,-123.14602,2,FALSE,FALSE,5246,NA,1783242979,2026-07-05T09:16:56Z,2026-07-05T09:16:56Z,2026-07-05T09:16:56Z,2.2,https://data.lime.bike/api/partners/v2/gbfs/vancouver_bc/gbfs.json,https://data.lime.bike/api/partners/v2/gbfs/vancouver_bc/free_bike_status,2026-07-05T09:16:54Z,2026-07-05T09:16:54Z
lime_vancouver,lime_vancouver_4bae49fb-6f4e-4ba2-9557-df2fbab5e335,4bae49fb-6f4e-4ba2-9557-df2fbab5e335,49.269349,-123.061832,2,FALSE,FALSE,21694,NA,1783242979,2026-07-05T09:16:56Z,2026-07-05T09:16:56Z,2026-07-05T09:16:56Z,2.2,https://data.lime.bike/api/partners/v2/gbfs/vancouver_bc/gbfs.json,https://data.lime.bike/api/partners/v2/gbfs/vancouver_bc/free_bike_status,2026-07-05T09:16:54Z,2026-07-05T09:16:54Z
lime_vancouver,lime_vancouver_3d56b5dc-cf90-43d6-9c0f-54ca54992bf8,3d56b5dc-cf90-43d6-9c0f-54ca54992bf8,49.243407,-123.073123,2,FALSE,FALSE,6132,NA,1783242979,2026-07-05T09:16:56Z,2026-07-05T09:16:56Z,2026-07-05T09:16:56Z,2.2,https://data.lime.bike/api/partners/v2/gbfs/vancouver_bc/gbfs.json,https://data.lime.bike/api/partners/v2/gbfs/vancouver_bc/free_bike_status,2026-07-05T09:16:54Z,2026-07-05T09:16:54Z
lime_vancouver,lime_vancouver_7ab4305b-b044-4190-b2de-31fb995520f5,7ab4305b-b044-4190-b2de-31fb995520f5,49.264958,-123.164949,2,FALSE,FALSE,39348,NA,1783242979,2026-07-05T09:16:56Z,2026-07-05T09:16:56Z,2026-07-05T09:16:56Z,2.2,https://data.lime.bike/api/partners/v2/gbfs/vancouver_bc/gbfs.json,https://data.lime.bike/api/partners/v2/gbfs/vancouver_bc/free_bike_status,2026-07-05T09:16:54Z,2026-07-05T09:16:54Z
lime_vancouver,lime_vancouver_91464b00-4f61-47aa-bce5-da91190582f4,91464b00-4f61-47aa-bce5-da91190582f4,49.269079,-123.164436,2,FALSE,FALSE,7500,NA,1783242979,2026-07-05T09:16:56Z,2026-07-05T09:16:56Z,2026-07-05T09:16:56Z,2.2,https://data.lime.bike/api/partners/v2/gbfs/vancouver_bc/gbfs.json,https://data.lime.bike/api/partners/v2/gbfs/vancouver_bc/free_bike_status,2026-07-05T09:16:54Z,2026-07-05T09:16:54Z
lime_vancouver,lime_vancouver_ba0c91cd-5ec8-47d3-a97e-a07bb46eb8c6,ba0c91cd-5ec8-47d3-a97e-a07bb46eb8c6,49.265146,-123.125803,2,FALSE,FALSE,42969,NA,1783242979,2026-07-05T09:16:56Z,2026-07-05T09:16:56Z,2026-07-05T09:16:56Z,2.2,https://data.lime.bike/api/partners/v2/gbfs/vancouver_bc/gbfs.json,https://data.lime.bike/api/partners/v2/gbfs/vancouver_bc/free_bike_status,2026-07-05T09:16:54Z,2026-07-05T09:16:54Z
lime_vancouver,lime_vancouver_64a5fe53-6923-45b1-8296-4f2f65135177,64a5fe53-6923-45b1-8296-4f2f65135177,49.263353,-123.06194,2,FALSE,FALSE,20246,NA,1783242979,2026-07-05T09:16:56Z,2026-07-05T09:16:56Z,2026-07-05T09:16:56Z,2.2,https://data.lime.bike/api/partners/v2/gbfs/vancouver_bc/gbfs.json,https://data.lime.bike/api/partners/v2/gbfs/vancouver_bc/free_bike_status,2026-07-05T09:16:54Z,2026-07-05T09:16:54Z
lime_vancouver,lime_vancouver_e939529d-a8ee-46df-b721-55e159deec50,e939529d-a8ee-46df-b721-55e159deec50,49.283702,-123.120423,2,FALSE,FALSE,15916,NA,1783242979,2026-07-05T09:16:56Z,2026-07-05T09:16:56Z,2026-07-05T09:16:56Z,2.2,https://data.lime.bike/api/partners/v2/gbfs/vancouver_bc/gbfs.json,https://data.lime.bike/api/partners/v2/gbfs/vancouver_bc/free_bike_status,2026-07-05T09:16:54Z,2026-07-05T09:16:54Z
lime_vancouver,lime_vancouver_af0c3123-4ccd-47e9-bd1b-6afe1caf0e7a,af0c3123-4ccd-47e9-bd1b-6afe1caf0e7a,49.27746,-123.091362,2,FALSE,FALSE,23641,NA,1783242979,2026-07-05T09:16:56Z,2026-07-05T09:16:56Z,2026-07-05T09:16:56Z,2.2,https://data.lime.bike/api/partners/v2/gbfs/vancouver_bc/gbfs.json,https://data.lime.bike/api/partners/v2/gbfs/vancouver_bc/free_bike_status,2026-07-05T09:16:54Z,2026-07-05T09:16:54Z
lime_vancouver,lime_vancouver_6402659c-1c46-4ec9-8a5b-25e2fc8fceb8,6402659c-1c46-4ec9-8a5b-25e2fc8fceb8,49.247652,-123.073474,2,FALSE,FALSE,46558,NA,1783242979,2026-07-05T09:16:56Z,2026-07-05T09:16:56Z,2026-07-05T09:16:56Z,2.2,https://data.lime.bike/api/partners/v2/gbfs/vancouver_bc/gbfs.json,https://data.lime.bike/api/partners/v2/gbfs/vancouver_bc/free_bike_status,2026-07-05T09:16:54Z,2026-07-05T09:16:54Z
lime_vancouver,lime_vancouver_854df965-d2c2-4f8f-aded-02d344a8b565,854df965-d2c2-4f8f-aded-02d344a8b565,49.268906,-123.104853,2,FALSE,FALSE,8884,NA,1783242979,2026-07-05T09:16:56Z,2026-07-05T09:16:56Z,2026-07-05T09:16:56Z,2.2,https://data.lime.bike/api/partners/v2/gbfs/vancouver_bc/gbfs.json,https://data.lime.bike/api/partners/v2/gbfs/vancouver_bc/free_bike_status,2026-07-05T09:16:54Z,2026-07-05T09:16:54Z
lime_vancouver,lime_vancouver_378ab47f-5c4e-421e-9411-8351264e3ef0,378ab47f-5c4e-421e-9411-8351264e3ef0,49.262272,-123.115688,2,FALSE,FALSE,19280,NA,1783242979,2026-07-05T09:16:56Z,2026-07-05T09:16:56Z,2026-07-05T09:16:56Z,2.2,https://data.lime.bike/api/partners/v2/gbfs/vancouver_bc/gbfs.json,https://data.lime.bike/api/partners/v2/gbfs/vancouver_bc/free_bike_status,2026-07-05T09:16:54Z,2026-07-05T09:16:54Z
lime_vancouver,lime_vancouver_0ac53142-c9e5-48a1-8aa5-9decb34a95d1,0ac53142-c9e5-48a1-8aa5-9decb34a95d1,49.259894,-123.083342,2,FALSE,FALSE,2639,NA,1783242979,2026-07-05T09:16:56Z,2026-07-05T09:16:56Z,2026-07-05T09:16:56Z,2.2,https://data.lime.bike/api/partners/v2/gbfs/vancouver_bc/gbfs.json,https://data.lime.bike/api/partners/v2/gbfs/vancouver_bc/free_bike_status,2026-07-05T09:16:54Z,2026-07-05T09:16:54Z
lime_vancouver,lime_vancouver_f87f679d-0133-4322-942e-59eb75f805d1,f87f679d-0133-4322-942e-59eb75f805d1,49.248687,-123.039397,2,FALSE,FALSE,30610,NA,1783242979,2026-07-05T09:16:56Z,2026-07-05T09:16:56Z,2026-07-05T09:16:56Z,2.2,https://data.lime.bike/api/partners/v2/gbfs/vancouver_bc/gbfs.json,https://data.lime.bike/api/partners/v2/gbfs/vancouver_bc/free_bike_status,2026-07-05T09:16:54Z,2026-07-05T09:16:54Z
lime_vancouver,lime_vancouver_05f5a95c-726e-448a-a473-f3a0d828651d,05f5a95c-726e-448a-a473-f3a0d828651d,49.271326,-123.067335,2,FALSE,FALSE,17365,NA,1783242979,2026-07-05T09:16:56Z,2026-07-05T09:16:56Z,2026-07-05T09:16:56Z,2.2,https://data.lime.bike/api/partners/v2/gbfs/vancouver_bc/gbfs.json,https://data.lime.bike/api/partners/v2/gbfs/vancouver_bc/free_bike_status,2026-07-05T09:16:54Z,2026-07-05T09:16:54Z
lime_vancouver,lime_vancouver_4050ea24-e043-40ec-9aba-1847c35c5706,4050ea24-e043-40ec-9aba-1847c35c5706,49.280807,-123.025652,2,FALSE,FALSE,27600,NA,1783242979,2026-07-05T09:16:56Z,2026-07-05T09:16:56Z,2026-07-05T09:16:56Z,2.2,https://data.lime.bike/api/partners/v2/gbfs/vancouver_bc/gbfs.json,https://data.lime.bike/api/partners/v2/gbfs/vancouver_bc/free_bike_status,2026-07-05T09:16:54Z,2026-07-05T09:16:54Z
lime_vancouver,lime_vancouver_9495e047-382c-4601-9984-a30b74ab1bfe,9495e047-382c-4601-9984-a30b74ab1bfe,49.262257,-123.115593,2,FALSE,FALSE,13084,NA,1783242979,2026-07-05T09:16:56Z,2026-07-05T09:16:56Z,2026-07-05T09:16:56Z,2.2,https://data.lime.bike/api/partners/v2/gbfs/vancouver_bc/gbfs.json,https://data.lime.bike/api/partners/v2/gbfs/vancouver_bc/free_bike_status,2026-07-05T09:16:54Z,2026-07-05T09:16:54Z
lime_vancouver,lime_vancouver_46cc8865-9871-4d01-a21d-f359d7faf91c,46cc8865-9871-4d01-a21d-f359d7faf91c,49.262823,-123.139374,2,FALSE,FALSE,14017,NA,1783242979,2026-07-05T09:16:56Z,2026-07-05T09:16:56Z,2026-07-05T09:16:56Z,2.2,https://data.lime.bike/api/partners/v2/gbfs/vancouver_bc/gbfs.json,https://data.lime.bike/api/partners/v2/gbfs/vancouver_bc/free_bike_status,2026-07-05T09:16:54Z,2026-07-05T09:16:54Z
lime_vancouver,lime_vancouver_921a7a1e-415b-464f-8cf2-92830a9b6d6d,921a7a1e-415b-464f-8cf2-92830a9b6d6d,49.284064,-123.132662,2,FALSE,FALSE,40395,NA,1783242979,2026-07-05T09:16:56Z,2026-07-05T09:16:56Z,2026-07-05T09:16:56Z,2.2,https://data.lime.bike/api/partners/v2/gbfs/vancouver_bc/gbfs.json,https://data.lime.bike/api/partners/v2/gbfs/vancouver_bc/free_bike_status,2026-07-05T09:16:54Z,2026-07-05T09:16:54Z
lime_vancouver,lime_vancouver_4de3560a-cc02-4601-84e2-634498f6990f,4de3560a-cc02-4601-84e2-634498f6990f,49.270917,-123.159494,2,FALSE,FALSE,4361,NA,1783242979,2026-07-05T09:16:56Z,2026-07-05T09:16:56Z,2026-07-05T09:16:56Z,2.2,https://data.lime.bike/api/partners/v2/gbfs/vancouver_bc/gbfs.json,https://data.lime.bike/api/partners/v2/gbfs/vancouver_bc/free_bike_status,2026-07-05T09:16:54Z,2026-07-05T09:16:54Z
lime_vancouver,lime_vancouver_29984547-e3da-4395-84e8-c09606d5296e,29984547-e3da-4395-84e8-c09606d5296e,49.262622,-123.1553,2,FALSE,FALSE,23641,NA,1783242979,2026-07-05T09:16:56Z,2026-07-05T09:16:56Z,2026-07-05T09:16:56Z,2.2,https://data.lime.bike/api/partners/v2/gbfs/vancouver_bc/gbfs.json,https://data.lime.bike/api/partners/v2/gbfs/vancouver_bc/free_bike_status,2026-07-05T09:16:54Z,2026-07-05T09:16:54Z
lime_vancouver,lime_vancouver_e53d1fe3-f190-4a4d-837d-0da0fd4ca65d,e53d1fe3-f190-4a4d-837d-0da0fd4ca65d,49.229305,-123.030218,2,FALSE,FALSE,17365,NA,1783242979,2026-07-05T09:16:56Z,2026-07-05T09:16:56Z,2026-07-05T09:16:56Z,2.2,https://data.lime.bike/api/partners/v2/gbfs/vancouver_bc/gbfs.json,https://data.lime.bike/api/partners/v2/gbfs/vancouver_bc/free_bike_status,2026-07-05T09:16:54Z,2026-07-05T09:16:54Z
lime_vancouver,lime_vancouver_0598d80c-8283-4078-b846-f3a715110067,0598d80c-8283-4078-b846-f3a715110067,49.24288,-123.031214,2,FALSE,FALSE,30610,NA,1783242979,2026-07-05T09:16:56Z,2026-07-05T09:16:56Z,2026-07-05T09:16:56Z,2.2,https://data.lime.bike/api/partners/v2/gbfs/vancouver_bc/gbfs.json,https://data.lime.bike/api/partners/v2/gbfs/vancouver_bc/free_bike_status,2026-07-05T09:16:54Z,2026-07-05T09:16:54Z
lime_vancouver,lime_vancouver_04e20d52-a168-49eb-afea-8bf26b2cf95a,04e20d52-a168-49eb-afea-8bf26b2cf95a,49.247709,-123.073487,2,FALSE,FALSE,34681,NA,1783242979,2026-07-05T09:16:56Z,2026-07-05T09:16:56Z,2026-07-05T09:16:56Z,2.2,https://data.lime.bike/api/partners/v2/gbfs/vancouver_bc/gbfs.json,https://data.lime.bike/api/partners/v2/gbfs/vancouver_bc/free_bike_status,2026-07-05T09:16:54Z,2026-07-05T09:16:54Z
lime_vancouver,lime_vancouver_74ed9c40-b03a-4659-9ac2-4b3329691742,74ed9c40-b03a-4659-9ac2-4b3329691742,49.262278,-123.133721,2,FALSE,FALSE,39880,NA,1783242979,2026-07-05T09:16:56Z,2026-07-05T09:16:56Z,2026-07-05T09:16:56Z,2.2,https://data.lime.bike/api/partners/v2/gbfs/vancouver_bc/gbfs.json,https://data.lime.bike/api/partners/v2/gbfs/vancouver_bc/free_bike_status,2026-07-05T09:16:54Z,2026-07-05T09:16:54Z
lime_vancouver,lime_vancouver_aaafb77f-df82-4b7c-94b0-17e9aaae32ce,aaafb77f-df82-4b7c-94b0-17e9aaae32ce,49.266406,-123.148277,2,FALSE,FALSE,39880,NA,1783242979,2026-07-05T09:16:56Z,2026-07-05T09:16:56Z,2026-07-05T09:16:56Z,2.2,https://data.lime.bike/api/partners/v2/gbfs/vancouver_bc/gbfs.json,https://data.lime.bike/api/partners/v2/gbfs/vancouver_bc/free_bike_status,2026-07-05T09:16:54Z,2026-07-05T09:16:54Z
lime_vancouver,lime_vancouver_5f12fce8-4905-4c36-b90e-4d3e76a41ebc,5f12fce8-4905-4c36-b90e-4d3e76a41ebc,49.27765,-123.073031,2,FALSE,FALSE,32139,NA,1783242979,2026-07-05T09:16:56Z,2026-07-05T09:16:56Z,2026-07-05T09:16:56Z,2.2,https://data.lime.bike/api/partners/v2/gbfs/vancouver_bc/gbfs.json,https://data.lime.bike/api/partners/v2/gbfs/vancouver_bc/free_bike_status,2026-07-05T09:16:54Z,2026-07-05T09:16:54Z
lime_vancouver,lime_vancouver_eb3c8672-0bcd-42b6-88ba-269d201c7f52,eb3c8672-0bcd-42b6-88ba-269d201c7f52,49.268115,-123.109489,2,FALSE,FALSE,11668,NA,1783242979,2026-07-05T09:16:56Z,2026-07-05T09:16:56Z,2026-07-05T09:16:56Z,2.2,https://data.lime.bike/api/partners/v2/gbfs/vancouver_bc/gbfs.json,https://data.lime.bike/api/partners/v2/gbfs/vancouver_bc/free_bike_status,2026-07-05T09:16:54Z,2026-07-05T09:16:54Z
lime_vancouver,lime_vancouver_f5517305-4f95-47b5-bf04-57431fc425dd,f5517305-4f95-47b5-bf04-57431fc425dd,49.26272,-123.139205,2,FALSE,FALSE,14500,NA,1783242979,2026-07-05T09:16:56Z,2026-07-05T09:16:56Z,2026-07-05T09:16:56Z,2.2,https://data.lime.bike/api/partners/v2/gbfs/vancouver_bc/gbfs.json,https://data.lime.bike/api/partners/v2/gbfs/vancouver_bc/free_bike_status,2026-07-05T09:16:54Z,2026-07-05T09:16:54Z
lime_vancouver,lime_vancouver_60d8d373-3045-4d2b-8a7b-3c6a42e3d082,60d8d373-3045-4d2b-8a7b-3c6a42e3d082,49.266264,-123.140685,2,FALSE,FALSE,47073,NA,1783242979,2026-07-05T09:16:56Z,2026-07-05T09:16:56Z,2026-07-05T09:16:56Z,2.2,https://data.lime.bike/api/partners/v2/gbfs/vancouver_bc/gbfs.json,https://data.lime.bike/api/partners/v2/gbfs/vancouver_bc/free_bike_status,2026-07-05T09:16:54Z,2026-07-05T09:16:54Z
lime_vancouver,lime_vancouver_c3da9ddf-7067-44df-b92a-6c955016a228,c3da9ddf-7067-44df-b92a-6c955016a228,49.277734,-123.068298,2,FALSE,FALSE,12601,NA,1783242979,2026-07-05T09:16:56Z,2026-07-05T09:16:56Z,2026-07-05T09:16:56Z,2.2,https://data.lime.bike/api/partners/v2/gbfs/vancouver_bc/gbfs.json,https://data.lime.bike/api/partners/v2/gbfs/vancouver_bc/free_bike_status,2026-07-05T09:16:54Z,2026-07-05T09:16:54Z
lime_vancouver,lime_vancouver_02dd1bb3-ce1c-4a61-9d9f-64d3faa4c87f,02dd1bb3-ce1c-4a61-9d9f-64d3faa4c87f,49.253983,-123.083723,2,FALSE,FALSE,8417,NA,1783242979,2026-07-05T09:16:56Z,2026-07-05T09:16:56Z,2026-07-05T09:16:56Z,2.2,https://data.lime.bike/api/partners/v2/gbfs/vancouver_bc/gbfs.json,https://data.lime.bike/api/partners/v2/gbfs/vancouver_bc/free_bike_status,2026-07-05T09:16:54Z,2026-07-05T09:16:54Z
lime_vancouver,lime_vancouver_bdb52a9e-d307-4ffe-8318-4aa29237cf14,bdb52a9e-d307-4ffe-8318-4aa29237cf14,49.287693,-123.141734,2,FALSE,FALSE,28099,NA,1783242979,2026-07-05T09:16:56Z,2026-07-05T09:16:56Z,2026-07-05T09:16:56Z,2.2,https://data.lime.bike/api/partners/v2/gbfs/vancouver_bc/gbfs.json,https://data.lime.bike/api/partners/v2/gbfs/vancouver_bc/free_bike_status,2026-07-05T09:16:54Z,2026-07-05T09:16:54Z
lime_vancouver,lime_vancouver_d43673a4-2fec-44bd-82c4-7cf4993f5a80,d43673a4-2fec-44bd-82c4-7cf4993f5a80,49.263641,-123.098816,2,FALSE,FALSE,23158,NA,1783242979,2026-07-05T09:16:56Z,2026-07-05T09:16:56Z,2026-07-05T09:16:56Z,2.2,https://data.lime.bike/api/partners/v2/gbfs/vancouver_bc/gbfs.json,https://data.lime.bike/api/partners/v2/gbfs/vancouver_bc/free_bike_status,2026-07-05T09:16:54Z,2026-07-05T09:16:54Z
lime_vancouver,lime_vancouver_3daf5254-cfdd-4672-b0f0-73e3b3ca98ef,3daf5254-cfdd-4672-b0f0-73e3b3ca98ef,49.235839,-123.055265,2,FALSE,FALSE,19763,NA,1783242979,2026-07-05T09:16:56Z,2026-07-05T09:16:56Z,2026-07-05T09:16:56Z,2.2,https://data.lime.bike/api/partners/v2/gbfs/vancouver_bc/gbfs.json,https://data.lime.bike/api/partners/v2/gbfs/vancouver_bc/free_bike_status,2026-07-05T09:16:54Z,2026-07-05T09:16:54Z
lime_vancouver,lime_vancouver_256e5d73-1d28-4f3e-818b-93bc77efafec,256e5d73-1d28-4f3e-818b-93bc77efafec,49.271241,-123.154973,2,FALSE,FALSE,30111,NA,1783242979,2026-07-05T09:16:56Z,2026-07-05T09:16:56Z,2026-07-05T09:16:56Z,2.2,https://data.lime.bike/api/partners/v2/gbfs/vancouver_bc/gbfs.json,https://data.lime.bike/api/partners/v2/gbfs/vancouver_bc/free_bike_status,2026-07-05T09:16:54Z,2026-07-05T09:16:54Z
lime_vancouver,lime_vancouver_260072f5-b6ed-41d1-af1d-be70a7382696,260072f5-b6ed-41d1-af1d-be70a7382696,49.262701,-123.155398,2,FALSE,FALSE,5697,NA,1783242979,2026-07-05T09:16:56Z,2026-07-05T09:16:56Z,2026-07-05T09:16:56Z,2.2,https://data.lime.bike/api/partners/v2/gbfs/vancouver_bc/gbfs.json,https://data.lime.bike/api/partners/v2/gbfs/vancouver_bc/free_bike_status,2026-07-05T09:16:54Z,2026-07-05T09:16:54Z
lime_vancouver,lime_vancouver_a8cc0953-e83d-4d14-9a1f-ffe1395ab81b,a8cc0953-e83d-4d14-9a1f-ffe1395ab81b,49.262328,-123.133791,2,FALSE,FALSE,45528,NA,1783242979,2026-07-05T09:16:56Z,2026-07-05T09:16:56Z,2026-07-05T09:16:56Z,2.2,https://data.lime.bike/api/partners/v2/gbfs/vancouver_bc/gbfs.json,https://data.lime.bike/api/partners/v2/gbfs/vancouver_bc/free_bike_status,2026-07-05T09:16:54Z,2026-07-05T09:16:54Z
lime_vancouver,lime_vancouver_5cd0ce72-4765-47a4-942e-f953fca32dfa,5cd0ce72-4765-47a4-942e-f953fca32dfa,49.28988,-123.131354,2,FALSE,FALSE,32637,NA,1783242979,2026-07-05T09:16:56Z,2026-07-05T09:16:56Z,2026-07-05T09:16:56Z,2.2,https://data.lime.bike/api/partners/v2/gbfs/vancouver_bc/gbfs.json,https://data.lime.bike/api/partners/v2/gbfs/vancouver_bc/free_bike_status,2026-07-05T09:16:54Z,2026-07-05T09:16:54Z
lime_vancouver,lime_vancouver_8e5b2c2d-a546-4194-804a-40af1eb9b16a,8e5b2c2d-a546-4194-804a-40af1eb9b16a,49.231102,-123.032616,2,FALSE,FALSE,24124,NA,1783242979,2026-07-05T09:16:56Z,2026-07-05T09:16:56Z,2026-07-05T09:16:56Z,2.2,https://data.lime.bike/api/partners/v2/gbfs/vancouver_bc/gbfs.json,https://data.lime.bike/api/partners/v2/gbfs/vancouver_bc/free_bike_status,2026-07-05T09:16:54Z,2026-07-05T09:16:54Z
lime_vancouver,lime_vancouver_3d8b41ec-8ca0-4b25-94b4-e707b87d3010,3d8b41ec-8ca0-4b25-94b4-e707b87d3010,49.276647,-123.061738,2,FALSE,FALSE,39348,NA,1783242979,2026-07-05T09:16:56Z,2026-07-05T09:16:56Z,2026-07-05T09:16:56Z,2.2,https://data.lime.bike/api/partners/v2/gbfs/vancouver_bc/gbfs.json,https://data.lime.bike/api/partners/v2/gbfs/vancouver_bc/free_bike_status,2026-07-05T09:16:54Z,2026-07-05T09:16:54Z
lime_vancouver,lime_vancouver_76669b8e-fec9-4020-8e8c-f2a9d093d224,76669b8e-fec9-4020-8e8c-f2a9d093d224,49.261481,-123.0797,2,FALSE,FALSE,46043,NA,1783242979,2026-07-05T09:16:56Z,2026-07-05T09:16:56Z,2026-07-05T09:16:56Z,2.2,https://data.lime.bike/api/partners/v2/gbfs/vancouver_bc/gbfs.json,https://data.lime.bike/api/partners/v2/gbfs/vancouver_bc/free_bike_status,2026-07-05T09:16:54Z,2026-07-05T09:16:54Z
lime_vancouver,lime_vancouver_4aeea744-c260-47c7-854b-96c8c85ac4d6,4aeea744-c260-47c7-854b-96c8c85ac4d6,49.277616,-123.049277,2,FALSE,FALSE,2639,NA,1783242979,2026-07-05T09:16:56Z,2026-07-05T09:16:56Z,2026-07-05T09:16:56Z,2.2,https://data.lime.bike/api/partners/v2/gbfs/vancouver_bc/gbfs.json,https://data.lime.bike/api/partners/v2/gbfs/vancouver_bc/free_bike_status,2026-07-05T09:16:54Z,2026-07-05T09:16:54Z
lime_vancouver,lime_vancouver_2978de5d-2a13-41e6-a97c-8de0f1d36e79,2978de5d-2a13-41e6-a97c-8de0f1d36e79,49.269079,-123.164366,2,FALSE,FALSE,19280,NA,1783242979,2026-07-05T09:16:56Z,2026-07-05T09:16:56Z,2026-07-05T09:16:56Z,2.2,https://data.lime.bike/api/partners/v2/gbfs/vancouver_bc/gbfs.json,https://data.lime.bike/api/partners/v2/gbfs/vancouver_bc/free_bike_status,2026-07-05T09:16:54Z,2026-07-05T09:16:54Z
lime_vancouver,lime_vancouver_ab4727ad-eecc-4e9b-b9bc-bd3c71833809,ab4727ad-eecc-4e9b-b9bc-bd3c71833809,49.238833,-123.027108,2,FALSE,FALSE,36226,NA,1783242979,2026-07-05T09:16:56Z,2026-07-05T09:16:56Z,2026-07-05T09:16:56Z,2.2,https://data.lime.bike/api/partners/v2/gbfs/vancouver_bc/gbfs.json,https://data.lime.bike/api/partners/v2/gbfs/vancouver_bc/free_bike_status,2026-07-05T09:16:54Z,2026-07-05T09:16:54Z
lime_vancouver,lime_vancouver_bd8806c9-0caf-4a6f-b4d3-850519fdc728,bd8806c9-0caf-4a6f-b4d3-850519fdc728,49.262675,-123.155362,2,FALSE,FALSE,28598,NA,1783242979,2026-07-05T09:16:56Z,2026-07-05T09:16:56Z,2026-07-05T09:16:56Z,2.2,https://data.lime.bike/api/partners/v2/gbfs/vancouver_bc/gbfs.json,https://data.lime.bike/api/partners/v2/gbfs/vancouver_bc/free_bike_status,2026-07-05T09:16:54Z,2026-07-05T09:16:54Z
lime_vancouver,lime_vancouver_81be2394-00fb-4a94-bd01-f887616881f5,81be2394-00fb-4a94-bd01-f887616881f5,49.228458,-123.058843,2,FALSE,FALSE,7950,NA,1783242979,2026-07-05T09:16:56Z,2026-07-05T09:16:56Z,2026-07-05T09:16:56Z,2.2,https://data.lime.bike/api/partners/v2/gbfs/vancouver_bc/gbfs.json,https://data.lime.bike/api/partners/v2/gbfs/vancouver_bc/free_bike_status,2026-07-05T09:16:54Z,2026-07-05T09:16:54Z
lime_vancouver,lime_vancouver_5bb1cc90-bb7d-4b7b-b4ad-6cf2f33d955f,5bb1cc90-bb7d-4b7b-b4ad-6cf2f33d955f,49.262183,-123.115536,2,FALSE,FALSE,35711,NA,1783242979,2026-07-05T09:16:56Z,2026-07-05T09:16:56Z,2026-07-05T09:16:56Z,2.2,https://data.lime.bike/api/partners/v2/gbfs/vancouver_bc/gbfs.json,https://data.lime.bike/api/partners/v2/gbfs/vancouver_bc/free_bike_status,2026-07-05T09:16:54Z,2026-07-05T09:16:54Z
lime_vancouver,lime_vancouver_81cde4e7-10ce-43ec-bbda-47796eac800b,81cde4e7-10ce-43ec-bbda-47796eac800b,49.263977,-123.104855,2,FALSE,FALSE,41425,NA,1783242979,2026-07-05T09:16:56Z,2026-07-05T09:16:56Z,2026-07-05T09:16:56Z,2.2,https://data.lime.bike/api/partners/v2/gbfs/vancouver_bc/gbfs.json,https://data.lime.bike/api/partners/v2/gbfs/vancouver_bc/free_bike_status,2026-07-05T09:16:54Z,2026-07-05T09:16:54Z
lime_vancouver,lime_vancouver_a5ccb8c9-8ab5-4d47-a860-90268fb598e1,a5ccb8c9-8ab5-4d47-a860-90268fb598e1,49.263846,-123.034083,2,FALSE,FALSE,32139,NA,1783242979,2026-07-05T09:16:56Z,2026-07-05T09:16:56Z,2026-07-05T09:16:56Z,2.2,https://data.lime.bike/api/partners/v2/gbfs/vancouver_bc/gbfs.json,https://data.lime.bike/api/partners/v2/gbfs/vancouver_bc/free_bike_status,2026-07-05T09:16:54Z,2026-07-05T09:16:54Z
lime_vancouver,lime_vancouver_467da50d-c531-443f-8ca6-d78485162bdb,467da50d-c531-443f-8ca6-d78485162bdb,49.263777,-123.096937,2,FALSE,FALSE,5697,NA,1783242979,2026-07-05T09:16:56Z,2026-07-05T09:16:56Z,2026-07-05T09:16:56Z,2.2,https://data.lime.bike/api/partners/v2/gbfs/vancouver_bc/gbfs.json,https://data.lime.bike/api/partners/v2/gbfs/vancouver_bc/free_bike_status,2026-07-05T09:16:54Z,2026-07-05T09:16:54Z
lime_vancouver,lime_vancouver_50904cde-358b-40ef-810b-428d6a7c4d6e,50904cde-358b-40ef-810b-428d6a7c4d6e,49.275001,-123.067658,2,FALSE,FALSE,38302,NA,1783242979,2026-07-05T09:16:56Z,2026-07-05T09:16:56Z,2026-07-05T09:16:56Z,2.2,https://data.lime.bike/api/partners/v2/gbfs/vancouver_bc/gbfs.json,https://data.lime.bike/api/partners/v2/gbfs/vancouver_bc/free_bike_status,2026-07-05T09:16:54Z,2026-07-05T09:16:54Z
lime_vancouver,lime_vancouver_fe253868-3688-4e15-a447-549b47218cfc,fe253868-3688-4e15-a447-549b47218cfc,49.250679,-123.083757,2,FALSE,FALSE,18314,NA,1783242979,2026-07-05T09:16:56Z,2026-07-05T09:16:56Z,2026-07-05T09:16:56Z,2.2,https://data.lime.bike/api/partners/v2/gbfs/vancouver_bc/gbfs.json,https://data.lime.bike/api/partners/v2/gbfs/vancouver_bc/free_bike_status,2026-07-05T09:16:54Z,2026-07-05T09:16:54Z
lime_vancouver,lime_vancouver_338d13ce-f0b7-45c9-b147-9c381b495768,338d13ce-f0b7-45c9-b147-9c381b495768,49.264786,-123.079499,2,FALSE,FALSE,3058,NA,1783242979,2026-07-05T09:16:56Z,2026-07-05T09:16:56Z,2026-07-05T09:16:56Z,2.2,https://data.lime.bike/api/partners/v2/gbfs/vancouver_bc/gbfs.json,https://data.lime.bike/api/partners/v2/gbfs/vancouver_bc/free_bike_status,2026-07-05T09:16:54Z,2026-07-05T09:16:54Z
lime_vancouver,lime_vancouver_5c6a6fe0-ba79-4a29-89f6-c58c246cca24,5c6a6fe0-ba79-4a29-89f6-c58c246cca24,49.242862,-123.031201,2,FALSE,FALSE,37787,NA,1783242979,2026-07-05T09:16:56Z,2026-07-05T09:16:56Z,2026-07-05T09:16:56Z,2.2,https://data.lime.bike/api/partners/v2/gbfs/vancouver_bc/gbfs.json,https://data.lime.bike/api/partners/v2/gbfs/vancouver_bc/free_bike_status,2026-07-05T09:16:54Z,2026-07-05T09:16:54Z
lime_vancouver,lime_vancouver_be20b998-6ac6-4466-8019-0540e6e796e5,be20b998-6ac6-4466-8019-0540e6e796e5,49.281452,-123.057869,2,FALSE,FALSE,39880,NA,1783242979,2026-07-05T09:16:56Z,2026-07-05T09:16:56Z,2026-07-05T09:16:56Z,2.2,https://data.lime.bike/api/partners/v2/gbfs/vancouver_bc/gbfs.json,https://data.lime.bike/api/partners/v2/gbfs/vancouver_bc/free_bike_status,2026-07-05T09:16:54Z,2026-07-05T09:16:54Z
lime_vancouver,lime_vancouver_14b2eb87-a4e8-4701-a2a3-0e8f2ac88828,14b2eb87-a4e8-4701-a2a3-0e8f2ac88828,49.263843,-123.034057,2,FALSE,FALSE,9801,NA,1783242979,2026-07-05T09:16:56Z,2026-07-05T09:16:56Z,2026-07-05T09:16:56Z,2.2,https://data.lime.bike/api/partners/v2/gbfs/vancouver_bc/gbfs.json,https://data.lime.bike/api/partners/v2/gbfs/vancouver_bc/free_bike_status,2026-07-05T09:16:54Z,2026-07-05T09:16:54Z
lime_vancouver,lime_vancouver_0b59a2d0-a8b6-4c78-bd54-3a458583fa15,0b59a2d0-a8b6-4c78-bd54-3a458583fa15,49.254283,-123.068437,2,FALSE,FALSE,33651,NA,1783242979,2026-07-05T09:16:56Z,2026-07-05T09:16:56Z,2026-07-05T09:16:56Z,2.2,https://data.lime.bike/api/partners/v2/gbfs/vancouver_bc/gbfs.json,https://data.lime.bike/api/partners/v2/gbfs/vancouver_bc/free_bike_status,2026-07-05T09:16:54Z,2026-07-05T09:16:54Z
lime_vancouver,lime_vancouver_91f15ce4-7b09-4fb2-a402-96e5eb77c75b,91f15ce4-7b09-4fb2-a402-96e5eb77c75b,49.235194,-123.03765,2,FALSE,FALSE,3492,NA,1783242979,2026-07-05T09:16:56Z,2026-07-05T09:16:56Z,2026-07-05T09:16:56Z,2.2,https://data.lime.bike/api/partners/v2/gbfs/vancouver_bc/gbfs.json,https://data.lime.bike/api/partners/v2/gbfs/vancouver_bc/free_bike_status,2026-07-05T09:16:54Z,2026-07-05T09:16:54Z
lime_vancouver,lime_vancouver_b523f902-a1ba-4d6e-85ef-58d450b5d0e1,b523f902-a1ba-4d6e-85ef-58d450b5d0e1,49.263327,-123.06195,2,FALSE,FALSE,9334,NA,1783242979,2026-07-05T09:16:56Z,2026-07-05T09:16:56Z,2026-07-05T09:16:56Z,2.2,https://data.lime.bike/api/partners/v2/gbfs/vancouver_bc/gbfs.json,https://data.lime.bike/api/partners/v2/gbfs/vancouver_bc/free_bike_status,2026-07-05T09:16:54Z,2026-07-05T09:16:54Z
lime_vancouver,lime_vancouver_6856b76b-5cb5-4a75-8457-4859ca4005d1,6856b76b-5cb5-4a75-8457-4859ca4005d1,49.268709,-123.073787,2,FALSE,FALSE,16882,NA,1783242979,2026-07-05T09:16:56Z,2026-07-05T09:16:56Z,2026-07-05T09:16:56Z,2.2,https://data.lime.bike/api/partners/v2/gbfs/vancouver_bc/gbfs.json,https://data.lime.bike/api/partners/v2/gbfs/vancouver_bc/free_bike_status,2026-07-05T09:16:54Z,2026-07-05T09:16:54Z
lime_vancouver,lime_vancouver_d1d78881-353a-477a-838f-800f7dc454d5,d1d78881-353a-477a-838f-800f7dc454d5,49.272312,-123.159751,2,FALSE,FALSE,22177,NA,1783242979,2026-07-05T09:16:56Z,2026-07-05T09:16:56Z,2026-07-05T09:16:56Z,2.2,https://data.lime.bike/api/partners/v2/gbfs/vancouver_bc/gbfs.json,https://data.lime.bike/api/partners/v2/gbfs/vancouver_bc/free_bike_status,2026-07-05T09:16:54Z,2026-07-05T09:16:54Z
lime_vancouver,lime_vancouver_69d32e50-8c1f-41ce-a661-b531202a2d3d,69d32e50-8c1f-41ce-a661-b531202a2d3d,49.286738,-123.029613,2,FALSE,FALSE,17365,NA,1783242979,2026-07-05T09:16:56Z,2026-07-05T09:16:56Z,2026-07-05T09:16:56Z,2.2,https://data.lime.bike/api/partners/v2/gbfs/vancouver_bc/gbfs.json,https://data.lime.bike/api/partners/v2/gbfs/vancouver_bc/free_bike_status,2026-07-05T09:16:54Z,2026-07-05T09:16:54Z
lime_vancouver,lime_vancouver_1e2d3dc5-74bb-419b-a9df-a4ef0deea4cf,1e2d3dc5-74bb-419b-a9df-a4ef0deea4cf,49.28359,-123.120675,2,FALSE,FALSE,12601,NA,1783242979,2026-07-05T09:16:56Z,2026-07-05T09:16:56Z,2026-07-05T09:16:56Z,2.2,https://data.lime.bike/api/partners/v2/gbfs/vancouver_bc/gbfs.json,https://data.lime.bike/api/partners/v2/gbfs/vancouver_bc/free_bike_status,2026-07-05T09:16:54Z,2026-07-05T09:16:54Z
lime_vancouver,lime_vancouver_3cdda8f8-a497-423b-b57e-ada2db9ac97d,3cdda8f8-a497-423b-b57e-ada2db9ac97d,49.273803,-123.120852,2,FALSE,FALSE,44514,NA,1783242979,2026-07-05T09:16:56Z,2026-07-05T09:16:56Z,2026-07-05T09:16:56Z,2.2,https://data.lime.bike/api/partners/v2/gbfs/vancouver_bc/gbfs.json,https://data.lime.bike/api/partners/v2/gbfs/vancouver_bc/free_bike_status,2026-07-05T09:16:54Z,2026-07-05T09:16:54Z
lime_vancouver,lime_vancouver_f9be7a28-f9ba-498b-8245-d942baa78f44,f9be7a28-f9ba-498b-8245-d942baa78f44,49.268433,-123.159799,2,FALSE,FALSE,23158,NA,1783242979,2026-07-05T09:16:56Z,2026-07-05T09:16:56Z,2026-07-05T09:16:56Z,2.2,https://data.lime.bike/api/partners/v2/gbfs/vancouver_bc/gbfs.json,https://data.lime.bike/api/partners/v2/gbfs/vancouver_bc/free_bike_status,2026-07-05T09:16:54Z,2026-07-05T09:16:54Z
lime_vancouver,lime_vancouver_f5a9a96e-e834-440d-9473-2aee44d399c3,f5a9a96e-e834-440d-9473-2aee44d399c3,49.254045,-123.083646,2,FALSE,FALSE,25122,NA,1783242979,2026-07-05T09:16:56Z,2026-07-05T09:16:56Z,2026-07-05T09:16:56Z,2.2,https://data.lime.bike/api/partners/v2/gbfs/vancouver_bc/gbfs.json,https://data.lime.bike/api/partners/v2/gbfs/vancouver_bc/free_bike_status,2026-07-05T09:16:54Z,2026-07-05T09:16:54Z
lime_vancouver,lime_vancouver_39874f19-ea26-410a-9279-dcad6fffba35,39874f19-ea26-410a-9279-dcad6fffba35,49.235843,-123.055252,2,FALSE,FALSE,41940,NA,1783242979,2026-07-05T09:16:56Z,2026-07-05T09:16:56Z,2026-07-05T09:16:56Z,2.2,https://data.lime.bike/api/partners/v2/gbfs/vancouver_bc/gbfs.json,https://data.lime.bike/api/partners/v2/gbfs/vancouver_bc/free_bike_status,2026-07-05T09:16:54Z,2026-07-05T09:16:54Z
lime_vancouver,lime_vancouver_5df8ca3f-0101-43ad-be32-81d049b74aac,5df8ca3f-0101-43ad-be32-81d049b74aac,49.254601,-123.049629,2,FALSE,FALSE,43484,NA,1783242979,2026-07-05T09:16:56Z,2026-07-05T09:16:56Z,2026-07-05T09:16:56Z,2.2,https://data.lime.bike/api/partners/v2/gbfs/vancouver_bc/gbfs.json,https://data.lime.bike/api/partners/v2/gbfs/vancouver_bc/free_bike_status,2026-07-05T09:16:54Z,2026-07-05T09:16:54Z
lime_vancouver,lime_vancouver_bc2f0954-5d1f-4b6d-8150-6f9184c3f6e9,bc2f0954-5d1f-4b6d-8150-6f9184c3f6e9,49.271292,-123.067308,2,FALSE,FALSE,24124,NA,1783242979,2026-07-05T09:16:56Z,2026-07-05T09:16:56Z,2026-07-05T09:16:56Z,2.2,https://data.lime.bike/api/partners/v2/gbfs/vancouver_bc/gbfs.json,https://data.lime.bike/api/partners/v2/gbfs/vancouver_bc/free_bike_status,2026-07-05T09:16:54Z,2026-07-05T09:16:54Z
lime_vancouver,lime_vancouver_82f2880b-27b2-489b-a646-d5a70445c411,82f2880b-27b2-489b-a646-d5a70445c411,49.271315,-123.135317,2,FALSE,FALSE,11201,NA,1783242979,2026-07-05T09:16:56Z,2026-07-05T09:16:56Z,2026-07-05T09:16:56Z,2.2,https://data.lime.bike/api/partners/v2/gbfs/vancouver_bc/gbfs.json,https://data.lime.bike/api/partners/v2/gbfs/vancouver_bc/free_bike_status,2026-07-05T09:16:54Z,2026-07-05T09:16:54Z
lime_vancouver,lime_vancouver_d310465e-4e77-4f8b-af13-e16d10ec51f6,d310465e-4e77-4f8b-af13-e16d10ec51f6,49.262276,-123.105027,2,FALSE,FALSE,44514,NA,1783242979,2026-07-05T09:16:56Z,2026-07-05T09:16:56Z,2026-07-05T09:16:56Z,2.2,https://data.lime.bike/api/partners/v2/gbfs/vancouver_bc/gbfs.json,https://data.lime.bike/api/partners/v2/gbfs/vancouver_bc/free_bike_status,2026-07-05T09:16:54Z,2026-07-05T09:16:54Z
lime_vancouver,lime_vancouver_e8e15316-67ff-45be-8196-caabe61a1c29,e8e15316-67ff-45be-8196-caabe61a1c29,49.269619,-123.061835,2,FALSE,FALSE,27600,NA,1783242979,2026-07-05T09:16:56Z,2026-07-05T09:16:56Z,2026-07-05T09:16:56Z,2.2,https://data.lime.bike/api/partners/v2/gbfs/vancouver_bc/gbfs.json,https://data.lime.bike/api/partners/v2/gbfs/vancouver_bc/free_bike_status,2026-07-05T09:16:54Z,2026-07-05T09:16:54Z
lime_vancouver,lime_vancouver_d111e26e-69fb-48f8-9d15-fd9e7dd69967,d111e26e-69fb-48f8-9d15-fd9e7dd69967,49.26369,-123.157606,2,FALSE,FALSE,33152,NA,1783242979,2026-07-05T09:16:56Z,2026-07-05T09:16:56Z,2026-07-05T09:16:56Z,2.2,https://data.lime.bike/api/partners/v2/gbfs/vancouver_bc/gbfs.json,https://data.lime.bike/api/partners/v2/gbfs/vancouver_bc/free_bike_status,2026-07-05T09:16:54Z,2026-07-05T09:16:54Z
lime_vancouver,lime_vancouver_53e2e955-b902-41d8-983a-3bf584accc59,53e2e955-b902-41d8-983a-3bf584accc59,49.264906,-123.164918,2,FALSE,FALSE,15916,NA,1783242979,2026-07-05T09:16:56Z,2026-07-05T09:16:56Z,2026-07-05T09:16:56Z,2.2,https://data.lime.bike/api/partners/v2/gbfs/vancouver_bc/gbfs.json,https://data.lime.bike/api/partners/v2/gbfs/vancouver_bc/free_bike_status,2026-07-05T09:16:54Z,2026-07-05T09:16:54Z
lime_vancouver,lime_vancouver_466e7a4d-5bf3-4d3c-a9b9-17f2523c6cee,466e7a4d-5bf3-4d3c-a9b9-17f2523c6cee,49.283028,-123.054789,2,FALSE,FALSE,9334,NA,1783242979,2026-07-05T09:16:56Z,2026-07-05T09:16:56Z,2026-07-05T09:16:56Z,2.2,https://data.lime.bike/api/partners/v2/gbfs/vancouver_bc/gbfs.json,https://data.lime.bike/api/partners/v2/gbfs/vancouver_bc/free_bike_status,2026-07-05T09:16:54Z,2026-07-05T09:16:54Z
lime_vancouver,lime_vancouver_7cf149e7-4927-4720-9cf6-8a8a6991ccdc,7cf149e7-4927-4720-9cf6-8a8a6991ccdc,49.288561,-123.132986,2,FALSE,FALSE,22177,NA,1783242979,2026-07-05T09:16:56Z,2026-07-05T09:16:56Z,2026-07-05T09:16:56Z,2.2,https://data.lime.bike/api/partners/v2/gbfs/vancouver_bc/gbfs.json,https://data.lime.bike/api/partners/v2/gbfs/vancouver_bc/free_bike_status,2026-07-05T09:16:54Z,2026-07-05T09:16:54Z
lime_vancouver,lime_vancouver_ad0f715e-217e-4377-a5dc-7695e74e9653,ad0f715e-217e-4377-a5dc-7695e74e9653,49.254036,-123.083704,2,FALSE,FALSE,46558,NA,1783242979,2026-07-05T09:16:56Z,2026-07-05T09:16:56Z,2026-07-05T09:16:56Z,2.2,https://data.lime.bike/api/partners/v2/gbfs/vancouver_bc/gbfs.json,https://data.lime.bike/api/partners/v2/gbfs/vancouver_bc/free_bike_status,2026-07-05T09:16:54Z,2026-07-05T09:16:54Z
lime_vancouver,lime_vancouver_438c4f1d-f289-49ef-af1c-c75bce3bd0e3,438c4f1d-f289-49ef-af1c-c75bce3bd0e3,49.268194,-123.109507,2,FALSE,FALSE,40395,NA,1783242979,2026-07-05T09:16:56Z,2026-07-05T09:16:56Z,2026-07-05T09:16:56Z,2.2,https://data.lime.bike/api/partners/v2/gbfs/vancouver_bc/gbfs.json,https://data.lime.bike/api/partners/v2/gbfs/vancouver_bc/free_bike_status,2026-07-05T09:16:54Z,2026-07-05T09:16:54Z
lime_vancouver,lime_vancouver_cf9c500d-77c1-4db1-b2ec-983bbb8dff1c,cf9c500d-77c1-4db1-b2ec-983bbb8dff1c,49.265468,-123.096665,2,FALSE,FALSE,46558,NA,1783242979,2026-07-05T09:16:56Z,2026-07-05T09:16:56Z,2026-07-05T09:16:56Z,2.2,https://data.lime.bike/api/partners/v2/gbfs/vancouver_bc/gbfs.json,https://data.lime.bike/api/partners/v2/gbfs/vancouver_bc/free_bike_status,2026-07-05T09:16:54Z,2026-07-05T09:16:54Z
lime_vancouver,lime_vancouver_3e81b0fa-81df-4b22-88fc-78a2ae0c61d3,3e81b0fa-81df-4b22-88fc-78a2ae0c61d3,49.28578,-123.135114,2,FALSE,FALSE,3492,NA,1783242979,2026-07-05T09:16:56Z,2026-07-05T09:16:56Z,2026-07-05T09:16:56Z,2.2,https://data.lime.bike/api/partners/v2/gbfs/vancouver_bc/gbfs.json,https://data.lime.bike/api/partners/v2/gbfs/vancouver_bc/free_bike_status,2026-07-05T09:16:54Z,2026-07-05T09:16:54Z
lime_vancouver,lime_vancouver_f2bcf0d9-5142-422c-8c05-50c892b5ecc4,f2bcf0d9-5142-422c-8c05-50c892b5ecc4,49.242894,-123.031175,2,FALSE,FALSE,7500,NA,1783242979,2026-07-05T09:16:56Z,2026-07-05T09:16:56Z,2026-07-05T09:16:56Z,2.2,https://data.lime.bike/api/partners/v2/gbfs/vancouver_bc/gbfs.json,https://data.lime.bike/api/partners/v2/gbfs/vancouver_bc/free_bike_status,2026-07-05T09:16:54Z,2026-07-05T09:16:54Z
lime_vancouver,lime_vancouver_5ddda22b-1c34-4470-b181-daa88f3c4f97,5ddda22b-1c34-4470-b181-daa88f3c4f97,49.262299,-123.105015,2,FALSE,FALSE,17832,NA,1783242979,2026-07-05T09:16:56Z,2026-07-05T09:16:56Z,2026-07-05T09:16:56Z,2.2,https://data.lime.bike/api/partners/v2/gbfs/vancouver_bc/gbfs.json,https://data.lime.bike/api/partners/v2/gbfs/vancouver_bc/free_bike_status,2026-07-05T09:16:54Z,2026-07-05T09:16:54Z
lime_vancouver,lime_vancouver_0624c088-c555-42e7-9adb-0967c879a086,0624c088-c555-42e7-9adb-0967c879a086,49.259898,-123.083317,2,FALSE,FALSE,26602,NA,1783242979,2026-07-05T09:16:56Z,2026-07-05T09:16:56Z,2026-07-05T09:16:56Z,2.2,https://data.lime.bike/api/partners/v2/gbfs/vancouver_bc/gbfs.json,https://data.lime.bike/api/partners/v2/gbfs/vancouver_bc/free_bike_status,2026-07-05T09:16:54Z,2026-07-05T09:16:54Z
lime_vancouver,lime_vancouver_3e01a129-7745-4d60-9a76-1591ba703750,3e01a129-7745-4d60-9a76-1591ba703750,49.262642,-123.155327,2,FALSE,FALSE,35196,NA,1783242979,2026-07-05T09:16:56Z,2026-07-05T09:16:56Z,2026-07-05T09:16:56Z,2.2,https://data.lime.bike/api/partners/v2/gbfs/vancouver_bc/gbfs.json,https://data.lime.bike/api/partners/v2/gbfs/vancouver_bc/free_bike_status,2026-07-05T09:16:54Z,2026-07-05T09:16:54Z
lime_vancouver,lime_vancouver_5c931458-0492-4aaf-9839-e1dd44e87130,5c931458-0492-4aaf-9839-e1dd44e87130,49.266275,-123.104984,2,FALSE,FALSE,47073,NA,1783242979,2026-07-05T09:16:56Z,2026-07-05T09:16:56Z,2026-07-05T09:16:56Z,2.2,https://data.lime.bike/api/partners/v2/gbfs/vancouver_bc/gbfs.json,https://data.lime.bike/api/partners/v2/gbfs/vancouver_bc/free_bike_status,2026-07-05T09:16:54Z,2026-07-05T09:16:54Z
lime_vancouver,lime_vancouver_696072d7-46d5-46f3-a82a-5cb1ebd82e63,696072d7-46d5-46f3-a82a-5cb1ebd82e63,49.26269,-123.155438,2,FALSE,FALSE,9801,NA,1783242979,2026-07-05T09:16:56Z,2026-07-05T09:16:56Z,2026-07-05T09:16:56Z,2.2,https://data.lime.bike/api/partners/v2/gbfs/vancouver_bc/gbfs.json,https://data.lime.bike/api/partners/v2/gbfs/vancouver_bc/free_bike_status,2026-07-05T09:16:54Z,2026-07-05T09:16:54Z
lime_vancouver,lime_vancouver_35216a73-b2a0-489a-b6cb-641cb659b5b9,35216a73-b2a0-489a-b6cb-641cb659b5b9,49.266421,-123.148289,2,FALSE,FALSE,11201,NA,1783242979,2026-07-05T09:16:56Z,2026-07-05T09:16:56Z,2026-07-05T09:16:56Z,2.2,https://data.lime.bike/api/partners/v2/gbfs/vancouver_bc/gbfs.json,https://data.lime.bike/api/partners/v2/gbfs/vancouver_bc/free_bike_status,2026-07-05T09:16:54Z,2026-07-05T09:16:54Z
lime_vancouver,lime_vancouver_825ab223-a8cb-483b-b662-c03d17401be0,825ab223-a8cb-483b-b662-c03d17401be0,49.27721,-123.122648,2,FALSE,FALSE,10268,NA,1783242979,2026-07-05T09:16:56Z,2026-07-05T09:16:56Z,2026-07-05T09:16:56Z,2.2,https://data.lime.bike/api/partners/v2/gbfs/vancouver_bc/gbfs.json,https://data.lime.bike/api/partners/v2/gbfs/vancouver_bc/free_bike_status,2026-07-05T09:16:54Z,2026-07-05T09:16:54Z
lime_vancouver,lime_vancouver_bc078f9e-4fdb-4710-affe-d691a3c28bd1,bc078f9e-4fdb-4710-affe-d691a3c28bd1,49.284352,-123.076128,2,FALSE,FALSE,9801,NA,1783242979,2026-07-05T09:16:56Z,2026-07-05T09:16:56Z,2026-07-05T09:16:56Z,2.2,https://data.lime.bike/api/partners/v2/gbfs/vancouver_bc/gbfs.json,https://data.lime.bike/api/partners/v2/gbfs/vancouver_bc/free_bike_status,2026-07-05T09:16:54Z,2026-07-05T09:16:54Z
lime_vancouver,lime_vancouver_623701a9-b371-4f4e-9fa5-4d42dd91e5c1,623701a9-b371-4f4e-9fa5-4d42dd91e5c1,49.230429,-123.065285,2,FALSE,FALSE,6132,NA,1783242979,2026-07-05T09:16:56Z,2026-07-05T09:16:56Z,2026-07-05T09:16:56Z,2.2,https://data.lime.bike/api/partners/v2/gbfs/vancouver_bc/gbfs.json,https://data.lime.bike/api/partners/v2/gbfs/vancouver_bc/free_bike_status,2026-07-05T09:16:54Z,2026-07-05T09:16:54Z
lime_vancouver,lime_vancouver_46676ab8-5a38-4e2d-8c3b-2ade716da8bc,46676ab8-5a38-4e2d-8c3b-2ade716da8bc,49.259891,-123.083313,2,FALSE,FALSE,29612,NA,1783242979,2026-07-05T09:16:56Z,2026-07-05T09:16:56Z,2026-07-05T09:16:56Z,2.2,https://data.lime.bike/api/partners/v2/gbfs/vancouver_bc/gbfs.json,https://data.lime.bike/api/partners/v2/gbfs/vancouver_bc/free_bike_status,2026-07-05T09:16:54Z,2026-07-05T09:16:54Z
lime_vancouver,lime_vancouver_82294d3f-41e3-46d6-a45b-b65ce16c6968,82294d3f-41e3-46d6-a45b-b65ce16c6968,49.282894,-123.134697,2,FALSE,FALSE,5246,NA,1783242979,2026-07-05T09:16:56Z,2026-07-05T09:16:56Z,2026-07-05T09:16:56Z,2.2,https://data.lime.bike/api/partners/v2/gbfs/vancouver_bc/gbfs.json,https://data.lime.bike/api/partners/v2/gbfs/vancouver_bc/free_bike_status,2026-07-05T09:16:54Z,2026-07-05T09:16:54Z
lime_vancouver,lime_vancouver_886adc0e-e9b3-469d-9f53-3ad60bdef6ed,886adc0e-e9b3-469d-9f53-3ad60bdef6ed,49.26386,-123.034075,2,FALSE,FALSE,31125,NA,1783242979,2026-07-05T09:16:56Z,2026-07-05T09:16:56Z,2026-07-05T09:16:56Z,2.2,https://data.lime.bike/api/partners/v2/gbfs/vancouver_bc/gbfs.json,https://data.lime.bike/api/partners/v2/gbfs/vancouver_bc/free_bike_status,2026-07-05T09:16:54Z,2026-07-05T09:16:54Z
lime_vancouver,lime_vancouver_fe6ecdcc-ccb9-456a-a3d9-78225555dce2,fe6ecdcc-ccb9-456a-a3d9-78225555dce2,49.247647,-123.073466,2,FALSE,FALSE,30610,NA,1783242979,2026-07-05T09:16:56Z,2026-07-05T09:16:56Z,2026-07-05T09:16:56Z,2.2,https://data.lime.bike/api/partners/v2/gbfs/vancouver_bc/gbfs.json,https://data.lime.bike/api/partners/v2/gbfs/vancouver_bc/free_bike_status,2026-07-05T09:16:54Z,2026-07-05T09:16:54Z
lime_vancouver,lime_vancouver_cc59c73e-e5f0-4a60-9b3a-1ccc1778c203,cc59c73e-e5f0-4a60-9b3a-1ccc1778c203,49.25072,-123.083762,2,FALSE,FALSE,16882,NA,1783242979,2026-07-05T09:16:56Z,2026-07-05T09:16:56Z,2026-07-05T09:16:56Z,2.2,https://data.lime.bike/api/partners/v2/gbfs/vancouver_bc/gbfs.json,https://data.lime.bike/api/partners/v2/gbfs/vancouver_bc/free_bike_status,2026-07-05T09:16:54Z,2026-07-05T09:16:54Z
lime_vancouver,lime_vancouver_d432a679-963a-4aef-bbf8-7a12e46dc40f,d432a679-963a-4aef-bbf8-7a12e46dc40f,49.27185,-123.164698,2,FALSE,FALSE,21694,NA,1783242979,2026-07-05T09:16:56Z,2026-07-05T09:16:56Z,2026-07-05T09:16:56Z,2.2,https://data.lime.bike/api/partners/v2/gbfs/vancouver_bc/gbfs.json,https://data.lime.bike/api/partners/v2/gbfs/vancouver_bc/free_bike_status,2026-07-05T09:16:54Z,2026-07-05T09:16:54Z
lime_vancouver,lime_vancouver_b1286a45-414b-402c-b693-aa46069c9f2d,b1286a45-414b-402c-b693-aa46069c9f2d,49.26531,-123.089393,2,FALSE,FALSE,23158,NA,1783242979,2026-07-05T09:16:56Z,2026-07-05T09:16:56Z,2026-07-05T09:16:56Z,2.2,https://data.lime.bike/api/partners/v2/gbfs/vancouver_bc/gbfs.json,https://data.lime.bike/api/partners/v2/gbfs/vancouver_bc/free_bike_status,2026-07-05T09:16:54Z,2026-07-05T09:16:54Z
lime_vancouver,lime_vancouver_67549a31-c92a-4bf6-8bd4-7a180db83cb4,67549a31-c92a-4bf6-8bd4-7a180db83cb4,49.278304,-123.118717,2,FALSE,FALSE,47073,NA,1783242979,2026-07-05T09:16:56Z,2026-07-05T09:16:56Z,2026-07-05T09:16:56Z,2.2,https://data.lime.bike/api/partners/v2/gbfs/vancouver_bc/gbfs.json,https://data.lime.bike/api/partners/v2/gbfs/vancouver_bc/free_bike_status,2026-07-05T09:16:54Z,2026-07-05T09:16:54Z
lime_vancouver,lime_vancouver_59b0455f-37b0-4622-bf2b-053beee5e2e8,59b0455f-37b0-4622-bf2b-053beee5e2e8,49.271902,-123.164663,2,FALSE,FALSE,18797,NA,1783242979,2026-07-05T09:16:56Z,2026-07-05T09:16:56Z,2026-07-05T09:16:56Z,2.2,https://data.lime.bike/api/partners/v2/gbfs/vancouver_bc/gbfs.json,https://data.lime.bike/api/partners/v2/gbfs/vancouver_bc/free_bike_status,2026-07-05T09:16:54Z,2026-07-05T09:16:54Z
lime_vancouver,lime_vancouver_d12c95d2-8195-4cfd-a460-b46724cfa61f,d12c95d2-8195-4cfd-a460-b46724cfa61f,49.272422,-123.041502,2,FALSE,FALSE,30610,NA,1783242979,2026-07-05T09:16:56Z,2026-07-05T09:16:56Z,2026-07-05T09:16:56Z,2.2,https://data.lime.bike/api/partners/v2/gbfs/vancouver_bc/gbfs.json,https://data.lime.bike/api/partners/v2/gbfs/vancouver_bc/free_bike_status,2026-07-05T09:16:54Z,2026-07-05T09:16:54Z
lime_vancouver,lime_vancouver_d7233482-37da-4960-8c46-ec810d003cbd,d7233482-37da-4960-8c46-ec810d003cbd,49.254284,-123.068538,2,FALSE,FALSE,44514,NA,1783242979,2026-07-05T09:16:56Z,2026-07-05T09:16:56Z,2026-07-05T09:16:56Z,2.2,https://data.lime.bike/api/partners/v2/gbfs/vancouver_bc/gbfs.json,https://data.lime.bike/api/partners/v2/gbfs/vancouver_bc/free_bike_status,2026-07-05T09:16:54Z,2026-07-05T09:16:54Z
lime_vancouver,lime_vancouver_5e38b95b-7652-423e-a557-d11dbd2536a6,5e38b95b-7652-423e-a557-d11dbd2536a6,49.26363,-123.15761,2,FALSE,FALSE,15450,NA,1783242979,2026-07-05T09:16:56Z,2026-07-05T09:16:56Z,2026-07-05T09:16:56Z,2.2,https://data.lime.bike/api/partners/v2/gbfs/vancouver_bc/gbfs.json,https://data.lime.bike/api/partners/v2/gbfs/vancouver_bc/free_bike_status,2026-07-05T09:16:54Z,2026-07-05T09:16:54Z
lime_vancouver,lime_vancouver_73771eb6-1755-472d-9590-917c8e57a43f,73771eb6-1755-472d-9590-917c8e57a43f,49.263644,-123.131261,2,FALSE,FALSE,46558,NA,1783242979,2026-07-05T09:16:56Z,2026-07-05T09:16:56Z,2026-07-05T09:16:56Z,2.2,https://data.lime.bike/api/partners/v2/gbfs/vancouver_bc/gbfs.json,https://data.lime.bike/api/partners/v2/gbfs/vancouver_bc/free_bike_status,2026-07-05T09:16:54Z,2026-07-05T09:16:54Z
lime_vancouver,lime_vancouver_c18aba68-f247-407e-b2a4-12d0e54d7627,c18aba68-f247-407e-b2a4-12d0e54d7627,49.270892,-123.159058,2,FALSE,FALSE,15450,NA,1783242979,2026-07-05T09:16:56Z,2026-07-05T09:16:56Z,2026-07-05T09:16:56Z,2.2,https://data.lime.bike/api/partners/v2/gbfs/vancouver_bc/gbfs.json,https://data.lime.bike/api/partners/v2/gbfs/vancouver_bc/free_bike_status,2026-07-05T09:16:54Z,2026-07-05T09:16:54Z
lime_vancouver,lime_vancouver_464ee874-1e3c-4bfb-837e-d53e20e95a11,464ee874-1e3c-4bfb-837e-d53e20e95a11,49.284616,-123.030943,2,FALSE,FALSE,9334,NA,1783242979,2026-07-05T09:16:56Z,2026-07-05T09:16:56Z,2026-07-05T09:16:56Z,2.2,https://data.lime.bike/api/partners/v2/gbfs/vancouver_bc/gbfs.json,https://data.lime.bike/api/partners/v2/gbfs/vancouver_bc/free_bike_status,2026-07-05T09:16:54Z,2026-07-05T09:16:54Z
lime_vancouver,lime_vancouver_02f9c6e2-4a86-4927-a99d-08401bfc0257,02f9c6e2-4a86-4927-a99d-08401bfc0257,49.266633,-123.112433,2,FALSE,FALSE,23158,NA,1783242979,2026-07-05T09:16:56Z,2026-07-05T09:16:56Z,2026-07-05T09:16:56Z,2.2,https://data.lime.bike/api/partners/v2/gbfs/vancouver_bc/gbfs.json,https://data.lime.bike/api/partners/v2/gbfs/vancouver_bc/free_bike_status,2026-07-05T09:16:54Z,2026-07-05T09:16:54Z
lime_vancouver,lime_vancouver_86adc8d0-72d5-41f5-b5fd-371e6e6cd252,86adc8d0-72d5-41f5-b5fd-371e6e6cd252,49.271342,-123.057974,2,FALSE,FALSE,14967,NA,1783242979,2026-07-05T09:16:56Z,2026-07-05T09:16:56Z,2026-07-05T09:16:56Z,2.2,https://data.lime.bike/api/partners/v2/gbfs/vancouver_bc/gbfs.json,https://data.lime.bike/api/partners/v2/gbfs/vancouver_bc/free_bike_status,2026-07-05T09:16:54Z,2026-07-05T09:16:54Z
lime_vancouver,lime_vancouver_83a5f2a0-8fb7-42c8-9ef4-8788264e2dcf,83a5f2a0-8fb7-42c8-9ef4-8788264e2dcf,49.2637,-123.157639,2,FALSE,FALSE,43484,NA,1783242979,2026-07-05T09:16:56Z,2026-07-05T09:16:56Z,2026-07-05T09:16:56Z,2.2,https://data.lime.bike/api/partners/v2/gbfs/vancouver_bc/gbfs.json,https://data.lime.bike/api/partners/v2/gbfs/vancouver_bc/free_bike_status,2026-07-05T09:16:54Z,2026-07-05T09:16:54Z
lime_vancouver,lime_vancouver_47db9bb2-23ff-46ff-b89d-7251b5e86973,47db9bb2-23ff-46ff-b89d-7251b5e86973,49.270901,-123.160038,2,FALSE,FALSE,42969,NA,1783242979,2026-07-05T09:16:56Z,2026-07-05T09:16:56Z,2026-07-05T09:16:56Z,2.2,https://data.lime.bike/api/partners/v2/gbfs/vancouver_bc/gbfs.json,https://data.lime.bike/api/partners/v2/gbfs/vancouver_bc/free_bike_status,2026-07-05T09:16:54Z,2026-07-05T09:16:54Z
lime_vancouver,lime_vancouver_5382123f-569d-4ee8-88ca-86bcb55e9136,5382123f-569d-4ee8-88ca-86bcb55e9136,49.235884,-123.049082,2,FALSE,FALSE,20246,NA,1783242979,2026-07-05T09:16:56Z,2026-07-05T09:16:56Z,2026-07-05T09:16:56Z,2.2,https://data.lime.bike/api/partners/v2/gbfs/vancouver_bc/gbfs.json,https://data.lime.bike/api/partners/v2/gbfs/vancouver_bc/free_bike_status,2026-07-05T09:16:54Z,2026-07-05T09:16:54Z
lime_vancouver,lime_vancouver_c3548c15-0cb9-4d7d-8f17-bef0fddd77e4,c3548c15-0cb9-4d7d-8f17-bef0fddd77e4,49.262729,-123.105014,2,FALSE,FALSE,45528,NA,1783242979,2026-07-05T09:16:56Z,2026-07-05T09:16:56Z,2026-07-05T09:16:56Z,2.2,https://data.lime.bike/api/partners/v2/gbfs/vancouver_bc/gbfs.json,https://data.lime.bike/api/partners/v2/gbfs/vancouver_bc/free_bike_status,2026-07-05T09:16:54Z,2026-07-05T09:16:54Z
lime_vancouver,lime_vancouver_79c04b79-ebda-4339-8ba1-fa47228f77f5,79c04b79-ebda-4339-8ba1-fa47228f77f5,49.24453,-123.075966,2,FALSE,FALSE,20728,NA,1783242979,2026-07-05T09:16:56Z,2026-07-05T09:16:56Z,2026-07-05T09:16:56Z,2.2,https://data.lime.bike/api/partners/v2/gbfs/vancouver_bc/gbfs.json,https://data.lime.bike/api/partners/v2/gbfs/vancouver_bc/free_bike_status,2026-07-05T09:16:54Z,2026-07-05T09:16:54Z
lime_vancouver,lime_vancouver_b7cab639-b672-4821-a108-47abd00f83d4,b7cab639-b672-4821-a108-47abd00f83d4,49.26844,-123.159821,2,FALSE,FALSE,39880,NA,1783242979,2026-07-05T09:16:56Z,2026-07-05T09:16:56Z,2026-07-05T09:16:56Z,2.2,https://data.lime.bike/api/partners/v2/gbfs/vancouver_bc/gbfs.json,https://data.lime.bike/api/partners/v2/gbfs/vancouver_bc/free_bike_status,2026-07-05T09:16:54Z,2026-07-05T09:16:54Z
lime_vancouver,lime_vancouver_1df104c8-b3e5-467a-80fa-d61ce9d3cdb6,1df104c8-b3e5-467a-80fa-d61ce9d3cdb6,49.259311,-123.045491,2,FALSE,FALSE,24124,NA,1783242979,2026-07-05T09:16:56Z,2026-07-05T09:16:56Z,2026-07-05T09:16:56Z,2.2,https://data.lime.bike/api/partners/v2/gbfs/vancouver_bc/gbfs.json,https://data.lime.bike/api/partners/v2/gbfs/vancouver_bc/free_bike_status,2026-07-05T09:16:54Z,2026-07-05T09:16:54Z
lime_vancouver,lime_vancouver_25bd16f1-c6ed-463e-adc7-3e0b190631e3,25bd16f1-c6ed-463e-adc7-3e0b190631e3,49.269242,-123.039026,2,FALSE,FALSE,21694,NA,1783242979,2026-07-05T09:16:56Z,2026-07-05T09:16:56Z,2026-07-05T09:16:56Z,2.2,https://data.lime.bike/api/partners/v2/gbfs/vancouver_bc/gbfs.json,https://data.lime.bike/api/partners/v2/gbfs/vancouver_bc/free_bike_status,2026-07-05T09:16:54Z,2026-07-05T09:16:54Z
lime_vancouver,lime_vancouver_26dc0ad5-ecbb-4e79-b472-b54907722b85,26dc0ad5-ecbb-4e79-b472-b54907722b85,49.254111,-123.083604,2,FALSE,FALSE,10268,NA,1783242979,2026-07-05T09:16:56Z,2026-07-05T09:16:56Z,2026-07-05T09:16:56Z,2.2,https://data.lime.bike/api/partners/v2/gbfs/vancouver_bc/gbfs.json,https://data.lime.bike/api/partners/v2/gbfs/vancouver_bc/free_bike_status,2026-07-05T09:16:54Z,2026-07-05T09:16:54Z
lime_vancouver,lime_vancouver_0b7ef4ec-7ed1-4fa1-8041-eb2f5f1245ff,0b7ef4ec-7ed1-4fa1-8041-eb2f5f1245ff,49.263934,-123.096901,2,FALSE,FALSE,45013,NA,1783242979,2026-07-05T09:16:56Z,2026-07-05T09:16:56Z,2026-07-05T09:16:56Z,2.2,https://data.lime.bike/api/partners/v2/gbfs/vancouver_bc/gbfs.json,https://data.lime.bike/api/partners/v2/gbfs/vancouver_bc/free_bike_status,2026-07-05T09:16:54Z,2026-07-05T09:16:54Z
lime_vancouver,lime_vancouver_9ddbc895-2523-4694-933d-eb72dc952e4d,9ddbc895-2523-4694-933d-eb72dc952e4d,49.290541,-123.056647,2,FALSE,FALSE,17365,NA,1783242979,2026-07-05T09:16:56Z,2026-07-05T09:16:56Z,2026-07-05T09:16:56Z,2.2,https://data.lime.bike/api/partners/v2/gbfs/vancouver_bc/gbfs.json,https://data.lime.bike/api/partners/v2/gbfs/vancouver_bc/free_bike_status,2026-07-05T09:16:54Z,2026-07-05T09:16:54Z
lime_vancouver,lime_vancouver_c7f1d144-7311-4181-a54d-f91b9d600625,c7f1d144-7311-4181-a54d-f91b9d600625,49.262634,-123.139134,2,FALSE,FALSE,28099,NA,1783242979,2026-07-05T09:16:56Z,2026-07-05T09:16:56Z,2026-07-05T09:16:56Z,2.2,https://data.lime.bike/api/partners/v2/gbfs/vancouver_bc/gbfs.json,https://data.lime.bike/api/partners/v2/gbfs/vancouver_bc/free_bike_status,2026-07-05T09:16:54Z,2026-07-05T09:16:54Z
lime_vancouver,lime_vancouver_76a9675d-55f4-48fc-b84e-549cbceb9a22,76a9675d-55f4-48fc-b84e-549cbceb9a22,49.277632,-123.073151,2,FALSE,FALSE,14017,NA,1783242979,2026-07-05T09:16:56Z,2026-07-05T09:16:56Z,2026-07-05T09:16:56Z,2.2,https://data.lime.bike/api/partners/v2/gbfs/vancouver_bc/gbfs.json,https://data.lime.bike/api/partners/v2/gbfs/vancouver_bc/free_bike_status,2026-07-05T09:16:54Z,2026-07-05T09:16:54Z
lime_vancouver,lime_vancouver_7399381a-8423-4d9f-8056-5c77d7841536,7399381a-8423-4d9f-8056-5c77d7841536,49.288542,-123.133428,2,FALSE,FALSE,46043,NA,1783242979,2026-07-05T09:16:56Z,2026-07-05T09:16:56Z,2026-07-05T09:16:56Z,2.2,https://data.lime.bike/api/partners/v2/gbfs/vancouver_bc/gbfs.json,https://data.lime.bike/api/partners/v2/gbfs/vancouver_bc/free_bike_status,2026-07-05T09:16:54Z,2026-07-05T09:16:54Z
lime_vancouver,lime_vancouver_0fb21853-39a0-4cb6-adec-4add05a535b7,0fb21853-39a0-4cb6-adec-4add05a535b7,49.261472,-123.079734,2,FALSE,FALSE,16399,NA,1783242979,2026-07-05T09:16:56Z,2026-07-05T09:16:56Z,2026-07-05T09:16:56Z,2.2,https://data.lime.bike/api/partners/v2/gbfs/vancouver_bc/gbfs.json,https://data.lime.bike/api/partners/v2/gbfs/vancouver_bc/free_bike_status,2026-07-05T09:16:54Z,2026-07-05T09:16:54Z
lime_vancouver,lime_vancouver_f57c7f36-9ce5-48de-9891-869f1c6f9a1f,f57c7f36-9ce5-48de-9891-869f1c6f9a1f,49.263891,-123.034078,2,FALSE,FALSE,32637,NA,1783242979,2026-07-05T09:16:56Z,2026-07-05T09:16:56Z,2026-07-05T09:16:56Z,2.2,https://data.lime.bike/api/partners/v2/gbfs/vancouver_bc/gbfs.json,https://data.lime.bike/api/partners/v2/gbfs/vancouver_bc/free_bike_status,2026-07-05T09:16:54Z,2026-07-05T09:16:54Z
lime_vancouver,lime_vancouver_83c0d4e7-b06f-4c36-83f3-e34aa78ad471,83c0d4e7-b06f-4c36-83f3-e34aa78ad471,49.231008,-123.03252,2,FALSE,FALSE,6582,NA,1783242979,2026-07-05T09:16:56Z,2026-07-05T09:16:56Z,2026-07-05T09:16:56Z,2.2,https://data.lime.bike/api/partners/v2/gbfs/vancouver_bc/gbfs.json,https://data.lime.bike/api/partners/v2/gbfs/vancouver_bc/free_bike_status,2026-07-05T09:16:54Z,2026-07-05T09:16:54Z
lime_vancouver,lime_vancouver_5f70f3b2-9e24-486f-890b-4d410d356efa,5f70f3b2-9e24-486f-890b-4d410d356efa,49.266796,-123.115628,2,FALSE,FALSE,25605,NA,1783242979,2026-07-05T09:16:56Z,2026-07-05T09:16:56Z,2026-07-05T09:16:56Z,2.2,https://data.lime.bike/api/partners/v2/gbfs/vancouver_bc/gbfs.json,https://data.lime.bike/api/partners/v2/gbfs/vancouver_bc/free_bike_status,2026-07-05T09:16:54Z,2026-07-05T09:16:54Z
lime_vancouver,lime_vancouver_93a48b84-876f-4192-ba1d-e36d6ea9ebc5,93a48b84-876f-4192-ba1d-e36d6ea9ebc5,49.269027,-123.164456,2,FALSE,FALSE,7500,NA,1783242979,2026-07-05T09:16:56Z,2026-07-05T09:16:56Z,2026-07-05T09:16:56Z,2.2,https://data.lime.bike/api/partners/v2/gbfs/vancouver_bc/gbfs.json,https://data.lime.bike/api/partners/v2/gbfs/vancouver_bc/free_bike_status,2026-07-05T09:16:54Z,2026-07-05T09:16:54Z
lime_vancouver,lime_vancouver_cde01567-5152-4eb0-a5ce-e2e877dbc33e,cde01567-5152-4eb0-a5ce-e2e877dbc33e,49.26365,-123.157647,2,FALSE,FALSE,14967,NA,1783242979,2026-07-05T09:16:56Z,2026-07-05T09:16:56Z,2026-07-05T09:16:56Z,2.2,https://data.lime.bike/api/partners/v2/gbfs/vancouver_bc/gbfs.json,https://data.lime.bike/api/partners/v2/gbfs/vancouver_bc/free_bike_status,2026-07-05T09:16:54Z,2026-07-05T09:16:54Z
lime_vancouver,lime_vancouver_eea75e5f-e1d9-4473-9e23-87edfa723a24,eea75e5f-e1d9-4473-9e23-87edfa723a24,49.26382,-123.096942,2,FALSE,FALSE,12601,NA,1783242979,2026-07-05T09:16:56Z,2026-07-05T09:16:56Z,2026-07-05T09:16:56Z,2.2,https://data.lime.bike/api/partners/v2/gbfs/vancouver_bc/gbfs.json,https://data.lime.bike/api/partners/v2/gbfs/vancouver_bc/free_bike_status,2026-07-05T09:16:54Z,2026-07-05T09:16:54Z
lime_vancouver,lime_vancouver_954529b0-e167-43dd-829b-1ce6f84cd5b1,954529b0-e167-43dd-829b-1ce6f84cd5b1,49.227233,-123.074208,2,FALSE,FALSE,11668,NA,1783242979,2026-07-05T09:16:56Z,2026-07-05T09:16:56Z,2026-07-05T09:16:56Z,2.2,https://data.lime.bike/api/partners/v2/gbfs/vancouver_bc/gbfs.json,https://data.lime.bike/api/partners/v2/gbfs/vancouver_bc/free_bike_status,2026-07-05T09:16:54Z,2026-07-05T09:16:54Z
lime_vancouver,lime_vancouver_c3fe8d0f-f9ed-420b-a70f-33d56c928788,c3fe8d0f-f9ed-420b-a70f-33d56c928788,49.271846,-123.164682,2,FALSE,FALSE,33651,NA,1783242979,2026-07-05T09:16:56Z,2026-07-05T09:16:56Z,2026-07-05T09:16:56Z,2.2,https://data.lime.bike/api/partners/v2/gbfs/vancouver_bc/gbfs.json,https://data.lime.bike/api/partners/v2/gbfs/vancouver_bc/free_bike_status,2026-07-05T09:16:54Z,2026-07-05T09:16:54Z
lime_vancouver,lime_vancouver_38ac1bfe-0cc6-433b-88b2-f5b1d0fdc8dc,38ac1bfe-0cc6-433b-88b2-f5b1d0fdc8dc,49.269046,-123.16445,2,FALSE,FALSE,21211,NA,1783242979,2026-07-05T09:16:56Z,2026-07-05T09:16:56Z,2026-07-05T09:16:56Z,2.2,https://data.lime.bike/api/partners/v2/gbfs/vancouver_bc/gbfs.json,https://data.lime.bike/api/partners/v2/gbfs/vancouver_bc/free_bike_status,2026-07-05T09:16:54Z,2026-07-05T09:16:54Z
lime_vancouver,lime_vancouver_2f867d4f-6d8c-4ea5-a32f-39d88061b725,2f867d4f-6d8c-4ea5-a32f-39d88061b725,49.290991,-123.127653,2,FALSE,FALSE,6132,NA,1783242979,2026-07-05T09:16:56Z,2026-07-05T09:16:56Z,2026-07-05T09:16:56Z,2.2,https://data.lime.bike/api/partners/v2/gbfs/vancouver_bc/gbfs.json,https://data.lime.bike/api/partners/v2/gbfs/vancouver_bc/free_bike_status,2026-07-05T09:16:54Z,2026-07-05T09:16:54Z
lime_vancouver,lime_vancouver_dcd3aa96-7e5a-4657-af0f-03f0cad35a6d,dcd3aa96-7e5a-4657-af0f-03f0cad35a6d,49.239986,-123.074137,2,FALSE,FALSE,5697,NA,1783242979,2026-07-05T09:16:56Z,2026-07-05T09:16:56Z,2026-07-05T09:16:56Z,2.2,https://data.lime.bike/api/partners/v2/gbfs/vancouver_bc/gbfs.json,https://data.lime.bike/api/partners/v2/gbfs/vancouver_bc/free_bike_status,2026-07-05T09:16:54Z,2026-07-05T09:16:54Z
lime_vancouver,lime_vancouver_42532261-7863-4a34-8869-66208d977488,42532261-7863-4a34-8869-66208d977488,49.263669,-123.131385,2,FALSE,FALSE,15450,NA,1783242979,2026-07-05T09:16:56Z,2026-07-05T09:16:56Z,2026-07-05T09:16:56Z,2.2,https://data.lime.bike/api/partners/v2/gbfs/vancouver_bc/gbfs.json,https://data.lime.bike/api/partners/v2/gbfs/vancouver_bc/free_bike_status,2026-07-05T09:16:54Z,2026-07-05T09:16:54Z
lime_vancouver,lime_vancouver_eeb5ce76-24ba-416c-bda9-b2baa08dc368,eeb5ce76-24ba-416c-bda9-b2baa08dc368,49.271205,-123.049527,2,FALSE,FALSE,16399,NA,1783242979,2026-07-05T09:16:56Z,2026-07-05T09:16:56Z,2026-07-05T09:16:56Z,2.2,https://data.lime.bike/api/partners/v2/gbfs/vancouver_bc/gbfs.json,https://data.lime.bike/api/partners/v2/gbfs/vancouver_bc/free_bike_status,2026-07-05T09:16:54Z,2026-07-05T09:16:54Z
lime_vancouver,lime_vancouver_952cbd78-1b7e-41b8-b767-36c7c05bb0e3,952cbd78-1b7e-41b8-b767-36c7c05bb0e3,49.272299,-123.033927,2,FALSE,FALSE,42454,NA,1783242979,2026-07-05T09:16:56Z,2026-07-05T09:16:56Z,2026-07-05T09:16:56Z,2.2,https://data.lime.bike/api/partners/v2/gbfs/vancouver_bc/gbfs.json,https://data.lime.bike/api/partners/v2/gbfs/vancouver_bc/free_bike_status,2026-07-05T09:16:54Z,2026-07-05T09:16:54Z
lime_vancouver,lime_vancouver_3df4edf5-4ef6-4cc0-84c7-12a460517c49,3df4edf5-4ef6-4cc0-84c7-12a460517c49,49.265305,-123.089337,2,FALSE,FALSE,42969,NA,1783242979,2026-07-05T09:16:56Z,2026-07-05T09:16:56Z,2026-07-05T09:16:56Z,2.2,https://data.lime.bike/api/partners/v2/gbfs/vancouver_bc/gbfs.json,https://data.lime.bike/api/partners/v2/gbfs/vancouver_bc/free_bike_status,2026-07-05T09:16:54Z,2026-07-05T09:16:54Z
lime_vancouver,lime_vancouver_dce2075f-9554-4ae1-b0fb-a0374375dce0,dce2075f-9554-4ae1-b0fb-a0374375dce0,49.250434,-123.026323,2,FALSE,FALSE,7049,NA,1783242979,2026-07-05T09:16:56Z,2026-07-05T09:16:56Z,2026-07-05T09:16:56Z,2.2,https://data.lime.bike/api/partners/v2/gbfs/vancouver_bc/gbfs.json,https://data.lime.bike/api/partners/v2/gbfs/vancouver_bc/free_bike_status,2026-07-05T09:16:54Z,2026-07-05T09:16:54Z
lime_vancouver,lime_vancouver_24b06cfb-c08d-4b6e-90a9-e01362b28582,24b06cfb-c08d-4b6e-90a9-e01362b28582,49.256471,-123.034186,2,FALSE,FALSE,41940,NA,1783242979,2026-07-05T09:16:56Z,2026-07-05T09:16:56Z,2026-07-05T09:16:56Z,2.2,https://data.lime.bike/api/partners/v2/gbfs/vancouver_bc/gbfs.json,https://data.lime.bike/api/partners/v2/gbfs/vancouver_bc/free_bike_status,2026-07-05T09:16:54Z,2026-07-05T09:16:54Z
lime_vancouver,lime_vancouver_f665fa06-e03f-4d10-a5a2-bc80a83fa14d,f665fa06-e03f-4d10-a5a2-bc80a83fa14d,49.271861,-123.164677,2,FALSE,FALSE,25605,NA,1783242979,2026-07-05T09:16:56Z,2026-07-05T09:16:56Z,2026-07-05T09:16:56Z,2.2,https://data.lime.bike/api/partners/v2/gbfs/vancouver_bc/gbfs.json,https://data.lime.bike/api/partners/v2/gbfs/vancouver_bc/free_bike_status,2026-07-05T09:16:54Z,2026-07-05T09:16:54Z
lime_vancouver,lime_vancouver_e0d86f40-0cf7-48ae-a50a-8752816caed4,e0d86f40-0cf7-48ae-a50a-8752816caed4,49.272507,-123.041516,2,FALSE,FALSE,4796,NA,1783242979,2026-07-05T09:16:56Z,2026-07-05T09:16:56Z,2026-07-05T09:16:56Z,2.2,https://data.lime.bike/api/partners/v2/gbfs/vancouver_bc/gbfs.json,https://data.lime.bike/api/partners/v2/gbfs/vancouver_bc/free_bike_status,2026-07-05T09:16:54Z,2026-07-05T09:16:54Z
lime_vancouver,lime_vancouver_ae007d03-37a1-43d3-a506-90c224b6021e,ae007d03-37a1-43d3-a506-90c224b6021e,49.262762,-123.139264,2,FALSE,FALSE,13084,NA,1783242979,2026-07-05T09:16:56Z,2026-07-05T09:16:56Z,2026-07-05T09:16:56Z,2.2,https://data.lime.bike/api/partners/v2/gbfs/vancouver_bc/gbfs.json,https://data.lime.bike/api/partners/v2/gbfs/vancouver_bc/free_bike_status,2026-07-05T09:16:54Z,2026-07-05T09:16:54Z
lime_vancouver,lime_vancouver_8e447df7-dec2-45a0-a845-81328e30c955,8e447df7-dec2-45a0-a845-81328e30c955,49.264613,-123.148408,2,FALSE,FALSE,47073,NA,1783242979,2026-07-05T09:16:56Z,2026-07-05T09:16:56Z,2026-07-05T09:16:56Z,2.2,https://data.lime.bike/api/partners/v2/gbfs/vancouver_bc/gbfs.json,https://data.lime.bike/api/partners/v2/gbfs/vancouver_bc/free_bike_status,2026-07-05T09:16:54Z,2026-07-05T09:16:54Z
lime_vancouver,lime_vancouver_47f4781a-1753-4fe2-9541-966380ac6e84,47f4781a-1753-4fe2-9541-966380ac6e84,49.265965,-123.062165,2,FALSE,FALSE,3058,NA,1783242979,2026-07-05T09:16:56Z,2026-07-05T09:16:56Z,2026-07-05T09:16:56Z,2.2,https://data.lime.bike/api/partners/v2/gbfs/vancouver_bc/gbfs.json,https://data.lime.bike/api/partners/v2/gbfs/vancouver_bc/free_bike_status,2026-07-05T09:16:54Z,2026-07-05T09:16:54Z
lime_vancouver,lime_vancouver_1aa869a8-959f-407e-9aa6-9f965483aa86,1aa869a8-959f-407e-9aa6-9f965483aa86,49.23597,-123.049113,2,FALSE,FALSE,43484,NA,1783242979,2026-07-05T09:16:56Z,2026-07-05T09:16:56Z,2026-07-05T09:16:56Z,2.2,https://data.lime.bike/api/partners/v2/gbfs/vancouver_bc/gbfs.json,https://data.lime.bike/api/partners/v2/gbfs/vancouver_bc/free_bike_status,2026-07-05T09:16:54Z,2026-07-05T09:16:54Z
lime_vancouver,lime_vancouver_b34be752-f16e-4f20-a742-d0f4109b8d01,b34be752-f16e-4f20-a742-d0f4109b8d01,49.283963,-123.08973,2,FALSE,FALSE,17365,NA,1783242979,2026-07-05T09:16:56Z,2026-07-05T09:16:56Z,2026-07-05T09:16:56Z,2.2,https://data.lime.bike/api/partners/v2/gbfs/vancouver_bc/gbfs.json,https://data.lime.bike/api/partners/v2/gbfs/vancouver_bc/free_bike_status,2026-07-05T09:16:54Z,2026-07-05T09:16:54Z
lime_vancouver,lime_vancouver_d65e008e-e87f-491d-8452-e88f7306bc21,d65e008e-e87f-491d-8452-e88f7306bc21,49.287749,-123.14172,2,FALSE,FALSE,5697,NA,1783242979,2026-07-05T09:16:56Z,2026-07-05T09:16:56Z,2026-07-05T09:16:56Z,2.2,https://data.lime.bike/api/partners/v2/gbfs/vancouver_bc/gbfs.json,https://data.lime.bike/api/partners/v2/gbfs/vancouver_bc/free_bike_status,2026-07-05T09:16:54Z,2026-07-05T09:16:54Z
lime_vancouver,lime_vancouver_ee520880-c084-4011-a71e-e6313dcf137f,ee520880-c084-4011-a71e-e6313dcf137f,49.263699,-123.157574,2,FALSE,FALSE,45528,NA,1783242979,2026-07-05T09:16:56Z,2026-07-05T09:16:56Z,2026-07-05T09:16:56Z,2.2,https://data.lime.bike/api/partners/v2/gbfs/vancouver_bc/gbfs.json,https://data.lime.bike/api/partners/v2/gbfs/vancouver_bc/free_bike_status,2026-07-05T09:16:54Z,2026-07-05T09:16:54Z
lime_vancouver,lime_vancouver_d4312f64-1009-4b05-bfe8-bd2eaf44e6af,d4312f64-1009-4b05-bfe8-bd2eaf44e6af,49.285014,-123.139138,2,FALSE,FALSE,5697,NA,1783242979,2026-07-05T09:16:56Z,2026-07-05T09:16:56Z,2026-07-05T09:16:56Z,2.2,https://data.lime.bike/api/partners/v2/gbfs/vancouver_bc/gbfs.json,https://data.lime.bike/api/partners/v2/gbfs/vancouver_bc/free_bike_status,2026-07-05T09:16:54Z,2026-07-05T09:16:54Z
lime_vancouver,lime_vancouver_a2cc6a85-bda6-4f8e-b4a4-e6749a6de8aa,a2cc6a85-bda6-4f8e-b4a4-e6749a6de8aa,49.2624,-123.133756,2,FALSE,FALSE,40910,NA,1783242979,2026-07-05T09:16:56Z,2026-07-05T09:16:56Z,2026-07-05T09:16:56Z,2.2,https://data.lime.bike/api/partners/v2/gbfs/vancouver_bc/gbfs.json,https://data.lime.bike/api/partners/v2/gbfs/vancouver_bc/free_bike_status,2026-07-05T09:16:54Z,2026-07-05T09:16:54Z
lime_vancouver,lime_vancouver_ceb5763e-520d-4813-94f4-2a1989119fac,ceb5763e-520d-4813-94f4-2a1989119fac,49.256436,-123.034132,2,FALSE,FALSE,16399,NA,1783242979,2026-07-05T09:16:56Z,2026-07-05T09:16:56Z,2026-07-05T09:16:56Z,2.2,https://data.lime.bike/api/partners/v2/gbfs/vancouver_bc/gbfs.json,https://data.lime.bike/api/partners/v2/gbfs/vancouver_bc/free_bike_status,2026-07-05T09:16:54Z,2026-07-05T09:16:54Z
lime_vancouver,lime_vancouver_6fc13a2b-d21a-4cac-aecb-b0e6e2832725,6fc13a2b-d21a-4cac-aecb-b0e6e2832725,49.231064,-123.03258,2,FALSE,FALSE,46043,NA,1783242979,2026-07-05T09:16:56Z,2026-07-05T09:16:56Z,2026-07-05T09:16:56Z,2.2,https://data.lime.bike/api/partners/v2/gbfs/vancouver_bc/gbfs.json,https://data.lime.bike/api/partners/v2/gbfs/vancouver_bc/free_bike_status,2026-07-05T09:16:54Z,2026-07-05T09:16:54Z
lime_vancouver,lime_vancouver_21c0f46b-19ec-4798-90ee-a06ed86bdca7,21c0f46b-19ec-4798-90ee-a06ed86bdca7,49.235848,-123.055176,2,FALSE,FALSE,17832,NA,1783242979,2026-07-05T09:16:56Z,2026-07-05T09:16:56Z,2026-07-05T09:16:56Z,2.2,https://data.lime.bike/api/partners/v2/gbfs/vancouver_bc/gbfs.json,https://data.lime.bike/api/partners/v2/gbfs/vancouver_bc/free_bike_status,2026-07-05T09:16:54Z,2026-07-05T09:16:54Z
lime_vancouver,lime_vancouver_829c6262-5b7c-4295-af6e-201e5e6d65e9,829c6262-5b7c-4295-af6e-201e5e6d65e9,49.24077,-123.038067,2,FALSE,FALSE,41425,NA,1783242979,2026-07-05T09:16:56Z,2026-07-05T09:16:56Z,2026-07-05T09:16:56Z,2.2,https://data.lime.bike/api/partners/v2/gbfs/vancouver_bc/gbfs.json,https://data.lime.bike/api/partners/v2/gbfs/vancouver_bc/free_bike_status,2026-07-05T09:16:54Z,2026-07-05T09:16:54Z
lime_vancouver,lime_vancouver_7016b09a-b890-4f11-8416-b7fba071d142,7016b09a-b890-4f11-8416-b7fba071d142,49.262643,-123.119955,2,FALSE,FALSE,36226,NA,1783242979,2026-07-05T09:16:56Z,2026-07-05T09:16:56Z,2026-07-05T09:16:56Z,2.2,https://data.lime.bike/api/partners/v2/gbfs/vancouver_bc/gbfs.json,https://data.lime.bike/api/partners/v2/gbfs/vancouver_bc/free_bike_status,2026-07-05T09:16:54Z,2026-07-05T09:16:54Z
lime_vancouver,lime_vancouver_2e152b3c-1f81-4dcb-b054-e09c75965519,2e152b3c-1f81-4dcb-b054-e09c75965519,49.244543,-123.075898,2,FALSE,FALSE,46558,NA,1783242979,2026-07-05T09:16:56Z,2026-07-05T09:16:56Z,2026-07-05T09:16:56Z,2.2,https://data.lime.bike/api/partners/v2/gbfs/vancouver_bc/gbfs.json,https://data.lime.bike/api/partners/v2/gbfs/vancouver_bc/free_bike_status,2026-07-05T09:16:54Z,2026-07-05T09:16:54Z
lime_vancouver,lime_vancouver_f8fa914d-b84c-4cc9-92e0-cf96f8966d01,f8fa914d-b84c-4cc9-92e0-cf96f8966d01,49.25464,-123.049672,2,FALSE,FALSE,13551,NA,1783242979,2026-07-05T09:16:56Z,2026-07-05T09:16:56Z,2026-07-05T09:16:56Z,2.2,https://data.lime.bike/api/partners/v2/gbfs/vancouver_bc/gbfs.json,https://data.lime.bike/api/partners/v2/gbfs/vancouver_bc/free_bike_status,2026-07-05T09:16:54Z,2026-07-05T09:16:54Z
lime_vancouver,lime_vancouver_9e1fe868-3fcf-42be-b861-81a2acac6db8,9e1fe868-3fcf-42be-b861-81a2acac6db8,49.244812,-123.052128,2,FALSE,FALSE,33651,NA,1783242979,2026-07-05T09:16:56Z,2026-07-05T09:16:56Z,2026-07-05T09:16:56Z,2.2,https://data.lime.bike/api/partners/v2/gbfs/vancouver_bc/gbfs.json,https://data.lime.bike/api/partners/v2/gbfs/vancouver_bc/free_bike_status,2026-07-05T09:16:54Z,2026-07-05T09:16:54Z
lime_vancouver,lime_vancouver_a8662f04-5e7a-4339-8ae5-65828243eb4c,a8662f04-5e7a-4339-8ae5-65828243eb4c,49.2724,-123.159798,2,FALSE,FALSE,11201,NA,1783242979,2026-07-05T09:16:56Z,2026-07-05T09:16:56Z,2026-07-05T09:16:56Z,2.2,https://data.lime.bike/api/partners/v2/gbfs/vancouver_bc/gbfs.json,https://data.lime.bike/api/partners/v2/gbfs/vancouver_bc/free_bike_status,2026-07-05T09:16:54Z,2026-07-05T09:16:54Z
lime_vancouver,lime_vancouver_0cf97b22-1cc4-48a0-b1b4-a18418c39a89,0cf97b22-1cc4-48a0-b1b4-a18418c39a89,49.274091,-123.028638,2,FALSE,FALSE,26602,NA,1783242979,2026-07-05T09:16:56Z,2026-07-05T09:16:56Z,2026-07-05T09:16:56Z,2.2,https://data.lime.bike/api/partners/v2/gbfs/vancouver_bc/gbfs.json,https://data.lime.bike/api/partners/v2/gbfs/vancouver_bc/free_bike_status,2026-07-05T09:16:54Z,2026-07-05T09:16:54Z
lime_vancouver,lime_vancouver_7c0acb52-557f-476f-ba91-faab82e9d1bd,7c0acb52-557f-476f-ba91-faab82e9d1bd,49.262241,-123.11128,2,FALSE,FALSE,4796,NA,1783242979,2026-07-05T09:16:56Z,2026-07-05T09:16:56Z,2026-07-05T09:16:56Z,2.2,https://data.lime.bike/api/partners/v2/gbfs/vancouver_bc/gbfs.json,https://data.lime.bike/api/partners/v2/gbfs/vancouver_bc/free_bike_status,2026-07-05T09:16:54Z,2026-07-05T09:16:54Z
lime_vancouver,lime_vancouver_f9ad00da-927c-4a53-b128-b3401d7d0965,f9ad00da-927c-4a53-b128-b3401d7d0965,49.281581,-123.058135,2,FALSE,FALSE,23641,NA,1783242979,2026-07-05T09:16:56Z,2026-07-05T09:16:56Z,2026-07-05T09:16:56Z,2.2,https://data.lime.bike/api/partners/v2/gbfs/vancouver_bc/gbfs.json,https://data.lime.bike/api/partners/v2/gbfs/vancouver_bc/free_bike_status,2026-07-05T09:16:54Z,2026-07-05T09:16:54Z
lime_vancouver,lime_vancouver_4251e747-5d96-411b-a2aa-b069c7aac093,4251e747-5d96-411b-a2aa-b069c7aac093,49.26495,-123.16487,2,FALSE,FALSE,4796,NA,1783242979,2026-07-05T09:16:56Z,2026-07-05T09:16:56Z,2026-07-05T09:16:56Z,2.2,https://data.lime.bike/api/partners/v2/gbfs/vancouver_bc/gbfs.json,https://data.lime.bike/api/partners/v2/gbfs/vancouver_bc/free_bike_status,2026-07-05T09:16:54Z,2026-07-05T09:16:54Z
lime_vancouver,lime_vancouver_b5b32a52-fe91-4b94-a72a-7a3efa4445ff,b5b32a52-fe91-4b94-a72a-7a3efa4445ff,49.238795,-123.026946,2,FALSE,FALSE,4361,NA,1783242979,2026-07-05T09:16:56Z,2026-07-05T09:16:56Z,2026-07-05T09:16:56Z,2.2,https://data.lime.bike/api/partners/v2/gbfs/vancouver_bc/gbfs.json,https://data.lime.bike/api/partners/v2/gbfs/vancouver_bc/free_bike_status,2026-07-05T09:16:54Z,2026-07-05T09:16:54Z
lime_vancouver,lime_vancouver_dc2cb814-a9a5-498a-8e24-31714e1e94b3,dc2cb814-a9a5-498a-8e24-31714e1e94b3,49.262669,-123.139158,2,FALSE,FALSE,8417,NA,1783242979,2026-07-05T09:16:56Z,2026-07-05T09:16:56Z,2026-07-05T09:16:56Z,2.2,https://data.lime.bike/api/partners/v2/gbfs/vancouver_bc/gbfs.json,https://data.lime.bike/api/partners/v2/gbfs/vancouver_bc/free_bike_status,2026-07-05T09:16:54Z,2026-07-05T09:16:54Z
lime_vancouver,lime_vancouver_3312808b-38a9-455c-80d9-f27776cfb768,3312808b-38a9-455c-80d9-f27776cfb768,49.256449,-123.034136,2,FALSE,FALSE,24124,NA,1783242979,2026-07-05T09:16:56Z,2026-07-05T09:16:56Z,2026-07-05T09:16:56Z,2.2,https://data.lime.bike/api/partners/v2/gbfs/vancouver_bc/gbfs.json,https://data.lime.bike/api/partners/v2/gbfs/vancouver_bc/free_bike_status,2026-07-05T09:16:54Z,2026-07-05T09:16:54Z
lime_vancouver,lime_vancouver_ba19fe60-a99b-42ef-b5b5-31fb865d7af7,ba19fe60-a99b-42ef-b5b5-31fb865d7af7,49.263831,-123.096888,2,FALSE,FALSE,18797,NA,1783242979,2026-07-05T09:16:56Z,2026-07-05T09:16:56Z,2026-07-05T09:16:56Z,2.2,https://data.lime.bike/api/partners/v2/gbfs/vancouver_bc/gbfs.json,https://data.lime.bike/api/partners/v2/gbfs/vancouver_bc/free_bike_status,2026-07-05T09:16:54Z,2026-07-05T09:16:54Z
lime_vancouver,lime_vancouver_032620a7-db51-42e3-aa35-7cada79f7a93,032620a7-db51-42e3-aa35-7cada79f7a93,49.265321,-123.089359,2,FALSE,FALSE,39880,NA,1783242979,2026-07-05T09:16:56Z,2026-07-05T09:16:56Z,2026-07-05T09:16:56Z,2.2,https://data.lime.bike/api/partners/v2/gbfs/vancouver_bc/gbfs.json,https://data.lime.bike/api/partners/v2/gbfs/vancouver_bc/free_bike_status,2026-07-05T09:16:54Z,2026-07-05T09:16:54Z
lime_vancouver,lime_vancouver_c3d32a51-a9a1-405e-8b89-78a7f89f978a,c3d32a51-a9a1-405e-8b89-78a7f89f978a,49.262701,-123.146094,2,FALSE,FALSE,5697,NA,1783242979,2026-07-05T09:16:56Z,2026-07-05T09:16:56Z,2026-07-05T09:16:56Z,2.2,https://data.lime.bike/api/partners/v2/gbfs/vancouver_bc/gbfs.json,https://data.lime.bike/api/partners/v2/gbfs/vancouver_bc/free_bike_status,2026-07-05T09:16:54Z,2026-07-05T09:16:54Z
lime_vancouver,lime_vancouver_83ea3224-376c-4533-a488-c8c0be835996,83ea3224-376c-4533-a488-c8c0be835996,49.265847,-123.041505,2,FALSE,FALSE,4361,NA,1783242979,2026-07-05T09:16:56Z,2026-07-05T09:16:56Z,2026-07-05T09:16:56Z,2.2,https://data.lime.bike/api/partners/v2/gbfs/vancouver_bc/gbfs.json,https://data.lime.bike/api/partners/v2/gbfs/vancouver_bc/free_bike_status,2026-07-05T09:16:54Z,2026-07-05T09:16:54Z
lime_vancouver,lime_vancouver_0fbf90ae-13a1-4064-959f-ea957a58b96d,0fbf90ae-13a1-4064-959f-ea957a58b96d,49.26373,-123.131316,2,FALSE,FALSE,27600,NA,1783242979,2026-07-05T09:16:56Z,2026-07-05T09:16:56Z,2026-07-05T09:16:56Z,2.2,https://data.lime.bike/api/partners/v2/gbfs/vancouver_bc/gbfs.json,https://data.lime.bike/api/partners/v2/gbfs/vancouver_bc/free_bike_status,2026-07-05T09:16:54Z,2026-07-05T09:16:54Z
lime_vancouver,lime_vancouver_c1f12eea-50e6-4af8-b2b3-ce0f2f35817e,c1f12eea-50e6-4af8-b2b3-ce0f2f35817e,49.26851,-123.159801,2,FALSE,FALSE,3927,NA,1783242979,2026-07-05T09:16:56Z,2026-07-05T09:16:56Z,2026-07-05T09:16:56Z,2.2,https://data.lime.bike/api/partners/v2/gbfs/vancouver_bc/gbfs.json,https://data.lime.bike/api/partners/v2/gbfs/vancouver_bc/free_bike_status,2026-07-05T09:16:54Z,2026-07-05T09:16:54Z
lime_vancouver,lime_vancouver_ed8ad1e2-e7ce-4125-ae4d-87a4b295a632,ed8ad1e2-e7ce-4125-ae4d-87a4b295a632,49.256352,-123.044598,2,FALSE,FALSE,7049,NA,1783242979,2026-07-05T09:16:56Z,2026-07-05T09:16:56Z,2026-07-05T09:16:56Z,2.2,https://data.lime.bike/api/partners/v2/gbfs/vancouver_bc/gbfs.json,https://data.lime.bike/api/partners/v2/gbfs/vancouver_bc/free_bike_status,2026-07-05T09:16:54Z,2026-07-05T09:16:54Z
lime_vancouver,lime_vancouver_2a68a01f-1488-4e2a-80b8-f5ed456d8306,2a68a01f-1488-4e2a-80b8-f5ed456d8306,49.24762,-123.073465,2,FALSE,FALSE,9334,NA,1783242979,2026-07-05T09:16:56Z,2026-07-05T09:16:56Z,2026-07-05T09:16:56Z,2.2,https://data.lime.bike/api/partners/v2/gbfs/vancouver_bc/gbfs.json,https://data.lime.bike/api/partners/v2/gbfs/vancouver_bc/free_bike_status,2026-07-05T09:16:54Z,2026-07-05T09:16:54Z
lime_vancouver,lime_vancouver_d6d2dfa7-8f3f-49ae-bc81-9cf496029cc9,d6d2dfa7-8f3f-49ae-bc81-9cf496029cc9,49.266684,-123.115703,2,FALSE,FALSE,37272,NA,1783242979,2026-07-05T09:16:56Z,2026-07-05T09:16:56Z,2026-07-05T09:16:56Z,2.2,https://data.lime.bike/api/partners/v2/gbfs/vancouver_bc/gbfs.json,https://data.lime.bike/api/partners/v2/gbfs/vancouver_bc/free_bike_status,2026-07-05T09:16:54Z,2026-07-05T09:16:54Z
lime_vancouver,lime_vancouver_24baf08b-6986-41d5-8321-2f1845f5aed1,24baf08b-6986-41d5-8321-2f1845f5aed1,49.262459,-123.12878,2,FALSE,FALSE,22660,NA,1783242979,2026-07-05T09:16:56Z,2026-07-05T09:16:56Z,2026-07-05T09:16:56Z,2.2,https://data.lime.bike/api/partners/v2/gbfs/vancouver_bc/gbfs.json,https://data.lime.bike/api/partners/v2/gbfs/vancouver_bc/free_bike_status,2026-07-05T09:16:54Z,2026-07-05T09:16:54Z
lime_vancouver,lime_vancouver_ad36245f-5e38-4bb0-be8b-3bfb833fae2d,ad36245f-5e38-4bb0-be8b-3bfb833fae2d,49.246691,-123.060206,2,FALSE,FALSE,12601,NA,1783242979,2026-07-05T09:16:56Z,2026-07-05T09:16:56Z,2026-07-05T09:16:56Z,2.2,https://data.lime.bike/api/partners/v2/gbfs/vancouver_bc/gbfs.json,https://data.lime.bike/api/partners/v2/gbfs/vancouver_bc/free_bike_status,2026-07-05T09:16:54Z,2026-07-05T09:16:54Z
lime_vancouver,lime_vancouver_928d7704-2d81-42cc-965f-38384b4c466d,928d7704-2d81-42cc-965f-38384b4c466d,49.26753,-123.036164,2,FALSE,FALSE,10734,NA,1783242979,2026-07-05T09:16:56Z,2026-07-05T09:16:56Z,2026-07-05T09:16:56Z,2.2,https://data.lime.bike/api/partners/v2/gbfs/vancouver_bc/gbfs.json,https://data.lime.bike/api/partners/v2/gbfs/vancouver_bc/free_bike_status,2026-07-05T09:16:54Z,2026-07-05T09:16:54Z
lime_vancouver,lime_vancouver_e22ce321-3124-476e-83cf-869a16366369,e22ce321-3124-476e-83cf-869a16366369,49.269063,-123.164459,2,FALSE,FALSE,2639,NA,1783242979,2026-07-05T09:16:56Z,2026-07-05T09:16:56Z,2026-07-05T09:16:56Z,2.2,https://data.lime.bike/api/partners/v2/gbfs/vancouver_bc/gbfs.json,https://data.lime.bike/api/partners/v2/gbfs/vancouver_bc/free_bike_status,2026-07-05T09:16:54Z,2026-07-05T09:16:54Z
lime_vancouver,lime_vancouver_28b3ea7d-3fc5-4452-bf56-79310f1340e9,28b3ea7d-3fc5-4452-bf56-79310f1340e9,49.248748,-123.039333,2,FALSE,FALSE,31624,NA,1783242979,2026-07-05T09:16:56Z,2026-07-05T09:16:56Z,2026-07-05T09:16:56Z,2.2,https://data.lime.bike/api/partners/v2/gbfs/vancouver_bc/gbfs.json,https://data.lime.bike/api/partners/v2/gbfs/vancouver_bc/free_bike_status,2026-07-05T09:16:54Z,2026-07-05T09:16:54Z
lime_vancouver,lime_vancouver_64f03ff4-6650-4d90-abea-950608d308bc,64f03ff4-6650-4d90-abea-950608d308bc,49.263265,-123.089238,2,FALSE,FALSE,11201,NA,1783242979,2026-07-05T09:16:56Z,2026-07-05T09:16:56Z,2026-07-05T09:16:56Z,2.2,https://data.lime.bike/api/partners/v2/gbfs/vancouver_bc/gbfs.json,https://data.lime.bike/api/partners/v2/gbfs/vancouver_bc/free_bike_status,2026-07-05T09:16:54Z,2026-07-05T09:16:54Z
lime_vancouver,lime_vancouver_64ea1ee3-134a-45c4-9976-19adf688070a,64ea1ee3-134a-45c4-9976-19adf688070a,49.247594,-123.073467,2,FALSE,FALSE,29612,NA,1783242979,2026-07-05T09:16:56Z,2026-07-05T09:16:56Z,2026-07-05T09:16:56Z,2.2,https://data.lime.bike/api/partners/v2/gbfs/vancouver_bc/gbfs.json,https://data.lime.bike/api/partners/v2/gbfs/vancouver_bc/free_bike_status,2026-07-05T09:16:54Z,2026-07-05T09:16:54Z
lime_vancouver,lime_vancouver_8fe20ede-1a30-46c2-98ad-fd5cd3cc1514,8fe20ede-1a30-46c2-98ad-fd5cd3cc1514,49.262259,-123.111172,2,FALSE,FALSE,33651,NA,1783242979,2026-07-05T09:16:56Z,2026-07-05T09:16:56Z,2026-07-05T09:16:56Z,2.2,https://data.lime.bike/api/partners/v2/gbfs/vancouver_bc/gbfs.json,https://data.lime.bike/api/partners/v2/gbfs/vancouver_bc/free_bike_status,2026-07-05T09:16:54Z,2026-07-05T09:16:54Z
lime_vancouver,lime_vancouver_7c02d406-7bc8-4707-92f6-dea3fe2f2920,7c02d406-7bc8-4707-92f6-dea3fe2f2920,49.28398,-123.13254,2,FALSE,FALSE,17365,NA,1783242979,2026-07-05T09:16:56Z,2026-07-05T09:16:56Z,2026-07-05T09:16:56Z,2.2,https://data.lime.bike/api/partners/v2/gbfs/vancouver_bc/gbfs.json,https://data.lime.bike/api/partners/v2/gbfs/vancouver_bc/free_bike_status,2026-07-05T09:16:54Z,2026-07-05T09:16:54Z
lime_vancouver,lime_vancouver_13245238-c495-425a-98df-ac5138fcf207,13245238-c495-425a-98df-ac5138fcf207,49.280214,-123.079035,2,FALSE,FALSE,40910,NA,1783242979,2026-07-05T09:16:56Z,2026-07-05T09:16:56Z,2026-07-05T09:16:56Z,2.2,https://data.lime.bike/api/partners/v2/gbfs/vancouver_bc/gbfs.json,https://data.lime.bike/api/partners/v2/gbfs/vancouver_bc/free_bike_status,2026-07-05T09:16:54Z,2026-07-05T09:16:54Z
lime_vancouver,lime_vancouver_e915f85e-ca91-40de-93b9-e95c44ce17fa,e915f85e-ca91-40de-93b9-e95c44ce17fa,49.265125,-123.12586400000001,2,FALSE,FALSE,3492,NA,1783242979,2026-07-05T09:16:56Z,2026-07-05T09:16:56Z,2026-07-05T09:16:56Z,2.2,https://data.lime.bike/api/partners/v2/gbfs/vancouver_bc/gbfs.json,https://data.lime.bike/api/partners/v2/gbfs/vancouver_bc/free_bike_status,2026-07-05T09:16:54Z,2026-07-05T09:16:54Z
lime_vancouver,lime_vancouver_e40b1c93-c774-4503-ba61-705c39365f31,e40b1c93-c774-4503-ba61-705c39365f31,49.265245,-123.135699,2,FALSE,FALSE,2639,NA,1783242979,2026-07-05T09:16:56Z,2026-07-05T09:16:56Z,2026-07-05T09:16:56Z,2.2,https://data.lime.bike/api/partners/v2/gbfs/vancouver_bc/gbfs.json,https://data.lime.bike/api/partners/v2/gbfs/vancouver_bc/free_bike_status,2026-07-05T09:16:54Z,2026-07-05T09:16:54Z
lime_vancouver,lime_vancouver_d140d7b2-b87a-4dd0-b201-823ba25e152b,d140d7b2-b87a-4dd0-b201-823ba25e152b,49.262462,-123.128733,2,FALSE,FALSE,6132,NA,1783242979,2026-07-05T09:16:56Z,2026-07-05T09:16:56Z,2026-07-05T09:16:56Z,2.2,https://data.lime.bike/api/partners/v2/gbfs/vancouver_bc/gbfs.json,https://data.lime.bike/api/partners/v2/gbfs/vancouver_bc/free_bike_status,2026-07-05T09:16:54Z,2026-07-05T09:16:54Z
lime_vancouver,lime_vancouver_1481b8b9-5d95-4b13-9240-80439519a27b,1481b8b9-5d95-4b13-9240-80439519a27b,49.261544,-123.087481,2,FALSE,FALSE,35196,NA,1783242979,2026-07-05T09:16:56Z,2026-07-05T09:16:56Z,2026-07-05T09:16:56Z,2.2,https://data.lime.bike/api/partners/v2/gbfs/vancouver_bc/gbfs.json,https://data.lime.bike/api/partners/v2/gbfs/vancouver_bc/free_bike_status,2026-07-05T09:16:54Z,2026-07-05T09:16:54Z
lime_vancouver,lime_vancouver_4047c85c-5030-4760-b2fe-2468fe53bc2e,4047c85c-5030-4760-b2fe-2468fe53bc2e,49.263829,-123.096916,2,FALSE,FALSE,26602,NA,1783242979,2026-07-05T09:16:56Z,2026-07-05T09:16:56Z,2026-07-05T09:16:56Z,2.2,https://data.lime.bike/api/partners/v2/gbfs/vancouver_bc/gbfs.json,https://data.lime.bike/api/partners/v2/gbfs/vancouver_bc/free_bike_status,2026-07-05T09:16:54Z,2026-07-05T09:16:54Z
lime_vancouver,lime_vancouver_b5f42097-6244-4f29-aa6b-dc7f4ab3ba94,b5f42097-6244-4f29-aa6b-dc7f4ab3ba94,49.283922,-123.119906,2,FALSE,FALSE,4361,NA,1783242979,2026-07-05T09:16:56Z,2026-07-05T09:16:56Z,2026-07-05T09:16:56Z,2.2,https://data.lime.bike/api/partners/v2/gbfs/vancouver_bc/gbfs.json,https://data.lime.bike/api/partners/v2/gbfs/vancouver_bc/free_bike_status,2026-07-05T09:16:54Z,2026-07-05T09:16:54Z
lime_vancouver,lime_vancouver_72372261-adca-4dd7-97e6-7769f60a6802,72372261-adca-4dd7-97e6-7769f60a6802,49.265303,-123.135769,2,FALSE,FALSE,7950,NA,1783242979,2026-07-05T09:16:56Z,2026-07-05T09:16:56Z,2026-07-05T09:16:56Z,2.2,https://data.lime.bike/api/partners/v2/gbfs/vancouver_bc/gbfs.json,https://data.lime.bike/api/partners/v2/gbfs/vancouver_bc/free_bike_status,2026-07-05T09:16:54Z,2026-07-05T09:16:54Z
lime_vancouver,lime_vancouver_72cbb8e9-2fbe-4888-9c66-a3a74856dba1,72cbb8e9-2fbe-4888-9c66-a3a74856dba1,49.262406,-123.133682,2,FALSE,FALSE,6132,NA,1783242979,2026-07-05T09:16:56Z,2026-07-05T09:16:56Z,2026-07-05T09:16:56Z,2.2,https://data.lime.bike/api/partners/v2/gbfs/vancouver_bc/gbfs.json,https://data.lime.bike/api/partners/v2/gbfs/vancouver_bc/free_bike_status,2026-07-05T09:16:54Z,2026-07-05T09:16:54Z
lime_vancouver,lime_vancouver_f1331723-aca3-430a-9f11-18e36709a3c6,f1331723-aca3-430a-9f11-18e36709a3c6,49.274183,-123.125184,2,FALSE,FALSE,14967,NA,1783242979,2026-07-05T09:16:56Z,2026-07-05T09:16:56Z,2026-07-05T09:16:56Z,2.2,https://data.lime.bike/api/partners/v2/gbfs/vancouver_bc/gbfs.json,https://data.lime.bike/api/partners/v2/gbfs/vancouver_bc/free_bike_status,2026-07-05T09:16:54Z,2026-07-05T09:16:54Z
lime_vancouver,lime_vancouver_cbbaa727-d385-4b05-b70a-235206fbe812,cbbaa727-d385-4b05-b70a-235206fbe812,49.265039,-123.056876,2,FALSE,FALSE,4796,NA,1783242979,2026-07-05T09:16:56Z,2026-07-05T09:16:56Z,2026-07-05T09:16:56Z,2.2,https://data.lime.bike/api/partners/v2/gbfs/vancouver_bc/gbfs.json,https://data.lime.bike/api/partners/v2/gbfs/vancouver_bc/free_bike_status,2026-07-05T09:16:54Z,2026-07-05T09:16:54Z
lime_vancouver,lime_vancouver_4fc5f68d-17c8-46e7-abba-c3643e19273c,4fc5f68d-17c8-46e7-abba-c3643e19273c,49.26753,-123.036271,2,FALSE,FALSE,18797,NA,1783242979,2026-07-05T09:16:56Z,2026-07-05T09:16:56Z,2026-07-05T09:16:56Z,2.2,https://data.lime.bike/api/partners/v2/gbfs/vancouver_bc/gbfs.json,https://data.lime.bike/api/partners/v2/gbfs/vancouver_bc/free_bike_status,2026-07-05T09:16:54Z,2026-07-05T09:16:54Z
lime_vancouver,lime_vancouver_759deb9a-0615-4bea-9e7d-5cfe7ba4fd54,759deb9a-0615-4bea-9e7d-5cfe7ba4fd54,49.269108,-123.164454,2,FALSE,FALSE,11668,NA,1783242979,2026-07-05T09:16:56Z,2026-07-05T09:16:56Z,2026-07-05T09:16:56Z,2.2,https://data.lime.bike/api/partners/v2/gbfs/vancouver_bc/gbfs.json,https://data.lime.bike/api/partners/v2/gbfs/vancouver_bc/free_bike_status,2026-07-05T09:16:54Z,2026-07-05T09:16:54Z
lime_vancouver,lime_vancouver_705e1013-b8f7-4d48-b7fc-2ec7d1777087,705e1013-b8f7-4d48-b7fc-2ec7d1777087,49.264787,-123.079523,2,FALSE,FALSE,4796,NA,1783242979,2026-07-05T09:16:56Z,2026-07-05T09:16:56Z,2026-07-05T09:16:56Z,2.2,https://data.lime.bike/api/partners/v2/gbfs/vancouver_bc/gbfs.json,https://data.lime.bike/api/partners/v2/gbfs/vancouver_bc/free_bike_status,2026-07-05T09:16:54Z,2026-07-05T09:16:54Z
lime_vancouver,lime_vancouver_66d5e8a8-4c7c-4672-866c-1ab3313b594a,66d5e8a8-4c7c-4672-866c-1ab3313b594a,49.277507,-123.091413,2,FALSE,FALSE,29612,NA,1783242979,2026-07-05T09:16:56Z,2026-07-05T09:16:56Z,2026-07-05T09:16:56Z,2.2,https://data.lime.bike/api/partners/v2/gbfs/vancouver_bc/gbfs.json,https://data.lime.bike/api/partners/v2/gbfs/vancouver_bc/free_bike_status,2026-07-05T09:16:54Z,2026-07-05T09:16:54Z
lime_vancouver,lime_vancouver_c1a9d581-5432-4595-85c4-4a8f611faa23,c1a9d581-5432-4595-85c4-4a8f611faa23,49.264187,-123.075334,2,FALSE,FALSE,14017,NA,1783242979,2026-07-05T09:16:56Z,2026-07-05T09:16:56Z,2026-07-05T09:16:56Z,2.2,https://data.lime.bike/api/partners/v2/gbfs/vancouver_bc/gbfs.json,https://data.lime.bike/api/partners/v2/gbfs/vancouver_bc/free_bike_status,2026-07-05T09:16:54Z,2026-07-05T09:16:54Z
lime_vancouver,lime_vancouver_be462eec-6f68-4db3-8ef6-fb775c8f3255,be462eec-6f68-4db3-8ef6-fb775c8f3255,49.265953,-123.062208,2,FALSE,FALSE,4361,NA,1783242979,2026-07-05T09:16:56Z,2026-07-05T09:16:56Z,2026-07-05T09:16:56Z,2.2,https://data.lime.bike/api/partners/v2/gbfs/vancouver_bc/gbfs.json,https://data.lime.bike/api/partners/v2/gbfs/vancouver_bc/free_bike_status,2026-07-05T09:16:54Z,2026-07-05T09:16:54Z
lime_vancouver,lime_vancouver_7ad7105d-6327-49c1-8af6-d2e57959709b,7ad7105d-6327-49c1-8af6-d2e57959709b,49.261554,-123.087453,2,FALSE,FALSE,44514,NA,1783242979,2026-07-05T09:16:56Z,2026-07-05T09:16:56Z,2026-07-05T09:16:56Z,2.2,https://data.lime.bike/api/partners/v2/gbfs/vancouver_bc/gbfs.json,https://data.lime.bike/api/partners/v2/gbfs/vancouver_bc/free_bike_status,2026-07-05T09:16:54Z,2026-07-05T09:16:54Z
lime_vancouver,lime_vancouver_4cfb5e50-4fdf-4c04-9f57-fad8835a6206,4cfb5e50-4fdf-4c04-9f57-fad8835a6206,49.274085,-123.028695,2,FALSE,FALSE,27600,NA,1783242979,2026-07-05T09:16:56Z,2026-07-05T09:16:56Z,2026-07-05T09:16:56Z,2.2,https://data.lime.bike/api/partners/v2/gbfs/vancouver_bc/gbfs.json,https://data.lime.bike/api/partners/v2/gbfs/vancouver_bc/free_bike_status,2026-07-05T09:16:54Z,2026-07-05T09:16:54Z
lime_vancouver,lime_vancouver_f2394f1b-4155-40ae-bd4d-2f9d028864f0,f2394f1b-4155-40ae-bd4d-2f9d028864f0,49.243502,-123.073617,2,FALSE,FALSE,9334,NA,1783242979,2026-07-05T09:16:56Z,2026-07-05T09:16:56Z,2026-07-05T09:16:56Z,2.2,https://data.lime.bike/api/partners/v2/gbfs/vancouver_bc/gbfs.json,https://data.lime.bike/api/partners/v2/gbfs/vancouver_bc/free_bike_status,2026-07-05T09:16:54Z,2026-07-05T09:16:54Z
lime_vancouver,lime_vancouver_aed43941-98a4-4dcf-bde4-ea4151fde4cd,aed43941-98a4-4dcf-bde4-ea4151fde4cd,49.275921,-123.145864,2,FALSE,FALSE,31624,NA,1783242979,2026-07-05T09:16:56Z,2026-07-05T09:16:56Z,2026-07-05T09:16:56Z,2.2,https://data.lime.bike/api/partners/v2/gbfs/vancouver_bc/gbfs.json,https://data.lime.bike/api/partners/v2/gbfs/vancouver_bc/free_bike_status,2026-07-05T09:16:54Z,2026-07-05T09:16:54Z
lime_vancouver,lime_vancouver_b1660871-9674-4ff7-8058-5cf6dda7829c,b1660871-9674-4ff7-8058-5cf6dda7829c,49.235903,-123.049171,2,FALSE,FALSE,29612,NA,1783242979,2026-07-05T09:16:56Z,2026-07-05T09:16:56Z,2026-07-05T09:16:56Z,2.2,https://data.lime.bike/api/partners/v2/gbfs/vancouver_bc/gbfs.json,https://data.lime.bike/api/partners/v2/gbfs/vancouver_bc/free_bike_status,2026-07-05T09:16:54Z,2026-07-05T09:16:54Z
lime_vancouver,lime_vancouver_96f89156-bde2-4399-b63a-6b03eece3fa8,96f89156-bde2-4399-b63a-6b03eece3fa8,49.273899,-123.120948,2,FALSE,FALSE,44514,NA,1783242979,2026-07-05T09:16:56Z,2026-07-05T09:16:56Z,2026-07-05T09:16:56Z,2.2,https://data.lime.bike/api/partners/v2/gbfs/vancouver_bc/gbfs.json,https://data.lime.bike/api/partners/v2/gbfs/vancouver_bc/free_bike_status,2026-07-05T09:16:54Z,2026-07-05T09:16:54Z
lime_vancouver,lime_vancouver_a804f3a4-8b1b-4c2e-a705-0f256201696d,a804f3a4-8b1b-4c2e-a705-0f256201696d,49.229182,-123.024036,2,FALSE,FALSE,11314,NA,1783242979,2026-07-05T09:16:56Z,2026-07-05T09:16:56Z,2026-07-05T09:16:56Z,2.2,https://data.lime.bike/api/partners/v2/gbfs/vancouver_bc/gbfs.json,https://data.lime.bike/api/partners/v2/gbfs/vancouver_bc/free_bike_status,2026-07-05T09:16:54Z,2026-07-05T09:16:54Z
lime_vancouver,lime_vancouver_3094abd4-c449-48a2-9680-a4364e187e26,3094abd4-c449-48a2-9680-a4364e187e26,49.26912,-123.150269,2,FALSE,FALSE,4361,NA,1783242979,2026-07-05T09:16:56Z,2026-07-05T09:16:56Z,2026-07-05T09:16:56Z,2.2,https://data.lime.bike/api/partners/v2/gbfs/vancouver_bc/gbfs.json,https://data.lime.bike/api/partners/v2/gbfs/vancouver_bc/free_bike_status,2026-07-05T09:16:54Z,2026-07-05T09:16:54Z
lime_vancouver,lime_vancouver_c46877e4-5570-4f3e-8639-541efad8b2e0,c46877e4-5570-4f3e-8639-541efad8b2e0,49.256462,-123.034112,2,FALSE,FALSE,18797,NA,1783242979,2026-07-05T09:16:56Z,2026-07-05T09:16:56Z,2026-07-05T09:16:56Z,2.2,https://data.lime.bike/api/partners/v2/gbfs/vancouver_bc/gbfs.json,https://data.lime.bike/api/partners/v2/gbfs/vancouver_bc/free_bike_status,2026-07-05T09:16:54Z,2026-07-05T09:16:54Z
lime_vancouver,lime_vancouver_b31fc4de-20c7-404c-9411-b0219f040e77,b31fc4de-20c7-404c-9411-b0219f040e77,49.262254,-123.104997,2,FALSE,FALSE,12134,NA,1783242979,2026-07-05T09:16:56Z,2026-07-05T09:16:56Z,2026-07-05T09:16:56Z,2.2,https://data.lime.bike/api/partners/v2/gbfs/vancouver_bc/gbfs.json,https://data.lime.bike/api/partners/v2/gbfs/vancouver_bc/free_bike_status,2026-07-05T09:16:54Z,2026-07-05T09:16:54Z
lime_vancouver,lime_vancouver_8bb3083e-d0ee-4619-adc5-f2e67217ceab,8bb3083e-d0ee-4619-adc5-f2e67217ceab,49.27182,-123.164713,2,FALSE,FALSE,42969,NA,1783242979,2026-07-05T09:16:56Z,2026-07-05T09:16:56Z,2026-07-05T09:16:56Z,2.2,https://data.lime.bike/api/partners/v2/gbfs/vancouver_bc/gbfs.json,https://data.lime.bike/api/partners/v2/gbfs/vancouver_bc/free_bike_status,2026-07-05T09:16:54Z,2026-07-05T09:16:54Z
lime_vancouver,lime_vancouver_a3e11c28-8d3e-44b7-9005-f885ed31e4ba,a3e11c28-8d3e-44b7-9005-f885ed31e4ba,49.262459,-123.128865,2,FALSE,FALSE,39880,NA,1783242979,2026-07-05T09:16:56Z,2026-07-05T09:16:56Z,2026-07-05T09:16:56Z,2.2,https://data.lime.bike/api/partners/v2/gbfs/vancouver_bc/gbfs.json,https://data.lime.bike/api/partners/v2/gbfs/vancouver_bc/free_bike_status,2026-07-05T09:16:54Z,2026-07-05T09:16:54Z
lime_vancouver,lime_vancouver_784c1f5f-fad7-4c10-8513-ec6a0c26835e,784c1f5f-fad7-4c10-8513-ec6a0c26835e,49.262342,-123.13372,2,FALSE,FALSE,15450,NA,1783242979,2026-07-05T09:16:56Z,2026-07-05T09:16:56Z,2026-07-05T09:16:56Z,2.2,https://data.lime.bike/api/partners/v2/gbfs/vancouver_bc/gbfs.json,https://data.lime.bike/api/partners/v2/gbfs/vancouver_bc/free_bike_status,2026-07-05T09:16:54Z,2026-07-05T09:16:54Z
lime_vancouver,lime_vancouver_c7e8ab7e-cd24-42c2-a643-3eaa2b974556,c7e8ab7e-cd24-42c2-a643-3eaa2b974556,49.266708,-123.115686,2,FALSE,FALSE,13551,NA,1783242979,2026-07-05T09:16:56Z,2026-07-05T09:16:56Z,2026-07-05T09:16:56Z,2.2,https://data.lime.bike/api/partners/v2/gbfs/vancouver_bc/gbfs.json,https://data.lime.bike/api/partners/v2/gbfs/vancouver_bc/free_bike_status,2026-07-05T09:16:54Z,2026-07-05T09:16:54Z
lime_vancouver,lime_vancouver_76775e48-bc2f-4946-9109-b0c3ebb18107,76775e48-bc2f-4946-9109-b0c3ebb18107,49.268442,-123.159808,2,FALSE,FALSE,43999,NA,1783242979,2026-07-05T09:16:56Z,2026-07-05T09:16:56Z,2026-07-05T09:16:56Z,2.2,https://data.lime.bike/api/partners/v2/gbfs/vancouver_bc/gbfs.json,https://data.lime.bike/api/partners/v2/gbfs/vancouver_bc/free_bike_status,2026-07-05T09:16:54Z,2026-07-05T09:16:54Z
lime_vancouver,lime_vancouver_67d3abf7-f6e3-472e-b76f-6b730a2269de,67d3abf7-f6e3-472e-b76f-6b730a2269de,49.258751,-123.057084,2,FALSE,FALSE,47073,NA,1783242979,2026-07-05T09:16:56Z,2026-07-05T09:16:56Z,2026-07-05T09:16:56Z,2.2,https://data.lime.bike/api/partners/v2/gbfs/vancouver_bc/gbfs.json,https://data.lime.bike/api/partners/v2/gbfs/vancouver_bc/free_bike_status,2026-07-05T09:16:54Z,2026-07-05T09:16:54Z
lime_vancouver,lime_vancouver_da2f40dc-5ae2-4e98-b496-496fcddb5d9a,da2f40dc-5ae2-4e98-b496-496fcddb5d9a,49.257766,-123.073413,2,FALSE,FALSE,20728,NA,1783242979,2026-07-05T09:16:56Z,2026-07-05T09:16:56Z,2026-07-05T09:16:56Z,2.2,https://data.lime.bike/api/partners/v2/gbfs/vancouver_bc/gbfs.json,https://data.lime.bike/api/partners/v2/gbfs/vancouver_bc/free_bike_status,2026-07-05T09:16:54Z,2026-07-05T09:16:54Z
lime_vancouver,lime_vancouver_86787c23-6781-4320-b1a4-e5d09d63d946,86787c23-6781-4320-b1a4-e5d09d63d946,49.287783,-123.141926,2,FALSE,FALSE,10268,NA,1783242979,2026-07-05T09:16:56Z,2026-07-05T09:16:56Z,2026-07-05T09:16:56Z,2.2,https://data.lime.bike/api/partners/v2/gbfs/vancouver_bc/gbfs.json,https://data.lime.bike/api/partners/v2/gbfs/vancouver_bc/free_bike_status,2026-07-05T09:16:54Z,2026-07-05T09:16:54Z
lime_vancouver,lime_vancouver_5d1be4be-9d36-4f94-9ab3-9a017627903e,5d1be4be-9d36-4f94-9ab3-9a017627903e,49.262303,-123.133799,2,FALSE,FALSE,7950,NA,1783242979,2026-07-05T09:16:56Z,2026-07-05T09:16:56Z,2026-07-05T09:16:56Z,2.2,https://data.lime.bike/api/partners/v2/gbfs/vancouver_bc/gbfs.json,https://data.lime.bike/api/partners/v2/gbfs/vancouver_bc/free_bike_status,2026-07-05T09:16:54Z,2026-07-05T09:16:54Z
lime_vancouver,lime_vancouver_9d8b91de-bdc0-44c5-8a8d-85030a516338,9d8b91de-bdc0-44c5-8a8d-85030a516338,49.262444,-123.128819,2,FALSE,FALSE,15916,NA,1783242979,2026-07-05T09:16:56Z,2026-07-05T09:16:56Z,2026-07-05T09:16:56Z,2.2,https://data.lime.bike/api/partners/v2/gbfs/vancouver_bc/gbfs.json,https://data.lime.bike/api/partners/v2/gbfs/vancouver_bc/free_bike_status,2026-07-05T09:16:54Z,2026-07-05T09:16:54Z
lime_vancouver,lime_vancouver_38b6a5e6-a59f-4f51-8cb4-aeeda19e2b90,38b6a5e6-a59f-4f51-8cb4-aeeda19e2b90,49.235916,-123.049129,2,FALSE,FALSE,18314,NA,1783242979,2026-07-05T09:16:56Z,2026-07-05T09:16:56Z,2026-07-05T09:16:56Z,2.2,https://data.lime.bike/api/partners/v2/gbfs/vancouver_bc/gbfs.json,https://data.lime.bike/api/partners/v2/gbfs/vancouver_bc/free_bike_status,2026-07-05T09:16:54Z,2026-07-05T09:16:54Z
lime_vancouver,lime_vancouver_8cef4a65-b020-4495-a185-cbbbec821ef9,8cef4a65-b020-4495-a185-cbbbec821ef9,49.281407,-123.049402,2,FALSE,FALSE,3927,NA,1783242979,2026-07-05T09:16:56Z,2026-07-05T09:16:56Z,2026-07-05T09:16:56Z,2.2,https://data.lime.bike/api/partners/v2/gbfs/vancouver_bc/gbfs.json,https://data.lime.bike/api/partners/v2/gbfs/vancouver_bc/free_bike_status,2026-07-05T09:16:54Z,2026-07-05T09:16:54Z
lime_vancouver,lime_vancouver_6a1cd8da-abfb-4702-bee6-cf24de9f0687,6a1cd8da-abfb-4702-bee6-cf24de9f0687,49.280202,-123.079068,2,FALSE,FALSE,26104,NA,1783242979,2026-07-05T09:16:56Z,2026-07-05T09:16:56Z,2026-07-05T09:16:56Z,2.2,https://data.lime.bike/api/partners/v2/gbfs/vancouver_bc/gbfs.json,https://data.lime.bike/api/partners/v2/gbfs/vancouver_bc/free_bike_status,2026-07-05T09:16:54Z,2026-07-05T09:16:54Z
lime_vancouver,lime_vancouver_7fcebf79-4f9a-471c-8786-96dc978fedda,7fcebf79-4f9a-471c-8786-96dc978fedda,49.268418,-123.159806,2,FALSE,FALSE,2639,NA,1783242979,2026-07-05T09:16:56Z,2026-07-05T09:16:56Z,2026-07-05T09:16:56Z,2.2,https://data.lime.bike/api/partners/v2/gbfs/vancouver_bc/gbfs.json,https://data.lime.bike/api/partners/v2/gbfs/vancouver_bc/free_bike_status,2026-07-05T09:16:54Z,2026-07-05T09:16:54Z
lime_vancouver,lime_vancouver_0fc77269-00f4-4ded-8aee-a4235d5d3154,0fc77269-00f4-4ded-8aee-a4235d5d3154,49.281654,-123.137456,2,FALSE,FALSE,16882,NA,1783242979,2026-07-05T09:16:56Z,2026-07-05T09:16:56Z,2026-07-05T09:16:56Z,2.2,https://data.lime.bike/api/partners/v2/gbfs/vancouver_bc/gbfs.json,https://data.lime.bike/api/partners/v2/gbfs/vancouver_bc/free_bike_status,2026-07-05T09:16:54Z,2026-07-05T09:16:54Z
lime_vancouver,lime_vancouver_11359850-35b5-4b6c-96a0-89822e455792,11359850-35b5-4b6c-96a0-89822e455792,49.259887,-123.083316,2,FALSE,FALSE,22177,NA,1783242979,2026-07-05T09:16:56Z,2026-07-05T09:16:56Z,2026-07-05T09:16:56Z,2.2,https://data.lime.bike/api/partners/v2/gbfs/vancouver_bc/gbfs.json,https://data.lime.bike/api/partners/v2/gbfs/vancouver_bc/free_bike_status,2026-07-05T09:16:54Z,2026-07-05T09:16:54Z
lime_vancouver,lime_vancouver_a1fdfd3d-cdce-49b1-9bf6-a7a31156e128,a1fdfd3d-cdce-49b1-9bf6-a7a31156e128,49.282996,-123.134723,2,FALSE,FALSE,25605,NA,1783242979,2026-07-05T09:16:56Z,2026-07-05T09:16:56Z,2026-07-05T09:16:56Z,2.2,https://data.lime.bike/api/partners/v2/gbfs/vancouver_bc/gbfs.json,https://data.lime.bike/api/partners/v2/gbfs/vancouver_bc/free_bike_status,2026-07-05T09:16:54Z,2026-07-05T09:16:54Z
lime_vancouver,lime_vancouver_b37c427c-b2e0-4b90-a34c-05b93ade1fe1,b37c427c-b2e0-4b90-a34c-05b93ade1fe1,49.254138,-123.083605,2,FALSE,FALSE,32139,NA,1783242979,2026-07-05T09:16:56Z,2026-07-05T09:16:56Z,2026-07-05T09:16:56Z,2.2,https://data.lime.bike/api/partners/v2/gbfs/vancouver_bc/gbfs.json,https://data.lime.bike/api/partners/v2/gbfs/vancouver_bc/free_bike_status,2026-07-05T09:16:54Z,2026-07-05T09:16:54Z
lime_vancouver,lime_vancouver_e4e44995-7a02-4763-b389-f1a9cb4420da,e4e44995-7a02-4763-b389-f1a9cb4420da,49.281181,-123.094381,2,FALSE,FALSE,32637,NA,1783242979,2026-07-05T09:16:56Z,2026-07-05T09:16:56Z,2026-07-05T09:16:56Z,2.2,https://data.lime.bike/api/partners/v2/gbfs/vancouver_bc/gbfs.json,https://data.lime.bike/api/partners/v2/gbfs/vancouver_bc/free_bike_status,2026-07-05T09:16:54Z,2026-07-05T09:16:54Z
lime_vancouver,lime_vancouver_52368c80-84bc-4f92-b992-8cce40e59709,52368c80-84bc-4f92-b992-8cce40e59709,49.273802,-123.12101,2,FALSE,FALSE,44514,NA,1783242979,2026-07-05T09:16:56Z,2026-07-05T09:16:56Z,2026-07-05T09:16:56Z,2.2,https://data.lime.bike/api/partners/v2/gbfs/vancouver_bc/gbfs.json,https://data.lime.bike/api/partners/v2/gbfs/vancouver_bc/free_bike_status,2026-07-05T09:16:54Z,2026-07-05T09:16:54Z
lime_vancouver,lime_vancouver_24c493f6-9489-4845-b715-5b592c9821df,24c493f6-9489-4845-b715-5b592c9821df,49.254581,-123.072853,2,FALSE,FALSE,33651,NA,1783242979,2026-07-05T09:16:56Z,2026-07-05T09:16:56Z,2026-07-05T09:16:56Z,2.2,https://data.lime.bike/api/partners/v2/gbfs/vancouver_bc/gbfs.json,https://data.lime.bike/api/partners/v2/gbfs/vancouver_bc/free_bike_status,2026-07-05T09:16:54Z,2026-07-05T09:16:54Z
lime_vancouver,lime_vancouver_9db134a0-8edc-4afa-9df2-366cdb071053,9db134a0-8edc-4afa-9df2-366cdb071053,49.26243,-123.128716,2,FALSE,FALSE,30111,NA,1783242979,2026-07-05T09:16:56Z,2026-07-05T09:16:56Z,2026-07-05T09:16:56Z,2.2,https://data.lime.bike/api/partners/v2/gbfs/vancouver_bc/gbfs.json,https://data.lime.bike/api/partners/v2/gbfs/vancouver_bc/free_bike_status,2026-07-05T09:16:54Z,2026-07-05T09:16:54Z
lime_vancouver,lime_vancouver_d9ca6d85-5ff8-497f-8094-80f0b70e4f79,d9ca6d85-5ff8-497f-8094-80f0b70e4f79,49.272305,-123.033966,2,FALSE,FALSE,31624,NA,1783242979,2026-07-05T09:16:56Z,2026-07-05T09:16:56Z,2026-07-05T09:16:56Z,2.2,https://data.lime.bike/api/partners/v2/gbfs/vancouver_bc/gbfs.json,https://data.lime.bike/api/partners/v2/gbfs/vancouver_bc/free_bike_status,2026-07-05T09:16:54Z,2026-07-05T09:16:54Z
lime_vancouver,lime_vancouver_48383ddb-d855-4c7d-8706-03a64146b82c,48383ddb-d855-4c7d-8706-03a64146b82c,49.243514,-123.073644,2,FALSE,FALSE,10268,NA,1783242979,2026-07-05T09:16:56Z,2026-07-05T09:16:56Z,2026-07-05T09:16:56Z,2.2,https://data.lime.bike/api/partners/v2/gbfs/vancouver_bc/gbfs.json,https://data.lime.bike/api/partners/v2/gbfs/vancouver_bc/free_bike_status,2026-07-05T09:16:54Z,2026-07-05T09:16:54Z
lime_vancouver,lime_vancouver_d5d3946e-4d4e-4179-8ca9-9be283ad844e,d5d3946e-4d4e-4179-8ca9-9be283ad844e,49.262536,-123.11981,2,FALSE,FALSE,6132,NA,1783242979,2026-07-05T09:16:56Z,2026-07-05T09:16:56Z,2026-07-05T09:16:56Z,2.2,https://data.lime.bike/api/partners/v2/gbfs/vancouver_bc/gbfs.json,https://data.lime.bike/api/partners/v2/gbfs/vancouver_bc/free_bike_status,2026-07-05T09:16:54Z,2026-07-05T09:16:54Z
lime_vancouver,lime_vancouver_c564f640-634b-4491-b10d-28548d72e080,c564f640-634b-4491-b10d-28548d72e080,49.262501,-123.049677,2,FALSE,FALSE,37787,NA,1783242979,2026-07-05T09:16:56Z,2026-07-05T09:16:56Z,2026-07-05T09:16:56Z,2.2,https://data.lime.bike/api/partners/v2/gbfs/vancouver_bc/gbfs.json,https://data.lime.bike/api/partners/v2/gbfs/vancouver_bc/free_bike_status,2026-07-05T09:16:54Z,2026-07-05T09:16:54Z
lime_vancouver,lime_vancouver_03dce91e-8496-4a19-9409-92edc7444665,03dce91e-8496-4a19-9409-92edc7444665,49.265495,-123.14368,2,FALSE,FALSE,18797,NA,1783242979,2026-07-05T09:16:56Z,2026-07-05T09:16:56Z,2026-07-05T09:16:56Z,2.2,https://data.lime.bike/api/partners/v2/gbfs/vancouver_bc/gbfs.json,https://data.lime.bike/api/partners/v2/gbfs/vancouver_bc/free_bike_status,2026-07-05T09:16:54Z,2026-07-05T09:16:54Z
lime_vancouver,lime_vancouver_afa6abca-62cc-477b-8547-39621e389e6f,afa6abca-62cc-477b-8547-39621e389e6f,49.263679,-123.157584,2,FALSE,FALSE,10268,NA,1783242979,2026-07-05T09:16:56Z,2026-07-05T09:16:56Z,2026-07-05T09:16:56Z,2.2,https://data.lime.bike/api/partners/v2/gbfs/vancouver_bc/gbfs.json,https://data.lime.bike/api/partners/v2/gbfs/vancouver_bc/free_bike_status,2026-07-05T09:16:54Z,2026-07-05T09:16:54Z
lime_vancouver,lime_vancouver_dcf8ad00-c4f2-43b3-b3e8-95ef4242ce17,dcf8ad00-c4f2-43b3-b3e8-95ef4242ce17,49.287241,-123.125223,2,FALSE,FALSE,29612,NA,1783242979,2026-07-05T09:16:56Z,2026-07-05T09:16:56Z,2026-07-05T09:16:56Z,2.2,https://data.lime.bike/api/partners/v2/gbfs/vancouver_bc/gbfs.json,https://data.lime.bike/api/partners/v2/gbfs/vancouver_bc/free_bike_status,2026-07-05T09:16:54Z,2026-07-05T09:16:54Z
lime_vancouver,lime_vancouver_325552d0-3c73-427a-80a2-a65c07975509,325552d0-3c73-427a-80a2-a65c07975509,49.285736,-123.130911,2,FALSE,FALSE,6132,NA,1783242979,2026-07-05T09:16:56Z,2026-07-05T09:16:56Z,2026-07-05T09:16:56Z,2.2,https://data.lime.bike/api/partners/v2/gbfs/vancouver_bc/gbfs.json,https://data.lime.bike/api/partners/v2/gbfs/vancouver_bc/free_bike_status,2026-07-05T09:16:54Z,2026-07-05T09:16:54Z
lime_vancouver,lime_vancouver_3430d62b-9e7c-4589-a5df-b42e1463c5fa,3430d62b-9e7c-4589-a5df-b42e1463c5fa,49.271578,-123.07344,2,FALSE,FALSE,16399,NA,1783242979,2026-07-05T09:16:56Z,2026-07-05T09:16:56Z,2026-07-05T09:16:56Z,2.2,https://data.lime.bike/api/partners/v2/gbfs/vancouver_bc/gbfs.json,https://data.lime.bike/api/partners/v2/gbfs/vancouver_bc/free_bike_status,2026-07-05T09:16:54Z,2026-07-05T09:16:54Z
lime_vancouver,lime_vancouver_af6b782a-c071-4003-ae91-bacc11dfe872,af6b782a-c071-4003-ae91-bacc11dfe872,49.266815,-123.115658,2,FALSE,FALSE,32139,NA,1783242979,2026-07-05T09:16:56Z,2026-07-05T09:16:56Z,2026-07-05T09:16:56Z,2.2,https://data.lime.bike/api/partners/v2/gbfs/vancouver_bc/gbfs.json,https://data.lime.bike/api/partners/v2/gbfs/vancouver_bc/free_bike_status,2026-07-05T09:16:54Z,2026-07-05T09:16:54Z
lime_vancouver,lime_vancouver_c6cef52f-7df3-4ab6-a289-d8e1c4c30d43,c6cef52f-7df3-4ab6-a289-d8e1c4c30d43,49.262729,-123.146238,2,FALSE,FALSE,5246,NA,1783242979,2026-07-05T09:16:56Z,2026-07-05T09:16:56Z,2026-07-05T09:16:56Z,2.2,https://data.lime.bike/api/partners/v2/gbfs/vancouver_bc/gbfs.json,https://data.lime.bike/api/partners/v2/gbfs/vancouver_bc/free_bike_status,2026-07-05T09:16:54Z,2026-07-05T09:16:54Z
lime_vancouver,lime_vancouver_fcaa7930-f11f-45d2-b45f-d0e9d3b030e7,fcaa7930-f11f-45d2-b45f-d0e9d3b030e7,49.27741,-123.087123,2,FALSE,FALSE,31624,NA,1783242979,2026-07-05T09:16:56Z,2026-07-05T09:16:56Z,2026-07-05T09:16:56Z,2.2,https://data.lime.bike/api/partners/v2/gbfs/vancouver_bc/gbfs.json,https://data.lime.bike/api/partners/v2/gbfs/vancouver_bc/free_bike_status,2026-07-05T09:16:54Z,2026-07-05T09:16:54Z
lime_vancouver,lime_vancouver_d23c2663-e662-4385-ad10-bb0d3ff5e7f0,d23c2663-e662-4385-ad10-bb0d3ff5e7f0,49.263481,-123.098888,2,FALSE,FALSE,15450,NA,1783242979,2026-07-05T09:16:56Z,2026-07-05T09:16:56Z,2026-07-05T09:16:56Z,2.2,https://data.lime.bike/api/partners/v2/gbfs/vancouver_bc/gbfs.json,https://data.lime.bike/api/partners/v2/gbfs/vancouver_bc/free_bike_status,2026-07-05T09:16:54Z,2026-07-05T09:16:54Z
lime_vancouver,lime_vancouver_4c1617af-7667-403a-9e45-0cb8401bc322,4c1617af-7667-403a-9e45-0cb8401bc322,49.267519,-123.036261,2,FALSE,FALSE,36741,NA,1783242979,2026-07-05T09:16:56Z,2026-07-05T09:16:56Z,2026-07-05T09:16:56Z,2.2,https://data.lime.bike/api/partners/v2/gbfs/vancouver_bc/gbfs.json,https://data.lime.bike/api/partners/v2/gbfs/vancouver_bc/free_bike_status,2026-07-05T09:16:54Z,2026-07-05T09:16:54Z
lime_vancouver,lime_vancouver_d3afd3d9-a35e-4c1f-b8b7-7de550e04f40,d3afd3d9-a35e-4c1f-b8b7-7de550e04f40,49.229309,-123.030174,2,FALSE,FALSE,9334,NA,1783242979,2026-07-05T09:16:56Z,2026-07-05T09:16:56Z,2026-07-05T09:16:56Z,2.2,https://data.lime.bike/api/partners/v2/gbfs/vancouver_bc/gbfs.json,https://data.lime.bike/api/partners/v2/gbfs/vancouver_bc/free_bike_status,2026-07-05T09:16:54Z,2026-07-05T09:16:54Z
lime_vancouver,lime_vancouver_9f0c4d3d-bbf7-41cb-8f0c-f73688698809,9f0c4d3d-bbf7-41cb-8f0c-f73688698809,49.231069,-123.032545,2,FALSE,FALSE,9801,NA,1783242979,2026-07-05T09:16:56Z,2026-07-05T09:16:56Z,2026-07-05T09:16:56Z,2.2,https://data.lime.bike/api/partners/v2/gbfs/vancouver_bc/gbfs.json,https://data.lime.bike/api/partners/v2/gbfs/vancouver_bc/free_bike_status,2026-07-05T09:16:54Z,2026-07-05T09:16:54Z
lime_vancouver,lime_vancouver_38c165e2-0e78-4666-a2c5-5520bafa3cc8,38c165e2-0e78-4666-a2c5-5520bafa3cc8,49.26617,-123.098764,2,FALSE,FALSE,13551,NA,1783242979,2026-07-05T09:16:56Z,2026-07-05T09:16:56Z,2026-07-05T09:16:56Z,2.2,https://data.lime.bike/api/partners/v2/gbfs/vancouver_bc/gbfs.json,https://data.lime.bike/api/partners/v2/gbfs/vancouver_bc/free_bike_status,2026-07-05T09:16:54Z,2026-07-05T09:16:54Z
lime_vancouver,lime_vancouver_b21b7bd5-2e67-4bbd-8285-de6ba8d7c6df,b21b7bd5-2e67-4bbd-8285-de6ba8d7c6df,49.2359,-123.049093,2,FALSE,FALSE,14967,NA,1783242979,2026-07-05T09:16:56Z,2026-07-05T09:16:56Z,2026-07-05T09:16:56Z,2.2,https://data.lime.bike/api/partners/v2/gbfs/vancouver_bc/gbfs.json,https://data.lime.bike/api/partners/v2/gbfs/vancouver_bc/free_bike_status,2026-07-05T09:16:54Z,2026-07-05T09:16:54Z
lime_vancouver,lime_vancouver_d837a3a7-1e7d-4ba4-ae18-9dbbc370b76e,d837a3a7-1e7d-4ba4-ae18-9dbbc370b76e,49.275017,-123.049631,2,FALSE,FALSE,8884,NA,1783242979,2026-07-05T09:16:56Z,2026-07-05T09:16:56Z,2026-07-05T09:16:56Z,2.2,https://data.lime.bike/api/partners/v2/gbfs/vancouver_bc/gbfs.json,https://data.lime.bike/api/partners/v2/gbfs/vancouver_bc/free_bike_status,2026-07-05T09:16:54Z,2026-07-05T09:16:54Z
lime_vancouver,lime_vancouver_6f22f4b3-67c4-4b8a-aca6-75bbac7dbb90,6f22f4b3-67c4-4b8a-aca6-75bbac7dbb90,49.262471,-123.128721,2,FALSE,FALSE,4796,NA,1783242979,2026-07-05T09:16:56Z,2026-07-05T09:16:56Z,2026-07-05T09:16:56Z,2.2,https://data.lime.bike/api/partners/v2/gbfs/vancouver_bc/gbfs.json,https://data.lime.bike/api/partners/v2/gbfs/vancouver_bc/free_bike_status,2026-07-05T09:16:54Z,2026-07-05T09:16:54Z
lime_vancouver,lime_vancouver_75fec8b3-34bf-4f62-94d2-648cf24bf7c5,75fec8b3-34bf-4f62-94d2-648cf24bf7c5,49.267544,-123.036181,2,FALSE,FALSE,18797,NA,1783242979,2026-07-05T09:16:56Z,2026-07-05T09:16:56Z,2026-07-05T09:16:56Z,2.2,https://data.lime.bike/api/partners/v2/gbfs/vancouver_bc/gbfs.json,https://data.lime.bike/api/partners/v2/gbfs/vancouver_bc/free_bike_status,2026-07-05T09:16:54Z,2026-07-05T09:16:54Z
lime_vancouver,lime_vancouver_508ad387-1434-4b4f-9895-d8934cce8353,508ad387-1434-4b4f-9895-d8934cce8353,49.283052,-123.134608,2,FALSE,FALSE,10268,NA,1783242979,2026-07-05T09:16:56Z,2026-07-05T09:16:56Z,2026-07-05T09:16:56Z,2.2,https://data.lime.bike/api/partners/v2/gbfs/vancouver_bc/gbfs.json,https://data.lime.bike/api/partners/v2/gbfs/vancouver_bc/free_bike_status,2026-07-05T09:16:54Z,2026-07-05T09:16:54Z
lime_vancouver,lime_vancouver_aad8ab0d-2b27-445e-9351-63daaa171aea,aad8ab0d-2b27-445e-9351-63daaa171aea,49.239974,-123.074124,2,FALSE,FALSE,6582,NA,1783242979,2026-07-05T09:16:56Z,2026-07-05T09:16:56Z,2026-07-05T09:16:56Z,2.2,https://data.lime.bike/api/partners/v2/gbfs/vancouver_bc/gbfs.json,https://data.lime.bike/api/partners/v2/gbfs/vancouver_bc/free_bike_status,2026-07-05T09:16:54Z,2026-07-05T09:16:54Z
lime_vancouver,lime_vancouver_a15d3918-1000-49fa-8ebd-ad8f7b644553,a15d3918-1000-49fa-8ebd-ad8f7b644553,49.285207,-123.139148,2,FALSE,FALSE,46558,NA,1783242979,2026-07-05T09:16:56Z,2026-07-05T09:16:56Z,2026-07-05T09:16:56Z,2.2,https://data.lime.bike/api/partners/v2/gbfs/vancouver_bc/gbfs.json,https://data.lime.bike/api/partners/v2/gbfs/vancouver_bc/free_bike_status,2026-07-05T09:16:54Z,2026-07-05T09:16:54Z
lime_vancouver,lime_vancouver_a2f079f0-eba8-4e81-bd40-267f6f5254a4,a2f079f0-eba8-4e81-bd40-267f6f5254a4,49.264968,-123.117231,2,FALSE,FALSE,8417,NA,1783242979,2026-07-05T09:16:56Z,2026-07-05T09:16:56Z,2026-07-05T09:16:56Z,2.2,https://data.lime.bike/api/partners/v2/gbfs/vancouver_bc/gbfs.json,https://data.lime.bike/api/partners/v2/gbfs/vancouver_bc/free_bike_status,2026-07-05T09:16:54Z,2026-07-05T09:16:54Z
lime_vancouver,lime_vancouver_04edcb6d-6bf8-4c89-9e77-6a6db4353667,04edcb6d-6bf8-4c89-9e77-6a6db4353667,49.264178,-123.075318,2,FALSE,FALSE,10268,NA,1783242979,2026-07-05T09:16:56Z,2026-07-05T09:16:56Z,2026-07-05T09:16:56Z,2.2,https://data.lime.bike/api/partners/v2/gbfs/vancouver_bc/gbfs.json,https://data.lime.bike/api/partners/v2/gbfs/vancouver_bc/free_bike_status,2026-07-05T09:16:54Z,2026-07-05T09:16:54Z
lime_vancouver,lime_vancouver_6d612629-f61b-4698-aed1-b34cb9d78c5a,6d612629-f61b-4698-aed1-b34cb9d78c5a,49.285274,-123.139151,2,FALSE,FALSE,47073,NA,1783242979,2026-07-05T09:16:56Z,2026-07-05T09:16:56Z,2026-07-05T09:16:56Z,2.2,https://data.lime.bike/api/partners/v2/gbfs/vancouver_bc/gbfs.json,https://data.lime.bike/api/partners/v2/gbfs/vancouver_bc/free_bike_status,2026-07-05T09:16:54Z,2026-07-05T09:16:54Z
lime_vancouver,lime_vancouver_264640fd-0928-41d4-885d-fd66754ee313,264640fd-0928-41d4-885d-fd66754ee313,49.287826,-123.142026,2,FALSE,FALSE,10734,NA,1783242979,2026-07-05T09:16:56Z,2026-07-05T09:16:56Z,2026-07-05T09:16:56Z,2.2,https://data.lime.bike/api/partners/v2/gbfs/vancouver_bc/gbfs.json,https://data.lime.bike/api/partners/v2/gbfs/vancouver_bc/free_bike_status,2026-07-05T09:16:54Z,2026-07-05T09:16:54Z
lime_vancouver,lime_vancouver_a2ada62a-33fe-4429-8473-65929933dce0,a2ada62a-33fe-4429-8473-65929933dce0,49.26227,-123.105063,2,FALSE,FALSE,11201,NA,1783242979,2026-07-05T09:16:56Z,2026-07-05T09:16:56Z,2026-07-05T09:16:56Z,2.2,https://data.lime.bike/api/partners/v2/gbfs/vancouver_bc/gbfs.json,https://data.lime.bike/api/partners/v2/gbfs/vancouver_bc/free_bike_status,2026-07-05T09:16:54Z,2026-07-05T09:16:54Z
lime_vancouver,lime_vancouver_0dbf4252-d71a-42ea-a41a-8d41bfbf06be,0dbf4252-d71a-42ea-a41a-8d41bfbf06be,49.277441,-123.091365,2,FALSE,FALSE,4796,NA,1783242979,2026-07-05T09:16:56Z,2026-07-05T09:16:56Z,2026-07-05T09:16:56Z,2.2,https://data.lime.bike/api/partners/v2/gbfs/vancouver_bc/gbfs.json,https://data.lime.bike/api/partners/v2/gbfs/vancouver_bc/free_bike_status,2026-07-05T09:16:54Z,2026-07-05T09:16:54Z
lime_vancouver,lime_vancouver_312308fc-5e6f-45cf-a0cc-4f4e5a9d44a8,312308fc-5e6f-45cf-a0cc-4f4e5a9d44a8,49.265289,-123.089318,2,FALSE,FALSE,46558,NA,1783242979,2026-07-05T09:16:56Z,2026-07-05T09:16:56Z,2026-07-05T09:16:56Z,2.2,https://data.lime.bike/api/partners/v2/gbfs/vancouver_bc/gbfs.json,https://data.lime.bike/api/partners/v2/gbfs/vancouver_bc/free_bike_status,2026-07-05T09:16:54Z,2026-07-05T09:16:54Z
lime_vancouver,lime_vancouver_9d925d00-9413-4f0a-8f65-ae7be3d3be87,9d925d00-9413-4f0a-8f65-ae7be3d3be87,49.263705,-123.157607,2,FALSE,FALSE,8884,NA,1783242979,2026-07-05T09:16:56Z,2026-07-05T09:16:56Z,2026-07-05T09:16:56Z,2.2,https://data.lime.bike/api/partners/v2/gbfs/vancouver_bc/gbfs.json,https://data.lime.bike/api/partners/v2/gbfs/vancouver_bc/free_bike_status,2026-07-05T09:16:54Z,2026-07-05T09:16:54Z
lime_vancouver,lime_vancouver_5ebb6c97-b777-4ee1-b698-821498cc3b42,5ebb6c97-b777-4ee1-b698-821498cc3b42,49.254644,-123.049683,2,FALSE,FALSE,8417,NA,1783242979,2026-07-05T09:16:56Z,2026-07-05T09:16:56Z,2026-07-05T09:16:56Z,2.2,https://data.lime.bike/api/partners/v2/gbfs/vancouver_bc/gbfs.json,https://data.lime.bike/api/partners/v2/gbfs/vancouver_bc/free_bike_status,2026-07-05T09:16:54Z,2026-07-05T09:16:54Z
lime_vancouver,lime_vancouver_da30f756-4753-4326-8208-9fcb2ef749b7,da30f756-4753-4326-8208-9fcb2ef749b7,49.262701,-123.146195,2,FALSE,FALSE,36741,NA,1783242979,2026-07-05T09:16:56Z,2026-07-05T09:16:56Z,2026-07-05T09:16:56Z,2.2,https://data.lime.bike/api/partners/v2/gbfs/vancouver_bc/gbfs.json,https://data.lime.bike/api/partners/v2/gbfs/vancouver_bc/free_bike_status,2026-07-05T09:16:54Z,2026-07-05T09:16:54Z
lime_vancouver,lime_vancouver_4825256b-10fe-410e-bf29-e08c9b04ac92,4825256b-10fe-410e-bf29-e08c9b04ac92,49.275131,-123.132979,2,FALSE,FALSE,4796,NA,1783242979,2026-07-05T09:16:56Z,2026-07-05T09:16:56Z,2026-07-05T09:16:56Z,2.2,https://data.lime.bike/api/partners/v2/gbfs/vancouver_bc/gbfs.json,https://data.lime.bike/api/partners/v2/gbfs/vancouver_bc/free_bike_status,2026-07-05T09:16:54Z,2026-07-05T09:16:54Z
lime_vancouver,lime_vancouver_86603474-f375-481b-b10a-10231be41883,86603474-f375-481b-b10a-10231be41883,49.263223000000004,-123.089231,2,FALSE,FALSE,9801,NA,1783242979,2026-07-05T09:16:56Z,2026-07-05T09:16:56Z,2026-07-05T09:16:56Z,2.2,https://data.lime.bike/api/partners/v2/gbfs/vancouver_bc/gbfs.json,https://data.lime.bike/api/partners/v2/gbfs/vancouver_bc/free_bike_status,2026-07-05T09:16:54Z,2026-07-05T09:16:54Z
lime_vancouver,lime_vancouver_dae9e51b-d5df-4502-8767-d3b8207de459,dae9e51b-d5df-4502-8767-d3b8207de459,49.254068,-123.083641,2,FALSE,FALSE,11201,NA,1783242979,2026-07-05T09:16:56Z,2026-07-05T09:16:56Z,2026-07-05T09:16:56Z,2.2,https://data.lime.bike/api/partners/v2/gbfs/vancouver_bc/gbfs.json,https://data.lime.bike/api/partners/v2/gbfs/vancouver_bc/free_bike_status,2026-07-05T09:16:54Z,2026-07-05T09:16:54Z
lime_vancouver,lime_vancouver_8ad19eef-e227-4fa8-9a81-cb9179acff6c,8ad19eef-e227-4fa8-9a81-cb9179acff6c,49.273188,-123.128342,2,FALSE,FALSE,5697,NA,1783242979,2026-07-05T09:16:56Z,2026-07-05T09:16:56Z,2026-07-05T09:16:56Z,2.2,https://data.lime.bike/api/partners/v2/gbfs/vancouver_bc/gbfs.json,https://data.lime.bike/api/partners/v2/gbfs/vancouver_bc/free_bike_status,2026-07-05T09:16:54Z,2026-07-05T09:16:54Z
lime_vancouver,lime_vancouver_49d2378f-7f59-42d6-9c85-06361d3c8b25,49d2378f-7f59-42d6-9c85-06361d3c8b25,49.280839,-123.084874,2,FALSE,FALSE,3492,NA,1783242979,2026-07-05T09:16:56Z,2026-07-05T09:16:56Z,2026-07-05T09:16:56Z,2.2,https://data.lime.bike/api/partners/v2/gbfs/vancouver_bc/gbfs.json,https://data.lime.bike/api/partners/v2/gbfs/vancouver_bc/free_bike_status,2026-07-05T09:16:54Z,2026-07-05T09:16:54Z
lime_vancouver,lime_vancouver_5a32d7aa-230b-47f8-967b-39d43b83fcba,5a32d7aa-230b-47f8-967b-39d43b83fcba,49.251637,-123.072215,2,FALSE,FALSE,16399,NA,1783242979,2026-07-05T09:16:56Z,2026-07-05T09:16:56Z,2026-07-05T09:16:56Z,2.2,https://data.lime.bike/api/partners/v2/gbfs/vancouver_bc/gbfs.json,https://data.lime.bike/api/partners/v2/gbfs/vancouver_bc/free_bike_status,2026-07-05T09:16:54Z,2026-07-05T09:16:54Z
lime_vancouver,lime_vancouver_c1f21cca-5cf4-47bc-a394-a9873717da9a,c1f21cca-5cf4-47bc-a394-a9873717da9a,49.264949,-123.164874,2,FALSE,FALSE,37787,NA,1783242979,2026-07-05T09:16:56Z,2026-07-05T09:16:56Z,2026-07-05T09:16:56Z,2.2,https://data.lime.bike/api/partners/v2/gbfs/vancouver_bc/gbfs.json,https://data.lime.bike/api/partners/v2/gbfs/vancouver_bc/free_bike_status,2026-07-05T09:16:54Z,2026-07-05T09:16:54Z
lime_vancouver,lime_vancouver_25508649-3913-4dfd-a7af-5e25c4813a6f,25508649-3913-4dfd-a7af-5e25c4813a6f,49.289839,-123.124311,2,FALSE,FALSE,4796,NA,1783242979,2026-07-05T09:16:56Z,2026-07-05T09:16:56Z,2026-07-05T09:16:56Z,2.2,https://data.lime.bike/api/partners/v2/gbfs/vancouver_bc/gbfs.json,https://data.lime.bike/api/partners/v2/gbfs/vancouver_bc/free_bike_status,2026-07-05T09:16:54Z,2026-07-05T09:16:54Z
lime_vancouver,lime_vancouver_964103b3-0df5-4eaa-834c-23063f540ef4,964103b3-0df5-4eaa-834c-23063f540ef4,49.268044,-123.109519,2,FALSE,FALSE,36226,NA,1783242979,2026-07-05T09:16:56Z,2026-07-05T09:16:56Z,2026-07-05T09:16:56Z,2.2,https://data.lime.bike/api/partners/v2/gbfs/vancouver_bc/gbfs.json,https://data.lime.bike/api/partners/v2/gbfs/vancouver_bc/free_bike_status,2026-07-05T09:16:54Z,2026-07-05T09:16:54Z
lime_vancouver,lime_vancouver_a0ea91a6-d581-492c-9684-ac26ce056f04,a0ea91a6-d581-492c-9684-ac26ce056f04,49.246253,-123.033479,2,FALSE,FALSE,45528,NA,1783242979,2026-07-05T09:16:56Z,2026-07-05T09:16:56Z,2026-07-05T09:16:56Z,2.2,https://data.lime.bike/api/partners/v2/gbfs/vancouver_bc/gbfs.json,https://data.lime.bike/api/partners/v2/gbfs/vancouver_bc/free_bike_status,2026-07-05T09:16:54Z,2026-07-05T09:16:54Z
lime_vancouver,lime_vancouver_28076491-d367-4a4b-b921-ef7f40df9f48,28076491-d367-4a4b-b921-ef7f40df9f48,49.262516,-123.119756,2,FALSE,FALSE,19763,NA,1783242979,2026-07-05T09:16:56Z,2026-07-05T09:16:56Z,2026-07-05T09:16:56Z,2.2,https://data.lime.bike/api/partners/v2/gbfs/vancouver_bc/gbfs.json,https://data.lime.bike/api/partners/v2/gbfs/vancouver_bc/free_bike_status,2026-07-05T09:16:54Z,2026-07-05T09:16:54Z
lime_vancouver,lime_vancouver_56b96c6e-29eb-41cd-839b-866c0691393e,56b96c6e-29eb-41cd-839b-866c0691393e,49.262252,-123.04966,2,FALSE,FALSE,21211,NA,1783242979,2026-07-05T09:16:56Z,2026-07-05T09:16:56Z,2026-07-05T09:16:56Z,2.2,https://data.lime.bike/api/partners/v2/gbfs/vancouver_bc/gbfs.json,https://data.lime.bike/api/partners/v2/gbfs/vancouver_bc/free_bike_status,2026-07-05T09:16:54Z,2026-07-05T09:16:54Z
lime_vancouver,lime_vancouver_950a8bf1-87ac-4d1c-825d-deee46c92088,950a8bf1-87ac-4d1c-825d-deee46c92088,49.281495,-123.049426,2,FALSE,FALSE,23641,NA,1783242979,2026-07-05T09:16:56Z,2026-07-05T09:16:56Z,2026-07-05T09:16:56Z,2.2,https://data.lime.bike/api/partners/v2/gbfs/vancouver_bc/gbfs.json,https://data.lime.bike/api/partners/v2/gbfs/vancouver_bc/free_bike_status,2026-07-05T09:16:54Z,2026-07-05T09:16:54Z
lime_vancouver,lime_vancouver_0d3ce750-2bd3-4f14-b7a6-f3fbd46b41a3,0d3ce750-2bd3-4f14-b7a6-f3fbd46b41a3,49.264975,-123.164916,2,FALSE,FALSE,26602,NA,1783242979,2026-07-05T09:16:56Z,2026-07-05T09:16:56Z,2026-07-05T09:16:56Z,2.2,https://data.lime.bike/api/partners/v2/gbfs/vancouver_bc/gbfs.json,https://data.lime.bike/api/partners/v2/gbfs/vancouver_bc/free_bike_status,2026-07-05T09:16:54Z,2026-07-05T09:16:54Z
lime_vancouver,lime_vancouver_c604e974-aa04-4ed0-8df1-32aec326a86b,c604e974-aa04-4ed0-8df1-32aec326a86b,49.238573,-123.05168,2,FALSE,FALSE,13084,NA,1783242979,2026-07-05T09:16:56Z,2026-07-05T09:16:56Z,2026-07-05T09:16:56Z,2.2,https://data.lime.bike/api/partners/v2/gbfs/vancouver_bc/gbfs.json,https://data.lime.bike/api/partners/v2/gbfs/vancouver_bc/free_bike_status,2026-07-05T09:16:54Z,2026-07-05T09:16:54Z
lime_vancouver,lime_vancouver_fda7c776-e0d5-496e-915e-023f1f49b72e,fda7c776-e0d5-496e-915e-023f1f49b72e,49.28151,-123.058076,2,FALSE,FALSE,29612,NA,1783242979,2026-07-05T09:16:56Z,2026-07-05T09:16:56Z,2026-07-05T09:16:56Z,2.2,https://data.lime.bike/api/partners/v2/gbfs/vancouver_bc/gbfs.json,https://data.lime.bike/api/partners/v2/gbfs/vancouver_bc/free_bike_status,2026-07-05T09:16:54Z,2026-07-05T09:16:54Z
lime_vancouver,lime_vancouver_cead84dc-783a-45d1-a80b-5ead6c3b0a4f,cead84dc-783a-45d1-a80b-5ead6c3b0a4f,49.238582,-123.051768,2,FALSE,FALSE,7500,NA,1783242979,2026-07-05T09:16:56Z,2026-07-05T09:16:56Z,2026-07-05T09:16:56Z,2.2,https://data.lime.bike/api/partners/v2/gbfs/vancouver_bc/gbfs.json,https://data.lime.bike/api/partners/v2/gbfs/vancouver_bc/free_bike_status,2026-07-05T09:16:54Z,2026-07-05T09:16:54Z
lime_vancouver,lime_vancouver_8768c975-fe58-420f-9d05-a93d21637ec1,8768c975-fe58-420f-9d05-a93d21637ec1,49.257777,-123.073404,2,FALSE,FALSE,45528,NA,1783242979,2026-07-05T09:16:56Z,2026-07-05T09:16:56Z,2026-07-05T09:16:56Z,2.2,https://data.lime.bike/api/partners/v2/gbfs/vancouver_bc/gbfs.json,https://data.lime.bike/api/partners/v2/gbfs/vancouver_bc/free_bike_status,2026-07-05T09:16:54Z,2026-07-05T09:16:54Z
lime_vancouver,lime_vancouver_ea1733e8-4627-462d-a279-b6a9ee773066,ea1733e8-4627-462d-a279-b6a9ee773066,49.283142,-123.106671,2,FALSE,FALSE,4361,NA,1783242979,2026-07-05T09:16:56Z,2026-07-05T09:16:56Z,2026-07-05T09:16:56Z,2.2,https://data.lime.bike/api/partners/v2/gbfs/vancouver_bc/gbfs.json,https://data.lime.bike/api/partners/v2/gbfs/vancouver_bc/free_bike_status,2026-07-05T09:16:54Z,2026-07-05T09:16:54Z
lime_vancouver,lime_vancouver_d558ec67-76e9-4465-a462-073ddf8a0cb5,d558ec67-76e9-4465-a462-073ddf8a0cb5,49.26672,-123.115642,2,FALSE,FALSE,26104,NA,1783242979,2026-07-05T09:16:56Z,2026-07-05T09:16:56Z,2026-07-05T09:16:56Z,2.2,https://data.lime.bike/api/partners/v2/gbfs/vancouver_bc/gbfs.json,https://data.lime.bike/api/partners/v2/gbfs/vancouver_bc/free_bike_status,2026-07-05T09:16:54Z,2026-07-05T09:16:54Z
lime_vancouver,lime_vancouver_a23a7b7e-a64e-48f6-a03d-1e6bd5e78aaf,a23a7b7e-a64e-48f6-a03d-1e6bd5e78aaf,49.288568,-123.133122,2,FALSE,FALSE,5246,NA,1783242979,2026-07-05T09:16:56Z,2026-07-05T09:16:56Z,2026-07-05T09:16:56Z,2.2,https://data.lime.bike/api/partners/v2/gbfs/vancouver_bc/gbfs.json,https://data.lime.bike/api/partners/v2/gbfs/vancouver_bc/free_bike_status,2026-07-05T09:16:54Z,2026-07-05T09:16:54Z
lime_vancouver,lime_vancouver_e08344a9-b7a7-43da-92e8-95e700deff72,e08344a9-b7a7-43da-92e8-95e700deff72,49.262691,-123.139309,2,FALSE,FALSE,37787,NA,1783242979,2026-07-05T09:16:56Z,2026-07-05T09:16:56Z,2026-07-05T09:16:56Z,2.2,https://data.lime.bike/api/partners/v2/gbfs/vancouver_bc/gbfs.json,https://data.lime.bike/api/partners/v2/gbfs/vancouver_bc/free_bike_status,2026-07-05T09:16:54Z,2026-07-05T09:16:54Z
lime_vancouver,lime_vancouver_42f51fe2-a2a2-4c7a-957c-9c5e7caf30f0,42f51fe2-a2a2-4c7a-957c-9c5e7caf30f0,49.262115,-123.102145,2,FALSE,FALSE,12134,NA,1783242979,2026-07-05T09:16:56Z,2026-07-05T09:16:56Z,2026-07-05T09:16:56Z,2.2,https://data.lime.bike/api/partners/v2/gbfs/vancouver_bc/gbfs.json,https://data.lime.bike/api/partners/v2/gbfs/vancouver_bc/free_bike_status,2026-07-05T09:16:54Z,2026-07-05T09:16:54Z
lime_vancouver,lime_vancouver_60a4a0bf-4fe9-41e1-a253-2de8efb3c680,60a4a0bf-4fe9-41e1-a253-2de8efb3c680,49.263645,-123.131341,2,FALSE,FALSE,41425,NA,1783242979,2026-07-05T09:16:56Z,2026-07-05T09:16:56Z,2026-07-05T09:16:56Z,2.2,https://data.lime.bike/api/partners/v2/gbfs/vancouver_bc/gbfs.json,https://data.lime.bike/api/partners/v2/gbfs/vancouver_bc/free_bike_status,2026-07-05T09:16:54Z,2026-07-05T09:16:54Z
lime_vancouver,lime_vancouver_b1e9d529-103c-4580-ba09-fd7c57008095,b1e9d529-103c-4580-ba09-fd7c57008095,49.262697,-123.139239,2,FALSE,FALSE,32139,NA,1783242979,2026-07-05T09:16:56Z,2026-07-05T09:16:56Z,2026-07-05T09:16:56Z,2.2,https://data.lime.bike/api/partners/v2/gbfs/vancouver_bc/gbfs.json,https://data.lime.bike/api/partners/v2/gbfs/vancouver_bc/free_bike_status,2026-07-05T09:16:54Z,2026-07-05T09:16:54Z
lime_vancouver,lime_vancouver_8c6fe320-8ba2-413c-9b24-93796f3dad5b,8c6fe320-8ba2-413c-9b24-93796f3dad5b,49.256504,-123.034116,2,FALSE,FALSE,32637,NA,1783242979,2026-07-05T09:16:56Z,2026-07-05T09:16:56Z,2026-07-05T09:16:56Z,2.2,https://data.lime.bike/api/partners/v2/gbfs/vancouver_bc/gbfs.json,https://data.lime.bike/api/partners/v2/gbfs/vancouver_bc/free_bike_status,2026-07-05T09:16:54Z,2026-07-05T09:16:54Z
lime_vancouver,lime_vancouver_2818301c-ffb1-4424-bd6e-4ea3bac5c51f,2818301c-ffb1-4424-bd6e-4ea3bac5c51f,49.266019,-123.098847,2,FALSE,FALSE,4796,NA,1783242979,2026-07-05T09:16:56Z,2026-07-05T09:16:56Z,2026-07-05T09:16:56Z,2.2,https://data.lime.bike/api/partners/v2/gbfs/vancouver_bc/gbfs.json,https://data.lime.bike/api/partners/v2/gbfs/vancouver_bc/free_bike_status,2026-07-05T09:16:54Z,2026-07-05T09:16:54Z
lime_vancouver,lime_vancouver_89c90721-70b1-4971-9d75-bad2449c8fd6,89c90721-70b1-4971-9d75-bad2449c8fd6,49.25988,-123.083346,2,FALSE,FALSE,28099,NA,1783242979,2026-07-05T09:16:56Z,2026-07-05T09:16:56Z,2026-07-05T09:16:56Z,2.2,https://data.lime.bike/api/partners/v2/gbfs/vancouver_bc/gbfs.json,https://data.lime.bike/api/partners/v2/gbfs/vancouver_bc/free_bike_status,2026-07-05T09:16:54Z,2026-07-05T09:16:54Z
lime_vancouver,lime_vancouver_dfd953be-2201-44e1-a825-19404e810cf3,dfd953be-2201-44e1-a825-19404e810cf3,49.266159,-123.098763,2,FALSE,FALSE,6582,NA,1783242979,2026-07-05T09:16:56Z,2026-07-05T09:16:56Z,2026-07-05T09:16:56Z,2.2,https://data.lime.bike/api/partners/v2/gbfs/vancouver_bc/gbfs.json,https://data.lime.bike/api/partners/v2/gbfs/vancouver_bc/free_bike_status,2026-07-05T09:16:54Z,2026-07-05T09:16:54Z
lime_vancouver,lime_vancouver_5a04dee5-c4b3-40bd-a548-6ef28f631f20,5a04dee5-c4b3-40bd-a548-6ef28f631f20,49.263716,-123.157632,2,FALSE,FALSE,26104,NA,1783242979,2026-07-05T09:16:56Z,2026-07-05T09:16:56Z,2026-07-05T09:16:56Z,2.2,https://data.lime.bike/api/partners/v2/gbfs/vancouver_bc/gbfs.json,https://data.lime.bike/api/partners/v2/gbfs/vancouver_bc/free_bike_status,2026-07-05T09:16:54Z,2026-07-05T09:16:54Z
lime_vancouver,lime_vancouver_9d739c95-bd81-4188-89ff-df7b3c901047,9d739c95-bd81-4188-89ff-df7b3c901047,49.272285,-123.034198,2,FALSE,FALSE,12601,NA,1783242979,2026-07-05T09:16:56Z,2026-07-05T09:16:56Z,2026-07-05T09:16:56Z,2.2,https://data.lime.bike/api/partners/v2/gbfs/vancouver_bc/gbfs.json,https://data.lime.bike/api/partners/v2/gbfs/vancouver_bc/free_bike_status,2026-07-05T09:16:54Z,2026-07-05T09:16:54Z
lime_vancouver,lime_vancouver_14f46029-8155-4a0d-a150-6d84090ea8c3,14f46029-8155-4a0d-a150-6d84090ea8c3,49.254071,-123.083624,2,FALSE,FALSE,32139,NA,1783242979,2026-07-05T09:16:56Z,2026-07-05T09:16:56Z,2026-07-05T09:16:56Z,2.2,https://data.lime.bike/api/partners/v2/gbfs/vancouver_bc/gbfs.json,https://data.lime.bike/api/partners/v2/gbfs/vancouver_bc/free_bike_status,2026-07-05T09:16:54Z,2026-07-05T09:16:54Z
lime_vancouver,lime_vancouver_1c08c447-fdfd-435d-ac6c-2ffc5a95b8e3,1c08c447-fdfd-435d-ac6c-2ffc5a95b8e3,49.2809,-123.089444,2,FALSE,FALSE,24124,NA,1783242979,2026-07-05T09:16:56Z,2026-07-05T09:16:56Z,2026-07-05T09:16:56Z,2.2,https://data.lime.bike/api/partners/v2/gbfs/vancouver_bc/gbfs.json,https://data.lime.bike/api/partners/v2/gbfs/vancouver_bc/free_bike_status,2026-07-05T09:16:54Z,2026-07-05T09:16:54Z
lime_vancouver,lime_vancouver_6bed2be3-7418-4645-8cae-b2d6388b01e7,6bed2be3-7418-4645-8cae-b2d6388b01e7,49.254178,-123.039136,2,FALSE,FALSE,22177,NA,1783242979,2026-07-05T09:16:56Z,2026-07-05T09:16:56Z,2026-07-05T09:16:56Z,2.2,https://data.lime.bike/api/partners/v2/gbfs/vancouver_bc/gbfs.json,https://data.lime.bike/api/partners/v2/gbfs/vancouver_bc/free_bike_status,2026-07-05T09:16:54Z,2026-07-05T09:16:54Z
lime_vancouver,lime_vancouver_1b0d61a7-8bae-42a6-ae7c-a1976eaa8de0,1b0d61a7-8bae-42a6-ae7c-a1976eaa8de0,49.262583,-123.119948,2,FALSE,FALSE,34166,NA,1783242979,2026-07-05T09:16:56Z,2026-07-05T09:16:56Z,2026-07-05T09:16:56Z,2.2,https://data.lime.bike/api/partners/v2/gbfs/vancouver_bc/gbfs.json,https://data.lime.bike/api/partners/v2/gbfs/vancouver_bc/free_bike_status,2026-07-05T09:16:54Z,2026-07-05T09:16:54Z
lime_vancouver,lime_vancouver_0e896a5d-64ce-4bff-a355-c5d319505791,0e896a5d-64ce-4bff-a355-c5d319505791,49.232917,-123.074224,2,FALSE,FALSE,32139,NA,1783242979,2026-07-05T09:16:56Z,2026-07-05T09:16:56Z,2026-07-05T09:16:56Z,2.2,https://data.lime.bike/api/partners/v2/gbfs/vancouver_bc/gbfs.json,https://data.lime.bike/api/partners/v2/gbfs/vancouver_bc/free_bike_status,2026-07-05T09:16:54Z,2026-07-05T09:16:54Z
lime_vancouver,lime_vancouver_72da64e7-8d6d-43da-b490-a2977a22ee12,72da64e7-8d6d-43da-b490-a2977a22ee12,49.277591,-123.073169,2,FALSE,FALSE,32139,NA,1783242979,2026-07-05T09:16:56Z,2026-07-05T09:16:56Z,2026-07-05T09:16:56Z,2.2,https://data.lime.bike/api/partners/v2/gbfs/vancouver_bc/gbfs.json,https://data.lime.bike/api/partners/v2/gbfs/vancouver_bc/free_bike_status,2026-07-05T09:16:54Z,2026-07-05T09:16:54Z
lime_vancouver,lime_vancouver_d4af3dac-51d7-46e7-8031-2c491b11aab3,d4af3dac-51d7-46e7-8031-2c491b11aab3,49.282849,-123.134615,2,FALSE,FALSE,4796,NA,1783242979,2026-07-05T09:16:56Z,2026-07-05T09:16:56Z,2026-07-05T09:16:56Z,2.2,https://data.lime.bike/api/partners/v2/gbfs/vancouver_bc/gbfs.json,https://data.lime.bike/api/partners/v2/gbfs/vancouver_bc/free_bike_status,2026-07-05T09:16:54Z,2026-07-05T09:16:54Z
lime_vancouver,lime_vancouver_204cd0a8-6524-4125-b22a-eea034d50542,204cd0a8-6524-4125-b22a-eea034d50542,49.262267,-123.105036,2,FALSE,FALSE,41940,NA,1783242979,2026-07-05T09:16:56Z,2026-07-05T09:16:56Z,2026-07-05T09:16:56Z,2.2,https://data.lime.bike/api/partners/v2/gbfs/vancouver_bc/gbfs.json,https://data.lime.bike/api/partners/v2/gbfs/vancouver_bc/free_bike_status,2026-07-05T09:16:54Z,2026-07-05T09:16:54Z
lime_vancouver,lime_vancouver_deef05c3-83d1-406a-a8bd-0d4847f877fa,deef05c3-83d1-406a-a8bd-0d4847f877fa,49.263623,-123.131319,2,FALSE,FALSE,22660,NA,1783242979,2026-07-05T09:16:56Z,2026-07-05T09:16:56Z,2026-07-05T09:16:56Z,2.2,https://data.lime.bike/api/partners/v2/gbfs/vancouver_bc/gbfs.json,https://data.lime.bike/api/partners/v2/gbfs/vancouver_bc/free_bike_status,2026-07-05T09:16:54Z,2026-07-05T09:16:54Z
lime_vancouver,lime_vancouver_26f713bc-a2c3-4c91-957e-9eb68e09efd8,26f713bc-a2c3-4c91-957e-9eb68e09efd8,49.240776,-123.037983,2,FALSE,FALSE,45013,NA,1783242979,2026-07-05T09:16:56Z,2026-07-05T09:16:56Z,2026-07-05T09:16:56Z,2.2,https://data.lime.bike/api/partners/v2/gbfs/vancouver_bc/gbfs.json,https://data.lime.bike/api/partners/v2/gbfs/vancouver_bc/free_bike_status,2026-07-05T09:16:54Z,2026-07-05T09:16:54Z
lime_vancouver,lime_vancouver_725a9584-603c-47ac-9e2f-0c1c6886c32b,725a9584-603c-47ac-9e2f-0c1c6886c32b,49.261566,-123.08819,2,FALSE,FALSE,30111,NA,1783242979,2026-07-05T09:16:56Z,2026-07-05T09:16:56Z,2026-07-05T09:16:56Z,2.2,https://data.lime.bike/api/partners/v2/gbfs/vancouver_bc/gbfs.json,https://data.lime.bike/api/partners/v2/gbfs/vancouver_bc/free_bike_status,2026-07-05T09:16:54Z,2026-07-05T09:16:54Z
lime_vancouver,lime_vancouver_779f2ad4-f0b8-461b-ba58-6648b6a4bae9,779f2ad4-f0b8-461b-ba58-6648b6a4bae9,49.280928,-123.134244,2,FALSE,FALSE,19763,NA,1783242979,2026-07-05T09:16:56Z,2026-07-05T09:16:56Z,2026-07-05T09:16:56Z,2.2,https://data.lime.bike/api/partners/v2/gbfs/vancouver_bc/gbfs.json,https://data.lime.bike/api/partners/v2/gbfs/vancouver_bc/free_bike_status,2026-07-05T09:16:54Z,2026-07-05T09:16:54Z
lime_vancouver,lime_vancouver_6b865735-7b70-491e-bfd8-4a6068b4b93f,6b865735-7b70-491e-bfd8-4a6068b4b93f,49.262743,-123.155377,2,FALSE,FALSE,26104,NA,1783242979,2026-07-05T09:16:56Z,2026-07-05T09:16:56Z,2026-07-05T09:16:56Z,2.2,https://data.lime.bike/api/partners/v2/gbfs/vancouver_bc/gbfs.json,https://data.lime.bike/api/partners/v2/gbfs/vancouver_bc/free_bike_status,2026-07-05T09:16:54Z,2026-07-05T09:16:54Z
lime_vancouver,lime_vancouver_4e326407-c1a0-4d79-a268-bfb72fb0e396,4e326407-c1a0-4d79-a268-bfb72fb0e396,49.263685,-123.157623,2,FALSE,FALSE,3492,NA,1783242979,2026-07-05T09:16:56Z,2026-07-05T09:16:56Z,2026-07-05T09:16:56Z,2.2,https://data.lime.bike/api/partners/v2/gbfs/vancouver_bc/gbfs.json,https://data.lime.bike/api/partners/v2/gbfs/vancouver_bc/free_bike_status,2026-07-05T09:16:54Z,2026-07-05T09:16:54Z
lime_vancouver,lime_vancouver_50dea89d-d542-44f9-b82f-bb9a2fc16c74,50dea89d-d542-44f9-b82f-bb9a2fc16c74,49.263367,-123.061939,2,FALSE,FALSE,42454,NA,1783242979,2026-07-05T09:16:56Z,2026-07-05T09:16:56Z,2026-07-05T09:16:56Z,2.2,https://data.lime.bike/api/partners/v2/gbfs/vancouver_bc/gbfs.json,https://data.lime.bike/api/partners/v2/gbfs/vancouver_bc/free_bike_status,2026-07-05T09:16:54Z,2026-07-05T09:16:54Z
lime_vancouver,lime_vancouver_d9e506f9-57d3-4e9a-9bab-52f5c48f4397,d9e506f9-57d3-4e9a-9bab-52f5c48f4397,49.275945,-123.14564,2,FALSE,FALSE,17832,NA,1783242979,2026-07-05T09:16:56Z,2026-07-05T09:16:56Z,2026-07-05T09:16:56Z,2.2,https://data.lime.bike/api/partners/v2/gbfs/vancouver_bc/gbfs.json,https://data.lime.bike/api/partners/v2/gbfs/vancouver_bc/free_bike_status,2026-07-05T09:16:54Z,2026-07-05T09:16:54Z
lime_vancouver,lime_vancouver_e902cc0e-bc2e-4620-a2ad-0394ce846824,e902cc0e-bc2e-4620-a2ad-0394ce846824,49.269117,-123.150318,2,FALSE,FALSE,6132,NA,1783242979,2026-07-05T09:16:56Z,2026-07-05T09:16:56Z,2026-07-05T09:16:56Z,2.2,https://data.lime.bike/api/partners/v2/gbfs/vancouver_bc/gbfs.json,https://data.lime.bike/api/partners/v2/gbfs/vancouver_bc/free_bike_status,2026-07-05T09:16:54Z,2026-07-05T09:16:54Z
lime_vancouver,lime_vancouver_8e11ae8c-08db-4c42-afb1-5bfdbfe8a92c,8e11ae8c-08db-4c42-afb1-5bfdbfe8a92c,49.268976,-123.104623,2,FALSE,FALSE,4796,NA,1783242979,2026-07-05T09:16:56Z,2026-07-05T09:16:56Z,2026-07-05T09:16:56Z,2.2,https://data.lime.bike/api/partners/v2/gbfs/vancouver_bc/gbfs.json,https://data.lime.bike/api/partners/v2/gbfs/vancouver_bc/free_bike_status,2026-07-05T09:16:54Z,2026-07-05T09:16:54Z
lime_vancouver,lime_vancouver_86b7bba8-0925-469c-b1f2-edfe8275768b,86b7bba8-0925-469c-b1f2-edfe8275768b,49.267549,-123.036263,2,FALSE,FALSE,28598,NA,1783242979,2026-07-05T09:16:56Z,2026-07-05T09:16:56Z,2026-07-05T09:16:56Z,2.2,https://data.lime.bike/api/partners/v2/gbfs/vancouver_bc/gbfs.json,https://data.lime.bike/api/partners/v2/gbfs/vancouver_bc/free_bike_status,2026-07-05T09:16:54Z,2026-07-05T09:16:54Z
lime_vancouver,lime_vancouver_7e62847d-5e27-4e9b-b1c2-d6f77fb53cbf,7e62847d-5e27-4e9b-b1c2-d6f77fb53cbf,49.269841,-123.061841,2,FALSE,FALSE,16882,NA,1783242979,2026-07-05T09:16:56Z,2026-07-05T09:16:56Z,2026-07-05T09:16:56Z,2.2,https://data.lime.bike/api/partners/v2/gbfs/vancouver_bc/gbfs.json,https://data.lime.bike/api/partners/v2/gbfs/vancouver_bc/free_bike_status,2026-07-05T09:16:54Z,2026-07-05T09:16:54Z
lime_vancouver,lime_vancouver_89a5e5fd-8fa6-4d12-9fa2-ab3a944a09fa,89a5e5fd-8fa6-4d12-9fa2-ab3a944a09fa,49.265556,-123.143595,2,FALSE,FALSE,15450,NA,1783242979,2026-07-05T09:16:56Z,2026-07-05T09:16:56Z,2026-07-05T09:16:56Z,2.2,https://data.lime.bike/api/partners/v2/gbfs/vancouver_bc/gbfs.json,https://data.lime.bike/api/partners/v2/gbfs/vancouver_bc/free_bike_status,2026-07-05T09:16:54Z,2026-07-05T09:16:54Z
lime_vancouver,lime_vancouver_78600202-e142-413f-973e-8f3cd5026a22,78600202-e142-413f-973e-8f3cd5026a22,49.264976,-123.164958,2,FALSE,FALSE,38833,NA,1783242979,2026-07-05T09:16:56Z,2026-07-05T09:16:56Z,2026-07-05T09:16:56Z,2.2,https://data.lime.bike/api/partners/v2/gbfs/vancouver_bc/gbfs.json,https://data.lime.bike/api/partners/v2/gbfs/vancouver_bc/free_bike_status,2026-07-05T09:16:54Z,2026-07-05T09:16:54Z
lime_vancouver,lime_vancouver_80374338-f694-4122-a7da-bfcf69275877,80374338-f694-4122-a7da-bfcf69275877,49.262742,-123.13929,2,FALSE,FALSE,30610,NA,1783242979,2026-07-05T09:16:56Z,2026-07-05T09:16:56Z,2026-07-05T09:16:56Z,2.2,https://data.lime.bike/api/partners/v2/gbfs/vancouver_bc/gbfs.json,https://data.lime.bike/api/partners/v2/gbfs/vancouver_bc/free_bike_status,2026-07-05T09:16:54Z,2026-07-05T09:16:54Z
lime_vancouver,lime_vancouver_103d151d-0efa-4005-9b5d-b7e71ca3106f,103d151d-0efa-4005-9b5d-b7e71ca3106f,49.269718,-123.061845,2,FALSE,FALSE,22660,NA,1783242979,2026-07-05T09:16:56Z,2026-07-05T09:16:56Z,2026-07-05T09:16:56Z,2.2,https://data.lime.bike/api/partners/v2/gbfs/vancouver_bc/gbfs.json,https://data.lime.bike/api/partners/v2/gbfs/vancouver_bc/free_bike_status,2026-07-05T09:16:54Z,2026-07-05T09:16:54Z
lime_vancouver,lime_vancouver_c42d3b87-4886-4165-b50e-091b2e89caef,c42d3b87-4886-4165-b50e-091b2e89caef,49.237483,-123.03624,2,FALSE,FALSE,40910,NA,1783242979,2026-07-05T09:16:56Z,2026-07-05T09:16:56Z,2026-07-05T09:16:56Z,2.2,https://data.lime.bike/api/partners/v2/gbfs/vancouver_bc/gbfs.json,https://data.lime.bike/api/partners/v2/gbfs/vancouver_bc/free_bike_status,2026-07-05T09:16:54Z,2026-07-05T09:16:54Z
lime_vancouver,lime_vancouver_60fac62a-2760-4f2a-a9ce-9ea320e66ea2,60fac62a-2760-4f2a-a9ce-9ea320e66ea2,49.262259,-123.111254,2,FALSE,FALSE,17832,NA,1783242979,2026-07-05T09:16:56Z,2026-07-05T09:16:56Z,2026-07-05T09:16:56Z,2.2,https://data.lime.bike/api/partners/v2/gbfs/vancouver_bc/gbfs.json,https://data.lime.bike/api/partners/v2/gbfs/vancouver_bc/free_bike_status,2026-07-05T09:16:54Z,2026-07-05T09:16:54Z
lime_vancouver,lime_vancouver_3859ba8d-18d3-49d0-80f8-c8a71100ee31,3859ba8d-18d3-49d0-80f8-c8a71100ee31,49.260408,-123.07364,2,FALSE,FALSE,15916,NA,1783242979,2026-07-05T09:16:56Z,2026-07-05T09:16:56Z,2026-07-05T09:16:56Z,2.2,https://data.lime.bike/api/partners/v2/gbfs/vancouver_bc/gbfs.json,https://data.lime.bike/api/partners/v2/gbfs/vancouver_bc/free_bike_status,2026-07-05T09:16:54Z,2026-07-05T09:16:54Z
lime_vancouver,lime_vancouver_4bd0f76e-8620-4044-9227-0111f25fea51,4bd0f76e-8620-4044-9227-0111f25fea51,49.280137,-123.13173,2,FALSE,FALSE,3927,NA,1783242979,2026-07-05T09:16:56Z,2026-07-05T09:16:56Z,2026-07-05T09:16:56Z,2.2,https://data.lime.bike/api/partners/v2/gbfs/vancouver_bc/gbfs.json,https://data.lime.bike/api/partners/v2/gbfs/vancouver_bc/free_bike_status,2026-07-05T09:16:54Z,2026-07-05T09:16:54Z
lime_vancouver,lime_vancouver_a8cc0da4-57a3-48b5-8399-f5097c96c628,a8cc0da4-57a3-48b5-8399-f5097c96c628,49.288679,-123.133249,2,FALSE,FALSE,3927,NA,1783242979,2026-07-05T09:16:56Z,2026-07-05T09:16:56Z,2026-07-05T09:16:56Z,2.2,https://data.lime.bike/api/partners/v2/gbfs/vancouver_bc/gbfs.json,https://data.lime.bike/api/partners/v2/gbfs/vancouver_bc/free_bike_status,2026-07-05T09:16:54Z,2026-07-05T09:16:54Z
lime_vancouver,lime_vancouver_d57dcdfa-e7d6-4eff-97ff-9763a20f7d0e,d57dcdfa-e7d6-4eff-97ff-9763a20f7d0e,49.236883,-123.074438,2,FALSE,FALSE,18797,NA,1783242979,2026-07-05T09:16:56Z,2026-07-05T09:16:56Z,2026-07-05T09:16:56Z,2.2,https://data.lime.bike/api/partners/v2/gbfs/vancouver_bc/gbfs.json,https://data.lime.bike/api/partners/v2/gbfs/vancouver_bc/free_bike_status,2026-07-05T09:16:54Z,2026-07-05T09:16:54Z
lime_vancouver,lime_vancouver_5b1f0815-fa1a-4a0b-ab85-04f0082a1bdc,5b1f0815-fa1a-4a0b-ab85-04f0082a1bdc,49.265333,-123.136045,2,FALSE,FALSE,28099,NA,1783242979,2026-07-05T09:16:56Z,2026-07-05T09:16:56Z,2026-07-05T09:16:56Z,2.2,https://data.lime.bike/api/partners/v2/gbfs/vancouver_bc/gbfs.json,https://data.lime.bike/api/partners/v2/gbfs/vancouver_bc/free_bike_status,2026-07-05T09:16:54Z,2026-07-05T09:16:54Z
lime_vancouver,lime_vancouver_93f19307-435a-4309-a919-6af828639a3e,93f19307-435a-4309-a919-6af828639a3e,49.262361,-123.133651,2,FALSE,FALSE,34166,NA,1783242979,2026-07-05T09:16:56Z,2026-07-05T09:16:56Z,2026-07-05T09:16:56Z,2.2,https://data.lime.bike/api/partners/v2/gbfs/vancouver_bc/gbfs.json,https://data.lime.bike/api/partners/v2/gbfs/vancouver_bc/free_bike_status,2026-07-05T09:16:54Z,2026-07-05T09:16:54Z
lime_vancouver,lime_vancouver_210909de-f0d7-4a99-812b-3b530fb08319,210909de-f0d7-4a99-812b-3b530fb08319,49.25419,-123.08367200000001,2,FALSE,FALSE,5697,NA,1783242979,2026-07-05T09:16:56Z,2026-07-05T09:16:56Z,2026-07-05T09:16:56Z,2.2,https://data.lime.bike/api/partners/v2/gbfs/vancouver_bc/gbfs.json,https://data.lime.bike/api/partners/v2/gbfs/vancouver_bc/free_bike_status,2026-07-05T09:16:54Z,2026-07-05T09:16:54Z
lime_vancouver,lime_vancouver_edf05fde-2f92-4ed9-9e3e-7047970486c3,edf05fde-2f92-4ed9-9e3e-7047970486c3,49.262729,-123.146221,2,FALSE,FALSE,31125,NA,1783242979,2026-07-05T09:16:56Z,2026-07-05T09:16:56Z,2026-07-05T09:16:56Z,2.2,https://data.lime.bike/api/partners/v2/gbfs/vancouver_bc/gbfs.json,https://data.lime.bike/api/partners/v2/gbfs/vancouver_bc/free_bike_status,2026-07-05T09:16:54Z,2026-07-05T09:16:54Z
lime_vancouver,lime_vancouver_258aa050-c79b-41d1-a918-4558bd3701ad,258aa050-c79b-41d1-a918-4558bd3701ad,49.270516,-123.147916,2,FALSE,FALSE,27600,NA,1783242979,2026-07-05T09:16:56Z,2026-07-05T09:16:56Z,2026-07-05T09:16:56Z,2.2,https://data.lime.bike/api/partners/v2/gbfs/vancouver_bc/gbfs.json,https://data.lime.bike/api/partners/v2/gbfs/vancouver_bc/free_bike_status,2026-07-05T09:16:54Z,2026-07-05T09:16:54Z
lime_vancouver,lime_vancouver_a30c6746-4c02-42ec-a6e3-92ebc0231c37,a30c6746-4c02-42ec-a6e3-92ebc0231c37,49.282902,-123.134704,2,FALSE,FALSE,47073,NA,1783242979,2026-07-05T09:16:56Z,2026-07-05T09:16:56Z,2026-07-05T09:16:56Z,2.2,https://data.lime.bike/api/partners/v2/gbfs/vancouver_bc/gbfs.json,https://data.lime.bike/api/partners/v2/gbfs/vancouver_bc/free_bike_status,2026-07-05T09:16:54Z,2026-07-05T09:16:54Z
lime_vancouver,lime_vancouver_46d35145-069a-4441-b4b9-da02eb8d156c,46d35145-069a-4441-b4b9-da02eb8d156c,49.254025,-123.083688,2,FALSE,FALSE,24124,NA,1783242979,2026-07-05T09:16:56Z,2026-07-05T09:16:56Z,2026-07-05T09:16:56Z,2.2,https://data.lime.bike/api/partners/v2/gbfs/vancouver_bc/gbfs.json,https://data.lime.bike/api/partners/v2/gbfs/vancouver_bc/free_bike_status,2026-07-05T09:16:54Z,2026-07-05T09:16:54Z
lime_vancouver,lime_vancouver_337a1a95-a717-489d-b4d8-54930833e28c,337a1a95-a717-489d-b4d8-54930833e28c,49.274271,-123.125494,2,FALSE,FALSE,3058,NA,1783242979,2026-07-05T09:16:56Z,2026-07-05T09:16:56Z,2026-07-05T09:16:56Z,2.2,https://data.lime.bike/api/partners/v2/gbfs/vancouver_bc/gbfs.json,https://data.lime.bike/api/partners/v2/gbfs/vancouver_bc/free_bike_status,2026-07-05T09:16:54Z,2026-07-05T09:16:54Z
lime_vancouver,lime_vancouver_45745ec4-eae1-45f5-b029-6be95ed1b355,45745ec4-eae1-45f5-b029-6be95ed1b355,49.231068,-123.03256,2,FALSE,FALSE,24623,NA,1783242979,2026-07-05T09:16:56Z,2026-07-05T09:16:56Z,2026-07-05T09:16:56Z,2.2,https://data.lime.bike/api/partners/v2/gbfs/vancouver_bc/gbfs.json,https://data.lime.bike/api/partners/v2/gbfs/vancouver_bc/free_bike_status,2026-07-05T09:16:54Z,2026-07-05T09:16:54Z
lime_vancouver,lime_vancouver_2b96f287-31b2-40b2-a0cb-fcb4b136a0bc,2b96f287-31b2-40b2-a0cb-fcb4b136a0bc,49.256654,-123.034066,2,FALSE,FALSE,26104,NA,1783242979,2026-07-05T09:16:56Z,2026-07-05T09:16:56Z,2026-07-05T09:16:56Z,2.2,https://data.lime.bike/api/partners/v2/gbfs/vancouver_bc/gbfs.json,https://data.lime.bike/api/partners/v2/gbfs/vancouver_bc/free_bike_status,2026-07-05T09:16:54Z,2026-07-05T09:16:54Z
lime_vancouver,lime_vancouver_18535dee-0d29-4b98-9b8a-a360a4c433b0,18535dee-0d29-4b98-9b8a-a360a4c433b0,49.285753,-123.119731,2,FALSE,FALSE,2639,NA,1783242979,2026-07-05T09:16:56Z,2026-07-05T09:16:56Z,2026-07-05T09:16:56Z,2.2,https://data.lime.bike/api/partners/v2/gbfs/vancouver_bc/gbfs.json,https://data.lime.bike/api/partners/v2/gbfs/vancouver_bc/free_bike_status,2026-07-05T09:16:54Z,2026-07-05T09:16:54Z
lime_vancouver,lime_vancouver_f92abf8f-38f9-4c44-a67c-392b05b681a6,f92abf8f-38f9-4c44-a67c-392b05b681a6,49.254311,-123.068532,2,FALSE,FALSE,16399,NA,1783242979,2026-07-05T09:16:56Z,2026-07-05T09:16:56Z,2026-07-05T09:16:56Z,2.2,https://data.lime.bike/api/partners/v2/gbfs/vancouver_bc/gbfs.json,https://data.lime.bike/api/partners/v2/gbfs/vancouver_bc/free_bike_status,2026-07-05T09:16:54Z,2026-07-05T09:16:54Z
lime_vancouver,lime_vancouver_8ff2b670-3eac-4b98-80cb-d394bb534332,8ff2b670-3eac-4b98-80cb-d394bb534332,49.265891,-123.041541,2,FALSE,FALSE,21211,NA,1783242979,2026-07-05T09:16:56Z,2026-07-05T09:16:56Z,2026-07-05T09:16:56Z,2.2,https://data.lime.bike/api/partners/v2/gbfs/vancouver_bc/gbfs.json,https://data.lime.bike/api/partners/v2/gbfs/vancouver_bc/free_bike_status,2026-07-05T09:16:54Z,2026-07-05T09:16:54Z
lime_vancouver,lime_vancouver_fe690d9c-6cee-4cba-8eac-e84bcdbb12e4,fe690d9c-6cee-4cba-8eac-e84bcdbb12e4,49.229182,-123.023966,2,FALSE,FALSE,45464,NA,1783242979,2026-07-05T09:16:56Z,2026-07-05T09:16:56Z,2026-07-05T09:16:56Z,2.2,https://data.lime.bike/api/partners/v2/gbfs/vancouver_bc/gbfs.json,https://data.lime.bike/api/partners/v2/gbfs/vancouver_bc/free_bike_status,2026-07-05T09:16:54Z,2026-07-05T09:16:54Z
lime_vancouver,lime_vancouver_b6d1aba6-e5fe-4150-8945-1c72900b4d6e,b6d1aba6-e5fe-4150-8945-1c72900b4d6e,49.264975,-123.164914,2,FALSE,FALSE,21211,NA,1783242979,2026-07-05T09:16:56Z,2026-07-05T09:16:56Z,2026-07-05T09:16:56Z,2.2,https://data.lime.bike/api/partners/v2/gbfs/vancouver_bc/gbfs.json,https://data.lime.bike/api/partners/v2/gbfs/vancouver_bc/free_bike_status,2026-07-05T09:16:54Z,2026-07-05T09:16:54Z
lime_vancouver,lime_vancouver_6bacb71a-563b-400f-94c8-2887147c6d43,6bacb71a-563b-400f-94c8-2887147c6d43,49.256635,-123.034085,2,FALSE,FALSE,5697,NA,1783242979,2026-07-05T09:16:56Z,2026-07-05T09:16:56Z,2026-07-05T09:16:56Z,2.2,https://data.lime.bike/api/partners/v2/gbfs/vancouver_bc/gbfs.json,https://data.lime.bike/api/partners/v2/gbfs/vancouver_bc/free_bike_status,2026-07-05T09:16:54Z,2026-07-05T09:16:54Z
lime_vancouver,lime_vancouver_5e8158e5-6676-42a7-b061-af0b71c35215,5e8158e5-6676-42a7-b061-af0b71c35215,49.243476,-123.07362,2,FALSE,FALSE,21694,NA,1783242979,2026-07-05T09:16:56Z,2026-07-05T09:16:56Z,2026-07-05T09:16:56Z,2.2,https://data.lime.bike/api/partners/v2/gbfs/vancouver_bc/gbfs.json,https://data.lime.bike/api/partners/v2/gbfs/vancouver_bc/free_bike_status,2026-07-05T09:16:54Z,2026-07-05T09:16:54Z
lime_vancouver,lime_vancouver_ddefe542-3ee3-4233-9524-9ecfd32f5ccc,ddefe542-3ee3-4233-9524-9ecfd32f5ccc,49.288003,-123.142084,2,FALSE,FALSE,4796,NA,1783242979,2026-07-05T09:16:56Z,2026-07-05T09:16:56Z,2026-07-05T09:16:56Z,2.2,https://data.lime.bike/api/partners/v2/gbfs/vancouver_bc/gbfs.json,https://data.lime.bike/api/partners/v2/gbfs/vancouver_bc/free_bike_status,2026-07-05T09:16:54Z,2026-07-05T09:16:54Z
lime_vancouver,lime_vancouver_351b0ca1-c57c-40c3-b3bb-02257fc5b89b,351b0ca1-c57c-40c3-b3bb-02257fc5b89b,49.276802000000004,-123.122435,2,FALSE,FALSE,6582,NA,1783242979,2026-07-05T09:16:56Z,2026-07-05T09:16:56Z,2026-07-05T09:16:56Z,2.2,https://data.lime.bike/api/partners/v2/gbfs/vancouver_bc/gbfs.json,https://data.lime.bike/api/partners/v2/gbfs/vancouver_bc/free_bike_status,2026-07-05T09:16:54Z,2026-07-05T09:16:54Z
lime_vancouver,lime_vancouver_ab8d94c5-96ea-4330-adb8-b5beced92233,ab8d94c5-96ea-4330-adb8-b5beced92233,49.290562,-123.044163,2,FALSE,FALSE,32637,NA,1783242979,2026-07-05T09:16:56Z,2026-07-05T09:16:56Z,2026-07-05T09:16:56Z,2.2,https://data.lime.bike/api/partners/v2/gbfs/vancouver_bc/gbfs.json,https://data.lime.bike/api/partners/v2/gbfs/vancouver_bc/free_bike_status,2026-07-05T09:16:54Z,2026-07-05T09:16:54Z
lime_vancouver,lime_vancouver_031be760-a693-4f41-a47d-0a41c94879e3,031be760-a693-4f41-a47d-0a41c94879e3,49.254194,-123.039126,2,FALSE,FALSE,33152,NA,1783242979,2026-07-05T09:16:56Z,2026-07-05T09:16:56Z,2026-07-05T09:16:56Z,2.2,https://data.lime.bike/api/partners/v2/gbfs/vancouver_bc/gbfs.json,https://data.lime.bike/api/partners/v2/gbfs/vancouver_bc/free_bike_status,2026-07-05T09:16:54Z,2026-07-05T09:16:54Z
lime_vancouver,lime_vancouver_6915f1cf-4152-4450-8930-7e7afbe72d31,6915f1cf-4152-4450-8930-7e7afbe72d31,49.242896,-123.031225,2,FALSE,FALSE,40910,NA,1783242979,2026-07-05T09:16:56Z,2026-07-05T09:16:56Z,2026-07-05T09:16:56Z,2.2,https://data.lime.bike/api/partners/v2/gbfs/vancouver_bc/gbfs.json,https://data.lime.bike/api/partners/v2/gbfs/vancouver_bc/free_bike_status,2026-07-05T09:16:54Z,2026-07-05T09:16:54Z
lime_vancouver,lime_vancouver_40e4c7c3-e1f6-495c-817d-1b24cfdf3045,40e4c7c3-e1f6-495c-817d-1b24cfdf3045,49.22919,-123.023928,2,FALSE,FALSE,32444,NA,1783242979,2026-07-05T09:16:56Z,2026-07-05T09:16:56Z,2026-07-05T09:16:56Z,2.2,https://data.lime.bike/api/partners/v2/gbfs/vancouver_bc/gbfs.json,https://data.lime.bike/api/partners/v2/gbfs/vancouver_bc/free_bike_status,2026-07-05T09:16:54Z,2026-07-05T09:16:54Z
lime_vancouver,lime_vancouver_6f01efe1-425d-490b-b18f-f7f17294b3d6,6f01efe1-425d-490b-b18f-f7f17294b3d6,49.262755,-123.139233,2,FALSE,FALSE,11201,NA,1783242979,2026-07-05T09:16:56Z,2026-07-05T09:16:56Z,2026-07-05T09:16:56Z,2.2,https://data.lime.bike/api/partners/v2/gbfs/vancouver_bc/gbfs.json,https://data.lime.bike/api/partners/v2/gbfs/vancouver_bc/free_bike_status,2026-07-05T09:16:54Z,2026-07-05T09:16:54Z
lime_vancouver,lime_vancouver_d5c54cd2-a2c3-46f9-b289-be26fe952db8,d5c54cd2-a2c3-46f9-b289-be26fe952db8,49.247631,-123.073477,2,FALSE,FALSE,4361,NA,1783242979,2026-07-05T09:16:56Z,2026-07-05T09:16:56Z,2026-07-05T09:16:56Z,2.2,https://data.lime.bike/api/partners/v2/gbfs/vancouver_bc/gbfs.json,https://data.lime.bike/api/partners/v2/gbfs/vancouver_bc/free_bike_status,2026-07-05T09:16:54Z,2026-07-05T09:16:54Z
lime_vancouver,lime_vancouver_9d352ac6-c611-48b4-b253-b030f93d10a4,9d352ac6-c611-48b4-b253-b030f93d10a4,49.280734,-123.084797,2,FALSE,FALSE,6132,NA,1783242979,2026-07-05T09:16:56Z,2026-07-05T09:16:56Z,2026-07-05T09:16:56Z,2.2,https://data.lime.bike/api/partners/v2/gbfs/vancouver_bc/gbfs.json,https://data.lime.bike/api/partners/v2/gbfs/vancouver_bc/free_bike_status,2026-07-05T09:16:54Z,2026-07-05T09:16:54Z
lime_vancouver,lime_vancouver_e908d407-6ee0-4043-9516-0189c53b679d,e908d407-6ee0-4043-9516-0189c53b679d,49.272504,-123.159806,2,FALSE,FALSE,4796,NA,1783242979,2026-07-05T09:16:56Z,2026-07-05T09:16:56Z,2026-07-05T09:16:56Z,2.2,https://data.lime.bike/api/partners/v2/gbfs/vancouver_bc/gbfs.json,https://data.lime.bike/api/partners/v2/gbfs/vancouver_bc/free_bike_status,2026-07-05T09:16:54Z,2026-07-05T09:16:54Z
lime_vancouver,lime_vancouver_ea657845-deb7-4362-a0d4-12199de7a573,ea657845-deb7-4362-a0d4-12199de7a573,49.229322,-123.030235,2,FALSE,FALSE,6132,NA,1783242979,2026-07-05T09:16:56Z,2026-07-05T09:16:56Z,2026-07-05T09:16:56Z,2.2,https://data.lime.bike/api/partners/v2/gbfs/vancouver_bc/gbfs.json,https://data.lime.bike/api/partners/v2/gbfs/vancouver_bc/free_bike_status,2026-07-05T09:16:54Z,2026-07-05T09:16:54Z
lime_vancouver,lime_vancouver_8590bae0-14b8-4a30-b623-257851c25136,8590bae0-14b8-4a30-b623-257851c25136,49.229311,-123.030198,2,FALSE,FALSE,26104,NA,1783242979,2026-07-05T09:16:56Z,2026-07-05T09:16:56Z,2026-07-05T09:16:56Z,2.2,https://data.lime.bike/api/partners/v2/gbfs/vancouver_bc/gbfs.json,https://data.lime.bike/api/partners/v2/gbfs/vancouver_bc/free_bike_status,2026-07-05T09:16:54Z,2026-07-05T09:16:54Z
lime_vancouver,lime_vancouver_481ee283-90c5-4ea2-8f1f-6cb2d3adce0c,481ee283-90c5-4ea2-8f1f-6cb2d3adce0c,49.229198,-123.023936,2,FALSE,FALSE,7628,NA,1783242979,2026-07-05T09:16:56Z,2026-07-05T09:16:56Z,2026-07-05T09:16:56Z,2.2,https://data.lime.bike/api/partners/v2/gbfs/vancouver_bc/gbfs.json,https://data.lime.bike/api/partners/v2/gbfs/vancouver_bc/free_bike_status,2026-07-05T09:16:54Z,2026-07-05T09:16:54Z
lime_vancouver,lime_vancouver_d6558fe4-320e-45c4-9fd6-7ac01014ca02,d6558fe4-320e-45c4-9fd6-7ac01014ca02,49.262464,-123.128716,2,FALSE,FALSE,43999,NA,1783242979,2026-07-05T09:16:56Z,2026-07-05T09:16:56Z,2026-07-05T09:16:56Z,2.2,https://data.lime.bike/api/partners/v2/gbfs/vancouver_bc/gbfs.json,https://data.lime.bike/api/partners/v2/gbfs/vancouver_bc/free_bike_status,2026-07-05T09:16:54Z,2026-07-05T09:16:54Z
lime_vancouver,lime_vancouver_f6313d5e-eab4-40fc-939e-1113cddd4a36,f6313d5e-eab4-40fc-939e-1113cddd4a36,49.235856,-123.05521,2,FALSE,FALSE,45528,NA,1783242979,2026-07-05T09:16:56Z,2026-07-05T09:16:56Z,2026-07-05T09:16:56Z,2.2,https://data.lime.bike/api/partners/v2/gbfs/vancouver_bc/gbfs.json,https://data.lime.bike/api/partners/v2/gbfs/vancouver_bc/free_bike_status,2026-07-05T09:16:54Z,2026-07-05T09:16:54Z
lime_vancouver,lime_vancouver_658673a3-108e-4ff8-ad47-016ef352d1fb,658673a3-108e-4ff8-ad47-016ef352d1fb,49.275039,-123.049644,2,FALSE,FALSE,38302,NA,1783242979,2026-07-05T09:16:56Z,2026-07-05T09:16:56Z,2026-07-05T09:16:56Z,2.2,https://data.lime.bike/api/partners/v2/gbfs/vancouver_bc/gbfs.json,https://data.lime.bike/api/partners/v2/gbfs/vancouver_bc/free_bike_status,2026-07-05T09:16:54Z,2026-07-05T09:16:54Z
lime_vancouver,lime_vancouver_dc97ed36-6199-4674-b1c5-0002980578ae,dc97ed36-6199-4674-b1c5-0002980578ae,49.232944,-123.07426,2,FALSE,FALSE,16399,NA,1783242979,2026-07-05T09:16:56Z,2026-07-05T09:16:56Z,2026-07-05T09:16:56Z,2.2,https://data.lime.bike/api/partners/v2/gbfs/vancouver_bc/gbfs.json,https://data.lime.bike/api/partners/v2/gbfs/vancouver_bc/free_bike_status,2026-07-05T09:16:54Z,2026-07-05T09:16:54Z
lime_vancouver,lime_vancouver_0f393085-779b-49c9-abc9-0830ae4950c3,0f393085-779b-49c9-abc9-0830ae4950c3,49.271852,-123.152608,2,FALSE,FALSE,22177,NA,1783242979,2026-07-05T09:16:56Z,2026-07-05T09:16:56Z,2026-07-05T09:16:56Z,2.2,https://data.lime.bike/api/partners/v2/gbfs/vancouver_bc/gbfs.json,https://data.lime.bike/api/partners/v2/gbfs/vancouver_bc/free_bike_status,2026-07-05T09:16:54Z,2026-07-05T09:16:54Z
lime_vancouver,lime_vancouver_cdebca3b-99bb-457f-963c-9c27718ec5db,cdebca3b-99bb-457f-963c-9c27718ec5db,49.264933,-123.1649,2,FALSE,FALSE,17832,NA,1783242979,2026-07-05T09:16:56Z,2026-07-05T09:16:56Z,2026-07-05T09:16:56Z,2.2,https://data.lime.bike/api/partners/v2/gbfs/vancouver_bc/gbfs.json,https://data.lime.bike/api/partners/v2/gbfs/vancouver_bc/free_bike_status,2026-07-05T09:16:54Z,2026-07-05T09:16:54Z
lime_vancouver,lime_vancouver_181f2303-8a8b-42ea-a81f-76b14ee0487d,181f2303-8a8b-42ea-a81f-76b14ee0487d,49.243474,-123.073616,2,FALSE,FALSE,3492,NA,1783242979,2026-07-05T09:16:56Z,2026-07-05T09:16:56Z,2026-07-05T09:16:56Z,2.2,https://data.lime.bike/api/partners/v2/gbfs/vancouver_bc/gbfs.json,https://data.lime.bike/api/partners/v2/gbfs/vancouver_bc/free_bike_status,2026-07-05T09:16:54Z,2026-07-05T09:16:54Z
lime_vancouver,lime_vancouver_f728a88b-d71c-47db-8c28-5aa9f5304ea8,f728a88b-d71c-47db-8c28-5aa9f5304ea8,49.240773,-123.037993,2,FALSE,FALSE,40395,NA,1783242979,2026-07-05T09:16:56Z,2026-07-05T09:16:56Z,2026-07-05T09:16:56Z,2.2,https://data.lime.bike/api/partners/v2/gbfs/vancouver_bc/gbfs.json,https://data.lime.bike/api/partners/v2/gbfs/vancouver_bc/free_bike_status,2026-07-05T09:16:54Z,2026-07-05T09:16:54Z
lime_vancouver,lime_vancouver_00768093-3d52-4527-990c-0ec6eeaebe82,00768093-3d52-4527-990c-0ec6eeaebe82,49.28576,-123.135162,2,FALSE,FALSE,3058,NA,1783242979,2026-07-05T09:16:56Z,2026-07-05T09:16:56Z,2026-07-05T09:16:56Z,2.2,https://data.lime.bike/api/partners/v2/gbfs/vancouver_bc/gbfs.json,https://data.lime.bike/api/partners/v2/gbfs/vancouver_bc/free_bike_status,2026-07-05T09:16:54Z,2026-07-05T09:16:54Z
lime_vancouver,lime_vancouver_9659e4e1-e0e6-44d7-a8b5-4ea40103d36f,9659e4e1-e0e6-44d7-a8b5-4ea40103d36f,49.243541,-123.073609,2,FALSE,FALSE,14017,NA,1783242979,2026-07-05T09:16:56Z,2026-07-05T09:16:56Z,2026-07-05T09:16:56Z,2.2,https://data.lime.bike/api/partners/v2/gbfs/vancouver_bc/gbfs.json,https://data.lime.bike/api/partners/v2/gbfs/vancouver_bc/free_bike_status,2026-07-05T09:16:54Z,2026-07-05T09:16:54Z
lime_vancouver,lime_vancouver_afe72606-9ba5-4fd2-bff0-e5f772791401,afe72606-9ba5-4fd2-bff0-e5f772791401,49.264659,-123.148435,2,FALSE,FALSE,43999,NA,1783242979,2026-07-05T09:16:56Z,2026-07-05T09:16:56Z,2026-07-05T09:16:56Z,2.2,https://data.lime.bike/api/partners/v2/gbfs/vancouver_bc/gbfs.json,https://data.lime.bike/api/partners/v2/gbfs/vancouver_bc/free_bike_status,2026-07-05T09:16:54Z,2026-07-05T09:16:54Z
lime_vancouver,lime_vancouver_a06c9631-effb-4238-8cbc-c76c9ef86ce4,a06c9631-effb-4238-8cbc-c76c9ef86ce4,49.267533,-123.036238,2,FALSE,FALSE,46558,NA,1783242979,2026-07-05T09:16:56Z,2026-07-05T09:16:56Z,2026-07-05T09:16:56Z,2.2,https://data.lime.bike/api/partners/v2/gbfs/vancouver_bc/gbfs.json,https://data.lime.bike/api/partners/v2/gbfs/vancouver_bc/free_bike_status,2026-07-05T09:16:54Z,2026-07-05T09:16:54Z
lime_vancouver,lime_vancouver_602f7617-3f1e-4e26-9734-7810e9086e16,602f7617-3f1e-4e26-9734-7810e9086e16,49.284515,-123.137652,2,FALSE,FALSE,3492,NA,1783242979,2026-07-05T09:16:56Z,2026-07-05T09:16:56Z,2026-07-05T09:16:56Z,2.2,https://data.lime.bike/api/partners/v2/gbfs/vancouver_bc/gbfs.json,https://data.lime.bike/api/partners/v2/gbfs/vancouver_bc/free_bike_status,2026-07-05T09:16:54Z,2026-07-05T09:16:54Z
lime_vancouver,lime_vancouver_7000e7ec-0798-4cc8-ad52-e85e86b852a7,7000e7ec-0798-4cc8-ad52-e85e86b852a7,49.272321,-123.033986,2,FALSE,FALSE,17832,NA,1783242979,2026-07-05T09:16:56Z,2026-07-05T09:16:56Z,2026-07-05T09:16:56Z,2.2,https://data.lime.bike/api/partners/v2/gbfs/vancouver_bc/gbfs.json,https://data.lime.bike/api/partners/v2/gbfs/vancouver_bc/free_bike_status,2026-07-05T09:16:54Z,2026-07-05T09:16:54Z
lime_vancouver,lime_vancouver_dd50300b-1e64-401d-a4b8-87bd06d57d87,dd50300b-1e64-401d-a4b8-87bd06d57d87,49.229184,-123.023942,2,FALSE,FALSE,19763,NA,1783242979,2026-07-05T09:16:56Z,2026-07-05T09:16:56Z,2026-07-05T09:16:56Z,2.2,https://data.lime.bike/api/partners/v2/gbfs/vancouver_bc/gbfs.json,https://data.lime.bike/api/partners/v2/gbfs/vancouver_bc/free_bike_status,2026-07-05T09:16:54Z,2026-07-05T09:16:54Z
lime_vancouver,lime_vancouver_215d5e1e-69e7-4dd2-b86a-66a2db14b2a8,215d5e1e-69e7-4dd2-b86a-66a2db14b2a8,49.262451,-123.119739,2,FALSE,FALSE,39348,NA,1783242979,2026-07-05T09:16:56Z,2026-07-05T09:16:56Z,2026-07-05T09:16:56Z,2.2,https://data.lime.bike/api/partners/v2/gbfs/vancouver_bc/gbfs.json,https://data.lime.bike/api/partners/v2/gbfs/vancouver_bc/free_bike_status,2026-07-05T09:16:54Z,2026-07-05T09:16:54Z
lime_vancouver,lime_vancouver_aeeb2723-a32b-4eb2-8438-aebccbdc1ad4,aeeb2723-a32b-4eb2-8438-aebccbdc1ad4,49.27741,-123.087153,2,FALSE,FALSE,40910,NA,1783242979,2026-07-05T09:16:56Z,2026-07-05T09:16:56Z,2026-07-05T09:16:56Z,2.2,https://data.lime.bike/api/partners/v2/gbfs/vancouver_bc/gbfs.json,https://data.lime.bike/api/partners/v2/gbfs/vancouver_bc/free_bike_status,2026-07-05T09:16:54Z,2026-07-05T09:16:54Z
lime_vancouver,lime_vancouver_7c776aae-283e-4114-9597-735672db257b,7c776aae-283e-4114-9597-735672db257b,49.281345,-123.137077,2,FALSE,FALSE,8417,NA,1783242979,2026-07-05T09:16:56Z,2026-07-05T09:16:56Z,2026-07-05T09:16:56Z,2.2,https://data.lime.bike/api/partners/v2/gbfs/vancouver_bc/gbfs.json,https://data.lime.bike/api/partners/v2/gbfs/vancouver_bc/free_bike_status,2026-07-05T09:16:54Z,2026-07-05T09:16:54Z
lime_vancouver,lime_vancouver_c6458c95-8acc-4b1b-ae71-ff810f5ceb14,c6458c95-8acc-4b1b-ae71-ff810f5ceb14,49.228456,-123.058729,2,FALSE,FALSE,30111,NA,1783242979,2026-07-05T09:16:56Z,2026-07-05T09:16:56Z,2026-07-05T09:16:56Z,2.2,https://data.lime.bike/api/partners/v2/gbfs/vancouver_bc/gbfs.json,https://data.lime.bike/api/partners/v2/gbfs/vancouver_bc/free_bike_status,2026-07-05T09:16:54Z,2026-07-05T09:16:54Z
lime_vancouver,lime_vancouver_c8a6f60c-ba7b-4c9f-9dd4-14efa3fe0f64,c8a6f60c-ba7b-4c9f-9dd4-14efa3fe0f64,49.291012,-123.127706,2,FALSE,FALSE,13084,NA,1783242979,2026-07-05T09:16:56Z,2026-07-05T09:16:56Z,2026-07-05T09:16:56Z,2.2,https://data.lime.bike/api/partners/v2/gbfs/vancouver_bc/gbfs.json,https://data.lime.bike/api/partners/v2/gbfs/vancouver_bc/free_bike_status,2026-07-05T09:16:54Z,2026-07-05T09:16:54Z
lime_vancouver,lime_vancouver_727f96ad-d28e-488c-8e15-ade61cce5928,727f96ad-d28e-488c-8e15-ade61cce5928,49.262303,-123.133747,2,FALSE,FALSE,19280,NA,1783242979,2026-07-05T09:16:56Z,2026-07-05T09:16:56Z,2026-07-05T09:16:56Z,2.2,https://data.lime.bike/api/partners/v2/gbfs/vancouver_bc/gbfs.json,https://data.lime.bike/api/partners/v2/gbfs/vancouver_bc/free_bike_status,2026-07-05T09:16:54Z,2026-07-05T09:16:54Z
lime_vancouver,lime_vancouver_568618fa-f3f7-45a3-85bd-3098a1b8a0ba,568618fa-f3f7-45a3-85bd-3098a1b8a0ba,49.264995,-123.1171,2,FALSE,FALSE,14017,NA,1783242979,2026-07-05T09:16:56Z,2026-07-05T09:16:56Z,2026-07-05T09:16:56Z,2.2,https://data.lime.bike/api/partners/v2/gbfs/vancouver_bc/gbfs.json,https://data.lime.bike/api/partners/v2/gbfs/vancouver_bc/free_bike_status,2026-07-05T09:16:54Z,2026-07-05T09:16:54Z
lime_vancouver,lime_vancouver_f3b624e2-e173-4b71-949e-161b78620fc0,f3b624e2-e173-4b71-949e-161b78620fc0,49.263427,-123.098875,2,FALSE,FALSE,18314,NA,1783242979,2026-07-05T09:16:56Z,2026-07-05T09:16:56Z,2026-07-05T09:16:56Z,2.2,https://data.lime.bike/api/partners/v2/gbfs/vancouver_bc/gbfs.json,https://data.lime.bike/api/partners/v2/gbfs/vancouver_bc/free_bike_status,2026-07-05T09:16:54Z,2026-07-05T09:16:54Z
lime_vancouver,lime_vancouver_4e2b3706-d616-435e-9abf-6018746d0bf9,4e2b3706-d616-435e-9abf-6018746d0bf9,49.263866,-123.096899,2,FALSE,FALSE,36741,NA,1783242979,2026-07-05T09:16:56Z,2026-07-05T09:16:56Z,2026-07-05T09:16:56Z,2.2,https://data.lime.bike/api/partners/v2/gbfs/vancouver_bc/gbfs.json,https://data.lime.bike/api/partners/v2/gbfs/vancouver_bc/free_bike_status,2026-07-05T09:16:54Z,2026-07-05T09:16:54Z
lime_vancouver,lime_vancouver_d2cbafea-8904-46fe-adc1-3c01a178ec0c,d2cbafea-8904-46fe-adc1-3c01a178ec0c,49.260843,-123.062412,2,FALSE,FALSE,35196,NA,1783242979,2026-07-05T09:16:56Z,2026-07-05T09:16:56Z,2026-07-05T09:16:56Z,2.2,https://data.lime.bike/api/partners/v2/gbfs/vancouver_bc/gbfs.json,https://data.lime.bike/api/partners/v2/gbfs/vancouver_bc/free_bike_status,2026-07-05T09:16:54Z,2026-07-05T09:16:54Z
lime_vancouver,lime_vancouver_78d035d9-151d-494b-abeb-a7a3049609b4,78d035d9-151d-494b-abeb-a7a3049609b4,49.26905,-123.104767,2,FALSE,FALSE,3927,NA,1783242979,2026-07-05T09:16:56Z,2026-07-05T09:16:56Z,2026-07-05T09:16:56Z,2.2,https://data.lime.bike/api/partners/v2/gbfs/vancouver_bc/gbfs.json,https://data.lime.bike/api/partners/v2/gbfs/vancouver_bc/free_bike_status,2026-07-05T09:16:54Z,2026-07-05T09:16:54Z
lime_vancouver,lime_vancouver_3ad542c1-cfb0-4312-a520-23e5e2d82623,3ad542c1-cfb0-4312-a520-23e5e2d82623,49.26846,-123.159811,2,FALSE,FALSE,9334,NA,1783242979,2026-07-05T09:16:56Z,2026-07-05T09:16:56Z,2026-07-05T09:16:56Z,2.2,https://data.lime.bike/api/partners/v2/gbfs/vancouver_bc/gbfs.json,https://data.lime.bike/api/partners/v2/gbfs/vancouver_bc/free_bike_status,2026-07-05T09:16:54Z,2026-07-05T09:16:54Z
lime_vancouver,lime_vancouver_793fd978-f396-4716-a8a5-462d34b27046,793fd978-f396-4716-a8a5-462d34b27046,49.269107,-123.164454,2,FALSE,FALSE,3492,NA,1783242979,2026-07-05T09:16:56Z,2026-07-05T09:16:56Z,2026-07-05T09:16:56Z,2.2,https://data.lime.bike/api/partners/v2/gbfs/vancouver_bc/gbfs.json,https://data.lime.bike/api/partners/v2/gbfs/vancouver_bc/free_bike_status,2026-07-05T09:16:54Z,2026-07-05T09:16:54Z
lime_vancouver,lime_vancouver_e7bed31e-7598-4959-9617-d2abf0ef03a3,e7bed31e-7598-4959-9617-d2abf0ef03a3,49.254114,-123.08359,2,FALSE,FALSE,27600,NA,1783242979,2026-07-05T09:16:56Z,2026-07-05T09:16:56Z,2026-07-05T09:16:56Z,2.2,https://data.lime.bike/api/partners/v2/gbfs/vancouver_bc/gbfs.json,https://data.lime.bike/api/partners/v2/gbfs/vancouver_bc/free_bike_status,2026-07-05T09:16:54Z,2026-07-05T09:16:54Z
lime_vancouver,lime_vancouver_8f7d08dc-c938-4f38-9fea-fbfabfb7bcce,8f7d08dc-c938-4f38-9fea-fbfabfb7bcce,49.268421,-123.159815,2,FALSE,FALSE,10734,NA,1783242979,2026-07-05T09:16:56Z,2026-07-05T09:16:56Z,2026-07-05T09:16:56Z,2.2,https://data.lime.bike/api/partners/v2/gbfs/vancouver_bc/gbfs.json,https://data.lime.bike/api/partners/v2/gbfs/vancouver_bc/free_bike_status,2026-07-05T09:16:54Z,2026-07-05T09:16:54Z
lime_vancouver,lime_vancouver_d3fa7c5d-fc94-46c6-bec0-90acaec6ba2e,d3fa7c5d-fc94-46c6-bec0-90acaec6ba2e,49.269087,-123.164448,2,FALSE,FALSE,5246,NA,1783242979,2026-07-05T09:16:56Z,2026-07-05T09:16:56Z,2026-07-05T09:16:56Z,2.2,https://data.lime.bike/api/partners/v2/gbfs/vancouver_bc/gbfs.json,https://data.lime.bike/api/partners/v2/gbfs/vancouver_bc/free_bike_status,2026-07-05T09:16:54Z,2026-07-05T09:16:54Z
lime_vancouver,lime_vancouver_626ba6be-1daf-482d-ade2-6d7afc1d17ee,626ba6be-1daf-482d-ade2-6d7afc1d17ee,49.27967,-123.106238,2,FALSE,FALSE,41940,NA,1783242979,2026-07-05T09:16:56Z,2026-07-05T09:16:56Z,2026-07-05T09:16:56Z,2.2,https://data.lime.bike/api/partners/v2/gbfs/vancouver_bc/gbfs.json,https://data.lime.bike/api/partners/v2/gbfs/vancouver_bc/free_bike_status,2026-07-05T09:16:54Z,2026-07-05T09:16:54Z
lime_vancouver,lime_vancouver_211bc4c8-89cf-4996-a7a3-7baf403cbec2,211bc4c8-89cf-4996-a7a3-7baf403cbec2,49.246697,-123.060179,2,FALSE,FALSE,12134,NA,1783242979,2026-07-05T09:16:56Z,2026-07-05T09:16:56Z,2026-07-05T09:16:56Z,2.2,https://data.lime.bike/api/partners/v2/gbfs/vancouver_bc/gbfs.json,https://data.lime.bike/api/partners/v2/gbfs/vancouver_bc/free_bike_status,2026-07-05T09:16:54Z,2026-07-05T09:16:54Z
lime_vancouver,lime_vancouver_1113cf72-8a72-43d5-8c09-90026296b211,1113cf72-8a72-43d5-8c09-90026296b211,49.261536,-123.087437,2,FALSE,FALSE,45528,NA,1783242979,2026-07-05T09:16:56Z,2026-07-05T09:16:56Z,2026-07-05T09:16:56Z,2.2,https://data.lime.bike/api/partners/v2/gbfs/vancouver_bc/gbfs.json,https://data.lime.bike/api/partners/v2/gbfs/vancouver_bc/free_bike_status,2026-07-05T09:16:54Z,2026-07-05T09:16:54Z
lime_vancouver,lime_vancouver_b7988780-f462-4ff0-bf51-c2387226c6d4,b7988780-f462-4ff0-bf51-c2387226c6d4,49.263803,-123.096918,2,FALSE,FALSE,25122,NA,1783242979,2026-07-05T09:16:56Z,2026-07-05T09:16:56Z,2026-07-05T09:16:56Z,2.2,https://data.lime.bike/api/partners/v2/gbfs/vancouver_bc/gbfs.json,https://data.lime.bike/api/partners/v2/gbfs/vancouver_bc/free_bike_status,2026-07-05T09:16:54Z,2026-07-05T09:16:54Z
lime_vancouver,lime_vancouver_cb7f9fdc-8a17-49aa-ad56-6da0b2346039,cb7f9fdc-8a17-49aa-ad56-6da0b2346039,49.264037,-123.104815,2,FALSE,FALSE,4796,NA,1783242979,2026-07-05T09:16:56Z,2026-07-05T09:16:56Z,2026-07-05T09:16:56Z,2.2,https://data.lime.bike/api/partners/v2/gbfs/vancouver_bc/gbfs.json,https://data.lime.bike/api/partners/v2/gbfs/vancouver_bc/free_bike_status,2026-07-05T09:16:54Z,2026-07-05T09:16:54Z
lime_vancouver,lime_vancouver_8eb2e113-56b0-4a20-89fd-1c399a9d3f12,8eb2e113-56b0-4a20-89fd-1c399a9d3f12,49.266704,-123.115679,2,FALSE,FALSE,7950,NA,1783242979,2026-07-05T09:16:56Z,2026-07-05T09:16:56Z,2026-07-05T09:16:56Z,2.2,https://data.lime.bike/api/partners/v2/gbfs/vancouver_bc/gbfs.json,https://data.lime.bike/api/partners/v2/gbfs/vancouver_bc/free_bike_status,2026-07-05T09:16:54Z,2026-07-05T09:16:54Z
lime_vancouver,lime_vancouver_f20f9ec2-963b-4742-afe1-580287e33b14,f20f9ec2-963b-4742-afe1-580287e33b14,49.267224,-123.091015,2,FALSE,FALSE,4361,NA,1783242979,2026-07-05T09:16:56Z,2026-07-05T09:16:56Z,2026-07-05T09:16:56Z,2.2,https://data.lime.bike/api/partners/v2/gbfs/vancouver_bc/gbfs.json,https://data.lime.bike/api/partners/v2/gbfs/vancouver_bc/free_bike_status,2026-07-05T09:16:54Z,2026-07-05T09:16:54Z
lime_vancouver,lime_vancouver_3c74ba5a-a897-41da-a961-444c98bf6235,3c74ba5a-a897-41da-a961-444c98bf6235,49.265007,-123.117106,2,FALSE,FALSE,6582,NA,1783242979,2026-07-05T09:16:56Z,2026-07-05T09:16:56Z,2026-07-05T09:16:56Z,2.2,https://data.lime.bike/api/partners/v2/gbfs/vancouver_bc/gbfs.json,https://data.lime.bike/api/partners/v2/gbfs/vancouver_bc/free_bike_status,2026-07-05T09:16:54Z,2026-07-05T09:16:54Z
lime_vancouver,lime_vancouver_6dec810a-4b7e-4215-bea6-625e39664560,6dec810a-4b7e-4215-bea6-625e39664560,49.282246,-123.061623,2,FALSE,FALSE,24124,NA,1783242979,2026-07-05T09:16:56Z,2026-07-05T09:16:56Z,2026-07-05T09:16:56Z,2.2,https://data.lime.bike/api/partners/v2/gbfs/vancouver_bc/gbfs.json,https://data.lime.bike/api/partners/v2/gbfs/vancouver_bc/free_bike_status,2026-07-05T09:16:54Z,2026-07-05T09:16:54Z
lime_vancouver,lime_vancouver_2de47bde-12e3-4965-aeb3-b8dbea753160,2de47bde-12e3-4965-aeb3-b8dbea753160,49.266576,-123.148259,2,FALSE,FALSE,26602,NA,1783242979,2026-07-05T09:16:56Z,2026-07-05T09:16:56Z,2026-07-05T09:16:56Z,2.2,https://data.lime.bike/api/partners/v2/gbfs/vancouver_bc/gbfs.json,https://data.lime.bike/api/partners/v2/gbfs/vancouver_bc/free_bike_status,2026-07-05T09:16:54Z,2026-07-05T09:16:54Z
lime_vancouver,lime_vancouver_693b1b31-67a7-4741-93ed-c2bb08380aa6,693b1b31-67a7-4741-93ed-c2bb08380aa6,49.264831,-123.079558,2,FALSE,FALSE,27101,NA,1783242979,2026-07-05T09:16:56Z,2026-07-05T09:16:56Z,2026-07-05T09:16:56Z,2.2,https://data.lime.bike/api/partners/v2/gbfs/vancouver_bc/gbfs.json,https://data.lime.bike/api/partners/v2/gbfs/vancouver_bc/free_bike_status,2026-07-05T09:16:54Z,2026-07-05T09:16:54Z
lime_vancouver,lime_vancouver_7f1026db-7f34-4a7f-8876-7642dceea0f4,7f1026db-7f34-4a7f-8876-7642dceea0f4,49.290518,-123.056608,2,FALSE,FALSE,4796,NA,1783242979,2026-07-05T09:16:56Z,2026-07-05T09:16:56Z,2026-07-05T09:16:56Z,2.2,https://data.lime.bike/api/partners/v2/gbfs/vancouver_bc/gbfs.json,https://data.lime.bike/api/partners/v2/gbfs/vancouver_bc/free_bike_status,2026-07-05T09:16:54Z,2026-07-05T09:16:54Z
lime_vancouver,lime_vancouver_339e1fc4-5304-4c79-be2a-841e6157354e,339e1fc4-5304-4c79-be2a-841e6157354e,49.286743,-123.0296,2,FALSE,FALSE,3927,NA,1783242979,2026-07-05T09:16:56Z,2026-07-05T09:16:56Z,2026-07-05T09:16:56Z,2.2,https://data.lime.bike/api/partners/v2/gbfs/vancouver_bc/gbfs.json,https://data.lime.bike/api/partners/v2/gbfs/vancouver_bc/free_bike_status,2026-07-05T09:16:54Z,2026-07-05T09:16:54Z
lime_vancouver,lime_vancouver_8bb67634-2b4e-4cbf-bfaf-ca05956e642b,8bb67634-2b4e-4cbf-bfaf-ca05956e642b,49.269124,-123.150279,2,FALSE,FALSE,4361,NA,1783242979,2026-07-05T09:16:56Z,2026-07-05T09:16:56Z,2026-07-05T09:16:56Z,2.2,https://data.lime.bike/api/partners/v2/gbfs/vancouver_bc/gbfs.json,https://data.lime.bike/api/partners/v2/gbfs/vancouver_bc/free_bike_status,2026-07-05T09:16:54Z,2026-07-05T09:16:54Z
lime_vancouver,lime_vancouver_e2bf5727-99d7-41e9-aa9c-5e0603699aff,e2bf5727-99d7-41e9-aa9c-5e0603699aff,49.262393,-123.096057,2,FALSE,FALSE,37272,NA,1783242979,2026-07-05T09:16:56Z,2026-07-05T09:16:56Z,2026-07-05T09:16:56Z,2.2,https://data.lime.bike/api/partners/v2/gbfs/vancouver_bc/gbfs.json,https://data.lime.bike/api/partners/v2/gbfs/vancouver_bc/free_bike_status,2026-07-05T09:16:54Z,2026-07-05T09:16:54Z
lime_vancouver,lime_vancouver_c9e66bdc-8bf7-4bd9-a273-7d6cd98d44b4,c9e66bdc-8bf7-4bd9-a273-7d6cd98d44b4,49.268494,-123.159835,2,FALSE,FALSE,14967,NA,1783242979,2026-07-05T09:16:56Z,2026-07-05T09:16:56Z,2026-07-05T09:16:56Z,2.2,https://data.lime.bike/api/partners/v2/gbfs/vancouver_bc/gbfs.json,https://data.lime.bike/api/partners/v2/gbfs/vancouver_bc/free_bike_status,2026-07-05T09:16:54Z,2026-07-05T09:16:54Z
lime_vancouver,lime_vancouver_c62946e4-4083-42b2-86ed-7c0decef7de5,c62946e4-4083-42b2-86ed-7c0decef7de5,49.265302,-123.089365,2,FALSE,FALSE,34681,NA,1783242979,2026-07-05T09:16:56Z,2026-07-05T09:16:56Z,2026-07-05T09:16:56Z,2.2,https://data.lime.bike/api/partners/v2/gbfs/vancouver_bc/gbfs.json,https://data.lime.bike/api/partners/v2/gbfs/vancouver_bc/free_bike_status,2026-07-05T09:16:54Z,2026-07-05T09:16:54Z
lime_vancouver,lime_vancouver_da4b5fef-3a82-407d-bf29-eccd93555bfe,da4b5fef-3a82-407d-bf29-eccd93555bfe,49.257764,-123.073421,2,FALSE,FALSE,39348,NA,1783242979,2026-07-05T09:16:56Z,2026-07-05T09:16:56Z,2026-07-05T09:16:56Z,2.2,https://data.lime.bike/api/partners/v2/gbfs/vancouver_bc/gbfs.json,https://data.lime.bike/api/partners/v2/gbfs/vancouver_bc/free_bike_status,2026-07-05T09:16:54Z,2026-07-05T09:16:54Z
lime_vancouver,lime_vancouver_423bc1c8-1840-48ee-98bb-c453fe48eb66,423bc1c8-1840-48ee-98bb-c453fe48eb66,49.244537,-123.076011,2,FALSE,FALSE,12134,NA,1783242979,2026-07-05T09:16:56Z,2026-07-05T09:16:56Z,2026-07-05T09:16:56Z,2.2,https://data.lime.bike/api/partners/v2/gbfs/vancouver_bc/gbfs.json,https://data.lime.bike/api/partners/v2/gbfs/vancouver_bc/free_bike_status,2026-07-05T09:16:54Z,2026-07-05T09:16:54Z
lime_vancouver,lime_vancouver_3df5bce2-7740-49cd-a718-216cf063f2e9,3df5bce2-7740-49cd-a718-216cf063f2e9,49.262416,-123.128953,2,FALSE,FALSE,18797,NA,1783242979,2026-07-05T09:16:56Z,2026-07-05T09:16:56Z,2026-07-05T09:16:56Z,2.2,https://data.lime.bike/api/partners/v2/gbfs/vancouver_bc/gbfs.json,https://data.lime.bike/api/partners/v2/gbfs/vancouver_bc/free_bike_status,2026-07-05T09:16:54Z,2026-07-05T09:16:54Z
lime_vancouver,lime_vancouver_fbb749be-9ce6-4c28-a4b1-fb0fa5827a96,fbb749be-9ce6-4c28-a4b1-fb0fa5827a96,49.235877,-123.05517999999999,2,FALSE,FALSE,13551,NA,1783242979,2026-07-05T09:16:56Z,2026-07-05T09:16:56Z,2026-07-05T09:16:56Z,2.2,https://data.lime.bike/api/partners/v2/gbfs/vancouver_bc/gbfs.json,https://data.lime.bike/api/partners/v2/gbfs/vancouver_bc/free_bike_status,2026-07-05T09:16:54Z,2026-07-05T09:16:54Z
lime_vancouver,lime_vancouver_895ecac5-3c6a-45a2-b6a3-39feaea35456,895ecac5-3c6a-45a2-b6a3-39feaea35456,49.26474,-123.148379,2,FALSE,FALSE,30111,NA,1783242979,2026-07-05T09:16:56Z,2026-07-05T09:16:56Z,2026-07-05T09:16:56Z,2.2,https://data.lime.bike/api/partners/v2/gbfs/vancouver_bc/gbfs.json,https://data.lime.bike/api/partners/v2/gbfs/vancouver_bc/free_bike_status,2026-07-05T09:16:54Z,2026-07-05T09:16:54Z
lime_vancouver,lime_vancouver_9e163795-46ea-45fc-8949-3cda2c7a89c7,9e163795-46ea-45fc-8949-3cda2c7a89c7,49.262674,-123.119681,2,FALSE,FALSE,26104,NA,1783242979,2026-07-05T09:16:56Z,2026-07-05T09:16:56Z,2026-07-05T09:16:56Z,2.2,https://data.lime.bike/api/partners/v2/gbfs/vancouver_bc/gbfs.json,https://data.lime.bike/api/partners/v2/gbfs/vancouver_bc/free_bike_status,2026-07-05T09:16:54Z,2026-07-05T09:16:54Z
lime_vancouver,lime_vancouver_a5134c79-d829-4533-8305-798e833cbf4b,a5134c79-d829-4533-8305-798e833cbf4b,49.262263,-123.11569,2,FALSE,FALSE,36226,NA,1783242979,2026-07-05T09:16:56Z,2026-07-05T09:16:56Z,2026-07-05T09:16:56Z,2.2,https://data.lime.bike/api/partners/v2/gbfs/vancouver_bc/gbfs.json,https://data.lime.bike/api/partners/v2/gbfs/vancouver_bc/free_bike_status,2026-07-05T09:16:54Z,2026-07-05T09:16:54Z
lime_vancouver,lime_vancouver_85be863b-5dc6-49ee-8f9d-a7ce63be71b2,85be863b-5dc6-49ee-8f9d-a7ce63be71b2,49.229312,-123.030214,2,FALSE,FALSE,10268,NA,1783242979,2026-07-05T09:16:56Z,2026-07-05T09:16:56Z,2026-07-05T09:16:56Z,2.2,https://data.lime.bike/api/partners/v2/gbfs/vancouver_bc/gbfs.json,https://data.lime.bike/api/partners/v2/gbfs/vancouver_bc/free_bike_status,2026-07-05T09:16:54Z,2026-07-05T09:16:54Z
lime_vancouver,lime_vancouver_70588da2-41a7-4956-b11f-26ca48a08630,70588da2-41a7-4956-b11f-26ca48a08630,49.259156,-123.045303,2,FALSE,FALSE,42969,NA,1783242979,2026-07-05T09:16:56Z,2026-07-05T09:16:56Z,2026-07-05T09:16:56Z,2.2,https://data.lime.bike/api/partners/v2/gbfs/vancouver_bc/gbfs.json,https://data.lime.bike/api/partners/v2/gbfs/vancouver_bc/free_bike_status,2026-07-05T09:16:54Z,2026-07-05T09:16:54Z
lime_vancouver,lime_vancouver_f9b98c77-f96d-4417-b0f8-8f4279036342,f9b98c77-f96d-4417-b0f8-8f4279036342,49.284972,-123.061614,2,FALSE,FALSE,13084,NA,1783242979,2026-07-05T09:16:56Z,2026-07-05T09:16:56Z,2026-07-05T09:16:56Z,2.2,https://data.lime.bike/api/partners/v2/gbfs/vancouver_bc/gbfs.json,https://data.lime.bike/api/partners/v2/gbfs/vancouver_bc/free_bike_status,2026-07-05T09:16:54Z,2026-07-05T09:16:54Z
lime_vancouver,lime_vancouver_d6570db7-6ca6-4bed-8f32-7b025170032c,d6570db7-6ca6-4bed-8f32-7b025170032c,49.280523,-123.131572,2,FALSE,FALSE,5697,NA,1783242979,2026-07-05T09:16:56Z,2026-07-05T09:16:56Z,2026-07-05T09:16:56Z,2.2,https://data.lime.bike/api/partners/v2/gbfs/vancouver_bc/gbfs.json,https://data.lime.bike/api/partners/v2/gbfs/vancouver_bc/free_bike_status,2026-07-05T09:16:54Z,2026-07-05T09:16:54Z
lime_vancouver,lime_vancouver_6aca3e56-7faa-4d88-b0aa-6dd8594d7744,6aca3e56-7faa-4d88-b0aa-6dd8594d7744,49.265967,-123.062145,2,FALSE,FALSE,2639,NA,1783242979,2026-07-05T09:16:56Z,2026-07-05T09:16:56Z,2026-07-05T09:16:56Z,2.2,https://data.lime.bike/api/partners/v2/gbfs/vancouver_bc/gbfs.json,https://data.lime.bike/api/partners/v2/gbfs/vancouver_bc/free_bike_status,2026-07-05T09:16:54Z,2026-07-05T09:16:54Z
lime_vancouver,lime_vancouver_aa325a4d-0471-4b3f-85fe-63a9f048a361,aa325a4d-0471-4b3f-85fe-63a9f048a361,49.262282,-123.133722,2,FALSE,FALSE,37272,NA,1783242979,2026-07-05T09:16:56Z,2026-07-05T09:16:56Z,2026-07-05T09:16:56Z,2.2,https://data.lime.bike/api/partners/v2/gbfs/vancouver_bc/gbfs.json,https://data.lime.bike/api/partners/v2/gbfs/vancouver_bc/free_bike_status,2026-07-05T09:16:54Z,2026-07-05T09:16:54Z
lime_vancouver,lime_vancouver_c3b00e64-2457-45dc-a50c-968b3625c2fe,c3b00e64-2457-45dc-a50c-968b3625c2fe,49.232626,-123.051748,2,FALSE,FALSE,34681,NA,1783242979,2026-07-05T09:16:56Z,2026-07-05T09:16:56Z,2026-07-05T09:16:56Z,2.2,https://data.lime.bike/api/partners/v2/gbfs/vancouver_bc/gbfs.json,https://data.lime.bike/api/partners/v2/gbfs/vancouver_bc/free_bike_status,2026-07-05T09:16:54Z,2026-07-05T09:16:54Z
lime_vancouver,lime_vancouver_5949c6a0-2a57-4f73-a850-7a7651df76de,5949c6a0-2a57-4f73-a850-7a7651df76de,49.272287,-123.034207,2,FALSE,FALSE,4361,NA,1783242979,2026-07-05T09:16:56Z,2026-07-05T09:16:56Z,2026-07-05T09:16:56Z,2.2,https://data.lime.bike/api/partners/v2/gbfs/vancouver_bc/gbfs.json,https://data.lime.bike/api/partners/v2/gbfs/vancouver_bc/free_bike_status,2026-07-05T09:16:54Z,2026-07-05T09:16:54Z
lime_vancouver,lime_vancouver_d0ec3d80-d8f3-407e-bf71-c1ea871c5e07,d0ec3d80-d8f3-407e-bf71-c1ea871c5e07,49.256464,-123.034092,2,FALSE,FALSE,20246,NA,1783242979,2026-07-05T09:16:56Z,2026-07-05T09:16:56Z,2026-07-05T09:16:56Z,2.2,https://data.lime.bike/api/partners/v2/gbfs/vancouver_bc/gbfs.json,https://data.lime.bike/api/partners/v2/gbfs/vancouver_bc/free_bike_status,2026-07-05T09:16:54Z,2026-07-05T09:16:54Z
lime_vancouver,lime_vancouver_ea918f7d-0495-4aa9-8a4d-1bff20d31b85,ea918f7d-0495-4aa9-8a4d-1bff20d31b85,49.260925,-123.062508,2,FALSE,FALSE,14967,NA,1783242979,2026-07-05T09:16:56Z,2026-07-05T09:16:56Z,2026-07-05T09:16:56Z,2.2,https://data.lime.bike/api/partners/v2/gbfs/vancouver_bc/gbfs.json,https://data.lime.bike/api/partners/v2/gbfs/vancouver_bc/free_bike_status,2026-07-05T09:16:54Z,2026-07-05T09:16:54Z
lime_vancouver,lime_vancouver_14c99ba9-3841-490f-b662-2043aecafb3f,14c99ba9-3841-490f-b662-2043aecafb3f,49.28105,-123.134382,2,FALSE,FALSE,8884,NA,1783242979,2026-07-05T09:16:56Z,2026-07-05T09:16:56Z,2026-07-05T09:16:56Z,2.2,https://data.lime.bike/api/partners/v2/gbfs/vancouver_bc/gbfs.json,https://data.lime.bike/api/partners/v2/gbfs/vancouver_bc/free_bike_status,2026-07-05T09:16:54Z,2026-07-05T09:16:54Z
lime_vancouver,lime_vancouver_4861c677-8223-40d4-96d1-35cd513d7cc5,4861c677-8223-40d4-96d1-35cd513d7cc5,49.264949,-123.164933,2,FALSE,FALSE,40910,NA,1783242979,2026-07-05T09:16:56Z,2026-07-05T09:16:56Z,2026-07-05T09:16:56Z,2.2,https://data.lime.bike/api/partners/v2/gbfs/vancouver_bc/gbfs.json,https://data.lime.bike/api/partners/v2/gbfs/vancouver_bc/free_bike_status,2026-07-05T09:16:54Z,2026-07-05T09:16:54Z
