provider,vehicle_key,vehicle_id,lat,lon,vehicle_type_id,is_reserved,is_disabled,current_range_meters,station_id,last_reported,fetched_at_utc,fetched_at_vancouver,feed_last_updated_utc,gbfs_version,source_gbfs_url,source_vehicle_feed_url,snapshot_time_utc,snapshot_time_vancouver
mobi_vancouver,mobi_vancouver_6c0d01b2-5b06-41e9-b593-098ebbb930f3,6c0d01b2-5b06-41e9-b593-098ebbb930f3,49.282214,-123.114101,1,FALSE,TRUE,0,0012,1783361838,2026-07-06T18:18:01Z,2026-07-06T18:18:01Z,2026-07-06T18:17:16Z,2.2,https://gbfs.kappa.fifteen.eu/gbfs/2.2/mobi/en/gbfs.json,https://gbfs.kappa.fifteen.eu/gbfs/2.2/mobi/en/free_bike_status.json,2026-07-06T18:18:00Z,2026-07-06T18:18:00Z
mobi_vancouver,mobi_vancouver_da480c24-0560-46b8-9cf3-e085fbc92130,da480c24-0560-46b8-9cf3-e085fbc92130,49.277844,-123.120942,1,FALSE,TRUE,0,0079,1783361838,2026-07-06T18:18:01Z,2026-07-06T18:18:01Z,2026-07-06T18:17:16Z,2.2,https://gbfs.kappa.fifteen.eu/gbfs/2.2/mobi/en/gbfs.json,https://gbfs.kappa.fifteen.eu/gbfs/2.2/mobi/en/free_bike_status.json,2026-07-06T18:18:00Z,2026-07-06T18:18:00Z
mobi_vancouver,mobi_vancouver_c8dae0a7-9638-45a1-aca6-109fa5e4a338,c8dae0a7-9638-45a1-aca6-109fa5e4a338,49.268269,-123.147885,1,FALSE,TRUE,0,0063,1783361838,2026-07-06T18:18:01Z,2026-07-06T18:18:01Z,2026-07-06T18:17:16Z,2.2,https://gbfs.kappa.fifteen.eu/gbfs/2.2/mobi/en/gbfs.json,https://gbfs.kappa.fifteen.eu/gbfs/2.2/mobi/en/free_bike_status.json,2026-07-06T18:18:00Z,2026-07-06T18:18:00Z
mobi_vancouver,mobi_vancouver_57ca9c04-77f1-4417-af80-3e864148eb26,57ca9c04-77f1-4417-af80-3e864148eb26,49.267222,-123.153157,2,FALSE,TRUE,0,0110,1783361838,2026-07-06T18:18:01Z,2026-07-06T18:18:01Z,2026-07-06T18:17:16Z,2.2,https://gbfs.kappa.fifteen.eu/gbfs/2.2/mobi/en/gbfs.json,https://gbfs.kappa.fifteen.eu/gbfs/2.2/mobi/en/free_bike_status.json,2026-07-06T18:18:00Z,2026-07-06T18:18:00Z
mobi_vancouver,mobi_vancouver_fbfb2653-0c3f-45a2-ae0b-a7e4f7f4d606,fbfb2653-0c3f-45a2-ae0b-a7e4f7f4d606,49.265336,-123.145823,1,FALSE,TRUE,0,0140,1783361838,2026-07-06T18:18:01Z,2026-07-06T18:18:01Z,2026-07-06T18:17:16Z,2.2,https://gbfs.kappa.fifteen.eu/gbfs/2.2/mobi/en/gbfs.json,https://gbfs.kappa.fifteen.eu/gbfs/2.2/mobi/en/free_bike_status.json,2026-07-06T18:18:00Z,2026-07-06T18:18:00Z
mobi_vancouver,mobi_vancouver_0e7209f8-c060-45ca-9e01-ada6dfe25a89,0e7209f8-c060-45ca-9e01-ada6dfe25a89,49.280881,-123.130672,2,FALSE,TRUE,0,0126,1783361838,2026-07-06T18:18:01Z,2026-07-06T18:18:01Z,2026-07-06T18:17:16Z,2.2,https://gbfs.kappa.fifteen.eu/gbfs/2.2/mobi/en/gbfs.json,https://gbfs.kappa.fifteen.eu/gbfs/2.2/mobi/en/free_bike_status.json,2026-07-06T18:18:00Z,2026-07-06T18:18:00Z
mobi_vancouver,mobi_vancouver_8131ebb1-ab6a-4f99-93c5-3a4ed2c9a19c,8131ebb1-ab6a-4f99-93c5-3a4ed2c9a19c,49.260599,-123.113504,2,FALSE,TRUE,1200,0007,1783361838,2026-07-06T18:18:01Z,2026-07-06T18:18:01Z,2026-07-06T18:17:16Z,2.2,https://gbfs.kappa.fifteen.eu/gbfs/2.2/mobi/en/gbfs.json,https://gbfs.kappa.fifteen.eu/gbfs/2.2/mobi/en/free_bike_status.json,2026-07-06T18:18:00Z,2026-07-06T18:18:00Z
mobi_vancouver,mobi_vancouver_fa7e0b46-4419-477e-993f-4cba874581ea,fa7e0b46-4419-477e-993f-4cba874581ea,49.261736,-123.24648,1,FALSE,TRUE,1600,2136,1783361838,2026-07-06T18:18:01Z,2026-07-06T18:18:01Z,2026-07-06T18:17:16Z,2.2,https://gbfs.kappa.fifteen.eu/gbfs/2.2/mobi/en/gbfs.json,https://gbfs.kappa.fifteen.eu/gbfs/2.2/mobi/en/free_bike_status.json,2026-07-06T18:18:00Z,2026-07-06T18:18:00Z
mobi_vancouver,mobi_vancouver_ca1622da-84a1-4a45-b8ec-9b1e909f51ad,ca1622da-84a1-4a45-b8ec-9b1e909f51ad,49.280216,-123.117639,2,FALSE,FALSE,3600,0129,1783361838,2026-07-06T18:18:01Z,2026-07-06T18:18:01Z,2026-07-06T18:17:16Z,2.2,https://gbfs.kappa.fifteen.eu/gbfs/2.2/mobi/en/gbfs.json,https://gbfs.kappa.fifteen.eu/gbfs/2.2/mobi/en/free_bike_status.json,2026-07-06T18:18:00Z,2026-07-06T18:18:00Z
mobi_vancouver,mobi_vancouver_c8007e29-99fa-491d-bb9d-4f9187fdaf09,c8007e29-99fa-491d-bb9d-4f9187fdaf09,49.287782,-123.12395,2,FALSE,FALSE,3600,0190,1783361838,2026-07-06T18:18:01Z,2026-07-06T18:18:01Z,2026-07-06T18:17:16Z,2.2,https://gbfs.kappa.fifteen.eu/gbfs/2.2/mobi/en/gbfs.json,https://gbfs.kappa.fifteen.eu/gbfs/2.2/mobi/en/free_bike_status.json,2026-07-06T18:18:00Z,2026-07-06T18:18:00Z
mobi_vancouver,mobi_vancouver_bfbde94c-4369-417a-82fb-d442cfc34390,bfbde94c-4369-417a-82fb-d442cfc34390,49.280332,-123.070068,2,FALSE,FALSE,3600,0224,1783361838,2026-07-06T18:18:01Z,2026-07-06T18:18:01Z,2026-07-06T18:17:16Z,2.2,https://gbfs.kappa.fifteen.eu/gbfs/2.2/mobi/en/gbfs.json,https://gbfs.kappa.fifteen.eu/gbfs/2.2/mobi/en/free_bike_status.json,2026-07-06T18:18:00Z,2026-07-06T18:18:00Z
mobi_vancouver,mobi_vancouver_c35a81a8-4ef9-41fa-aab4-e74c2294bdd1,c35a81a8-4ef9-41fa-aab4-e74c2294bdd1,49.257939,-123.089531,2,FALSE,FALSE,3600,0282,1783361838,2026-07-06T18:18:01Z,2026-07-06T18:18:01Z,2026-07-06T18:17:16Z,2.2,https://gbfs.kappa.fifteen.eu/gbfs/2.2/mobi/en/gbfs.json,https://gbfs.kappa.fifteen.eu/gbfs/2.2/mobi/en/free_bike_status.json,2026-07-06T18:18:00Z,2026-07-06T18:18:00Z
mobi_vancouver,mobi_vancouver_db0e9984-4202-4a99-aaa2-0052df01dc88,db0e9984-4202-4a99-aaa2-0052df01dc88,49.260599,-123.113504,2,FALSE,FALSE,4000,0007,1783361838,2026-07-06T18:18:01Z,2026-07-06T18:18:01Z,2026-07-06T18:17:16Z,2.2,https://gbfs.kappa.fifteen.eu/gbfs/2.2/mobi/en/gbfs.json,https://gbfs.kappa.fifteen.eu/gbfs/2.2/mobi/en/free_bike_status.json,2026-07-06T18:18:00Z,2026-07-06T18:18:00Z
mobi_vancouver,mobi_vancouver_413794df-2acc-4393-a76e-e59f0c937d34,413794df-2acc-4393-a76e-e59f0c937d34,49.261742,-123.13148,2,FALSE,FALSE,4000,0166,1783361838,2026-07-06T18:18:01Z,2026-07-06T18:18:01Z,2026-07-06T18:17:16Z,2.2,https://gbfs.kappa.fifteen.eu/gbfs/2.2/mobi/en/gbfs.json,https://gbfs.kappa.fifteen.eu/gbfs/2.2/mobi/en/free_bike_status.json,2026-07-06T18:18:00Z,2026-07-06T18:18:00Z
mobi_vancouver,mobi_vancouver_ea7fecf8-7755-41f7-b348-02f0ce6925d8,ea7fecf8-7755-41f7-b348-02f0ce6925d8,49.288506,-123.131238,2,FALSE,FALSE,4400,0096,1783361838,2026-07-06T18:18:01Z,2026-07-06T18:18:01Z,2026-07-06T18:17:16Z,2.2,https://gbfs.kappa.fifteen.eu/gbfs/2.2/mobi/en/gbfs.json,https://gbfs.kappa.fifteen.eu/gbfs/2.2/mobi/en/free_bike_status.json,2026-07-06T18:18:00Z,2026-07-06T18:18:00Z
mobi_vancouver,mobi_vancouver_f5c70f9e-01ad-445a-afb9-7331e46676d6,f5c70f9e-01ad-445a-afb9-7331e46676d6,49.282758,-123.122092,2,FALSE,FALSE,4400,0019,1783361838,2026-07-06T18:18:01Z,2026-07-06T18:18:01Z,2026-07-06T18:17:16Z,2.2,https://gbfs.kappa.fifteen.eu/gbfs/2.2/mobi/en/gbfs.json,https://gbfs.kappa.fifteen.eu/gbfs/2.2/mobi/en/free_bike_status.json,2026-07-06T18:18:00Z,2026-07-06T18:18:00Z
mobi_vancouver,mobi_vancouver_ccf8bf84-6978-4e74-b51e-8d8a40cbc366,ccf8bf84-6978-4e74-b51e-8d8a40cbc366,49.279764,-123.110154,2,FALSE,FALSE,5200,0005,1783361838,2026-07-06T18:18:01Z,2026-07-06T18:18:01Z,2026-07-06T18:17:16Z,2.2,https://gbfs.kappa.fifteen.eu/gbfs/2.2/mobi/en/gbfs.json,https://gbfs.kappa.fifteen.eu/gbfs/2.2/mobi/en/free_bike_status.json,2026-07-06T18:18:00Z,2026-07-06T18:18:00Z
mobi_vancouver,mobi_vancouver_555ba0c3-0ca8-490f-814d-3ea24a16a933,555ba0c3-0ca8-490f-814d-3ea24a16a933,49.271471,-123.17731,2,FALSE,FALSE,5200,0440,1783361838,2026-07-06T18:18:01Z,2026-07-06T18:18:01Z,2026-07-06T18:17:16Z,2.2,https://gbfs.kappa.fifteen.eu/gbfs/2.2/mobi/en/gbfs.json,https://gbfs.kappa.fifteen.eu/gbfs/2.2/mobi/en/free_bike_status.json,2026-07-06T18:18:00Z,2026-07-06T18:18:00Z
mobi_vancouver,mobi_vancouver_5f19edec-bf0e-4bd2-8987-1b86e7fbe820,5f19edec-bf0e-4bd2-8987-1b86e7fbe820,49.28616,-123.12675,2,FALSE,FALSE,5600,0036,1783361838,2026-07-06T18:18:01Z,2026-07-06T18:18:01Z,2026-07-06T18:17:16Z,2.2,https://gbfs.kappa.fifteen.eu/gbfs/2.2/mobi/en/gbfs.json,https://gbfs.kappa.fifteen.eu/gbfs/2.2/mobi/en/free_bike_status.json,2026-07-06T18:18:00Z,2026-07-06T18:18:00Z
mobi_vancouver,mobi_vancouver_023f6c48-d7d8-424b-b688-2f61666ba1cf,023f6c48-d7d8-424b-b688-2f61666ba1cf,49.263837,-123.105173,2,FALSE,FALSE,5600,0107,1783361838,2026-07-06T18:18:01Z,2026-07-06T18:18:01Z,2026-07-06T18:17:16Z,2.2,https://gbfs.kappa.fifteen.eu/gbfs/2.2/mobi/en/gbfs.json,https://gbfs.kappa.fifteen.eu/gbfs/2.2/mobi/en/free_bike_status.json,2026-07-06T18:18:00Z,2026-07-06T18:18:00Z
mobi_vancouver,mobi_vancouver_1ddcccbf-4e8e-4ffd-9b26-53f3f494bd43,1ddcccbf-4e8e-4ffd-9b26-53f3f494bd43,49.268339,-123.157443,2,FALSE,FALSE,5600,0159,1783361838,2026-07-06T18:18:01Z,2026-07-06T18:18:01Z,2026-07-06T18:17:16Z,2.2,https://gbfs.kappa.fifteen.eu/gbfs/2.2/mobi/en/gbfs.json,https://gbfs.kappa.fifteen.eu/gbfs/2.2/mobi/en/free_bike_status.json,2026-07-06T18:18:00Z,2026-07-06T18:18:00Z
mobi_vancouver,mobi_vancouver_d6cefe19-538c-44bd-b2c8-4398c9ec12b8,d6cefe19-538c-44bd-b2c8-4398c9ec12b8,49.262062,-123.104656,2,FALSE,FALSE,5600,0176,1783361838,2026-07-06T18:18:01Z,2026-07-06T18:18:01Z,2026-07-06T18:17:16Z,2.2,https://gbfs.kappa.fifteen.eu/gbfs/2.2/mobi/en/gbfs.json,https://gbfs.kappa.fifteen.eu/gbfs/2.2/mobi/en/free_bike_status.json,2026-07-06T18:18:00Z,2026-07-06T18:18:00Z
mobi_vancouver,mobi_vancouver_8d2c6cdd-b4d5-44e1-a3a4-ece8f2eac2d4,8d2c6cdd-b4d5-44e1-a3a4-ece8f2eac2d4,49.246243,-123.124373,2,FALSE,FALSE,5600,0505,1783361838,2026-07-06T18:18:01Z,2026-07-06T18:18:01Z,2026-07-06T18:17:16Z,2.2,https://gbfs.kappa.fifteen.eu/gbfs/2.2/mobi/en/gbfs.json,https://gbfs.kappa.fifteen.eu/gbfs/2.2/mobi/en/free_bike_status.json,2026-07-06T18:18:00Z,2026-07-06T18:18:00Z
mobi_vancouver,mobi_vancouver_f285f670-1006-4f5e-899a-5cb8b83aab14,f285f670-1006-4f5e-899a-5cb8b83aab14,49.287097,-123.118551,2,FALSE,FALSE,6000,0016,1783361838,2026-07-06T18:18:01Z,2026-07-06T18:18:01Z,2026-07-06T18:17:16Z,2.2,https://gbfs.kappa.fifteen.eu/gbfs/2.2/mobi/en/gbfs.json,https://gbfs.kappa.fifteen.eu/gbfs/2.2/mobi/en/free_bike_status.json,2026-07-06T18:18:00Z,2026-07-06T18:18:00Z
mobi_vancouver,mobi_vancouver_d82e6b23-2599-49c0-b477-43a74cbbc351,d82e6b23-2599-49c0-b477-43a74cbbc351,49.258761,-123.127071,2,FALSE,FALSE,6000,0202,1783361838,2026-07-06T18:18:01Z,2026-07-06T18:18:01Z,2026-07-06T18:17:16Z,2.2,https://gbfs.kappa.fifteen.eu/gbfs/2.2/mobi/en/gbfs.json,https://gbfs.kappa.fifteen.eu/gbfs/2.2/mobi/en/free_bike_status.json,2026-07-06T18:18:00Z,2026-07-06T18:18:00Z
mobi_vancouver,mobi_vancouver_025b5574-b44f-435d-a69c-e51c422c5f1d,025b5574-b44f-435d-a69c-e51c422c5f1d,49.270684,-123.073562,2,FALSE,FALSE,6000,0252,1783361838,2026-07-06T18:18:01Z,2026-07-06T18:18:01Z,2026-07-06T18:17:16Z,2.2,https://gbfs.kappa.fifteen.eu/gbfs/2.2/mobi/en/gbfs.json,https://gbfs.kappa.fifteen.eu/gbfs/2.2/mobi/en/free_bike_status.json,2026-07-06T18:18:00Z,2026-07-06T18:18:00Z
mobi_vancouver,mobi_vancouver_68f6d9fc-e94a-4257-8217-4748cc87e7f5,68f6d9fc-e94a-4257-8217-4748cc87e7f5,49.259579,-123.114769,2,FALSE,FALSE,6000,0311,1783361838,2026-07-06T18:18:01Z,2026-07-06T18:18:01Z,2026-07-06T18:17:16Z,2.2,https://gbfs.kappa.fifteen.eu/gbfs/2.2/mobi/en/gbfs.json,https://gbfs.kappa.fifteen.eu/gbfs/2.2/mobi/en/free_bike_status.json,2026-07-06T18:18:00Z,2026-07-06T18:18:00Z
mobi_vancouver,mobi_vancouver_3f04e466-12bf-4658-99ad-ccab9ea0e484,3f04e466-12bf-4658-99ad-ccab9ea0e484,49.27033,-123.10275,1,FALSE,FALSE,6400,0177,1783361838,2026-07-06T18:18:01Z,2026-07-06T18:18:01Z,2026-07-06T18:17:16Z,2.2,https://gbfs.kappa.fifteen.eu/gbfs/2.2/mobi/en/gbfs.json,https://gbfs.kappa.fifteen.eu/gbfs/2.2/mobi/en/free_bike_status.json,2026-07-06T18:18:00Z,2026-07-06T18:18:00Z
mobi_vancouver,mobi_vancouver_afa6e5e5-17d6-4023-b20c-6540f935da28,afa6e5e5-17d6-4023-b20c-6540f935da28,49.243375,-123.104978,1,FALSE,FALSE,6400,0557,1783361838,2026-07-06T18:18:01Z,2026-07-06T18:18:01Z,2026-07-06T18:17:16Z,2.2,https://gbfs.kappa.fifteen.eu/gbfs/2.2/mobi/en/gbfs.json,https://gbfs.kappa.fifteen.eu/gbfs/2.2/mobi/en/free_bike_status.json,2026-07-06T18:18:00Z,2026-07-06T18:18:00Z
mobi_vancouver,mobi_vancouver_62e767f2-506f-4a16-95ef-3070c3babb6f,62e767f2-506f-4a16-95ef-3070c3babb6f,49.2658,-123.20596,2,FALSE,FALSE,6400,0715,1783361838,2026-07-06T18:18:01Z,2026-07-06T18:18:01Z,2026-07-06T18:17:16Z,2.2,https://gbfs.kappa.fifteen.eu/gbfs/2.2/mobi/en/gbfs.json,https://gbfs.kappa.fifteen.eu/gbfs/2.2/mobi/en/free_bike_status.json,2026-07-06T18:18:00Z,2026-07-06T18:18:00Z
mobi_vancouver,mobi_vancouver_dcb4f6f2-7c5e-4f7d-b1e3-8a11e97ec9bd,dcb4f6f2-7c5e-4f7d-b1e3-8a11e97ec9bd,49.276292,-123.150592,1,FALSE,FALSE,6800,0155,1783361838,2026-07-06T18:18:01Z,2026-07-06T18:18:01Z,2026-07-06T18:17:16Z,2.2,https://gbfs.kappa.fifteen.eu/gbfs/2.2/mobi/en/gbfs.json,https://gbfs.kappa.fifteen.eu/gbfs/2.2/mobi/en/free_bike_status.json,2026-07-06T18:18:00Z,2026-07-06T18:18:00Z
mobi_vancouver,mobi_vancouver_f9c7db1f-31c7-4b8c-bde4-34ba47127d47,f9c7db1f-31c7-4b8c-bde4-34ba47127d47,49.25976,-123.2479,2,FALSE,FALSE,6800,2127,1783361838,2026-07-06T18:18:01Z,2026-07-06T18:18:01Z,2026-07-06T18:17:16Z,2.2,https://gbfs.kappa.fifteen.eu/gbfs/2.2/mobi/en/gbfs.json,https://gbfs.kappa.fifteen.eu/gbfs/2.2/mobi/en/free_bike_status.json,2026-07-06T18:18:00Z,2026-07-06T18:18:00Z
mobi_vancouver,mobi_vancouver_fe00eb10-ebf0-404a-9245-a384532cabe5,fe00eb10-ebf0-404a-9245-a384532cabe5,49.287782,-123.12395,1,FALSE,FALSE,7200,0190,1783361838,2026-07-06T18:18:01Z,2026-07-06T18:18:01Z,2026-07-06T18:17:16Z,2.2,https://gbfs.kappa.fifteen.eu/gbfs/2.2/mobi/en/gbfs.json,https://gbfs.kappa.fifteen.eu/gbfs/2.2/mobi/en/free_bike_status.json,2026-07-06T18:18:00Z,2026-07-06T18:18:00Z
mobi_vancouver,mobi_vancouver_1a0ba8f4-2542-414e-9155-d2ec4b858cec,1a0ba8f4-2542-414e-9155-d2ec4b858cec,49.262487,-123.114397,1,FALSE,FALSE,7600,0001,1783361838,2026-07-06T18:18:01Z,2026-07-06T18:18:01Z,2026-07-06T18:17:16Z,2.2,https://gbfs.kappa.fifteen.eu/gbfs/2.2/mobi/en/gbfs.json,https://gbfs.kappa.fifteen.eu/gbfs/2.2/mobi/en/free_bike_status.json,2026-07-06T18:18:00Z,2026-07-06T18:18:00Z
mobi_vancouver,mobi_vancouver_bd6ea3d9-205b-4955-b62e-76dbf403315a,bd6ea3d9-205b-4955-b62e-76dbf403315a,49.277166,-123.129833,2,FALSE,FALSE,7600,0019,1783361838,2026-07-06T18:18:01Z,2026-07-06T18:18:01Z,2026-07-06T18:17:16Z,2.2,https://gbfs.kappa.fifteen.eu/gbfs/2.2/mobi/en/gbfs.json,https://gbfs.kappa.fifteen.eu/gbfs/2.2/mobi/en/free_bike_status.json,2026-07-06T18:18:00Z,2026-07-06T18:18:00Z
mobi_vancouver,mobi_vancouver_07db54df-2d80-42e8-bee5-78ca9a2b2e35,07db54df-2d80-42e8-bee5-78ca9a2b2e35,49.274566,-123.121817,2,FALSE,FALSE,7600,0004,1783361838,2026-07-06T18:18:01Z,2026-07-06T18:18:01Z,2026-07-06T18:17:16Z,2.2,https://gbfs.kappa.fifteen.eu/gbfs/2.2/mobi/en/gbfs.json,https://gbfs.kappa.fifteen.eu/gbfs/2.2/mobi/en/free_bike_status.json,2026-07-06T18:18:00Z,2026-07-06T18:18:00Z
mobi_vancouver,mobi_vancouver_38cba73b-81f2-4a54-a492-cc5e8a9f12a3,38cba73b-81f2-4a54-a492-cc5e8a9f12a3,49.277436,-123.070427,2,FALSE,FALSE,7600,0223,1783361838,2026-07-06T18:18:01Z,2026-07-06T18:18:01Z,2026-07-06T18:17:16Z,2.2,https://gbfs.kappa.fifteen.eu/gbfs/2.2/mobi/en/gbfs.json,https://gbfs.kappa.fifteen.eu/gbfs/2.2/mobi/en/free_bike_status.json,2026-07-06T18:18:00Z,2026-07-06T18:18:00Z
mobi_vancouver,mobi_vancouver_b6998d36-914d-4c8e-92c6-e3e2bf1e5540,b6998d36-914d-4c8e-92c6-e3e2bf1e5540,49.280881,-123.130672,2,FALSE,FALSE,7600,0126,1783361838,2026-07-06T18:18:01Z,2026-07-06T18:18:01Z,2026-07-06T18:17:16Z,2.2,https://gbfs.kappa.fifteen.eu/gbfs/2.2/mobi/en/gbfs.json,https://gbfs.kappa.fifteen.eu/gbfs/2.2/mobi/en/free_bike_status.json,2026-07-06T18:18:00Z,2026-07-06T18:18:00Z
mobi_vancouver,mobi_vancouver_d2ff756f-8efd-46df-a4ef-0e4ead91ef8c,d2ff756f-8efd-46df-a4ef-0e4ead91ef8c,49.25976,-123.2479,1,FALSE,FALSE,7600,2127,1783361838,2026-07-06T18:18:01Z,2026-07-06T18:18:01Z,2026-07-06T18:17:16Z,2.2,https://gbfs.kappa.fifteen.eu/gbfs/2.2/mobi/en/gbfs.json,https://gbfs.kappa.fifteen.eu/gbfs/2.2/mobi/en/free_bike_status.json,2026-07-06T18:18:00Z,2026-07-06T18:18:00Z
mobi_vancouver,mobi_vancouver_7306b885-0e8b-419c-bde6-79bf019cb9cd,7306b885-0e8b-419c-bde6-79bf019cb9cd,49.271721,-123.104207,2,FALSE,FALSE,8000,0011,1783361838,2026-07-06T18:18:01Z,2026-07-06T18:18:01Z,2026-07-06T18:17:16Z,2.2,https://gbfs.kappa.fifteen.eu/gbfs/2.2/mobi/en/gbfs.json,https://gbfs.kappa.fifteen.eu/gbfs/2.2/mobi/en/free_bike_status.json,2026-07-06T18:18:00Z,2026-07-06T18:18:00Z
mobi_vancouver,mobi_vancouver_09415c9a-973a-4422-a00a-19df3479490d,09415c9a-973a-4422-a00a-19df3479490d,49.261742,-123.13148,1,FALSE,FALSE,8000,0166,1783361838,2026-07-06T18:18:01Z,2026-07-06T18:18:01Z,2026-07-06T18:17:16Z,2.2,https://gbfs.kappa.fifteen.eu/gbfs/2.2/mobi/en/gbfs.json,https://gbfs.kappa.fifteen.eu/gbfs/2.2/mobi/en/free_bike_status.json,2026-07-06T18:18:00Z,2026-07-06T18:18:00Z
mobi_vancouver,mobi_vancouver_9a90597a-c9fe-4408-934b-4bb55e3927d4,9a90597a-c9fe-4408-934b-4bb55e3927d4,49.24797,-123.10151,2,FALSE,FALSE,8000,0565,1783361838,2026-07-06T18:18:01Z,2026-07-06T18:18:01Z,2026-07-06T18:17:16Z,2.2,https://gbfs.kappa.fifteen.eu/gbfs/2.2/mobi/en/gbfs.json,https://gbfs.kappa.fifteen.eu/gbfs/2.2/mobi/en/free_bike_status.json,2026-07-06T18:18:00Z,2026-07-06T18:18:00Z
mobi_vancouver,mobi_vancouver_3fa18ee5-e5b9-4a3d-b96d-6815634d4b71,3fa18ee5-e5b9-4a3d-b96d-6815634d4b71,49.282214,-123.114101,2,FALSE,FALSE,8400,0012,1783361838,2026-07-06T18:18:01Z,2026-07-06T18:18:01Z,2026-07-06T18:17:16Z,2.2,https://gbfs.kappa.fifteen.eu/gbfs/2.2/mobi/en/gbfs.json,https://gbfs.kappa.fifteen.eu/gbfs/2.2/mobi/en/free_bike_status.json,2026-07-06T18:18:00Z,2026-07-06T18:18:00Z
mobi_vancouver,mobi_vancouver_f81b03fd-d0d3-4a9b-87e1-752fadab60a8,f81b03fd-d0d3-4a9b-87e1-752fadab60a8,49.273568,-123.129935,2,FALSE,FALSE,8400,0137,1783361838,2026-07-06T18:18:01Z,2026-07-06T18:18:01Z,2026-07-06T18:17:16Z,2.2,https://gbfs.kappa.fifteen.eu/gbfs/2.2/mobi/en/gbfs.json,https://gbfs.kappa.fifteen.eu/gbfs/2.2/mobi/en/free_bike_status.json,2026-07-06T18:18:00Z,2026-07-06T18:18:00Z
mobi_vancouver,mobi_vancouver_5efe127f-e1b8-42a7-8dec-8217683cd0c1,5efe127f-e1b8-42a7-8dec-8217683cd0c1,49.281301,-123.139108,2,FALSE,FALSE,8400,0084,1783361838,2026-07-06T18:18:01Z,2026-07-06T18:18:01Z,2026-07-06T18:17:16Z,2.2,https://gbfs.kappa.fifteen.eu/gbfs/2.2/mobi/en/gbfs.json,https://gbfs.kappa.fifteen.eu/gbfs/2.2/mobi/en/free_bike_status.json,2026-07-06T18:18:00Z,2026-07-06T18:18:00Z
mobi_vancouver,mobi_vancouver_0278e28a-af87-4821-b553-2f642d5a85b5,0278e28a-af87-4821-b553-2f642d5a85b5,49.263635,-123.099236,1,FALSE,FALSE,8400,0206,1783361838,2026-07-06T18:18:01Z,2026-07-06T18:18:01Z,2026-07-06T18:17:16Z,2.2,https://gbfs.kappa.fifteen.eu/gbfs/2.2/mobi/en/gbfs.json,https://gbfs.kappa.fifteen.eu/gbfs/2.2/mobi/en/free_bike_status.json,2026-07-06T18:18:00Z,2026-07-06T18:18:00Z
mobi_vancouver,mobi_vancouver_ded58728-4435-406f-b09e-e4dc2b44b4c2,ded58728-4435-406f-b09e-e4dc2b44b4c2,49.283227,-123.120523,2,FALSE,FALSE,8400,0099,1783361838,2026-07-06T18:18:01Z,2026-07-06T18:18:01Z,2026-07-06T18:17:16Z,2.2,https://gbfs.kappa.fifteen.eu/gbfs/2.2/mobi/en/gbfs.json,https://gbfs.kappa.fifteen.eu/gbfs/2.2/mobi/en/free_bike_status.json,2026-07-06T18:18:00Z,2026-07-06T18:18:00Z
mobi_vancouver,mobi_vancouver_96d0e7ae-34b5-4074-9c6c-87596af8c689,96d0e7ae-34b5-4074-9c6c-87596af8c689,49.275679,-123.116963,2,FALSE,FALSE,8800,0027,1783361838,2026-07-06T18:18:01Z,2026-07-06T18:18:01Z,2026-07-06T18:17:16Z,2.2,https://gbfs.kappa.fifteen.eu/gbfs/2.2/mobi/en/gbfs.json,https://gbfs.kappa.fifteen.eu/gbfs/2.2/mobi/en/free_bike_status.json,2026-07-06T18:18:00Z,2026-07-06T18:18:00Z
mobi_vancouver,mobi_vancouver_bc5b08f5-7c00-4466-b4eb-77631fbdf01f,bc5b08f5-7c00-4466-b4eb-77631fbdf01f,49.287097,-123.118551,1,FALSE,FALSE,8800,0016,1783361838,2026-07-06T18:18:01Z,2026-07-06T18:18:01Z,2026-07-06T18:17:16Z,2.2,https://gbfs.kappa.fifteen.eu/gbfs/2.2/mobi/en/gbfs.json,https://gbfs.kappa.fifteen.eu/gbfs/2.2/mobi/en/free_bike_status.json,2026-07-06T18:18:00Z,2026-07-06T18:18:00Z
mobi_vancouver,mobi_vancouver_ac94827d-5100-499f-b3a5-b8001f55c0b4,ac94827d-5100-499f-b3a5-b8001f55c0b4,49.276897,-123.101746,2,FALSE,FALSE,8800,0801,1783361838,2026-07-06T18:18:01Z,2026-07-06T18:18:01Z,2026-07-06T18:17:16Z,2.2,https://gbfs.kappa.fifteen.eu/gbfs/2.2/mobi/en/gbfs.json,https://gbfs.kappa.fifteen.eu/gbfs/2.2/mobi/en/free_bike_status.json,2026-07-06T18:18:00Z,2026-07-06T18:18:00Z
mobi_vancouver,mobi_vancouver_42b31bf6-d881-4134-ab14-46410b417755,42b31bf6-d881-4134-ab14-46410b417755,49.274881,-123.069323,1,FALSE,FALSE,8800,0224,1783361838,2026-07-06T18:18:01Z,2026-07-06T18:18:01Z,2026-07-06T18:17:16Z,2.2,https://gbfs.kappa.fifteen.eu/gbfs/2.2/mobi/en/gbfs.json,https://gbfs.kappa.fifteen.eu/gbfs/2.2/mobi/en/free_bike_status.json,2026-07-06T18:18:00Z,2026-07-06T18:18:00Z
mobi_vancouver,mobi_vancouver_121e77a8-c476-41b7-bc5e-264983f2ec8a,121e77a8-c476-41b7-bc5e-264983f2ec8a,49.280881,-123.130672,2,FALSE,FALSE,8800,0126,1783361838,2026-07-06T18:18:01Z,2026-07-06T18:18:01Z,2026-07-06T18:17:16Z,2.2,https://gbfs.kappa.fifteen.eu/gbfs/2.2/mobi/en/gbfs.json,https://gbfs.kappa.fifteen.eu/gbfs/2.2/mobi/en/free_bike_status.json,2026-07-06T18:18:00Z,2026-07-06T18:18:00Z
mobi_vancouver,mobi_vancouver_263fdf77-2d63-4de8-9c6b-b33f1d505079,263fdf77-2d63-4de8-9c6b-b33f1d505079,49.284605,-123.108662,2,FALSE,FALSE,9200,0052,1783361838,2026-07-06T18:18:01Z,2026-07-06T18:18:01Z,2026-07-06T18:17:16Z,2.2,https://gbfs.kappa.fifteen.eu/gbfs/2.2/mobi/en/gbfs.json,https://gbfs.kappa.fifteen.eu/gbfs/2.2/mobi/en/free_bike_status.json,2026-07-06T18:18:00Z,2026-07-06T18:18:00Z
mobi_vancouver,mobi_vancouver_3e789303-9cdc-47f8-a2e4-51c5ca265079,3e789303-9cdc-47f8-a2e4-51c5ca265079,49.265939,-123.1129,2,FALSE,FALSE,9200,0171,1783361838,2026-07-06T18:18:01Z,2026-07-06T18:18:01Z,2026-07-06T18:17:16Z,2.2,https://gbfs.kappa.fifteen.eu/gbfs/2.2/mobi/en/gbfs.json,https://gbfs.kappa.fifteen.eu/gbfs/2.2/mobi/en/free_bike_status.json,2026-07-06T18:18:00Z,2026-07-06T18:18:00Z
mobi_vancouver,mobi_vancouver_40325c6d-da9c-45a0-932f-3c628430a1be,40325c6d-da9c-45a0-932f-3c628430a1be,49.28526,-123.141809,1,FALSE,FALSE,9600,0060,1783361838,2026-07-06T18:18:01Z,2026-07-06T18:18:01Z,2026-07-06T18:17:16Z,2.2,https://gbfs.kappa.fifteen.eu/gbfs/2.2/mobi/en/gbfs.json,https://gbfs.kappa.fifteen.eu/gbfs/2.2/mobi/en/free_bike_status.json,2026-07-06T18:18:00Z,2026-07-06T18:18:00Z
mobi_vancouver,mobi_vancouver_e4b35a93-18d5-4f99-8ab0-ef8c074fe308,e4b35a93-18d5-4f99-8ab0-ef8c074fe308,49.266774,-123.141135,2,FALSE,FALSE,9600,0153,1783361838,2026-07-06T18:18:01Z,2026-07-06T18:18:01Z,2026-07-06T18:17:16Z,2.2,https://gbfs.kappa.fifteen.eu/gbfs/2.2/mobi/en/gbfs.json,https://gbfs.kappa.fifteen.eu/gbfs/2.2/mobi/en/free_bike_status.json,2026-07-06T18:18:00Z,2026-07-06T18:18:00Z
mobi_vancouver,mobi_vancouver_5e2407a8-80d7-45fe-9e9d-059cdeb8614b,5e2407a8-80d7-45fe-9e9d-059cdeb8614b,49.27594,-123.21482,2,FALSE,FALSE,9600,0801,1783361838,2026-07-06T18:18:01Z,2026-07-06T18:18:01Z,2026-07-06T18:17:16Z,2.2,https://gbfs.kappa.fifteen.eu/gbfs/2.2/mobi/en/gbfs.json,https://gbfs.kappa.fifteen.eu/gbfs/2.2/mobi/en/free_bike_status.json,2026-07-06T18:18:00Z,2026-07-06T18:18:00Z
mobi_vancouver,mobi_vancouver_0af2c3fd-dc34-485c-b2ba-556d13911f30,0af2c3fd-dc34-485c-b2ba-556d13911f30,49.276897,-123.101746,2,FALSE,FALSE,9600,0801,1783361838,2026-07-06T18:18:01Z,2026-07-06T18:18:01Z,2026-07-06T18:17:16Z,2.2,https://gbfs.kappa.fifteen.eu/gbfs/2.2/mobi/en/gbfs.json,https://gbfs.kappa.fifteen.eu/gbfs/2.2/mobi/en/free_bike_status.json,2026-07-06T18:18:00Z,2026-07-06T18:18:00Z
mobi_vancouver,mobi_vancouver_354aee1c-2034-469f-8d63-2256f8488cdd,354aee1c-2034-469f-8d63-2256f8488cdd,49.264326,-123.164725,1,FALSE,FALSE,9600,0464,1783361838,2026-07-06T18:18:01Z,2026-07-06T18:18:01Z,2026-07-06T18:17:16Z,2.2,https://gbfs.kappa.fifteen.eu/gbfs/2.2/mobi/en/gbfs.json,https://gbfs.kappa.fifteen.eu/gbfs/2.2/mobi/en/free_bike_status.json,2026-07-06T18:18:00Z,2026-07-06T18:18:00Z
mobi_vancouver,mobi_vancouver_fe8f92d1-1146-464f-a2b2-6a4298ef2d25,fe8f92d1-1146-464f-a2b2-6a4298ef2d25,49.2585,-123.2521,1,FALSE,FALSE,9600,2117,1783361838,2026-07-06T18:18:01Z,2026-07-06T18:18:01Z,2026-07-06T18:17:16Z,2.2,https://gbfs.kappa.fifteen.eu/gbfs/2.2/mobi/en/gbfs.json,https://gbfs.kappa.fifteen.eu/gbfs/2.2/mobi/en/free_bike_status.json,2026-07-06T18:18:00Z,2026-07-06T18:18:00Z
mobi_vancouver,mobi_vancouver_94928f78-987c-4aa1-99f7-86822017c719,94928f78-987c-4aa1-99f7-86822017c719,49.282214,-123.114101,2,FALSE,FALSE,10000,0012,1783361838,2026-07-06T18:18:01Z,2026-07-06T18:18:01Z,2026-07-06T18:17:16Z,2.2,https://gbfs.kappa.fifteen.eu/gbfs/2.2/mobi/en/gbfs.json,https://gbfs.kappa.fifteen.eu/gbfs/2.2/mobi/en/free_bike_status.json,2026-07-06T18:18:00Z,2026-07-06T18:18:00Z
mobi_vancouver,mobi_vancouver_3a1d590f-af8b-4292-8fb0-494a4f2f341f,3a1d590f-af8b-4292-8fb0-494a4f2f341f,49.27029,-123.135025,1,FALSE,FALSE,10000,0189,1783361838,2026-07-06T18:18:01Z,2026-07-06T18:18:01Z,2026-07-06T18:17:16Z,2.2,https://gbfs.kappa.fifteen.eu/gbfs/2.2/mobi/en/gbfs.json,https://gbfs.kappa.fifteen.eu/gbfs/2.2/mobi/en/free_bike_status.json,2026-07-06T18:18:00Z,2026-07-06T18:18:00Z
mobi_vancouver,mobi_vancouver_b4fc7943-e5ca-4546-9aa2-24f5aa4de367,b4fc7943-e5ca-4546-9aa2-24f5aa4de367,49.268269,-123.147885,2,FALSE,FALSE,10400,0005,1783361838,2026-07-06T18:18:01Z,2026-07-06T18:18:01Z,2026-07-06T18:17:16Z,2.2,https://gbfs.kappa.fifteen.eu/gbfs/2.2/mobi/en/gbfs.json,https://gbfs.kappa.fifteen.eu/gbfs/2.2/mobi/en/free_bike_status.json,2026-07-06T18:18:00Z,2026-07-06T18:18:00Z
mobi_vancouver,mobi_vancouver_84dde7c3-b971-4a83-8bfc-cdf6c1aea334,84dde7c3-b971-4a83-8bfc-cdf6c1aea334,49.265089,-123.119425,2,FALSE,FALSE,10400,0081,1783361838,2026-07-06T18:18:01Z,2026-07-06T18:18:01Z,2026-07-06T18:17:16Z,2.2,https://gbfs.kappa.fifteen.eu/gbfs/2.2/mobi/en/gbfs.json,https://gbfs.kappa.fifteen.eu/gbfs/2.2/mobi/en/free_bike_status.json,2026-07-06T18:18:00Z,2026-07-06T18:18:00Z
mobi_vancouver,mobi_vancouver_a61d1c0d-97da-413e-96ba-5bc877955e6c,a61d1c0d-97da-413e-96ba-5bc877955e6c,49.268269,-123.147885,1,FALSE,FALSE,10400,0076,1783361838,2026-07-06T18:18:01Z,2026-07-06T18:18:01Z,2026-07-06T18:17:16Z,2.2,https://gbfs.kappa.fifteen.eu/gbfs/2.2/mobi/en/gbfs.json,https://gbfs.kappa.fifteen.eu/gbfs/2.2/mobi/en/free_bike_status.json,2026-07-06T18:18:00Z,2026-07-06T18:18:00Z
mobi_vancouver,mobi_vancouver_4442be38-4536-4578-9d04-291b3c03f781,4442be38-4536-4578-9d04-291b3c03f781,49.291909,-123.140713,2,FALSE,FALSE,10400,0092,1783361838,2026-07-06T18:18:01Z,2026-07-06T18:18:01Z,2026-07-06T18:17:16Z,2.2,https://gbfs.kappa.fifteen.eu/gbfs/2.2/mobi/en/gbfs.json,https://gbfs.kappa.fifteen.eu/gbfs/2.2/mobi/en/free_bike_status.json,2026-07-06T18:18:00Z,2026-07-06T18:18:00Z
mobi_vancouver,mobi_vancouver_565b1417-6754-4ecd-a622-d93e9dfd5c83,565b1417-6754-4ecd-a622-d93e9dfd5c83,49.276768,-123.075636,2,FALSE,FALSE,10400,,1783361838,2026-07-06T18:18:01Z,2026-07-06T18:18:01Z,2026-07-06T18:17:16Z,2.2,https://gbfs.kappa.fifteen.eu/gbfs/2.2/mobi/en/gbfs.json,https://gbfs.kappa.fifteen.eu/gbfs/2.2/mobi/en/free_bike_status.json,2026-07-06T18:18:00Z,2026-07-06T18:18:00Z
mobi_vancouver,mobi_vancouver_ed5b59d3-caba-484e-b39f-0ff446696dfb,ed5b59d3-caba-484e-b39f-0ff446696dfb,49.245535,-123.120496,1,FALSE,FALSE,10400,0516,1783361838,2026-07-06T18:18:01Z,2026-07-06T18:18:01Z,2026-07-06T18:17:16Z,2.2,https://gbfs.kappa.fifteen.eu/gbfs/2.2/mobi/en/gbfs.json,https://gbfs.kappa.fifteen.eu/gbfs/2.2/mobi/en/free_bike_status.json,2026-07-06T18:18:00Z,2026-07-06T18:18:00Z
mobi_vancouver,mobi_vancouver_1e92b999-54cc-41c2-a541-b7e15850367b,1e92b999-54cc-41c2-a541-b7e15850367b,49.269172,-123.25279,2,FALSE,FALSE,10400,2131,1783361838,2026-07-06T18:18:01Z,2026-07-06T18:18:01Z,2026-07-06T18:17:16Z,2.2,https://gbfs.kappa.fifteen.eu/gbfs/2.2/mobi/en/gbfs.json,https://gbfs.kappa.fifteen.eu/gbfs/2.2/mobi/en/free_bike_status.json,2026-07-06T18:18:00Z,2026-07-06T18:18:00Z
mobi_vancouver,mobi_vancouver_486f5158-8475-4567-8dae-7afd058e3163,486f5158-8475-4567-8dae-7afd058e3163,49.279938,-123.127478,2,FALSE,FALSE,10800,0039,1783361838,2026-07-06T18:18:01Z,2026-07-06T18:18:01Z,2026-07-06T18:17:16Z,2.2,https://gbfs.kappa.fifteen.eu/gbfs/2.2/mobi/en/gbfs.json,https://gbfs.kappa.fifteen.eu/gbfs/2.2/mobi/en/free_bike_status.json,2026-07-06T18:18:00Z,2026-07-06T18:18:00Z
mobi_vancouver,mobi_vancouver_ffbb3057-3b80-408b-8756-bfdc1cf5ecca,ffbb3057-3b80-408b-8756-bfdc1cf5ecca,49.28803,-123.142135,2,FALSE,FALSE,10800,0031,1783361838,2026-07-06T18:18:01Z,2026-07-06T18:18:01Z,2026-07-06T18:17:16Z,2.2,https://gbfs.kappa.fifteen.eu/gbfs/2.2/mobi/en/gbfs.json,https://gbfs.kappa.fifteen.eu/gbfs/2.2/mobi/en/free_bike_status.json,2026-07-06T18:18:00Z,2026-07-06T18:18:00Z
mobi_vancouver,mobi_vancouver_f5584662-8687-47b1-b782-2a5a6fa3095b,f5584662-8687-47b1-b782-2a5a6fa3095b,49.269361,-123.13782,2,FALSE,FALSE,10800,0066,1783361838,2026-07-06T18:18:01Z,2026-07-06T18:18:01Z,2026-07-06T18:17:16Z,2.2,https://gbfs.kappa.fifteen.eu/gbfs/2.2/mobi/en/gbfs.json,https://gbfs.kappa.fifteen.eu/gbfs/2.2/mobi/en/free_bike_status.json,2026-07-06T18:18:00Z,2026-07-06T18:18:00Z
mobi_vancouver,mobi_vancouver_ff0a7548-f153-4c90-b629-d8069fcf42c4,ff0a7548-f153-4c90-b629-d8069fcf42c4,49.279259,-123.119145,2,FALSE,FALSE,10800,0058,1783361838,2026-07-06T18:18:01Z,2026-07-06T18:18:01Z,2026-07-06T18:17:16Z,2.2,https://gbfs.kappa.fifteen.eu/gbfs/2.2/mobi/en/gbfs.json,https://gbfs.kappa.fifteen.eu/gbfs/2.2/mobi/en/free_bike_status.json,2026-07-06T18:18:00Z,2026-07-06T18:18:00Z
mobi_vancouver,mobi_vancouver_5f71033a-c72d-4039-a6f3-2c6e527db720,5f71033a-c72d-4039-a6f3-2c6e527db720,49.25849,-123.104799,1,FALSE,FALSE,10800,0132,1783361838,2026-07-06T18:18:01Z,2026-07-06T18:18:01Z,2026-07-06T18:17:16Z,2.2,https://gbfs.kappa.fifteen.eu/gbfs/2.2/mobi/en/gbfs.json,https://gbfs.kappa.fifteen.eu/gbfs/2.2/mobi/en/free_bike_status.json,2026-07-06T18:18:00Z,2026-07-06T18:18:00Z
mobi_vancouver,mobi_vancouver_95ffd0c0-4d48-48b5-a7bf-6269f274e46b,95ffd0c0-4d48-48b5-a7bf-6269f274e46b,49.263635,-123.099236,2,FALSE,FALSE,10800,0206,1783361838,2026-07-06T18:18:01Z,2026-07-06T18:18:01Z,2026-07-06T18:17:16Z,2.2,https://gbfs.kappa.fifteen.eu/gbfs/2.2/mobi/en/gbfs.json,https://gbfs.kappa.fifteen.eu/gbfs/2.2/mobi/en/free_bike_status.json,2026-07-06T18:18:00Z,2026-07-06T18:18:00Z
mobi_vancouver,mobi_vancouver_8e40b278-780b-4e9f-933b-312b8c5102bc,8e40b278-780b-4e9f-933b-312b8c5102bc,49.268616,-123.069908,1,FALSE,FALSE,10800,0240,1783361838,2026-07-06T18:18:01Z,2026-07-06T18:18:01Z,2026-07-06T18:17:16Z,2.2,https://gbfs.kappa.fifteen.eu/gbfs/2.2/mobi/en/gbfs.json,https://gbfs.kappa.fifteen.eu/gbfs/2.2/mobi/en/free_bike_status.json,2026-07-06T18:18:00Z,2026-07-06T18:18:00Z
mobi_vancouver,mobi_vancouver_94b1e5e0-8503-47a4-9deb-c3a4aac1550e,94b1e5e0-8503-47a4-9deb-c3a4aac1550e,49.273103,-123.069892,1,FALSE,FALSE,10800,0235,1783361838,2026-07-06T18:18:01Z,2026-07-06T18:18:01Z,2026-07-06T18:17:16Z,2.2,https://gbfs.kappa.fifteen.eu/gbfs/2.2/mobi/en/gbfs.json,https://gbfs.kappa.fifteen.eu/gbfs/2.2/mobi/en/free_bike_status.json,2026-07-06T18:18:00Z,2026-07-06T18:18:00Z
mobi_vancouver,mobi_vancouver_d9a28e21-4d5b-437c-873d-366424b18246,d9a28e21-4d5b-437c-873d-366424b18246,49.277665,-123.073653,1,FALSE,FALSE,10800,0222,1783361838,2026-07-06T18:18:01Z,2026-07-06T18:18:01Z,2026-07-06T18:17:16Z,2.2,https://gbfs.kappa.fifteen.eu/gbfs/2.2/mobi/en/gbfs.json,https://gbfs.kappa.fifteen.eu/gbfs/2.2/mobi/en/free_bike_status.json,2026-07-06T18:18:00Z,2026-07-06T18:18:00Z
mobi_vancouver,mobi_vancouver_6527f42b-3459-4168-88a9-5bab4389db97,6527f42b-3459-4168-88a9-5bab4389db97,49.258761,-123.127071,2,FALSE,FALSE,10800,0202,1783361838,2026-07-06T18:18:01Z,2026-07-06T18:18:01Z,2026-07-06T18:17:16Z,2.2,https://gbfs.kappa.fifteen.eu/gbfs/2.2/mobi/en/gbfs.json,https://gbfs.kappa.fifteen.eu/gbfs/2.2/mobi/en/free_bike_status.json,2026-07-06T18:18:00Z,2026-07-06T18:18:00Z
mobi_vancouver,mobi_vancouver_ff456cee-7a47-4605-8454-61f698e3c420,ff456cee-7a47-4605-8454-61f698e3c420,49.263962,-123.112621,2,FALSE,FALSE,10800,0170,1783361838,2026-07-06T18:18:01Z,2026-07-06T18:18:01Z,2026-07-06T18:17:16Z,2.2,https://gbfs.kappa.fifteen.eu/gbfs/2.2/mobi/en/gbfs.json,https://gbfs.kappa.fifteen.eu/gbfs/2.2/mobi/en/free_bike_status.json,2026-07-06T18:18:00Z,2026-07-06T18:18:00Z
mobi_vancouver,mobi_vancouver_a80d1b78-3922-4a11-8156-5db20ad44f94,a80d1b78-3922-4a11-8156-5db20ad44f94,49.28803,-123.142135,1,FALSE,FALSE,11200,0031,1783361838,2026-07-06T18:18:01Z,2026-07-06T18:18:01Z,2026-07-06T18:17:16Z,2.2,https://gbfs.kappa.fifteen.eu/gbfs/2.2/mobi/en/gbfs.json,https://gbfs.kappa.fifteen.eu/gbfs/2.2/mobi/en/free_bike_status.json,2026-07-06T18:18:00Z,2026-07-06T18:18:00Z
mobi_vancouver,mobi_vancouver_0598f4f0-2215-4781-a096-dee853dcfe05,0598f4f0-2215-4781-a096-dee853dcfe05,49.28972,-123.144028,1,FALSE,FALSE,11200,0047,1783361838,2026-07-06T18:18:01Z,2026-07-06T18:18:01Z,2026-07-06T18:17:16Z,2.2,https://gbfs.kappa.fifteen.eu/gbfs/2.2/mobi/en/gbfs.json,https://gbfs.kappa.fifteen.eu/gbfs/2.2/mobi/en/free_bike_status.json,2026-07-06T18:18:00Z,2026-07-06T18:18:00Z
mobi_vancouver,mobi_vancouver_90ffa883-d954-4670-8937-61bd19666fa3,90ffa883-d954-4670-8937-61bd19666fa3,49.287528,-123.142139,2,FALSE,FALSE,11200,0028,1783361838,2026-07-06T18:18:01Z,2026-07-06T18:18:01Z,2026-07-06T18:17:16Z,2.2,https://gbfs.kappa.fifteen.eu/gbfs/2.2/mobi/en/gbfs.json,https://gbfs.kappa.fifteen.eu/gbfs/2.2/mobi/en/free_bike_status.json,2026-07-06T18:18:00Z,2026-07-06T18:18:00Z
mobi_vancouver,mobi_vancouver_c6d51608-2230-4b33-b189-8b45fc52e567,c6d51608-2230-4b33-b189-8b45fc52e567,49.27821,-123.136972,1,FALSE,FALSE,11200,0083,1783361838,2026-07-06T18:18:01Z,2026-07-06T18:18:01Z,2026-07-06T18:17:16Z,2.2,https://gbfs.kappa.fifteen.eu/gbfs/2.2/mobi/en/gbfs.json,https://gbfs.kappa.fifteen.eu/gbfs/2.2/mobi/en/free_bike_status.json,2026-07-06T18:18:00Z,2026-07-06T18:18:00Z
mobi_vancouver,mobi_vancouver_031513bd-66f2-4752-909d-dcbe8c32f352,031513bd-66f2-4752-909d-dcbe8c32f352,49.27821,-123.136972,2,FALSE,FALSE,11200,0083,1783361838,2026-07-06T18:18:01Z,2026-07-06T18:18:01Z,2026-07-06T18:17:16Z,2.2,https://gbfs.kappa.fifteen.eu/gbfs/2.2/mobi/en/gbfs.json,https://gbfs.kappa.fifteen.eu/gbfs/2.2/mobi/en/free_bike_status.json,2026-07-06T18:18:00Z,2026-07-06T18:18:00Z
mobi_vancouver,mobi_vancouver_4b2e0624-3dce-4a21-885b-fa69cf0b84ae,4b2e0624-3dce-4a21-885b-fa69cf0b84ae,49.277469,-123.081315,1,FALSE,FALSE,11200,0221,1783361838,2026-07-06T18:18:01Z,2026-07-06T18:18:01Z,2026-07-06T18:17:16Z,2.2,https://gbfs.kappa.fifteen.eu/gbfs/2.2/mobi/en/gbfs.json,https://gbfs.kappa.fifteen.eu/gbfs/2.2/mobi/en/free_bike_status.json,2026-07-06T18:18:00Z,2026-07-06T18:18:00Z
mobi_vancouver,mobi_vancouver_0a318420-79e8-4b3e-bc3b-9f0f901d18b2,0a318420-79e8-4b3e-bc3b-9f0f901d18b2,49.280284,-123.097052,1,FALSE,FALSE,11200,0213,1783361838,2026-07-06T18:18:01Z,2026-07-06T18:18:01Z,2026-07-06T18:17:16Z,2.2,https://gbfs.kappa.fifteen.eu/gbfs/2.2/mobi/en/gbfs.json,https://gbfs.kappa.fifteen.eu/gbfs/2.2/mobi/en/free_bike_status.json,2026-07-06T18:18:00Z,2026-07-06T18:18:00Z
mobi_vancouver,mobi_vancouver_66521e46-286d-4c6a-9203-a9c1881f426f,66521e46-286d-4c6a-9203-a9c1881f426f,49.284554,-123.111031,1,FALSE,FALSE,11200,0124,1783361838,2026-07-06T18:18:01Z,2026-07-06T18:18:01Z,2026-07-06T18:17:16Z,2.2,https://gbfs.kappa.fifteen.eu/gbfs/2.2/mobi/en/gbfs.json,https://gbfs.kappa.fifteen.eu/gbfs/2.2/mobi/en/free_bike_status.json,2026-07-06T18:18:00Z,2026-07-06T18:18:00Z
mobi_vancouver,mobi_vancouver_648b21cd-ea5f-4a14-941d-f5d59274a9a0,648b21cd-ea5f-4a14-941d-f5d59274a9a0,49.28602,-123.116624,2,FALSE,FALSE,11600,0024,1783361838,2026-07-06T18:18:01Z,2026-07-06T18:18:01Z,2026-07-06T18:17:16Z,2.2,https://gbfs.kappa.fifteen.eu/gbfs/2.2/mobi/en/gbfs.json,https://gbfs.kappa.fifteen.eu/gbfs/2.2/mobi/en/free_bike_status.json,2026-07-06T18:18:00Z,2026-07-06T18:18:00Z
mobi_vancouver,mobi_vancouver_3d15635d-74fb-4507-a1a7-4b9847fb2969,3d15635d-74fb-4507-a1a7-4b9847fb2969,49.279739,-123.116251,2,FALSE,FALSE,11600,0025,1783361838,2026-07-06T18:18:01Z,2026-07-06T18:18:01Z,2026-07-06T18:17:16Z,2.2,https://gbfs.kappa.fifteen.eu/gbfs/2.2/mobi/en/gbfs.json,https://gbfs.kappa.fifteen.eu/gbfs/2.2/mobi/en/free_bike_status.json,2026-07-06T18:18:00Z,2026-07-06T18:18:00Z
mobi_vancouver,mobi_vancouver_8808f35a-d37c-4813-917d-86fd64bd012c,8808f35a-d37c-4813-917d-86fd64bd012c,49.266476,-123.109389,2,FALSE,FALSE,11600,0165,1783361838,2026-07-06T18:18:01Z,2026-07-06T18:18:01Z,2026-07-06T18:17:16Z,2.2,https://gbfs.kappa.fifteen.eu/gbfs/2.2/mobi/en/gbfs.json,https://gbfs.kappa.fifteen.eu/gbfs/2.2/mobi/en/free_bike_status.json,2026-07-06T18:18:00Z,2026-07-06T18:18:00Z
mobi_vancouver,mobi_vancouver_0fd1e72e-8cf2-4db9-91b8-de24dee41f3d,0fd1e72e-8cf2-4db9-91b8-de24dee41f3d,49.258924,-123.152591,1,FALSE,FALSE,11600,0152,1783361838,2026-07-06T18:18:01Z,2026-07-06T18:18:01Z,2026-07-06T18:17:16Z,2.2,https://gbfs.kappa.fifteen.eu/gbfs/2.2/mobi/en/gbfs.json,https://gbfs.kappa.fifteen.eu/gbfs/2.2/mobi/en/free_bike_status.json,2026-07-06T18:18:00Z,2026-07-06T18:18:00Z
mobi_vancouver,mobi_vancouver_6a568d6a-fcfe-4052-a775-96368185dcf5,6a568d6a-fcfe-4052-a775-96368185dcf5,49.266924,-123.173849,1,FALSE,FALSE,11600,0443,1783361838,2026-07-06T18:18:01Z,2026-07-06T18:18:01Z,2026-07-06T18:17:16Z,2.2,https://gbfs.kappa.fifteen.eu/gbfs/2.2/mobi/en/gbfs.json,https://gbfs.kappa.fifteen.eu/gbfs/2.2/mobi/en/free_bike_status.json,2026-07-06T18:18:00Z,2026-07-06T18:18:00Z
mobi_vancouver,mobi_vancouver_5ca123dc-807f-4186-bdd0-236e75b785a5,5ca123dc-807f-4186-bdd0-236e75b785a5,49.265442,-123.187738,1,FALSE,FALSE,11600,0403,1783361838,2026-07-06T18:18:01Z,2026-07-06T18:18:01Z,2026-07-06T18:17:16Z,2.2,https://gbfs.kappa.fifteen.eu/gbfs/2.2/mobi/en/gbfs.json,https://gbfs.kappa.fifteen.eu/gbfs/2.2/mobi/en/free_bike_status.json,2026-07-06T18:18:00Z,2026-07-06T18:18:00Z
mobi_vancouver,mobi_vancouver_a84350e0-18e4-4268-be21-7ddbab45d2b9,a84350e0-18e4-4268-be21-7ddbab45d2b9,49.279938,-123.127478,2,FALSE,FALSE,12000,0039,1783361838,2026-07-06T18:18:01Z,2026-07-06T18:18:01Z,2026-07-06T18:17:16Z,2.2,https://gbfs.kappa.fifteen.eu/gbfs/2.2/mobi/en/gbfs.json,https://gbfs.kappa.fifteen.eu/gbfs/2.2/mobi/en/free_bike_status.json,2026-07-06T18:18:00Z,2026-07-06T18:18:00Z
mobi_vancouver,mobi_vancouver_8d7f8e8e-334e-4743-a34d-9c5fe85dfc56,8d7f8e8e-334e-4743-a34d-9c5fe85dfc56,49.27808,-123.130557,2,FALSE,FALSE,12000,0089,1783361838,2026-07-06T18:18:01Z,2026-07-06T18:18:01Z,2026-07-06T18:17:16Z,2.2,https://gbfs.kappa.fifteen.eu/gbfs/2.2/mobi/en/gbfs.json,https://gbfs.kappa.fifteen.eu/gbfs/2.2/mobi/en/free_bike_status.json,2026-07-06T18:18:00Z,2026-07-06T18:18:00Z
mobi_vancouver,mobi_vancouver_a6c6bc6d-2c84-447d-a2cf-ed0373f43b20,a6c6bc6d-2c84-447d-a2cf-ed0373f43b20,49.287528,-123.142139,1,FALSE,FALSE,12000,0028,1783361838,2026-07-06T18:18:01Z,2026-07-06T18:18:01Z,2026-07-06T18:17:16Z,2.2,https://gbfs.kappa.fifteen.eu/gbfs/2.2/mobi/en/gbfs.json,https://gbfs.kappa.fifteen.eu/gbfs/2.2/mobi/en/free_bike_status.json,2026-07-06T18:18:00Z,2026-07-06T18:18:00Z
mobi_vancouver,mobi_vancouver_bfd706f1-83ac-4028-9889-ae196f0a506a,bfd706f1-83ac-4028-9889-ae196f0a506a,49.283227,-123.120523,1,FALSE,FALSE,12000,0099,1783361838,2026-07-06T18:18:01Z,2026-07-06T18:18:01Z,2026-07-06T18:17:16Z,2.2,https://gbfs.kappa.fifteen.eu/gbfs/2.2/mobi/en/gbfs.json,https://gbfs.kappa.fifteen.eu/gbfs/2.2/mobi/en/free_bike_status.json,2026-07-06T18:18:00Z,2026-07-06T18:18:00Z
mobi_vancouver,mobi_vancouver_e2d2dc08-ef37-4168-a764-15d10debdb2f,e2d2dc08-ef37-4168-a764-15d10debdb2f,49.263242,-123.070521,1,FALSE,FALSE,12000,0242,1783361838,2026-07-06T18:18:01Z,2026-07-06T18:18:01Z,2026-07-06T18:17:16Z,2.2,https://gbfs.kappa.fifteen.eu/gbfs/2.2/mobi/en/gbfs.json,https://gbfs.kappa.fifteen.eu/gbfs/2.2/mobi/en/free_bike_status.json,2026-07-06T18:18:00Z,2026-07-06T18:18:00Z
mobi_vancouver,mobi_vancouver_10b21a9c-bd4f-43a5-8eef-db4b4d029ed6,10b21a9c-bd4f-43a5-8eef-db4b4d029ed6,49.275882,-123.071865,1,FALSE,FALSE,12000,0232,1783361838,2026-07-06T18:18:01Z,2026-07-06T18:18:01Z,2026-07-06T18:17:16Z,2.2,https://gbfs.kappa.fifteen.eu/gbfs/2.2/mobi/en/gbfs.json,https://gbfs.kappa.fifteen.eu/gbfs/2.2/mobi/en/free_bike_status.json,2026-07-06T18:18:00Z,2026-07-06T18:18:00Z
mobi_vancouver,mobi_vancouver_104a864d-2806-4241-801d-fa29210ddf5d,104a864d-2806-4241-801d-fa29210ddf5d,49.263962,-123.112621,2,FALSE,FALSE,12000,0170,1783361838,2026-07-06T18:18:01Z,2026-07-06T18:18:01Z,2026-07-06T18:17:16Z,2.2,https://gbfs.kappa.fifteen.eu/gbfs/2.2/mobi/en/gbfs.json,https://gbfs.kappa.fifteen.eu/gbfs/2.2/mobi/en/free_bike_status.json,2026-07-06T18:18:00Z,2026-07-06T18:18:00Z
mobi_vancouver,mobi_vancouver_5a4d2020-79e8-4fc4-9ae1-4b19034a4857,5a4d2020-79e8-4fc4-9ae1-4b19034a4857,49.264326,-123.164725,1,FALSE,FALSE,12000,0464,1783361838,2026-07-06T18:18:01Z,2026-07-06T18:18:01Z,2026-07-06T18:17:16Z,2.2,https://gbfs.kappa.fifteen.eu/gbfs/2.2/mobi/en/gbfs.json,https://gbfs.kappa.fifteen.eu/gbfs/2.2/mobi/en/free_bike_status.json,2026-07-06T18:18:00Z,2026-07-06T18:18:00Z
mobi_vancouver,mobi_vancouver_46fe6a50-ef41-41ab-9c5d-4c5044cb31bf,46fe6a50-ef41-41ab-9c5d-4c5044cb31bf,49.26875,-123.25004,2,FALSE,FALSE,12000,2142,1783361838,2026-07-06T18:18:01Z,2026-07-06T18:18:01Z,2026-07-06T18:17:16Z,2.2,https://gbfs.kappa.fifteen.eu/gbfs/2.2/mobi/en/gbfs.json,https://gbfs.kappa.fifteen.eu/gbfs/2.2/mobi/en/free_bike_status.json,2026-07-06T18:18:00Z,2026-07-06T18:18:00Z
mobi_vancouver,mobi_vancouver_191ed10b-c286-40d3-9c1c-99c875dc7429,191ed10b-c286-40d3-9c1c-99c875dc7429,49.28668,-123.04457,1,FALSE,FALSE,12000,0643,1783361838,2026-07-06T18:18:01Z,2026-07-06T18:18:01Z,2026-07-06T18:17:16Z,2.2,https://gbfs.kappa.fifteen.eu/gbfs/2.2/mobi/en/gbfs.json,https://gbfs.kappa.fifteen.eu/gbfs/2.2/mobi/en/free_bike_status.json,2026-07-06T18:18:00Z,2026-07-06T18:18:00Z
mobi_vancouver,mobi_vancouver_08cbacd6-832b-4d25-9b51-ee4413c82264,08cbacd6-832b-4d25-9b51-ee4413c82264,49.28803,-123.142135,2,FALSE,FALSE,12400,0031,1783361838,2026-07-06T18:18:01Z,2026-07-06T18:18:01Z,2026-07-06T18:17:16Z,2.2,https://gbfs.kappa.fifteen.eu/gbfs/2.2/mobi/en/gbfs.json,https://gbfs.kappa.fifteen.eu/gbfs/2.2/mobi/en/free_bike_status.json,2026-07-06T18:18:00Z,2026-07-06T18:18:00Z
mobi_vancouver,mobi_vancouver_9f2fc4c1-e12f-41f0-bdf8-0c31bc5c0b6d,9f2fc4c1-e12f-41f0-bdf8-0c31bc5c0b6d,49.272827,-123.147744,1,FALSE,FALSE,12400,0065,1783361838,2026-07-06T18:18:01Z,2026-07-06T18:18:01Z,2026-07-06T18:17:16Z,2.2,https://gbfs.kappa.fifteen.eu/gbfs/2.2/mobi/en/gbfs.json,https://gbfs.kappa.fifteen.eu/gbfs/2.2/mobi/en/free_bike_status.json,2026-07-06T18:18:00Z,2026-07-06T18:18:00Z
mobi_vancouver,mobi_vancouver_de96a9e7-c86c-4eb0-b176-26a9160dca4e,de96a9e7-c86c-4eb0-b176-26a9160dca4e,49.27029,-123.135025,1,FALSE,FALSE,12400,0189,1783361838,2026-07-06T18:18:01Z,2026-07-06T18:18:01Z,2026-07-06T18:17:16Z,2.2,https://gbfs.kappa.fifteen.eu/gbfs/2.2/mobi/en/gbfs.json,https://gbfs.kappa.fifteen.eu/gbfs/2.2/mobi/en/free_bike_status.json,2026-07-06T18:18:00Z,2026-07-06T18:18:00Z
mobi_vancouver,mobi_vancouver_970dfa5c-cdd3-487b-b036-8f8f690071e7,970dfa5c-cdd3-487b-b036-8f8f690071e7,49.285575,-123.061575,1,FALSE,FALSE,12400,0621,1783361838,2026-07-06T18:18:01Z,2026-07-06T18:18:01Z,2026-07-06T18:17:16Z,2.2,https://gbfs.kappa.fifteen.eu/gbfs/2.2/mobi/en/gbfs.json,https://gbfs.kappa.fifteen.eu/gbfs/2.2/mobi/en/free_bike_status.json,2026-07-06T18:18:00Z,2026-07-06T18:18:00Z
mobi_vancouver,mobi_vancouver_0678dd15-e2d8-41f8-97db-e3ef5dbd1e12,0678dd15-e2d8-41f8-97db-e3ef5dbd1e12,49.261736,-123.24648,1,FALSE,FALSE,12400,2136,1783361838,2026-07-06T18:18:01Z,2026-07-06T18:18:01Z,2026-07-06T18:17:16Z,2.2,https://gbfs.kappa.fifteen.eu/gbfs/2.2/mobi/en/gbfs.json,https://gbfs.kappa.fifteen.eu/gbfs/2.2/mobi/en/free_bike_status.json,2026-07-06T18:18:00Z,2026-07-06T18:18:00Z
mobi_vancouver,mobi_vancouver_0fb84803-7b6b-442c-ad4e-f11a671c7a9d,0fb84803-7b6b-442c-ad4e-f11a671c7a9d,49.262598,-123.138921,1,FALSE,FALSE,12800,0070,1783361838,2026-07-06T18:18:01Z,2026-07-06T18:18:01Z,2026-07-06T18:17:16Z,2.2,https://gbfs.kappa.fifteen.eu/gbfs/2.2/mobi/en/gbfs.json,https://gbfs.kappa.fifteen.eu/gbfs/2.2/mobi/en/free_bike_status.json,2026-07-06T18:18:00Z,2026-07-06T18:18:00Z
mobi_vancouver,mobi_vancouver_0a209682-51d4-42b8-b03e-44419fb5d6e7,0a209682-51d4-42b8-b03e-44419fb5d6e7,49.267859,-123.145782,1,FALSE,FALSE,12800,0139,1783361838,2026-07-06T18:18:01Z,2026-07-06T18:18:01Z,2026-07-06T18:17:16Z,2.2,https://gbfs.kappa.fifteen.eu/gbfs/2.2/mobi/en/gbfs.json,https://gbfs.kappa.fifteen.eu/gbfs/2.2/mobi/en/free_bike_status.json,2026-07-06T18:18:00Z,2026-07-06T18:18:00Z
mobi_vancouver,mobi_vancouver_600e3974-916b-49d4-af74-9f8d78685565,600e3974-916b-49d4-af74-9f8d78685565,49.261403,-123.070102,1,FALSE,FALSE,12800,0244,1783361838,2026-07-06T18:18:01Z,2026-07-06T18:18:01Z,2026-07-06T18:17:16Z,2.2,https://gbfs.kappa.fifteen.eu/gbfs/2.2/mobi/en/gbfs.json,https://gbfs.kappa.fifteen.eu/gbfs/2.2/mobi/en/free_bike_status.json,2026-07-06T18:18:00Z,2026-07-06T18:18:00Z
mobi_vancouver,mobi_vancouver_9bafee02-57d2-4caa-9e53-6882391f09f0,9bafee02-57d2-4caa-9e53-6882391f09f0,49.258761,-123.127071,2,FALSE,FALSE,12800,0202,1783361838,2026-07-06T18:18:01Z,2026-07-06T18:18:01Z,2026-07-06T18:17:16Z,2.2,https://gbfs.kappa.fifteen.eu/gbfs/2.2/mobi/en/gbfs.json,https://gbfs.kappa.fifteen.eu/gbfs/2.2/mobi/en/free_bike_status.json,2026-07-06T18:18:00Z,2026-07-06T18:18:00Z
mobi_vancouver,mobi_vancouver_4532736b-8762-480c-b8de-17d331ce8dae,4532736b-8762-480c-b8de-17d331ce8dae,49.283986,-123.065264,2,FALSE,FALSE,12800,0280,1783361838,2026-07-06T18:18:01Z,2026-07-06T18:18:01Z,2026-07-06T18:17:16Z,2.2,https://gbfs.kappa.fifteen.eu/gbfs/2.2/mobi/en/gbfs.json,https://gbfs.kappa.fifteen.eu/gbfs/2.2/mobi/en/free_bike_status.json,2026-07-06T18:18:00Z,2026-07-06T18:18:00Z
mobi_vancouver,mobi_vancouver_64b429bf-8c89-41c7-ab22-dec27fb22855,64b429bf-8c89-41c7-ab22-dec27fb22855,49.264928,-123.168068,1,FALSE,FALSE,12800,0452,1783361838,2026-07-06T18:18:01Z,2026-07-06T18:18:01Z,2026-07-06T18:17:16Z,2.2,https://gbfs.kappa.fifteen.eu/gbfs/2.2/mobi/en/gbfs.json,https://gbfs.kappa.fifteen.eu/gbfs/2.2/mobi/en/free_bike_status.json,2026-07-06T18:18:00Z,2026-07-06T18:18:00Z
mobi_vancouver,mobi_vancouver_ff8c7e1f-9b4d-4672-9d9f-044834986a98,ff8c7e1f-9b4d-4672-9d9f-044834986a98,49.282087,-123.056909,1,FALSE,FALSE,12800,0642,1783361838,2026-07-06T18:18:01Z,2026-07-06T18:18:01Z,2026-07-06T18:17:16Z,2.2,https://gbfs.kappa.fifteen.eu/gbfs/2.2/mobi/en/gbfs.json,https://gbfs.kappa.fifteen.eu/gbfs/2.2/mobi/en/free_bike_status.json,2026-07-06T18:18:00Z,2026-07-06T18:18:00Z
mobi_vancouver,mobi_vancouver_a1eb8d13-4924-4a89-a270-82bf1a6f8ff7,a1eb8d13-4924-4a89-a270-82bf1a6f8ff7,49.27549,-123.12882,1,FALSE,FALSE,12800,0318,1783361838,2026-07-06T18:18:01Z,2026-07-06T18:18:01Z,2026-07-06T18:17:16Z,2.2,https://gbfs.kappa.fifteen.eu/gbfs/2.2/mobi/en/gbfs.json,https://gbfs.kappa.fifteen.eu/gbfs/2.2/mobi/en/free_bike_status.json,2026-07-06T18:18:00Z,2026-07-06T18:18:00Z
mobi_vancouver,mobi_vancouver_26f48130-d47a-4b78-8b4a-2d180ea57c4f,26f48130-d47a-4b78-8b4a-2d180ea57c4f,49.287097,-123.118551,2,FALSE,FALSE,13200,0016,1783361838,2026-07-06T18:18:01Z,2026-07-06T18:18:01Z,2026-07-06T18:17:16Z,2.2,https://gbfs.kappa.fifteen.eu/gbfs/2.2/mobi/en/gbfs.json,https://gbfs.kappa.fifteen.eu/gbfs/2.2/mobi/en/free_bike_status.json,2026-07-06T18:18:00Z,2026-07-06T18:18:00Z
mobi_vancouver,mobi_vancouver_26253610-f63c-4553-b062-02a393394b7e,26253610-f63c-4553-b062-02a393394b7e,49.257654,-123.153212,1,FALSE,FALSE,13200,0113,1783361838,2026-07-06T18:18:01Z,2026-07-06T18:18:01Z,2026-07-06T18:17:16Z,2.2,https://gbfs.kappa.fifteen.eu/gbfs/2.2/mobi/en/gbfs.json,https://gbfs.kappa.fifteen.eu/gbfs/2.2/mobi/en/free_bike_status.json,2026-07-06T18:18:00Z,2026-07-06T18:18:00Z
mobi_vancouver,mobi_vancouver_e69cbe55-c14c-42ec-812a-603475575196,e69cbe55-c14c-42ec-812a-603475575196,49.263837,-123.105173,1,FALSE,FALSE,13200,0107,1783361838,2026-07-06T18:18:01Z,2026-07-06T18:18:01Z,2026-07-06T18:17:16Z,2.2,https://gbfs.kappa.fifteen.eu/gbfs/2.2/mobi/en/gbfs.json,https://gbfs.kappa.fifteen.eu/gbfs/2.2/mobi/en/free_bike_status.json,2026-07-06T18:18:00Z,2026-07-06T18:18:00Z
mobi_vancouver,mobi_vancouver_e1dd38af-fc8f-4af0-83de-285ae052a71b,e1dd38af-fc8f-4af0-83de-285ae052a71b,49.27821,-123.136972,1,FALSE,FALSE,13200,0083,1783361838,2026-07-06T18:18:01Z,2026-07-06T18:18:01Z,2026-07-06T18:17:16Z,2.2,https://gbfs.kappa.fifteen.eu/gbfs/2.2/mobi/en/gbfs.json,https://gbfs.kappa.fifteen.eu/gbfs/2.2/mobi/en/free_bike_status.json,2026-07-06T18:18:00Z,2026-07-06T18:18:00Z
mobi_vancouver,mobi_vancouver_603b8871-d59f-4cab-848c-025eb7b2eb52,603b8871-d59f-4cab-848c-025eb7b2eb52,49.284157,-123.099917,1,FALSE,FALSE,13200,0150,1783361838,2026-07-06T18:18:01Z,2026-07-06T18:18:01Z,2026-07-06T18:17:16Z,2.2,https://gbfs.kappa.fifteen.eu/gbfs/2.2/mobi/en/gbfs.json,https://gbfs.kappa.fifteen.eu/gbfs/2.2/mobi/en/free_bike_status.json,2026-07-06T18:18:00Z,2026-07-06T18:18:00Z
mobi_vancouver,mobi_vancouver_892f120d-0712-442b-9a3e-54be994cb37a,892f120d-0712-442b-9a3e-54be994cb37a,49.282758,-123.122092,1,FALSE,FALSE,13200,0019,1783361838,2026-07-06T18:18:01Z,2026-07-06T18:18:01Z,2026-07-06T18:17:16Z,2.2,https://gbfs.kappa.fifteen.eu/gbfs/2.2/mobi/en/gbfs.json,https://gbfs.kappa.fifteen.eu/gbfs/2.2/mobi/en/free_bike_status.json,2026-07-06T18:18:00Z,2026-07-06T18:18:00Z
mobi_vancouver,mobi_vancouver_37b2f7bb-9d6e-4eb2-be7a-a82fa8ec5db2,37b2f7bb-9d6e-4eb2-be7a-a82fa8ec5db2,49.268503,-123.097501,2,FALSE,FALSE,13200,0197,1783361838,2026-07-06T18:18:01Z,2026-07-06T18:18:01Z,2026-07-06T18:17:16Z,2.2,https://gbfs.kappa.fifteen.eu/gbfs/2.2/mobi/en/gbfs.json,https://gbfs.kappa.fifteen.eu/gbfs/2.2/mobi/en/free_bike_status.json,2026-07-06T18:18:00Z,2026-07-06T18:18:00Z
mobi_vancouver,mobi_vancouver_df1f7954-f451-494b-baa9-364b7779981a,df1f7954-f451-494b-baa9-364b7779981a,49.284062,-123.095097,2,FALSE,FALSE,13200,0161,1783361838,2026-07-06T18:18:01Z,2026-07-06T18:18:01Z,2026-07-06T18:17:16Z,2.2,https://gbfs.kappa.fifteen.eu/gbfs/2.2/mobi/en/gbfs.json,https://gbfs.kappa.fifteen.eu/gbfs/2.2/mobi/en/free_bike_status.json,2026-07-06T18:18:00Z,2026-07-06T18:18:00Z
mobi_vancouver,mobi_vancouver_fafcc344-c8b0-42dc-a297-2fff828d5656,fafcc344-c8b0-42dc-a297-2fff828d5656,49.280332,-123.070068,1,FALSE,FALSE,13200,0224,1783361838,2026-07-06T18:18:01Z,2026-07-06T18:18:01Z,2026-07-06T18:17:16Z,2.2,https://gbfs.kappa.fifteen.eu/gbfs/2.2/mobi/en/gbfs.json,https://gbfs.kappa.fifteen.eu/gbfs/2.2/mobi/en/free_bike_status.json,2026-07-06T18:18:00Z,2026-07-06T18:18:00Z
mobi_vancouver,mobi_vancouver_c3e778a4-bdeb-41f3-9775-c5f9d3d6bc41,c3e778a4-bdeb-41f3-9775-c5f9d3d6bc41,49.284554,-123.111031,1,FALSE,FALSE,13200,0124,1783361838,2026-07-06T18:18:01Z,2026-07-06T18:18:01Z,2026-07-06T18:17:16Z,2.2,https://gbfs.kappa.fifteen.eu/gbfs/2.2/mobi/en/gbfs.json,https://gbfs.kappa.fifteen.eu/gbfs/2.2/mobi/en/free_bike_status.json,2026-07-06T18:18:00Z,2026-07-06T18:18:00Z
mobi_vancouver,mobi_vancouver_de31e423-4ba6-4e6c-80e4-ebfedf45e544,de31e423-4ba6-4e6c-80e4-ebfedf45e544,49.266579,-123.248549,1,FALSE,FALSE,13200,2143,1783361838,2026-07-06T18:18:01Z,2026-07-06T18:18:01Z,2026-07-06T18:17:16Z,2.2,https://gbfs.kappa.fifteen.eu/gbfs/2.2/mobi/en/gbfs.json,https://gbfs.kappa.fifteen.eu/gbfs/2.2/mobi/en/free_bike_status.json,2026-07-06T18:18:00Z,2026-07-06T18:18:00Z
mobi_vancouver,mobi_vancouver_520c4184-f018-43ba-a6b9-1c2b7dc437e3,520c4184-f018-43ba-a6b9-1c2b7dc437e3,49.258763,-123.115392,1,FALSE,FALSE,13600,0072,1783361838,2026-07-06T18:18:01Z,2026-07-06T18:18:01Z,2026-07-06T18:17:16Z,2.2,https://gbfs.kappa.fifteen.eu/gbfs/2.2/mobi/en/gbfs.json,https://gbfs.kappa.fifteen.eu/gbfs/2.2/mobi/en/free_bike_status.json,2026-07-06T18:18:00Z,2026-07-06T18:18:00Z
mobi_vancouver,mobi_vancouver_397d12aa-17c2-4382-b48d-d043dc009a4a,397d12aa-17c2-4382-b48d-d043dc009a4a,49.27821,-123.136972,1,FALSE,FALSE,13600,0083,1783361838,2026-07-06T18:18:01Z,2026-07-06T18:18:01Z,2026-07-06T18:17:16Z,2.2,https://gbfs.kappa.fifteen.eu/gbfs/2.2/mobi/en/gbfs.json,https://gbfs.kappa.fifteen.eu/gbfs/2.2/mobi/en/free_bike_status.json,2026-07-06T18:18:00Z,2026-07-06T18:18:00Z
mobi_vancouver,mobi_vancouver_16208403-ac49-47cd-ba3f-2e1940a19237,16208403-ac49-47cd-ba3f-2e1940a19237,49.262242,-123.081459,1,FALSE,FALSE,13600,0246,1783361838,2026-07-06T18:18:01Z,2026-07-06T18:18:01Z,2026-07-06T18:17:16Z,2.2,https://gbfs.kappa.fifteen.eu/gbfs/2.2/mobi/en/gbfs.json,https://gbfs.kappa.fifteen.eu/gbfs/2.2/mobi/en/free_bike_status.json,2026-07-06T18:18:00Z,2026-07-06T18:18:00Z
mobi_vancouver,mobi_vancouver_31547b07-2f80-4081-a899-48b1a910e422,31547b07-2f80-4081-a899-48b1a910e422,49.263242,-123.070521,1,FALSE,FALSE,13600,0242,1783361838,2026-07-06T18:18:01Z,2026-07-06T18:18:01Z,2026-07-06T18:17:16Z,2.2,https://gbfs.kappa.fifteen.eu/gbfs/2.2/mobi/en/gbfs.json,https://gbfs.kappa.fifteen.eu/gbfs/2.2/mobi/en/free_bike_status.json,2026-07-06T18:18:00Z,2026-07-06T18:18:00Z
mobi_vancouver,mobi_vancouver_4e48d1d7-cb85-4db2-b12b-e6a975cb8e6f,4e48d1d7-cb85-4db2-b12b-e6a975cb8e6f,49.263746,-123.069892,1,FALSE,FALSE,13600,0254,1783361838,2026-07-06T18:18:01Z,2026-07-06T18:18:01Z,2026-07-06T18:17:16Z,2.2,https://gbfs.kappa.fifteen.eu/gbfs/2.2/mobi/en/gbfs.json,https://gbfs.kappa.fifteen.eu/gbfs/2.2/mobi/en/free_bike_status.json,2026-07-06T18:18:00Z,2026-07-06T18:18:00Z
mobi_vancouver,mobi_vancouver_a628c0c1-609d-4810-acc2-d8fd407fd048,a628c0c1-609d-4810-acc2-d8fd407fd048,49.264251,-123.073853,1,FALSE,FALSE,13600,0249,1783361838,2026-07-06T18:18:01Z,2026-07-06T18:18:01Z,2026-07-06T18:17:16Z,2.2,https://gbfs.kappa.fifteen.eu/gbfs/2.2/mobi/en/gbfs.json,https://gbfs.kappa.fifteen.eu/gbfs/2.2/mobi/en/free_bike_status.json,2026-07-06T18:18:00Z,2026-07-06T18:18:00Z
mobi_vancouver,mobi_vancouver_5826c1a0-1281-43e6-a2e8-089f2f7e3121,5826c1a0-1281-43e6-a2e8-089f2f7e3121,49.261973,-123.09725,1,FALSE,FALSE,13600,0186,1783361838,2026-07-06T18:18:01Z,2026-07-06T18:18:01Z,2026-07-06T18:17:16Z,2.2,https://gbfs.kappa.fifteen.eu/gbfs/2.2/mobi/en/gbfs.json,https://gbfs.kappa.fifteen.eu/gbfs/2.2/mobi/en/free_bike_status.json,2026-07-06T18:18:00Z,2026-07-06T18:18:00Z
mobi_vancouver,mobi_vancouver_48b9a9ec-36d1-4dd8-b949-70676b515d25,48b9a9ec-36d1-4dd8-b949-70676b515d25,49.272969,-123.164325,1,FALSE,FALSE,13600,0460,1783361838,2026-07-06T18:18:01Z,2026-07-06T18:18:01Z,2026-07-06T18:17:16Z,2.2,https://gbfs.kappa.fifteen.eu/gbfs/2.2/mobi/en/gbfs.json,https://gbfs.kappa.fifteen.eu/gbfs/2.2/mobi/en/free_bike_status.json,2026-07-06T18:18:00Z,2026-07-06T18:18:00Z
mobi_vancouver,mobi_vancouver_bdf46370-b6a3-4769-87a3-2658188b5241,bdf46370-b6a3-4769-87a3-2658188b5241,49.285575,-123.061575,1,FALSE,FALSE,13600,0621,1783361838,2026-07-06T18:18:01Z,2026-07-06T18:18:01Z,2026-07-06T18:17:16Z,2.2,https://gbfs.kappa.fifteen.eu/gbfs/2.2/mobi/en/gbfs.json,https://gbfs.kappa.fifteen.eu/gbfs/2.2/mobi/en/free_bike_status.json,2026-07-06T18:18:00Z,2026-07-06T18:18:00Z
mobi_vancouver,mobi_vancouver_66930d8e-345b-4a88-8247-cf6b7ce7305f,66930d8e-345b-4a88-8247-cf6b7ce7305f,49.26213,-123.11989,1,FALSE,FALSE,13600,0121,1783361838,2026-07-06T18:18:01Z,2026-07-06T18:18:01Z,2026-07-06T18:17:16Z,2.2,https://gbfs.kappa.fifteen.eu/gbfs/2.2/mobi/en/gbfs.json,https://gbfs.kappa.fifteen.eu/gbfs/2.2/mobi/en/free_bike_status.json,2026-07-06T18:18:00Z,2026-07-06T18:18:00Z
mobi_vancouver,mobi_vancouver_93b6794f-5eee-4152-997b-5998086b0be8,93b6794f-5eee-4152-997b-5998086b0be8,49.27808,-123.130557,2,FALSE,FALSE,14000,0089,1783361838,2026-07-06T18:18:01Z,2026-07-06T18:18:01Z,2026-07-06T18:17:16Z,2.2,https://gbfs.kappa.fifteen.eu/gbfs/2.2/mobi/en/gbfs.json,https://gbfs.kappa.fifteen.eu/gbfs/2.2/mobi/en/free_bike_status.json,2026-07-06T18:18:00Z,2026-07-06T18:18:00Z
mobi_vancouver,mobi_vancouver_a3594e40-42c8-4ccc-96a5-edb1395ad31c,a3594e40-42c8-4ccc-96a5-edb1395ad31c,49.279739,-123.116251,1,FALSE,FALSE,14000,0025,1783361838,2026-07-06T18:18:01Z,2026-07-06T18:18:01Z,2026-07-06T18:17:16Z,2.2,https://gbfs.kappa.fifteen.eu/gbfs/2.2/mobi/en/gbfs.json,https://gbfs.kappa.fifteen.eu/gbfs/2.2/mobi/en/free_bike_status.json,2026-07-06T18:18:00Z,2026-07-06T18:18:00Z
mobi_vancouver,mobi_vancouver_17ae68e5-cfb5-43ed-a3af-8bf5a69898ed,17ae68e5-cfb5-43ed-a3af-8bf5a69898ed,49.287528,-123.142139,2,FALSE,FALSE,14000,0028,1783361838,2026-07-06T18:18:01Z,2026-07-06T18:18:01Z,2026-07-06T18:17:16Z,2.2,https://gbfs.kappa.fifteen.eu/gbfs/2.2/mobi/en/gbfs.json,https://gbfs.kappa.fifteen.eu/gbfs/2.2/mobi/en/free_bike_status.json,2026-07-06T18:18:00Z,2026-07-06T18:18:00Z
mobi_vancouver,mobi_vancouver_a3815229-0ac2-4427-8384-6cf662a13abd,a3815229-0ac2-4427-8384-6cf662a13abd,49.281301,-123.139108,2,FALSE,FALSE,14000,0084,1783361838,2026-07-06T18:18:01Z,2026-07-06T18:18:01Z,2026-07-06T18:17:16Z,2.2,https://gbfs.kappa.fifteen.eu/gbfs/2.2/mobi/en/gbfs.json,https://gbfs.kappa.fifteen.eu/gbfs/2.2/mobi/en/free_bike_status.json,2026-07-06T18:18:00Z,2026-07-06T18:18:00Z
mobi_vancouver,mobi_vancouver_97e9af71-2db8-4941-bc9d-87367364ff1a,97e9af71-2db8-4941-bc9d-87367364ff1a,49.268616,-123.069908,1,FALSE,FALSE,14000,0240,1783361838,2026-07-06T18:18:01Z,2026-07-06T18:18:01Z,2026-07-06T18:17:16Z,2.2,https://gbfs.kappa.fifteen.eu/gbfs/2.2/mobi/en/gbfs.json,https://gbfs.kappa.fifteen.eu/gbfs/2.2/mobi/en/free_bike_status.json,2026-07-06T18:18:00Z,2026-07-06T18:18:00Z
mobi_vancouver,mobi_vancouver_e3b82f64-41ca-4a66-a06c-9097af138f8f,e3b82f64-41ca-4a66-a06c-9097af138f8f,49.258761,-123.127071,2,FALSE,FALSE,14000,0202,1783361838,2026-07-06T18:18:01Z,2026-07-06T18:18:01Z,2026-07-06T18:17:16Z,2.2,https://gbfs.kappa.fifteen.eu/gbfs/2.2/mobi/en/gbfs.json,https://gbfs.kappa.fifteen.eu/gbfs/2.2/mobi/en/free_bike_status.json,2026-07-06T18:18:00Z,2026-07-06T18:18:00Z
mobi_vancouver,mobi_vancouver_8b8a7ed3-7541-4953-a526-7c42d9e22698,8b8a7ed3-7541-4953-a526-7c42d9e22698,0,0,1,FALSE,FALSE,14000,0262,1783361838,2026-07-06T18:18:01Z,2026-07-06T18:18:01Z,2026-07-06T18:17:16Z,2.2,https://gbfs.kappa.fifteen.eu/gbfs/2.2/mobi/en/gbfs.json,https://gbfs.kappa.fifteen.eu/gbfs/2.2/mobi/en/free_bike_status.json,2026-07-06T18:18:00Z,2026-07-06T18:18:00Z
mobi_vancouver,mobi_vancouver_eac531a3-ff7c-4dc4-9089-01ad865480bf,eac531a3-ff7c-4dc4-9089-01ad865480bf,49.266725,-123.065925,1,FALSE,FALSE,14000,0273,1783361838,2026-07-06T18:18:01Z,2026-07-06T18:18:01Z,2026-07-06T18:17:16Z,2.2,https://gbfs.kappa.fifteen.eu/gbfs/2.2/mobi/en/gbfs.json,https://gbfs.kappa.fifteen.eu/gbfs/2.2/mobi/en/free_bike_status.json,2026-07-06T18:18:00Z,2026-07-06T18:18:00Z
mobi_vancouver,mobi_vancouver_2bb16ae1-0be9-4df4-b26d-6922bc5029b8,2bb16ae1-0be9-4df4-b26d-6922bc5029b8,49.284893,-123.128685,2,FALSE,FALSE,14000,0300,1783361838,2026-07-06T18:18:01Z,2026-07-06T18:18:01Z,2026-07-06T18:17:16Z,2.2,https://gbfs.kappa.fifteen.eu/gbfs/2.2/mobi/en/gbfs.json,https://gbfs.kappa.fifteen.eu/gbfs/2.2/mobi/en/free_bike_status.json,2026-07-06T18:18:00Z,2026-07-06T18:18:00Z
mobi_vancouver,mobi_vancouver_36017302-ab11-4373-ad8c-71cf5d379a2d,36017302-ab11-4373-ad8c-71cf5d379a2d,49.290587,-123.13625,1,FALSE,FALSE,14000,0122,1783361838,2026-07-06T18:18:01Z,2026-07-06T18:18:01Z,2026-07-06T18:17:16Z,2.2,https://gbfs.kappa.fifteen.eu/gbfs/2.2/mobi/en/gbfs.json,https://gbfs.kappa.fifteen.eu/gbfs/2.2/mobi/en/free_bike_status.json,2026-07-06T18:18:00Z,2026-07-06T18:18:00Z
mobi_vancouver,mobi_vancouver_15daf190-4d7f-42ae-8adf-9f5a7d391eb1,15daf190-4d7f-42ae-8adf-9f5a7d391eb1,49.25976,-123.2479,1,FALSE,FALSE,14000,2127,1783361838,2026-07-06T18:18:01Z,2026-07-06T18:18:01Z,2026-07-06T18:17:16Z,2.2,https://gbfs.kappa.fifteen.eu/gbfs/2.2/mobi/en/gbfs.json,https://gbfs.kappa.fifteen.eu/gbfs/2.2/mobi/en/free_bike_status.json,2026-07-06T18:18:00Z,2026-07-06T18:18:00Z
mobi_vancouver,mobi_vancouver_0947f62a-3d85-4a9a-b1db-c323bd263544,0947f62a-3d85-4a9a-b1db-c323bd263544,49.282758,-123.122092,1,FALSE,FALSE,14400,0093,1783361838,2026-07-06T18:18:01Z,2026-07-06T18:18:01Z,2026-07-06T18:17:16Z,2.2,https://gbfs.kappa.fifteen.eu/gbfs/2.2/mobi/en/gbfs.json,https://gbfs.kappa.fifteen.eu/gbfs/2.2/mobi/en/free_bike_status.json,2026-07-06T18:18:00Z,2026-07-06T18:18:00Z
mobi_vancouver,mobi_vancouver_135ecaa5-01c4-4684-8ab5-83b9ec560715,135ecaa5-01c4-4684-8ab5-83b9ec560715,49.263837,-123.105173,2,FALSE,FALSE,14400,0107,1783361838,2026-07-06T18:18:01Z,2026-07-06T18:18:01Z,2026-07-06T18:17:16Z,2.2,https://gbfs.kappa.fifteen.eu/gbfs/2.2/mobi/en/gbfs.json,https://gbfs.kappa.fifteen.eu/gbfs/2.2/mobi/en/free_bike_status.json,2026-07-06T18:18:00Z,2026-07-06T18:18:00Z
mobi_vancouver,mobi_vancouver_41366af2-2e80-4a83-bbee-e2b6340dd706,41366af2-2e80-4a83-bbee-e2b6340dd706,49.282758,-123.122092,2,FALSE,FALSE,14400,0019,1783361838,2026-07-06T18:18:01Z,2026-07-06T18:18:01Z,2026-07-06T18:17:16Z,2.2,https://gbfs.kappa.fifteen.eu/gbfs/2.2/mobi/en/gbfs.json,https://gbfs.kappa.fifteen.eu/gbfs/2.2/mobi/en/free_bike_status.json,2026-07-06T18:18:00Z,2026-07-06T18:18:00Z
mobi_vancouver,mobi_vancouver_f6b06411-b8a8-4db8-9e28-706525346418,f6b06411-b8a8-4db8-9e28-706525346418,49.266969,-123.069936,2,FALSE,FALSE,14400,0241,1783361838,2026-07-06T18:18:01Z,2026-07-06T18:18:01Z,2026-07-06T18:17:16Z,2.2,https://gbfs.kappa.fifteen.eu/gbfs/2.2/mobi/en/gbfs.json,https://gbfs.kappa.fifteen.eu/gbfs/2.2/mobi/en/free_bike_status.json,2026-07-06T18:18:00Z,2026-07-06T18:18:00Z
mobi_vancouver,mobi_vancouver_01ffe673-ead1-429a-af23-e2023dfb65ae,01ffe673-ead1-429a-af23-e2023dfb65ae,49.277333,-123.087359,1,FALSE,FALSE,14400,0219,1783361838,2026-07-06T18:18:01Z,2026-07-06T18:18:01Z,2026-07-06T18:17:16Z,2.2,https://gbfs.kappa.fifteen.eu/gbfs/2.2/mobi/en/gbfs.json,https://gbfs.kappa.fifteen.eu/gbfs/2.2/mobi/en/free_bike_status.json,2026-07-06T18:18:00Z,2026-07-06T18:18:00Z
mobi_vancouver,mobi_vancouver_5fe8a3a8-c99d-4d8d-a013-26c9e98815b1,5fe8a3a8-c99d-4d8d-a013-26c9e98815b1,49.271471,-123.17731,1,FALSE,FALSE,14400,0440,1783361838,2026-07-06T18:18:01Z,2026-07-06T18:18:01Z,2026-07-06T18:17:16Z,2.2,https://gbfs.kappa.fifteen.eu/gbfs/2.2/mobi/en/gbfs.json,https://gbfs.kappa.fifteen.eu/gbfs/2.2/mobi/en/free_bike_status.json,2026-07-06T18:18:00Z,2026-07-06T18:18:00Z
mobi_vancouver,mobi_vancouver_a10a4cab-f8af-43c3-8b76-425eb2ac4269,a10a4cab-f8af-43c3-8b76-425eb2ac4269,49.271471,-123.17731,1,FALSE,FALSE,14400,0440,1783361838,2026-07-06T18:18:01Z,2026-07-06T18:18:01Z,2026-07-06T18:17:16Z,2.2,https://gbfs.kappa.fifteen.eu/gbfs/2.2/mobi/en/gbfs.json,https://gbfs.kappa.fifteen.eu/gbfs/2.2/mobi/en/free_bike_status.json,2026-07-06T18:18:00Z,2026-07-06T18:18:00Z
mobi_vancouver,mobi_vancouver_77063f5f-3d91-4381-9873-cda2acf04bb6,77063f5f-3d91-4381-9873-cda2acf04bb6,49.268837,-123.177633,1,FALSE,FALSE,14400,0431,1783361838,2026-07-06T18:18:01Z,2026-07-06T18:18:01Z,2026-07-06T18:17:16Z,2.2,https://gbfs.kappa.fifteen.eu/gbfs/2.2/mobi/en/gbfs.json,https://gbfs.kappa.fifteen.eu/gbfs/2.2/mobi/en/free_bike_status.json,2026-07-06T18:18:00Z,2026-07-06T18:18:00Z
mobi_vancouver,mobi_vancouver_e10b66ec-2d16-4337-9eb6-df32fdd2e7f4,e10b66ec-2d16-4337-9eb6-df32fdd2e7f4,49.288682,-123.11818,1,FALSE,FALSE,14800,0201,1783361838,2026-07-06T18:18:01Z,2026-07-06T18:18:01Z,2026-07-06T18:17:16Z,2.2,https://gbfs.kappa.fifteen.eu/gbfs/2.2/mobi/en/gbfs.json,https://gbfs.kappa.fifteen.eu/gbfs/2.2/mobi/en/free_bike_status.json,2026-07-06T18:18:00Z,2026-07-06T18:18:00Z
mobi_vancouver,mobi_vancouver_069fe704-1dfe-45d0-bb89-73859d1a9bb5,069fe704-1dfe-45d0-bb89-73859d1a9bb5,49.276115,-123.114496,1,FALSE,FALSE,14800,0064,1783361838,2026-07-06T18:18:01Z,2026-07-06T18:18:01Z,2026-07-06T18:17:16Z,2.2,https://gbfs.kappa.fifteen.eu/gbfs/2.2/mobi/en/gbfs.json,https://gbfs.kappa.fifteen.eu/gbfs/2.2/mobi/en/free_bike_status.json,2026-07-06T18:18:00Z,2026-07-06T18:18:00Z
mobi_vancouver,mobi_vancouver_4faeb8b0-c6cd-4709-bcdf-eab01909acfc,4faeb8b0-c6cd-4709-bcdf-eab01909acfc,49.287528,-123.142139,2,FALSE,FALSE,14800,0028,1783361838,2026-07-06T18:18:01Z,2026-07-06T18:18:01Z,2026-07-06T18:17:16Z,2.2,https://gbfs.kappa.fifteen.eu/gbfs/2.2/mobi/en/gbfs.json,https://gbfs.kappa.fifteen.eu/gbfs/2.2/mobi/en/free_bike_status.json,2026-07-06T18:18:00Z,2026-07-06T18:18:00Z
mobi_vancouver,mobi_vancouver_23f7eff6-dd52-42d0-80a6-f9b4f34bfbb0,23f7eff6-dd52-42d0-80a6-f9b4f34bfbb0,49.268269,-123.147885,1,FALSE,FALSE,14800,0076,1783361838,2026-07-06T18:18:01Z,2026-07-06T18:18:01Z,2026-07-06T18:17:16Z,2.2,https://gbfs.kappa.fifteen.eu/gbfs/2.2/mobi/en/gbfs.json,https://gbfs.kappa.fifteen.eu/gbfs/2.2/mobi/en/free_bike_status.json,2026-07-06T18:18:00Z,2026-07-06T18:18:00Z
mobi_vancouver,mobi_vancouver_68840ec4-fed2-40ac-9aba-84d77c63a309,68840ec4-fed2-40ac-9aba-84d77c63a309,49.2653,-123.13811,1,FALSE,FALSE,14800,0069,1783361838,2026-07-06T18:18:01Z,2026-07-06T18:18:01Z,2026-07-06T18:17:16Z,2.2,https://gbfs.kappa.fifteen.eu/gbfs/2.2/mobi/en/gbfs.json,https://gbfs.kappa.fifteen.eu/gbfs/2.2/mobi/en/free_bike_status.json,2026-07-06T18:18:00Z,2026-07-06T18:18:00Z
mobi_vancouver,mobi_vancouver_cc2e0dfb-a46a-4bb0-81f8-b063a41c333e,cc2e0dfb-a46a-4bb0-81f8-b063a41c333e,49.284157,-123.099917,1,FALSE,FALSE,14800,0150,1783361838,2026-07-06T18:18:01Z,2026-07-06T18:18:01Z,2026-07-06T18:17:16Z,2.2,https://gbfs.kappa.fifteen.eu/gbfs/2.2/mobi/en/gbfs.json,https://gbfs.kappa.fifteen.eu/gbfs/2.2/mobi/en/free_bike_status.json,2026-07-06T18:18:00Z,2026-07-06T18:18:00Z
mobi_vancouver,mobi_vancouver_d952ed59-8b51-4400-b189-3a5611f0301e,d952ed59-8b51-4400-b189-3a5611f0301e,49.267222,-123.153157,2,FALSE,FALSE,14800,0110,1783361838,2026-07-06T18:18:01Z,2026-07-06T18:18:01Z,2026-07-06T18:17:16Z,2.2,https://gbfs.kappa.fifteen.eu/gbfs/2.2/mobi/en/gbfs.json,https://gbfs.kappa.fifteen.eu/gbfs/2.2/mobi/en/free_bike_status.json,2026-07-06T18:18:00Z,2026-07-06T18:18:00Z
mobi_vancouver,mobi_vancouver_197dc8d5-8058-4d9e-b908-12f1467dfc9e,197dc8d5-8058-4d9e-b908-12f1467dfc9e,49.279342,-123.101822,1,FALSE,FALSE,14800,0055,1783361838,2026-07-06T18:18:01Z,2026-07-06T18:18:01Z,2026-07-06T18:17:16Z,2.2,https://gbfs.kappa.fifteen.eu/gbfs/2.2/mobi/en/gbfs.json,https://gbfs.kappa.fifteen.eu/gbfs/2.2/mobi/en/free_bike_status.json,2026-07-06T18:18:00Z,2026-07-06T18:18:00Z
mobi_vancouver,mobi_vancouver_fc7c8c83-b839-49a5-879c-15028bab8d63,fc7c8c83-b839-49a5-879c-15028bab8d63,49.283227,-123.120523,2,FALSE,FALSE,14800,0099,1783361838,2026-07-06T18:18:01Z,2026-07-06T18:18:01Z,2026-07-06T18:17:16Z,2.2,https://gbfs.kappa.fifteen.eu/gbfs/2.2/mobi/en/gbfs.json,https://gbfs.kappa.fifteen.eu/gbfs/2.2/mobi/en/free_bike_status.json,2026-07-06T18:18:00Z,2026-07-06T18:18:00Z
mobi_vancouver,mobi_vancouver_103eebab-400a-4d33-8f56-e7defb681923,103eebab-400a-4d33-8f56-e7defb681923,49.2731,-123.0732,1,FALSE,FALSE,14800,0253,1783361838,2026-07-06T18:18:01Z,2026-07-06T18:18:01Z,2026-07-06T18:17:16Z,2.2,https://gbfs.kappa.fifteen.eu/gbfs/2.2/mobi/en/gbfs.json,https://gbfs.kappa.fifteen.eu/gbfs/2.2/mobi/en/free_bike_status.json,2026-07-06T18:18:00Z,2026-07-06T18:18:00Z
mobi_vancouver,mobi_vancouver_84c10ea5-7eff-44a0-97e7-52a788a8f16c,84c10ea5-7eff-44a0-97e7-52a788a8f16c,49.280881,-123.130672,1,FALSE,FALSE,14800,0126,1783361838,2026-07-06T18:18:01Z,2026-07-06T18:18:01Z,2026-07-06T18:17:16Z,2.2,https://gbfs.kappa.fifteen.eu/gbfs/2.2/mobi/en/gbfs.json,https://gbfs.kappa.fifteen.eu/gbfs/2.2/mobi/en/free_bike_status.json,2026-07-06T18:18:00Z,2026-07-06T18:18:00Z
mobi_vancouver,mobi_vancouver_de096052-8cde-4b66-823e-a825f046cc17,de096052-8cde-4b66-823e-a825f046cc17,49.256857,-123.065646,1,FALSE,FALSE,14800,0278,1783361838,2026-07-06T18:18:01Z,2026-07-06T18:18:01Z,2026-07-06T18:17:16Z,2.2,https://gbfs.kappa.fifteen.eu/gbfs/2.2/mobi/en/gbfs.json,https://gbfs.kappa.fifteen.eu/gbfs/2.2/mobi/en/free_bike_status.json,2026-07-06T18:18:00Z,2026-07-06T18:18:00Z
mobi_vancouver,mobi_vancouver_6dfcf9d9-a2fe-4ae0-8772-b84d3a545463,6dfcf9d9-a2fe-4ae0-8772-b84d3a545463,49.273777,-123.092723,1,FALSE,FALSE,14800,0233,1783361838,2026-07-06T18:18:01Z,2026-07-06T18:18:01Z,2026-07-06T18:17:16Z,2.2,https://gbfs.kappa.fifteen.eu/gbfs/2.2/mobi/en/gbfs.json,https://gbfs.kappa.fifteen.eu/gbfs/2.2/mobi/en/free_bike_status.json,2026-07-06T18:18:00Z,2026-07-06T18:18:00Z
mobi_vancouver,mobi_vancouver_a2bc4ae2-7157-402a-9c26-bfaa74153d1b,a2bc4ae2-7157-402a-9c26-bfaa74153d1b,49.284554,-123.111031,1,FALSE,FALSE,14800,0124,1783361838,2026-07-06T18:18:01Z,2026-07-06T18:18:01Z,2026-07-06T18:17:16Z,2.2,https://gbfs.kappa.fifteen.eu/gbfs/2.2/mobi/en/gbfs.json,https://gbfs.kappa.fifteen.eu/gbfs/2.2/mobi/en/free_bike_status.json,2026-07-06T18:18:00Z,2026-07-06T18:18:00Z
mobi_vancouver,mobi_vancouver_0f1d38d6-f602-4933-874a-228881d0f541,0f1d38d6-f602-4933-874a-228881d0f541,49.27029,-123.135025,1,FALSE,FALSE,14800,0189,1783361838,2026-07-06T18:18:01Z,2026-07-06T18:18:01Z,2026-07-06T18:17:16Z,2.2,https://gbfs.kappa.fifteen.eu/gbfs/2.2/mobi/en/gbfs.json,https://gbfs.kappa.fifteen.eu/gbfs/2.2/mobi/en/free_bike_status.json,2026-07-06T18:18:00Z,2026-07-06T18:18:00Z
mobi_vancouver,mobi_vancouver_b42ae045-de1b-46cd-b026-46c1391e0c8c,b42ae045-de1b-46cd-b026-46c1391e0c8c,49.262835,-123.152626,1,FALSE,FALSE,14800,0075,1783361838,2026-07-06T18:18:01Z,2026-07-06T18:18:01Z,2026-07-06T18:17:16Z,2.2,https://gbfs.kappa.fifteen.eu/gbfs/2.2/mobi/en/gbfs.json,https://gbfs.kappa.fifteen.eu/gbfs/2.2/mobi/en/free_bike_status.json,2026-07-06T18:18:00Z,2026-07-06T18:18:00Z
mobi_vancouver,mobi_vancouver_2eeb6b2c-b897-4cbf-b325-47a92117cbc1,2eeb6b2c-b897-4cbf-b325-47a92117cbc1,49.271721,-123.104207,1,FALSE,FALSE,15200,0011,1783361838,2026-07-06T18:18:01Z,2026-07-06T18:18:01Z,2026-07-06T18:17:16Z,2.2,https://gbfs.kappa.fifteen.eu/gbfs/2.2/mobi/en/gbfs.json,https://gbfs.kappa.fifteen.eu/gbfs/2.2/mobi/en/free_bike_status.json,2026-07-06T18:18:00Z,2026-07-06T18:18:00Z
mobi_vancouver,mobi_vancouver_b52cc38f-3e05-46ea-842d-8d59bbdc92f9,b52cc38f-3e05-46ea-842d-8d59bbdc92f9,49.269969,-123.109623,1,FALSE,FALSE,15200,0057,1783361838,2026-07-06T18:18:01Z,2026-07-06T18:18:01Z,2026-07-06T18:17:16Z,2.2,https://gbfs.kappa.fifteen.eu/gbfs/2.2/mobi/en/gbfs.json,https://gbfs.kappa.fifteen.eu/gbfs/2.2/mobi/en/free_bike_status.json,2026-07-06T18:18:00Z,2026-07-06T18:18:00Z
mobi_vancouver,mobi_vancouver_258c823f-4c50-49c4-b5df-aad890147cb4,258c823f-4c50-49c4-b5df-aad890147cb4,49.28526,-123.141809,1,FALSE,FALSE,15200,0060,1783361838,2026-07-06T18:18:01Z,2026-07-06T18:18:01Z,2026-07-06T18:17:16Z,2.2,https://gbfs.kappa.fifteen.eu/gbfs/2.2/mobi/en/gbfs.json,https://gbfs.kappa.fifteen.eu/gbfs/2.2/mobi/en/free_bike_status.json,2026-07-06T18:18:00Z,2026-07-06T18:18:00Z
mobi_vancouver,mobi_vancouver_febc03d1-76a4-4f6f-b39f-48d84ead2412,febc03d1-76a4-4f6f-b39f-48d84ead2412,49.282758,-123.122092,2,FALSE,FALSE,15200,0019,1783361838,2026-07-06T18:18:01Z,2026-07-06T18:18:01Z,2026-07-06T18:17:16Z,2.2,https://gbfs.kappa.fifteen.eu/gbfs/2.2/mobi/en/gbfs.json,https://gbfs.kappa.fifteen.eu/gbfs/2.2/mobi/en/free_bike_status.json,2026-07-06T18:18:00Z,2026-07-06T18:18:00Z
mobi_vancouver,mobi_vancouver_771414da-5ab7-4558-82cc-704023c85f2a,771414da-5ab7-4558-82cc-704023c85f2a,49.275882,-123.071865,1,FALSE,FALSE,15200,0232,1783361838,2026-07-06T18:18:01Z,2026-07-06T18:18:01Z,2026-07-06T18:17:16Z,2.2,https://gbfs.kappa.fifteen.eu/gbfs/2.2/mobi/en/gbfs.json,https://gbfs.kappa.fifteen.eu/gbfs/2.2/mobi/en/free_bike_status.json,2026-07-06T18:18:00Z,2026-07-06T18:18:00Z
mobi_vancouver,mobi_vancouver_c9aae789-bf3f-4e34-86bf-61f8610ca354,c9aae789-bf3f-4e34-86bf-61f8610ca354,49.280332,-123.070068,1,FALSE,FALSE,15200,0224,1783361838,2026-07-06T18:18:01Z,2026-07-06T18:18:01Z,2026-07-06T18:17:16Z,2.2,https://gbfs.kappa.fifteen.eu/gbfs/2.2/mobi/en/gbfs.json,https://gbfs.kappa.fifteen.eu/gbfs/2.2/mobi/en/free_bike_status.json,2026-07-06T18:18:00Z,2026-07-06T18:18:00Z
mobi_vancouver,mobi_vancouver_774e4efc-f449-466f-9aba-56eaf73df24c,774e4efc-f449-466f-9aba-56eaf73df24c,49.264019,-123.209176,1,FALSE,FALSE,15200,0716,1783361838,2026-07-06T18:18:01Z,2026-07-06T18:18:01Z,2026-07-06T18:17:16Z,2.2,https://gbfs.kappa.fifteen.eu/gbfs/2.2/mobi/en/gbfs.json,https://gbfs.kappa.fifteen.eu/gbfs/2.2/mobi/en/free_bike_status.json,2026-07-06T18:18:00Z,2026-07-06T18:18:00Z
mobi_vancouver,mobi_vancouver_a5363827-392b-424b-bad5-166d32f44f6d,a5363827-392b-424b-bad5-166d32f44f6d,49.276115,-123.114496,1,FALSE,FALSE,15600,0064,1783361838,2026-07-06T18:18:01Z,2026-07-06T18:18:01Z,2026-07-06T18:17:16Z,2.2,https://gbfs.kappa.fifteen.eu/gbfs/2.2/mobi/en/gbfs.json,https://gbfs.kappa.fifteen.eu/gbfs/2.2/mobi/en/free_bike_status.json,2026-07-06T18:18:00Z,2026-07-06T18:18:00Z
mobi_vancouver,mobi_vancouver_d81281c3-7efc-4954-bf62-ee1529c16d93,d81281c3-7efc-4954-bf62-ee1529c16d93,49.289255,-123.132677,1,FALSE,FALSE,15600,0041,1783361838,2026-07-06T18:18:01Z,2026-07-06T18:18:01Z,2026-07-06T18:17:16Z,2.2,https://gbfs.kappa.fifteen.eu/gbfs/2.2/mobi/en/gbfs.json,https://gbfs.kappa.fifteen.eu/gbfs/2.2/mobi/en/free_bike_status.json,2026-07-06T18:18:00Z,2026-07-06T18:18:00Z
mobi_vancouver,mobi_vancouver_56a641a3-4f32-4642-bb01-a4898f461545,56a641a3-4f32-4642-bb01-a4898f461545,49.268269,-123.147885,1,FALSE,FALSE,15600,0076,1783361838,2026-07-06T18:18:01Z,2026-07-06T18:18:01Z,2026-07-06T18:17:16Z,2.2,https://gbfs.kappa.fifteen.eu/gbfs/2.2/mobi/en/gbfs.json,https://gbfs.kappa.fifteen.eu/gbfs/2.2/mobi/en/free_bike_status.json,2026-07-06T18:18:00Z,2026-07-06T18:18:00Z
mobi_vancouver,mobi_vancouver_7be34b93-aec2-45a0-a5ff-e146f8e82e22,7be34b93-aec2-45a0-a5ff-e146f8e82e22,49.257654,-123.153212,1,FALSE,FALSE,15600,0113,1783361838,2026-07-06T18:18:01Z,2026-07-06T18:18:01Z,2026-07-06T18:17:16Z,2.2,https://gbfs.kappa.fifteen.eu/gbfs/2.2/mobi/en/gbfs.json,https://gbfs.kappa.fifteen.eu/gbfs/2.2/mobi/en/free_bike_status.json,2026-07-06T18:18:00Z,2026-07-06T18:18:00Z
mobi_vancouver,mobi_vancouver_9ab241e4-39a7-4d27-a14e-8245381d26b4,9ab241e4-39a7-4d27-a14e-8245381d26b4,49.258429,-123.101766,1,FALSE,FALSE,15600,0134,1783361838,2026-07-06T18:18:01Z,2026-07-06T18:18:01Z,2026-07-06T18:17:16Z,2.2,https://gbfs.kappa.fifteen.eu/gbfs/2.2/mobi/en/gbfs.json,https://gbfs.kappa.fifteen.eu/gbfs/2.2/mobi/en/free_bike_status.json,2026-07-06T18:18:00Z,2026-07-06T18:18:00Z
mobi_vancouver,mobi_vancouver_e019bd12-b167-474c-97a8-de5f4008c6cc,e019bd12-b167-474c-97a8-de5f4008c6cc,49.258924,-123.152591,2,FALSE,FALSE,15600,0152,1783361838,2026-07-06T18:18:01Z,2026-07-06T18:18:01Z,2026-07-06T18:17:16Z,2.2,https://gbfs.kappa.fifteen.eu/gbfs/2.2/mobi/en/gbfs.json,https://gbfs.kappa.fifteen.eu/gbfs/2.2/mobi/en/free_bike_status.json,2026-07-06T18:18:00Z,2026-07-06T18:18:00Z
mobi_vancouver,mobi_vancouver_486c5c70-2c4a-4430-a0a7-9b62c62514a8,486c5c70-2c4a-4430-a0a7-9b62c62514a8,49.265005,-123.079481,1,FALSE,FALSE,15600,0236,1783361838,2026-07-06T18:18:01Z,2026-07-06T18:18:01Z,2026-07-06T18:17:16Z,2.2,https://gbfs.kappa.fifteen.eu/gbfs/2.2/mobi/en/gbfs.json,https://gbfs.kappa.fifteen.eu/gbfs/2.2/mobi/en/free_bike_status.json,2026-07-06T18:18:00Z,2026-07-06T18:18:00Z
mobi_vancouver,mobi_vancouver_f13c8f9f-167f-475f-aa62-b8a78e219cfb,f13c8f9f-167f-475f-aa62-b8a78e219cfb,49.274881,-123.069323,1,FALSE,FALSE,15600,0231,1783361838,2026-07-06T18:18:01Z,2026-07-06T18:18:01Z,2026-07-06T18:17:16Z,2.2,https://gbfs.kappa.fifteen.eu/gbfs/2.2/mobi/en/gbfs.json,https://gbfs.kappa.fifteen.eu/gbfs/2.2/mobi/en/free_bike_status.json,2026-07-06T18:18:00Z,2026-07-06T18:18:00Z
mobi_vancouver,mobi_vancouver_3dccedab-0787-4108-9422-68260b289ba2,3dccedab-0787-4108-9422-68260b289ba2,49.263382,-123.088837,1,FALSE,FALSE,15600,0261,1783361838,2026-07-06T18:18:01Z,2026-07-06T18:18:01Z,2026-07-06T18:17:16Z,2.2,https://gbfs.kappa.fifteen.eu/gbfs/2.2/mobi/en/gbfs.json,https://gbfs.kappa.fifteen.eu/gbfs/2.2/mobi/en/free_bike_status.json,2026-07-06T18:18:00Z,2026-07-06T18:18:00Z
mobi_vancouver,mobi_vancouver_3420b132-e3c6-443a-bde2-c69205e7fdd4,3420b132-e3c6-443a-bde2-c69205e7fdd4,49.28567,-123.112543,1,FALSE,FALSE,15600,0021,1783361838,2026-07-06T18:18:01Z,2026-07-06T18:18:01Z,2026-07-06T18:17:16Z,2.2,https://gbfs.kappa.fifteen.eu/gbfs/2.2/mobi/en/gbfs.json,https://gbfs.kappa.fifteen.eu/gbfs/2.2/mobi/en/free_bike_status.json,2026-07-06T18:18:00Z,2026-07-06T18:18:00Z
mobi_vancouver,mobi_vancouver_99b324af-db9a-4b88-a7da-6ee44f1196d6,99b324af-db9a-4b88-a7da-6ee44f1196d6,49.267266,-123.090786,1,FALSE,FALSE,15600,0287,1783361838,2026-07-06T18:18:01Z,2026-07-06T18:18:01Z,2026-07-06T18:17:16Z,2.2,https://gbfs.kappa.fifteen.eu/gbfs/2.2/mobi/en/gbfs.json,https://gbfs.kappa.fifteen.eu/gbfs/2.2/mobi/en/free_bike_status.json,2026-07-06T18:18:00Z,2026-07-06T18:18:00Z
mobi_vancouver,mobi_vancouver_224fba8a-25df-408c-8bd3-f1d4390919bb,224fba8a-25df-408c-8bd3-f1d4390919bb,49.283236,-123.070443,2,FALSE,FALSE,15600,0285,1783361838,2026-07-06T18:18:01Z,2026-07-06T18:18:01Z,2026-07-06T18:17:16Z,2.2,https://gbfs.kappa.fifteen.eu/gbfs/2.2/mobi/en/gbfs.json,https://gbfs.kappa.fifteen.eu/gbfs/2.2/mobi/en/free_bike_status.json,2026-07-06T18:18:00Z,2026-07-06T18:18:00Z
mobi_vancouver,mobi_vancouver_5ee0538d-d191-4430-a4e9-51359a94d23c,5ee0538d-d191-4430-a4e9-51359a94d23c,49.264579,-123.18373,1,FALSE,FALSE,15600,0415,1783361838,2026-07-06T18:18:01Z,2026-07-06T18:18:01Z,2026-07-06T18:17:16Z,2.2,https://gbfs.kappa.fifteen.eu/gbfs/2.2/mobi/en/gbfs.json,https://gbfs.kappa.fifteen.eu/gbfs/2.2/mobi/en/free_bike_status.json,2026-07-06T18:18:00Z,2026-07-06T18:18:00Z
mobi_vancouver,mobi_vancouver_ddae6d39-8276-48c4-bc76-4522aadc902d,ddae6d39-8276-48c4-bc76-4522aadc902d,49.271044,-123.170661,1,FALSE,FALSE,15600,0450,1783361838,2026-07-06T18:18:01Z,2026-07-06T18:18:01Z,2026-07-06T18:17:16Z,2.2,https://gbfs.kappa.fifteen.eu/gbfs/2.2/mobi/en/gbfs.json,https://gbfs.kappa.fifteen.eu/gbfs/2.2/mobi/en/free_bike_status.json,2026-07-06T18:18:00Z,2026-07-06T18:18:00Z
mobi_vancouver,mobi_vancouver_99c15d24-f8a3-44c8-a3e5-a0faf5b4caec,99c15d24-f8a3-44c8-a3e5-a0faf5b4caec,49.285575,-123.061575,1,FALSE,FALSE,15600,0621,1783361838,2026-07-06T18:18:01Z,2026-07-06T18:18:01Z,2026-07-06T18:17:16Z,2.2,https://gbfs.kappa.fifteen.eu/gbfs/2.2/mobi/en/gbfs.json,https://gbfs.kappa.fifteen.eu/gbfs/2.2/mobi/en/free_bike_status.json,2026-07-06T18:18:00Z,2026-07-06T18:18:00Z
mobi_vancouver,mobi_vancouver_29c354f3-a1a7-4884-8492-21d7fe39576b,29c354f3-a1a7-4884-8492-21d7fe39576b,49.261736,-123.24648,1,FALSE,FALSE,15600,2136,1783361838,2026-07-06T18:18:01Z,2026-07-06T18:18:01Z,2026-07-06T18:17:16Z,2.2,https://gbfs.kappa.fifteen.eu/gbfs/2.2/mobi/en/gbfs.json,https://gbfs.kappa.fifteen.eu/gbfs/2.2/mobi/en/free_bike_status.json,2026-07-06T18:18:00Z,2026-07-06T18:18:00Z
mobi_vancouver,mobi_vancouver_ad5d88a1-7857-44c7-849d-42995356d3ba,ad5d88a1-7857-44c7-849d-42995356d3ba,49.293264,-123.132861,1,FALSE,FALSE,15600,0181,1783361838,2026-07-06T18:18:01Z,2026-07-06T18:18:01Z,2026-07-06T18:17:16Z,2.2,https://gbfs.kappa.fifteen.eu/gbfs/2.2/mobi/en/gbfs.json,https://gbfs.kappa.fifteen.eu/gbfs/2.2/mobi/en/free_bike_status.json,2026-07-06T18:18:00Z,2026-07-06T18:18:00Z
mobi_vancouver,mobi_vancouver_bf9ce25a-aecb-4a0c-9afb-7240f17b05ac,bf9ce25a-aecb-4a0c-9afb-7240f17b05ac,49.26213,-123.11989,1,FALSE,FALSE,15600,0121,1783361838,2026-07-06T18:18:01Z,2026-07-06T18:18:01Z,2026-07-06T18:17:16Z,2.2,https://gbfs.kappa.fifteen.eu/gbfs/2.2/mobi/en/gbfs.json,https://gbfs.kappa.fifteen.eu/gbfs/2.2/mobi/en/free_bike_status.json,2026-07-06T18:18:00Z,2026-07-06T18:18:00Z
mobi_vancouver,mobi_vancouver_01d56fac-62e2-4f7a-83c1-9c9361e06dea,01d56fac-62e2-4f7a-83c1-9c9361e06dea,49.279259,-123.119145,2,FALSE,FALSE,16000,0058,1783361838,2026-07-06T18:18:01Z,2026-07-06T18:18:01Z,2026-07-06T18:17:16Z,2.2,https://gbfs.kappa.fifteen.eu/gbfs/2.2/mobi/en/gbfs.json,https://gbfs.kappa.fifteen.eu/gbfs/2.2/mobi/en/free_bike_status.json,2026-07-06T18:18:00Z,2026-07-06T18:18:00Z
mobi_vancouver,mobi_vancouver_740464e8-5d83-4719-833a-0c18384ca5d4,740464e8-5d83-4719-833a-0c18384ca5d4,49.28026,-123.135244,1,FALSE,FALSE,16000,0088,1783361838,2026-07-06T18:18:01Z,2026-07-06T18:18:01Z,2026-07-06T18:17:16Z,2.2,https://gbfs.kappa.fifteen.eu/gbfs/2.2/mobi/en/gbfs.json,https://gbfs.kappa.fifteen.eu/gbfs/2.2/mobi/en/free_bike_status.json,2026-07-06T18:18:00Z,2026-07-06T18:18:00Z
mobi_vancouver,mobi_vancouver_15e6db28-4016-49a4-93a2-3b4e861c10fe,15e6db28-4016-49a4-93a2-3b4e861c10fe,49.284605,-123.108662,2,FALSE,FALSE,16000,0052,1783361838,2026-07-06T18:18:01Z,2026-07-06T18:18:01Z,2026-07-06T18:17:16Z,2.2,https://gbfs.kappa.fifteen.eu/gbfs/2.2/mobi/en/gbfs.json,https://gbfs.kappa.fifteen.eu/gbfs/2.2/mobi/en/free_bike_status.json,2026-07-06T18:18:00Z,2026-07-06T18:18:00Z
mobi_vancouver,mobi_vancouver_5b3e73f6-bc74-4804-86b8-5009ef759125,5b3e73f6-bc74-4804-86b8-5009ef759125,49.27023,-123.10651,1,FALSE,FALSE,16000,0174,1783361838,2026-07-06T18:18:01Z,2026-07-06T18:18:01Z,2026-07-06T18:17:16Z,2.2,https://gbfs.kappa.fifteen.eu/gbfs/2.2/mobi/en/gbfs.json,https://gbfs.kappa.fifteen.eu/gbfs/2.2/mobi/en/free_bike_status.json,2026-07-06T18:18:00Z,2026-07-06T18:18:00Z
mobi_vancouver,mobi_vancouver_6d352d1a-d170-495e-b14d-ba14294c96ea,6d352d1a-d170-495e-b14d-ba14294c96ea,49.282758,-123.122092,1,FALSE,FALSE,16000,0019,1783361838,2026-07-06T18:18:01Z,2026-07-06T18:18:01Z,2026-07-06T18:17:16Z,2.2,https://gbfs.kappa.fifteen.eu/gbfs/2.2/mobi/en/gbfs.json,https://gbfs.kappa.fifteen.eu/gbfs/2.2/mobi/en/free_bike_status.json,2026-07-06T18:18:00Z,2026-07-06T18:18:00Z
mobi_vancouver,mobi_vancouver_b8f91c85-4ae8-4fa7-9a8a-295e96089239,b8f91c85-4ae8-4fa7-9a8a-295e96089239,49.274566,-123.121817,1,FALSE,FALSE,16000,0004,1783361838,2026-07-06T18:18:01Z,2026-07-06T18:18:01Z,2026-07-06T18:17:16Z,2.2,https://gbfs.kappa.fifteen.eu/gbfs/2.2/mobi/en/gbfs.json,https://gbfs.kappa.fifteen.eu/gbfs/2.2/mobi/en/free_bike_status.json,2026-07-06T18:18:00Z,2026-07-06T18:18:00Z
mobi_vancouver,mobi_vancouver_7692e8d8-0b7b-49de-b648-4b9b03c36937,7692e8d8-0b7b-49de-b648-4b9b03c36937,49.267859,-123.145782,1,FALSE,FALSE,16000,0139,1783361838,2026-07-06T18:18:01Z,2026-07-06T18:18:01Z,2026-07-06T18:17:16Z,2.2,https://gbfs.kappa.fifteen.eu/gbfs/2.2/mobi/en/gbfs.json,https://gbfs.kappa.fifteen.eu/gbfs/2.2/mobi/en/free_bike_status.json,2026-07-06T18:18:00Z,2026-07-06T18:18:00Z
mobi_vancouver,mobi_vancouver_d4bf3486-124f-484c-adc9-e220c3545f94,d4bf3486-124f-484c-adc9-e220c3545f94,49.261403,-123.070102,1,FALSE,FALSE,16000,0244,1783361838,2026-07-06T18:18:01Z,2026-07-06T18:18:01Z,2026-07-06T18:17:16Z,2.2,https://gbfs.kappa.fifteen.eu/gbfs/2.2/mobi/en/gbfs.json,https://gbfs.kappa.fifteen.eu/gbfs/2.2/mobi/en/free_bike_status.json,2026-07-06T18:18:00Z,2026-07-06T18:18:00Z
mobi_vancouver,mobi_vancouver_14f3a153-6ee7-4b8a-8a76-a0c3e466fb19,14f3a153-6ee7-4b8a-8a76-a0c3e466fb19,49.279369,-123.091241,1,FALSE,FALSE,16000,0229,1783361838,2026-07-06T18:18:01Z,2026-07-06T18:18:01Z,2026-07-06T18:17:16Z,2.2,https://gbfs.kappa.fifteen.eu/gbfs/2.2/mobi/en/gbfs.json,https://gbfs.kappa.fifteen.eu/gbfs/2.2/mobi/en/free_bike_status.json,2026-07-06T18:18:00Z,2026-07-06T18:18:00Z
mobi_vancouver,mobi_vancouver_d026bc48-d7ec-45a2-913b-01ea35598f80,d026bc48-d7ec-45a2-913b-01ea35598f80,49.258817,-123.092797,1,FALSE,FALSE,16000,0258,1783361838,2026-07-06T18:18:01Z,2026-07-06T18:18:01Z,2026-07-06T18:17:16Z,2.2,https://gbfs.kappa.fifteen.eu/gbfs/2.2/mobi/en/gbfs.json,https://gbfs.kappa.fifteen.eu/gbfs/2.2/mobi/en/free_bike_status.json,2026-07-06T18:18:00Z,2026-07-06T18:18:00Z
mobi_vancouver,mobi_vancouver_b0f6963c-ae45-4f53-baff-a2609ed3f73a,b0f6963c-ae45-4f53-baff-a2609ed3f73a,49.302577,-123.155616,1,FALSE,FALSE,16000,0103,1783361838,2026-07-06T18:18:01Z,2026-07-06T18:18:01Z,2026-07-06T18:17:16Z,2.2,https://gbfs.kappa.fifteen.eu/gbfs/2.2/mobi/en/gbfs.json,https://gbfs.kappa.fifteen.eu/gbfs/2.2/mobi/en/free_bike_status.json,2026-07-06T18:18:00Z,2026-07-06T18:18:00Z
mobi_vancouver,mobi_vancouver_50d5a1fb-ea0d-47f3-ab06-2b209929cb62,50d5a1fb-ea0d-47f3-ab06-2b209929cb62,49.276768,-123.075636,1,FALSE,FALSE,16000,,1783361838,2026-07-06T18:18:01Z,2026-07-06T18:18:01Z,2026-07-06T18:17:16Z,2.2,https://gbfs.kappa.fifteen.eu/gbfs/2.2/mobi/en/gbfs.json,https://gbfs.kappa.fifteen.eu/gbfs/2.2/mobi/en/free_bike_status.json,2026-07-06T18:18:00Z,2026-07-06T18:18:00Z
mobi_vancouver,mobi_vancouver_cd1106e9-ab61-44e5-a619-29572a4f3808,cd1106e9-ab61-44e5-a619-29572a4f3808,49.276768,-123.075636,2,FALSE,FALSE,16000,,1783361838,2026-07-06T18:18:01Z,2026-07-06T18:18:01Z,2026-07-06T18:17:16Z,2.2,https://gbfs.kappa.fifteen.eu/gbfs/2.2/mobi/en/gbfs.json,https://gbfs.kappa.fifteen.eu/gbfs/2.2/mobi/en/free_bike_status.json,2026-07-06T18:18:00Z,2026-07-06T18:18:00Z
mobi_vancouver,mobi_vancouver_aac9ebc9-3f08-429f-b153-6c10757712fc,aac9ebc9-3f08-429f-b153-6c10757712fc,49.272969,-123.164325,1,FALSE,FALSE,16000,0460,1783361838,2026-07-06T18:18:01Z,2026-07-06T18:18:01Z,2026-07-06T18:17:16Z,2.2,https://gbfs.kappa.fifteen.eu/gbfs/2.2/mobi/en/gbfs.json,https://gbfs.kappa.fifteen.eu/gbfs/2.2/mobi/en/free_bike_status.json,2026-07-06T18:18:00Z,2026-07-06T18:18:00Z
mobi_vancouver,mobi_vancouver_1026d819-66a1-4703-a142-974b1062b0cd,1026d819-66a1-4703-a142-974b1062b0cd,49.247854,-123.153422,1,FALSE,FALSE,16000,0480,1783361838,2026-07-06T18:18:01Z,2026-07-06T18:18:01Z,2026-07-06T18:17:16Z,2.2,https://gbfs.kappa.fifteen.eu/gbfs/2.2/mobi/en/gbfs.json,https://gbfs.kappa.fifteen.eu/gbfs/2.2/mobi/en/free_bike_status.json,2026-07-06T18:18:00Z,2026-07-06T18:18:00Z
mobi_vancouver,mobi_vancouver_3cf9c334-3e48-4f81-9cc8-65b8ff0c0507,3cf9c334-3e48-4f81-9cc8-65b8ff0c0507,49.285575,-123.061575,1,FALSE,FALSE,16000,0621,1783361838,2026-07-06T18:18:01Z,2026-07-06T18:18:01Z,2026-07-06T18:17:16Z,2.2,https://gbfs.kappa.fifteen.eu/gbfs/2.2/mobi/en/gbfs.json,https://gbfs.kappa.fifteen.eu/gbfs/2.2/mobi/en/free_bike_status.json,2026-07-06T18:18:00Z,2026-07-06T18:18:00Z
mobi_vancouver,mobi_vancouver_b696e641-ce7f-47d4-96d0-59a2693759fd,b696e641-ce7f-47d4-96d0-59a2693759fd,49.265442,-123.187738,1,FALSE,FALSE,16000,0403,1783361838,2026-07-06T18:18:01Z,2026-07-06T18:18:01Z,2026-07-06T18:17:16Z,2.2,https://gbfs.kappa.fifteen.eu/gbfs/2.2/mobi/en/gbfs.json,https://gbfs.kappa.fifteen.eu/gbfs/2.2/mobi/en/free_bike_status.json,2026-07-06T18:18:00Z,2026-07-06T18:18:00Z
mobi_vancouver,mobi_vancouver_7c18b53b-7812-4899-8636-30b4a7f55df1,7c18b53b-7812-4899-8636-30b4a7f55df1,49.26262,-123.2431,1,FALSE,FALSE,16000,2156,1783361838,2026-07-06T18:18:01Z,2026-07-06T18:18:01Z,2026-07-06T18:17:16Z,2.2,https://gbfs.kappa.fifteen.eu/gbfs/2.2/mobi/en/gbfs.json,https://gbfs.kappa.fifteen.eu/gbfs/2.2/mobi/en/free_bike_status.json,2026-07-06T18:18:00Z,2026-07-06T18:18:00Z
mobi_vancouver,mobi_vancouver_cd6baa9a-ef67-4cb1-a3e6-374feb73c435,cd6baa9a-ef67-4cb1-a3e6-374feb73c435,49.283482,-123.103738,2,FALSE,FALSE,16000,0013,1783361838,2026-07-06T18:18:01Z,2026-07-06T18:18:01Z,2026-07-06T18:17:16Z,2.2,https://gbfs.kappa.fifteen.eu/gbfs/2.2/mobi/en/gbfs.json,https://gbfs.kappa.fifteen.eu/gbfs/2.2/mobi/en/free_bike_status.json,2026-07-06T18:18:00Z,2026-07-06T18:18:00Z
mobi_vancouver,mobi_vancouver_c13e24e2-554f-4a7a-b433-09e7e911c39a,c13e24e2-554f-4a7a-b433-09e7e911c39a,49.2585,-123.2521,1,FALSE,FALSE,16000,2117,1783361838,2026-07-06T18:18:01Z,2026-07-06T18:18:01Z,2026-07-06T18:17:16Z,2.2,https://gbfs.kappa.fifteen.eu/gbfs/2.2/mobi/en/gbfs.json,https://gbfs.kappa.fifteen.eu/gbfs/2.2/mobi/en/free_bike_status.json,2026-07-06T18:18:00Z,2026-07-06T18:18:00Z
mobi_vancouver,mobi_vancouver_9367a79f-87fb-42b8-90a0-994dd836587e,9367a79f-87fb-42b8-90a0-994dd836587e,49.26213,-123.11989,1,FALSE,FALSE,16000,0121,1783361838,2026-07-06T18:18:01Z,2026-07-06T18:18:01Z,2026-07-06T18:17:16Z,2.2,https://gbfs.kappa.fifteen.eu/gbfs/2.2/mobi/en/gbfs.json,https://gbfs.kappa.fifteen.eu/gbfs/2.2/mobi/en/free_bike_status.json,2026-07-06T18:18:00Z,2026-07-06T18:18:00Z
mobi_vancouver,mobi_vancouver_b61c3c8f-fba7-4fda-8367-8ca47d61909b,b61c3c8f-fba7-4fda-8367-8ca47d61909b,49.28602,-123.116624,2,FALSE,FALSE,16400,0024,1783361838,2026-07-06T18:18:01Z,2026-07-06T18:18:01Z,2026-07-06T18:17:16Z,2.2,https://gbfs.kappa.fifteen.eu/gbfs/2.2/mobi/en/gbfs.json,https://gbfs.kappa.fifteen.eu/gbfs/2.2/mobi/en/free_bike_status.json,2026-07-06T18:18:00Z,2026-07-06T18:18:00Z
mobi_vancouver,mobi_vancouver_713d22d5-86f8-4e2a-8861-e6df1285c196,713d22d5-86f8-4e2a-8861-e6df1285c196,49.279821,-123.10802,1,FALSE,FALSE,16400,0053,1783361838,2026-07-06T18:18:01Z,2026-07-06T18:18:01Z,2026-07-06T18:17:16Z,2.2,https://gbfs.kappa.fifteen.eu/gbfs/2.2/mobi/en/gbfs.json,https://gbfs.kappa.fifteen.eu/gbfs/2.2/mobi/en/free_bike_status.json,2026-07-06T18:18:00Z,2026-07-06T18:18:00Z
mobi_vancouver,mobi_vancouver_f6108054-f584-48cf-a7eb-0a542dbc544c,f6108054-f584-48cf-a7eb-0a542dbc544c,49.257654,-123.153212,1,FALSE,FALSE,16400,0113,1783361838,2026-07-06T18:18:01Z,2026-07-06T18:18:01Z,2026-07-06T18:17:16Z,2.2,https://gbfs.kappa.fifteen.eu/gbfs/2.2/mobi/en/gbfs.json,https://gbfs.kappa.fifteen.eu/gbfs/2.2/mobi/en/free_bike_status.json,2026-07-06T18:18:00Z,2026-07-06T18:18:00Z
mobi_vancouver,mobi_vancouver_e52c8578-6f27-4f0a-8dfa-38008e8b9fe7,e52c8578-6f27-4f0a-8dfa-38008e8b9fe7,49.263837,-123.105173,1,FALSE,FALSE,16400,0107,1783361838,2026-07-06T18:18:01Z,2026-07-06T18:18:01Z,2026-07-06T18:17:16Z,2.2,https://gbfs.kappa.fifteen.eu/gbfs/2.2/mobi/en/gbfs.json,https://gbfs.kappa.fifteen.eu/gbfs/2.2/mobi/en/free_bike_status.json,2026-07-06T18:18:00Z,2026-07-06T18:18:00Z
mobi_vancouver,mobi_vancouver_3f43653a-c129-4e9e-9ad7-fb66fd7f0249,3f43653a-c129-4e9e-9ad7-fb66fd7f0249,49.275938,-123.145939,1,FALSE,FALSE,16400,0147,1783361838,2026-07-06T18:18:01Z,2026-07-06T18:18:01Z,2026-07-06T18:17:16Z,2.2,https://gbfs.kappa.fifteen.eu/gbfs/2.2/mobi/en/gbfs.json,https://gbfs.kappa.fifteen.eu/gbfs/2.2/mobi/en/free_bike_status.json,2026-07-06T18:18:00Z,2026-07-06T18:18:00Z
mobi_vancouver,mobi_vancouver_bbd846b6-094f-418e-9f2c-c1788d343a0d,bbd846b6-094f-418e-9f2c-c1788d343a0d,49.258924,-123.152591,1,FALSE,FALSE,16400,0152,1783361838,2026-07-06T18:18:01Z,2026-07-06T18:18:01Z,2026-07-06T18:17:16Z,2.2,https://gbfs.kappa.fifteen.eu/gbfs/2.2/mobi/en/gbfs.json,https://gbfs.kappa.fifteen.eu/gbfs/2.2/mobi/en/free_bike_status.json,2026-07-06T18:18:00Z,2026-07-06T18:18:00Z
mobi_vancouver,mobi_vancouver_d8c66575-cf78-4e12-8112-ad6ecaf51b99,d8c66575-cf78-4e12-8112-ad6ecaf51b99,49.287782,-123.12395,2,FALSE,FALSE,16400,0190,1783361838,2026-07-06T18:18:01Z,2026-07-06T18:18:01Z,2026-07-06T18:17:16Z,2.2,https://gbfs.kappa.fifteen.eu/gbfs/2.2/mobi/en/gbfs.json,https://gbfs.kappa.fifteen.eu/gbfs/2.2/mobi/en/free_bike_status.json,2026-07-06T18:18:00Z,2026-07-06T18:18:00Z
mobi_vancouver,mobi_vancouver_94bc373a-1e45-49e5-9545-162df2bf9026,94bc373a-1e45-49e5-9545-162df2bf9026,49.280284,-123.097052,1,FALSE,FALSE,16400,0213,1783361838,2026-07-06T18:18:01Z,2026-07-06T18:18:01Z,2026-07-06T18:17:16Z,2.2,https://gbfs.kappa.fifteen.eu/gbfs/2.2/mobi/en/gbfs.json,https://gbfs.kappa.fifteen.eu/gbfs/2.2/mobi/en/free_bike_status.json,2026-07-06T18:18:00Z,2026-07-06T18:18:00Z
mobi_vancouver,mobi_vancouver_5217bf93-3869-400c-a85a-ea0c2bd01a8d,5217bf93-3869-400c-a85a-ea0c2bd01a8d,49.2731,-123.0732,1,FALSE,FALSE,16400,0253,1783361838,2026-07-06T18:18:01Z,2026-07-06T18:18:01Z,2026-07-06T18:17:16Z,2.2,https://gbfs.kappa.fifteen.eu/gbfs/2.2/mobi/en/gbfs.json,https://gbfs.kappa.fifteen.eu/gbfs/2.2/mobi/en/free_bike_status.json,2026-07-06T18:18:00Z,2026-07-06T18:18:00Z
mobi_vancouver,mobi_vancouver_c562d13d-baa8-4e8c-8c99-ff21bbc9abc5,c562d13d-baa8-4e8c-8c99-ff21bbc9abc5,49.266751,-123.073501,1,FALSE,FALSE,16400,0250,1783361838,2026-07-06T18:18:01Z,2026-07-06T18:18:01Z,2026-07-06T18:17:16Z,2.2,https://gbfs.kappa.fifteen.eu/gbfs/2.2/mobi/en/gbfs.json,https://gbfs.kappa.fifteen.eu/gbfs/2.2/mobi/en/free_bike_status.json,2026-07-06T18:18:00Z,2026-07-06T18:18:00Z
mobi_vancouver,mobi_vancouver_7dabf9a6-99ca-441f-b6ba-1baf0f5b3c21,7dabf9a6-99ca-441f-b6ba-1baf0f5b3c21,49.266725,-123.065925,1,FALSE,FALSE,16400,0273,1783361838,2026-07-06T18:18:01Z,2026-07-06T18:18:01Z,2026-07-06T18:17:16Z,2.2,https://gbfs.kappa.fifteen.eu/gbfs/2.2/mobi/en/gbfs.json,https://gbfs.kappa.fifteen.eu/gbfs/2.2/mobi/en/free_bike_status.json,2026-07-06T18:18:00Z,2026-07-06T18:18:00Z
mobi_vancouver,mobi_vancouver_5852fb40-5bf3-4b2d-bd50-172ad7c06b34,5852fb40-5bf3-4b2d-bd50-172ad7c06b34,49.258352,-123.096337,1,FALSE,FALSE,16400,0257,1783361838,2026-07-06T18:18:01Z,2026-07-06T18:18:01Z,2026-07-06T18:17:16Z,2.2,https://gbfs.kappa.fifteen.eu/gbfs/2.2/mobi/en/gbfs.json,https://gbfs.kappa.fifteen.eu/gbfs/2.2/mobi/en/free_bike_status.json,2026-07-06T18:18:00Z,2026-07-06T18:18:00Z
mobi_vancouver,mobi_vancouver_e6ca80c9-df8e-460e-b914-82addbd2281d,e6ca80c9-df8e-460e-b914-82addbd2281d,49.26875,-123.25004,1,FALSE,FALSE,16400,2142,1783361838,2026-07-06T18:18:01Z,2026-07-06T18:18:01Z,2026-07-06T18:17:16Z,2.2,https://gbfs.kappa.fifteen.eu/gbfs/2.2/mobi/en/gbfs.json,https://gbfs.kappa.fifteen.eu/gbfs/2.2/mobi/en/free_bike_status.json,2026-07-06T18:18:00Z,2026-07-06T18:18:00Z
mobi_vancouver,mobi_vancouver_525afd9e-78d6-4b51-87b3-794fd94c5a7d,525afd9e-78d6-4b51-87b3-794fd94c5a7d,49.26875,-123.25004,1,FALSE,FALSE,16400,2142,1783361838,2026-07-06T18:18:01Z,2026-07-06T18:18:01Z,2026-07-06T18:17:16Z,2.2,https://gbfs.kappa.fifteen.eu/gbfs/2.2/mobi/en/gbfs.json,https://gbfs.kappa.fifteen.eu/gbfs/2.2/mobi/en/free_bike_status.json,2026-07-06T18:18:00Z,2026-07-06T18:18:00Z
mobi_vancouver,mobi_vancouver_fbb24b96-b17e-4ff8-961b-3ff0399314de,fbb24b96-b17e-4ff8-961b-3ff0399314de,49.262487,-123.114397,1,FALSE,FALSE,16800,0001,1783361838,2026-07-06T18:18:01Z,2026-07-06T18:18:01Z,2026-07-06T18:17:16Z,2.2,https://gbfs.kappa.fifteen.eu/gbfs/2.2/mobi/en/gbfs.json,https://gbfs.kappa.fifteen.eu/gbfs/2.2/mobi/en/free_bike_status.json,2026-07-06T18:18:00Z,2026-07-06T18:18:00Z
mobi_vancouver,mobi_vancouver_0b39e37c-6531-4f11-bbf8-07ed7a02ce4c,0b39e37c-6531-4f11-bbf8-07ed7a02ce4c,49.28616,-123.12675,2,FALSE,FALSE,16800,0036,1783361838,2026-07-06T18:18:01Z,2026-07-06T18:18:01Z,2026-07-06T18:17:16Z,2.2,https://gbfs.kappa.fifteen.eu/gbfs/2.2/mobi/en/gbfs.json,https://gbfs.kappa.fifteen.eu/gbfs/2.2/mobi/en/free_bike_status.json,2026-07-06T18:18:00Z,2026-07-06T18:18:00Z
mobi_vancouver,mobi_vancouver_c7f4241d-c8fa-4bc4-a87b-4a20437983d5,c7f4241d-c8fa-4bc4-a87b-4a20437983d5,49.279821,-123.10802,1,FALSE,FALSE,16800,0053,1783361838,2026-07-06T18:18:01Z,2026-07-06T18:18:01Z,2026-07-06T18:17:16Z,2.2,https://gbfs.kappa.fifteen.eu/gbfs/2.2/mobi/en/gbfs.json,https://gbfs.kappa.fifteen.eu/gbfs/2.2/mobi/en/free_bike_status.json,2026-07-06T18:18:00Z,2026-07-06T18:18:00Z
mobi_vancouver,mobi_vancouver_168bedd9-c94a-4482-93e2-9805304f5cbd,168bedd9-c94a-4482-93e2-9805304f5cbd,49.2756,-123.102661,1,FALSE,FALSE,16800,0148,1783361838,2026-07-06T18:18:01Z,2026-07-06T18:18:01Z,2026-07-06T18:17:16Z,2.2,https://gbfs.kappa.fifteen.eu/gbfs/2.2/mobi/en/gbfs.json,https://gbfs.kappa.fifteen.eu/gbfs/2.2/mobi/en/free_bike_status.json,2026-07-06T18:18:00Z,2026-07-06T18:18:00Z
mobi_vancouver,mobi_vancouver_933f4b21-a80e-4549-a0ae-23f6ab2eb650,933f4b21-a80e-4549-a0ae-23f6ab2eb650,49.25845,-123.100377,1,FALSE,FALSE,16800,0134,1783361838,2026-07-06T18:18:01Z,2026-07-06T18:18:01Z,2026-07-06T18:17:16Z,2.2,https://gbfs.kappa.fifteen.eu/gbfs/2.2/mobi/en/gbfs.json,https://gbfs.kappa.fifteen.eu/gbfs/2.2/mobi/en/free_bike_status.json,2026-07-06T18:18:00Z,2026-07-06T18:18:00Z
mobi_vancouver,mobi_vancouver_d7f3c870-8f84-47cd-a9d4-ab34438359b8,d7f3c870-8f84-47cd-a9d4-ab34438359b8,49.27821,-123.136972,1,FALSE,FALSE,16800,0083,1783361838,2026-07-06T18:18:01Z,2026-07-06T18:18:01Z,2026-07-06T18:17:16Z,2.2,https://gbfs.kappa.fifteen.eu/gbfs/2.2/mobi/en/gbfs.json,https://gbfs.kappa.fifteen.eu/gbfs/2.2/mobi/en/free_bike_status.json,2026-07-06T18:18:00Z,2026-07-06T18:18:00Z
mobi_vancouver,mobi_vancouver_1a969995-baaf-4930-9342-4c123a90f9ab,1a969995-baaf-4930-9342-4c123a90f9ab,49.265336,-123.145823,1,FALSE,FALSE,16800,0140,1783361838,2026-07-06T18:18:01Z,2026-07-06T18:18:01Z,2026-07-06T18:17:16Z,2.2,https://gbfs.kappa.fifteen.eu/gbfs/2.2/mobi/en/gbfs.json,https://gbfs.kappa.fifteen.eu/gbfs/2.2/mobi/en/free_bike_status.json,2026-07-06T18:18:00Z,2026-07-06T18:18:00Z
mobi_vancouver,mobi_vancouver_d5b940bf-b54a-4abc-9d36-33f47ae5d34b,d5b940bf-b54a-4abc-9d36-33f47ae5d34b,49.267859,-123.145782,1,FALSE,FALSE,16800,0139,1783361838,2026-07-06T18:18:01Z,2026-07-06T18:18:01Z,2026-07-06T18:17:16Z,2.2,https://gbfs.kappa.fifteen.eu/gbfs/2.2/mobi/en/gbfs.json,https://gbfs.kappa.fifteen.eu/gbfs/2.2/mobi/en/free_bike_status.json,2026-07-06T18:18:00Z,2026-07-06T18:18:00Z
mobi_vancouver,mobi_vancouver_9347865a-b94d-4e52-82f5-2d3a3a21e9e4,9347865a-b94d-4e52-82f5-2d3a3a21e9e4,49.277436,-123.070427,1,FALSE,FALSE,16800,0223,1783361838,2026-07-06T18:18:01Z,2026-07-06T18:18:01Z,2026-07-06T18:17:16Z,2.2,https://gbfs.kappa.fifteen.eu/gbfs/2.2/mobi/en/gbfs.json,https://gbfs.kappa.fifteen.eu/gbfs/2.2/mobi/en/free_bike_status.json,2026-07-06T18:18:00Z,2026-07-06T18:18:00Z
mobi_vancouver,mobi_vancouver_ea2d2368-da1e-4d83-95ba-0dec9cd5939e,ea2d2368-da1e-4d83-95ba-0dec9cd5939e,49.283986,-123.065264,1,FALSE,FALSE,16800,0280,1783361838,2026-07-06T18:18:01Z,2026-07-06T18:18:01Z,2026-07-06T18:17:16Z,2.2,https://gbfs.kappa.fifteen.eu/gbfs/2.2/mobi/en/gbfs.json,https://gbfs.kappa.fifteen.eu/gbfs/2.2/mobi/en/free_bike_status.json,2026-07-06T18:18:00Z,2026-07-06T18:18:00Z
mobi_vancouver,mobi_vancouver_2c18ddfe-7b1d-4133-88d7-e3cdfc00ae51,2c18ddfe-7b1d-4133-88d7-e3cdfc00ae51,49.273777,-123.092723,1,FALSE,FALSE,16800,0233,1783361838,2026-07-06T18:18:01Z,2026-07-06T18:18:01Z,2026-07-06T18:17:16Z,2.2,https://gbfs.kappa.fifteen.eu/gbfs/2.2/mobi/en/gbfs.json,https://gbfs.kappa.fifteen.eu/gbfs/2.2/mobi/en/free_bike_status.json,2026-07-06T18:18:00Z,2026-07-06T18:18:00Z
mobi_vancouver,mobi_vancouver_49cf0527-42bc-4816-a2d4-a14fcba129d4,49cf0527-42bc-4816-a2d4-a14fcba129d4,49.28512,-123.11242,2,FALSE,FALSE,16800,0308,1783361838,2026-07-06T18:18:01Z,2026-07-06T18:18:01Z,2026-07-06T18:17:16Z,2.2,https://gbfs.kappa.fifteen.eu/gbfs/2.2/mobi/en/gbfs.json,https://gbfs.kappa.fifteen.eu/gbfs/2.2/mobi/en/free_bike_status.json,2026-07-06T18:18:00Z,2026-07-06T18:18:00Z
mobi_vancouver,mobi_vancouver_b554cc89-e1a5-4916-8531-a928d9b8433f,b554cc89-e1a5-4916-8531-a928d9b8433f,49.286646,-123.129232,2,FALSE,FALSE,16800,0310,1783361838,2026-07-06T18:18:01Z,2026-07-06T18:18:01Z,2026-07-06T18:17:16Z,2.2,https://gbfs.kappa.fifteen.eu/gbfs/2.2/mobi/en/gbfs.json,https://gbfs.kappa.fifteen.eu/gbfs/2.2/mobi/en/free_bike_status.json,2026-07-06T18:18:00Z,2026-07-06T18:18:00Z
mobi_vancouver,mobi_vancouver_f0bcdd61-986a-43be-9309-4327a0839aeb,f0bcdd61-986a-43be-9309-4327a0839aeb,49.272172,-123.097978,1,FALSE,FALSE,16800,0354,1783361838,2026-07-06T18:18:01Z,2026-07-06T18:18:01Z,2026-07-06T18:17:16Z,2.2,https://gbfs.kappa.fifteen.eu/gbfs/2.2/mobi/en/gbfs.json,https://gbfs.kappa.fifteen.eu/gbfs/2.2/mobi/en/free_bike_status.json,2026-07-06T18:18:00Z,2026-07-06T18:18:00Z
mobi_vancouver,mobi_vancouver_7a98890c-dcb9-4b8d-b545-8a9668eef150,7a98890c-dcb9-4b8d-b545-8a9668eef150,49.246243,-123.124373,1,FALSE,FALSE,16800,0505,1783361838,2026-07-06T18:18:01Z,2026-07-06T18:18:01Z,2026-07-06T18:17:16Z,2.2,https://gbfs.kappa.fifteen.eu/gbfs/2.2/mobi/en/gbfs.json,https://gbfs.kappa.fifteen.eu/gbfs/2.2/mobi/en/free_bike_status.json,2026-07-06T18:18:00Z,2026-07-06T18:18:00Z
mobi_vancouver,mobi_vancouver_82eda2d9-f5e1-47b9-aa5a-545bf5e46e92,82eda2d9-f5e1-47b9-aa5a-545bf5e46e92,49.27751,-123.061429,1,FALSE,FALSE,16800,0617,1783361838,2026-07-06T18:18:01Z,2026-07-06T18:18:01Z,2026-07-06T18:17:16Z,2.2,https://gbfs.kappa.fifteen.eu/gbfs/2.2/mobi/en/gbfs.json,https://gbfs.kappa.fifteen.eu/gbfs/2.2/mobi/en/free_bike_status.json,2026-07-06T18:18:00Z,2026-07-06T18:18:00Z
mobi_vancouver,mobi_vancouver_0acd37ab-608c-401a-8850-372f433df309,0acd37ab-608c-401a-8850-372f433df309,49.266579,-123.248549,1,FALSE,FALSE,16800,2143,1783361838,2026-07-06T18:18:01Z,2026-07-06T18:18:01Z,2026-07-06T18:17:16Z,2.2,https://gbfs.kappa.fifteen.eu/gbfs/2.2/mobi/en/gbfs.json,https://gbfs.kappa.fifteen.eu/gbfs/2.2/mobi/en/free_bike_status.json,2026-07-06T18:18:00Z,2026-07-06T18:18:00Z
mobi_vancouver,mobi_vancouver_be61fae5-37e5-4750-bd1b-218456506383,be61fae5-37e5-4750-bd1b-218456506383,49.263073,-123.254307,1,FALSE,FALSE,16800,2114,1783361838,2026-07-06T18:18:01Z,2026-07-06T18:18:01Z,2026-07-06T18:17:16Z,2.2,https://gbfs.kappa.fifteen.eu/gbfs/2.2/mobi/en/gbfs.json,https://gbfs.kappa.fifteen.eu/gbfs/2.2/mobi/en/free_bike_status.json,2026-07-06T18:18:00Z,2026-07-06T18:18:00Z
mobi_vancouver,mobi_vancouver_a168001a-316d-435d-9187-1b15298a27bc,a168001a-316d-435d-9187-1b15298a27bc,49.265207,-123.250139,1,FALSE,FALSE,16800,2134,1783361838,2026-07-06T18:18:01Z,2026-07-06T18:18:01Z,2026-07-06T18:17:16Z,2.2,https://gbfs.kappa.fifteen.eu/gbfs/2.2/mobi/en/gbfs.json,https://gbfs.kappa.fifteen.eu/gbfs/2.2/mobi/en/free_bike_status.json,2026-07-06T18:18:00Z,2026-07-06T18:18:00Z
mobi_vancouver,mobi_vancouver_a5aba604-5803-4bb1-8f3b-1ad9cd236ddd,a5aba604-5803-4bb1-8f3b-1ad9cd236ddd,49.2661,-123.24568,1,FALSE,FALSE,16800,2154,1783361838,2026-07-06T18:18:01Z,2026-07-06T18:18:01Z,2026-07-06T18:17:16Z,2.2,https://gbfs.kappa.fifteen.eu/gbfs/2.2/mobi/en/gbfs.json,https://gbfs.kappa.fifteen.eu/gbfs/2.2/mobi/en/free_bike_status.json,2026-07-06T18:18:00Z,2026-07-06T18:18:00Z
mobi_vancouver,mobi_vancouver_78fdcc70-f6cc-459c-a7f7-8ec4b391e59a,78fdcc70-f6cc-459c-a7f7-8ec4b391e59a,49.25976,-123.2479,1,FALSE,FALSE,16800,2127,1783361838,2026-07-06T18:18:01Z,2026-07-06T18:18:01Z,2026-07-06T18:17:16Z,2.2,https://gbfs.kappa.fifteen.eu/gbfs/2.2/mobi/en/gbfs.json,https://gbfs.kappa.fifteen.eu/gbfs/2.2/mobi/en/free_bike_status.json,2026-07-06T18:18:00Z,2026-07-06T18:18:00Z
mobi_vancouver,mobi_vancouver_d17a14fb-b5d5-4caa-8d93-64e44b6f3459,d17a14fb-b5d5-4caa-8d93-64e44b6f3459,49.271721,-123.104207,1,FALSE,FALSE,17200,0011,1783361838,2026-07-06T18:18:01Z,2026-07-06T18:18:01Z,2026-07-06T18:17:16Z,2.2,https://gbfs.kappa.fifteen.eu/gbfs/2.2/mobi/en/gbfs.json,https://gbfs.kappa.fifteen.eu/gbfs/2.2/mobi/en/free_bike_status.json,2026-07-06T18:18:00Z,2026-07-06T18:18:00Z
mobi_vancouver,mobi_vancouver_14164133-d190-427f-80cf-7c9ded6140c0,14164133-d190-427f-80cf-7c9ded6140c0,49.276115,-123.114496,1,FALSE,FALSE,17200,0064,1783361838,2026-07-06T18:18:01Z,2026-07-06T18:18:01Z,2026-07-06T18:17:16Z,2.2,https://gbfs.kappa.fifteen.eu/gbfs/2.2/mobi/en/gbfs.json,https://gbfs.kappa.fifteen.eu/gbfs/2.2/mobi/en/free_bike_status.json,2026-07-06T18:18:00Z,2026-07-06T18:18:00Z
mobi_vancouver,mobi_vancouver_445778b5-f2ee-44d1-bd9e-aa0f128dcfdb,445778b5-f2ee-44d1-bd9e-aa0f128dcfdb,49.28062,-123.12482,1,FALSE,FALSE,17200,0037,1783361838,2026-07-06T18:18:01Z,2026-07-06T18:18:01Z,2026-07-06T18:17:16Z,2.2,https://gbfs.kappa.fifteen.eu/gbfs/2.2/mobi/en/gbfs.json,https://gbfs.kappa.fifteen.eu/gbfs/2.2/mobi/en/free_bike_status.json,2026-07-06T18:18:00Z,2026-07-06T18:18:00Z
mobi_vancouver,mobi_vancouver_3c10332b-8951-4b46-b87e-43a40a6487af,3c10332b-8951-4b46-b87e-43a40a6487af,49.285253,-123.134356,1,FALSE,FALSE,17200,0048,1783361838,2026-07-06T18:18:01Z,2026-07-06T18:18:01Z,2026-07-06T18:17:16Z,2.2,https://gbfs.kappa.fifteen.eu/gbfs/2.2/mobi/en/gbfs.json,https://gbfs.kappa.fifteen.eu/gbfs/2.2/mobi/en/free_bike_status.json,2026-07-06T18:18:00Z,2026-07-06T18:18:00Z
mobi_vancouver,mobi_vancouver_a994cb95-3e27-47a8-9bc1-a3678f7cc01c,a994cb95-3e27-47a8-9bc1-a3678f7cc01c,49.28026,-123.135244,1,FALSE,FALSE,17200,0088,1783361838,2026-07-06T18:18:01Z,2026-07-06T18:18:01Z,2026-07-06T18:17:16Z,2.2,https://gbfs.kappa.fifteen.eu/gbfs/2.2/mobi/en/gbfs.json,https://gbfs.kappa.fifteen.eu/gbfs/2.2/mobi/en/free_bike_status.json,2026-07-06T18:18:00Z,2026-07-06T18:18:00Z
mobi_vancouver,mobi_vancouver_8cf1ddde-148c-426b-84fa-01cfd36f17ee,8cf1ddde-148c-426b-84fa-01cfd36f17ee,49.272827,-123.147744,1,FALSE,FALSE,17200,0065,1783361838,2026-07-06T18:18:01Z,2026-07-06T18:18:01Z,2026-07-06T18:17:16Z,2.2,https://gbfs.kappa.fifteen.eu/gbfs/2.2/mobi/en/gbfs.json,https://gbfs.kappa.fifteen.eu/gbfs/2.2/mobi/en/free_bike_status.json,2026-07-06T18:18:00Z,2026-07-06T18:18:00Z
mobi_vancouver,mobi_vancouver_a1be7736-ad9b-4735-b0a9-1c3f97e7e04e,a1be7736-ad9b-4735-b0a9-1c3f97e7e04e,49.2756,-123.102661,1,FALSE,FALSE,17200,0148,1783361838,2026-07-06T18:18:01Z,2026-07-06T18:18:01Z,2026-07-06T18:17:16Z,2.2,https://gbfs.kappa.fifteen.eu/gbfs/2.2/mobi/en/gbfs.json,https://gbfs.kappa.fifteen.eu/gbfs/2.2/mobi/en/free_bike_status.json,2026-07-06T18:18:00Z,2026-07-06T18:18:00Z
mobi_vancouver,mobi_vancouver_ce761580-c404-4cd2-ab2c-cff3f04d5ccb,ce761580-c404-4cd2-ab2c-cff3f04d5ccb,49.27821,-123.136972,1,FALSE,FALSE,17200,0083,1783361838,2026-07-06T18:18:01Z,2026-07-06T18:18:01Z,2026-07-06T18:17:16Z,2.2,https://gbfs.kappa.fifteen.eu/gbfs/2.2/mobi/en/gbfs.json,https://gbfs.kappa.fifteen.eu/gbfs/2.2/mobi/en/free_bike_status.json,2026-07-06T18:18:00Z,2026-07-06T18:18:00Z
mobi_vancouver,mobi_vancouver_69112d25-4008-4dc6-aa6d-1b97947b483a,69112d25-4008-4dc6-aa6d-1b97947b483a,49.283227,-123.120523,1,FALSE,FALSE,17200,0099,1783361838,2026-07-06T18:18:01Z,2026-07-06T18:18:01Z,2026-07-06T18:17:16Z,2.2,https://gbfs.kappa.fifteen.eu/gbfs/2.2/mobi/en/gbfs.json,https://gbfs.kappa.fifteen.eu/gbfs/2.2/mobi/en/free_bike_status.json,2026-07-06T18:18:00Z,2026-07-06T18:18:00Z
mobi_vancouver,mobi_vancouver_814720ff-9948-4fde-9254-e567213d8007,814720ff-9948-4fde-9254-e567213d8007,49.267859,-123.145782,1,FALSE,FALSE,17200,0139,1783361838,2026-07-06T18:18:01Z,2026-07-06T18:18:01Z,2026-07-06T18:17:16Z,2.2,https://gbfs.kappa.fifteen.eu/gbfs/2.2/mobi/en/gbfs.json,https://gbfs.kappa.fifteen.eu/gbfs/2.2/mobi/en/free_bike_status.json,2026-07-06T18:18:00Z,2026-07-06T18:18:00Z
mobi_vancouver,mobi_vancouver_3a1ebc43-9d89-44cb-a70e-f99a7a83499d,3a1ebc43-9d89-44cb-a70e-f99a7a83499d,49.274881,-123.069323,1,FALSE,FALSE,17200,0231,1783361838,2026-07-06T18:18:01Z,2026-07-06T18:18:01Z,2026-07-06T18:17:16Z,2.2,https://gbfs.kappa.fifteen.eu/gbfs/2.2/mobi/en/gbfs.json,https://gbfs.kappa.fifteen.eu/gbfs/2.2/mobi/en/free_bike_status.json,2026-07-06T18:18:00Z,2026-07-06T18:18:00Z
mobi_vancouver,mobi_vancouver_29a536e8-5871-42af-bc0c-3407b72dabb3,29a536e8-5871-42af-bc0c-3407b72dabb3,49.283992,-123.091206,1,FALSE,FALSE,17200,0230,1783361838,2026-07-06T18:18:01Z,2026-07-06T18:18:01Z,2026-07-06T18:17:16Z,2.2,https://gbfs.kappa.fifteen.eu/gbfs/2.2/mobi/en/gbfs.json,https://gbfs.kappa.fifteen.eu/gbfs/2.2/mobi/en/free_bike_status.json,2026-07-06T18:18:00Z,2026-07-06T18:18:00Z
mobi_vancouver,mobi_vancouver_27558c49-7e36-4755-8075-74bf30d1780e,27558c49-7e36-4755-8075-74bf30d1780e,49.256496,-123.075426,1,FALSE,FALSE,17200,0283,1783361838,2026-07-06T18:18:01Z,2026-07-06T18:18:01Z,2026-07-06T18:17:16Z,2.2,https://gbfs.kappa.fifteen.eu/gbfs/2.2/mobi/en/gbfs.json,https://gbfs.kappa.fifteen.eu/gbfs/2.2/mobi/en/free_bike_status.json,2026-07-06T18:18:00Z,2026-07-06T18:18:00Z
mobi_vancouver,mobi_vancouver_fbb3b4d4-6de9-49dd-9462-9b71275b8f58,fbb3b4d4-6de9-49dd-9462-9b71275b8f58,49.280197,-123.065859,1,FALSE,FALSE,17200,0272,1783361838,2026-07-06T18:18:01Z,2026-07-06T18:18:01Z,2026-07-06T18:17:16Z,2.2,https://gbfs.kappa.fifteen.eu/gbfs/2.2/mobi/en/gbfs.json,https://gbfs.kappa.fifteen.eu/gbfs/2.2/mobi/en/free_bike_status.json,2026-07-06T18:18:00Z,2026-07-06T18:18:00Z
mobi_vancouver,mobi_vancouver_2f06fb09-7bac-49c2-9767-aaa2f73c0ad2,2f06fb09-7bac-49c2-9767-aaa2f73c0ad2,49.266725,-123.065925,1,FALSE,FALSE,17200,0273,1783361838,2026-07-06T18:18:01Z,2026-07-06T18:18:01Z,2026-07-06T18:17:16Z,2.2,https://gbfs.kappa.fifteen.eu/gbfs/2.2/mobi/en/gbfs.json,https://gbfs.kappa.fifteen.eu/gbfs/2.2/mobi/en/free_bike_status.json,2026-07-06T18:18:00Z,2026-07-06T18:18:00Z
mobi_vancouver,mobi_vancouver_bc9186c5-68bc-48af-a8c1-c9fd4ad3f861,bc9186c5-68bc-48af-a8c1-c9fd4ad3f861,49.271471,-123.17731,1,FALSE,FALSE,17200,0440,1783361838,2026-07-06T18:18:01Z,2026-07-06T18:18:01Z,2026-07-06T18:17:16Z,2.2,https://gbfs.kappa.fifteen.eu/gbfs/2.2/mobi/en/gbfs.json,https://gbfs.kappa.fifteen.eu/gbfs/2.2/mobi/en/free_bike_status.json,2026-07-06T18:18:00Z,2026-07-06T18:18:00Z
mobi_vancouver,mobi_vancouver_5b42b0cc-42d0-4e7a-b0a2-c1658bf8e962,5b42b0cc-42d0-4e7a-b0a2-c1658bf8e962,49.289071,-123.138407,1,FALSE,FALSE,17200,0313,1783361838,2026-07-06T18:18:01Z,2026-07-06T18:18:01Z,2026-07-06T18:17:16Z,2.2,https://gbfs.kappa.fifteen.eu/gbfs/2.2/mobi/en/gbfs.json,https://gbfs.kappa.fifteen.eu/gbfs/2.2/mobi/en/free_bike_status.json,2026-07-06T18:18:00Z,2026-07-06T18:18:00Z
mobi_vancouver,mobi_vancouver_efbc3bfd-f967-4cdf-b612-4a46a1bbc872,efbc3bfd-f967-4cdf-b612-4a46a1bbc872,49.247854,-123.153422,1,FALSE,FALSE,17200,0480,1783361838,2026-07-06T18:18:01Z,2026-07-06T18:18:01Z,2026-07-06T18:17:16Z,2.2,https://gbfs.kappa.fifteen.eu/gbfs/2.2/mobi/en/gbfs.json,https://gbfs.kappa.fifteen.eu/gbfs/2.2/mobi/en/free_bike_status.json,2026-07-06T18:18:00Z,2026-07-06T18:18:00Z
mobi_vancouver,mobi_vancouver_112c4fb1-6d37-4aff-9031-7fd65509bbc8,112c4fb1-6d37-4aff-9031-7fd65509bbc8,49.274232,-123.129998,1,FALSE,FALSE,17200,0314,1783361838,2026-07-06T18:18:01Z,2026-07-06T18:18:01Z,2026-07-06T18:17:16Z,2.2,https://gbfs.kappa.fifteen.eu/gbfs/2.2/mobi/en/gbfs.json,https://gbfs.kappa.fifteen.eu/gbfs/2.2/mobi/en/free_bike_status.json,2026-07-06T18:18:00Z,2026-07-06T18:18:00Z
mobi_vancouver,mobi_vancouver_0aa1dd97-8ccc-461f-a9b5-4d43abe14206,0aa1dd97-8ccc-461f-a9b5-4d43abe14206,49.265207,-123.250139,1,FALSE,FALSE,17200,2134,1783361838,2026-07-06T18:18:01Z,2026-07-06T18:18:01Z,2026-07-06T18:17:16Z,2.2,https://gbfs.kappa.fifteen.eu/gbfs/2.2/mobi/en/gbfs.json,https://gbfs.kappa.fifteen.eu/gbfs/2.2/mobi/en/free_bike_status.json,2026-07-06T18:18:00Z,2026-07-06T18:18:00Z
mobi_vancouver,mobi_vancouver_2423764c-e8f3-4f64-aefa-e82312bb1deb,2423764c-e8f3-4f64-aefa-e82312bb1deb,49.2661,-123.24568,1,FALSE,FALSE,17200,2154,1783361838,2026-07-06T18:18:01Z,2026-07-06T18:18:01Z,2026-07-06T18:17:16Z,2.2,https://gbfs.kappa.fifteen.eu/gbfs/2.2/mobi/en/gbfs.json,https://gbfs.kappa.fifteen.eu/gbfs/2.2/mobi/en/free_bike_status.json,2026-07-06T18:18:00Z,2026-07-06T18:18:00Z
mobi_vancouver,mobi_vancouver_e48890a1-27ee-4855-b211-2e5d913ca026,e48890a1-27ee-4855-b211-2e5d913ca026,49.26213,-123.11989,2,FALSE,FALSE,17200,0121,1783361838,2026-07-06T18:18:01Z,2026-07-06T18:18:01Z,2026-07-06T18:17:16Z,2.2,https://gbfs.kappa.fifteen.eu/gbfs/2.2/mobi/en/gbfs.json,https://gbfs.kappa.fifteen.eu/gbfs/2.2/mobi/en/free_bike_status.json,2026-07-06T18:18:00Z,2026-07-06T18:18:00Z
mobi_vancouver,mobi_vancouver_8f4240d1-faa2-4378-a5d3-f3913f03619f,8f4240d1-faa2-4378-a5d3-f3913f03619f,49.279764,-123.110154,1,FALSE,FALSE,17600,0005,1783361838,2026-07-06T18:18:01Z,2026-07-06T18:18:01Z,2026-07-06T18:17:16Z,2.2,https://gbfs.kappa.fifteen.eu/gbfs/2.2/mobi/en/gbfs.json,https://gbfs.kappa.fifteen.eu/gbfs/2.2/mobi/en/free_bike_status.json,2026-07-06T18:18:00Z,2026-07-06T18:18:00Z
mobi_vancouver,mobi_vancouver_070f061d-0782-4e1f-9a2c-8d694304f4b2,070f061d-0782-4e1f-9a2c-8d694304f4b2,49.28602,-123.116624,1,FALSE,FALSE,17600,0024,1783361838,2026-07-06T18:18:01Z,2026-07-06T18:18:01Z,2026-07-06T18:17:16Z,2.2,https://gbfs.kappa.fifteen.eu/gbfs/2.2/mobi/en/gbfs.json,https://gbfs.kappa.fifteen.eu/gbfs/2.2/mobi/en/free_bike_status.json,2026-07-06T18:18:00Z,2026-07-06T18:18:00Z
mobi_vancouver,mobi_vancouver_64f01783-3ff5-4da8-99df-719d33783663,64f01783-3ff5-4da8-99df-719d33783663,49.273833,-123.114373,1,FALSE,FALSE,17600,0057,1783361838,2026-07-06T18:18:01Z,2026-07-06T18:18:01Z,2026-07-06T18:17:16Z,2.2,https://gbfs.kappa.fifteen.eu/gbfs/2.2/mobi/en/gbfs.json,https://gbfs.kappa.fifteen.eu/gbfs/2.2/mobi/en/free_bike_status.json,2026-07-06T18:18:00Z,2026-07-06T18:18:00Z
mobi_vancouver,mobi_vancouver_a946dcec-df50-43d7-b6b4-e9afec3fa5b9,a946dcec-df50-43d7-b6b4-e9afec3fa5b9,49.285238,-123.14187,1,FALSE,FALSE,17600,0060,1783361838,2026-07-06T18:18:01Z,2026-07-06T18:18:01Z,2026-07-06T18:17:16Z,2.2,https://gbfs.kappa.fifteen.eu/gbfs/2.2/mobi/en/gbfs.json,https://gbfs.kappa.fifteen.eu/gbfs/2.2/mobi/en/free_bike_status.json,2026-07-06T18:18:00Z,2026-07-06T18:18:00Z
mobi_vancouver,mobi_vancouver_a21fb1fd-12bf-4242-b430-e5a79f8841fb,a21fb1fd-12bf-4242-b430-e5a79f8841fb,49.263837,-123.105173,1,FALSE,FALSE,17600,0107,1783361838,2026-07-06T18:18:01Z,2026-07-06T18:18:01Z,2026-07-06T18:17:16Z,2.2,https://gbfs.kappa.fifteen.eu/gbfs/2.2/mobi/en/gbfs.json,https://gbfs.kappa.fifteen.eu/gbfs/2.2/mobi/en/free_bike_status.json,2026-07-06T18:18:00Z,2026-07-06T18:18:00Z
mobi_vancouver,mobi_vancouver_f40ae60f-f8e0-4bed-bf11-717008ce1289,f40ae60f-f8e0-4bed-bf11-717008ce1289,49.287528,-123.142139,2,FALSE,FALSE,17600,0063,1783361838,2026-07-06T18:18:01Z,2026-07-06T18:18:01Z,2026-07-06T18:17:16Z,2.2,https://gbfs.kappa.fifteen.eu/gbfs/2.2/mobi/en/gbfs.json,https://gbfs.kappa.fifteen.eu/gbfs/2.2/mobi/en/free_bike_status.json,2026-07-06T18:18:00Z,2026-07-06T18:18:00Z
mobi_vancouver,mobi_vancouver_598127b1-4ef6-428b-8ab3-b87ad55401b8,598127b1-4ef6-428b-8ab3-b87ad55401b8,49.294318,-123.148808,2,FALSE,FALSE,17600,0104,1783361838,2026-07-06T18:18:01Z,2026-07-06T18:18:01Z,2026-07-06T18:17:16Z,2.2,https://gbfs.kappa.fifteen.eu/gbfs/2.2/mobi/en/gbfs.json,https://gbfs.kappa.fifteen.eu/gbfs/2.2/mobi/en/free_bike_status.json,2026-07-06T18:18:00Z,2026-07-06T18:18:00Z
mobi_vancouver,mobi_vancouver_3c9ef7c6-548c-4490-872e-8b2fb30c1793,3c9ef7c6-548c-4490-872e-8b2fb30c1793,49.283227,-123.120523,1,FALSE,FALSE,17600,0099,1783361838,2026-07-06T18:18:01Z,2026-07-06T18:18:01Z,2026-07-06T18:17:16Z,2.2,https://gbfs.kappa.fifteen.eu/gbfs/2.2/mobi/en/gbfs.json,https://gbfs.kappa.fifteen.eu/gbfs/2.2/mobi/en/free_bike_status.json,2026-07-06T18:18:00Z,2026-07-06T18:18:00Z
mobi_vancouver,mobi_vancouver_fa843f7a-489a-4818-8002-37657d3bcbad,fa843f7a-489a-4818-8002-37657d3bcbad,49.273103,-123.069892,1,FALSE,FALSE,17600,0235,1783361838,2026-07-06T18:18:01Z,2026-07-06T18:18:01Z,2026-07-06T18:17:16Z,2.2,https://gbfs.kappa.fifteen.eu/gbfs/2.2/mobi/en/gbfs.json,https://gbfs.kappa.fifteen.eu/gbfs/2.2/mobi/en/free_bike_status.json,2026-07-06T18:18:00Z,2026-07-06T18:18:00Z
mobi_vancouver,mobi_vancouver_39693a9c-8060-4f8c-abd0-30d8927dd9c4,39693a9c-8060-4f8c-abd0-30d8927dd9c4,49.277436,-123.070427,1,FALSE,FALSE,17600,0223,1783361838,2026-07-06T18:18:01Z,2026-07-06T18:18:01Z,2026-07-06T18:17:16Z,2.2,https://gbfs.kappa.fifteen.eu/gbfs/2.2/mobi/en/gbfs.json,https://gbfs.kappa.fifteen.eu/gbfs/2.2/mobi/en/free_bike_status.json,2026-07-06T18:18:00Z,2026-07-06T18:18:00Z
mobi_vancouver,mobi_vancouver_10b07faa-9238-4128-b172-60e2c68f2597,10b07faa-9238-4128-b172-60e2c68f2597,49.28117,-123.104419,1,FALSE,FALSE,17600,0098,1783361838,2026-07-06T18:18:01Z,2026-07-06T18:18:01Z,2026-07-06T18:17:16Z,2.2,https://gbfs.kappa.fifteen.eu/gbfs/2.2/mobi/en/gbfs.json,https://gbfs.kappa.fifteen.eu/gbfs/2.2/mobi/en/free_bike_status.json,2026-07-06T18:18:00Z,2026-07-06T18:18:00Z
mobi_vancouver,mobi_vancouver_e61b40f9-516b-4b1b-9f10-e0a5793ed632,e61b40f9-516b-4b1b-9f10-e0a5793ed632,49.266725,-123.065925,1,FALSE,FALSE,17600,0273,1783361838,2026-07-06T18:18:01Z,2026-07-06T18:18:01Z,2026-07-06T18:17:16Z,2.2,https://gbfs.kappa.fifteen.eu/gbfs/2.2/mobi/en/gbfs.json,https://gbfs.kappa.fifteen.eu/gbfs/2.2/mobi/en/free_bike_status.json,2026-07-06T18:18:00Z,2026-07-06T18:18:00Z
mobi_vancouver,mobi_vancouver_02066a7b-32f5-4287-85d7-2e4d7c4e7f32,02066a7b-32f5-4287-85d7-2e4d7c4e7f32,49.280427,-123.074082,2,FALSE,FALSE,17600,0225,1783361838,2026-07-06T18:18:01Z,2026-07-06T18:18:01Z,2026-07-06T18:17:16Z,2.2,https://gbfs.kappa.fifteen.eu/gbfs/2.2/mobi/en/gbfs.json,https://gbfs.kappa.fifteen.eu/gbfs/2.2/mobi/en/free_bike_status.json,2026-07-06T18:18:00Z,2026-07-06T18:18:00Z
mobi_vancouver,mobi_vancouver_17bbbfc6-c89c-4314-b9b2-eca257640dea,17bbbfc6-c89c-4314-b9b2-eca257640dea,49.261122,-123.097571,1,FALSE,FALSE,17600,0179,1783361838,2026-07-06T18:18:01Z,2026-07-06T18:18:01Z,2026-07-06T18:17:16Z,2.2,https://gbfs.kappa.fifteen.eu/gbfs/2.2/mobi/en/gbfs.json,https://gbfs.kappa.fifteen.eu/gbfs/2.2/mobi/en/free_bike_status.json,2026-07-06T18:18:00Z,2026-07-06T18:18:00Z
mobi_vancouver,mobi_vancouver_738cea1f-5ec4-42aa-99c8-3328a518b1e0,738cea1f-5ec4-42aa-99c8-3328a518b1e0,49.262835,-123.152626,1,FALSE,FALSE,17600,0075,1783361838,2026-07-06T18:18:01Z,2026-07-06T18:18:01Z,2026-07-06T18:17:16Z,2.2,https://gbfs.kappa.fifteen.eu/gbfs/2.2/mobi/en/gbfs.json,https://gbfs.kappa.fifteen.eu/gbfs/2.2/mobi/en/free_bike_status.json,2026-07-06T18:18:00Z,2026-07-06T18:18:00Z
mobi_vancouver,mobi_vancouver_5868476b-7e14-4a54-8e0c-0ca9ad2099da,5868476b-7e14-4a54-8e0c-0ca9ad2099da,49.255034,-123.120226,1,FALSE,FALSE,17600,0511,1783361838,2026-07-06T18:18:01Z,2026-07-06T18:18:01Z,2026-07-06T18:17:16Z,2.2,https://gbfs.kappa.fifteen.eu/gbfs/2.2/mobi/en/gbfs.json,https://gbfs.kappa.fifteen.eu/gbfs/2.2/mobi/en/free_bike_status.json,2026-07-06T18:18:00Z,2026-07-06T18:18:00Z
mobi_vancouver,mobi_vancouver_c04aafab-fb83-46c3-8cc4-6850a632d922,c04aafab-fb83-46c3-8cc4-6850a632d922,49.247854,-123.153422,1,FALSE,FALSE,17600,0480,1783361838,2026-07-06T18:18:01Z,2026-07-06T18:18:01Z,2026-07-06T18:17:16Z,2.2,https://gbfs.kappa.fifteen.eu/gbfs/2.2/mobi/en/gbfs.json,https://gbfs.kappa.fifteen.eu/gbfs/2.2/mobi/en/free_bike_status.json,2026-07-06T18:18:00Z,2026-07-06T18:18:00Z
mobi_vancouver,mobi_vancouver_246b6d5d-8066-47de-8662-a49ccb60099d,246b6d5d-8066-47de-8662-a49ccb60099d,49.243375,-123.104978,1,FALSE,FALSE,17600,0557,1783361838,2026-07-06T18:18:01Z,2026-07-06T18:18:01Z,2026-07-06T18:17:16Z,2.2,https://gbfs.kappa.fifteen.eu/gbfs/2.2/mobi/en/gbfs.json,https://gbfs.kappa.fifteen.eu/gbfs/2.2/mobi/en/free_bike_status.json,2026-07-06T18:18:00Z,2026-07-06T18:18:00Z
mobi_vancouver,mobi_vancouver_a9673c79-14f2-4d35-b2db-c98de8e127bf,a9673c79-14f2-4d35-b2db-c98de8e127bf,49.283482,-123.103738,1,FALSE,FALSE,17600,0013,1783361838,2026-07-06T18:18:01Z,2026-07-06T18:18:01Z,2026-07-06T18:17:16Z,2.2,https://gbfs.kappa.fifteen.eu/gbfs/2.2/mobi/en/gbfs.json,https://gbfs.kappa.fifteen.eu/gbfs/2.2/mobi/en/free_bike_status.json,2026-07-06T18:18:00Z,2026-07-06T18:18:00Z
mobi_vancouver,mobi_vancouver_617f9aea-e4dc-410c-a213-ee1fdf096855,617f9aea-e4dc-410c-a213-ee1fdf096855,49.269172,-123.25279,1,FALSE,FALSE,17600,2131,1783361838,2026-07-06T18:18:01Z,2026-07-06T18:18:01Z,2026-07-06T18:17:16Z,2.2,https://gbfs.kappa.fifteen.eu/gbfs/2.2/mobi/en/gbfs.json,https://gbfs.kappa.fifteen.eu/gbfs/2.2/mobi/en/free_bike_status.json,2026-07-06T18:18:00Z,2026-07-06T18:18:00Z
mobi_vancouver,mobi_vancouver_43663205-1874-49c1-8282-e248454dbc67,43663205-1874-49c1-8282-e248454dbc67,49.293264,-123.132861,1,FALSE,FALSE,17600,0181,1783361838,2026-07-06T18:18:01Z,2026-07-06T18:18:01Z,2026-07-06T18:17:16Z,2.2,https://gbfs.kappa.fifteen.eu/gbfs/2.2/mobi/en/gbfs.json,https://gbfs.kappa.fifteen.eu/gbfs/2.2/mobi/en/free_bike_status.json,2026-07-06T18:18:00Z,2026-07-06T18:18:00Z
mobi_vancouver,mobi_vancouver_26e74ade-29eb-4cdd-bd81-00534ffcc3e5,26e74ade-29eb-4cdd-bd81-00534ffcc3e5,49.282214,-123.114101,2,FALSE,FALSE,18000,0012,1783361838,2026-07-06T18:18:01Z,2026-07-06T18:18:01Z,2026-07-06T18:17:16Z,2.2,https://gbfs.kappa.fifteen.eu/gbfs/2.2/mobi/en/gbfs.json,https://gbfs.kappa.fifteen.eu/gbfs/2.2/mobi/en/free_bike_status.json,2026-07-06T18:18:00Z,2026-07-06T18:18:00Z
mobi_vancouver,mobi_vancouver_7303e3e9-1332-4e1f-b2f8-2c9c33b5a56c,7303e3e9-1332-4e1f-b2f8-2c9c33b5a56c,49.264215,-123.117772,1,FALSE,FALSE,18000,0008,1783361838,2026-07-06T18:18:01Z,2026-07-06T18:18:01Z,2026-07-06T18:17:16Z,2.2,https://gbfs.kappa.fifteen.eu/gbfs/2.2/mobi/en/gbfs.json,https://gbfs.kappa.fifteen.eu/gbfs/2.2/mobi/en/free_bike_status.json,2026-07-06T18:18:00Z,2026-07-06T18:18:00Z
mobi_vancouver,mobi_vancouver_721f7e37-bb4e-4b2e-97e7-10349cbc1667,721f7e37-bb4e-4b2e-97e7-10349cbc1667,49.260599,-123.113504,1,FALSE,FALSE,18000,0007,1783361838,2026-07-06T18:18:01Z,2026-07-06T18:18:01Z,2026-07-06T18:17:16Z,2.2,https://gbfs.kappa.fifteen.eu/gbfs/2.2/mobi/en/gbfs.json,https://gbfs.kappa.fifteen.eu/gbfs/2.2/mobi/en/free_bike_status.json,2026-07-06T18:18:00Z,2026-07-06T18:18:00Z
mobi_vancouver,mobi_vancouver_824bb33d-3ed6-4515-b887-381c169e0e84,824bb33d-3ed6-4515-b887-381c169e0e84,49.28972,-123.144028,1,FALSE,FALSE,18000,0047,1783361838,2026-07-06T18:18:01Z,2026-07-06T18:18:01Z,2026-07-06T18:17:16Z,2.2,https://gbfs.kappa.fifteen.eu/gbfs/2.2/mobi/en/gbfs.json,https://gbfs.kappa.fifteen.eu/gbfs/2.2/mobi/en/free_bike_status.json,2026-07-06T18:18:00Z,2026-07-06T18:18:00Z
mobi_vancouver,mobi_vancouver_20b9685f-fb12-458a-8cef-061a2db95134,20b9685f-fb12-458a-8cef-061a2db95134,49.27808,-123.130557,1,FALSE,FALSE,18000,0089,1783361838,2026-07-06T18:18:01Z,2026-07-06T18:18:01Z,2026-07-06T18:17:16Z,2.2,https://gbfs.kappa.fifteen.eu/gbfs/2.2/mobi/en/gbfs.json,https://gbfs.kappa.fifteen.eu/gbfs/2.2/mobi/en/free_bike_status.json,2026-07-06T18:18:00Z,2026-07-06T18:18:00Z
mobi_vancouver,mobi_vancouver_cf9547c2-73fa-4866-98d8-4f7314b74c8a,cf9547c2-73fa-4866-98d8-4f7314b74c8a,49.279821,-123.10802,2,FALSE,FALSE,18000,0053,1783361838,2026-07-06T18:18:01Z,2026-07-06T18:18:01Z,2026-07-06T18:17:16Z,2.2,https://gbfs.kappa.fifteen.eu/gbfs/2.2/mobi/en/gbfs.json,https://gbfs.kappa.fifteen.eu/gbfs/2.2/mobi/en/free_bike_status.json,2026-07-06T18:18:00Z,2026-07-06T18:18:00Z
mobi_vancouver,mobi_vancouver_c0b6389e-28e8-459c-b64b-78d996f927d1,c0b6389e-28e8-459c-b64b-78d996f927d1,49.287528,-123.142139,2,FALSE,FALSE,18000,0028,1783361838,2026-07-06T18:18:01Z,2026-07-06T18:18:01Z,2026-07-06T18:17:16Z,2.2,https://gbfs.kappa.fifteen.eu/gbfs/2.2/mobi/en/gbfs.json,https://gbfs.kappa.fifteen.eu/gbfs/2.2/mobi/en/free_bike_status.json,2026-07-06T18:18:00Z,2026-07-06T18:18:00Z
mobi_vancouver,mobi_vancouver_83b818fa-e477-4957-aeef-089847c70bdb,83b818fa-e477-4957-aeef-089847c70bdb,49.266724,-123.104824,1,FALSE,FALSE,18000,0073,1783361838,2026-07-06T18:18:01Z,2026-07-06T18:18:01Z,2026-07-06T18:17:16Z,2.2,https://gbfs.kappa.fifteen.eu/gbfs/2.2/mobi/en/gbfs.json,https://gbfs.kappa.fifteen.eu/gbfs/2.2/mobi/en/free_bike_status.json,2026-07-06T18:18:00Z,2026-07-06T18:18:00Z
mobi_vancouver,mobi_vancouver_f9523f42-ffd1-4e10-943c-436c598d3d2b,f9523f42-ffd1-4e10-943c-436c598d3d2b,49.284605,-123.108662,1,FALSE,FALSE,18000,0052,1783361838,2026-07-06T18:18:01Z,2026-07-06T18:18:01Z,2026-07-06T18:17:16Z,2.2,https://gbfs.kappa.fifteen.eu/gbfs/2.2/mobi/en/gbfs.json,https://gbfs.kappa.fifteen.eu/gbfs/2.2/mobi/en/free_bike_status.json,2026-07-06T18:18:00Z,2026-07-06T18:18:00Z
mobi_vancouver,mobi_vancouver_e3b6ed21-70a5-4402-9baf-feb74e703846,e3b6ed21-70a5-4402-9baf-feb74e703846,49.284605,-123.108662,1,FALSE,FALSE,18000,0052,1783361838,2026-07-06T18:18:01Z,2026-07-06T18:18:01Z,2026-07-06T18:17:16Z,2.2,https://gbfs.kappa.fifteen.eu/gbfs/2.2/mobi/en/gbfs.json,https://gbfs.kappa.fifteen.eu/gbfs/2.2/mobi/en/free_bike_status.json,2026-07-06T18:18:00Z,2026-07-06T18:18:00Z
mobi_vancouver,mobi_vancouver_d92c8ec4-d08f-47e1-b796-92dc13e8ce49,d92c8ec4-d08f-47e1-b796-92dc13e8ce49,49.266476,-123.109389,1,FALSE,FALSE,18000,0165,1783361838,2026-07-06T18:18:01Z,2026-07-06T18:18:01Z,2026-07-06T18:17:16Z,2.2,https://gbfs.kappa.fifteen.eu/gbfs/2.2/mobi/en/gbfs.json,https://gbfs.kappa.fifteen.eu/gbfs/2.2/mobi/en/free_bike_status.json,2026-07-06T18:18:00Z,2026-07-06T18:18:00Z
mobi_vancouver,mobi_vancouver_801d3a95-b1c0-4b14-b8b5-272f63d862d2,801d3a95-b1c0-4b14-b8b5-272f63d862d2,49.281506,-123.120101,1,FALSE,FALSE,18000,0063,1783361838,2026-07-06T18:18:01Z,2026-07-06T18:18:01Z,2026-07-06T18:17:16Z,2.2,https://gbfs.kappa.fifteen.eu/gbfs/2.2/mobi/en/gbfs.json,https://gbfs.kappa.fifteen.eu/gbfs/2.2/mobi/en/free_bike_status.json,2026-07-06T18:18:00Z,2026-07-06T18:18:00Z
mobi_vancouver,mobi_vancouver_39b860ff-77e0-4eb2-9a65-f0c6ba72a701,39b860ff-77e0-4eb2-9a65-f0c6ba72a701,49.282758,-123.122092,2,FALSE,FALSE,18000,0019,1783361838,2026-07-06T18:18:01Z,2026-07-06T18:18:01Z,2026-07-06T18:17:16Z,2.2,https://gbfs.kappa.fifteen.eu/gbfs/2.2/mobi/en/gbfs.json,https://gbfs.kappa.fifteen.eu/gbfs/2.2/mobi/en/free_bike_status.json,2026-07-06T18:18:00Z,2026-07-06T18:18:00Z
mobi_vancouver,mobi_vancouver_724980c3-f453-4278-8fcc-24e603cd0f42,724980c3-f453-4278-8fcc-24e603cd0f42,49.279342,-123.101822,1,FALSE,FALSE,18000,0055,1783361838,2026-07-06T18:18:01Z,2026-07-06T18:18:01Z,2026-07-06T18:17:16Z,2.2,https://gbfs.kappa.fifteen.eu/gbfs/2.2/mobi/en/gbfs.json,https://gbfs.kappa.fifteen.eu/gbfs/2.2/mobi/en/free_bike_status.json,2026-07-06T18:18:00Z,2026-07-06T18:18:00Z
mobi_vancouver,mobi_vancouver_726bbe57-9c07-4cd3-816a-b2f60c44c3af,726bbe57-9c07-4cd3-816a-b2f60c44c3af,49.281301,-123.139108,2,FALSE,FALSE,18000,0084,1783361838,2026-07-06T18:18:01Z,2026-07-06T18:18:01Z,2026-07-06T18:17:16Z,2.2,https://gbfs.kappa.fifteen.eu/gbfs/2.2/mobi/en/gbfs.json,https://gbfs.kappa.fifteen.eu/gbfs/2.2/mobi/en/free_bike_status.json,2026-07-06T18:18:00Z,2026-07-06T18:18:00Z
mobi_vancouver,mobi_vancouver_5cd97f30-6b0a-4a85-91a8-192da1be53df,5cd97f30-6b0a-4a85-91a8-192da1be53df,49.267859,-123.145782,1,FALSE,FALSE,18000,0139,1783361838,2026-07-06T18:18:01Z,2026-07-06T18:18:01Z,2026-07-06T18:17:16Z,2.2,https://gbfs.kappa.fifteen.eu/gbfs/2.2/mobi/en/gbfs.json,https://gbfs.kappa.fifteen.eu/gbfs/2.2/mobi/en/free_bike_status.json,2026-07-06T18:18:00Z,2026-07-06T18:18:00Z
mobi_vancouver,mobi_vancouver_62ac75c7-880b-426c-9c2b-572a6e8c6f93,62ac75c7-880b-426c-9c2b-572a6e8c6f93,49.265005,-123.079481,1,FALSE,FALSE,18000,0236,1783361838,2026-07-06T18:18:01Z,2026-07-06T18:18:01Z,2026-07-06T18:17:16Z,2.2,https://gbfs.kappa.fifteen.eu/gbfs/2.2/mobi/en/gbfs.json,https://gbfs.kappa.fifteen.eu/gbfs/2.2/mobi/en/free_bike_status.json,2026-07-06T18:18:00Z,2026-07-06T18:18:00Z
mobi_vancouver,mobi_vancouver_6db716eb-7dce-4acf-ab87-217d88f8b04f,6db716eb-7dce-4acf-ab87-217d88f8b04f,49.277665,-123.073653,1,FALSE,FALSE,18000,0222,1783361838,2026-07-06T18:18:01Z,2026-07-06T18:18:01Z,2026-07-06T18:17:16Z,2.2,https://gbfs.kappa.fifteen.eu/gbfs/2.2/mobi/en/gbfs.json,https://gbfs.kappa.fifteen.eu/gbfs/2.2/mobi/en/free_bike_status.json,2026-07-06T18:18:00Z,2026-07-06T18:18:00Z
mobi_vancouver,mobi_vancouver_2ba2d2f9-eb72-4ae1-bfe3-d5a9aad08d4e,2ba2d2f9-eb72-4ae1-bfe3-d5a9aad08d4e,49.28567,-123.112543,1,FALSE,FALSE,18000,0021,1783361838,2026-07-06T18:18:01Z,2026-07-06T18:18:01Z,2026-07-06T18:17:16Z,2.2,https://gbfs.kappa.fifteen.eu/gbfs/2.2/mobi/en/gbfs.json,https://gbfs.kappa.fifteen.eu/gbfs/2.2/mobi/en/free_bike_status.json,2026-07-06T18:18:00Z,2026-07-06T18:18:00Z
mobi_vancouver,mobi_vancouver_14b3eb16-1a0a-4b17-a94c-9af0bbf54591,14b3eb16-1a0a-4b17-a94c-9af0bbf54591,49.283986,-123.065264,1,FALSE,FALSE,18000,0280,1783361838,2026-07-06T18:18:01Z,2026-07-06T18:18:01Z,2026-07-06T18:17:16Z,2.2,https://gbfs.kappa.fifteen.eu/gbfs/2.2/mobi/en/gbfs.json,https://gbfs.kappa.fifteen.eu/gbfs/2.2/mobi/en/free_bike_status.json,2026-07-06T18:18:00Z,2026-07-06T18:18:00Z
mobi_vancouver,mobi_vancouver_a2a327f0-e80d-4a1c-91fe-10df7d9a0cf2,a2a327f0-e80d-4a1c-91fe-10df7d9a0cf2,49.280427,-123.074082,1,FALSE,FALSE,18000,0225,1783361838,2026-07-06T18:18:01Z,2026-07-06T18:18:01Z,2026-07-06T18:17:16Z,2.2,https://gbfs.kappa.fifteen.eu/gbfs/2.2/mobi/en/gbfs.json,https://gbfs.kappa.fifteen.eu/gbfs/2.2/mobi/en/free_bike_status.json,2026-07-06T18:18:00Z,2026-07-06T18:18:00Z
mobi_vancouver,mobi_vancouver_796c63e5-9b0a-4b0c-8a23-52e71ae0a92b,796c63e5-9b0a-4b0c-8a23-52e71ae0a92b,49.276768,-123.075636,1,FALSE,FALSE,18000,,1783361838,2026-07-06T18:18:01Z,2026-07-06T18:18:01Z,2026-07-06T18:17:16Z,2.2,https://gbfs.kappa.fifteen.eu/gbfs/2.2/mobi/en/gbfs.json,https://gbfs.kappa.fifteen.eu/gbfs/2.2/mobi/en/free_bike_status.json,2026-07-06T18:18:00Z,2026-07-06T18:18:00Z
mobi_vancouver,mobi_vancouver_60b62683-1061-4c85-9678-2432ebd4e601,60b62683-1061-4c85-9678-2432ebd4e601,49.27713,-123.07583,1,FALSE,FALSE,18000,,1783361838,2026-07-06T18:18:01Z,2026-07-06T18:18:01Z,2026-07-06T18:17:16Z,2.2,https://gbfs.kappa.fifteen.eu/gbfs/2.2/mobi/en/gbfs.json,https://gbfs.kappa.fifteen.eu/gbfs/2.2/mobi/en/free_bike_status.json,2026-07-06T18:18:00Z,2026-07-06T18:18:00Z
mobi_vancouver,mobi_vancouver_ec572640-4575-420f-b161-092c06fda152,ec572640-4575-420f-b161-092c06fda152,49.263962,-123.112621,1,FALSE,FALSE,18000,0170,1783361838,2026-07-06T18:18:01Z,2026-07-06T18:18:01Z,2026-07-06T18:17:16Z,2.2,https://gbfs.kappa.fifteen.eu/gbfs/2.2/mobi/en/gbfs.json,https://gbfs.kappa.fifteen.eu/gbfs/2.2/mobi/en/free_bike_status.json,2026-07-06T18:18:00Z,2026-07-06T18:18:00Z
mobi_vancouver,mobi_vancouver_0c467f5d-1d6d-4fea-9b7d-6ba00eaf006f,0c467f5d-1d6d-4fea-9b7d-6ba00eaf006f,49.279821,-123.10802,1,FALSE,FALSE,18000,0142,1783361838,2026-07-06T18:18:01Z,2026-07-06T18:18:01Z,2026-07-06T18:17:16Z,2.2,https://gbfs.kappa.fifteen.eu/gbfs/2.2/mobi/en/gbfs.json,https://gbfs.kappa.fifteen.eu/gbfs/2.2/mobi/en/free_bike_status.json,2026-07-06T18:18:00Z,2026-07-06T18:18:00Z
mobi_vancouver,mobi_vancouver_450aa55e-e538-45f5-a903-61119c657646,450aa55e-e538-45f5-a903-61119c657646,49.283298,-123.142288,2,FALSE,FALSE,18000,0142,1783361838,2026-07-06T18:18:01Z,2026-07-06T18:18:01Z,2026-07-06T18:17:16Z,2.2,https://gbfs.kappa.fifteen.eu/gbfs/2.2/mobi/en/gbfs.json,https://gbfs.kappa.fifteen.eu/gbfs/2.2/mobi/en/free_bike_status.json,2026-07-06T18:18:00Z,2026-07-06T18:18:00Z
mobi_vancouver,mobi_vancouver_5643616f-f965-4423-8ba0-adeaaa465857,5643616f-f965-4423-8ba0-adeaaa465857,49.271044,-123.170661,1,FALSE,FALSE,18000,0450,1783361838,2026-07-06T18:18:01Z,2026-07-06T18:18:01Z,2026-07-06T18:17:16Z,2.2,https://gbfs.kappa.fifteen.eu/gbfs/2.2/mobi/en/gbfs.json,https://gbfs.kappa.fifteen.eu/gbfs/2.2/mobi/en/free_bike_status.json,2026-07-06T18:18:00Z,2026-07-06T18:18:00Z
mobi_vancouver,mobi_vancouver_cf0b9d89-1b25-4486-9fd7-46454c2e7a53,cf0b9d89-1b25-4486-9fd7-46454c2e7a53,49.271044,-123.170661,1,FALSE,FALSE,18000,0450,1783361838,2026-07-06T18:18:01Z,2026-07-06T18:18:01Z,2026-07-06T18:17:16Z,2.2,https://gbfs.kappa.fifteen.eu/gbfs/2.2/mobi/en/gbfs.json,https://gbfs.kappa.fifteen.eu/gbfs/2.2/mobi/en/free_bike_status.json,2026-07-06T18:18:00Z,2026-07-06T18:18:00Z
mobi_vancouver,mobi_vancouver_62e83b44-a797-411b-bb7c-e54928705602,62e83b44-a797-411b-bb7c-e54928705602,49.266924,-123.173849,1,FALSE,FALSE,18000,0443,1783361838,2026-07-06T18:18:01Z,2026-07-06T18:18:01Z,2026-07-06T18:17:16Z,2.2,https://gbfs.kappa.fifteen.eu/gbfs/2.2/mobi/en/gbfs.json,https://gbfs.kappa.fifteen.eu/gbfs/2.2/mobi/en/free_bike_status.json,2026-07-06T18:18:00Z,2026-07-06T18:18:00Z
mobi_vancouver,mobi_vancouver_be764c87-64a9-40d4-bb9c-942f93233831,be764c87-64a9-40d4-bb9c-942f93233831,49.287464,-123.060771,1,FALSE,FALSE,18000,0611,1783361838,2026-07-06T18:18:01Z,2026-07-06T18:18:01Z,2026-07-06T18:17:16Z,2.2,https://gbfs.kappa.fifteen.eu/gbfs/2.2/mobi/en/gbfs.json,https://gbfs.kappa.fifteen.eu/gbfs/2.2/mobi/en/free_bike_status.json,2026-07-06T18:18:00Z,2026-07-06T18:18:00Z
mobi_vancouver,mobi_vancouver_98db5717-edb6-45be-99d6-5d30eaada5bd,98db5717-edb6-45be-99d6-5d30eaada5bd,49.287464,-123.060771,1,FALSE,FALSE,18000,0611,1783361838,2026-07-06T18:18:01Z,2026-07-06T18:18:01Z,2026-07-06T18:17:16Z,2.2,https://gbfs.kappa.fifteen.eu/gbfs/2.2/mobi/en/gbfs.json,https://gbfs.kappa.fifteen.eu/gbfs/2.2/mobi/en/free_bike_status.json,2026-07-06T18:18:00Z,2026-07-06T18:18:00Z
mobi_vancouver,mobi_vancouver_487a0047-92d3-4f2c-977d-bf0bcb76fb25,487a0047-92d3-4f2c-977d-bf0bcb76fb25,49.283482,-123.103738,1,FALSE,FALSE,18000,0013,1783361838,2026-07-06T18:18:01Z,2026-07-06T18:18:01Z,2026-07-06T18:17:16Z,2.2,https://gbfs.kappa.fifteen.eu/gbfs/2.2/mobi/en/gbfs.json,https://gbfs.kappa.fifteen.eu/gbfs/2.2/mobi/en/free_bike_status.json,2026-07-06T18:18:00Z,2026-07-06T18:18:00Z
mobi_vancouver,mobi_vancouver_24ab266c-2280-4a27-b997-a2533715ca33,24ab266c-2280-4a27-b997-a2533715ca33,49.261655,-123.241924,1,FALSE,FALSE,18000,2157,1783361838,2026-07-06T18:18:01Z,2026-07-06T18:18:01Z,2026-07-06T18:17:16Z,2.2,https://gbfs.kappa.fifteen.eu/gbfs/2.2/mobi/en/gbfs.json,https://gbfs.kappa.fifteen.eu/gbfs/2.2/mobi/en/free_bike_status.json,2026-07-06T18:18:00Z,2026-07-06T18:18:00Z
mobi_vancouver,mobi_vancouver_f0bb2328-c7ee-432a-8ebd-26aa0aec3374,f0bb2328-c7ee-432a-8ebd-26aa0aec3374,49.262487,-123.114397,1,FALSE,FALSE,18400,0001,1783361838,2026-07-06T18:18:01Z,2026-07-06T18:18:01Z,2026-07-06T18:17:16Z,2.2,https://gbfs.kappa.fifteen.eu/gbfs/2.2/mobi/en/gbfs.json,https://gbfs.kappa.fifteen.eu/gbfs/2.2/mobi/en/free_bike_status.json,2026-07-06T18:18:00Z,2026-07-06T18:18:00Z
mobi_vancouver,mobi_vancouver_75746165-fcb3-4103-b160-69d46daad907,75746165-fcb3-4103-b160-69d46daad907,49.279342,-123.101822,2,FALSE,FALSE,18400,0039,1783361838,2026-07-06T18:18:01Z,2026-07-06T18:18:01Z,2026-07-06T18:17:16Z,2.2,https://gbfs.kappa.fifteen.eu/gbfs/2.2/mobi/en/gbfs.json,https://gbfs.kappa.fifteen.eu/gbfs/2.2/mobi/en/free_bike_status.json,2026-07-06T18:18:00Z,2026-07-06T18:18:00Z
mobi_vancouver,mobi_vancouver_9fde09eb-972d-400f-960e-5c3d5ceae497,9fde09eb-972d-400f-960e-5c3d5ceae497,49.269361,-123.13782,1,FALSE,FALSE,18400,0066,1783361838,2026-07-06T18:18:01Z,2026-07-06T18:18:01Z,2026-07-06T18:17:16Z,2.2,https://gbfs.kappa.fifteen.eu/gbfs/2.2/mobi/en/gbfs.json,https://gbfs.kappa.fifteen.eu/gbfs/2.2/mobi/en/free_bike_status.json,2026-07-06T18:18:00Z,2026-07-06T18:18:00Z
mobi_vancouver,mobi_vancouver_ae7cdbcb-a53a-4e69-bede-a5c134a9064d,ae7cdbcb-a53a-4e69-bede-a5c134a9064d,49.283343,-123.131099,1,FALSE,FALSE,18400,0050,1783361838,2026-07-06T18:18:01Z,2026-07-06T18:18:01Z,2026-07-06T18:17:16Z,2.2,https://gbfs.kappa.fifteen.eu/gbfs/2.2/mobi/en/gbfs.json,https://gbfs.kappa.fifteen.eu/gbfs/2.2/mobi/en/free_bike_status.json,2026-07-06T18:18:00Z,2026-07-06T18:18:00Z
mobi_vancouver,mobi_vancouver_1fdf8d3f-0e53-4c29-aa05-c7dfecf2e361,1fdf8d3f-0e53-4c29-aa05-c7dfecf2e361,49.287528,-123.142139,1,FALSE,FALSE,18400,0028,1783361838,2026-07-06T18:18:01Z,2026-07-06T18:18:01Z,2026-07-06T18:17:16Z,2.2,https://gbfs.kappa.fifteen.eu/gbfs/2.2/mobi/en/gbfs.json,https://gbfs.kappa.fifteen.eu/gbfs/2.2/mobi/en/free_bike_status.json,2026-07-06T18:18:00Z,2026-07-06T18:18:00Z
mobi_vancouver,mobi_vancouver_65d4a844-bfe0-450d-a3e4-713f08785d62,65d4a844-bfe0-450d-a3e4-713f08785d62,49.28526,-123.141809,1,FALSE,FALSE,18400,0060,1783361838,2026-07-06T18:18:01Z,2026-07-06T18:18:01Z,2026-07-06T18:17:16Z,2.2,https://gbfs.kappa.fifteen.eu/gbfs/2.2/mobi/en/gbfs.json,https://gbfs.kappa.fifteen.eu/gbfs/2.2/mobi/en/free_bike_status.json,2026-07-06T18:18:00Z,2026-07-06T18:18:00Z
mobi_vancouver,mobi_vancouver_6d5f4864-3846-4b70-842e-2bf394179ada,6d5f4864-3846-4b70-842e-2bf394179ada,49.293257,-123.138563,1,FALSE,FALSE,18400,0093,1783361838,2026-07-06T18:18:01Z,2026-07-06T18:18:01Z,2026-07-06T18:17:16Z,2.2,https://gbfs.kappa.fifteen.eu/gbfs/2.2/mobi/en/gbfs.json,https://gbfs.kappa.fifteen.eu/gbfs/2.2/mobi/en/free_bike_status.json,2026-07-06T18:18:00Z,2026-07-06T18:18:00Z
mobi_vancouver,mobi_vancouver_810db636-036c-4015-a92f-44f0993ca9c4,810db636-036c-4015-a92f-44f0993ca9c4,49.293257,-123.138563,1,FALSE,FALSE,18400,0093,1783361838,2026-07-06T18:18:01Z,2026-07-06T18:18:01Z,2026-07-06T18:17:16Z,2.2,https://gbfs.kappa.fifteen.eu/gbfs/2.2/mobi/en/gbfs.json,https://gbfs.kappa.fifteen.eu/gbfs/2.2/mobi/en/free_bike_status.json,2026-07-06T18:18:00Z,2026-07-06T18:18:00Z
mobi_vancouver,mobi_vancouver_d0cc1fc5-a784-4f61-95d5-85de3ad8bfcd,d0cc1fc5-a784-4f61-95d5-85de3ad8bfcd,49.265939,-123.1129,1,FALSE,FALSE,18400,0171,1783361838,2026-07-06T18:18:01Z,2026-07-06T18:18:01Z,2026-07-06T18:17:16Z,2.2,https://gbfs.kappa.fifteen.eu/gbfs/2.2/mobi/en/gbfs.json,https://gbfs.kappa.fifteen.eu/gbfs/2.2/mobi/en/free_bike_status.json,2026-07-06T18:18:00Z,2026-07-06T18:18:00Z
mobi_vancouver,mobi_vancouver_9779357a-1ee2-431f-bb8d-c065e7d6ac24,9779357a-1ee2-431f-bb8d-c065e7d6ac24,49.283227,-123.120523,1,FALSE,FALSE,18400,0099,1783361838,2026-07-06T18:18:01Z,2026-07-06T18:18:01Z,2026-07-06T18:17:16Z,2.2,https://gbfs.kappa.fifteen.eu/gbfs/2.2/mobi/en/gbfs.json,https://gbfs.kappa.fifteen.eu/gbfs/2.2/mobi/en/free_bike_status.json,2026-07-06T18:18:00Z,2026-07-06T18:18:00Z
mobi_vancouver,mobi_vancouver_2836ae3b-bd62-46fa-8daa-433e631e6198,2836ae3b-bd62-46fa-8daa-433e631e6198,49.263242,-123.070521,1,FALSE,FALSE,18400,0242,1783361838,2026-07-06T18:18:01Z,2026-07-06T18:18:01Z,2026-07-06T18:17:16Z,2.2,https://gbfs.kappa.fifteen.eu/gbfs/2.2/mobi/en/gbfs.json,https://gbfs.kappa.fifteen.eu/gbfs/2.2/mobi/en/free_bike_status.json,2026-07-06T18:18:00Z,2026-07-06T18:18:00Z
mobi_vancouver,mobi_vancouver_d92b72d7-f909-4d8b-98c3-fca8c576d3fd,d92b72d7-f909-4d8b-98c3-fca8c576d3fd,49.273103,-123.069892,1,FALSE,FALSE,18400,0235,1783361838,2026-07-06T18:18:01Z,2026-07-06T18:18:01Z,2026-07-06T18:17:16Z,2.2,https://gbfs.kappa.fifteen.eu/gbfs/2.2/mobi/en/gbfs.json,https://gbfs.kappa.fifteen.eu/gbfs/2.2/mobi/en/free_bike_status.json,2026-07-06T18:18:00Z,2026-07-06T18:18:00Z
mobi_vancouver,mobi_vancouver_16522842-4c6b-49a1-af81-552c3f1728b0,16522842-4c6b-49a1-af81-552c3f1728b0,49.283992,-123.091206,1,FALSE,FALSE,18400,0230,1783361838,2026-07-06T18:18:01Z,2026-07-06T18:18:01Z,2026-07-06T18:17:16Z,2.2,https://gbfs.kappa.fifteen.eu/gbfs/2.2/mobi/en/gbfs.json,https://gbfs.kappa.fifteen.eu/gbfs/2.2/mobi/en/free_bike_status.json,2026-07-06T18:18:00Z,2026-07-06T18:18:00Z
mobi_vancouver,mobi_vancouver_df8da9b5-4fd0-47e6-bf0d-5fa875c93831,df8da9b5-4fd0-47e6-bf0d-5fa875c93831,49.263518,-123.09568,1,FALSE,FALSE,18400,0262,1783361838,2026-07-06T18:18:01Z,2026-07-06T18:18:01Z,2026-07-06T18:17:16Z,2.2,https://gbfs.kappa.fifteen.eu/gbfs/2.2/mobi/en/gbfs.json,https://gbfs.kappa.fifteen.eu/gbfs/2.2/mobi/en/free_bike_status.json,2026-07-06T18:18:00Z,2026-07-06T18:18:00Z
mobi_vancouver,mobi_vancouver_f627149d-cdd8-4e81-b46d-b0a409ebe34f,f627149d-cdd8-4e81-b46d-b0a409ebe34f,49.280332,-123.070068,1,FALSE,FALSE,18400,0224,1783361838,2026-07-06T18:18:01Z,2026-07-06T18:18:01Z,2026-07-06T18:17:16Z,2.2,https://gbfs.kappa.fifteen.eu/gbfs/2.2/mobi/en/gbfs.json,https://gbfs.kappa.fifteen.eu/gbfs/2.2/mobi/en/free_bike_status.json,2026-07-06T18:18:00Z,2026-07-06T18:18:00Z
mobi_vancouver,mobi_vancouver_f14fbec4-1374-464a-835c-2ae6f0869a56,f14fbec4-1374-464a-835c-2ae6f0869a56,49.266725,-123.065925,1,FALSE,FALSE,18400,0273,1783361838,2026-07-06T18:18:01Z,2026-07-06T18:18:01Z,2026-07-06T18:17:16Z,2.2,https://gbfs.kappa.fifteen.eu/gbfs/2.2/mobi/en/gbfs.json,https://gbfs.kappa.fifteen.eu/gbfs/2.2/mobi/en/free_bike_status.json,2026-07-06T18:18:00Z,2026-07-06T18:18:00Z
mobi_vancouver,mobi_vancouver_2024e199-cfa6-40f6-be1e-039721d57107,2024e199-cfa6-40f6-be1e-039721d57107,49.283986,-123.065264,1,FALSE,FALSE,18400,0280,1783361838,2026-07-06T18:18:01Z,2026-07-06T18:18:01Z,2026-07-06T18:17:16Z,2.2,https://gbfs.kappa.fifteen.eu/gbfs/2.2/mobi/en/gbfs.json,https://gbfs.kappa.fifteen.eu/gbfs/2.2/mobi/en/free_bike_status.json,2026-07-06T18:18:00Z,2026-07-06T18:18:00Z
mobi_vancouver,mobi_vancouver_0479f7b4-d278-47e6-b5b0-df4c24e49baa,0479f7b4-d278-47e6-b5b0-df4c24e49baa,49.283986,-123.065264,1,FALSE,FALSE,18400,0280,1783361838,2026-07-06T18:18:01Z,2026-07-06T18:18:01Z,2026-07-06T18:17:16Z,2.2,https://gbfs.kappa.fifteen.eu/gbfs/2.2/mobi/en/gbfs.json,https://gbfs.kappa.fifteen.eu/gbfs/2.2/mobi/en/free_bike_status.json,2026-07-06T18:18:00Z,2026-07-06T18:18:00Z
mobi_vancouver,mobi_vancouver_819d788d-b96e-456c-805e-70edfc13bd7b,819d788d-b96e-456c-805e-70edfc13bd7b,49.283236,-123.070443,1,FALSE,FALSE,18400,0285,1783361838,2026-07-06T18:18:01Z,2026-07-06T18:18:01Z,2026-07-06T18:17:16Z,2.2,https://gbfs.kappa.fifteen.eu/gbfs/2.2/mobi/en/gbfs.json,https://gbfs.kappa.fifteen.eu/gbfs/2.2/mobi/en/free_bike_status.json,2026-07-06T18:18:00Z,2026-07-06T18:18:00Z
mobi_vancouver,mobi_vancouver_d976da50-0a2c-458a-86fe-bc49ffbf6566,d976da50-0a2c-458a-86fe-bc49ffbf6566,49.261973,-123.09725,1,FALSE,FALSE,18400,0186,1783361838,2026-07-06T18:18:01Z,2026-07-06T18:18:01Z,2026-07-06T18:17:16Z,2.2,https://gbfs.kappa.fifteen.eu/gbfs/2.2/mobi/en/gbfs.json,https://gbfs.kappa.fifteen.eu/gbfs/2.2/mobi/en/free_bike_status.json,2026-07-06T18:18:00Z,2026-07-06T18:18:00Z
mobi_vancouver,mobi_vancouver_ec88e4fd-514d-47a6-aa35-f62b37d7fd2f,ec88e4fd-514d-47a6-aa35-f62b37d7fd2f,49.284893,-123.128685,1,FALSE,FALSE,18400,0300,1783361838,2026-07-06T18:18:01Z,2026-07-06T18:18:01Z,2026-07-06T18:17:16Z,2.2,https://gbfs.kappa.fifteen.eu/gbfs/2.2/mobi/en/gbfs.json,https://gbfs.kappa.fifteen.eu/gbfs/2.2/mobi/en/free_bike_status.json,2026-07-06T18:18:00Z,2026-07-06T18:18:00Z
mobi_vancouver,mobi_vancouver_f0f2463c-6a31-4bd8-a8df-568c243a4596,f0f2463c-6a31-4bd8-a8df-568c243a4596,49.262835,-123.152626,1,FALSE,FALSE,18400,0075,1783361838,2026-07-06T18:18:01Z,2026-07-06T18:18:01Z,2026-07-06T18:17:16Z,2.2,https://gbfs.kappa.fifteen.eu/gbfs/2.2/mobi/en/gbfs.json,https://gbfs.kappa.fifteen.eu/gbfs/2.2/mobi/en/free_bike_status.json,2026-07-06T18:18:00Z,2026-07-06T18:18:00Z
mobi_vancouver,mobi_vancouver_3890774b-6f3c-43df-8886-36e27d061287,3890774b-6f3c-43df-8886-36e27d061287,49.271221,-123.191133,1,FALSE,FALSE,18400,0400,1783361838,2026-07-06T18:18:01Z,2026-07-06T18:18:01Z,2026-07-06T18:17:16Z,2.2,https://gbfs.kappa.fifteen.eu/gbfs/2.2/mobi/en/gbfs.json,https://gbfs.kappa.fifteen.eu/gbfs/2.2/mobi/en/free_bike_status.json,2026-07-06T18:18:00Z,2026-07-06T18:18:00Z
mobi_vancouver,mobi_vancouver_f7314302-1037-4288-8d16-db8546f66c24,f7314302-1037-4288-8d16-db8546f66c24,49.2661,-123.24568,1,FALSE,FALSE,18400,2154,1783361838,2026-07-06T18:18:01Z,2026-07-06T18:18:01Z,2026-07-06T18:17:16Z,2.2,https://gbfs.kappa.fifteen.eu/gbfs/2.2/mobi/en/gbfs.json,https://gbfs.kappa.fifteen.eu/gbfs/2.2/mobi/en/free_bike_status.json,2026-07-06T18:18:00Z,2026-07-06T18:18:00Z
mobi_vancouver,mobi_vancouver_3b8cca5a-a3de-4d01-ab68-6518c7435cf3,3b8cca5a-a3de-4d01-ab68-6518c7435cf3,49.261736,-123.24648,1,FALSE,FALSE,18400,2136,1783361838,2026-07-06T18:18:01Z,2026-07-06T18:18:01Z,2026-07-06T18:17:16Z,2.2,https://gbfs.kappa.fifteen.eu/gbfs/2.2/mobi/en/gbfs.json,https://gbfs.kappa.fifteen.eu/gbfs/2.2/mobi/en/free_bike_status.json,2026-07-06T18:18:00Z,2026-07-06T18:18:00Z
mobi_vancouver,mobi_vancouver_f7d0cc53-1fe7-4e65-bf0f-2bfe9c0ecec6,f7d0cc53-1fe7-4e65-bf0f-2bfe9c0ecec6,49.26213,-123.11989,1,FALSE,FALSE,18400,0121,1783361838,2026-07-06T18:18:01Z,2026-07-06T18:18:01Z,2026-07-06T18:17:16Z,2.2,https://gbfs.kappa.fifteen.eu/gbfs/2.2/mobi/en/gbfs.json,https://gbfs.kappa.fifteen.eu/gbfs/2.2/mobi/en/free_bike_status.json,2026-07-06T18:18:00Z,2026-07-06T18:18:00Z
mobi_vancouver,mobi_vancouver_0c95209b-3e31-4421-acb4-7e9fc7afecaf,0c95209b-3e31-4421-acb4-7e9fc7afecaf,49.28602,-123.116624,1,FALSE,FALSE,18800,0024,1783361838,2026-07-06T18:18:01Z,2026-07-06T18:18:01Z,2026-07-06T18:17:16Z,2.2,https://gbfs.kappa.fifteen.eu/gbfs/2.2/mobi/en/gbfs.json,https://gbfs.kappa.fifteen.eu/gbfs/2.2/mobi/en/free_bike_status.json,2026-07-06T18:18:00Z,2026-07-06T18:18:00Z
mobi_vancouver,mobi_vancouver_31d7edf3-1928-4156-a919-6d0b77d261b1,31d7edf3-1928-4156-a919-6d0b77d261b1,49.285871,-123.12105,1,FALSE,FALSE,18800,0002,1783361838,2026-07-06T18:18:01Z,2026-07-06T18:18:01Z,2026-07-06T18:17:16Z,2.2,https://gbfs.kappa.fifteen.eu/gbfs/2.2/mobi/en/gbfs.json,https://gbfs.kappa.fifteen.eu/gbfs/2.2/mobi/en/free_bike_status.json,2026-07-06T18:18:00Z,2026-07-06T18:18:00Z
mobi_vancouver,mobi_vancouver_9b5dfe3d-9377-4e53-95a9-398a663a85d3,9b5dfe3d-9377-4e53-95a9-398a663a85d3,49.268269,-123.147885,1,FALSE,FALSE,18800,0076,1783361838,2026-07-06T18:18:01Z,2026-07-06T18:18:01Z,2026-07-06T18:17:16Z,2.2,https://gbfs.kappa.fifteen.eu/gbfs/2.2/mobi/en/gbfs.json,https://gbfs.kappa.fifteen.eu/gbfs/2.2/mobi/en/free_bike_status.json,2026-07-06T18:18:00Z,2026-07-06T18:18:00Z
mobi_vancouver,mobi_vancouver_9da4d6b8-3ee9-4e26-ac55-e09ef706f969,9da4d6b8-3ee9-4e26-ac55-e09ef706f969,49.275717,-123.142564,1,FALSE,FALSE,18800,0077,1783361838,2026-07-06T18:18:01Z,2026-07-06T18:18:01Z,2026-07-06T18:17:16Z,2.2,https://gbfs.kappa.fifteen.eu/gbfs/2.2/mobi/en/gbfs.json,https://gbfs.kappa.fifteen.eu/gbfs/2.2/mobi/en/free_bike_status.json,2026-07-06T18:18:00Z,2026-07-06T18:18:00Z
mobi_vancouver,mobi_vancouver_022cb92e-bd36-4a7a-af5f-b0735d28148b,022cb92e-bd36-4a7a-af5f-b0735d28148b,49.274566,-123.121817,1,FALSE,FALSE,18800,0004,1783361838,2026-07-06T18:18:01Z,2026-07-06T18:18:01Z,2026-07-06T18:17:16Z,2.2,https://gbfs.kappa.fifteen.eu/gbfs/2.2/mobi/en/gbfs.json,https://gbfs.kappa.fifteen.eu/gbfs/2.2/mobi/en/free_bike_status.json,2026-07-06T18:18:00Z,2026-07-06T18:18:00Z
mobi_vancouver,mobi_vancouver_fcbe409a-a66b-4f2c-81eb-aee5a2d73809,fcbe409a-a66b-4f2c-81eb-aee5a2d73809,49.262062,-123.104656,1,FALSE,FALSE,18800,0176,1783361838,2026-07-06T18:18:01Z,2026-07-06T18:18:01Z,2026-07-06T18:17:16Z,2.2,https://gbfs.kappa.fifteen.eu/gbfs/2.2/mobi/en/gbfs.json,https://gbfs.kappa.fifteen.eu/gbfs/2.2/mobi/en/free_bike_status.json,2026-07-06T18:18:00Z,2026-07-06T18:18:00Z
mobi_vancouver,mobi_vancouver_d6b97629-c597-4a2d-8fc3-c52afcf5ad7a,d6b97629-c597-4a2d-8fc3-c52afcf5ad7a,49.26151,-123.089413,1,FALSE,FALSE,18800,0260,1783361838,2026-07-06T18:18:01Z,2026-07-06T18:18:01Z,2026-07-06T18:17:16Z,2.2,https://gbfs.kappa.fifteen.eu/gbfs/2.2/mobi/en/gbfs.json,https://gbfs.kappa.fifteen.eu/gbfs/2.2/mobi/en/free_bike_status.json,2026-07-06T18:18:00Z,2026-07-06T18:18:00Z
mobi_vancouver,mobi_vancouver_5d947311-7900-4aaa-b1cb-e0a321efc419,5d947311-7900-4aaa-b1cb-e0a321efc419,49.262321,-123.09306,1,FALSE,FALSE,18800,0248,1783361838,2026-07-06T18:18:01Z,2026-07-06T18:18:01Z,2026-07-06T18:17:16Z,2.2,https://gbfs.kappa.fifteen.eu/gbfs/2.2/mobi/en/gbfs.json,https://gbfs.kappa.fifteen.eu/gbfs/2.2/mobi/en/free_bike_status.json,2026-07-06T18:18:00Z,2026-07-06T18:18:00Z
mobi_vancouver,mobi_vancouver_132f1980-ba40-41c9-8b5f-cef14c247566,132f1980-ba40-41c9-8b5f-cef14c247566,49.266969,-123.069936,1,FALSE,FALSE,18800,0241,1783361838,2026-07-06T18:18:01Z,2026-07-06T18:18:01Z,2026-07-06T18:17:16Z,2.2,https://gbfs.kappa.fifteen.eu/gbfs/2.2/mobi/en/gbfs.json,https://gbfs.kappa.fifteen.eu/gbfs/2.2/mobi/en/free_bike_status.json,2026-07-06T18:18:00Z,2026-07-06T18:18:00Z
mobi_vancouver,mobi_vancouver_e8eca30a-4076-4e16-9338-ab45d2583280,e8eca30a-4076-4e16-9338-ab45d2583280,49.268616,-123.069908,1,FALSE,FALSE,18800,0240,1783361838,2026-07-06T18:18:01Z,2026-07-06T18:18:01Z,2026-07-06T18:17:16Z,2.2,https://gbfs.kappa.fifteen.eu/gbfs/2.2/mobi/en/gbfs.json,https://gbfs.kappa.fifteen.eu/gbfs/2.2/mobi/en/free_bike_status.json,2026-07-06T18:18:00Z,2026-07-06T18:18:00Z
mobi_vancouver,mobi_vancouver_5dc19aaa-2d05-4a5e-a360-b084765f5983,5dc19aaa-2d05-4a5e-a360-b084765f5983,49.28117,-123.104419,1,FALSE,FALSE,18800,0098,1783361838,2026-07-06T18:18:01Z,2026-07-06T18:18:01Z,2026-07-06T18:17:16Z,2.2,https://gbfs.kappa.fifteen.eu/gbfs/2.2/mobi/en/gbfs.json,https://gbfs.kappa.fifteen.eu/gbfs/2.2/mobi/en/free_bike_status.json,2026-07-06T18:18:00Z,2026-07-06T18:18:00Z
mobi_vancouver,mobi_vancouver_b7b9541d-e027-4ec4-8866-30a36fa17cec,b7b9541d-e027-4ec4-8866-30a36fa17cec,49.277469,-123.081315,1,FALSE,FALSE,18800,0221,1783361838,2026-07-06T18:18:01Z,2026-07-06T18:18:01Z,2026-07-06T18:17:16Z,2.2,https://gbfs.kappa.fifteen.eu/gbfs/2.2/mobi/en/gbfs.json,https://gbfs.kappa.fifteen.eu/gbfs/2.2/mobi/en/free_bike_status.json,2026-07-06T18:18:00Z,2026-07-06T18:18:00Z
mobi_vancouver,mobi_vancouver_ab793595-8f41-43e8-9909-24e8f784d3b5,ab793595-8f41-43e8-9909-24e8f784d3b5,49.275882,-123.071865,1,FALSE,FALSE,18800,0232,1783361838,2026-07-06T18:18:01Z,2026-07-06T18:18:01Z,2026-07-06T18:17:16Z,2.2,https://gbfs.kappa.fifteen.eu/gbfs/2.2/mobi/en/gbfs.json,https://gbfs.kappa.fifteen.eu/gbfs/2.2/mobi/en/free_bike_status.json,2026-07-06T18:18:00Z,2026-07-06T18:18:00Z
mobi_vancouver,mobi_vancouver_1e870a2f-6715-487b-b3d4-e6b00f4d3b45,1e870a2f-6715-487b-b3d4-e6b00f4d3b45,49.28567,-123.112543,1,FALSE,FALSE,18800,0021,1783361838,2026-07-06T18:18:01Z,2026-07-06T18:18:01Z,2026-07-06T18:17:16Z,2.2,https://gbfs.kappa.fifteen.eu/gbfs/2.2/mobi/en/gbfs.json,https://gbfs.kappa.fifteen.eu/gbfs/2.2/mobi/en/free_bike_status.json,2026-07-06T18:18:00Z,2026-07-06T18:18:00Z
mobi_vancouver,mobi_vancouver_c2955dde-c8d6-4242-9a03-4201e0910e39,c2955dde-c8d6-4242-9a03-4201e0910e39,49.264466,-123.085183,1,FALSE,FALSE,18800,0266,1783361838,2026-07-06T18:18:01Z,2026-07-06T18:18:01Z,2026-07-06T18:17:16Z,2.2,https://gbfs.kappa.fifteen.eu/gbfs/2.2/mobi/en/gbfs.json,https://gbfs.kappa.fifteen.eu/gbfs/2.2/mobi/en/free_bike_status.json,2026-07-06T18:18:00Z,2026-07-06T18:18:00Z
mobi_vancouver,mobi_vancouver_8e8ab100-88f8-4f16-8a29-1425e448f481,8e8ab100-88f8-4f16-8a29-1425e448f481,49.28763,-123.127245,1,FALSE,FALSE,18800,0207,1783361838,2026-07-06T18:18:01Z,2026-07-06T18:18:01Z,2026-07-06T18:17:16Z,2.2,https://gbfs.kappa.fifteen.eu/gbfs/2.2/mobi/en/gbfs.json,https://gbfs.kappa.fifteen.eu/gbfs/2.2/mobi/en/free_bike_status.json,2026-07-06T18:18:00Z,2026-07-06T18:18:00Z
mobi_vancouver,mobi_vancouver_01e109ae-2074-4154-8bf8-c7eb76306cf5,01e109ae-2074-4154-8bf8-c7eb76306cf5,49.280881,-123.130672,1,FALSE,FALSE,18800,0126,1783361838,2026-07-06T18:18:01Z,2026-07-06T18:18:01Z,2026-07-06T18:17:16Z,2.2,https://gbfs.kappa.fifteen.eu/gbfs/2.2/mobi/en/gbfs.json,https://gbfs.kappa.fifteen.eu/gbfs/2.2/mobi/en/free_bike_status.json,2026-07-06T18:18:00Z,2026-07-06T18:18:00Z
mobi_vancouver,mobi_vancouver_7c1ddca0-e858-4aba-ae06-66c09e499dc7,7c1ddca0-e858-4aba-ae06-66c09e499dc7,49.283986,-123.065264,1,FALSE,FALSE,18800,0280,1783361838,2026-07-06T18:18:01Z,2026-07-06T18:18:01Z,2026-07-06T18:17:16Z,2.2,https://gbfs.kappa.fifteen.eu/gbfs/2.2/mobi/en/gbfs.json,https://gbfs.kappa.fifteen.eu/gbfs/2.2/mobi/en/free_bike_status.json,2026-07-06T18:18:00Z,2026-07-06T18:18:00Z
mobi_vancouver,mobi_vancouver_b87bdd5a-c36d-4a98-9531-71a393750627,b87bdd5a-c36d-4a98-9531-71a393750627,49.265242,-123.095577,1,FALSE,FALSE,18800,0297,1783361838,2026-07-06T18:18:01Z,2026-07-06T18:18:01Z,2026-07-06T18:17:16Z,2.2,https://gbfs.kappa.fifteen.eu/gbfs/2.2/mobi/en/gbfs.json,https://gbfs.kappa.fifteen.eu/gbfs/2.2/mobi/en/free_bike_status.json,2026-07-06T18:18:00Z,2026-07-06T18:18:00Z
mobi_vancouver,mobi_vancouver_049008e3-c7c2-4577-8c57-4d90ccd77dd8,049008e3-c7c2-4577-8c57-4d90ccd77dd8,49.273777,-123.092723,1,FALSE,FALSE,18800,0233,1783361838,2026-07-06T18:18:01Z,2026-07-06T18:18:01Z,2026-07-06T18:17:16Z,2.2,https://gbfs.kappa.fifteen.eu/gbfs/2.2/mobi/en/gbfs.json,https://gbfs.kappa.fifteen.eu/gbfs/2.2/mobi/en/free_bike_status.json,2026-07-06T18:18:00Z,2026-07-06T18:18:00Z
mobi_vancouver,mobi_vancouver_0287fabc-a610-4386-922d-83fb17ef425f,0287fabc-a610-4386-922d-83fb17ef425f,49.257985,-123.083366,1,FALSE,FALSE,18800,0281,1783361838,2026-07-06T18:18:01Z,2026-07-06T18:18:01Z,2026-07-06T18:17:16Z,2.2,https://gbfs.kappa.fifteen.eu/gbfs/2.2/mobi/en/gbfs.json,https://gbfs.kappa.fifteen.eu/gbfs/2.2/mobi/en/free_bike_status.json,2026-07-06T18:18:00Z,2026-07-06T18:18:00Z
mobi_vancouver,mobi_vancouver_a28941df-6b08-4f57-a84d-4f8fa55709bd,a28941df-6b08-4f57-a84d-4f8fa55709bd,49.279235,-123.087528,1,FALSE,FALSE,18800,0228,1783361838,2026-07-06T18:18:01Z,2026-07-06T18:18:01Z,2026-07-06T18:17:16Z,2.2,https://gbfs.kappa.fifteen.eu/gbfs/2.2/mobi/en/gbfs.json,https://gbfs.kappa.fifteen.eu/gbfs/2.2/mobi/en/free_bike_status.json,2026-07-06T18:18:00Z,2026-07-06T18:18:00Z
mobi_vancouver,mobi_vancouver_66dd7fec-4e86-4b6e-bc82-0970120c96f1,66dd7fec-4e86-4b6e-bc82-0970120c96f1,49.280787,-123.115271,2,FALSE,FALSE,18800,0305,1783361838,2026-07-06T18:18:01Z,2026-07-06T18:18:01Z,2026-07-06T18:17:16Z,2.2,https://gbfs.kappa.fifteen.eu/gbfs/2.2/mobi/en/gbfs.json,https://gbfs.kappa.fifteen.eu/gbfs/2.2/mobi/en/free_bike_status.json,2026-07-06T18:18:00Z,2026-07-06T18:18:00Z
mobi_vancouver,mobi_vancouver_99580d3d-07c7-4a86-8eb8-da262f89c291,99580d3d-07c7-4a86-8eb8-da262f89c291,49.28512,-123.11242,1,FALSE,FALSE,18800,0308,1783361838,2026-07-06T18:18:01Z,2026-07-06T18:18:01Z,2026-07-06T18:17:16Z,2.2,https://gbfs.kappa.fifteen.eu/gbfs/2.2/mobi/en/gbfs.json,https://gbfs.kappa.fifteen.eu/gbfs/2.2/mobi/en/free_bike_status.json,2026-07-06T18:18:00Z,2026-07-06T18:18:00Z
mobi_vancouver,mobi_vancouver_70a418b0-debe-4422-b9f2-9c6f7df83830,70a418b0-debe-4422-b9f2-9c6f7df83830,49.271471,-123.17731,2,FALSE,FALSE,18800,0440,1783361838,2026-07-06T18:18:01Z,2026-07-06T18:18:01Z,2026-07-06T18:17:16Z,2.2,https://gbfs.kappa.fifteen.eu/gbfs/2.2/mobi/en/gbfs.json,https://gbfs.kappa.fifteen.eu/gbfs/2.2/mobi/en/free_bike_status.json,2026-07-06T18:18:00Z,2026-07-06T18:18:00Z
mobi_vancouver,mobi_vancouver_aefbb2ed-1bae-4cfa-bcbc-ef5e3b96296f,aefbb2ed-1bae-4cfa-bcbc-ef5e3b96296f,49.264579,-123.18373,1,FALSE,FALSE,18800,0415,1783361838,2026-07-06T18:18:01Z,2026-07-06T18:18:01Z,2026-07-06T18:17:16Z,2.2,https://gbfs.kappa.fifteen.eu/gbfs/2.2/mobi/en/gbfs.json,https://gbfs.kappa.fifteen.eu/gbfs/2.2/mobi/en/free_bike_status.json,2026-07-06T18:18:00Z,2026-07-06T18:18:00Z
mobi_vancouver,mobi_vancouver_156a23a6-81a4-4a15-aab7-0db14a9d5f87,156a23a6-81a4-4a15-aab7-0db14a9d5f87,49.264326,-123.164725,1,FALSE,FALSE,18800,0464,1783361838,2026-07-06T18:18:01Z,2026-07-06T18:18:01Z,2026-07-06T18:17:16Z,2.2,https://gbfs.kappa.fifteen.eu/gbfs/2.2/mobi/en/gbfs.json,https://gbfs.kappa.fifteen.eu/gbfs/2.2/mobi/en/free_bike_status.json,2026-07-06T18:18:00Z,2026-07-06T18:18:00Z
mobi_vancouver,mobi_vancouver_67ab9b7a-fa78-478b-9fed-0f9c5ddcbd15,67ab9b7a-fa78-478b-9fed-0f9c5ddcbd15,49.264326,-123.164725,1,FALSE,FALSE,18800,0464,1783361838,2026-07-06T18:18:01Z,2026-07-06T18:18:01Z,2026-07-06T18:17:16Z,2.2,https://gbfs.kappa.fifteen.eu/gbfs/2.2/mobi/en/gbfs.json,https://gbfs.kappa.fifteen.eu/gbfs/2.2/mobi/en/free_bike_status.json,2026-07-06T18:18:00Z,2026-07-06T18:18:00Z
mobi_vancouver,mobi_vancouver_83eab8ca-f020-4ff4-8d86-dfad8b812c6c,83eab8ca-f020-4ff4-8d86-dfad8b812c6c,49.254818,-123.114785,1,FALSE,FALSE,18800,0531,1783361838,2026-07-06T18:18:01Z,2026-07-06T18:18:01Z,2026-07-06T18:17:16Z,2.2,https://gbfs.kappa.fifteen.eu/gbfs/2.2/mobi/en/gbfs.json,https://gbfs.kappa.fifteen.eu/gbfs/2.2/mobi/en/free_bike_status.json,2026-07-06T18:18:00Z,2026-07-06T18:18:00Z
mobi_vancouver,mobi_vancouver_bebcb273-0920-45b0-a8be-7fe62b31aa7e,bebcb273-0920-45b0-a8be-7fe62b31aa7e,49.249722,-123.104991,1,FALSE,FALSE,18800,0554,1783361838,2026-07-06T18:18:01Z,2026-07-06T18:18:01Z,2026-07-06T18:17:16Z,2.2,https://gbfs.kappa.fifteen.eu/gbfs/2.2/mobi/en/gbfs.json,https://gbfs.kappa.fifteen.eu/gbfs/2.2/mobi/en/free_bike_status.json,2026-07-06T18:18:00Z,2026-07-06T18:18:00Z
mobi_vancouver,mobi_vancouver_ddc3781c-45a6-405d-9815-3f97ccf34c62,ddc3781c-45a6-405d-9815-3f97ccf34c62,49.243375,-123.104978,1,FALSE,FALSE,18800,0557,1783361838,2026-07-06T18:18:01Z,2026-07-06T18:18:01Z,2026-07-06T18:17:16Z,2.2,https://gbfs.kappa.fifteen.eu/gbfs/2.2/mobi/en/gbfs.json,https://gbfs.kappa.fifteen.eu/gbfs/2.2/mobi/en/free_bike_status.json,2026-07-06T18:18:00Z,2026-07-06T18:18:00Z
mobi_vancouver,mobi_vancouver_a2a9459f-fa68-411e-9c6f-326a5d9a71fa,a2a9459f-fa68-411e-9c6f-326a5d9a71fa,49.285575,-123.061575,1,FALSE,FALSE,18800,0621,1783361838,2026-07-06T18:18:01Z,2026-07-06T18:18:01Z,2026-07-06T18:17:16Z,2.2,https://gbfs.kappa.fifteen.eu/gbfs/2.2/mobi/en/gbfs.json,https://gbfs.kappa.fifteen.eu/gbfs/2.2/mobi/en/free_bike_status.json,2026-07-06T18:18:00Z,2026-07-06T18:18:00Z
mobi_vancouver,mobi_vancouver_578c838e-dcdb-4d41-89c1-2411b960f3c7,578c838e-dcdb-4d41-89c1-2411b960f3c7,49.259469,-123.145718,1,FALSE,FALSE,18800,0210,1783361838,2026-07-06T18:18:01Z,2026-07-06T18:18:01Z,2026-07-06T18:17:16Z,2.2,https://gbfs.kappa.fifteen.eu/gbfs/2.2/mobi/en/gbfs.json,https://gbfs.kappa.fifteen.eu/gbfs/2.2/mobi/en/free_bike_status.json,2026-07-06T18:18:00Z,2026-07-06T18:18:00Z
mobi_vancouver,mobi_vancouver_5e1f48cb-f186-454c-8c47-5bbb45fd8c27,5e1f48cb-f186-454c-8c47-5bbb45fd8c27,49.259469,-123.145718,1,FALSE,FALSE,18800,0210,1783361838,2026-07-06T18:18:01Z,2026-07-06T18:18:01Z,2026-07-06T18:17:16Z,2.2,https://gbfs.kappa.fifteen.eu/gbfs/2.2/mobi/en/gbfs.json,https://gbfs.kappa.fifteen.eu/gbfs/2.2/mobi/en/free_bike_status.json,2026-07-06T18:18:00Z,2026-07-06T18:18:00Z
mobi_vancouver,mobi_vancouver_b5c43529-9b50-49a0-afb8-a50881a69ac5,b5c43529-9b50-49a0-afb8-a50881a69ac5,49.265442,-123.187738,1,FALSE,FALSE,18800,0403,1783361838,2026-07-06T18:18:01Z,2026-07-06T18:18:01Z,2026-07-06T18:17:16Z,2.2,https://gbfs.kappa.fifteen.eu/gbfs/2.2/mobi/en/gbfs.json,https://gbfs.kappa.fifteen.eu/gbfs/2.2/mobi/en/free_bike_status.json,2026-07-06T18:18:00Z,2026-07-06T18:18:00Z
mobi_vancouver,mobi_vancouver_7175a9ca-5b1b-4108-bdc1-c7f38032a501,7175a9ca-5b1b-4108-bdc1-c7f38032a501,49.25478,-123.23621,1,FALSE,FALSE,18800,2252,1783361838,2026-07-06T18:18:01Z,2026-07-06T18:18:01Z,2026-07-06T18:17:16Z,2.2,https://gbfs.kappa.fifteen.eu/gbfs/2.2/mobi/en/gbfs.json,https://gbfs.kappa.fifteen.eu/gbfs/2.2/mobi/en/free_bike_status.json,2026-07-06T18:18:00Z,2026-07-06T18:18:00Z
mobi_vancouver,mobi_vancouver_1da4840a-2de5-4014-b664-60a34ea3a1c8,1da4840a-2de5-4014-b664-60a34ea3a1c8,49.2661,-123.24568,1,FALSE,FALSE,18800,2154,1783361838,2026-07-06T18:18:01Z,2026-07-06T18:18:01Z,2026-07-06T18:17:16Z,2.2,https://gbfs.kappa.fifteen.eu/gbfs/2.2/mobi/en/gbfs.json,https://gbfs.kappa.fifteen.eu/gbfs/2.2/mobi/en/free_bike_status.json,2026-07-06T18:18:00Z,2026-07-06T18:18:00Z
mobi_vancouver,mobi_vancouver_a12f8bfe-9ce3-4a40-b562-58485af30b14,a12f8bfe-9ce3-4a40-b562-58485af30b14,49.26213,-123.11989,1,FALSE,FALSE,18800,0121,1783361838,2026-07-06T18:18:01Z,2026-07-06T18:18:01Z,2026-07-06T18:17:16Z,2.2,https://gbfs.kappa.fifteen.eu/gbfs/2.2/mobi/en/gbfs.json,https://gbfs.kappa.fifteen.eu/gbfs/2.2/mobi/en/free_bike_status.json,2026-07-06T18:18:00Z,2026-07-06T18:18:00Z
mobi_vancouver,mobi_vancouver_cab5b88e-96d5-40fb-b247-0d6df9067f72,cab5b88e-96d5-40fb-b247-0d6df9067f72,49.262487,-123.114397,1,FALSE,FALSE,19200,0001,1783361838,2026-07-06T18:18:01Z,2026-07-06T18:18:01Z,2026-07-06T18:17:16Z,2.2,https://gbfs.kappa.fifteen.eu/gbfs/2.2/mobi/en/gbfs.json,https://gbfs.kappa.fifteen.eu/gbfs/2.2/mobi/en/free_bike_status.json,2026-07-06T18:18:00Z,2026-07-06T18:18:00Z
mobi_vancouver,mobi_vancouver_6620d2b3-ab25-4dbb-9f88-a03ae3314670,6620d2b3-ab25-4dbb-9f88-a03ae3314670,49.279938,-123.127478,1,FALSE,FALSE,19200,0039,1783361838,2026-07-06T18:18:01Z,2026-07-06T18:18:01Z,2026-07-06T18:17:16Z,2.2,https://gbfs.kappa.fifteen.eu/gbfs/2.2/mobi/en/gbfs.json,https://gbfs.kappa.fifteen.eu/gbfs/2.2/mobi/en/free_bike_status.json,2026-07-06T18:18:00Z,2026-07-06T18:18:00Z
mobi_vancouver,mobi_vancouver_d9f67be0-2b44-4b25-9c61-86f3baa4a8dc,d9f67be0-2b44-4b25-9c61-86f3baa4a8dc,49.282409,-123.118541,1,FALSE,FALSE,19200,0015,1783361838,2026-07-06T18:18:01Z,2026-07-06T18:18:01Z,2026-07-06T18:17:16Z,2.2,https://gbfs.kappa.fifteen.eu/gbfs/2.2/mobi/en/gbfs.json,https://gbfs.kappa.fifteen.eu/gbfs/2.2/mobi/en/free_bike_status.json,2026-07-06T18:18:00Z,2026-07-06T18:18:00Z
mobi_vancouver,mobi_vancouver_d3994132-d1e6-434c-a15e-eefe4c1219b9,d3994132-d1e6-434c-a15e-eefe4c1219b9,49.28725,-123.11298,1,FALSE,FALSE,19200,0014,1783361838,2026-07-06T18:18:01Z,2026-07-06T18:18:01Z,2026-07-06T18:17:16Z,2.2,https://gbfs.kappa.fifteen.eu/gbfs/2.2/mobi/en/gbfs.json,https://gbfs.kappa.fifteen.eu/gbfs/2.2/mobi/en/free_bike_status.json,2026-07-06T18:18:00Z,2026-07-06T18:18:00Z
mobi_vancouver,mobi_vancouver_1aea3ae9-33ef-47ec-a04f-267f37a87d31,1aea3ae9-33ef-47ec-a04f-267f37a87d31,49.260599,-123.113504,1,FALSE,FALSE,19200,0007,1783361838,2026-07-06T18:18:01Z,2026-07-06T18:18:01Z,2026-07-06T18:17:16Z,2.2,https://gbfs.kappa.fifteen.eu/gbfs/2.2/mobi/en/gbfs.json,https://gbfs.kappa.fifteen.eu/gbfs/2.2/mobi/en/free_bike_status.json,2026-07-06T18:18:00Z,2026-07-06T18:18:00Z
mobi_vancouver,mobi_vancouver_a77ee8fe-64f4-4622-a5d3-62ac41ffcdac,a77ee8fe-64f4-4622-a5d3-62ac41ffcdac,49.278095,-123.114685,1,FALSE,FALSE,19200,0026,1783361838,2026-07-06T18:18:01Z,2026-07-06T18:18:01Z,2026-07-06T18:17:16Z,2.2,https://gbfs.kappa.fifteen.eu/gbfs/2.2/mobi/en/gbfs.json,https://gbfs.kappa.fifteen.eu/gbfs/2.2/mobi/en/free_bike_status.json,2026-07-06T18:18:00Z,2026-07-06T18:18:00Z
mobi_vancouver,mobi_vancouver_546a48c3-2106-4c48-9c6a-e86176983562,546a48c3-2106-4c48-9c6a-e86176983562,49.28803,-123.142135,1,FALSE,FALSE,19200,0031,1783361838,2026-07-06T18:18:01Z,2026-07-06T18:18:01Z,2026-07-06T18:17:16Z,2.2,https://gbfs.kappa.fifteen.eu/gbfs/2.2/mobi/en/gbfs.json,https://gbfs.kappa.fifteen.eu/gbfs/2.2/mobi/en/free_bike_status.json,2026-07-06T18:18:00Z,2026-07-06T18:18:00Z
mobi_vancouver,mobi_vancouver_9b90ec01-abaa-4744-b39d-d9b2637ba81b,9b90ec01-abaa-4744-b39d-d9b2637ba81b,49.28616,-123.12675,1,FALSE,FALSE,19200,0036,1783361838,2026-07-06T18:18:01Z,2026-07-06T18:18:01Z,2026-07-06T18:17:16Z,2.2,https://gbfs.kappa.fifteen.eu/gbfs/2.2/mobi/en/gbfs.json,https://gbfs.kappa.fifteen.eu/gbfs/2.2/mobi/en/free_bike_status.json,2026-07-06T18:18:00Z,2026-07-06T18:18:00Z
mobi_vancouver,mobi_vancouver_2a805494-5c7a-4397-a0b2-398818ff595e,2a805494-5c7a-4397-a0b2-398818ff595e,49.279259,-123.119145,1,FALSE,FALSE,19200,0058,1783361838,2026-07-06T18:18:01Z,2026-07-06T18:18:01Z,2026-07-06T18:17:16Z,2.2,https://gbfs.kappa.fifteen.eu/gbfs/2.2/mobi/en/gbfs.json,https://gbfs.kappa.fifteen.eu/gbfs/2.2/mobi/en/free_bike_status.json,2026-07-06T18:18:00Z,2026-07-06T18:18:00Z
mobi_vancouver,mobi_vancouver_904dab61-1534-4d59-89ca-fd4daf538ea2,904dab61-1534-4d59-89ca-fd4daf538ea2,49.282759,-123.106955,1,FALSE,FALSE,19200,0030,1783361838,2026-07-06T18:18:01Z,2026-07-06T18:18:01Z,2026-07-06T18:17:16Z,2.2,https://gbfs.kappa.fifteen.eu/gbfs/2.2/mobi/en/gbfs.json,https://gbfs.kappa.fifteen.eu/gbfs/2.2/mobi/en/free_bike_status.json,2026-07-06T18:18:00Z,2026-07-06T18:18:00Z
mobi_vancouver,mobi_vancouver_fd24c7da-a99e-4587-8d8a-82ae7cb2cfdc,fd24c7da-a99e-4587-8d8a-82ae7cb2cfdc,49.28026,-123.135244,1,FALSE,FALSE,19200,0088,1783361838,2026-07-06T18:18:01Z,2026-07-06T18:18:01Z,2026-07-06T18:17:16Z,2.2,https://gbfs.kappa.fifteen.eu/gbfs/2.2/mobi/en/gbfs.json,https://gbfs.kappa.fifteen.eu/gbfs/2.2/mobi/en/free_bike_status.json,2026-07-06T18:18:00Z,2026-07-06T18:18:00Z
mobi_vancouver,mobi_vancouver_5a484c92-55c6-40e8-95c3-0725aaa550d3,5a484c92-55c6-40e8-95c3-0725aaa550d3,49.287528,-123.142139,1,FALSE,FALSE,19200,0028,1783361838,2026-07-06T18:18:01Z,2026-07-06T18:18:01Z,2026-07-06T18:17:16Z,2.2,https://gbfs.kappa.fifteen.eu/gbfs/2.2/mobi/en/gbfs.json,https://gbfs.kappa.fifteen.eu/gbfs/2.2/mobi/en/free_bike_status.json,2026-07-06T18:18:00Z,2026-07-06T18:18:00Z
mobi_vancouver,mobi_vancouver_2a69edd1-4a7a-428b-a584-0acad0b51a22,2a69edd1-4a7a-428b-a584-0acad0b51a22,49.28526,-123.141809,1,FALSE,FALSE,19200,0060,1783361838,2026-07-06T18:18:01Z,2026-07-06T18:18:01Z,2026-07-06T18:17:16Z,2.2,https://gbfs.kappa.fifteen.eu/gbfs/2.2/mobi/en/gbfs.json,https://gbfs.kappa.fifteen.eu/gbfs/2.2/mobi/en/free_bike_status.json,2026-07-06T18:18:00Z,2026-07-06T18:18:00Z
mobi_vancouver,mobi_vancouver_83e46a4d-d7e8-416c-90a7-a2a4ed7d157f,83e46a4d-d7e8-416c-90a7-a2a4ed7d157f,49.293257,-123.138563,1,FALSE,FALSE,19200,0093,1783361838,2026-07-06T18:18:01Z,2026-07-06T18:18:01Z,2026-07-06T18:17:16Z,2.2,https://gbfs.kappa.fifteen.eu/gbfs/2.2/mobi/en/gbfs.json,https://gbfs.kappa.fifteen.eu/gbfs/2.2/mobi/en/free_bike_status.json,2026-07-06T18:18:00Z,2026-07-06T18:18:00Z
mobi_vancouver,mobi_vancouver_ca40e0f1-b3f0-48c6-8307-0cd46fdf9584,ca40e0f1-b3f0-48c6-8307-0cd46fdf9584,49.273471,-123.118016,1,FALSE,FALSE,19200,0017,1783361838,2026-07-06T18:18:01Z,2026-07-06T18:18:01Z,2026-07-06T18:17:16Z,2.2,https://gbfs.kappa.fifteen.eu/gbfs/2.2/mobi/en/gbfs.json,https://gbfs.kappa.fifteen.eu/gbfs/2.2/mobi/en/free_bike_status.json,2026-07-06T18:18:00Z,2026-07-06T18:18:00Z
mobi_vancouver,mobi_vancouver_03685cb6-d024-4f53-b0cf-216e882bf506,03685cb6-d024-4f53-b0cf-216e882bf506,49.258429,-123.101766,1,FALSE,FALSE,19200,0134,1783361838,2026-07-06T18:18:01Z,2026-07-06T18:18:01Z,2026-07-06T18:17:16Z,2.2,https://gbfs.kappa.fifteen.eu/gbfs/2.2/mobi/en/gbfs.json,https://gbfs.kappa.fifteen.eu/gbfs/2.2/mobi/en/free_bike_status.json,2026-07-06T18:18:00Z,2026-07-06T18:18:00Z
mobi_vancouver,mobi_vancouver_ca9e7d55-23a3-43bf-a8d9-446a45e1a574,ca9e7d55-23a3-43bf-a8d9-446a45e1a574,49.266476,-123.109389,1,FALSE,FALSE,19200,0165,1783361838,2026-07-06T18:18:01Z,2026-07-06T18:18:01Z,2026-07-06T18:17:16Z,2.2,https://gbfs.kappa.fifteen.eu/gbfs/2.2/mobi/en/gbfs.json,https://gbfs.kappa.fifteen.eu/gbfs/2.2/mobi/en/free_bike_status.json,2026-07-06T18:18:00Z,2026-07-06T18:18:00Z
mobi_vancouver,mobi_vancouver_dc359c6a-565e-4e59-a1bd-e94889868400,dc359c6a-565e-4e59-a1bd-e94889868400,49.266314,-123.116011,1,FALSE,FALSE,19200,0006,1783361838,2026-07-06T18:18:01Z,2026-07-06T18:18:01Z,2026-07-06T18:17:16Z,2.2,https://gbfs.kappa.fifteen.eu/gbfs/2.2/mobi/en/gbfs.json,https://gbfs.kappa.fifteen.eu/gbfs/2.2/mobi/en/free_bike_status.json,2026-07-06T18:18:00Z,2026-07-06T18:18:00Z
mobi_vancouver,mobi_vancouver_637e172e-0012-4cbd-951e-48bbed77331a,637e172e-0012-4cbd-951e-48bbed77331a,49.27023,-123.10651,1,FALSE,FALSE,19200,0174,1783361838,2026-07-06T18:18:01Z,2026-07-06T18:18:01Z,2026-07-06T18:17:16Z,2.2,https://gbfs.kappa.fifteen.eu/gbfs/2.2/mobi/en/gbfs.json,https://gbfs.kappa.fifteen.eu/gbfs/2.2/mobi/en/free_bike_status.json,2026-07-06T18:18:00Z,2026-07-06T18:18:00Z
mobi_vancouver,mobi_vancouver_a4cf5e33-13cb-4b4f-985d-0752611a6e14,a4cf5e33-13cb-4b4f-985d-0752611a6e14,49.262944,-123.148109,1,FALSE,FALSE,19200,0068,1783361838,2026-07-06T18:18:01Z,2026-07-06T18:18:01Z,2026-07-06T18:17:16Z,2.2,https://gbfs.kappa.fifteen.eu/gbfs/2.2/mobi/en/gbfs.json,https://gbfs.kappa.fifteen.eu/gbfs/2.2/mobi/en/free_bike_status.json,2026-07-06T18:18:00Z,2026-07-06T18:18:00Z
mobi_vancouver,mobi_vancouver_b6cca4c0-0b54-4407-8e85-d72eb962e83d,b6cca4c0-0b54-4407-8e85-d72eb962e83d,49.274566,-123.121817,1,FALSE,FALSE,19200,0004,1783361838,2026-07-06T18:18:01Z,2026-07-06T18:18:01Z,2026-07-06T18:17:16Z,2.2,https://gbfs.kappa.fifteen.eu/gbfs/2.2/mobi/en/gbfs.json,https://gbfs.kappa.fifteen.eu/gbfs/2.2/mobi/en/free_bike_status.json,2026-07-06T18:18:00Z,2026-07-06T18:18:00Z
mobi_vancouver,mobi_vancouver_e6c2c346-7d1a-43d7-8c5c-9dc3ecea5d17,e6c2c346-7d1a-43d7-8c5c-9dc3ecea5d17,49.262062,-123.104656,1,FALSE,FALSE,19200,0176,1783361838,2026-07-06T18:18:01Z,2026-07-06T18:18:01Z,2026-07-06T18:17:16Z,2.2,https://gbfs.kappa.fifteen.eu/gbfs/2.2/mobi/en/gbfs.json,https://gbfs.kappa.fifteen.eu/gbfs/2.2/mobi/en/free_bike_status.json,2026-07-06T18:18:00Z,2026-07-06T18:18:00Z
mobi_vancouver,mobi_vancouver_f3483444-167a-4a7e-85fa-2c839ffdcdd1,f3483444-167a-4a7e-85fa-2c839ffdcdd1,49.265336,-123.145823,1,FALSE,FALSE,19200,0140,1783361838,2026-07-06T18:18:01Z,2026-07-06T18:18:01Z,2026-07-06T18:17:16Z,2.2,https://gbfs.kappa.fifteen.eu/gbfs/2.2/mobi/en/gbfs.json,https://gbfs.kappa.fifteen.eu/gbfs/2.2/mobi/en/free_bike_status.json,2026-07-06T18:18:00Z,2026-07-06T18:18:00Z
mobi_vancouver,mobi_vancouver_18ff0661-983e-4551-b447-50e0f769e513,18ff0661-983e-4551-b447-50e0f769e513,49.262242,-123.081459,1,FALSE,FALSE,19200,0246,1783361838,2026-07-06T18:18:01Z,2026-07-06T18:18:01Z,2026-07-06T18:17:16Z,2.2,https://gbfs.kappa.fifteen.eu/gbfs/2.2/mobi/en/gbfs.json,https://gbfs.kappa.fifteen.eu/gbfs/2.2/mobi/en/free_bike_status.json,2026-07-06T18:18:00Z,2026-07-06T18:18:00Z
mobi_vancouver,mobi_vancouver_4060bf9e-3df1-4024-98d4-da95af30fda8,4060bf9e-3df1-4024-98d4-da95af30fda8,49.265005,-123.079481,1,FALSE,FALSE,19200,0236,1783361838,2026-07-06T18:18:01Z,2026-07-06T18:18:01Z,2026-07-06T18:17:16Z,2.2,https://gbfs.kappa.fifteen.eu/gbfs/2.2/mobi/en/gbfs.json,https://gbfs.kappa.fifteen.eu/gbfs/2.2/mobi/en/free_bike_status.json,2026-07-06T18:18:00Z,2026-07-06T18:18:00Z
mobi_vancouver,mobi_vancouver_572fbec0-171c-4b4a-a70e-10aad11854f7,572fbec0-171c-4b4a-a70e-10aad11854f7,49.284062,-123.095097,1,FALSE,FALSE,19200,0161,1783361838,2026-07-06T18:18:01Z,2026-07-06T18:18:01Z,2026-07-06T18:17:16Z,2.2,https://gbfs.kappa.fifteen.eu/gbfs/2.2/mobi/en/gbfs.json,https://gbfs.kappa.fifteen.eu/gbfs/2.2/mobi/en/free_bike_status.json,2026-07-06T18:18:00Z,2026-07-06T18:18:00Z
mobi_vancouver,mobi_vancouver_925e7471-e54f-4c4d-8e62-afe78e097852,925e7471-e54f-4c4d-8e62-afe78e097852,49.284062,-123.095097,1,FALSE,FALSE,19200,0161,1783361838,2026-07-06T18:18:01Z,2026-07-06T18:18:01Z,2026-07-06T18:17:16Z,2.2,https://gbfs.kappa.fifteen.eu/gbfs/2.2/mobi/en/gbfs.json,https://gbfs.kappa.fifteen.eu/gbfs/2.2/mobi/en/free_bike_status.json,2026-07-06T18:18:00Z,2026-07-06T18:18:00Z
mobi_vancouver,mobi_vancouver_e7d27954-c4ed-4477-ae7b-f5393cf3c347,e7d27954-c4ed-4477-ae7b-f5393cf3c347,49.262141,-123.101961,1,FALSE,FALSE,19200,0074,1783361838,2026-07-06T18:18:01Z,2026-07-06T18:18:01Z,2026-07-06T18:17:16Z,2.2,https://gbfs.kappa.fifteen.eu/gbfs/2.2/mobi/en/gbfs.json,https://gbfs.kappa.fifteen.eu/gbfs/2.2/mobi/en/free_bike_status.json,2026-07-06T18:18:00Z,2026-07-06T18:18:00Z
mobi_vancouver,mobi_vancouver_532a26ad-59ce-4cdd-9b8d-240d82524521,532a26ad-59ce-4cdd-9b8d-240d82524521,49.280852,-123.084746,1,FALSE,FALSE,19200,0227,1783361838,2026-07-06T18:18:01Z,2026-07-06T18:18:01Z,2026-07-06T18:17:16Z,2.2,https://gbfs.kappa.fifteen.eu/gbfs/2.2/mobi/en/gbfs.json,https://gbfs.kappa.fifteen.eu/gbfs/2.2/mobi/en/free_bike_status.json,2026-07-06T18:18:00Z,2026-07-06T18:18:00Z
mobi_vancouver,mobi_vancouver_d5e6e12a-0c44-4066-b67f-b61dfd7258d7,d5e6e12a-0c44-4066-b67f-b61dfd7258d7,49.256496,-123.075426,1,FALSE,FALSE,19200,0283,1783361838,2026-07-06T18:18:01Z,2026-07-06T18:18:01Z,2026-07-06T18:17:16Z,2.2,https://gbfs.kappa.fifteen.eu/gbfs/2.2/mobi/en/gbfs.json,https://gbfs.kappa.fifteen.eu/gbfs/2.2/mobi/en/free_bike_status.json,2026-07-06T18:18:00Z,2026-07-06T18:18:00Z
mobi_vancouver,mobi_vancouver_fde9d3ef-4e0b-4b2f-afaf-3ee41ee18688,fde9d3ef-4e0b-4b2f-afaf-3ee41ee18688,49.280332,-123.070068,1,FALSE,FALSE,19200,0224,1783361838,2026-07-06T18:18:01Z,2026-07-06T18:18:01Z,2026-07-06T18:17:16Z,2.2,https://gbfs.kappa.fifteen.eu/gbfs/2.2/mobi/en/gbfs.json,https://gbfs.kappa.fifteen.eu/gbfs/2.2/mobi/en/free_bike_status.json,2026-07-06T18:18:00Z,2026-07-06T18:18:00Z
mobi_vancouver,mobi_vancouver_9fc1d1b6-f3e0-443b-9921-b7a087bca53b,9fc1d1b6-f3e0-443b-9921-b7a087bca53b,49.280332,-123.070068,1,FALSE,FALSE,19200,0224,1783361838,2026-07-06T18:18:01Z,2026-07-06T18:18:01Z,2026-07-06T18:17:16Z,2.2,https://gbfs.kappa.fifteen.eu/gbfs/2.2/mobi/en/gbfs.json,https://gbfs.kappa.fifteen.eu/gbfs/2.2/mobi/en/free_bike_status.json,2026-07-06T18:18:00Z,2026-07-06T18:18:00Z
mobi_vancouver,mobi_vancouver_7febadaf-63ef-4020-b433-9d5fe9f41840,7febadaf-63ef-4020-b433-9d5fe9f41840,49.261188,-123.066009,1,FALSE,FALSE,19200,0274,1783361838,2026-07-06T18:18:01Z,2026-07-06T18:18:01Z,2026-07-06T18:17:16Z,2.2,https://gbfs.kappa.fifteen.eu/gbfs/2.2/mobi/en/gbfs.json,https://gbfs.kappa.fifteen.eu/gbfs/2.2/mobi/en/free_bike_status.json,2026-07-06T18:18:00Z,2026-07-06T18:18:00Z
mobi_vancouver,mobi_vancouver_bae4fb9f-d833-4cab-a354-f363a251ab51,bae4fb9f-d833-4cab-a354-f363a251ab51,49.280881,-123.130672,1,FALSE,FALSE,19200,0126,1783361838,2026-07-06T18:18:01Z,2026-07-06T18:18:01Z,2026-07-06T18:17:16Z,2.2,https://gbfs.kappa.fifteen.eu/gbfs/2.2/mobi/en/gbfs.json,https://gbfs.kappa.fifteen.eu/gbfs/2.2/mobi/en/free_bike_status.json,2026-07-06T18:18:00Z,2026-07-06T18:18:00Z
mobi_vancouver,mobi_vancouver_edad8c24-30fb-45c5-9849-26a9c29710b7,edad8c24-30fb-45c5-9849-26a9c29710b7,49.256694,-123.096579,1,FALSE,FALSE,19200,0256,1783361838,2026-07-06T18:18:01Z,2026-07-06T18:18:01Z,2026-07-06T18:17:16Z,2.2,https://gbfs.kappa.fifteen.eu/gbfs/2.2/mobi/en/gbfs.json,https://gbfs.kappa.fifteen.eu/gbfs/2.2/mobi/en/free_bike_status.json,2026-07-06T18:18:00Z,2026-07-06T18:18:00Z
mobi_vancouver,mobi_vancouver_b96119ae-af95-4f62-9504-3cd3d91239ec,b96119ae-af95-4f62-9504-3cd3d91239ec,49.256857,-123.065646,1,FALSE,FALSE,19200,0278,1783361838,2026-07-06T18:18:01Z,2026-07-06T18:18:01Z,2026-07-06T18:17:16Z,2.2,https://gbfs.kappa.fifteen.eu/gbfs/2.2/mobi/en/gbfs.json,https://gbfs.kappa.fifteen.eu/gbfs/2.2/mobi/en/free_bike_status.json,2026-07-06T18:18:00Z,2026-07-06T18:18:00Z
mobi_vancouver,mobi_vancouver_59209117-aa72-4e2a-ad6a-d9215386d6d9,59209117-aa72-4e2a-ad6a-d9215386d6d9,49.302577,-123.155616,1,FALSE,FALSE,19200,0103,1783361838,2026-07-06T18:18:01Z,2026-07-06T18:18:01Z,2026-07-06T18:17:16Z,2.2,https://gbfs.kappa.fifteen.eu/gbfs/2.2/mobi/en/gbfs.json,https://gbfs.kappa.fifteen.eu/gbfs/2.2/mobi/en/free_bike_status.json,2026-07-06T18:18:00Z,2026-07-06T18:18:00Z
mobi_vancouver,mobi_vancouver_e561e4e0-df22-40bb-ad5e-c295eae4ec7e,e561e4e0-df22-40bb-ad5e-c295eae4ec7e,49.276768,-123.075636,1,FALSE,FALSE,19200,,1783361838,2026-07-06T18:18:01Z,2026-07-06T18:18:01Z,2026-07-06T18:17:16Z,2.2,https://gbfs.kappa.fifteen.eu/gbfs/2.2/mobi/en/gbfs.json,https://gbfs.kappa.fifteen.eu/gbfs/2.2/mobi/en/free_bike_status.json,2026-07-06T18:18:00Z,2026-07-06T18:18:00Z
mobi_vancouver,mobi_vancouver_7c6f8922-a151-473e-8c1f-e1bb7da78665,7c6f8922-a151-473e-8c1f-e1bb7da78665,49.284893,-123.128685,1,FALSE,FALSE,19200,0300,1783361838,2026-07-06T18:18:01Z,2026-07-06T18:18:01Z,2026-07-06T18:17:16Z,2.2,https://gbfs.kappa.fifteen.eu/gbfs/2.2/mobi/en/gbfs.json,https://gbfs.kappa.fifteen.eu/gbfs/2.2/mobi/en/free_bike_status.json,2026-07-06T18:18:00Z,2026-07-06T18:18:00Z
mobi_vancouver,mobi_vancouver_e1cc5485-b4b3-4163-b0f2-b8c84da93636,e1cc5485-b4b3-4163-b0f2-b8c84da93636,49.290587,-123.13625,1,FALSE,FALSE,19200,0122,1783361838,2026-07-06T18:18:01Z,2026-07-06T18:18:01Z,2026-07-06T18:17:16Z,2.2,https://gbfs.kappa.fifteen.eu/gbfs/2.2/mobi/en/gbfs.json,https://gbfs.kappa.fifteen.eu/gbfs/2.2/mobi/en/free_bike_status.json,2026-07-06T18:18:00Z,2026-07-06T18:18:00Z
mobi_vancouver,mobi_vancouver_4088925e-ab24-449b-aa23-bfbf3b3cb182,4088925e-ab24-449b-aa23-bfbf3b3cb182,49.271221,-123.191133,2,FALSE,FALSE,19200,0400,1783361838,2026-07-06T18:18:01Z,2026-07-06T18:18:01Z,2026-07-06T18:17:16Z,2.2,https://gbfs.kappa.fifteen.eu/gbfs/2.2/mobi/en/gbfs.json,https://gbfs.kappa.fifteen.eu/gbfs/2.2/mobi/en/free_bike_status.json,2026-07-06T18:18:00Z,2026-07-06T18:18:00Z
mobi_vancouver,mobi_vancouver_258f980e-c579-4312-8a91-7053c7cfb96e,258f980e-c579-4312-8a91-7053c7cfb96e,49.264579,-123.18373,1,FALSE,FALSE,19200,0415,1783361838,2026-07-06T18:18:01Z,2026-07-06T18:18:01Z,2026-07-06T18:17:16Z,2.2,https://gbfs.kappa.fifteen.eu/gbfs/2.2/mobi/en/gbfs.json,https://gbfs.kappa.fifteen.eu/gbfs/2.2/mobi/en/free_bike_status.json,2026-07-06T18:18:00Z,2026-07-06T18:18:00Z
mobi_vancouver,mobi_vancouver_ec955e00-0005-4f03-8ef8-474ff42fd22b,ec955e00-0005-4f03-8ef8-474ff42fd22b,49.271044,-123.170661,1,FALSE,FALSE,19200,0450,1783361838,2026-07-06T18:18:01Z,2026-07-06T18:18:01Z,2026-07-06T18:17:16Z,2.2,https://gbfs.kappa.fifteen.eu/gbfs/2.2/mobi/en/gbfs.json,https://gbfs.kappa.fifteen.eu/gbfs/2.2/mobi/en/free_bike_status.json,2026-07-06T18:18:00Z,2026-07-06T18:18:00Z
mobi_vancouver,mobi_vancouver_ab111e86-b76e-4116-8cd4-5fba08b9c567,ab111e86-b76e-4116-8cd4-5fba08b9c567,49.285575,-123.061575,1,FALSE,FALSE,19200,0621,1783361838,2026-07-06T18:18:01Z,2026-07-06T18:18:01Z,2026-07-06T18:17:16Z,2.2,https://gbfs.kappa.fifteen.eu/gbfs/2.2/mobi/en/gbfs.json,https://gbfs.kappa.fifteen.eu/gbfs/2.2/mobi/en/free_bike_status.json,2026-07-06T18:18:00Z,2026-07-06T18:18:00Z
mobi_vancouver,mobi_vancouver_065025cf-5bd0-4a79-a8e8-9fd56d65c709,065025cf-5bd0-4a79-a8e8-9fd56d65c709,49.27751,-123.061429,2,FALSE,FALSE,19200,0617,1783361838,2026-07-06T18:18:01Z,2026-07-06T18:18:01Z,2026-07-06T18:17:16Z,2.2,https://gbfs.kappa.fifteen.eu/gbfs/2.2/mobi/en/gbfs.json,https://gbfs.kappa.fifteen.eu/gbfs/2.2/mobi/en/free_bike_status.json,2026-07-06T18:18:00Z,2026-07-06T18:18:00Z
mobi_vancouver,mobi_vancouver_5e3cc832-4291-4b16-83ef-740c16983429,5e3cc832-4291-4b16-83ef-740c16983429,49.266579,-123.248549,1,FALSE,FALSE,19200,2143,1783361838,2026-07-06T18:18:01Z,2026-07-06T18:18:01Z,2026-07-06T18:17:16Z,2.2,https://gbfs.kappa.fifteen.eu/gbfs/2.2/mobi/en/gbfs.json,https://gbfs.kappa.fifteen.eu/gbfs/2.2/mobi/en/free_bike_status.json,2026-07-06T18:18:00Z,2026-07-06T18:18:00Z
mobi_vancouver,mobi_vancouver_4b7f55b2-81ab-4cec-9dd8-b4ed47806716,4b7f55b2-81ab-4cec-9dd8-b4ed47806716,49.267561,-123.252261,1,FALSE,FALSE,19200,2132,1783361838,2026-07-06T18:18:01Z,2026-07-06T18:18:01Z,2026-07-06T18:17:16Z,2.2,https://gbfs.kappa.fifteen.eu/gbfs/2.2/mobi/en/gbfs.json,https://gbfs.kappa.fifteen.eu/gbfs/2.2/mobi/en/free_bike_status.json,2026-07-06T18:18:00Z,2026-07-06T18:18:00Z
mobi_vancouver,mobi_vancouver_3bf1acd4-4e53-4588-bfd7-1d31f88e34e1,3bf1acd4-4e53-4588-bfd7-1d31f88e34e1,49.263073,-123.254307,1,FALSE,FALSE,19200,2114,1783361838,2026-07-06T18:18:01Z,2026-07-06T18:18:01Z,2026-07-06T18:17:16Z,2.2,https://gbfs.kappa.fifteen.eu/gbfs/2.2/mobi/en/gbfs.json,https://gbfs.kappa.fifteen.eu/gbfs/2.2/mobi/en/free_bike_status.json,2026-07-06T18:18:00Z,2026-07-06T18:18:00Z
mobi_vancouver,mobi_vancouver_c3c0462a-084f-40cf-b360-565fc795ece5,c3c0462a-084f-40cf-b360-565fc795ece5,49.261736,-123.24648,1,FALSE,FALSE,19200,2136,1783361838,2026-07-06T18:18:01Z,2026-07-06T18:18:01Z,2026-07-06T18:17:16Z,2.2,https://gbfs.kappa.fifteen.eu/gbfs/2.2/mobi/en/gbfs.json,https://gbfs.kappa.fifteen.eu/gbfs/2.2/mobi/en/free_bike_status.json,2026-07-06T18:18:00Z,2026-07-06T18:18:00Z
mobi_vancouver,mobi_vancouver_97e78d1b-151d-4ce3-b3c6-5aeb22f8cd63,97e78d1b-151d-4ce3-b3c6-5aeb22f8cd63,49.262487,-123.114397,1,FALSE,FALSE,19600,0001,1783361838,2026-07-06T18:18:01Z,2026-07-06T18:18:01Z,2026-07-06T18:17:16Z,2.2,https://gbfs.kappa.fifteen.eu/gbfs/2.2/mobi/en/gbfs.json,https://gbfs.kappa.fifteen.eu/gbfs/2.2/mobi/en/free_bike_status.json,2026-07-06T18:18:00Z,2026-07-06T18:18:00Z
mobi_vancouver,mobi_vancouver_9cd48bd1-2eba-4b16-9b9d-589bded1a210,9cd48bd1-2eba-4b16-9b9d-589bded1a210,49.275679,-123.116963,1,FALSE,FALSE,19600,0027,1783361838,2026-07-06T18:18:01Z,2026-07-06T18:18:01Z,2026-07-06T18:17:16Z,2.2,https://gbfs.kappa.fifteen.eu/gbfs/2.2/mobi/en/gbfs.json,https://gbfs.kappa.fifteen.eu/gbfs/2.2/mobi/en/free_bike_status.json,2026-07-06T18:18:00Z,2026-07-06T18:18:00Z
mobi_vancouver,mobi_vancouver_a282ee40-30ea-4668-a4b3-e215bb88742b,a282ee40-30ea-4668-a4b3-e215bb88742b,49.283343,-123.131099,1,FALSE,FALSE,19600,0050,1783361838,2026-07-06T18:18:01Z,2026-07-06T18:18:01Z,2026-07-06T18:17:16Z,2.2,https://gbfs.kappa.fifteen.eu/gbfs/2.2/mobi/en/gbfs.json,https://gbfs.kappa.fifteen.eu/gbfs/2.2/mobi/en/free_bike_status.json,2026-07-06T18:18:00Z,2026-07-06T18:18:00Z
mobi_vancouver,mobi_vancouver_b629c89a-ae72-417f-aa47-2534cf7b70ba,b629c89a-ae72-417f-aa47-2534cf7b70ba,49.273833,-123.114373,1,FALSE,FALSE,19600,0057,1783361838,2026-07-06T18:18:01Z,2026-07-06T18:18:01Z,2026-07-06T18:17:16Z,2.2,https://gbfs.kappa.fifteen.eu/gbfs/2.2/mobi/en/gbfs.json,https://gbfs.kappa.fifteen.eu/gbfs/2.2/mobi/en/free_bike_status.json,2026-07-06T18:18:00Z,2026-07-06T18:18:00Z
mobi_vancouver,mobi_vancouver_92b388db-9371-45db-bc73-e798ef03a1a4,92b388db-9371-45db-bc73-e798ef03a1a4,49.282759,-123.106955,2,FALSE,FALSE,19600,0030,1783361838,2026-07-06T18:18:01Z,2026-07-06T18:18:01Z,2026-07-06T18:17:16Z,2.2,https://gbfs.kappa.fifteen.eu/gbfs/2.2/mobi/en/gbfs.json,https://gbfs.kappa.fifteen.eu/gbfs/2.2/mobi/en/free_bike_status.json,2026-07-06T18:18:00Z,2026-07-06T18:18:00Z
mobi_vancouver,mobi_vancouver_0c43886c-cf94-4301-8e14-b9406fdf1753,0c43886c-cf94-4301-8e14-b9406fdf1753,49.293257,-123.138563,1,FALSE,FALSE,19600,0093,1783361838,2026-07-06T18:18:01Z,2026-07-06T18:18:01Z,2026-07-06T18:17:16Z,2.2,https://gbfs.kappa.fifteen.eu/gbfs/2.2/mobi/en/gbfs.json,https://gbfs.kappa.fifteen.eu/gbfs/2.2/mobi/en/free_bike_status.json,2026-07-06T18:18:00Z,2026-07-06T18:18:00Z
mobi_vancouver,mobi_vancouver_1a6fe739-5113-4fd7-8b6b-27fb23e01939,1a6fe739-5113-4fd7-8b6b-27fb23e01939,49.270721,-123.146175,1,FALSE,FALSE,19600,0108,1783361838,2026-07-06T18:18:01Z,2026-07-06T18:18:01Z,2026-07-06T18:17:16Z,2.2,https://gbfs.kappa.fifteen.eu/gbfs/2.2/mobi/en/gbfs.json,https://gbfs.kappa.fifteen.eu/gbfs/2.2/mobi/en/free_bike_status.json,2026-07-06T18:18:00Z,2026-07-06T18:18:00Z
mobi_vancouver,mobi_vancouver_d3381e83-78b0-43a4-8fa3-74899820c092,d3381e83-78b0-43a4-8fa3-74899820c092,49.279342,-123.101822,1,FALSE,FALSE,19600,0055,1783361838,2026-07-06T18:18:01Z,2026-07-06T18:18:01Z,2026-07-06T18:17:16Z,2.2,https://gbfs.kappa.fifteen.eu/gbfs/2.2/mobi/en/gbfs.json,https://gbfs.kappa.fifteen.eu/gbfs/2.2/mobi/en/free_bike_status.json,2026-07-06T18:18:00Z,2026-07-06T18:18:00Z
mobi_vancouver,mobi_vancouver_55ca3709-5119-4fd3-bf45-c53a73879964,55ca3709-5119-4fd3-bf45-c53a73879964,49.271741,-123.155421,1,FALSE,FALSE,19600,0204,1783361838,2026-07-06T18:18:01Z,2026-07-06T18:18:01Z,2026-07-06T18:17:16Z,2.2,https://gbfs.kappa.fifteen.eu/gbfs/2.2/mobi/en/gbfs.json,https://gbfs.kappa.fifteen.eu/gbfs/2.2/mobi/en/free_bike_status.json,2026-07-06T18:18:00Z,2026-07-06T18:18:00Z
mobi_vancouver,mobi_vancouver_bcab8279-4d93-471c-853c-539497f3fe13,bcab8279-4d93-471c-853c-539497f3fe13,49.290112,-123.127062,1,FALSE,FALSE,19600,0035,1783361838,2026-07-06T18:18:01Z,2026-07-06T18:18:01Z,2026-07-06T18:17:16Z,2.2,https://gbfs.kappa.fifteen.eu/gbfs/2.2/mobi/en/gbfs.json,https://gbfs.kappa.fifteen.eu/gbfs/2.2/mobi/en/free_bike_status.json,2026-07-06T18:18:00Z,2026-07-06T18:18:00Z
mobi_vancouver,mobi_vancouver_654bdb54-13d1-440a-8738-702edcd0ce62,654bdb54-13d1-440a-8738-702edcd0ce62,49.277595,-123.09583,1,FALSE,FALSE,19600,0212,1783361838,2026-07-06T18:18:01Z,2026-07-06T18:18:01Z,2026-07-06T18:17:16Z,2.2,https://gbfs.kappa.fifteen.eu/gbfs/2.2/mobi/en/gbfs.json,https://gbfs.kappa.fifteen.eu/gbfs/2.2/mobi/en/free_bike_status.json,2026-07-06T18:18:00Z,2026-07-06T18:18:00Z
mobi_vancouver,mobi_vancouver_5a526937-924f-4f6c-9622-9c1d25f7e949,5a526937-924f-4f6c-9622-9c1d25f7e949,49.276897,-123.101746,1,FALSE,FALSE,19600,0801,1783361838,2026-07-06T18:18:01Z,2026-07-06T18:18:01Z,2026-07-06T18:17:16Z,2.2,https://gbfs.kappa.fifteen.eu/gbfs/2.2/mobi/en/gbfs.json,https://gbfs.kappa.fifteen.eu/gbfs/2.2/mobi/en/free_bike_status.json,2026-07-06T18:18:00Z,2026-07-06T18:18:00Z
mobi_vancouver,mobi_vancouver_897984e2-cbdc-4ee2-a281-63a9692a607f,897984e2-cbdc-4ee2-a281-63a9692a607f,49.278529,-123.100017,1,FALSE,FALSE,19600,0199,1783361838,2026-07-06T18:18:01Z,2026-07-06T18:18:01Z,2026-07-06T18:17:16Z,2.2,https://gbfs.kappa.fifteen.eu/gbfs/2.2/mobi/en/gbfs.json,https://gbfs.kappa.fifteen.eu/gbfs/2.2/mobi/en/free_bike_status.json,2026-07-06T18:18:00Z,2026-07-06T18:18:00Z
mobi_vancouver,mobi_vancouver_1975dd44-832f-4196-8aec-8551c6d4e59e,1975dd44-832f-4196-8aec-8551c6d4e59e,49.267628,-123.127698,1,FALSE,FALSE,19600,0143,1783361838,2026-07-06T18:18:01Z,2026-07-06T18:18:01Z,2026-07-06T18:17:16Z,2.2,https://gbfs.kappa.fifteen.eu/gbfs/2.2/mobi/en/gbfs.json,https://gbfs.kappa.fifteen.eu/gbfs/2.2/mobi/en/free_bike_status.json,2026-07-06T18:18:00Z,2026-07-06T18:18:00Z
mobi_vancouver,mobi_vancouver_04dde14a-2fb5-46ac-accc-03edfb2f25e8,04dde14a-2fb5-46ac-accc-03edfb2f25e8,49.262321,-123.09306,1,FALSE,FALSE,19600,0248,1783361838,2026-07-06T18:18:01Z,2026-07-06T18:18:01Z,2026-07-06T18:17:16Z,2.2,https://gbfs.kappa.fifteen.eu/gbfs/2.2/mobi/en/gbfs.json,https://gbfs.kappa.fifteen.eu/gbfs/2.2/mobi/en/free_bike_status.json,2026-07-06T18:18:00Z,2026-07-06T18:18:00Z
mobi_vancouver,mobi_vancouver_d328e672-cae9-468f-bace-5b2a7e63f676,d328e672-cae9-468f-bace-5b2a7e63f676,49.261403,-123.070102,1,FALSE,FALSE,19600,0244,1783361838,2026-07-06T18:18:01Z,2026-07-06T18:18:01Z,2026-07-06T18:17:16Z,2.2,https://gbfs.kappa.fifteen.eu/gbfs/2.2/mobi/en/gbfs.json,https://gbfs.kappa.fifteen.eu/gbfs/2.2/mobi/en/free_bike_status.json,2026-07-06T18:18:00Z,2026-07-06T18:18:00Z
mobi_vancouver,mobi_vancouver_42a034b0-97ab-4b63-a669-1aedd7de97b4,42a034b0-97ab-4b63-a669-1aedd7de97b4,49.263746,-123.069892,1,FALSE,FALSE,19600,0254,1783361838,2026-07-06T18:18:01Z,2026-07-06T18:18:01Z,2026-07-06T18:17:16Z,2.2,https://gbfs.kappa.fifteen.eu/gbfs/2.2/mobi/en/gbfs.json,https://gbfs.kappa.fifteen.eu/gbfs/2.2/mobi/en/free_bike_status.json,2026-07-06T18:18:00Z,2026-07-06T18:18:00Z
mobi_vancouver,mobi_vancouver_e4942867-dff8-47a4-8b48-6fb3c2e37c81,e4942867-dff8-47a4-8b48-6fb3c2e37c81,49.263746,-123.069892,1,FALSE,FALSE,19600,0254,1783361838,2026-07-06T18:18:01Z,2026-07-06T18:18:01Z,2026-07-06T18:17:16Z,2.2,https://gbfs.kappa.fifteen.eu/gbfs/2.2/mobi/en/gbfs.json,https://gbfs.kappa.fifteen.eu/gbfs/2.2/mobi/en/free_bike_status.json,2026-07-06T18:18:00Z,2026-07-06T18:18:00Z
mobi_vancouver,mobi_vancouver_164788df-60c8-4ca6-b4c3-70e5f6a36d99,164788df-60c8-4ca6-b4c3-70e5f6a36d99,49.273103,-123.069892,1,FALSE,FALSE,19600,0235,1783361838,2026-07-06T18:18:01Z,2026-07-06T18:18:01Z,2026-07-06T18:17:16Z,2.2,https://gbfs.kappa.fifteen.eu/gbfs/2.2/mobi/en/gbfs.json,https://gbfs.kappa.fifteen.eu/gbfs/2.2/mobi/en/free_bike_status.json,2026-07-06T18:18:00Z,2026-07-06T18:18:00Z
mobi_vancouver,mobi_vancouver_3318f35b-9638-4fcc-9d02-76bc0cbffab1,3318f35b-9638-4fcc-9d02-76bc0cbffab1,49.277665,-123.073653,1,FALSE,FALSE,19600,0222,1783361838,2026-07-06T18:18:01Z,2026-07-06T18:18:01Z,2026-07-06T18:17:16Z,2.2,https://gbfs.kappa.fifteen.eu/gbfs/2.2/mobi/en/gbfs.json,https://gbfs.kappa.fifteen.eu/gbfs/2.2/mobi/en/free_bike_status.json,2026-07-06T18:18:00Z,2026-07-06T18:18:00Z
mobi_vancouver,mobi_vancouver_8780c23a-1073-48bc-9ed3-39dda0b4a3c1,8780c23a-1073-48bc-9ed3-39dda0b4a3c1,49.277436,-123.070427,1,FALSE,FALSE,19600,0223,1783361838,2026-07-06T18:18:01Z,2026-07-06T18:18:01Z,2026-07-06T18:17:16Z,2.2,https://gbfs.kappa.fifteen.eu/gbfs/2.2/mobi/en/gbfs.json,https://gbfs.kappa.fifteen.eu/gbfs/2.2/mobi/en/free_bike_status.json,2026-07-06T18:18:00Z,2026-07-06T18:18:00Z
mobi_vancouver,mobi_vancouver_187694ee-5fd0-435e-8230-f88f8b61607f,187694ee-5fd0-435e-8230-f88f8b61607f,49.283992,-123.091206,1,FALSE,FALSE,19600,0230,1783361838,2026-07-06T18:18:01Z,2026-07-06T18:18:01Z,2026-07-06T18:17:16Z,2.2,https://gbfs.kappa.fifteen.eu/gbfs/2.2/mobi/en/gbfs.json,https://gbfs.kappa.fifteen.eu/gbfs/2.2/mobi/en/free_bike_status.json,2026-07-06T18:18:00Z,2026-07-06T18:18:00Z
mobi_vancouver,mobi_vancouver_c6d8d0a0-ab23-4bc5-aeb7-b4ac11484ddc,c6d8d0a0-ab23-4bc5-aeb7-b4ac11484ddc,49.263382,-123.088837,1,FALSE,FALSE,19600,0261,1783361838,2026-07-06T18:18:01Z,2026-07-06T18:18:01Z,2026-07-06T18:17:16Z,2.2,https://gbfs.kappa.fifteen.eu/gbfs/2.2/mobi/en/gbfs.json,https://gbfs.kappa.fifteen.eu/gbfs/2.2/mobi/en/free_bike_status.json,2026-07-06T18:18:00Z,2026-07-06T18:18:00Z
mobi_vancouver,mobi_vancouver_b0d0e542-0bf9-4f10-acc0-0d834614ec49,b0d0e542-0bf9-4f10-acc0-0d834614ec49,49.267266,-123.090786,1,FALSE,FALSE,19600,0287,1783361838,2026-07-06T18:18:01Z,2026-07-06T18:18:01Z,2026-07-06T18:17:16Z,2.2,https://gbfs.kappa.fifteen.eu/gbfs/2.2/mobi/en/gbfs.json,https://gbfs.kappa.fifteen.eu/gbfs/2.2/mobi/en/free_bike_status.json,2026-07-06T18:18:00Z,2026-07-06T18:18:00Z
mobi_vancouver,mobi_vancouver_b76bc7c0-6a21-4284-a198-9b6acc1d6444,b76bc7c0-6a21-4284-a198-9b6acc1d6444,49.280332,-123.070068,1,FALSE,FALSE,19600,0224,1783361838,2026-07-06T18:18:01Z,2026-07-06T18:18:01Z,2026-07-06T18:17:16Z,2.2,https://gbfs.kappa.fifteen.eu/gbfs/2.2/mobi/en/gbfs.json,https://gbfs.kappa.fifteen.eu/gbfs/2.2/mobi/en/free_bike_status.json,2026-07-06T18:18:00Z,2026-07-06T18:18:00Z
mobi_vancouver,mobi_vancouver_8e8367a4-22d3-4729-af14-e01454ab1667,8e8367a4-22d3-4729-af14-e01454ab1667,49.280881,-123.130672,1,FALSE,FALSE,19600,0126,1783361838,2026-07-06T18:18:01Z,2026-07-06T18:18:01Z,2026-07-06T18:17:16Z,2.2,https://gbfs.kappa.fifteen.eu/gbfs/2.2/mobi/en/gbfs.json,https://gbfs.kappa.fifteen.eu/gbfs/2.2/mobi/en/free_bike_status.json,2026-07-06T18:18:00Z,2026-07-06T18:18:00Z
mobi_vancouver,mobi_vancouver_a8ab9de4-340c-474e-a4df-57df81018ae3,a8ab9de4-340c-474e-a4df-57df81018ae3,49.283986,-123.065264,1,FALSE,FALSE,19600,0280,1783361838,2026-07-06T18:18:01Z,2026-07-06T18:18:01Z,2026-07-06T18:17:16Z,2.2,https://gbfs.kappa.fifteen.eu/gbfs/2.2/mobi/en/gbfs.json,https://gbfs.kappa.fifteen.eu/gbfs/2.2/mobi/en/free_bike_status.json,2026-07-06T18:18:00Z,2026-07-06T18:18:00Z
mobi_vancouver,mobi_vancouver_e87efbdc-8956-4c94-bc71-0bb5e2f219e2,e87efbdc-8956-4c94-bc71-0bb5e2f219e2,49.283236,-123.070443,1,FALSE,FALSE,19600,0285,1783361838,2026-07-06T18:18:01Z,2026-07-06T18:18:01Z,2026-07-06T18:17:16Z,2.2,https://gbfs.kappa.fifteen.eu/gbfs/2.2/mobi/en/gbfs.json,https://gbfs.kappa.fifteen.eu/gbfs/2.2/mobi/en/free_bike_status.json,2026-07-06T18:18:00Z,2026-07-06T18:18:00Z
mobi_vancouver,mobi_vancouver_010132b1-9d6c-46f5-afde-892996ae8837,010132b1-9d6c-46f5-afde-892996ae8837,49.273691,-123.102232,1,FALSE,FALSE,19600,0193,1783361838,2026-07-06T18:18:01Z,2026-07-06T18:18:01Z,2026-07-06T18:17:16Z,2.2,https://gbfs.kappa.fifteen.eu/gbfs/2.2/mobi/en/gbfs.json,https://gbfs.kappa.fifteen.eu/gbfs/2.2/mobi/en/free_bike_status.json,2026-07-06T18:18:00Z,2026-07-06T18:18:00Z
mobi_vancouver,mobi_vancouver_859cc024-a383-4673-a2fd-beaf436c6f11,859cc024-a383-4673-a2fd-beaf436c6f11,49.276768,-123.075636,1,FALSE,FALSE,19600,,1783361838,2026-07-06T18:18:01Z,2026-07-06T18:18:01Z,2026-07-06T18:17:16Z,2.2,https://gbfs.kappa.fifteen.eu/gbfs/2.2/mobi/en/gbfs.json,https://gbfs.kappa.fifteen.eu/gbfs/2.2/mobi/en/free_bike_status.json,2026-07-06T18:18:00Z,2026-07-06T18:18:00Z
mobi_vancouver,mobi_vancouver_9e4b0265-c634-4281-8eec-6cd83567f6d5,9e4b0265-c634-4281-8eec-6cd83567f6d5,49.277615,-123.091654,1,FALSE,FALSE,19600,0215,1783361838,2026-07-06T18:18:01Z,2026-07-06T18:18:01Z,2026-07-06T18:17:16Z,2.2,https://gbfs.kappa.fifteen.eu/gbfs/2.2/mobi/en/gbfs.json,https://gbfs.kappa.fifteen.eu/gbfs/2.2/mobi/en/free_bike_status.json,2026-07-06T18:18:00Z,2026-07-06T18:18:00Z
mobi_vancouver,mobi_vancouver_22278b94-7924-4093-a81b-434cf8cacbfc,22278b94-7924-4093-a81b-434cf8cacbfc,49.284893,-123.128685,1,FALSE,FALSE,19600,0300,1783361838,2026-07-06T18:18:01Z,2026-07-06T18:18:01Z,2026-07-06T18:17:16Z,2.2,https://gbfs.kappa.fifteen.eu/gbfs/2.2/mobi/en/gbfs.json,https://gbfs.kappa.fifteen.eu/gbfs/2.2/mobi/en/free_bike_status.json,2026-07-06T18:18:00Z,2026-07-06T18:18:00Z
mobi_vancouver,mobi_vancouver_5117331e-1be8-4392-a45b-f5e4233f2ff0,5117331e-1be8-4392-a45b-f5e4233f2ff0,49.28512,-123.11242,1,FALSE,FALSE,19600,0308,1783361838,2026-07-06T18:18:01Z,2026-07-06T18:18:01Z,2026-07-06T18:17:16Z,2.2,https://gbfs.kappa.fifteen.eu/gbfs/2.2/mobi/en/gbfs.json,https://gbfs.kappa.fifteen.eu/gbfs/2.2/mobi/en/free_bike_status.json,2026-07-06T18:18:00Z,2026-07-06T18:18:00Z
mobi_vancouver,mobi_vancouver_15308c57-24ea-418d-8e71-48b9c3532fad,15308c57-24ea-418d-8e71-48b9c3532fad,49.27247,-123.185643,1,FALSE,FALSE,19600,0410,1783361838,2026-07-06T18:18:01Z,2026-07-06T18:18:01Z,2026-07-06T18:17:16Z,2.2,https://gbfs.kappa.fifteen.eu/gbfs/2.2/mobi/en/gbfs.json,https://gbfs.kappa.fifteen.eu/gbfs/2.2/mobi/en/free_bike_status.json,2026-07-06T18:18:00Z,2026-07-06T18:18:00Z
mobi_vancouver,mobi_vancouver_0fbeb94a-10a7-41da-abb5-91d12d892e65,0fbeb94a-10a7-41da-abb5-91d12d892e65,49.27247,-123.185643,1,FALSE,FALSE,19600,0410,1783361838,2026-07-06T18:18:01Z,2026-07-06T18:18:01Z,2026-07-06T18:17:16Z,2.2,https://gbfs.kappa.fifteen.eu/gbfs/2.2/mobi/en/gbfs.json,https://gbfs.kappa.fifteen.eu/gbfs/2.2/mobi/en/free_bike_status.json,2026-07-06T18:18:00Z,2026-07-06T18:18:00Z
mobi_vancouver,mobi_vancouver_48167922-e149-4b1b-bc8f-53a63731d056,48167922-e149-4b1b-bc8f-53a63731d056,49.264928,-123.168068,1,FALSE,FALSE,19600,0452,1783361838,2026-07-06T18:18:01Z,2026-07-06T18:18:01Z,2026-07-06T18:17:16Z,2.2,https://gbfs.kappa.fifteen.eu/gbfs/2.2/mobi/en/gbfs.json,https://gbfs.kappa.fifteen.eu/gbfs/2.2/mobi/en/free_bike_status.json,2026-07-06T18:18:00Z,2026-07-06T18:18:00Z
mobi_vancouver,mobi_vancouver_099e7fcf-7d74-4032-b18f-a76382c9f02b,099e7fcf-7d74-4032-b18f-a76382c9f02b,49.279259,-123.119145,1,FALSE,FALSE,19600,0354,1783361838,2026-07-06T18:18:01Z,2026-07-06T18:18:01Z,2026-07-06T18:17:16Z,2.2,https://gbfs.kappa.fifteen.eu/gbfs/2.2/mobi/en/gbfs.json,https://gbfs.kappa.fifteen.eu/gbfs/2.2/mobi/en/free_bike_status.json,2026-07-06T18:18:00Z,2026-07-06T18:18:00Z
mobi_vancouver,mobi_vancouver_5b80035c-ef02-4220-87c5-981b3abc3ef6,5b80035c-ef02-4220-87c5-981b3abc3ef6,49.291597,-123.129158,1,FALSE,FALSE,19600,0200,1783361838,2026-07-06T18:18:01Z,2026-07-06T18:18:01Z,2026-07-06T18:17:16Z,2.2,https://gbfs.kappa.fifteen.eu/gbfs/2.2/mobi/en/gbfs.json,https://gbfs.kappa.fifteen.eu/gbfs/2.2/mobi/en/free_bike_status.json,2026-07-06T18:18:00Z,2026-07-06T18:18:00Z
mobi_vancouver,mobi_vancouver_a1293f99-e7f0-4b77-a718-41f5d1de548d,a1293f99-e7f0-4b77-a718-41f5d1de548d,49.26262,-123.2431,1,FALSE,FALSE,19600,2156,1783361838,2026-07-06T18:18:01Z,2026-07-06T18:18:01Z,2026-07-06T18:17:16Z,2.2,https://gbfs.kappa.fifteen.eu/gbfs/2.2/mobi/en/gbfs.json,https://gbfs.kappa.fifteen.eu/gbfs/2.2/mobi/en/free_bike_status.json,2026-07-06T18:18:00Z,2026-07-06T18:18:00Z
mobi_vancouver,mobi_vancouver_8d8a676f-5f58-4f82-ab8b-1d3f98873a32,8d8a676f-5f58-4f82-ab8b-1d3f98873a32,49.263073,-123.254307,1,FALSE,FALSE,19600,2114,1783361838,2026-07-06T18:18:01Z,2026-07-06T18:18:01Z,2026-07-06T18:17:16Z,2.2,https://gbfs.kappa.fifteen.eu/gbfs/2.2/mobi/en/gbfs.json,https://gbfs.kappa.fifteen.eu/gbfs/2.2/mobi/en/free_bike_status.json,2026-07-06T18:18:00Z,2026-07-06T18:18:00Z
mobi_vancouver,mobi_vancouver_4bb3f306-a3a5-4c3d-b7be-57d4e730540e,4bb3f306-a3a5-4c3d-b7be-57d4e730540e,49.283482,-123.103738,1,FALSE,FALSE,19600,0013,1783361838,2026-07-06T18:18:01Z,2026-07-06T18:18:01Z,2026-07-06T18:17:16Z,2.2,https://gbfs.kappa.fifteen.eu/gbfs/2.2/mobi/en/gbfs.json,https://gbfs.kappa.fifteen.eu/gbfs/2.2/mobi/en/free_bike_status.json,2026-07-06T18:18:00Z,2026-07-06T18:18:00Z
mobi_vancouver,mobi_vancouver_be163b52-5419-4044-ac4c-08b379b642ac,be163b52-5419-4044-ac4c-08b379b642ac,49.261655,-123.241924,1,FALSE,FALSE,19600,2157,1783361838,2026-07-06T18:18:01Z,2026-07-06T18:18:01Z,2026-07-06T18:17:16Z,2.2,https://gbfs.kappa.fifteen.eu/gbfs/2.2/mobi/en/gbfs.json,https://gbfs.kappa.fifteen.eu/gbfs/2.2/mobi/en/free_bike_status.json,2026-07-06T18:18:00Z,2026-07-06T18:18:00Z
mobi_vancouver,mobi_vancouver_4d57cd9f-48dd-446f-8c5c-58db13aa10d6,4d57cd9f-48dd-446f-8c5c-58db13aa10d6,49.293264,-123.132861,1,FALSE,FALSE,19600,0181,1783361838,2026-07-06T18:18:01Z,2026-07-06T18:18:01Z,2026-07-06T18:17:16Z,2.2,https://gbfs.kappa.fifteen.eu/gbfs/2.2/mobi/en/gbfs.json,https://gbfs.kappa.fifteen.eu/gbfs/2.2/mobi/en/free_bike_status.json,2026-07-06T18:18:00Z,2026-07-06T18:18:00Z
mobi_vancouver,mobi_vancouver_1aaea0f5-93ac-49e9-9b50-3d7c1e3e8331,1aaea0f5-93ac-49e9-9b50-3d7c1e3e8331,49.26875,-123.25004,1,FALSE,FALSE,19600,2142,1783361838,2026-07-06T18:18:01Z,2026-07-06T18:18:01Z,2026-07-06T18:17:16Z,2.2,https://gbfs.kappa.fifteen.eu/gbfs/2.2/mobi/en/gbfs.json,https://gbfs.kappa.fifteen.eu/gbfs/2.2/mobi/en/free_bike_status.json,2026-07-06T18:18:00Z,2026-07-06T18:18:00Z
mobi_vancouver,mobi_vancouver_b7da235f-96f2-4218-bcee-68608ee94bc7,b7da235f-96f2-4218-bcee-68608ee94bc7,49.26518,-123.25868,1,FALSE,FALSE,19600,2112,1783361838,2026-07-06T18:18:01Z,2026-07-06T18:18:01Z,2026-07-06T18:17:16Z,2.2,https://gbfs.kappa.fifteen.eu/gbfs/2.2/mobi/en/gbfs.json,https://gbfs.kappa.fifteen.eu/gbfs/2.2/mobi/en/free_bike_status.json,2026-07-06T18:18:00Z,2026-07-06T18:18:00Z
mobi_vancouver,mobi_vancouver_062b9203-9dc4-4a77-b194-5f284d3098c7,062b9203-9dc4-4a77-b194-5f284d3098c7,49.2506,-123.23238,1,FALSE,FALSE,19600,2255,1783361838,2026-07-06T18:18:01Z,2026-07-06T18:18:01Z,2026-07-06T18:17:16Z,2.2,https://gbfs.kappa.fifteen.eu/gbfs/2.2/mobi/en/gbfs.json,https://gbfs.kappa.fifteen.eu/gbfs/2.2/mobi/en/free_bike_status.json,2026-07-06T18:18:00Z,2026-07-06T18:18:00Z
mobi_vancouver,mobi_vancouver_7937720f-1d38-4f71-a5ae-0d5020f62356,7937720f-1d38-4f71-a5ae-0d5020f62356,49.262487,-123.114397,1,FALSE,FALSE,20000,0001,1783361838,2026-07-06T18:18:01Z,2026-07-06T18:18:01Z,2026-07-06T18:17:16Z,2.2,https://gbfs.kappa.fifteen.eu/gbfs/2.2/mobi/en/gbfs.json,https://gbfs.kappa.fifteen.eu/gbfs/2.2/mobi/en/free_bike_status.json,2026-07-06T18:18:00Z,2026-07-06T18:18:00Z
mobi_vancouver,mobi_vancouver_e012e2ce-e3d3-4346-ae0f-face5b07d583,e012e2ce-e3d3-4346-ae0f-face5b07d583,49.285512,-123.1384,1,FALSE,FALSE,20000,0040,1783361838,2026-07-06T18:18:01Z,2026-07-06T18:18:01Z,2026-07-06T18:17:16Z,2.2,https://gbfs.kappa.fifteen.eu/gbfs/2.2/mobi/en/gbfs.json,https://gbfs.kappa.fifteen.eu/gbfs/2.2/mobi/en/free_bike_status.json,2026-07-06T18:18:00Z,2026-07-06T18:18:00Z
mobi_vancouver,mobi_vancouver_8d0d9208-7c9a-4778-905a-93b3940aeb76,8d0d9208-7c9a-4778-905a-93b3940aeb76,49.287528,-123.142139,1,FALSE,FALSE,20000,0028,1783361838,2026-07-06T18:18:01Z,2026-07-06T18:18:01Z,2026-07-06T18:17:16Z,2.2,https://gbfs.kappa.fifteen.eu/gbfs/2.2/mobi/en/gbfs.json,https://gbfs.kappa.fifteen.eu/gbfs/2.2/mobi/en/free_bike_status.json,2026-07-06T18:18:00Z,2026-07-06T18:18:00Z
mobi_vancouver,mobi_vancouver_821dd8d7-888d-42f4-9c39-c976fa0d0a0a,821dd8d7-888d-42f4-9c39-c976fa0d0a0a,49.288506,-123.131238,1,FALSE,FALSE,20000,0096,1783361838,2026-07-06T18:18:01Z,2026-07-06T18:18:01Z,2026-07-06T18:17:16Z,2.2,https://gbfs.kappa.fifteen.eu/gbfs/2.2/mobi/en/gbfs.json,https://gbfs.kappa.fifteen.eu/gbfs/2.2/mobi/en/free_bike_status.json,2026-07-06T18:18:00Z,2026-07-06T18:18:00Z
mobi_vancouver,mobi_vancouver_e039e49a-53b4-4488-b3c0-a1a3464a4ec2,e039e49a-53b4-4488-b3c0-a1a3464a4ec2,49.275717,-123.142564,1,FALSE,FALSE,20000,0077,1783361838,2026-07-06T18:18:01Z,2026-07-06T18:18:01Z,2026-07-06T18:17:16Z,2.2,https://gbfs.kappa.fifteen.eu/gbfs/2.2/mobi/en/gbfs.json,https://gbfs.kappa.fifteen.eu/gbfs/2.2/mobi/en/free_bike_status.json,2026-07-06T18:18:00Z,2026-07-06T18:18:00Z
mobi_vancouver,mobi_vancouver_2c76de0e-580c-44d1-b3be-318ce7ab0f0e,2c76de0e-580c-44d1-b3be-318ce7ab0f0e,49.287097,-123.118551,1,FALSE,FALSE,20000,0016,1783361838,2026-07-06T18:18:01Z,2026-07-06T18:18:01Z,2026-07-06T18:17:16Z,2.2,https://gbfs.kappa.fifteen.eu/gbfs/2.2/mobi/en/gbfs.json,https://gbfs.kappa.fifteen.eu/gbfs/2.2/mobi/en/free_bike_status.json,2026-07-06T18:18:00Z,2026-07-06T18:18:00Z
mobi_vancouver,mobi_vancouver_8d61b3d6-4911-4e0e-b515-f08fa26b36b7,8d61b3d6-4911-4e0e-b515-f08fa26b36b7,49.266476,-123.109389,1,FALSE,FALSE,20000,0165,1783361838,2026-07-06T18:18:01Z,2026-07-06T18:18:01Z,2026-07-06T18:17:16Z,2.2,https://gbfs.kappa.fifteen.eu/gbfs/2.2/mobi/en/gbfs.json,https://gbfs.kappa.fifteen.eu/gbfs/2.2/mobi/en/free_bike_status.json,2026-07-06T18:18:00Z,2026-07-06T18:18:00Z
mobi_vancouver,mobi_vancouver_449bff5a-f1ec-4af6-8c15-ddab5db5c13a,449bff5a-f1ec-4af6-8c15-ddab5db5c13a,49.256845,-123.120071,1,FALSE,FALSE,20000,0130,1783361838,2026-07-06T18:18:01Z,2026-07-06T18:18:01Z,2026-07-06T18:17:16Z,2.2,https://gbfs.kappa.fifteen.eu/gbfs/2.2/mobi/en/gbfs.json,https://gbfs.kappa.fifteen.eu/gbfs/2.2/mobi/en/free_bike_status.json,2026-07-06T18:18:00Z,2026-07-06T18:18:00Z
mobi_vancouver,mobi_vancouver_9ecf671c-37e9-4892-bb78-838f8360d46e,9ecf671c-37e9-4892-bb78-838f8360d46e,49.284157,-123.099917,1,FALSE,FALSE,20000,0150,1783361838,2026-07-06T18:18:01Z,2026-07-06T18:18:01Z,2026-07-06T18:17:16Z,2.2,https://gbfs.kappa.fifteen.eu/gbfs/2.2/mobi/en/gbfs.json,https://gbfs.kappa.fifteen.eu/gbfs/2.2/mobi/en/free_bike_status.json,2026-07-06T18:18:00Z,2026-07-06T18:18:00Z
mobi_vancouver,mobi_vancouver_f3b06b0d-ce1d-4615-8b25-02bd1a6cb439,f3b06b0d-ce1d-4615-8b25-02bd1a6cb439,49.265939,-123.1129,1,FALSE,FALSE,20000,0171,1783361838,2026-07-06T18:18:01Z,2026-07-06T18:18:01Z,2026-07-06T18:17:16Z,2.2,https://gbfs.kappa.fifteen.eu/gbfs/2.2/mobi/en/gbfs.json,https://gbfs.kappa.fifteen.eu/gbfs/2.2/mobi/en/free_bike_status.json,2026-07-06T18:18:00Z,2026-07-06T18:18:00Z
mobi_vancouver,mobi_vancouver_50746d4d-32df-48ee-9e7b-e2cc7b6b1b69,50746d4d-32df-48ee-9e7b-e2cc7b6b1b69,49.265939,-123.1129,1,FALSE,FALSE,20000,0171,1783361838,2026-07-06T18:18:01Z,2026-07-06T18:18:01Z,2026-07-06T18:17:16Z,2.2,https://gbfs.kappa.fifteen.eu/gbfs/2.2/mobi/en/gbfs.json,https://gbfs.kappa.fifteen.eu/gbfs/2.2/mobi/en/free_bike_status.json,2026-07-06T18:18:00Z,2026-07-06T18:18:00Z
mobi_vancouver,mobi_vancouver_b1b34f4c-3da6-4bd9-80dd-d3decbef6a5c,b1b34f4c-3da6-4bd9-80dd-d3decbef6a5c,49.282758,-123.122092,1,FALSE,FALSE,20000,0019,1783361838,2026-07-06T18:18:01Z,2026-07-06T18:18:01Z,2026-07-06T18:17:16Z,2.2,https://gbfs.kappa.fifteen.eu/gbfs/2.2/mobi/en/gbfs.json,https://gbfs.kappa.fifteen.eu/gbfs/2.2/mobi/en/free_bike_status.json,2026-07-06T18:18:00Z,2026-07-06T18:18:00Z
mobi_vancouver,mobi_vancouver_5ee560f5-866f-4063-a17f-c00f00112631,5ee560f5-866f-4063-a17f-c00f00112631,49.271741,-123.155421,1,FALSE,FALSE,20000,0204,1783361838,2026-07-06T18:18:01Z,2026-07-06T18:18:01Z,2026-07-06T18:17:16Z,2.2,https://gbfs.kappa.fifteen.eu/gbfs/2.2/mobi/en/gbfs.json,https://gbfs.kappa.fifteen.eu/gbfs/2.2/mobi/en/free_bike_status.json,2026-07-06T18:18:00Z,2026-07-06T18:18:00Z
mobi_vancouver,mobi_vancouver_e2f6f75c-8ee5-4865-b3cb-8d1b88c96118,e2f6f75c-8ee5-4865-b3cb-8d1b88c96118,49.290112,-123.127062,1,FALSE,FALSE,20000,0035,1783361838,2026-07-06T18:18:01Z,2026-07-06T18:18:01Z,2026-07-06T18:17:16Z,2.2,https://gbfs.kappa.fifteen.eu/gbfs/2.2/mobi/en/gbfs.json,https://gbfs.kappa.fifteen.eu/gbfs/2.2/mobi/en/free_bike_status.json,2026-07-06T18:18:00Z,2026-07-06T18:18:00Z
mobi_vancouver,mobi_vancouver_4be8a414-31fe-42b5-9792-4735f3edc749,4be8a414-31fe-42b5-9792-4735f3edc749,49.281301,-123.139108,1,FALSE,FALSE,20000,0084,1783361838,2026-07-06T18:18:01Z,2026-07-06T18:18:01Z,2026-07-06T18:17:16Z,2.2,https://gbfs.kappa.fifteen.eu/gbfs/2.2/mobi/en/gbfs.json,https://gbfs.kappa.fifteen.eu/gbfs/2.2/mobi/en/free_bike_status.json,2026-07-06T18:18:00Z,2026-07-06T18:18:00Z
mobi_vancouver,mobi_vancouver_116f4169-ce4c-4ed7-bc58-e3d28cc66573,116f4169-ce4c-4ed7-bc58-e3d28cc66573,49.266456,-123.100324,1,FALSE,FALSE,20000,0198,1783361838,2026-07-06T18:18:01Z,2026-07-06T18:18:01Z,2026-07-06T18:17:16Z,2.2,https://gbfs.kappa.fifteen.eu/gbfs/2.2/mobi/en/gbfs.json,https://gbfs.kappa.fifteen.eu/gbfs/2.2/mobi/en/free_bike_status.json,2026-07-06T18:18:00Z,2026-07-06T18:18:00Z
mobi_vancouver,mobi_vancouver_547b3aa1-9bd6-4abe-a8dc-7d97784e78c5,547b3aa1-9bd6-4abe-a8dc-7d97784e78c5,49.265336,-123.145823,1,FALSE,FALSE,20000,0140,1783361838,2026-07-06T18:18:01Z,2026-07-06T18:18:01Z,2026-07-06T18:17:16Z,2.2,https://gbfs.kappa.fifteen.eu/gbfs/2.2/mobi/en/gbfs.json,https://gbfs.kappa.fifteen.eu/gbfs/2.2/mobi/en/free_bike_status.json,2026-07-06T18:18:00Z,2026-07-06T18:18:00Z
mobi_vancouver,mobi_vancouver_22f6d654-0034-4c49-81d7-8084aa4be363,22f6d654-0034-4c49-81d7-8084aa4be363,49.278529,-123.100017,1,FALSE,FALSE,20000,0199,1783361838,2026-07-06T18:18:01Z,2026-07-06T18:18:01Z,2026-07-06T18:17:16Z,2.2,https://gbfs.kappa.fifteen.eu/gbfs/2.2/mobi/en/gbfs.json,https://gbfs.kappa.fifteen.eu/gbfs/2.2/mobi/en/free_bike_status.json,2026-07-06T18:18:00Z,2026-07-06T18:18:00Z
mobi_vancouver,mobi_vancouver_d6dfc929-de83-44a0-9fb1-919f6613a830,d6dfc929-de83-44a0-9fb1-919f6613a830,49.267859,-123.145782,1,FALSE,FALSE,20000,0139,1783361838,2026-07-06T18:18:01Z,2026-07-06T18:18:01Z,2026-07-06T18:17:16Z,2.2,https://gbfs.kappa.fifteen.eu/gbfs/2.2/mobi/en/gbfs.json,https://gbfs.kappa.fifteen.eu/gbfs/2.2/mobi/en/free_bike_status.json,2026-07-06T18:18:00Z,2026-07-06T18:18:00Z
mobi_vancouver,mobi_vancouver_11699e93-3be9-41de-8196-3800fc7b53fc,11699e93-3be9-41de-8196-3800fc7b53fc,49.262321,-123.09306,1,FALSE,FALSE,20000,0248,1783361838,2026-07-06T18:18:01Z,2026-07-06T18:18:01Z,2026-07-06T18:17:16Z,2.2,https://gbfs.kappa.fifteen.eu/gbfs/2.2/mobi/en/gbfs.json,https://gbfs.kappa.fifteen.eu/gbfs/2.2/mobi/en/free_bike_status.json,2026-07-06T18:18:00Z,2026-07-06T18:18:00Z
mobi_vancouver,mobi_vancouver_961024f9-644d-4e74-9dc9-ea4c962a8161,961024f9-644d-4e74-9dc9-ea4c962a8161,49.263746,-123.069892,1,FALSE,FALSE,20000,0254,1783361838,2026-07-06T18:18:01Z,2026-07-06T18:18:01Z,2026-07-06T18:17:16Z,2.2,https://gbfs.kappa.fifteen.eu/gbfs/2.2/mobi/en/gbfs.json,https://gbfs.kappa.fifteen.eu/gbfs/2.2/mobi/en/free_bike_status.json,2026-07-06T18:18:00Z,2026-07-06T18:18:00Z
mobi_vancouver,mobi_vancouver_fcbf675f-94be-4f66-8a9a-921901fb1a43,fcbf675f-94be-4f66-8a9a-921901fb1a43,49.287782,-123.12395,1,FALSE,FALSE,20000,0190,1783361838,2026-07-06T18:18:01Z,2026-07-06T18:18:01Z,2026-07-06T18:17:16Z,2.2,https://gbfs.kappa.fifteen.eu/gbfs/2.2/mobi/en/gbfs.json,https://gbfs.kappa.fifteen.eu/gbfs/2.2/mobi/en/free_bike_status.json,2026-07-06T18:18:00Z,2026-07-06T18:18:00Z
mobi_vancouver,mobi_vancouver_6356cf8c-f6fc-4983-bc18-67c3a5726e61,6356cf8c-f6fc-4983-bc18-67c3a5726e61,49.262141,-123.101961,1,FALSE,FALSE,20000,0074,1783361838,2026-07-06T18:18:01Z,2026-07-06T18:18:01Z,2026-07-06T18:17:16Z,2.2,https://gbfs.kappa.fifteen.eu/gbfs/2.2/mobi/en/gbfs.json,https://gbfs.kappa.fifteen.eu/gbfs/2.2/mobi/en/free_bike_status.json,2026-07-06T18:18:00Z,2026-07-06T18:18:00Z
mobi_vancouver,mobi_vancouver_57e1b805-7fac-4fd8-9978-5dbce63ee42f,57e1b805-7fac-4fd8-9978-5dbce63ee42f,49.264466,-123.085183,1,FALSE,FALSE,20000,0266,1783361838,2026-07-06T18:18:01Z,2026-07-06T18:18:01Z,2026-07-06T18:17:16Z,2.2,https://gbfs.kappa.fifteen.eu/gbfs/2.2/mobi/en/gbfs.json,https://gbfs.kappa.fifteen.eu/gbfs/2.2/mobi/en/free_bike_status.json,2026-07-06T18:18:00Z,2026-07-06T18:18:00Z
mobi_vancouver,mobi_vancouver_1a77e956-d68c-4b5e-b014-a5c42f6523be,1a77e956-d68c-4b5e-b014-a5c42f6523be,49.267266,-123.090786,1,FALSE,FALSE,20000,0287,1783361838,2026-07-06T18:18:01Z,2026-07-06T18:18:01Z,2026-07-06T18:17:16Z,2.2,https://gbfs.kappa.fifteen.eu/gbfs/2.2/mobi/en/gbfs.json,https://gbfs.kappa.fifteen.eu/gbfs/2.2/mobi/en/free_bike_status.json,2026-07-06T18:18:00Z,2026-07-06T18:18:00Z
mobi_vancouver,mobi_vancouver_859f7303-8f59-4d05-9e5e-c39ddf5b1ddb,859f7303-8f59-4d05-9e5e-c39ddf5b1ddb,49.280332,-123.070068,1,FALSE,FALSE,20000,0224,1783361838,2026-07-06T18:18:01Z,2026-07-06T18:18:01Z,2026-07-06T18:17:16Z,2.2,https://gbfs.kappa.fifteen.eu/gbfs/2.2/mobi/en/gbfs.json,https://gbfs.kappa.fifteen.eu/gbfs/2.2/mobi/en/free_bike_status.json,2026-07-06T18:18:00Z,2026-07-06T18:18:00Z
mobi_vancouver,mobi_vancouver_5a556368-b35e-4957-ac0e-9e522ea3c06b,5a556368-b35e-4957-ac0e-9e522ea3c06b,49.280881,-123.130672,1,FALSE,FALSE,20000,0126,1783361838,2026-07-06T18:18:01Z,2026-07-06T18:18:01Z,2026-07-06T18:17:16Z,2.2,https://gbfs.kappa.fifteen.eu/gbfs/2.2/mobi/en/gbfs.json,https://gbfs.kappa.fifteen.eu/gbfs/2.2/mobi/en/free_bike_status.json,2026-07-06T18:18:00Z,2026-07-06T18:18:00Z
mobi_vancouver,mobi_vancouver_263df199-a818-4fd9-9ff7-60154fdb92c3,263df199-a818-4fd9-9ff7-60154fdb92c3,49.283236,-123.070443,1,FALSE,FALSE,20000,0285,1783361838,2026-07-06T18:18:01Z,2026-07-06T18:18:01Z,2026-07-06T18:17:16Z,2.2,https://gbfs.kappa.fifteen.eu/gbfs/2.2/mobi/en/gbfs.json,https://gbfs.kappa.fifteen.eu/gbfs/2.2/mobi/en/free_bike_status.json,2026-07-06T18:18:00Z,2026-07-06T18:18:00Z
mobi_vancouver,mobi_vancouver_c4465101-f043-4c81-abed-db899e2f6fa7,c4465101-f043-4c81-abed-db899e2f6fa7,49.256857,-123.065646,1,FALSE,FALSE,20000,0278,1783361838,2026-07-06T18:18:01Z,2026-07-06T18:18:01Z,2026-07-06T18:17:16Z,2.2,https://gbfs.kappa.fifteen.eu/gbfs/2.2/mobi/en/gbfs.json,https://gbfs.kappa.fifteen.eu/gbfs/2.2/mobi/en/free_bike_status.json,2026-07-06T18:18:00Z,2026-07-06T18:18:00Z
mobi_vancouver,mobi_vancouver_22d3c659-89c7-42ac-b23a-7ed0d8744803,22d3c659-89c7-42ac-b23a-7ed0d8744803,49.256857,-123.065646,1,FALSE,FALSE,20000,0278,1783361838,2026-07-06T18:18:01Z,2026-07-06T18:18:01Z,2026-07-06T18:17:16Z,2.2,https://gbfs.kappa.fifteen.eu/gbfs/2.2/mobi/en/gbfs.json,https://gbfs.kappa.fifteen.eu/gbfs/2.2/mobi/en/free_bike_status.json,2026-07-06T18:18:00Z,2026-07-06T18:18:00Z
mobi_vancouver,mobi_vancouver_ad74c760-02d5-4f67-8ef9-3772cf3c8e18,ad74c760-02d5-4f67-8ef9-3772cf3c8e18,49.261973,-123.09725,1,FALSE,FALSE,20000,0186,1783361838,2026-07-06T18:18:01Z,2026-07-06T18:18:01Z,2026-07-06T18:17:16Z,2.2,https://gbfs.kappa.fifteen.eu/gbfs/2.2/mobi/en/gbfs.json,https://gbfs.kappa.fifteen.eu/gbfs/2.2/mobi/en/free_bike_status.json,2026-07-06T18:18:00Z,2026-07-06T18:18:00Z
mobi_vancouver,mobi_vancouver_e584a817-2ced-4f7f-9747-d85624f0be19,e584a817-2ced-4f7f-9747-d85624f0be19,49.302577,-123.155616,1,FALSE,FALSE,20000,0103,1783361838,2026-07-06T18:18:01Z,2026-07-06T18:18:01Z,2026-07-06T18:17:16Z,2.2,https://gbfs.kappa.fifteen.eu/gbfs/2.2/mobi/en/gbfs.json,https://gbfs.kappa.fifteen.eu/gbfs/2.2/mobi/en/free_bike_status.json,2026-07-06T18:18:00Z,2026-07-06T18:18:00Z
mobi_vancouver,mobi_vancouver_1f1388e2-fd45-4310-bee1-90a7e367c678,1f1388e2-fd45-4310-bee1-90a7e367c678,49.276768,-123.075636,1,FALSE,FALSE,20000,,1783361838,2026-07-06T18:18:01Z,2026-07-06T18:18:01Z,2026-07-06T18:17:16Z,2.2,https://gbfs.kappa.fifteen.eu/gbfs/2.2/mobi/en/gbfs.json,https://gbfs.kappa.fifteen.eu/gbfs/2.2/mobi/en/free_bike_status.json,2026-07-06T18:18:00Z,2026-07-06T18:18:00Z
mobi_vancouver,mobi_vancouver_c446227c-75c1-4220-afd6-e24bc2240f6a,c446227c-75c1-4220-afd6-e24bc2240f6a,49.27551,-123.13307,1,FALSE,FALSE,20000,0045,1783361838,2026-07-06T18:18:01Z,2026-07-06T18:18:01Z,2026-07-06T18:17:16Z,2.2,https://gbfs.kappa.fifteen.eu/gbfs/2.2/mobi/en/gbfs.json,https://gbfs.kappa.fifteen.eu/gbfs/2.2/mobi/en/free_bike_status.json,2026-07-06T18:18:00Z,2026-07-06T18:18:00Z
mobi_vancouver,mobi_vancouver_fa8686b7-e381-46d8-bd72-2dbd2b6bf99c,fa8686b7-e381-46d8-bd72-2dbd2b6bf99c,49.283298,-123.142288,1,FALSE,FALSE,20000,0142,1783361838,2026-07-06T18:18:01Z,2026-07-06T18:18:01Z,2026-07-06T18:17:16Z,2.2,https://gbfs.kappa.fifteen.eu/gbfs/2.2/mobi/en/gbfs.json,https://gbfs.kappa.fifteen.eu/gbfs/2.2/mobi/en/free_bike_status.json,2026-07-06T18:18:00Z,2026-07-06T18:18:00Z
mobi_vancouver,mobi_vancouver_1d6c8ad7-a0eb-46f8-9100-3cd904a04321,1d6c8ad7-a0eb-46f8-9100-3cd904a04321,49.280787,-123.115271,1,FALSE,FALSE,20000,0305,1783361838,2026-07-06T18:18:01Z,2026-07-06T18:18:01Z,2026-07-06T18:17:16Z,2.2,https://gbfs.kappa.fifteen.eu/gbfs/2.2/mobi/en/gbfs.json,https://gbfs.kappa.fifteen.eu/gbfs/2.2/mobi/en/free_bike_status.json,2026-07-06T18:18:00Z,2026-07-06T18:18:00Z
mobi_vancouver,mobi_vancouver_a45021d0-da17-4fe8-92d9-33e67cb486eb,a45021d0-da17-4fe8-92d9-33e67cb486eb,49.290587,-123.13625,1,FALSE,FALSE,20000,0122,1783361838,2026-07-06T18:18:01Z,2026-07-06T18:18:01Z,2026-07-06T18:17:16Z,2.2,https://gbfs.kappa.fifteen.eu/gbfs/2.2/mobi/en/gbfs.json,https://gbfs.kappa.fifteen.eu/gbfs/2.2/mobi/en/free_bike_status.json,2026-07-06T18:18:00Z,2026-07-06T18:18:00Z
mobi_vancouver,mobi_vancouver_32f69a39-fe97-434e-b0a2-064fe3b1b15c,32f69a39-fe97-434e-b0a2-064fe3b1b15c,49.27247,-123.185643,1,FALSE,FALSE,20000,0410,1783361838,2026-07-06T18:18:01Z,2026-07-06T18:18:01Z,2026-07-06T18:17:16Z,2.2,https://gbfs.kappa.fifteen.eu/gbfs/2.2/mobi/en/gbfs.json,https://gbfs.kappa.fifteen.eu/gbfs/2.2/mobi/en/free_bike_status.json,2026-07-06T18:18:00Z,2026-07-06T18:18:00Z
mobi_vancouver,mobi_vancouver_f7071f27-0c9b-4461-840b-50bc3e959128,f7071f27-0c9b-4461-840b-50bc3e959128,49.272969,-123.164325,1,FALSE,FALSE,20000,0460,1783361838,2026-07-06T18:18:01Z,2026-07-06T18:18:01Z,2026-07-06T18:17:16Z,2.2,https://gbfs.kappa.fifteen.eu/gbfs/2.2/mobi/en/gbfs.json,https://gbfs.kappa.fifteen.eu/gbfs/2.2/mobi/en/free_bike_status.json,2026-07-06T18:18:00Z,2026-07-06T18:18:00Z
mobi_vancouver,mobi_vancouver_aaffb541-6075-4cc7-9cfd-edb51ca031b6,aaffb541-6075-4cc7-9cfd-edb51ca031b6,49.272172,-123.097978,1,FALSE,FALSE,20000,0354,1783361838,2026-07-06T18:18:01Z,2026-07-06T18:18:01Z,2026-07-06T18:17:16Z,2.2,https://gbfs.kappa.fifteen.eu/gbfs/2.2/mobi/en/gbfs.json,https://gbfs.kappa.fifteen.eu/gbfs/2.2/mobi/en/free_bike_status.json,2026-07-06T18:18:00Z,2026-07-06T18:18:00Z
mobi_vancouver,mobi_vancouver_a0bbb221-c882-48dc-8ce8-fe91db45c5b9,a0bbb221-c882-48dc-8ce8-fe91db45c5b9,49.266924,-123.173849,1,FALSE,FALSE,20000,0443,1783361838,2026-07-06T18:18:01Z,2026-07-06T18:18:01Z,2026-07-06T18:17:16Z,2.2,https://gbfs.kappa.fifteen.eu/gbfs/2.2/mobi/en/gbfs.json,https://gbfs.kappa.fifteen.eu/gbfs/2.2/mobi/en/free_bike_status.json,2026-07-06T18:18:00Z,2026-07-06T18:18:00Z
mobi_vancouver,mobi_vancouver_8c4d73db-7d66-42b6-8479-3d83b8790d3c,8c4d73db-7d66-42b6-8479-3d83b8790d3c,49.247854,-123.153422,1,FALSE,FALSE,20000,0480,1783361838,2026-07-06T18:18:01Z,2026-07-06T18:18:01Z,2026-07-06T18:17:16Z,2.2,https://gbfs.kappa.fifteen.eu/gbfs/2.2/mobi/en/gbfs.json,https://gbfs.kappa.fifteen.eu/gbfs/2.2/mobi/en/free_bike_status.json,2026-07-06T18:18:00Z,2026-07-06T18:18:00Z
mobi_vancouver,mobi_vancouver_235d577f-d906-4f32-a937-6a1d1b4c61cc,235d577f-d906-4f32-a937-6a1d1b4c61cc,49.283968,-123.061615,1,FALSE,FALSE,20000,0631,1783361838,2026-07-06T18:18:01Z,2026-07-06T18:18:01Z,2026-07-06T18:17:16Z,2.2,https://gbfs.kappa.fifteen.eu/gbfs/2.2/mobi/en/gbfs.json,https://gbfs.kappa.fifteen.eu/gbfs/2.2/mobi/en/free_bike_status.json,2026-07-06T18:18:00Z,2026-07-06T18:18:00Z
mobi_vancouver,mobi_vancouver_6a90f787-263e-46ba-9a40-36ce3d4549fe,6a90f787-263e-46ba-9a40-36ce3d4549fe,49.285575,-123.061575,1,FALSE,FALSE,20000,0621,1783361838,2026-07-06T18:18:01Z,2026-07-06T18:18:01Z,2026-07-06T18:17:16Z,2.2,https://gbfs.kappa.fifteen.eu/gbfs/2.2/mobi/en/gbfs.json,https://gbfs.kappa.fifteen.eu/gbfs/2.2/mobi/en/free_bike_status.json,2026-07-06T18:18:00Z,2026-07-06T18:18:00Z
mobi_vancouver,mobi_vancouver_4096c9ec-ed6b-47c1-ac2a-5b289f31bd1d,4096c9ec-ed6b-47c1-ac2a-5b289f31bd1d,49.259469,-123.145718,1,FALSE,FALSE,20000,0210,1783361838,2026-07-06T18:18:01Z,2026-07-06T18:18:01Z,2026-07-06T18:17:16Z,2.2,https://gbfs.kappa.fifteen.eu/gbfs/2.2/mobi/en/gbfs.json,https://gbfs.kappa.fifteen.eu/gbfs/2.2/mobi/en/free_bike_status.json,2026-07-06T18:18:00Z,2026-07-06T18:18:00Z
mobi_vancouver,mobi_vancouver_08c1e62a-d372-4321-b87b-8e1c6a503c78,08c1e62a-d372-4321-b87b-8e1c6a503c78,49.247204,-123.101549,1,FALSE,FALSE,20000,0565,1783361838,2026-07-06T18:18:01Z,2026-07-06T18:18:01Z,2026-07-06T18:17:16Z,2.2,https://gbfs.kappa.fifteen.eu/gbfs/2.2/mobi/en/gbfs.json,https://gbfs.kappa.fifteen.eu/gbfs/2.2/mobi/en/free_bike_status.json,2026-07-06T18:18:00Z,2026-07-06T18:18:00Z
mobi_vancouver,mobi_vancouver_e8786251-2dd2-4372-a595-d1d135665a87,e8786251-2dd2-4372-a595-d1d135665a87,49.265442,-123.187738,1,FALSE,FALSE,20000,0403,1783361838,2026-07-06T18:18:01Z,2026-07-06T18:18:01Z,2026-07-06T18:17:16Z,2.2,https://gbfs.kappa.fifteen.eu/gbfs/2.2/mobi/en/gbfs.json,https://gbfs.kappa.fifteen.eu/gbfs/2.2/mobi/en/free_bike_status.json,2026-07-06T18:18:00Z,2026-07-06T18:18:00Z
mobi_vancouver,mobi_vancouver_d20ccf76-c0a3-492d-bbfb-0f4fcc159af7,d20ccf76-c0a3-492d-bbfb-0f4fcc159af7,49.263073,-123.254307,1,FALSE,FALSE,20000,2114,1783361838,2026-07-06T18:18:01Z,2026-07-06T18:18:01Z,2026-07-06T18:17:16Z,2.2,https://gbfs.kappa.fifteen.eu/gbfs/2.2/mobi/en/gbfs.json,https://gbfs.kappa.fifteen.eu/gbfs/2.2/mobi/en/free_bike_status.json,2026-07-06T18:18:00Z,2026-07-06T18:18:00Z
mobi_vancouver,mobi_vancouver_95b74052-e361-4810-a8a5-3d4be622dfe3,95b74052-e361-4810-a8a5-3d4be622dfe3,49.283482,-123.103738,1,FALSE,FALSE,20000,0013,1783361838,2026-07-06T18:18:01Z,2026-07-06T18:18:01Z,2026-07-06T18:17:16Z,2.2,https://gbfs.kappa.fifteen.eu/gbfs/2.2/mobi/en/gbfs.json,https://gbfs.kappa.fifteen.eu/gbfs/2.2/mobi/en/free_bike_status.json,2026-07-06T18:18:00Z,2026-07-06T18:18:00Z
mobi_vancouver,mobi_vancouver_5a043984-7a66-4ecb-a4ac-c37eabc3442b,5a043984-7a66-4ecb-a4ac-c37eabc3442b,49.265207,-123.250139,1,FALSE,FALSE,20000,2134,1783361838,2026-07-06T18:18:01Z,2026-07-06T18:18:01Z,2026-07-06T18:17:16Z,2.2,https://gbfs.kappa.fifteen.eu/gbfs/2.2/mobi/en/gbfs.json,https://gbfs.kappa.fifteen.eu/gbfs/2.2/mobi/en/free_bike_status.json,2026-07-06T18:18:00Z,2026-07-06T18:18:00Z
mobi_vancouver,mobi_vancouver_15e8f62f-3f29-4cbe-8f37-2600697d143b,15e8f62f-3f29-4cbe-8f37-2600697d143b,49.2661,-123.24568,1,FALSE,FALSE,20000,2154,1783361838,2026-07-06T18:18:01Z,2026-07-06T18:18:01Z,2026-07-06T18:17:16Z,2.2,https://gbfs.kappa.fifteen.eu/gbfs/2.2/mobi/en/gbfs.json,https://gbfs.kappa.fifteen.eu/gbfs/2.2/mobi/en/free_bike_status.json,2026-07-06T18:18:00Z,2026-07-06T18:18:00Z
mobi_vancouver,mobi_vancouver_691fd913-5c7f-415c-a279-eaf0075d8139,691fd913-5c7f-415c-a279-eaf0075d8139,49.261736,-123.24648,1,FALSE,FALSE,20000,2136,1783361838,2026-07-06T18:18:01Z,2026-07-06T18:18:01Z,2026-07-06T18:17:16Z,2.2,https://gbfs.kappa.fifteen.eu/gbfs/2.2/mobi/en/gbfs.json,https://gbfs.kappa.fifteen.eu/gbfs/2.2/mobi/en/free_bike_status.json,2026-07-06T18:18:00Z,2026-07-06T18:18:00Z
mobi_vancouver,mobi_vancouver_c17a14dc-f3ce-4f50-a4bc-3cdf02c83562,c17a14dc-f3ce-4f50-a4bc-3cdf02c83562,49.293264,-123.132861,1,FALSE,FALSE,20000,0181,1783361838,2026-07-06T18:18:01Z,2026-07-06T18:18:01Z,2026-07-06T18:17:16Z,2.2,https://gbfs.kappa.fifteen.eu/gbfs/2.2/mobi/en/gbfs.json,https://gbfs.kappa.fifteen.eu/gbfs/2.2/mobi/en/free_bike_status.json,2026-07-06T18:18:00Z,2026-07-06T18:18:00Z
mobi_vancouver,mobi_vancouver_c8648db8-7a3d-428a-aed3-2ef94840dd8b,c8648db8-7a3d-428a-aed3-2ef94840dd8b,49.25976,-123.2479,1,FALSE,FALSE,20000,2127,1783361838,2026-07-06T18:18:01Z,2026-07-06T18:18:01Z,2026-07-06T18:17:16Z,2.2,https://gbfs.kappa.fifteen.eu/gbfs/2.2/mobi/en/gbfs.json,https://gbfs.kappa.fifteen.eu/gbfs/2.2/mobi/en/free_bike_status.json,2026-07-06T18:18:00Z,2026-07-06T18:18:00Z
mobi_vancouver,mobi_vancouver_5609d679-ce5a-43b3-b282-bb01c48f64af,5609d679-ce5a-43b3-b282-bb01c48f64af,49.26875,-123.25004,1,FALSE,FALSE,20000,2142,1783361838,2026-07-06T18:18:01Z,2026-07-06T18:18:01Z,2026-07-06T18:17:16Z,2.2,https://gbfs.kappa.fifteen.eu/gbfs/2.2/mobi/en/gbfs.json,https://gbfs.kappa.fifteen.eu/gbfs/2.2/mobi/en/free_bike_status.json,2026-07-06T18:18:00Z,2026-07-06T18:18:00Z
mobi_vancouver,mobi_vancouver_4887d90f-c69b-405f-bc24-552f1f81c8fa,4887d90f-c69b-405f-bc24-552f1f81c8fa,49.26518,-123.25868,1,FALSE,FALSE,20000,2112,1783361838,2026-07-06T18:18:01Z,2026-07-06T18:18:01Z,2026-07-06T18:17:16Z,2.2,https://gbfs.kappa.fifteen.eu/gbfs/2.2/mobi/en/gbfs.json,https://gbfs.kappa.fifteen.eu/gbfs/2.2/mobi/en/free_bike_status.json,2026-07-06T18:18:00Z,2026-07-06T18:18:00Z
mobi_vancouver,mobi_vancouver_c8a8c4be-77d2-4fda-8acd-61acad46227e,c8a8c4be-77d2-4fda-8acd-61acad46227e,49.26518,-123.25868,1,FALSE,FALSE,20000,2112,1783361838,2026-07-06T18:18:01Z,2026-07-06T18:18:01Z,2026-07-06T18:17:16Z,2.2,https://gbfs.kappa.fifteen.eu/gbfs/2.2/mobi/en/gbfs.json,https://gbfs.kappa.fifteen.eu/gbfs/2.2/mobi/en/free_bike_status.json,2026-07-06T18:18:00Z,2026-07-06T18:18:00Z
mobi_vancouver,mobi_vancouver_cbcc6622-0bc2-4830-a4e6-c187b96cffe1,cbcc6622-0bc2-4830-a4e6-c187b96cffe1,49.271721,-123.104207,1,FALSE,FALSE,20400,0011,1783361838,2026-07-06T18:18:01Z,2026-07-06T18:18:01Z,2026-07-06T18:17:16Z,2.2,https://gbfs.kappa.fifteen.eu/gbfs/2.2/mobi/en/gbfs.json,https://gbfs.kappa.fifteen.eu/gbfs/2.2/mobi/en/free_bike_status.json,2026-07-06T18:18:00Z,2026-07-06T18:18:00Z
mobi_vancouver,mobi_vancouver_62f1e2ac-cc34-4166-98a2-4641116dd2be,62f1e2ac-cc34-4166-98a2-4641116dd2be,49.262487,-123.114397,1,FALSE,FALSE,20400,0001,1783361838,2026-07-06T18:18:01Z,2026-07-06T18:18:01Z,2026-07-06T18:17:16Z,2.2,https://gbfs.kappa.fifteen.eu/gbfs/2.2/mobi/en/gbfs.json,https://gbfs.kappa.fifteen.eu/gbfs/2.2/mobi/en/free_bike_status.json,2026-07-06T18:18:00Z,2026-07-06T18:18:00Z
mobi_vancouver,mobi_vancouver_9b734527-9eb4-45ff-8958-b7bf89df0a88,9b734527-9eb4-45ff-8958-b7bf89df0a88,49.285871,-123.12105,1,FALSE,FALSE,20400,0002,1783361838,2026-07-06T18:18:01Z,2026-07-06T18:18:01Z,2026-07-06T18:17:16Z,2.2,https://gbfs.kappa.fifteen.eu/gbfs/2.2/mobi/en/gbfs.json,https://gbfs.kappa.fifteen.eu/gbfs/2.2/mobi/en/free_bike_status.json,2026-07-06T18:18:00Z,2026-07-06T18:18:00Z
mobi_vancouver,mobi_vancouver_bc0cbc6c-5003-4ffe-a60f-eee18f0532a0,bc0cbc6c-5003-4ffe-a60f-eee18f0532a0,49.285871,-123.12105,2,FALSE,FALSE,20400,0002,1783361838,2026-07-06T18:18:01Z,2026-07-06T18:18:01Z,2026-07-06T18:17:16Z,2.2,https://gbfs.kappa.fifteen.eu/gbfs/2.2/mobi/en/gbfs.json,https://gbfs.kappa.fifteen.eu/gbfs/2.2/mobi/en/free_bike_status.json,2026-07-06T18:18:00Z,2026-07-06T18:18:00Z
mobi_vancouver,mobi_vancouver_7f3803a2-3e8b-42f6-ab2a-2a65607fad6b,7f3803a2-3e8b-42f6-ab2a-2a65607fad6b,49.28803,-123.142135,1,FALSE,FALSE,20400,0031,1783361838,2026-07-06T18:18:01Z,2026-07-06T18:18:01Z,2026-07-06T18:17:16Z,2.2,https://gbfs.kappa.fifteen.eu/gbfs/2.2/mobi/en/gbfs.json,https://gbfs.kappa.fifteen.eu/gbfs/2.2/mobi/en/free_bike_status.json,2026-07-06T18:18:00Z,2026-07-06T18:18:00Z
mobi_vancouver,mobi_vancouver_ca64bfe7-5f03-4aa4-b525-a978732b63c1,ca64bfe7-5f03-4aa4-b525-a978732b63c1,49.285512,-123.1384,1,FALSE,FALSE,20400,0040,1783361838,2026-07-06T18:18:01Z,2026-07-06T18:18:01Z,2026-07-06T18:17:16Z,2.2,https://gbfs.kappa.fifteen.eu/gbfs/2.2/mobi/en/gbfs.json,https://gbfs.kappa.fifteen.eu/gbfs/2.2/mobi/en/free_bike_status.json,2026-07-06T18:18:00Z,2026-07-06T18:18:00Z
mobi_vancouver,mobi_vancouver_73668613-0b34-4fdd-b4ce-89d798f35011,73668613-0b34-4fdd-b4ce-89d798f35011,49.279739,-123.116251,1,FALSE,FALSE,20400,0025,1783361838,2026-07-06T18:18:01Z,2026-07-06T18:18:01Z,2026-07-06T18:17:16Z,2.2,https://gbfs.kappa.fifteen.eu/gbfs/2.2/mobi/en/gbfs.json,https://gbfs.kappa.fifteen.eu/gbfs/2.2/mobi/en/free_bike_status.json,2026-07-06T18:18:00Z,2026-07-06T18:18:00Z
mobi_vancouver,mobi_vancouver_d447d001-bf26-47c3-b191-b01857524e95,d447d001-bf26-47c3-b191-b01857524e95,49.28026,-123.135244,1,FALSE,FALSE,20400,0088,1783361838,2026-07-06T18:18:01Z,2026-07-06T18:18:01Z,2026-07-06T18:17:16Z,2.2,https://gbfs.kappa.fifteen.eu/gbfs/2.2/mobi/en/gbfs.json,https://gbfs.kappa.fifteen.eu/gbfs/2.2/mobi/en/free_bike_status.json,2026-07-06T18:18:00Z,2026-07-06T18:18:00Z
mobi_vancouver,mobi_vancouver_fad3d77a-593f-4e62-843f-193980ab3cde,fad3d77a-593f-4e62-843f-193980ab3cde,49.28526,-123.141809,1,FALSE,FALSE,20400,0060,1783361838,2026-07-06T18:18:01Z,2026-07-06T18:18:01Z,2026-07-06T18:17:16Z,2.2,https://gbfs.kappa.fifteen.eu/gbfs/2.2/mobi/en/gbfs.json,https://gbfs.kappa.fifteen.eu/gbfs/2.2/mobi/en/free_bike_status.json,2026-07-06T18:18:00Z,2026-07-06T18:18:00Z
mobi_vancouver,mobi_vancouver_403575ed-a5c6-4074-9b35-d456227f7b75,403575ed-a5c6-4074-9b35-d456227f7b75,49.272827,-123.147744,1,FALSE,FALSE,20400,0065,1783361838,2026-07-06T18:18:01Z,2026-07-06T18:18:01Z,2026-07-06T18:17:16Z,2.2,https://gbfs.kappa.fifteen.eu/gbfs/2.2/mobi/en/gbfs.json,https://gbfs.kappa.fifteen.eu/gbfs/2.2/mobi/en/free_bike_status.json,2026-07-06T18:18:00Z,2026-07-06T18:18:00Z
mobi_vancouver,mobi_vancouver_14fecdd9-e9df-4c41-91f2-9dd21dc223ae,14fecdd9-e9df-4c41-91f2-9dd21dc223ae,49.273471,-123.118016,1,FALSE,FALSE,20400,0017,1783361838,2026-07-06T18:18:01Z,2026-07-06T18:18:01Z,2026-07-06T18:17:16Z,2.2,https://gbfs.kappa.fifteen.eu/gbfs/2.2/mobi/en/gbfs.json,https://gbfs.kappa.fifteen.eu/gbfs/2.2/mobi/en/free_bike_status.json,2026-07-06T18:18:00Z,2026-07-06T18:18:00Z
mobi_vancouver,mobi_vancouver_2c380eb5-237f-4d98-8321-61ce1ac30d27,2c380eb5-237f-4d98-8321-61ce1ac30d27,49.269969,-123.109623,1,FALSE,FALSE,20400,0173,1783361838,2026-07-06T18:18:01Z,2026-07-06T18:18:01Z,2026-07-06T18:17:16Z,2.2,https://gbfs.kappa.fifteen.eu/gbfs/2.2/mobi/en/gbfs.json,https://gbfs.kappa.fifteen.eu/gbfs/2.2/mobi/en/free_bike_status.json,2026-07-06T18:18:00Z,2026-07-06T18:18:00Z
mobi_vancouver,mobi_vancouver_0a450ba6-c0a3-4dff-b719-46b663627417,0a450ba6-c0a3-4dff-b719-46b663627417,49.263837,-123.105173,1,FALSE,FALSE,20400,0107,1783361838,2026-07-06T18:18:01Z,2026-07-06T18:18:01Z,2026-07-06T18:17:16Z,2.2,https://gbfs.kappa.fifteen.eu/gbfs/2.2/mobi/en/gbfs.json,https://gbfs.kappa.fifteen.eu/gbfs/2.2/mobi/en/free_bike_status.json,2026-07-06T18:18:00Z,2026-07-06T18:18:00Z
mobi_vancouver,mobi_vancouver_667d13ed-8fbb-4599-8e64-4da00bc413d0,667d13ed-8fbb-4599-8e64-4da00bc413d0,49.27821,-123.136972,1,FALSE,FALSE,20400,0083,1783361838,2026-07-06T18:18:01Z,2026-07-06T18:18:01Z,2026-07-06T18:17:16Z,2.2,https://gbfs.kappa.fifteen.eu/gbfs/2.2/mobi/en/gbfs.json,https://gbfs.kappa.fifteen.eu/gbfs/2.2/mobi/en/free_bike_status.json,2026-07-06T18:18:00Z,2026-07-06T18:18:00Z
mobi_vancouver,mobi_vancouver_1012a71e-9743-4f6a-b37e-aa63f9e9f055,1012a71e-9743-4f6a-b37e-aa63f9e9f055,49.256845,-123.120071,1,FALSE,FALSE,20400,0130,1783361838,2026-07-06T18:18:01Z,2026-07-06T18:18:01Z,2026-07-06T18:17:16Z,2.2,https://gbfs.kappa.fifteen.eu/gbfs/2.2/mobi/en/gbfs.json,https://gbfs.kappa.fifteen.eu/gbfs/2.2/mobi/en/free_bike_status.json,2026-07-06T18:18:00Z,2026-07-06T18:18:00Z
mobi_vancouver,mobi_vancouver_f75198c9-0524-4aaf-840a-7a76ba5dfa08,f75198c9-0524-4aaf-840a-7a76ba5dfa08,49.268339,-123.157443,1,FALSE,FALSE,20400,0159,1783361838,2026-07-06T18:18:01Z,2026-07-06T18:18:01Z,2026-07-06T18:17:16Z,2.2,https://gbfs.kappa.fifteen.eu/gbfs/2.2/mobi/en/gbfs.json,https://gbfs.kappa.fifteen.eu/gbfs/2.2/mobi/en/free_bike_status.json,2026-07-06T18:18:00Z,2026-07-06T18:18:00Z
mobi_vancouver,mobi_vancouver_5ec2da02-8128-400b-b16f-bc5d87812b5d,5ec2da02-8128-400b-b16f-bc5d87812b5d,49.282758,-123.122092,1,FALSE,FALSE,20400,0019,1783361838,2026-07-06T18:18:01Z,2026-07-06T18:18:01Z,2026-07-06T18:17:16Z,2.2,https://gbfs.kappa.fifteen.eu/gbfs/2.2/mobi/en/gbfs.json,https://gbfs.kappa.fifteen.eu/gbfs/2.2/mobi/en/free_bike_status.json,2026-07-06T18:18:00Z,2026-07-06T18:18:00Z
mobi_vancouver,mobi_vancouver_1f201b1b-e9af-4d37-9a73-99d203403b1d,1f201b1b-e9af-4d37-9a73-99d203403b1d,49.262206,-123.109091,1,FALSE,FALSE,20400,0172,1783361838,2026-07-06T18:18:01Z,2026-07-06T18:18:01Z,2026-07-06T18:17:16Z,2.2,https://gbfs.kappa.fifteen.eu/gbfs/2.2/mobi/en/gbfs.json,https://gbfs.kappa.fifteen.eu/gbfs/2.2/mobi/en/free_bike_status.json,2026-07-06T18:18:00Z,2026-07-06T18:18:00Z
mobi_vancouver,mobi_vancouver_9b0ea68d-52ad-40eb-9914-812b70cfe2b6,9b0ea68d-52ad-40eb-9914-812b70cfe2b6,49.277178,-123.13,1,FALSE,FALSE,20400,0196,1783361838,2026-07-06T18:18:01Z,2026-07-06T18:18:01Z,2026-07-06T18:17:16Z,2.2,https://gbfs.kappa.fifteen.eu/gbfs/2.2/mobi/en/gbfs.json,https://gbfs.kappa.fifteen.eu/gbfs/2.2/mobi/en/free_bike_status.json,2026-07-06T18:18:00Z,2026-07-06T18:18:00Z
mobi_vancouver,mobi_vancouver_56dd36f9-9c82-4c65-ba4c-020193520139,56dd36f9-9c82-4c65-ba4c-020193520139,49.271741,-123.155421,1,FALSE,FALSE,20400,0204,1783361838,2026-07-06T18:18:01Z,2026-07-06T18:18:01Z,2026-07-06T18:17:16Z,2.2,https://gbfs.kappa.fifteen.eu/gbfs/2.2/mobi/en/gbfs.json,https://gbfs.kappa.fifteen.eu/gbfs/2.2/mobi/en/free_bike_status.json,2026-07-06T18:18:00Z,2026-07-06T18:18:00Z
mobi_vancouver,mobi_vancouver_8601ddd6-0813-4d49-b838-b29b6e23a565,8601ddd6-0813-4d49-b838-b29b6e23a565,49.268216,-123.103168,1,FALSE,FALSE,20400,0119,1783361838,2026-07-06T18:18:01Z,2026-07-06T18:18:01Z,2026-07-06T18:17:16Z,2.2,https://gbfs.kappa.fifteen.eu/gbfs/2.2/mobi/en/gbfs.json,https://gbfs.kappa.fifteen.eu/gbfs/2.2/mobi/en/free_bike_status.json,2026-07-06T18:18:00Z,2026-07-06T18:18:00Z
mobi_vancouver,mobi_vancouver_4f75faee-8aac-459a-bf85-a26cc4bff910,4f75faee-8aac-459a-bf85-a26cc4bff910,49.29534,-123.150433,1,FALSE,FALSE,20400,0102,1783361838,2026-07-06T18:18:01Z,2026-07-06T18:18:01Z,2026-07-06T18:17:16Z,2.2,https://gbfs.kappa.fifteen.eu/gbfs/2.2/mobi/en/gbfs.json,https://gbfs.kappa.fifteen.eu/gbfs/2.2/mobi/en/free_bike_status.json,2026-07-06T18:18:00Z,2026-07-06T18:18:00Z
mobi_vancouver,mobi_vancouver_50a5b09c-069b-4676-b6a5-65de6733089a,50a5b09c-069b-4676-b6a5-65de6733089a,49.29534,-123.150433,1,FALSE,FALSE,20400,0102,1783361838,2026-07-06T18:18:01Z,2026-07-06T18:18:01Z,2026-07-06T18:17:16Z,2.2,https://gbfs.kappa.fifteen.eu/gbfs/2.2/mobi/en/gbfs.json,https://gbfs.kappa.fifteen.eu/gbfs/2.2/mobi/en/free_bike_status.json,2026-07-06T18:18:00Z,2026-07-06T18:18:00Z
mobi_vancouver,mobi_vancouver_ccce8241-17e3-4a45-bcfa-920eb3dccbc3,ccce8241-17e3-4a45-bcfa-920eb3dccbc3,49.266456,-123.100324,1,FALSE,FALSE,20400,0198,1783361838,2026-07-06T18:18:01Z,2026-07-06T18:18:01Z,2026-07-06T18:17:16Z,2.2,https://gbfs.kappa.fifteen.eu/gbfs/2.2/mobi/en/gbfs.json,https://gbfs.kappa.fifteen.eu/gbfs/2.2/mobi/en/free_bike_status.json,2026-07-06T18:18:00Z,2026-07-06T18:18:00Z
mobi_vancouver,mobi_vancouver_e77e7e6f-e0bb-4c96-b0fd-a3e8c2b716b8,e77e7e6f-e0bb-4c96-b0fd-a3e8c2b716b8,49.266456,-123.100324,1,FALSE,FALSE,20400,0198,1783361838,2026-07-06T18:18:01Z,2026-07-06T18:18:01Z,2026-07-06T18:17:16Z,2.2,https://gbfs.kappa.fifteen.eu/gbfs/2.2/mobi/en/gbfs.json,https://gbfs.kappa.fifteen.eu/gbfs/2.2/mobi/en/free_bike_status.json,2026-07-06T18:18:00Z,2026-07-06T18:18:00Z
mobi_vancouver,mobi_vancouver_a204955a-688f-4942-b148-aaea673f5c86,a204955a-688f-4942-b148-aaea673f5c86,49.266774,-123.141135,1,FALSE,FALSE,20400,0153,1783361838,2026-07-06T18:18:01Z,2026-07-06T18:18:01Z,2026-07-06T18:17:16Z,2.2,https://gbfs.kappa.fifteen.eu/gbfs/2.2/mobi/en/gbfs.json,https://gbfs.kappa.fifteen.eu/gbfs/2.2/mobi/en/free_bike_status.json,2026-07-06T18:18:00Z,2026-07-06T18:18:00Z
mobi_vancouver,mobi_vancouver_67ee6fff-0851-48c6-ae4b-6dfee2226357,67ee6fff-0851-48c6-ae4b-6dfee2226357,49.266774,-123.141135,1,FALSE,FALSE,20400,0153,1783361838,2026-07-06T18:18:01Z,2026-07-06T18:18:01Z,2026-07-06T18:17:16Z,2.2,https://gbfs.kappa.fifteen.eu/gbfs/2.2/mobi/en/gbfs.json,https://gbfs.kappa.fifteen.eu/gbfs/2.2/mobi/en/free_bike_status.json,2026-07-06T18:18:00Z,2026-07-06T18:18:00Z
mobi_vancouver,mobi_vancouver_12277ec6-6761-406f-bbbd-bbaeebf6eb07,12277ec6-6761-406f-bbbd-bbaeebf6eb07,49.262321,-123.09306,1,FALSE,FALSE,20400,0248,1783361838,2026-07-06T18:18:01Z,2026-07-06T18:18:01Z,2026-07-06T18:17:16Z,2.2,https://gbfs.kappa.fifteen.eu/gbfs/2.2/mobi/en/gbfs.json,https://gbfs.kappa.fifteen.eu/gbfs/2.2/mobi/en/free_bike_status.json,2026-07-06T18:18:00Z,2026-07-06T18:18:00Z
mobi_vancouver,mobi_vancouver_f404fda0-14a3-450b-8ffa-e5d96786ee4e,f404fda0-14a3-450b-8ffa-e5d96786ee4e,49.263242,-123.070521,1,FALSE,FALSE,20400,0242,1783361838,2026-07-06T18:18:01Z,2026-07-06T18:18:01Z,2026-07-06T18:17:16Z,2.2,https://gbfs.kappa.fifteen.eu/gbfs/2.2/mobi/en/gbfs.json,https://gbfs.kappa.fifteen.eu/gbfs/2.2/mobi/en/free_bike_status.json,2026-07-06T18:18:00Z,2026-07-06T18:18:00Z
mobi_vancouver,mobi_vancouver_8683f79d-cdfa-41e7-8bab-a5aa73dde962,8683f79d-cdfa-41e7-8bab-a5aa73dde962,49.274881,-123.069323,1,FALSE,FALSE,20400,0231,1783361838,2026-07-06T18:18:01Z,2026-07-06T18:18:01Z,2026-07-06T18:17:16Z,2.2,https://gbfs.kappa.fifteen.eu/gbfs/2.2/mobi/en/gbfs.json,https://gbfs.kappa.fifteen.eu/gbfs/2.2/mobi/en/free_bike_status.json,2026-07-06T18:18:00Z,2026-07-06T18:18:00Z
mobi_vancouver,mobi_vancouver_45ec7b1b-1cc8-432d-9932-eb040daf10e0,45ec7b1b-1cc8-432d-9932-eb040daf10e0,49.287782,-123.12395,1,FALSE,FALSE,20400,0190,1783361838,2026-07-06T18:18:01Z,2026-07-06T18:18:01Z,2026-07-06T18:17:16Z,2.2,https://gbfs.kappa.fifteen.eu/gbfs/2.2/mobi/en/gbfs.json,https://gbfs.kappa.fifteen.eu/gbfs/2.2/mobi/en/free_bike_status.json,2026-07-06T18:18:00Z,2026-07-06T18:18:00Z
mobi_vancouver,mobi_vancouver_aebd98d1-498d-4a55-bdb7-0bdf01732bd7,aebd98d1-498d-4a55-bdb7-0bdf01732bd7,49.283992,-123.091206,1,FALSE,FALSE,20400,0230,1783361838,2026-07-06T18:18:01Z,2026-07-06T18:18:01Z,2026-07-06T18:17:16Z,2.2,https://gbfs.kappa.fifteen.eu/gbfs/2.2/mobi/en/gbfs.json,https://gbfs.kappa.fifteen.eu/gbfs/2.2/mobi/en/free_bike_status.json,2026-07-06T18:18:00Z,2026-07-06T18:18:00Z
mobi_vancouver,mobi_vancouver_fd5dd0ce-5eaf-41ca-a035-2ba2a06c4cc5,fd5dd0ce-5eaf-41ca-a035-2ba2a06c4cc5,49.263382,-123.088837,1,FALSE,FALSE,20400,0261,1783361838,2026-07-06T18:18:01Z,2026-07-06T18:18:01Z,2026-07-06T18:17:16Z,2.2,https://gbfs.kappa.fifteen.eu/gbfs/2.2/mobi/en/gbfs.json,https://gbfs.kappa.fifteen.eu/gbfs/2.2/mobi/en/free_bike_status.json,2026-07-06T18:18:00Z,2026-07-06T18:18:00Z
mobi_vancouver,mobi_vancouver_b897d774-a49a-463b-9e44-8a76c4ce54bf,b897d774-a49a-463b-9e44-8a76c4ce54bf,49.263382,-123.088837,1,FALSE,FALSE,20400,0261,1783361838,2026-07-06T18:18:01Z,2026-07-06T18:18:01Z,2026-07-06T18:17:16Z,2.2,https://gbfs.kappa.fifteen.eu/gbfs/2.2/mobi/en/gbfs.json,https://gbfs.kappa.fifteen.eu/gbfs/2.2/mobi/en/free_bike_status.json,2026-07-06T18:18:00Z,2026-07-06T18:18:00Z
mobi_vancouver,mobi_vancouver_44f6dce9-b5f2-40b0-9627-0985e264901e,44f6dce9-b5f2-40b0-9627-0985e264901e,49.256496,-123.075426,1,FALSE,FALSE,20400,0283,1783361838,2026-07-06T18:18:01Z,2026-07-06T18:18:01Z,2026-07-06T18:17:16Z,2.2,https://gbfs.kappa.fifteen.eu/gbfs/2.2/mobi/en/gbfs.json,https://gbfs.kappa.fifteen.eu/gbfs/2.2/mobi/en/free_bike_status.json,2026-07-06T18:18:00Z,2026-07-06T18:18:00Z
mobi_vancouver,mobi_vancouver_49ab9393-5441-4163-985b-3d39a873cc2d,49ab9393-5441-4163-985b-3d39a873cc2d,49.258761,-123.127071,1,FALSE,FALSE,20400,0202,1783361838,2026-07-06T18:18:01Z,2026-07-06T18:18:01Z,2026-07-06T18:17:16Z,2.2,https://gbfs.kappa.fifteen.eu/gbfs/2.2/mobi/en/gbfs.json,https://gbfs.kappa.fifteen.eu/gbfs/2.2/mobi/en/free_bike_status.json,2026-07-06T18:18:00Z,2026-07-06T18:18:00Z
mobi_vancouver,mobi_vancouver_76255933-65aa-41a6-a2e5-4c22890bc63b,76255933-65aa-41a6-a2e5-4c22890bc63b,49.267266,-123.090786,1,FALSE,FALSE,20400,0287,1783361838,2026-07-06T18:18:01Z,2026-07-06T18:18:01Z,2026-07-06T18:17:16Z,2.2,https://gbfs.kappa.fifteen.eu/gbfs/2.2/mobi/en/gbfs.json,https://gbfs.kappa.fifteen.eu/gbfs/2.2/mobi/en/free_bike_status.json,2026-07-06T18:18:00Z,2026-07-06T18:18:00Z
mobi_vancouver,mobi_vancouver_1b284ae0-62d9-49c4-b09c-f2d1451b4897,1b284ae0-62d9-49c4-b09c-f2d1451b4897,49.267266,-123.090786,1,FALSE,FALSE,20400,0287,1783361838,2026-07-06T18:18:01Z,2026-07-06T18:18:01Z,2026-07-06T18:17:16Z,2.2,https://gbfs.kappa.fifteen.eu/gbfs/2.2/mobi/en/gbfs.json,https://gbfs.kappa.fifteen.eu/gbfs/2.2/mobi/en/free_bike_status.json,2026-07-06T18:18:00Z,2026-07-06T18:18:00Z
mobi_vancouver,mobi_vancouver_78b52867-4f8f-4bd2-a988-e8b25e4e0108,78b52867-4f8f-4bd2-a988-e8b25e4e0108,49.280332,-123.070068,1,FALSE,FALSE,20400,0224,1783361838,2026-07-06T18:18:01Z,2026-07-06T18:18:01Z,2026-07-06T18:17:16Z,2.2,https://gbfs.kappa.fifteen.eu/gbfs/2.2/mobi/en/gbfs.json,https://gbfs.kappa.fifteen.eu/gbfs/2.2/mobi/en/free_bike_status.json,2026-07-06T18:18:00Z,2026-07-06T18:18:00Z
mobi_vancouver,mobi_vancouver_d2f78ea5-1116-42e4-a22f-b9f7741286f8,d2f78ea5-1116-42e4-a22f-b9f7741286f8,49.257985,-123.083366,1,FALSE,FALSE,20400,0281,1783361838,2026-07-06T18:18:01Z,2026-07-06T18:18:01Z,2026-07-06T18:17:16Z,2.2,https://gbfs.kappa.fifteen.eu/gbfs/2.2/mobi/en/gbfs.json,https://gbfs.kappa.fifteen.eu/gbfs/2.2/mobi/en/free_bike_status.json,2026-07-06T18:18:00Z,2026-07-06T18:18:00Z
mobi_vancouver,mobi_vancouver_ca457dda-71e1-4b8a-9bcc-df54941b8ef8,ca457dda-71e1-4b8a-9bcc-df54941b8ef8,49.277615,-123.091654,1,FALSE,FALSE,20400,0215,1783361838,2026-07-06T18:18:01Z,2026-07-06T18:18:01Z,2026-07-06T18:17:16Z,2.2,https://gbfs.kappa.fifteen.eu/gbfs/2.2/mobi/en/gbfs.json,https://gbfs.kappa.fifteen.eu/gbfs/2.2/mobi/en/free_bike_status.json,2026-07-06T18:18:00Z,2026-07-06T18:18:00Z
mobi_vancouver,mobi_vancouver_17a79a49-9f3e-4e20-92a6-c41ca5eedd91,17a79a49-9f3e-4e20-92a6-c41ca5eedd91,49.284893,-123.128685,1,FALSE,FALSE,20400,0300,1783361838,2026-07-06T18:18:01Z,2026-07-06T18:18:01Z,2026-07-06T18:17:16Z,2.2,https://gbfs.kappa.fifteen.eu/gbfs/2.2/mobi/en/gbfs.json,https://gbfs.kappa.fifteen.eu/gbfs/2.2/mobi/en/free_bike_status.json,2026-07-06T18:18:00Z,2026-07-06T18:18:00Z
mobi_vancouver,mobi_vancouver_7a7e90fd-d0a8-41f6-9b22-bd7d959a061b,7a7e90fd-d0a8-41f6-9b22-bd7d959a061b,49.284893,-123.128685,1,FALSE,FALSE,20400,0300,1783361838,2026-07-06T18:18:01Z,2026-07-06T18:18:01Z,2026-07-06T18:17:16Z,2.2,https://gbfs.kappa.fifteen.eu/gbfs/2.2/mobi/en/gbfs.json,https://gbfs.kappa.fifteen.eu/gbfs/2.2/mobi/en/free_bike_status.json,2026-07-06T18:18:00Z,2026-07-06T18:18:00Z
mobi_vancouver,mobi_vancouver_5efe9787-71b2-4354-b231-dad12fb42882,5efe9787-71b2-4354-b231-dad12fb42882,49.27029,-123.135025,1,FALSE,FALSE,20400,0189,1783361838,2026-07-06T18:18:01Z,2026-07-06T18:18:01Z,2026-07-06T18:17:16Z,2.2,https://gbfs.kappa.fifteen.eu/gbfs/2.2/mobi/en/gbfs.json,https://gbfs.kappa.fifteen.eu/gbfs/2.2/mobi/en/free_bike_status.json,2026-07-06T18:18:00Z,2026-07-06T18:18:00Z
mobi_vancouver,mobi_vancouver_aab447b6-529b-4ef9-8712-c6cdaacd2fc0,aab447b6-529b-4ef9-8712-c6cdaacd2fc0,49.285871,-123.12105,1,FALSE,FALSE,20400,0122,1783361838,2026-07-06T18:18:01Z,2026-07-06T18:18:01Z,2026-07-06T18:17:16Z,2.2,https://gbfs.kappa.fifteen.eu/gbfs/2.2/mobi/en/gbfs.json,https://gbfs.kappa.fifteen.eu/gbfs/2.2/mobi/en/free_bike_status.json,2026-07-06T18:18:00Z,2026-07-06T18:18:00Z
mobi_vancouver,mobi_vancouver_faf4ba96-aa7f-4fea-a834-3fa0a8979c54,faf4ba96-aa7f-4fea-a834-3fa0a8979c54,49.286646,-123.129232,1,FALSE,FALSE,20400,0310,1783361838,2026-07-06T18:18:01Z,2026-07-06T18:18:01Z,2026-07-06T18:17:16Z,2.2,https://gbfs.kappa.fifteen.eu/gbfs/2.2/mobi/en/gbfs.json,https://gbfs.kappa.fifteen.eu/gbfs/2.2/mobi/en/free_bike_status.json,2026-07-06T18:18:00Z,2026-07-06T18:18:00Z
mobi_vancouver,mobi_vancouver_d43c2a06-3a16-4935-b7b3-f10513a7fc32,d43c2a06-3a16-4935-b7b3-f10513a7fc32,49.27247,-123.185643,1,FALSE,FALSE,20400,0410,1783361838,2026-07-06T18:18:01Z,2026-07-06T18:18:01Z,2026-07-06T18:17:16Z,2.2,https://gbfs.kappa.fifteen.eu/gbfs/2.2/mobi/en/gbfs.json,https://gbfs.kappa.fifteen.eu/gbfs/2.2/mobi/en/free_bike_status.json,2026-07-06T18:18:00Z,2026-07-06T18:18:00Z
mobi_vancouver,mobi_vancouver_4412d8c9-e30c-443b-80ed-fd5bce8fde13,4412d8c9-e30c-443b-80ed-fd5bce8fde13,49.264483,-123.173926,1,FALSE,FALSE,20400,0444,1783361838,2026-07-06T18:18:01Z,2026-07-06T18:18:01Z,2026-07-06T18:17:16Z,2.2,https://gbfs.kappa.fifteen.eu/gbfs/2.2/mobi/en/gbfs.json,https://gbfs.kappa.fifteen.eu/gbfs/2.2/mobi/en/free_bike_status.json,2026-07-06T18:18:00Z,2026-07-06T18:18:00Z
mobi_vancouver,mobi_vancouver_ffe802d5-432c-41ff-afa2-b2268a19a977,ffe802d5-432c-41ff-afa2-b2268a19a977,49.264928,-123.168068,1,FALSE,FALSE,20400,0452,1783361838,2026-07-06T18:18:01Z,2026-07-06T18:18:01Z,2026-07-06T18:17:16Z,2.2,https://gbfs.kappa.fifteen.eu/gbfs/2.2/mobi/en/gbfs.json,https://gbfs.kappa.fifteen.eu/gbfs/2.2/mobi/en/free_bike_status.json,2026-07-06T18:18:00Z,2026-07-06T18:18:00Z
mobi_vancouver,mobi_vancouver_a2cb0ade-38c4-4fe7-bd06-b5c3359ed7e9,a2cb0ade-38c4-4fe7-bd06-b5c3359ed7e9,49.273011,-123.159663,1,FALSE,FALSE,20400,0470,1783361838,2026-07-06T18:18:01Z,2026-07-06T18:18:01Z,2026-07-06T18:17:16Z,2.2,https://gbfs.kappa.fifteen.eu/gbfs/2.2/mobi/en/gbfs.json,https://gbfs.kappa.fifteen.eu/gbfs/2.2/mobi/en/free_bike_status.json,2026-07-06T18:18:00Z,2026-07-06T18:18:00Z
mobi_vancouver,mobi_vancouver_e1d66226-dfee-4c0e-9b23-aaa2285c5061,e1d66226-dfee-4c0e-9b23-aaa2285c5061,49.266636,-123.183661,1,FALSE,FALSE,20400,0414,1783361838,2026-07-06T18:18:01Z,2026-07-06T18:18:01Z,2026-07-06T18:17:16Z,2.2,https://gbfs.kappa.fifteen.eu/gbfs/2.2/mobi/en/gbfs.json,https://gbfs.kappa.fifteen.eu/gbfs/2.2/mobi/en/free_bike_status.json,2026-07-06T18:18:00Z,2026-07-06T18:18:00Z
mobi_vancouver,mobi_vancouver_1b285e20-1e7d-4634-82d4-e8c0949e4a21,1b285e20-1e7d-4634-82d4-e8c0949e4a21,49.246243,-123.124373,1,FALSE,FALSE,20400,0505,1783361838,2026-07-06T18:18:01Z,2026-07-06T18:18:01Z,2026-07-06T18:17:16Z,2.2,https://gbfs.kappa.fifteen.eu/gbfs/2.2/mobi/en/gbfs.json,https://gbfs.kappa.fifteen.eu/gbfs/2.2/mobi/en/free_bike_status.json,2026-07-06T18:18:00Z,2026-07-06T18:18:00Z
mobi_vancouver,mobi_vancouver_61eddbf1-dfb7-43e3-a58f-9c63049a0e00,61eddbf1-dfb7-43e3-a58f-9c63049a0e00,49.283968,-123.061615,1,FALSE,FALSE,20400,0631,1783361838,2026-07-06T18:18:01Z,2026-07-06T18:18:01Z,2026-07-06T18:17:16Z,2.2,https://gbfs.kappa.fifteen.eu/gbfs/2.2/mobi/en/gbfs.json,https://gbfs.kappa.fifteen.eu/gbfs/2.2/mobi/en/free_bike_status.json,2026-07-06T18:18:00Z,2026-07-06T18:18:00Z
mobi_vancouver,mobi_vancouver_b8096d61-d0e1-41f3-9631-2558d577cbae,b8096d61-d0e1-41f3-9631-2558d577cbae,49.287464,-123.060771,1,FALSE,FALSE,20400,0611,1783361838,2026-07-06T18:18:01Z,2026-07-06T18:18:01Z,2026-07-06T18:17:16Z,2.2,https://gbfs.kappa.fifteen.eu/gbfs/2.2/mobi/en/gbfs.json,https://gbfs.kappa.fifteen.eu/gbfs/2.2/mobi/en/free_bike_status.json,2026-07-06T18:18:00Z,2026-07-06T18:18:00Z
mobi_vancouver,mobi_vancouver_d4101bae-50be-47a0-b154-fb9a2680c1c5,d4101bae-50be-47a0-b154-fb9a2680c1c5,49.251358,-123.115637,1,FALSE,FALSE,20400,0532,1783361838,2026-07-06T18:18:01Z,2026-07-06T18:18:01Z,2026-07-06T18:17:16Z,2.2,https://gbfs.kappa.fifteen.eu/gbfs/2.2/mobi/en/gbfs.json,https://gbfs.kappa.fifteen.eu/gbfs/2.2/mobi/en/free_bike_status.json,2026-07-06T18:18:00Z,2026-07-06T18:18:00Z
mobi_vancouver,mobi_vancouver_b7c5ad9e-12f3-4e54-9e9e-1724b3f08245,b7c5ad9e-12f3-4e54-9e9e-1724b3f08245,49.25094,-123.101306,1,FALSE,FALSE,20400,0563,1783361838,2026-07-06T18:18:01Z,2026-07-06T18:18:01Z,2026-07-06T18:17:16Z,2.2,https://gbfs.kappa.fifteen.eu/gbfs/2.2/mobi/en/gbfs.json,https://gbfs.kappa.fifteen.eu/gbfs/2.2/mobi/en/free_bike_status.json,2026-07-06T18:18:00Z,2026-07-06T18:18:00Z
mobi_vancouver,mobi_vancouver_7b282748-ba72-4e28-9319-b49d33216620,7b282748-ba72-4e28-9319-b49d33216620,49.263073,-123.254307,1,FALSE,FALSE,20400,2114,1783361838,2026-07-06T18:18:01Z,2026-07-06T18:18:01Z,2026-07-06T18:17:16Z,2.2,https://gbfs.kappa.fifteen.eu/gbfs/2.2/mobi/en/gbfs.json,https://gbfs.kappa.fifteen.eu/gbfs/2.2/mobi/en/free_bike_status.json,2026-07-06T18:18:00Z,2026-07-06T18:18:00Z
mobi_vancouver,mobi_vancouver_7bd846ad-b704-489d-b920-4f126f315929,7bd846ad-b704-489d-b920-4f126f315929,49.261655,-123.241924,1,FALSE,FALSE,20400,2157,1783361838,2026-07-06T18:18:01Z,2026-07-06T18:18:01Z,2026-07-06T18:17:16Z,2.2,https://gbfs.kappa.fifteen.eu/gbfs/2.2/mobi/en/gbfs.json,https://gbfs.kappa.fifteen.eu/gbfs/2.2/mobi/en/free_bike_status.json,2026-07-06T18:18:00Z,2026-07-06T18:18:00Z
mobi_vancouver,mobi_vancouver_56a20fd0-0d51-48e5-8dba-7dfe79260755,56a20fd0-0d51-48e5-8dba-7dfe79260755,49.261736,-123.24648,1,FALSE,FALSE,20400,2136,1783361838,2026-07-06T18:18:01Z,2026-07-06T18:18:01Z,2026-07-06T18:17:16Z,2.2,https://gbfs.kappa.fifteen.eu/gbfs/2.2/mobi/en/gbfs.json,https://gbfs.kappa.fifteen.eu/gbfs/2.2/mobi/en/free_bike_status.json,2026-07-06T18:18:00Z,2026-07-06T18:18:00Z
mobi_vancouver,mobi_vancouver_6ecaf6e1-f309-4745-a0aa-c267dfe838c8,6ecaf6e1-f309-4745-a0aa-c267dfe838c8,49.293264,-123.132861,1,FALSE,FALSE,20400,0181,1783361838,2026-07-06T18:18:01Z,2026-07-06T18:18:01Z,2026-07-06T18:17:16Z,2.2,https://gbfs.kappa.fifteen.eu/gbfs/2.2/mobi/en/gbfs.json,https://gbfs.kappa.fifteen.eu/gbfs/2.2/mobi/en/free_bike_status.json,2026-07-06T18:18:00Z,2026-07-06T18:18:00Z
mobi_vancouver,mobi_vancouver_8cdcbb43-e1c2-4375-b513-f626fe2a1b7b,8cdcbb43-e1c2-4375-b513-f626fe2a1b7b,49.25976,-123.2479,1,FALSE,FALSE,20400,2127,1783361838,2026-07-06T18:18:01Z,2026-07-06T18:18:01Z,2026-07-06T18:17:16Z,2.2,https://gbfs.kappa.fifteen.eu/gbfs/2.2/mobi/en/gbfs.json,https://gbfs.kappa.fifteen.eu/gbfs/2.2/mobi/en/free_bike_status.json,2026-07-06T18:18:00Z,2026-07-06T18:18:00Z
mobi_vancouver,mobi_vancouver_de17b09f-248e-4515-bf9d-71413064a189,de17b09f-248e-4515-bf9d-71413064a189,49.2585,-123.2521,1,FALSE,FALSE,20400,2117,1783361838,2026-07-06T18:18:01Z,2026-07-06T18:18:01Z,2026-07-06T18:17:16Z,2.2,https://gbfs.kappa.fifteen.eu/gbfs/2.2/mobi/en/gbfs.json,https://gbfs.kappa.fifteen.eu/gbfs/2.2/mobi/en/free_bike_status.json,2026-07-06T18:18:00Z,2026-07-06T18:18:00Z
mobi_vancouver,mobi_vancouver_e63ee1bb-f37c-44d8-9acd-f89322e35272,e63ee1bb-f37c-44d8-9acd-f89322e35272,49.26213,-123.11989,1,FALSE,FALSE,20400,0121,1783361838,2026-07-06T18:18:01Z,2026-07-06T18:18:01Z,2026-07-06T18:17:16Z,2.2,https://gbfs.kappa.fifteen.eu/gbfs/2.2/mobi/en/gbfs.json,https://gbfs.kappa.fifteen.eu/gbfs/2.2/mobi/en/free_bike_status.json,2026-07-06T18:18:00Z,2026-07-06T18:18:00Z
mobi_vancouver,mobi_vancouver_dcbbbe19-d454-47e0-90ec-2a43d6be7621,dcbbbe19-d454-47e0-90ec-2a43d6be7621,49.262487,-123.114397,1,FALSE,FALSE,20800,0001,1783361838,2026-07-06T18:18:01Z,2026-07-06T18:18:01Z,2026-07-06T18:17:16Z,2.2,https://gbfs.kappa.fifteen.eu/gbfs/2.2/mobi/en/gbfs.json,https://gbfs.kappa.fifteen.eu/gbfs/2.2/mobi/en/free_bike_status.json,2026-07-06T18:18:00Z,2026-07-06T18:18:00Z
mobi_vancouver,mobi_vancouver_57d45cb5-4ec7-46cd-8c58-f552a5729d64,57d45cb5-4ec7-46cd-8c58-f552a5729d64,49.28602,-123.116624,1,FALSE,FALSE,20800,0024,1783361838,2026-07-06T18:18:01Z,2026-07-06T18:18:01Z,2026-07-06T18:17:16Z,2.2,https://gbfs.kappa.fifteen.eu/gbfs/2.2/mobi/en/gbfs.json,https://gbfs.kappa.fifteen.eu/gbfs/2.2/mobi/en/free_bike_status.json,2026-07-06T18:18:00Z,2026-07-06T18:18:00Z
mobi_vancouver,mobi_vancouver_ee020ec7-97a3-4b68-a9eb-f60e6ec83ec8,ee020ec7-97a3-4b68-a9eb-f60e6ec83ec8,49.288444,-123.139203,1,FALSE,FALSE,20800,0032,1783361838,2026-07-06T18:18:01Z,2026-07-06T18:18:01Z,2026-07-06T18:17:16Z,2.2,https://gbfs.kappa.fifteen.eu/gbfs/2.2/mobi/en/gbfs.json,https://gbfs.kappa.fifteen.eu/gbfs/2.2/mobi/en/free_bike_status.json,2026-07-06T18:18:00Z,2026-07-06T18:18:00Z
mobi_vancouver,mobi_vancouver_d532f617-f797-4aac-b8df-82bfba79407c,d532f617-f797-4aac-b8df-82bfba79407c,49.28062,-123.12482,1,FALSE,FALSE,20800,0037,1783361838,2026-07-06T18:18:01Z,2026-07-06T18:18:01Z,2026-07-06T18:17:16Z,2.2,https://gbfs.kappa.fifteen.eu/gbfs/2.2/mobi/en/gbfs.json,https://gbfs.kappa.fifteen.eu/gbfs/2.2/mobi/en/free_bike_status.json,2026-07-06T18:18:00Z,2026-07-06T18:18:00Z
mobi_vancouver,mobi_vancouver_c43088df-4a94-4914-bf4c-19055bf410d0,c43088df-4a94-4914-bf4c-19055bf410d0,49.279259,-123.119145,1,FALSE,FALSE,20800,0058,1783361838,2026-07-06T18:18:01Z,2026-07-06T18:18:01Z,2026-07-06T18:17:16Z,2.2,https://gbfs.kappa.fifteen.eu/gbfs/2.2/mobi/en/gbfs.json,https://gbfs.kappa.fifteen.eu/gbfs/2.2/mobi/en/free_bike_status.json,2026-07-06T18:18:00Z,2026-07-06T18:18:00Z
mobi_vancouver,mobi_vancouver_607e49ab-d244-4ab7-8478-b302858d8f7c,607e49ab-d244-4ab7-8478-b302858d8f7c,49.283343,-123.131099,1,FALSE,FALSE,20800,0050,1783361838,2026-07-06T18:18:01Z,2026-07-06T18:18:01Z,2026-07-06T18:17:16Z,2.2,https://gbfs.kappa.fifteen.eu/gbfs/2.2/mobi/en/gbfs.json,https://gbfs.kappa.fifteen.eu/gbfs/2.2/mobi/en/free_bike_status.json,2026-07-06T18:18:00Z,2026-07-06T18:18:00Z
mobi_vancouver,mobi_vancouver_6743f5ac-4dd1-400c-baed-7364dfa7fe4f,6743f5ac-4dd1-400c-baed-7364dfa7fe4f,49.280216,-123.117639,1,FALSE,FALSE,20800,0129,1783361838,2026-07-06T18:18:01Z,2026-07-06T18:18:01Z,2026-07-06T18:17:16Z,2.2,https://gbfs.kappa.fifteen.eu/gbfs/2.2/mobi/en/gbfs.json,https://gbfs.kappa.fifteen.eu/gbfs/2.2/mobi/en/free_bike_status.json,2026-07-06T18:18:00Z,2026-07-06T18:18:00Z
mobi_vancouver,mobi_vancouver_552fb16c-5ff4-443d-b2be-27cd0dbc81c8,552fb16c-5ff4-443d-b2be-27cd0dbc81c8,49.27821,-123.136972,1,FALSE,FALSE,20800,0028,1783361838,2026-07-06T18:18:01Z,2026-07-06T18:18:01Z,2026-07-06T18:17:16Z,2.2,https://gbfs.kappa.fifteen.eu/gbfs/2.2/mobi/en/gbfs.json,https://gbfs.kappa.fifteen.eu/gbfs/2.2/mobi/en/free_bike_status.json,2026-07-06T18:18:00Z,2026-07-06T18:18:00Z
mobi_vancouver,mobi_vancouver_e4a1c052-4ee5-4777-bc68-6b816ff7c0e2,e4a1c052-4ee5-4777-bc68-6b816ff7c0e2,49.258763,-123.115392,1,FALSE,FALSE,20800,0072,1783361838,2026-07-06T18:18:01Z,2026-07-06T18:18:01Z,2026-07-06T18:17:16Z,2.2,https://gbfs.kappa.fifteen.eu/gbfs/2.2/mobi/en/gbfs.json,https://gbfs.kappa.fifteen.eu/gbfs/2.2/mobi/en/free_bike_status.json,2026-07-06T18:18:00Z,2026-07-06T18:18:00Z
mobi_vancouver,mobi_vancouver_ca936291-58d7-4357-a18f-b604ac296037,ca936291-58d7-4357-a18f-b604ac296037,49.275717,-123.142564,1,FALSE,FALSE,20800,0077,1783361838,2026-07-06T18:18:01Z,2026-07-06T18:18:01Z,2026-07-06T18:17:16Z,2.2,https://gbfs.kappa.fifteen.eu/gbfs/2.2/mobi/en/gbfs.json,https://gbfs.kappa.fifteen.eu/gbfs/2.2/mobi/en/free_bike_status.json,2026-07-06T18:18:00Z,2026-07-06T18:18:00Z
mobi_vancouver,mobi_vancouver_350a1578-24f4-46af-b82c-d8ceae9942a1,350a1578-24f4-46af-b82c-d8ceae9942a1,49.275717,-123.142564,1,FALSE,FALSE,20800,0077,1783361838,2026-07-06T18:18:01Z,2026-07-06T18:18:01Z,2026-07-06T18:17:16Z,2.2,https://gbfs.kappa.fifteen.eu/gbfs/2.2/mobi/en/gbfs.json,https://gbfs.kappa.fifteen.eu/gbfs/2.2/mobi/en/free_bike_status.json,2026-07-06T18:18:00Z,2026-07-06T18:18:00Z
mobi_vancouver,mobi_vancouver_a7615f10-84f3-4e09-93b0-b349f833358d,a7615f10-84f3-4e09-93b0-b349f833358d,49.2756,-123.102661,1,FALSE,FALSE,20800,0148,1783361838,2026-07-06T18:18:01Z,2026-07-06T18:18:01Z,2026-07-06T18:17:16Z,2.2,https://gbfs.kappa.fifteen.eu/gbfs/2.2/mobi/en/gbfs.json,https://gbfs.kappa.fifteen.eu/gbfs/2.2/mobi/en/free_bike_status.json,2026-07-06T18:18:00Z,2026-07-06T18:18:00Z
mobi_vancouver,mobi_vancouver_4cd7a676-9cda-411c-a6c5-3c4f8ab09a49,4cd7a676-9cda-411c-a6c5-3c4f8ab09a49,49.287097,-123.118551,1,FALSE,FALSE,20800,0016,1783361838,2026-07-06T18:18:01Z,2026-07-06T18:18:01Z,2026-07-06T18:17:16Z,2.2,https://gbfs.kappa.fifteen.eu/gbfs/2.2/mobi/en/gbfs.json,https://gbfs.kappa.fifteen.eu/gbfs/2.2/mobi/en/free_bike_status.json,2026-07-06T18:18:00Z,2026-07-06T18:18:00Z
mobi_vancouver,mobi_vancouver_88abd2ef-99ad-4a7e-8d14-f66171312a0f,88abd2ef-99ad-4a7e-8d14-f66171312a0f,49.273568,-123.129935,1,FALSE,FALSE,20800,0137,1783361838,2026-07-06T18:18:01Z,2026-07-06T18:18:01Z,2026-07-06T18:17:16Z,2.2,https://gbfs.kappa.fifteen.eu/gbfs/2.2/mobi/en/gbfs.json,https://gbfs.kappa.fifteen.eu/gbfs/2.2/mobi/en/free_bike_status.json,2026-07-06T18:18:00Z,2026-07-06T18:18:00Z
mobi_vancouver,mobi_vancouver_dc2d242e-0b2d-447d-8abe-cc76556e14bf,dc2d242e-0b2d-447d-8abe-cc76556e14bf,49.2653,-123.13811,1,FALSE,FALSE,20800,0069,1783361838,2026-07-06T18:18:01Z,2026-07-06T18:18:01Z,2026-07-06T18:17:16Z,2.2,https://gbfs.kappa.fifteen.eu/gbfs/2.2/mobi/en/gbfs.json,https://gbfs.kappa.fifteen.eu/gbfs/2.2/mobi/en/free_bike_status.json,2026-07-06T18:18:00Z,2026-07-06T18:18:00Z
mobi_vancouver,mobi_vancouver_69a156d1-934f-4a28-8996-b0b6695b0320,69a156d1-934f-4a28-8996-b0b6695b0320,49.256825,-123.105234,1,FALSE,FALSE,20800,0133,1783361838,2026-07-06T18:18:01Z,2026-07-06T18:18:01Z,2026-07-06T18:17:16Z,2.2,https://gbfs.kappa.fifteen.eu/gbfs/2.2/mobi/en/gbfs.json,https://gbfs.kappa.fifteen.eu/gbfs/2.2/mobi/en/free_bike_status.json,2026-07-06T18:18:00Z,2026-07-06T18:18:00Z
mobi_vancouver,mobi_vancouver_2c6c6ddb-0d51-4525-99d5-d6d342123b7f,2c6c6ddb-0d51-4525-99d5-d6d342123b7f,49.266476,-123.109389,1,FALSE,FALSE,20800,0165,1783361838,2026-07-06T18:18:01Z,2026-07-06T18:18:01Z,2026-07-06T18:17:16Z,2.2,https://gbfs.kappa.fifteen.eu/gbfs/2.2/mobi/en/gbfs.json,https://gbfs.kappa.fifteen.eu/gbfs/2.2/mobi/en/free_bike_status.json,2026-07-06T18:18:00Z,2026-07-06T18:18:00Z
mobi_vancouver,mobi_vancouver_3c27bc5e-2220-4053-8776-d22988d1f7cd,3c27bc5e-2220-4053-8776-d22988d1f7cd,49.270721,-123.146175,1,FALSE,FALSE,20800,0108,1783361838,2026-07-06T18:18:01Z,2026-07-06T18:18:01Z,2026-07-06T18:17:16Z,2.2,https://gbfs.kappa.fifteen.eu/gbfs/2.2/mobi/en/gbfs.json,https://gbfs.kappa.fifteen.eu/gbfs/2.2/mobi/en/free_bike_status.json,2026-07-06T18:18:00Z,2026-07-06T18:18:00Z
mobi_vancouver,mobi_vancouver_898a6eb6-3ad0-4fe3-9cb2-ad4953c5aad6,898a6eb6-3ad0-4fe3-9cb2-ad4953c5aad6,49.268339,-123.157443,1,FALSE,FALSE,20800,0159,1783361838,2026-07-06T18:18:01Z,2026-07-06T18:18:01Z,2026-07-06T18:17:16Z,2.2,https://gbfs.kappa.fifteen.eu/gbfs/2.2/mobi/en/gbfs.json,https://gbfs.kappa.fifteen.eu/gbfs/2.2/mobi/en/free_bike_status.json,2026-07-06T18:18:00Z,2026-07-06T18:18:00Z
mobi_vancouver,mobi_vancouver_0e088983-3cfb-41b9-8e91-8b1ee855e835,0e088983-3cfb-41b9-8e91-8b1ee855e835,49.271741,-123.155421,1,FALSE,FALSE,20800,0204,1783361838,2026-07-06T18:18:01Z,2026-07-06T18:18:01Z,2026-07-06T18:17:16Z,2.2,https://gbfs.kappa.fifteen.eu/gbfs/2.2/mobi/en/gbfs.json,https://gbfs.kappa.fifteen.eu/gbfs/2.2/mobi/en/free_bike_status.json,2026-07-06T18:18:00Z,2026-07-06T18:18:00Z
mobi_vancouver,mobi_vancouver_73dc0c40-d297-4615-9eec-effe99fd5754,73dc0c40-d297-4615-9eec-effe99fd5754,49.262822,-123.14338,1,FALSE,FALSE,20800,0205,1783361838,2026-07-06T18:18:01Z,2026-07-06T18:18:01Z,2026-07-06T18:17:16Z,2.2,https://gbfs.kappa.fifteen.eu/gbfs/2.2/mobi/en/gbfs.json,https://gbfs.kappa.fifteen.eu/gbfs/2.2/mobi/en/free_bike_status.json,2026-07-06T18:18:00Z,2026-07-06T18:18:00Z
mobi_vancouver,mobi_vancouver_6f8e2192-9f24-45ba-a886-52a67e5f72f7,6f8e2192-9f24-45ba-a886-52a67e5f72f7,49.265336,-123.145823,1,FALSE,FALSE,20800,0140,1783361838,2026-07-06T18:18:01Z,2026-07-06T18:18:01Z,2026-07-06T18:17:16Z,2.2,https://gbfs.kappa.fifteen.eu/gbfs/2.2/mobi/en/gbfs.json,https://gbfs.kappa.fifteen.eu/gbfs/2.2/mobi/en/free_bike_status.json,2026-07-06T18:18:00Z,2026-07-06T18:18:00Z
mobi_vancouver,mobi_vancouver_4b7f4c6e-28a8-4931-9f8a-f095efa1282d,4b7f4c6e-28a8-4931-9f8a-f095efa1282d,49.283227,-123.120523,1,FALSE,FALSE,20800,0099,1783361838,2026-07-06T18:18:01Z,2026-07-06T18:18:01Z,2026-07-06T18:17:16Z,2.2,https://gbfs.kappa.fifteen.eu/gbfs/2.2/mobi/en/gbfs.json,https://gbfs.kappa.fifteen.eu/gbfs/2.2/mobi/en/free_bike_status.json,2026-07-06T18:18:00Z,2026-07-06T18:18:00Z
mobi_vancouver,mobi_vancouver_45b70075-f78b-4c2d-be77-a995ff08b1d1,45b70075-f78b-4c2d-be77-a995ff08b1d1,49.261353,-123.085333,1,FALSE,FALSE,20800,0265,1783361838,2026-07-06T18:18:01Z,2026-07-06T18:18:01Z,2026-07-06T18:17:16Z,2.2,https://gbfs.kappa.fifteen.eu/gbfs/2.2/mobi/en/gbfs.json,https://gbfs.kappa.fifteen.eu/gbfs/2.2/mobi/en/free_bike_status.json,2026-07-06T18:18:00Z,2026-07-06T18:18:00Z
mobi_vancouver,mobi_vancouver_a0c9b636-4041-44c7-bd9a-29f8bb23d77b,a0c9b636-4041-44c7-bd9a-29f8bb23d77b,49.265005,-123.079481,1,FALSE,FALSE,20800,0236,1783361838,2026-07-06T18:18:01Z,2026-07-06T18:18:01Z,2026-07-06T18:17:16Z,2.2,https://gbfs.kappa.fifteen.eu/gbfs/2.2/mobi/en/gbfs.json,https://gbfs.kappa.fifteen.eu/gbfs/2.2/mobi/en/free_bike_status.json,2026-07-06T18:18:00Z,2026-07-06T18:18:00Z
mobi_vancouver,mobi_vancouver_3a736d8d-13b6-4934-a5c1-277ba52bc9e1,3a736d8d-13b6-4934-a5c1-277ba52bc9e1,49.261403,-123.070102,1,FALSE,FALSE,20800,0244,1783361838,2026-07-06T18:18:01Z,2026-07-06T18:18:01Z,2026-07-06T18:17:16Z,2.2,https://gbfs.kappa.fifteen.eu/gbfs/2.2/mobi/en/gbfs.json,https://gbfs.kappa.fifteen.eu/gbfs/2.2/mobi/en/free_bike_status.json,2026-07-06T18:18:00Z,2026-07-06T18:18:00Z
mobi_vancouver,mobi_vancouver_7c941f99-ee80-4d71-ba02-43a7156107e6,7c941f99-ee80-4d71-ba02-43a7156107e6,49.263242,-123.070521,1,FALSE,FALSE,20800,0242,1783361838,2026-07-06T18:18:01Z,2026-07-06T18:18:01Z,2026-07-06T18:17:16Z,2.2,https://gbfs.kappa.fifteen.eu/gbfs/2.2/mobi/en/gbfs.json,https://gbfs.kappa.fifteen.eu/gbfs/2.2/mobi/en/free_bike_status.json,2026-07-06T18:18:00Z,2026-07-06T18:18:00Z
mobi_vancouver,mobi_vancouver_97bbc2b5-d0ca-44f0-af96-10e16b4f29fc,97bbc2b5-d0ca-44f0-af96-10e16b4f29fc,49.263746,-123.069892,2,FALSE,FALSE,20800,0254,1783361838,2026-07-06T18:18:01Z,2026-07-06T18:18:01Z,2026-07-06T18:17:16Z,2.2,https://gbfs.kappa.fifteen.eu/gbfs/2.2/mobi/en/gbfs.json,https://gbfs.kappa.fifteen.eu/gbfs/2.2/mobi/en/free_bike_status.json,2026-07-06T18:18:00Z,2026-07-06T18:18:00Z
mobi_vancouver,mobi_vancouver_2ac0e69b-943c-4a57-b71c-59afbb204633,2ac0e69b-943c-4a57-b71c-59afbb204633,49.277665,-123.073653,1,FALSE,FALSE,20800,0222,1783361838,2026-07-06T18:18:01Z,2026-07-06T18:18:01Z,2026-07-06T18:17:16Z,2.2,https://gbfs.kappa.fifteen.eu/gbfs/2.2/mobi/en/gbfs.json,https://gbfs.kappa.fifteen.eu/gbfs/2.2/mobi/en/free_bike_status.json,2026-07-06T18:18:00Z,2026-07-06T18:18:00Z
mobi_vancouver,mobi_vancouver_414171ac-1b3b-4c63-9343-a8a66dff8cb2,414171ac-1b3b-4c63-9343-a8a66dff8cb2,49.277436,-123.070427,1,FALSE,FALSE,20800,0223,1783361838,2026-07-06T18:18:01Z,2026-07-06T18:18:01Z,2026-07-06T18:17:16Z,2.2,https://gbfs.kappa.fifteen.eu/gbfs/2.2/mobi/en/gbfs.json,https://gbfs.kappa.fifteen.eu/gbfs/2.2/mobi/en/free_bike_status.json,2026-07-06T18:18:00Z,2026-07-06T18:18:00Z
mobi_vancouver,mobi_vancouver_ac539a9b-4b4d-4984-bbbc-a4e72b7c0bfb,ac539a9b-4b4d-4984-bbbc-a4e72b7c0bfb,49.28117,-123.104419,1,FALSE,FALSE,20800,0098,1783361838,2026-07-06T18:18:01Z,2026-07-06T18:18:01Z,2026-07-06T18:17:16Z,2.2,https://gbfs.kappa.fifteen.eu/gbfs/2.2/mobi/en/gbfs.json,https://gbfs.kappa.fifteen.eu/gbfs/2.2/mobi/en/free_bike_status.json,2026-07-06T18:18:00Z,2026-07-06T18:18:00Z
mobi_vancouver,mobi_vancouver_63f863a1-478b-40de-b408-28517c02f4ef,63f863a1-478b-40de-b408-28517c02f4ef,49.28117,-123.104419,1,FALSE,FALSE,20800,0098,1783361838,2026-07-06T18:18:01Z,2026-07-06T18:18:01Z,2026-07-06T18:17:16Z,2.2,https://gbfs.kappa.fifteen.eu/gbfs/2.2/mobi/en/gbfs.json,https://gbfs.kappa.fifteen.eu/gbfs/2.2/mobi/en/free_bike_status.json,2026-07-06T18:18:00Z,2026-07-06T18:18:00Z
mobi_vancouver,mobi_vancouver_a89b2bc8-d312-48a2-9f90-5196db01e705,a89b2bc8-d312-48a2-9f90-5196db01e705,49.284062,-123.095097,1,FALSE,FALSE,20800,0161,1783361838,2026-07-06T18:18:01Z,2026-07-06T18:18:01Z,2026-07-06T18:17:16Z,2.2,https://gbfs.kappa.fifteen.eu/gbfs/2.2/mobi/en/gbfs.json,https://gbfs.kappa.fifteen.eu/gbfs/2.2/mobi/en/free_bike_status.json,2026-07-06T18:18:00Z,2026-07-06T18:18:00Z
mobi_vancouver,mobi_vancouver_71fa1024-baa2-48bc-a0e3-f90060b8ba53,71fa1024-baa2-48bc-a0e3-f90060b8ba53,49.28567,-123.112543,1,FALSE,FALSE,20800,0021,1783361838,2026-07-06T18:18:01Z,2026-07-06T18:18:01Z,2026-07-06T18:17:16Z,2.2,https://gbfs.kappa.fifteen.eu/gbfs/2.2/mobi/en/gbfs.json,https://gbfs.kappa.fifteen.eu/gbfs/2.2/mobi/en/free_bike_status.json,2026-07-06T18:18:00Z,2026-07-06T18:18:00Z
mobi_vancouver,mobi_vancouver_197ae68e-e339-41a0-8cce-a45332595262,197ae68e-e339-41a0-8cce-a45332595262,49.256496,-123.075426,1,FALSE,FALSE,20800,0283,1783361838,2026-07-06T18:18:01Z,2026-07-06T18:18:01Z,2026-07-06T18:17:16Z,2.2,https://gbfs.kappa.fifteen.eu/gbfs/2.2/mobi/en/gbfs.json,https://gbfs.kappa.fifteen.eu/gbfs/2.2/mobi/en/free_bike_status.json,2026-07-06T18:18:00Z,2026-07-06T18:18:00Z
mobi_vancouver,mobi_vancouver_7bb58d24-19d1-44c4-81d3-0b6d0e213065,7bb58d24-19d1-44c4-81d3-0b6d0e213065,49.267266,-123.090786,1,FALSE,FALSE,20800,0287,1783361838,2026-07-06T18:18:01Z,2026-07-06T18:18:01Z,2026-07-06T18:17:16Z,2.2,https://gbfs.kappa.fifteen.eu/gbfs/2.2/mobi/en/gbfs.json,https://gbfs.kappa.fifteen.eu/gbfs/2.2/mobi/en/free_bike_status.json,2026-07-06T18:18:00Z,2026-07-06T18:18:00Z
mobi_vancouver,mobi_vancouver_8d6ed281-326b-4fdd-9c02-e76d445b6e13,8d6ed281-326b-4fdd-9c02-e76d445b6e13,49.2731,-123.0732,1,FALSE,FALSE,20800,0253,1783361838,2026-07-06T18:18:01Z,2026-07-06T18:18:01Z,2026-07-06T18:17:16Z,2.2,https://gbfs.kappa.fifteen.eu/gbfs/2.2/mobi/en/gbfs.json,https://gbfs.kappa.fifteen.eu/gbfs/2.2/mobi/en/free_bike_status.json,2026-07-06T18:18:00Z,2026-07-06T18:18:00Z
mobi_vancouver,mobi_vancouver_261be77b-465f-474e-b40f-850f449a602d,261be77b-465f-474e-b40f-850f449a602d,49.254667,-123.101389,1,FALSE,FALSE,20800,0255,1783361838,2026-07-06T18:18:01Z,2026-07-06T18:18:01Z,2026-07-06T18:17:16Z,2.2,https://gbfs.kappa.fifteen.eu/gbfs/2.2/mobi/en/gbfs.json,https://gbfs.kappa.fifteen.eu/gbfs/2.2/mobi/en/free_bike_status.json,2026-07-06T18:18:00Z,2026-07-06T18:18:00Z
mobi_vancouver,mobi_vancouver_5bf88afb-6874-4fbf-891a-35a9e91bcaea,5bf88afb-6874-4fbf-891a-35a9e91bcaea,49.261188,-123.066009,1,FALSE,FALSE,20800,0274,1783361838,2026-07-06T18:18:01Z,2026-07-06T18:18:01Z,2026-07-06T18:17:16Z,2.2,https://gbfs.kappa.fifteen.eu/gbfs/2.2/mobi/en/gbfs.json,https://gbfs.kappa.fifteen.eu/gbfs/2.2/mobi/en/free_bike_status.json,2026-07-06T18:18:00Z,2026-07-06T18:18:00Z
mobi_vancouver,mobi_vancouver_9135f413-b528-4d5c-bad2-15fa7ab91386,9135f413-b528-4d5c-bad2-15fa7ab91386,49.263746,-123.069892,1,FALSE,FALSE,20800,0273,1783361838,2026-07-06T18:18:01Z,2026-07-06T18:18:01Z,2026-07-06T18:17:16Z,2.2,https://gbfs.kappa.fifteen.eu/gbfs/2.2/mobi/en/gbfs.json,https://gbfs.kappa.fifteen.eu/gbfs/2.2/mobi/en/free_bike_status.json,2026-07-06T18:18:00Z,2026-07-06T18:18:00Z
mobi_vancouver,mobi_vancouver_08a1a7b2-aef6-42d1-a7be-52ff7a727e9b,08a1a7b2-aef6-42d1-a7be-52ff7a727e9b,49.256694,-123.096579,1,FALSE,FALSE,20800,0256,1783361838,2026-07-06T18:18:01Z,2026-07-06T18:18:01Z,2026-07-06T18:17:16Z,2.2,https://gbfs.kappa.fifteen.eu/gbfs/2.2/mobi/en/gbfs.json,https://gbfs.kappa.fifteen.eu/gbfs/2.2/mobi/en/free_bike_status.json,2026-07-06T18:18:00Z,2026-07-06T18:18:00Z
mobi_vancouver,mobi_vancouver_ec5b5d1a-5019-4f1a-a649-fac68a166ee7,ec5b5d1a-5019-4f1a-a649-fac68a166ee7,49.258352,-123.096337,1,FALSE,FALSE,20800,0257,1783361838,2026-07-06T18:18:01Z,2026-07-06T18:18:01Z,2026-07-06T18:17:16Z,2.2,https://gbfs.kappa.fifteen.eu/gbfs/2.2/mobi/en/gbfs.json,https://gbfs.kappa.fifteen.eu/gbfs/2.2/mobi/en/free_bike_status.json,2026-07-06T18:18:00Z,2026-07-06T18:18:00Z
mobi_vancouver,mobi_vancouver_a2c8e8b0-c07d-4e0b-857a-8daf711a0d17,a2c8e8b0-c07d-4e0b-857a-8daf711a0d17,49.265242,-123.095577,1,FALSE,FALSE,20800,0297,1783361838,2026-07-06T18:18:01Z,2026-07-06T18:18:01Z,2026-07-06T18:17:16Z,2.2,https://gbfs.kappa.fifteen.eu/gbfs/2.2/mobi/en/gbfs.json,https://gbfs.kappa.fifteen.eu/gbfs/2.2/mobi/en/free_bike_status.json,2026-07-06T18:18:00Z,2026-07-06T18:18:00Z
mobi_vancouver,mobi_vancouver_a51fa702-9f90-44f0-9481-44ccda36c95a,a51fa702-9f90-44f0-9481-44ccda36c95a,49.273777,-123.092723,1,FALSE,FALSE,20800,0233,1783361838,2026-07-06T18:18:01Z,2026-07-06T18:18:01Z,2026-07-06T18:17:16Z,2.2,https://gbfs.kappa.fifteen.eu/gbfs/2.2/mobi/en/gbfs.json,https://gbfs.kappa.fifteen.eu/gbfs/2.2/mobi/en/free_bike_status.json,2026-07-06T18:18:00Z,2026-07-06T18:18:00Z
mobi_vancouver,mobi_vancouver_4298d1d2-1a69-4fd6-a84a-aa015a507602,4298d1d2-1a69-4fd6-a84a-aa015a507602,49.257985,-123.083366,1,FALSE,FALSE,20800,0281,1783361838,2026-07-06T18:18:01Z,2026-07-06T18:18:01Z,2026-07-06T18:17:16Z,2.2,https://gbfs.kappa.fifteen.eu/gbfs/2.2/mobi/en/gbfs.json,https://gbfs.kappa.fifteen.eu/gbfs/2.2/mobi/en/free_bike_status.json,2026-07-06T18:18:00Z,2026-07-06T18:18:00Z
mobi_vancouver,mobi_vancouver_f9716ed6-af94-458a-9f68-2632f513ef3f,f9716ed6-af94-458a-9f68-2632f513ef3f,49.277615,-123.091654,1,FALSE,FALSE,20800,0215,1783361838,2026-07-06T18:18:01Z,2026-07-06T18:18:01Z,2026-07-06T18:17:16Z,2.2,https://gbfs.kappa.fifteen.eu/gbfs/2.2/mobi/en/gbfs.json,https://gbfs.kappa.fifteen.eu/gbfs/2.2/mobi/en/free_bike_status.json,2026-07-06T18:18:00Z,2026-07-06T18:18:00Z
mobi_vancouver,mobi_vancouver_e83862c0-b882-4e7b-bc83-52f078e6ff29,e83862c0-b882-4e7b-bc83-52f078e6ff29,49.284554,-123.111031,1,FALSE,FALSE,20800,0124,1783361838,2026-07-06T18:18:01Z,2026-07-06T18:18:01Z,2026-07-06T18:17:16Z,2.2,https://gbfs.kappa.fifteen.eu/gbfs/2.2/mobi/en/gbfs.json,https://gbfs.kappa.fifteen.eu/gbfs/2.2/mobi/en/free_bike_status.json,2026-07-06T18:18:00Z,2026-07-06T18:18:00Z
mobi_vancouver,mobi_vancouver_6a6ced4b-3169-4fa7-84f1-c797f14e1b4c,6a6ced4b-3169-4fa7-84f1-c797f14e1b4c,49.271471,-123.17731,1,FALSE,FALSE,20800,0440,1783361838,2026-07-06T18:18:01Z,2026-07-06T18:18:01Z,2026-07-06T18:17:16Z,2.2,https://gbfs.kappa.fifteen.eu/gbfs/2.2/mobi/en/gbfs.json,https://gbfs.kappa.fifteen.eu/gbfs/2.2/mobi/en/free_bike_status.json,2026-07-06T18:18:00Z,2026-07-06T18:18:00Z
mobi_vancouver,mobi_vancouver_ae4704b2-9a1f-48f8-a889-67105107bbff,ae4704b2-9a1f-48f8-a889-67105107bbff,49.272969,-123.164325,1,FALSE,FALSE,20800,0460,1783361838,2026-07-06T18:18:01Z,2026-07-06T18:18:01Z,2026-07-06T18:17:16Z,2.2,https://gbfs.kappa.fifteen.eu/gbfs/2.2/mobi/en/gbfs.json,https://gbfs.kappa.fifteen.eu/gbfs/2.2/mobi/en/free_bike_status.json,2026-07-06T18:18:00Z,2026-07-06T18:18:00Z
mobi_vancouver,mobi_vancouver_3b497b0a-5a92-4921-b24b-6dbb6ac8d6af,3b497b0a-5a92-4921-b24b-6dbb6ac8d6af,49.263523,-123.155267,1,FALSE,FALSE,20800,0484,1783361838,2026-07-06T18:18:01Z,2026-07-06T18:18:01Z,2026-07-06T18:17:16Z,2.2,https://gbfs.kappa.fifteen.eu/gbfs/2.2/mobi/en/gbfs.json,https://gbfs.kappa.fifteen.eu/gbfs/2.2/mobi/en/free_bike_status.json,2026-07-06T18:18:00Z,2026-07-06T18:18:00Z
mobi_vancouver,mobi_vancouver_274c00bb-2ff0-4d52-b8a2-6b48b4298049,274c00bb-2ff0-4d52-b8a2-6b48b4298049,49.271044,-123.170661,1,FALSE,FALSE,20800,0450,1783361838,2026-07-06T18:18:01Z,2026-07-06T18:18:01Z,2026-07-06T18:17:16Z,2.2,https://gbfs.kappa.fifteen.eu/gbfs/2.2/mobi/en/gbfs.json,https://gbfs.kappa.fifteen.eu/gbfs/2.2/mobi/en/free_bike_status.json,2026-07-06T18:18:00Z,2026-07-06T18:18:00Z
mobi_vancouver,mobi_vancouver_3f2e868b-c2e3-41c3-a891-9c7ecff38f9c,3f2e868b-c2e3-41c3-a891-9c7ecff38f9c,49.264326,-123.164725,1,FALSE,FALSE,20800,0464,1783361838,2026-07-06T18:18:01Z,2026-07-06T18:18:01Z,2026-07-06T18:17:16Z,2.2,https://gbfs.kappa.fifteen.eu/gbfs/2.2/mobi/en/gbfs.json,https://gbfs.kappa.fifteen.eu/gbfs/2.2/mobi/en/free_bike_status.json,2026-07-06T18:18:00Z,2026-07-06T18:18:00Z
mobi_vancouver,mobi_vancouver_534c6bba-920f-4426-aaa5-6c5c037ecb39,534c6bba-920f-4426-aaa5-6c5c037ecb39,49.255034,-123.120226,1,FALSE,FALSE,20800,0511,1783361838,2026-07-06T18:18:01Z,2026-07-06T18:18:01Z,2026-07-06T18:17:16Z,2.2,https://gbfs.kappa.fifteen.eu/gbfs/2.2/mobi/en/gbfs.json,https://gbfs.kappa.fifteen.eu/gbfs/2.2/mobi/en/free_bike_status.json,2026-07-06T18:18:00Z,2026-07-06T18:18:00Z
mobi_vancouver,mobi_vancouver_5f411f4e-5158-4580-9b36-d3e5749cc65a,5f411f4e-5158-4580-9b36-d3e5749cc65a,49.272172,-123.097978,1,FALSE,FALSE,20800,0354,1783361838,2026-07-06T18:18:01Z,2026-07-06T18:18:01Z,2026-07-06T18:17:16Z,2.2,https://gbfs.kappa.fifteen.eu/gbfs/2.2/mobi/en/gbfs.json,https://gbfs.kappa.fifteen.eu/gbfs/2.2/mobi/en/free_bike_status.json,2026-07-06T18:18:00Z,2026-07-06T18:18:00Z
mobi_vancouver,mobi_vancouver_6e8d2fbc-9354-401c-9df8-f49824bfe354,6e8d2fbc-9354-401c-9df8-f49824bfe354,49.266636,-123.183661,1,FALSE,FALSE,20800,0414,1783361838,2026-07-06T18:18:01Z,2026-07-06T18:18:01Z,2026-07-06T18:17:16Z,2.2,https://gbfs.kappa.fifteen.eu/gbfs/2.2/mobi/en/gbfs.json,https://gbfs.kappa.fifteen.eu/gbfs/2.2/mobi/en/free_bike_status.json,2026-07-06T18:18:00Z,2026-07-06T18:18:00Z
mobi_vancouver,mobi_vancouver_655ab9e1-5ff7-4ba1-b9b0-23ccf2d6b400,655ab9e1-5ff7-4ba1-b9b0-23ccf2d6b400,49.289071,-123.138407,1,FALSE,FALSE,20800,0313,1783361838,2026-07-06T18:18:01Z,2026-07-06T18:18:01Z,2026-07-06T18:17:16Z,2.2,https://gbfs.kappa.fifteen.eu/gbfs/2.2/mobi/en/gbfs.json,https://gbfs.kappa.fifteen.eu/gbfs/2.2/mobi/en/free_bike_status.json,2026-07-06T18:18:00Z,2026-07-06T18:18:00Z
mobi_vancouver,mobi_vancouver_ace8a452-389a-4105-b7a6-b416e34fc841,ace8a452-389a-4105-b7a6-b416e34fc841,49.289071,-123.138407,1,FALSE,FALSE,20800,0313,1783361838,2026-07-06T18:18:01Z,2026-07-06T18:18:01Z,2026-07-06T18:17:16Z,2.2,https://gbfs.kappa.fifteen.eu/gbfs/2.2/mobi/en/gbfs.json,https://gbfs.kappa.fifteen.eu/gbfs/2.2/mobi/en/free_bike_status.json,2026-07-06T18:18:00Z,2026-07-06T18:18:00Z
mobi_vancouver,mobi_vancouver_ddd65b02-07a2-4e6c-a13d-918f3f30e1e3,ddd65b02-07a2-4e6c-a13d-918f3f30e1e3,49.245135,-123.116098,1,FALSE,FALSE,20800,0526,1783361838,2026-07-06T18:18:01Z,2026-07-06T18:18:01Z,2026-07-06T18:17:16Z,2.2,https://gbfs.kappa.fifteen.eu/gbfs/2.2/mobi/en/gbfs.json,https://gbfs.kappa.fifteen.eu/gbfs/2.2/mobi/en/free_bike_status.json,2026-07-06T18:18:00Z,2026-07-06T18:18:00Z
mobi_vancouver,mobi_vancouver_8ebd93fb-b039-424d-a49a-85edd04c982a,8ebd93fb-b039-424d-a49a-85edd04c982a,49.274232,-123.129998,1,FALSE,FALSE,20800,0314,1783361838,2026-07-06T18:18:01Z,2026-07-06T18:18:01Z,2026-07-06T18:17:16Z,2.2,https://gbfs.kappa.fifteen.eu/gbfs/2.2/mobi/en/gbfs.json,https://gbfs.kappa.fifteen.eu/gbfs/2.2/mobi/en/free_bike_status.json,2026-07-06T18:18:00Z,2026-07-06T18:18:00Z
mobi_vancouver,mobi_vancouver_5236606f-b445-4700-934d-94d0efa016ec,5236606f-b445-4700-934d-94d0efa016ec,49.249722,-123.104991,1,FALSE,FALSE,20800,0554,1783361838,2026-07-06T18:18:01Z,2026-07-06T18:18:01Z,2026-07-06T18:17:16Z,2.2,https://gbfs.kappa.fifteen.eu/gbfs/2.2/mobi/en/gbfs.json,https://gbfs.kappa.fifteen.eu/gbfs/2.2/mobi/en/free_bike_status.json,2026-07-06T18:18:00Z,2026-07-06T18:18:00Z
mobi_vancouver,mobi_vancouver_8fd9f5d3-65c3-4825-a9fe-18df499d38b3,8fd9f5d3-65c3-4825-a9fe-18df499d38b3,49.243375,-123.104978,1,FALSE,FALSE,20800,0557,1783361838,2026-07-06T18:18:01Z,2026-07-06T18:18:01Z,2026-07-06T18:17:16Z,2.2,https://gbfs.kappa.fifteen.eu/gbfs/2.2/mobi/en/gbfs.json,https://gbfs.kappa.fifteen.eu/gbfs/2.2/mobi/en/free_bike_status.json,2026-07-06T18:18:00Z,2026-07-06T18:18:00Z
mobi_vancouver,mobi_vancouver_1eb0c354-f493-4ae3-9bb6-7022a3c20621,1eb0c354-f493-4ae3-9bb6-7022a3c20621,49.287464,-123.060771,1,FALSE,FALSE,20800,0611,1783361838,2026-07-06T18:18:01Z,2026-07-06T18:18:01Z,2026-07-06T18:17:16Z,2.2,https://gbfs.kappa.fifteen.eu/gbfs/2.2/mobi/en/gbfs.json,https://gbfs.kappa.fifteen.eu/gbfs/2.2/mobi/en/free_bike_status.json,2026-07-06T18:18:00Z,2026-07-06T18:18:00Z
mobi_vancouver,mobi_vancouver_373d8311-0eb6-43dc-98e0-29a2faca2337,373d8311-0eb6-43dc-98e0-29a2faca2337,49.285575,-123.061575,1,FALSE,FALSE,20800,0621,1783361838,2026-07-06T18:18:01Z,2026-07-06T18:18:01Z,2026-07-06T18:17:16Z,2.2,https://gbfs.kappa.fifteen.eu/gbfs/2.2/mobi/en/gbfs.json,https://gbfs.kappa.fifteen.eu/gbfs/2.2/mobi/en/free_bike_status.json,2026-07-06T18:18:00Z,2026-07-06T18:18:00Z
mobi_vancouver,mobi_vancouver_1370e8f9-89a3-48ac-be4b-f258f908acb9,1370e8f9-89a3-48ac-be4b-f258f908acb9,49.252656,-123.067965,2,FALSE,FALSE,20800,0352,1783361838,2026-07-06T18:18:01Z,2026-07-06T18:18:01Z,2026-07-06T18:17:16Z,2.2,https://gbfs.kappa.fifteen.eu/gbfs/2.2/mobi/en/gbfs.json,https://gbfs.kappa.fifteen.eu/gbfs/2.2/mobi/en/free_bike_status.json,2026-07-06T18:18:00Z,2026-07-06T18:18:00Z
mobi_vancouver,mobi_vancouver_98ffdcc9-72cc-49e4-9a49-785a44dbd940,98ffdcc9-72cc-49e4-9a49-785a44dbd940,49.247204,-123.101549,1,FALSE,FALSE,20800,0565,1783361838,2026-07-06T18:18:01Z,2026-07-06T18:18:01Z,2026-07-06T18:17:16Z,2.2,https://gbfs.kappa.fifteen.eu/gbfs/2.2/mobi/en/gbfs.json,https://gbfs.kappa.fifteen.eu/gbfs/2.2/mobi/en/free_bike_status.json,2026-07-06T18:18:00Z,2026-07-06T18:18:00Z
mobi_vancouver,mobi_vancouver_c7f6a61d-82a5-449c-95fd-858236fe6697,c7f6a61d-82a5-449c-95fd-858236fe6697,49.291597,-123.129158,1,FALSE,FALSE,20800,0200,1783361838,2026-07-06T18:18:01Z,2026-07-06T18:18:01Z,2026-07-06T18:17:16Z,2.2,https://gbfs.kappa.fifteen.eu/gbfs/2.2/mobi/en/gbfs.json,https://gbfs.kappa.fifteen.eu/gbfs/2.2/mobi/en/free_bike_status.json,2026-07-06T18:18:00Z,2026-07-06T18:18:00Z
mobi_vancouver,mobi_vancouver_941dbaa5-fa90-45c6-be9f-97ff6211934b,941dbaa5-fa90-45c6-be9f-97ff6211934b,49.2658,-123.20596,1,FALSE,FALSE,20800,0715,1783361838,2026-07-06T18:18:01Z,2026-07-06T18:18:01Z,2026-07-06T18:17:16Z,2.2,https://gbfs.kappa.fifteen.eu/gbfs/2.2/mobi/en/gbfs.json,https://gbfs.kappa.fifteen.eu/gbfs/2.2/mobi/en/free_bike_status.json,2026-07-06T18:18:00Z,2026-07-06T18:18:00Z
mobi_vancouver,mobi_vancouver_7e0f788a-dd58-4fea-9f22-9b3d1950b442,7e0f788a-dd58-4fea-9f22-9b3d1950b442,49.266579,-123.248549,1,FALSE,FALSE,20800,2143,1783361838,2026-07-06T18:18:01Z,2026-07-06T18:18:01Z,2026-07-06T18:17:16Z,2.2,https://gbfs.kappa.fifteen.eu/gbfs/2.2/mobi/en/gbfs.json,https://gbfs.kappa.fifteen.eu/gbfs/2.2/mobi/en/free_bike_status.json,2026-07-06T18:18:00Z,2026-07-06T18:18:00Z
mobi_vancouver,mobi_vancouver_fed1b629-021c-4568-93c8-538859038d98,fed1b629-021c-4568-93c8-538859038d98,49.283482,-123.103738,1,FALSE,FALSE,20800,0013,1783361838,2026-07-06T18:18:01Z,2026-07-06T18:18:01Z,2026-07-06T18:17:16Z,2.2,https://gbfs.kappa.fifteen.eu/gbfs/2.2/mobi/en/gbfs.json,https://gbfs.kappa.fifteen.eu/gbfs/2.2/mobi/en/free_bike_status.json,2026-07-06T18:18:00Z,2026-07-06T18:18:00Z
mobi_vancouver,mobi_vancouver_7cc7f505-3785-468f-919d-543157d4a661,7cc7f505-3785-468f-919d-543157d4a661,49.269172,-123.25279,1,FALSE,FALSE,20800,2131,1783361838,2026-07-06T18:18:01Z,2026-07-06T18:18:01Z,2026-07-06T18:17:16Z,2.2,https://gbfs.kappa.fifteen.eu/gbfs/2.2/mobi/en/gbfs.json,https://gbfs.kappa.fifteen.eu/gbfs/2.2/mobi/en/free_bike_status.json,2026-07-06T18:18:00Z,2026-07-06T18:18:00Z
mobi_vancouver,mobi_vancouver_164de573-bb55-46a7-86c8-ea86fa9d01c2,164de573-bb55-46a7-86c8-ea86fa9d01c2,49.261736,-123.24648,1,FALSE,FALSE,20800,2136,1783361838,2026-07-06T18:18:01Z,2026-07-06T18:18:01Z,2026-07-06T18:17:16Z,2.2,https://gbfs.kappa.fifteen.eu/gbfs/2.2/mobi/en/gbfs.json,https://gbfs.kappa.fifteen.eu/gbfs/2.2/mobi/en/free_bike_status.json,2026-07-06T18:18:00Z,2026-07-06T18:18:00Z
mobi_vancouver,mobi_vancouver_0a5927a2-39b4-4db0-89b6-b6a4fc34135d,0a5927a2-39b4-4db0-89b6-b6a4fc34135d,49.293264,-123.132861,1,FALSE,FALSE,20800,0181,1783361838,2026-07-06T18:18:01Z,2026-07-06T18:18:01Z,2026-07-06T18:17:16Z,2.2,https://gbfs.kappa.fifteen.eu/gbfs/2.2/mobi/en/gbfs.json,https://gbfs.kappa.fifteen.eu/gbfs/2.2/mobi/en/free_bike_status.json,2026-07-06T18:18:00Z,2026-07-06T18:18:00Z
mobi_vancouver,mobi_vancouver_adc90361-0999-4f6f-bb84-3127d8a95a66,adc90361-0999-4f6f-bb84-3127d8a95a66,49.2585,-123.2521,1,FALSE,FALSE,20800,2117,1783361838,2026-07-06T18:18:01Z,2026-07-06T18:18:01Z,2026-07-06T18:17:16Z,2.2,https://gbfs.kappa.fifteen.eu/gbfs/2.2/mobi/en/gbfs.json,https://gbfs.kappa.fifteen.eu/gbfs/2.2/mobi/en/free_bike_status.json,2026-07-06T18:18:00Z,2026-07-06T18:18:00Z
mobi_vancouver,mobi_vancouver_faa8db10-0c2e-4720-9a07-124bece7464f,faa8db10-0c2e-4720-9a07-124bece7464f,49.2749,-123.12898,1,FALSE,FALSE,20800,0319,1783361838,2026-07-06T18:18:01Z,2026-07-06T18:18:01Z,2026-07-06T18:17:16Z,2.2,https://gbfs.kappa.fifteen.eu/gbfs/2.2/mobi/en/gbfs.json,https://gbfs.kappa.fifteen.eu/gbfs/2.2/mobi/en/free_bike_status.json,2026-07-06T18:18:00Z,2026-07-06T18:18:00Z
mobi_vancouver,mobi_vancouver_124820af-d650-4826-b08d-573bfb429e86,124820af-d650-4826-b08d-573bfb429e86,49.262487,-123.114397,1,FALSE,FALSE,21200,0001,1783361838,2026-07-06T18:18:01Z,2026-07-06T18:18:01Z,2026-07-06T18:17:16Z,2.2,https://gbfs.kappa.fifteen.eu/gbfs/2.2/mobi/en/gbfs.json,https://gbfs.kappa.fifteen.eu/gbfs/2.2/mobi/en/free_bike_status.json,2026-07-06T18:18:00Z,2026-07-06T18:18:00Z
mobi_vancouver,mobi_vancouver_b0aa7596-b44e-4d4d-9aff-9804c2b5d76b,b0aa7596-b44e-4d4d-9aff-9804c2b5d76b,49.28602,-123.116624,1,FALSE,FALSE,21200,0024,1783361838,2026-07-06T18:18:01Z,2026-07-06T18:18:01Z,2026-07-06T18:17:16Z,2.2,https://gbfs.kappa.fifteen.eu/gbfs/2.2/mobi/en/gbfs.json,https://gbfs.kappa.fifteen.eu/gbfs/2.2/mobi/en/free_bike_status.json,2026-07-06T18:18:00Z,2026-07-06T18:18:00Z
mobi_vancouver,mobi_vancouver_91d1f3fd-ae21-43dc-85f7-feda83b0378f,91d1f3fd-ae21-43dc-85f7-feda83b0378f,49.276115,-123.114496,1,FALSE,FALSE,21200,0064,1783361838,2026-07-06T18:18:01Z,2026-07-06T18:18:01Z,2026-07-06T18:17:16Z,2.2,https://gbfs.kappa.fifteen.eu/gbfs/2.2/mobi/en/gbfs.json,https://gbfs.kappa.fifteen.eu/gbfs/2.2/mobi/en/free_bike_status.json,2026-07-06T18:18:00Z,2026-07-06T18:18:00Z
mobi_vancouver,mobi_vancouver_6c6ac455-92a6-45b9-9035-a7f340254e12,6c6ac455-92a6-45b9-9035-a7f340254e12,49.276115,-123.114496,1,FALSE,FALSE,21200,0064,1783361838,2026-07-06T18:18:01Z,2026-07-06T18:18:01Z,2026-07-06T18:17:16Z,2.2,https://gbfs.kappa.fifteen.eu/gbfs/2.2/mobi/en/gbfs.json,https://gbfs.kappa.fifteen.eu/gbfs/2.2/mobi/en/free_bike_status.json,2026-07-06T18:18:00Z,2026-07-06T18:18:00Z
mobi_vancouver,mobi_vancouver_aa0fbccf-80af-4240-8885-6c5a09a3a771,aa0fbccf-80af-4240-8885-6c5a09a3a771,49.276115,-123.114496,1,FALSE,FALSE,21200,0064,1783361838,2026-07-06T18:18:01Z,2026-07-06T18:18:01Z,2026-07-06T18:17:16Z,2.2,https://gbfs.kappa.fifteen.eu/gbfs/2.2/mobi/en/gbfs.json,https://gbfs.kappa.fifteen.eu/gbfs/2.2/mobi/en/free_bike_status.json,2026-07-06T18:18:00Z,2026-07-06T18:18:00Z
mobi_vancouver,mobi_vancouver_e071bf4e-f99e-436a-8bcf-e128ece9b1df,e071bf4e-f99e-436a-8bcf-e128ece9b1df,49.285871,-123.12105,1,FALSE,FALSE,21200,0002,1783361838,2026-07-06T18:18:01Z,2026-07-06T18:18:01Z,2026-07-06T18:17:16Z,2.2,https://gbfs.kappa.fifteen.eu/gbfs/2.2/mobi/en/gbfs.json,https://gbfs.kappa.fifteen.eu/gbfs/2.2/mobi/en/free_bike_status.json,2026-07-06T18:18:00Z,2026-07-06T18:18:00Z
mobi_vancouver,mobi_vancouver_a7c83268-e932-4ea3-8f91-b1d3361fe18c,a7c83268-e932-4ea3-8f91-b1d3361fe18c,49.287782,-123.12395,1,FALSE,FALSE,21200,0002,1783361838,2026-07-06T18:18:01Z,2026-07-06T18:18:01Z,2026-07-06T18:17:16Z,2.2,https://gbfs.kappa.fifteen.eu/gbfs/2.2/mobi/en/gbfs.json,https://gbfs.kappa.fifteen.eu/gbfs/2.2/mobi/en/free_bike_status.json,2026-07-06T18:18:00Z,2026-07-06T18:18:00Z
mobi_vancouver,mobi_vancouver_7fc85202-5cbc-4edc-b306-d43523758d96,7fc85202-5cbc-4edc-b306-d43523758d96,49.289255,-123.132677,1,FALSE,FALSE,21200,0041,1783361838,2026-07-06T18:18:01Z,2026-07-06T18:18:01Z,2026-07-06T18:17:16Z,2.2,https://gbfs.kappa.fifteen.eu/gbfs/2.2/mobi/en/gbfs.json,https://gbfs.kappa.fifteen.eu/gbfs/2.2/mobi/en/free_bike_status.json,2026-07-06T18:18:00Z,2026-07-06T18:18:00Z
mobi_vancouver,mobi_vancouver_2b7a0bf1-7c2e-403d-88cb-191d5f799870,2b7a0bf1-7c2e-403d-88cb-191d5f799870,49.289255,-123.132677,1,FALSE,FALSE,21200,0041,1783361838,2026-07-06T18:18:01Z,2026-07-06T18:18:01Z,2026-07-06T18:17:16Z,2.2,https://gbfs.kappa.fifteen.eu/gbfs/2.2/mobi/en/gbfs.json,https://gbfs.kappa.fifteen.eu/gbfs/2.2/mobi/en/free_bike_status.json,2026-07-06T18:18:00Z,2026-07-06T18:18:00Z
mobi_vancouver,mobi_vancouver_a25319ad-12cf-4c67-8deb-936af4dc970b,a25319ad-12cf-4c67-8deb-936af4dc970b,49.28062,-123.12482,1,FALSE,FALSE,21200,0037,1783361838,2026-07-06T18:18:01Z,2026-07-06T18:18:01Z,2026-07-06T18:17:16Z,2.2,https://gbfs.kappa.fifteen.eu/gbfs/2.2/mobi/en/gbfs.json,https://gbfs.kappa.fifteen.eu/gbfs/2.2/mobi/en/free_bike_status.json,2026-07-06T18:18:00Z,2026-07-06T18:18:00Z
mobi_vancouver,mobi_vancouver_7b397da3-b20e-469e-bfdd-9e2cfb311786,7b397da3-b20e-469e-bfdd-9e2cfb311786,49.25919,-123.148268,1,FALSE,FALSE,21200,0114,1783361838,2026-07-06T18:18:01Z,2026-07-06T18:18:01Z,2026-07-06T18:17:16Z,2.2,https://gbfs.kappa.fifteen.eu/gbfs/2.2/mobi/en/gbfs.json,https://gbfs.kappa.fifteen.eu/gbfs/2.2/mobi/en/free_bike_status.json,2026-07-06T18:18:00Z,2026-07-06T18:18:00Z
mobi_vancouver,mobi_vancouver_c23bffa9-7dae-4ce6-8b5e-85934271b0f2,c23bffa9-7dae-4ce6-8b5e-85934271b0f2,49.25919,-123.148268,1,FALSE,FALSE,21200,0114,1783361838,2026-07-06T18:18:01Z,2026-07-06T18:18:01Z,2026-07-06T18:17:16Z,2.2,https://gbfs.kappa.fifteen.eu/gbfs/2.2/mobi/en/gbfs.json,https://gbfs.kappa.fifteen.eu/gbfs/2.2/mobi/en/free_bike_status.json,2026-07-06T18:18:00Z,2026-07-06T18:18:00Z
mobi_vancouver,mobi_vancouver_b4858c0d-244a-408c-9b88-7e4e9e5a2115,b4858c0d-244a-408c-9b88-7e4e9e5a2115,49.273833,-123.114373,1,FALSE,FALSE,21200,0057,1783361838,2026-07-06T18:18:01Z,2026-07-06T18:18:01Z,2026-07-06T18:17:16Z,2.2,https://gbfs.kappa.fifteen.eu/gbfs/2.2/mobi/en/gbfs.json,https://gbfs.kappa.fifteen.eu/gbfs/2.2/mobi/en/free_bike_status.json,2026-07-06T18:18:00Z,2026-07-06T18:18:00Z
mobi_vancouver,mobi_vancouver_912567a4-eac5-43a3-8b26-9c1615a48855,912567a4-eac5-43a3-8b26-9c1615a48855,49.273833,-123.114373,1,FALSE,FALSE,21200,0057,1783361838,2026-07-06T18:18:01Z,2026-07-06T18:18:01Z,2026-07-06T18:17:16Z,2.2,https://gbfs.kappa.fifteen.eu/gbfs/2.2/mobi/en/gbfs.json,https://gbfs.kappa.fifteen.eu/gbfs/2.2/mobi/en/free_bike_status.json,2026-07-06T18:18:00Z,2026-07-06T18:18:00Z
mobi_vancouver,mobi_vancouver_f968e194-6f76-481f-8e81-9d6148e8d09a,f968e194-6f76-481f-8e81-9d6148e8d09a,49.275717,-123.142564,1,FALSE,FALSE,21200,0077,1783361838,2026-07-06T18:18:01Z,2026-07-06T18:18:01Z,2026-07-06T18:17:16Z,2.2,https://gbfs.kappa.fifteen.eu/gbfs/2.2/mobi/en/gbfs.json,https://gbfs.kappa.fifteen.eu/gbfs/2.2/mobi/en/free_bike_status.json,2026-07-06T18:18:00Z,2026-07-06T18:18:00Z
mobi_vancouver,mobi_vancouver_0ea447a8-80cd-4d97-8aca-2797e361fc3e,0ea447a8-80cd-4d97-8aca-2797e361fc3e,49.28526,-123.141809,1,FALSE,FALSE,21200,0060,1783361838,2026-07-06T18:18:01Z,2026-07-06T18:18:01Z,2026-07-06T18:17:16Z,2.2,https://gbfs.kappa.fifteen.eu/gbfs/2.2/mobi/en/gbfs.json,https://gbfs.kappa.fifteen.eu/gbfs/2.2/mobi/en/free_bike_status.json,2026-07-06T18:18:00Z,2026-07-06T18:18:00Z
mobi_vancouver,mobi_vancouver_20218b1b-0482-4573-a1df-493a9156f97c,20218b1b-0482-4573-a1df-493a9156f97c,49.28526,-123.141809,1,FALSE,FALSE,21200,0060,1783361838,2026-07-06T18:18:01Z,2026-07-06T18:18:01Z,2026-07-06T18:17:16Z,2.2,https://gbfs.kappa.fifteen.eu/gbfs/2.2/mobi/en/gbfs.json,https://gbfs.kappa.fifteen.eu/gbfs/2.2/mobi/en/free_bike_status.json,2026-07-06T18:18:00Z,2026-07-06T18:18:00Z
mobi_vancouver,mobi_vancouver_4c58f272-bef0-4fd7-8ed8-5ebfd1c3fc80,4c58f272-bef0-4fd7-8ed8-5ebfd1c3fc80,49.293257,-123.138563,1,FALSE,FALSE,21200,0093,1783361838,2026-07-06T18:18:01Z,2026-07-06T18:18:01Z,2026-07-06T18:17:16Z,2.2,https://gbfs.kappa.fifteen.eu/gbfs/2.2/mobi/en/gbfs.json,https://gbfs.kappa.fifteen.eu/gbfs/2.2/mobi/en/free_bike_status.json,2026-07-06T18:18:00Z,2026-07-06T18:18:00Z
mobi_vancouver,mobi_vancouver_aed787ec-73fe-4edb-a3ea-180b9d797f06,aed787ec-73fe-4edb-a3ea-180b9d797f06,49.2756,-123.102661,1,FALSE,FALSE,21200,0148,1783361838,2026-07-06T18:18:01Z,2026-07-06T18:18:01Z,2026-07-06T18:17:16Z,2.2,https://gbfs.kappa.fifteen.eu/gbfs/2.2/mobi/en/gbfs.json,https://gbfs.kappa.fifteen.eu/gbfs/2.2/mobi/en/free_bike_status.json,2026-07-06T18:18:00Z,2026-07-06T18:18:00Z
mobi_vancouver,mobi_vancouver_cde944e9-96bc-4acf-9aba-02a3af31ff2b,cde944e9-96bc-4acf-9aba-02a3af31ff2b,49.284605,-123.108662,1,FALSE,FALSE,21200,0052,1783361838,2026-07-06T18:18:01Z,2026-07-06T18:18:01Z,2026-07-06T18:17:16Z,2.2,https://gbfs.kappa.fifteen.eu/gbfs/2.2/mobi/en/gbfs.json,https://gbfs.kappa.fifteen.eu/gbfs/2.2/mobi/en/free_bike_status.json,2026-07-06T18:18:00Z,2026-07-06T18:18:00Z
mobi_vancouver,mobi_vancouver_0c823ad0-ec24-4b3b-a421-b3e2a0a2da15,0c823ad0-ec24-4b3b-a421-b3e2a0a2da15,49.257654,-123.153212,1,FALSE,FALSE,21200,0113,1783361838,2026-07-06T18:18:01Z,2026-07-06T18:18:01Z,2026-07-06T18:17:16Z,2.2,https://gbfs.kappa.fifteen.eu/gbfs/2.2/mobi/en/gbfs.json,https://gbfs.kappa.fifteen.eu/gbfs/2.2/mobi/en/free_bike_status.json,2026-07-06T18:18:00Z,2026-07-06T18:18:00Z
mobi_vancouver,mobi_vancouver_672aeb1a-c889-4628-a3bf-17c3637cfb89,672aeb1a-c889-4628-a3bf-17c3637cfb89,49.273471,-123.118016,1,FALSE,FALSE,21200,0017,1783361838,2026-07-06T18:18:01Z,2026-07-06T18:18:01Z,2026-07-06T18:17:16Z,2.2,https://gbfs.kappa.fifteen.eu/gbfs/2.2/mobi/en/gbfs.json,https://gbfs.kappa.fifteen.eu/gbfs/2.2/mobi/en/free_bike_status.json,2026-07-06T18:18:00Z,2026-07-06T18:18:00Z
mobi_vancouver,mobi_vancouver_3db0c19c-0284-4417-92c7-2f06af7c14f7,3db0c19c-0284-4417-92c7-2f06af7c14f7,49.269969,-123.109623,1,FALSE,FALSE,21200,0173,1783361838,2026-07-06T18:18:01Z,2026-07-06T18:18:01Z,2026-07-06T18:17:16Z,2.2,https://gbfs.kappa.fifteen.eu/gbfs/2.2/mobi/en/gbfs.json,https://gbfs.kappa.fifteen.eu/gbfs/2.2/mobi/en/free_bike_status.json,2026-07-06T18:18:00Z,2026-07-06T18:18:00Z
mobi_vancouver,mobi_vancouver_260da84b-ddb2-42d5-a48d-c2c96a9483ac,260da84b-ddb2-42d5-a48d-c2c96a9483ac,49.263837,-123.105173,1,FALSE,FALSE,21200,0107,1783361838,2026-07-06T18:18:01Z,2026-07-06T18:18:01Z,2026-07-06T18:17:16Z,2.2,https://gbfs.kappa.fifteen.eu/gbfs/2.2/mobi/en/gbfs.json,https://gbfs.kappa.fifteen.eu/gbfs/2.2/mobi/en/free_bike_status.json,2026-07-06T18:18:00Z,2026-07-06T18:18:00Z
mobi_vancouver,mobi_vancouver_9d500845-6cce-4fdc-9fb1-bba596bf21fc,9d500845-6cce-4fdc-9fb1-bba596bf21fc,49.266476,-123.109389,1,FALSE,FALSE,21200,0165,1783361838,2026-07-06T18:18:01Z,2026-07-06T18:18:01Z,2026-07-06T18:17:16Z,2.2,https://gbfs.kappa.fifteen.eu/gbfs/2.2/mobi/en/gbfs.json,https://gbfs.kappa.fifteen.eu/gbfs/2.2/mobi/en/free_bike_status.json,2026-07-06T18:18:00Z,2026-07-06T18:18:00Z
mobi_vancouver,mobi_vancouver_d5cd8d61-00fd-45f2-9ad0-473e6bea0516,d5cd8d61-00fd-45f2-9ad0-473e6bea0516,49.266476,-123.109389,1,FALSE,FALSE,21200,0165,1783361838,2026-07-06T18:18:01Z,2026-07-06T18:18:01Z,2026-07-06T18:17:16Z,2.2,https://gbfs.kappa.fifteen.eu/gbfs/2.2/mobi/en/gbfs.json,https://gbfs.kappa.fifteen.eu/gbfs/2.2/mobi/en/free_bike_status.json,2026-07-06T18:18:00Z,2026-07-06T18:18:00Z
mobi_vancouver,mobi_vancouver_5b4a3a90-3299-47fc-a0fa-ffd61fae0063,5b4a3a90-3299-47fc-a0fa-ffd61fae0063,49.27023,-123.10651,1,FALSE,FALSE,21200,0174,1783361838,2026-07-06T18:18:01Z,2026-07-06T18:18:01Z,2026-07-06T18:17:16Z,2.2,https://gbfs.kappa.fifteen.eu/gbfs/2.2/mobi/en/gbfs.json,https://gbfs.kappa.fifteen.eu/gbfs/2.2/mobi/en/free_bike_status.json,2026-07-06T18:18:00Z,2026-07-06T18:18:00Z
mobi_vancouver,mobi_vancouver_be49a4d0-88f2-4cdd-9ea4-06c7fd84868f,be49a4d0-88f2-4cdd-9ea4-06c7fd84868f,49.270721,-123.146175,1,FALSE,FALSE,21200,0108,1783361838,2026-07-06T18:18:01Z,2026-07-06T18:18:01Z,2026-07-06T18:17:16Z,2.2,https://gbfs.kappa.fifteen.eu/gbfs/2.2/mobi/en/gbfs.json,https://gbfs.kappa.fifteen.eu/gbfs/2.2/mobi/en/free_bike_status.json,2026-07-06T18:18:00Z,2026-07-06T18:18:00Z
mobi_vancouver,mobi_vancouver_a2770a3d-07ca-4027-8df6-3caea490fa2a,a2770a3d-07ca-4027-8df6-3caea490fa2a,49.277141,-123.122589,1,FALSE,FALSE,21200,0138,1783361838,2026-07-06T18:18:01Z,2026-07-06T18:18:01Z,2026-07-06T18:17:16Z,2.2,https://gbfs.kappa.fifteen.eu/gbfs/2.2/mobi/en/gbfs.json,https://gbfs.kappa.fifteen.eu/gbfs/2.2/mobi/en/free_bike_status.json,2026-07-06T18:18:00Z,2026-07-06T18:18:00Z
mobi_vancouver,mobi_vancouver_c402f343-f8c4-4fb6-9dd5-a9aad2031cff,c402f343-f8c4-4fb6-9dd5-a9aad2031cff,49.275938,-123.145939,1,FALSE,FALSE,21200,0147,1783361838,2026-07-06T18:18:01Z,2026-07-06T18:18:01Z,2026-07-06T18:17:16Z,2.2,https://gbfs.kappa.fifteen.eu/gbfs/2.2/mobi/en/gbfs.json,https://gbfs.kappa.fifteen.eu/gbfs/2.2/mobi/en/free_bike_status.json,2026-07-06T18:18:00Z,2026-07-06T18:18:00Z
mobi_vancouver,mobi_vancouver_190b20f3-9e94-46ff-841e-423cd97485ac,190b20f3-9e94-46ff-841e-423cd97485ac,49.274566,-123.121817,1,FALSE,FALSE,21200,0004,1783361838,2026-07-06T18:18:01Z,2026-07-06T18:18:01Z,2026-07-06T18:17:16Z,2.2,https://gbfs.kappa.fifteen.eu/gbfs/2.2/mobi/en/gbfs.json,https://gbfs.kappa.fifteen.eu/gbfs/2.2/mobi/en/free_bike_status.json,2026-07-06T18:18:00Z,2026-07-06T18:18:00Z
mobi_vancouver,mobi_vancouver_f4ecae43-3be3-450d-b2c1-519896038018,f4ecae43-3be3-450d-b2c1-519896038018,49.279342,-123.101822,1,FALSE,FALSE,21200,0055,1783361838,2026-07-06T18:18:01Z,2026-07-06T18:18:01Z,2026-07-06T18:17:16Z,2.2,https://gbfs.kappa.fifteen.eu/gbfs/2.2/mobi/en/gbfs.json,https://gbfs.kappa.fifteen.eu/gbfs/2.2/mobi/en/free_bike_status.json,2026-07-06T18:18:00Z,2026-07-06T18:18:00Z
mobi_vancouver,mobi_vancouver_25be77e6-647f-42ce-9651-a10053ae5fde,25be77e6-647f-42ce-9651-a10053ae5fde,49.271741,-123.155421,1,FALSE,FALSE,21200,0204,1783361838,2026-07-06T18:18:01Z,2026-07-06T18:18:01Z,2026-07-06T18:17:16Z,2.2,https://gbfs.kappa.fifteen.eu/gbfs/2.2/mobi/en/gbfs.json,https://gbfs.kappa.fifteen.eu/gbfs/2.2/mobi/en/free_bike_status.json,2026-07-06T18:18:00Z,2026-07-06T18:18:00Z
mobi_vancouver,mobi_vancouver_80a6a5f8-26bb-433b-a95e-7d92d5ce10b7,80a6a5f8-26bb-433b-a95e-7d92d5ce10b7,49.25849,-123.104799,1,FALSE,FALSE,21200,0132,1783361838,2026-07-06T18:18:01Z,2026-07-06T18:18:01Z,2026-07-06T18:17:16Z,2.2,https://gbfs.kappa.fifteen.eu/gbfs/2.2/mobi/en/gbfs.json,https://gbfs.kappa.fifteen.eu/gbfs/2.2/mobi/en/free_bike_status.json,2026-07-06T18:18:00Z,2026-07-06T18:18:00Z
mobi_vancouver,mobi_vancouver_0fbb05d4-74f8-4400-947e-e4cee39b170b,0fbb05d4-74f8-4400-947e-e4cee39b170b,49.266456,-123.100324,1,FALSE,FALSE,21200,0198,1783361838,2026-07-06T18:18:01Z,2026-07-06T18:18:01Z,2026-07-06T18:17:16Z,2.2,https://gbfs.kappa.fifteen.eu/gbfs/2.2/mobi/en/gbfs.json,https://gbfs.kappa.fifteen.eu/gbfs/2.2/mobi/en/free_bike_status.json,2026-07-06T18:18:00Z,2026-07-06T18:18:00Z
mobi_vancouver,mobi_vancouver_81aa9e2a-6e1a-4332-a673-2afe8ef53a9e,81aa9e2a-6e1a-4332-a673-2afe8ef53a9e,49.266774,-123.141135,1,FALSE,FALSE,21200,0153,1783361838,2026-07-06T18:18:01Z,2026-07-06T18:18:01Z,2026-07-06T18:17:16Z,2.2,https://gbfs.kappa.fifteen.eu/gbfs/2.2/mobi/en/gbfs.json,https://gbfs.kappa.fifteen.eu/gbfs/2.2/mobi/en/free_bike_status.json,2026-07-06T18:18:00Z,2026-07-06T18:18:00Z
mobi_vancouver,mobi_vancouver_0b4207fa-f00a-4e50-a099-8719c8ff22ba,0b4207fa-f00a-4e50-a099-8719c8ff22ba,49.277595,-123.09583,1,FALSE,FALSE,21200,0212,1783361838,2026-07-06T18:18:01Z,2026-07-06T18:18:01Z,2026-07-06T18:17:16Z,2.2,https://gbfs.kappa.fifteen.eu/gbfs/2.2/mobi/en/gbfs.json,https://gbfs.kappa.fifteen.eu/gbfs/2.2/mobi/en/free_bike_status.json,2026-07-06T18:18:00Z,2026-07-06T18:18:00Z
mobi_vancouver,mobi_vancouver_e0281281-3aca-4f7e-bc08-ae3749c4041e,e0281281-3aca-4f7e-bc08-ae3749c4041e,49.278529,-123.100017,1,FALSE,FALSE,21200,0199,1783361838,2026-07-06T18:18:01Z,2026-07-06T18:18:01Z,2026-07-06T18:17:16Z,2.2,https://gbfs.kappa.fifteen.eu/gbfs/2.2/mobi/en/gbfs.json,https://gbfs.kappa.fifteen.eu/gbfs/2.2/mobi/en/free_bike_status.json,2026-07-06T18:18:00Z,2026-07-06T18:18:00Z
mobi_vancouver,mobi_vancouver_c972ab57-3901-4205-b0d5-11f847451a7c,c972ab57-3901-4205-b0d5-11f847451a7c,49.263746,-123.069892,1,FALSE,FALSE,21200,0254,1783361838,2026-07-06T18:18:01Z,2026-07-06T18:18:01Z,2026-07-06T18:17:16Z,2.2,https://gbfs.kappa.fifteen.eu/gbfs/2.2/mobi/en/gbfs.json,https://gbfs.kappa.fifteen.eu/gbfs/2.2/mobi/en/free_bike_status.json,2026-07-06T18:18:00Z,2026-07-06T18:18:00Z
mobi_vancouver,mobi_vancouver_49b56c94-50df-499e-b18a-326c0f2668b1,49b56c94-50df-499e-b18a-326c0f2668b1,49.263746,-123.069892,1,FALSE,FALSE,21200,0254,1783361838,2026-07-06T18:18:01Z,2026-07-06T18:18:01Z,2026-07-06T18:17:16Z,2.2,https://gbfs.kappa.fifteen.eu/gbfs/2.2/mobi/en/gbfs.json,https://gbfs.kappa.fifteen.eu/gbfs/2.2/mobi/en/free_bike_status.json,2026-07-06T18:18:00Z,2026-07-06T18:18:00Z
mobi_vancouver,mobi_vancouver_9563de76-6bea-4071-b9c6-7ec2690f8e4a,9563de76-6bea-4071-b9c6-7ec2690f8e4a,49.28117,-123.104419,1,FALSE,FALSE,21200,0098,1783361838,2026-07-06T18:18:01Z,2026-07-06T18:18:01Z,2026-07-06T18:17:16Z,2.2,https://gbfs.kappa.fifteen.eu/gbfs/2.2/mobi/en/gbfs.json,https://gbfs.kappa.fifteen.eu/gbfs/2.2/mobi/en/free_bike_status.json,2026-07-06T18:18:00Z,2026-07-06T18:18:00Z
mobi_vancouver,mobi_vancouver_facf5479-ae49-4904-b949-491fb8ed7865,facf5479-ae49-4904-b949-491fb8ed7865,49.283992,-123.091206,1,FALSE,FALSE,21200,0230,1783361838,2026-07-06T18:18:01Z,2026-07-06T18:18:01Z,2026-07-06T18:17:16Z,2.2,https://gbfs.kappa.fifteen.eu/gbfs/2.2/mobi/en/gbfs.json,https://gbfs.kappa.fifteen.eu/gbfs/2.2/mobi/en/free_bike_status.json,2026-07-06T18:18:00Z,2026-07-06T18:18:00Z
mobi_vancouver,mobi_vancouver_3a6354b2-cfc0-4fc5-b88a-759f015efd18,3a6354b2-cfc0-4fc5-b88a-759f015efd18,49.279369,-123.091241,1,FALSE,FALSE,21200,0229,1783361838,2026-07-06T18:18:01Z,2026-07-06T18:18:01Z,2026-07-06T18:17:16Z,2.2,https://gbfs.kappa.fifteen.eu/gbfs/2.2/mobi/en/gbfs.json,https://gbfs.kappa.fifteen.eu/gbfs/2.2/mobi/en/free_bike_status.json,2026-07-06T18:18:00Z,2026-07-06T18:18:00Z
mobi_vancouver,mobi_vancouver_84743648-37a3-410c-8fc4-22ba22252184,84743648-37a3-410c-8fc4-22ba22252184,49.279369,-123.091241,1,FALSE,FALSE,21200,0229,1783361838,2026-07-06T18:18:01Z,2026-07-06T18:18:01Z,2026-07-06T18:17:16Z,2.2,https://gbfs.kappa.fifteen.eu/gbfs/2.2/mobi/en/gbfs.json,https://gbfs.kappa.fifteen.eu/gbfs/2.2/mobi/en/free_bike_status.json,2026-07-06T18:18:00Z,2026-07-06T18:18:00Z
mobi_vancouver,mobi_vancouver_44822b93-38b9-4b5a-80d6-edd001aa7ea9,44822b93-38b9-4b5a-80d6-edd001aa7ea9,49.280852,-123.084746,1,FALSE,FALSE,21200,0227,1783361838,2026-07-06T18:18:01Z,2026-07-06T18:18:01Z,2026-07-06T18:17:16Z,2.2,https://gbfs.kappa.fifteen.eu/gbfs/2.2/mobi/en/gbfs.json,https://gbfs.kappa.fifteen.eu/gbfs/2.2/mobi/en/free_bike_status.json,2026-07-06T18:18:00Z,2026-07-06T18:18:00Z
mobi_vancouver,mobi_vancouver_a87907d9-cb74-48bb-8f41-58130dcfb394,a87907d9-cb74-48bb-8f41-58130dcfb394,49.256496,-123.075426,1,FALSE,FALSE,21200,0283,1783361838,2026-07-06T18:18:01Z,2026-07-06T18:18:01Z,2026-07-06T18:17:16Z,2.2,https://gbfs.kappa.fifteen.eu/gbfs/2.2/mobi/en/gbfs.json,https://gbfs.kappa.fifteen.eu/gbfs/2.2/mobi/en/free_bike_status.json,2026-07-06T18:18:00Z,2026-07-06T18:18:00Z
mobi_vancouver,mobi_vancouver_a574ea45-1f51-4943-962f-aa74092c3e45,a574ea45-1f51-4943-962f-aa74092c3e45,49.267266,-123.090786,1,FALSE,FALSE,21200,0287,1783361838,2026-07-06T18:18:01Z,2026-07-06T18:18:01Z,2026-07-06T18:17:16Z,2.2,https://gbfs.kappa.fifteen.eu/gbfs/2.2/mobi/en/gbfs.json,https://gbfs.kappa.fifteen.eu/gbfs/2.2/mobi/en/free_bike_status.json,2026-07-06T18:18:00Z,2026-07-06T18:18:00Z
mobi_vancouver,mobi_vancouver_3bee69ba-a9c3-456b-a332-13bda857ed83,3bee69ba-a9c3-456b-a332-13bda857ed83,49.266751,-123.073501,1,FALSE,FALSE,21200,0250,1783361838,2026-07-06T18:18:01Z,2026-07-06T18:18:01Z,2026-07-06T18:17:16Z,2.2,https://gbfs.kappa.fifteen.eu/gbfs/2.2/mobi/en/gbfs.json,https://gbfs.kappa.fifteen.eu/gbfs/2.2/mobi/en/free_bike_status.json,2026-07-06T18:18:00Z,2026-07-06T18:18:00Z
mobi_vancouver,mobi_vancouver_3480977d-9d3a-44b7-a98c-9df37eaec058,3480977d-9d3a-44b7-a98c-9df37eaec058,49.254667,-123.101389,1,FALSE,FALSE,21200,0255,1783361838,2026-07-06T18:18:01Z,2026-07-06T18:18:01Z,2026-07-06T18:17:16Z,2.2,https://gbfs.kappa.fifteen.eu/gbfs/2.2/mobi/en/gbfs.json,https://gbfs.kappa.fifteen.eu/gbfs/2.2/mobi/en/free_bike_status.json,2026-07-06T18:18:00Z,2026-07-06T18:18:00Z
mobi_vancouver,mobi_vancouver_f010e798-f951-48c7-82d5-115278c509b6,f010e798-f951-48c7-82d5-115278c509b6,49.283986,-123.065264,1,FALSE,FALSE,21200,0280,1783361838,2026-07-06T18:18:01Z,2026-07-06T18:18:01Z,2026-07-06T18:17:16Z,2.2,https://gbfs.kappa.fifteen.eu/gbfs/2.2/mobi/en/gbfs.json,https://gbfs.kappa.fifteen.eu/gbfs/2.2/mobi/en/free_bike_status.json,2026-07-06T18:18:00Z,2026-07-06T18:18:00Z
mobi_vancouver,mobi_vancouver_b9395768-7c16-400a-b74a-bca07af1f0f7,b9395768-7c16-400a-b74a-bca07af1f0f7,49.283236,-123.070443,1,FALSE,FALSE,21200,0285,1783361838,2026-07-06T18:18:01Z,2026-07-06T18:18:01Z,2026-07-06T18:17:16Z,2.2,https://gbfs.kappa.fifteen.eu/gbfs/2.2/mobi/en/gbfs.json,https://gbfs.kappa.fifteen.eu/gbfs/2.2/mobi/en/free_bike_status.json,2026-07-06T18:18:00Z,2026-07-06T18:18:00Z
mobi_vancouver,mobi_vancouver_7bf0a2df-85a5-414d-9f6d-456bc5301a32,7bf0a2df-85a5-414d-9f6d-456bc5301a32,49.273691,-123.102232,1,FALSE,FALSE,21200,0193,1783361838,2026-07-06T18:18:01Z,2026-07-06T18:18:01Z,2026-07-06T18:17:16Z,2.2,https://gbfs.kappa.fifteen.eu/gbfs/2.2/mobi/en/gbfs.json,https://gbfs.kappa.fifteen.eu/gbfs/2.2/mobi/en/free_bike_status.json,2026-07-06T18:18:00Z,2026-07-06T18:18:00Z
mobi_vancouver,mobi_vancouver_008cf220-cae2-4660-92fc-23bac53a0819,008cf220-cae2-4660-92fc-23bac53a0819,49.273777,-123.092723,1,FALSE,FALSE,21200,0233,1783361838,2026-07-06T18:18:01Z,2026-07-06T18:18:01Z,2026-07-06T18:17:16Z,2.2,https://gbfs.kappa.fifteen.eu/gbfs/2.2/mobi/en/gbfs.json,https://gbfs.kappa.fifteen.eu/gbfs/2.2/mobi/en/free_bike_status.json,2026-07-06T18:18:00Z,2026-07-06T18:18:00Z
mobi_vancouver,mobi_vancouver_398d4150-b853-439b-8d2f-2293750605c4,398d4150-b853-439b-8d2f-2293750605c4,49.257985,-123.083366,1,FALSE,FALSE,21200,0281,1783361838,2026-07-06T18:18:01Z,2026-07-06T18:18:01Z,2026-07-06T18:17:16Z,2.2,https://gbfs.kappa.fifteen.eu/gbfs/2.2/mobi/en/gbfs.json,https://gbfs.kappa.fifteen.eu/gbfs/2.2/mobi/en/free_bike_status.json,2026-07-06T18:18:00Z,2026-07-06T18:18:00Z
mobi_vancouver,mobi_vancouver_8ff7e7f6-b864-42b1-b973-e12ceb3c0d4a,8ff7e7f6-b864-42b1-b973-e12ceb3c0d4a,49.302577,-123.155616,1,FALSE,FALSE,21200,0103,1783361838,2026-07-06T18:18:01Z,2026-07-06T18:18:01Z,2026-07-06T18:17:16Z,2.2,https://gbfs.kappa.fifteen.eu/gbfs/2.2/mobi/en/gbfs.json,https://gbfs.kappa.fifteen.eu/gbfs/2.2/mobi/en/free_bike_status.json,2026-07-06T18:18:00Z,2026-07-06T18:18:00Z
mobi_vancouver,mobi_vancouver_a037b23e-e349-4d5b-a0c6-a2ef262a6c36,a037b23e-e349-4d5b-a0c6-a2ef262a6c36,49.279235,-123.087528,1,FALSE,FALSE,21200,0228,1783361838,2026-07-06T18:18:01Z,2026-07-06T18:18:01Z,2026-07-06T18:17:16Z,2.2,https://gbfs.kappa.fifteen.eu/gbfs/2.2/mobi/en/gbfs.json,https://gbfs.kappa.fifteen.eu/gbfs/2.2/mobi/en/free_bike_status.json,2026-07-06T18:18:00Z,2026-07-06T18:18:00Z
mobi_vancouver,mobi_vancouver_f46ade58-69ee-4d8a-9971-a6c25ff9003e,f46ade58-69ee-4d8a-9971-a6c25ff9003e,49.263962,-123.112621,1,FALSE,FALSE,21200,0170,1783361838,2026-07-06T18:18:01Z,2026-07-06T18:18:01Z,2026-07-06T18:17:16Z,2.2,https://gbfs.kappa.fifteen.eu/gbfs/2.2/mobi/en/gbfs.json,https://gbfs.kappa.fifteen.eu/gbfs/2.2/mobi/en/free_bike_status.json,2026-07-06T18:18:00Z,2026-07-06T18:18:00Z
mobi_vancouver,mobi_vancouver_c899876f-935c-4192-aad8-013575ec144d,c899876f-935c-4192-aad8-013575ec144d,49.263962,-123.112621,1,FALSE,FALSE,21200,0170,1783361838,2026-07-06T18:18:01Z,2026-07-06T18:18:01Z,2026-07-06T18:17:16Z,2.2,https://gbfs.kappa.fifteen.eu/gbfs/2.2/mobi/en/gbfs.json,https://gbfs.kappa.fifteen.eu/gbfs/2.2/mobi/en/free_bike_status.json,2026-07-06T18:18:00Z,2026-07-06T18:18:00Z
mobi_vancouver,mobi_vancouver_55cd8b40-ea6f-4c67-badc-9f6bf152ceb7,55cd8b40-ea6f-4c67-badc-9f6bf152ceb7,49.264326,-123.164725,1,FALSE,FALSE,21200,0464,1783361838,2026-07-06T18:18:01Z,2026-07-06T18:18:01Z,2026-07-06T18:17:16Z,2.2,https://gbfs.kappa.fifteen.eu/gbfs/2.2/mobi/en/gbfs.json,https://gbfs.kappa.fifteen.eu/gbfs/2.2/mobi/en/free_bike_status.json,2026-07-06T18:18:00Z,2026-07-06T18:18:00Z
mobi_vancouver,mobi_vancouver_e3cfb865-e6c2-4aa7-ae5b-7c73da37a5af,e3cfb865-e6c2-4aa7-ae5b-7c73da37a5af,49.264326,-123.164725,1,FALSE,FALSE,21200,0464,1783361838,2026-07-06T18:18:01Z,2026-07-06T18:18:01Z,2026-07-06T18:17:16Z,2.2,https://gbfs.kappa.fifteen.eu/gbfs/2.2/mobi/en/gbfs.json,https://gbfs.kappa.fifteen.eu/gbfs/2.2/mobi/en/free_bike_status.json,2026-07-06T18:18:00Z,2026-07-06T18:18:00Z
mobi_vancouver,mobi_vancouver_d78d0642-7239-4a13-be78-5567bbadd1ae,d78d0642-7239-4a13-be78-5567bbadd1ae,49.266636,-123.183661,1,FALSE,FALSE,21200,0414,1783361838,2026-07-06T18:18:01Z,2026-07-06T18:18:01Z,2026-07-06T18:17:16Z,2.2,https://gbfs.kappa.fifteen.eu/gbfs/2.2/mobi/en/gbfs.json,https://gbfs.kappa.fifteen.eu/gbfs/2.2/mobi/en/free_bike_status.json,2026-07-06T18:18:00Z,2026-07-06T18:18:00Z
mobi_vancouver,mobi_vancouver_bc6f2b01-bc21-4bcf-b6a5-cfcc04841eb9,bc6f2b01-bc21-4bcf-b6a5-cfcc04841eb9,49.246243,-123.124373,1,FALSE,FALSE,21200,0505,1783361838,2026-07-06T18:18:01Z,2026-07-06T18:18:01Z,2026-07-06T18:17:16Z,2.2,https://gbfs.kappa.fifteen.eu/gbfs/2.2/mobi/en/gbfs.json,https://gbfs.kappa.fifteen.eu/gbfs/2.2/mobi/en/free_bike_status.json,2026-07-06T18:18:00Z,2026-07-06T18:18:00Z
mobi_vancouver,mobi_vancouver_48af33cf-2a19-4318-9072-8f3ca2361be0,48af33cf-2a19-4318-9072-8f3ca2361be0,49.246243,-123.124373,1,FALSE,FALSE,21200,0505,1783361838,2026-07-06T18:18:01Z,2026-07-06T18:18:01Z,2026-07-06T18:17:16Z,2.2,https://gbfs.kappa.fifteen.eu/gbfs/2.2/mobi/en/gbfs.json,https://gbfs.kappa.fifteen.eu/gbfs/2.2/mobi/en/free_bike_status.json,2026-07-06T18:18:00Z,2026-07-06T18:18:00Z
mobi_vancouver,mobi_vancouver_f9de3e8b-2254-48e6-a3aa-ac465a2fd6da,f9de3e8b-2254-48e6-a3aa-ac465a2fd6da,49.282087,-123.056909,1,FALSE,FALSE,21200,0642,1783361838,2026-07-06T18:18:01Z,2026-07-06T18:18:01Z,2026-07-06T18:17:16Z,2.2,https://gbfs.kappa.fifteen.eu/gbfs/2.2/mobi/en/gbfs.json,https://gbfs.kappa.fifteen.eu/gbfs/2.2/mobi/en/free_bike_status.json,2026-07-06T18:18:00Z,2026-07-06T18:18:00Z
mobi_vancouver,mobi_vancouver_fca41a78-165d-468f-823c-dfc5e2d395ac,fca41a78-165d-468f-823c-dfc5e2d395ac,49.285575,-123.061575,1,FALSE,FALSE,21200,0621,1783361838,2026-07-06T18:18:01Z,2026-07-06T18:18:01Z,2026-07-06T18:17:16Z,2.2,https://gbfs.kappa.fifteen.eu/gbfs/2.2/mobi/en/gbfs.json,https://gbfs.kappa.fifteen.eu/gbfs/2.2/mobi/en/free_bike_status.json,2026-07-06T18:18:00Z,2026-07-06T18:18:00Z
mobi_vancouver,mobi_vancouver_492b8c31-dc25-4850-9222-55bed32c0edf,492b8c31-dc25-4850-9222-55bed32c0edf,49.25094,-123.101306,1,FALSE,FALSE,21200,0563,1783361838,2026-07-06T18:18:01Z,2026-07-06T18:18:01Z,2026-07-06T18:17:16Z,2.2,https://gbfs.kappa.fifteen.eu/gbfs/2.2/mobi/en/gbfs.json,https://gbfs.kappa.fifteen.eu/gbfs/2.2/mobi/en/free_bike_status.json,2026-07-06T18:18:00Z,2026-07-06T18:18:00Z
mobi_vancouver,mobi_vancouver_9fb368d1-47de-440c-aadf-e0af1904ef32,9fb368d1-47de-440c-aadf-e0af1904ef32,49.2658,-123.20596,1,FALSE,FALSE,21200,0715,1783361838,2026-07-06T18:18:01Z,2026-07-06T18:18:01Z,2026-07-06T18:17:16Z,2.2,https://gbfs.kappa.fifteen.eu/gbfs/2.2/mobi/en/gbfs.json,https://gbfs.kappa.fifteen.eu/gbfs/2.2/mobi/en/free_bike_status.json,2026-07-06T18:18:00Z,2026-07-06T18:18:00Z
mobi_vancouver,mobi_vancouver_42774318-5afb-443e-9565-ac31b0fd0bfe,42774318-5afb-443e-9565-ac31b0fd0bfe,49.2658,-123.20596,1,FALSE,FALSE,21200,0715,1783361838,2026-07-06T18:18:01Z,2026-07-06T18:18:01Z,2026-07-06T18:17:16Z,2.2,https://gbfs.kappa.fifteen.eu/gbfs/2.2/mobi/en/gbfs.json,https://gbfs.kappa.fifteen.eu/gbfs/2.2/mobi/en/free_bike_status.json,2026-07-06T18:18:00Z,2026-07-06T18:18:00Z
mobi_vancouver,mobi_vancouver_b283a34e-5052-44e6-87a2-dd21e0eb2302,b283a34e-5052-44e6-87a2-dd21e0eb2302,49.266579,-123.248549,1,FALSE,FALSE,21200,2143,1783361838,2026-07-06T18:18:01Z,2026-07-06T18:18:01Z,2026-07-06T18:17:16Z,2.2,https://gbfs.kappa.fifteen.eu/gbfs/2.2/mobi/en/gbfs.json,https://gbfs.kappa.fifteen.eu/gbfs/2.2/mobi/en/free_bike_status.json,2026-07-06T18:18:00Z,2026-07-06T18:18:00Z
mobi_vancouver,mobi_vancouver_aa00e71b-0da8-48e7-adc2-b123f8f4e384,aa00e71b-0da8-48e7-adc2-b123f8f4e384,49.266579,-123.248549,1,FALSE,FALSE,21200,2143,1783361838,2026-07-06T18:18:01Z,2026-07-06T18:18:01Z,2026-07-06T18:17:16Z,2.2,https://gbfs.kappa.fifteen.eu/gbfs/2.2/mobi/en/gbfs.json,https://gbfs.kappa.fifteen.eu/gbfs/2.2/mobi/en/free_bike_status.json,2026-07-06T18:18:00Z,2026-07-06T18:18:00Z
mobi_vancouver,mobi_vancouver_0f7f1cc1-3c7a-4a68-b700-0334e3d5cc1e,0f7f1cc1-3c7a-4a68-b700-0334e3d5cc1e,49.263073,-123.254307,1,FALSE,FALSE,21200,2114,1783361838,2026-07-06T18:18:01Z,2026-07-06T18:18:01Z,2026-07-06T18:17:16Z,2.2,https://gbfs.kappa.fifteen.eu/gbfs/2.2/mobi/en/gbfs.json,https://gbfs.kappa.fifteen.eu/gbfs/2.2/mobi/en/free_bike_status.json,2026-07-06T18:18:00Z,2026-07-06T18:18:00Z
mobi_vancouver,mobi_vancouver_6f5e6aa7-9d2b-49b4-b887-18448d557923,6f5e6aa7-9d2b-49b4-b887-18448d557923,49.283482,-123.103738,1,FALSE,FALSE,21200,0013,1783361838,2026-07-06T18:18:01Z,2026-07-06T18:18:01Z,2026-07-06T18:17:16Z,2.2,https://gbfs.kappa.fifteen.eu/gbfs/2.2/mobi/en/gbfs.json,https://gbfs.kappa.fifteen.eu/gbfs/2.2/mobi/en/free_bike_status.json,2026-07-06T18:18:00Z,2026-07-06T18:18:00Z
mobi_vancouver,mobi_vancouver_528019f1-5dc5-46f5-a85a-ef04ca87abbd,528019f1-5dc5-46f5-a85a-ef04ca87abbd,49.261655,-123.241924,1,FALSE,FALSE,21200,2157,1783361838,2026-07-06T18:18:01Z,2026-07-06T18:18:01Z,2026-07-06T18:17:16Z,2.2,https://gbfs.kappa.fifteen.eu/gbfs/2.2/mobi/en/gbfs.json,https://gbfs.kappa.fifteen.eu/gbfs/2.2/mobi/en/free_bike_status.json,2026-07-06T18:18:00Z,2026-07-06T18:18:00Z
mobi_vancouver,mobi_vancouver_a027d75b-d1b1-463a-8ffc-eec0817c6fab,a027d75b-d1b1-463a-8ffc-eec0817c6fab,49.261736,-123.24648,1,FALSE,FALSE,21200,2136,1783361838,2026-07-06T18:18:01Z,2026-07-06T18:18:01Z,2026-07-06T18:17:16Z,2.2,https://gbfs.kappa.fifteen.eu/gbfs/2.2/mobi/en/gbfs.json,https://gbfs.kappa.fifteen.eu/gbfs/2.2/mobi/en/free_bike_status.json,2026-07-06T18:18:00Z,2026-07-06T18:18:00Z
mobi_vancouver,mobi_vancouver_5de58eaf-538a-4480-85a1-a018426c57f0,5de58eaf-538a-4480-85a1-a018426c57f0,49.26213,-123.11989,1,FALSE,FALSE,21200,0121,1783361838,2026-07-06T18:18:01Z,2026-07-06T18:18:01Z,2026-07-06T18:17:16Z,2.2,https://gbfs.kappa.fifteen.eu/gbfs/2.2/mobi/en/gbfs.json,https://gbfs.kappa.fifteen.eu/gbfs/2.2/mobi/en/free_bike_status.json,2026-07-06T18:18:00Z,2026-07-06T18:18:00Z
mobi_vancouver,mobi_vancouver_588571fb-c61b-40cf-bbc2-3899d0071ab6,588571fb-c61b-40cf-bbc2-3899d0071ab6,49.26213,-123.11989,1,FALSE,FALSE,21200,0121,1783361838,2026-07-06T18:18:01Z,2026-07-06T18:18:01Z,2026-07-06T18:17:16Z,2.2,https://gbfs.kappa.fifteen.eu/gbfs/2.2/mobi/en/gbfs.json,https://gbfs.kappa.fifteen.eu/gbfs/2.2/mobi/en/free_bike_status.json,2026-07-06T18:18:00Z,2026-07-06T18:18:00Z
mobi_vancouver,mobi_vancouver_3f171208-067c-4885-b797-030b57c858db,3f171208-067c-4885-b797-030b57c858db,49.271721,-123.104207,1,FALSE,FALSE,21600,0011,1783361838,2026-07-06T18:18:01Z,2026-07-06T18:18:01Z,2026-07-06T18:17:16Z,2.2,https://gbfs.kappa.fifteen.eu/gbfs/2.2/mobi/en/gbfs.json,https://gbfs.kappa.fifteen.eu/gbfs/2.2/mobi/en/free_bike_status.json,2026-07-06T18:18:00Z,2026-07-06T18:18:00Z
mobi_vancouver,mobi_vancouver_07aaef29-ecce-4b60-b8f1-65cd8185dc6b,07aaef29-ecce-4b60-b8f1-65cd8185dc6b,49.262487,-123.114397,1,FALSE,FALSE,21600,0001,1783361838,2026-07-06T18:18:01Z,2026-07-06T18:18:01Z,2026-07-06T18:17:16Z,2.2,https://gbfs.kappa.fifteen.eu/gbfs/2.2/mobi/en/gbfs.json,https://gbfs.kappa.fifteen.eu/gbfs/2.2/mobi/en/free_bike_status.json,2026-07-06T18:18:00Z,2026-07-06T18:18:00Z
mobi_vancouver,mobi_vancouver_7953144f-cbc5-4fbd-8f8c-b29ab73dc090,7953144f-cbc5-4fbd-8f8c-b29ab73dc090,49.262487,-123.114397,1,FALSE,FALSE,21600,0001,1783361838,2026-07-06T18:18:01Z,2026-07-06T18:18:01Z,2026-07-06T18:17:16Z,2.2,https://gbfs.kappa.fifteen.eu/gbfs/2.2/mobi/en/gbfs.json,https://gbfs.kappa.fifteen.eu/gbfs/2.2/mobi/en/free_bike_status.json,2026-07-06T18:18:00Z,2026-07-06T18:18:00Z
mobi_vancouver,mobi_vancouver_66cd12b8-0a59-4923-a487-d661f65bc38e,66cd12b8-0a59-4923-a487-d661f65bc38e,49.262487,-123.114397,1,FALSE,FALSE,21600,0001,1783361838,2026-07-06T18:18:01Z,2026-07-06T18:18:01Z,2026-07-06T18:17:16Z,2.2,https://gbfs.kappa.fifteen.eu/gbfs/2.2/mobi/en/gbfs.json,https://gbfs.kappa.fifteen.eu/gbfs/2.2/mobi/en/free_bike_status.json,2026-07-06T18:18:00Z,2026-07-06T18:18:00Z
mobi_vancouver,mobi_vancouver_516a3ae2-f217-4a79-8793-4955c7aabe2c,516a3ae2-f217-4a79-8793-4955c7aabe2c,49.285871,-123.12105,1,FALSE,FALSE,21600,0002,1783361838,2026-07-06T18:18:01Z,2026-07-06T18:18:01Z,2026-07-06T18:17:16Z,2.2,https://gbfs.kappa.fifteen.eu/gbfs/2.2/mobi/en/gbfs.json,https://gbfs.kappa.fifteen.eu/gbfs/2.2/mobi/en/free_bike_status.json,2026-07-06T18:18:00Z,2026-07-06T18:18:00Z
mobi_vancouver,mobi_vancouver_25a630ba-cc35-441f-b467-e9c81bced1de,25a630ba-cc35-441f-b467-e9c81bced1de,49.278095,-123.114685,1,FALSE,FALSE,21600,0026,1783361838,2026-07-06T18:18:01Z,2026-07-06T18:18:01Z,2026-07-06T18:17:16Z,2.2,https://gbfs.kappa.fifteen.eu/gbfs/2.2/mobi/en/gbfs.json,https://gbfs.kappa.fifteen.eu/gbfs/2.2/mobi/en/free_bike_status.json,2026-07-06T18:18:00Z,2026-07-06T18:18:00Z
mobi_vancouver,mobi_vancouver_e54fb670-4ddc-420a-a998-5b94efee20a6,e54fb670-4ddc-420a-a998-5b94efee20a6,49.28803,-123.142135,1,FALSE,FALSE,21600,0031,1783361838,2026-07-06T18:18:01Z,2026-07-06T18:18:01Z,2026-07-06T18:17:16Z,2.2,https://gbfs.kappa.fifteen.eu/gbfs/2.2/mobi/en/gbfs.json,https://gbfs.kappa.fifteen.eu/gbfs/2.2/mobi/en/free_bike_status.json,2026-07-06T18:18:00Z,2026-07-06T18:18:00Z
mobi_vancouver,mobi_vancouver_0ceeae80-95d1-4e67-a43f-43a54af5d3b7,0ceeae80-95d1-4e67-a43f-43a54af5d3b7,49.28616,-123.12675,1,FALSE,FALSE,21600,0036,1783361838,2026-07-06T18:18:01Z,2026-07-06T18:18:01Z,2026-07-06T18:17:16Z,2.2,https://gbfs.kappa.fifteen.eu/gbfs/2.2/mobi/en/gbfs.json,https://gbfs.kappa.fifteen.eu/gbfs/2.2/mobi/en/free_bike_status.json,2026-07-06T18:18:00Z,2026-07-06T18:18:00Z
mobi_vancouver,mobi_vancouver_2bcd9fba-21ff-4e7d-a285-7ae8ccd80e3a,2bcd9fba-21ff-4e7d-a285-7ae8ccd80e3a,49.289255,-123.132677,1,FALSE,FALSE,21600,0041,1783361838,2026-07-06T18:18:01Z,2026-07-06T18:18:01Z,2026-07-06T18:17:16Z,2.2,https://gbfs.kappa.fifteen.eu/gbfs/2.2/mobi/en/gbfs.json,https://gbfs.kappa.fifteen.eu/gbfs/2.2/mobi/en/free_bike_status.json,2026-07-06T18:18:00Z,2026-07-06T18:18:00Z
mobi_vancouver,mobi_vancouver_40092177-d60c-4d91-bbdf-f5e47f738184,40092177-d60c-4d91-bbdf-f5e47f738184,49.287528,-123.142139,1,FALSE,FALSE,21600,0028,1783361838,2026-07-06T18:18:01Z,2026-07-06T18:18:01Z,2026-07-06T18:17:16Z,2.2,https://gbfs.kappa.fifteen.eu/gbfs/2.2/mobi/en/gbfs.json,https://gbfs.kappa.fifteen.eu/gbfs/2.2/mobi/en/free_bike_status.json,2026-07-06T18:18:00Z,2026-07-06T18:18:00Z
mobi_vancouver,mobi_vancouver_0aa3dd1a-d42b-4b3a-88bf-e0f58c3e6443,0aa3dd1a-d42b-4b3a-88bf-e0f58c3e6443,49.258763,-123.115392,1,FALSE,FALSE,21600,0072,1783361838,2026-07-06T18:18:01Z,2026-07-06T18:18:01Z,2026-07-06T18:17:16Z,2.2,https://gbfs.kappa.fifteen.eu/gbfs/2.2/mobi/en/gbfs.json,https://gbfs.kappa.fifteen.eu/gbfs/2.2/mobi/en/free_bike_status.json,2026-07-06T18:18:00Z,2026-07-06T18:18:00Z
mobi_vancouver,mobi_vancouver_d68cb9a4-1d68-4dc1-bb77-7e01ff5294cb,d68cb9a4-1d68-4dc1-bb77-7e01ff5294cb,49.268269,-123.147885,1,FALSE,FALSE,21600,0076,1783361838,2026-07-06T18:18:01Z,2026-07-06T18:18:01Z,2026-07-06T18:17:16Z,2.2,https://gbfs.kappa.fifteen.eu/gbfs/2.2/mobi/en/gbfs.json,https://gbfs.kappa.fifteen.eu/gbfs/2.2/mobi/en/free_bike_status.json,2026-07-06T18:18:00Z,2026-07-06T18:18:00Z
mobi_vancouver,mobi_vancouver_9ed54d17-7d6e-4d5b-acb8-fc32cd052b73,9ed54d17-7d6e-4d5b-acb8-fc32cd052b73,49.28526,-123.141809,1,FALSE,FALSE,21600,0060,1783361838,2026-07-06T18:18:01Z,2026-07-06T18:18:01Z,2026-07-06T18:17:16Z,2.2,https://gbfs.kappa.fifteen.eu/gbfs/2.2/mobi/en/gbfs.json,https://gbfs.kappa.fifteen.eu/gbfs/2.2/mobi/en/free_bike_status.json,2026-07-06T18:18:00Z,2026-07-06T18:18:00Z
mobi_vancouver,mobi_vancouver_6035a61e-c68f-4193-a1af-fc0ab7249106,6035a61e-c68f-4193-a1af-fc0ab7249106,49.273663,-123.127075,1,FALSE,FALSE,21600,0044,1783361838,2026-07-06T18:18:01Z,2026-07-06T18:18:01Z,2026-07-06T18:17:16Z,2.2,https://gbfs.kappa.fifteen.eu/gbfs/2.2/mobi/en/gbfs.json,https://gbfs.kappa.fifteen.eu/gbfs/2.2/mobi/en/free_bike_status.json,2026-07-06T18:18:00Z,2026-07-06T18:18:00Z
mobi_vancouver,mobi_vancouver_7f68d191-33fd-40d5-81b3-f6d0945c31bc,7f68d191-33fd-40d5-81b3-f6d0945c31bc,49.273471,-123.118016,1,FALSE,FALSE,21600,0017,1783361838,2026-07-06T18:18:01Z,2026-07-06T18:18:01Z,2026-07-06T18:17:16Z,2.2,https://gbfs.kappa.fifteen.eu/gbfs/2.2/mobi/en/gbfs.json,https://gbfs.kappa.fifteen.eu/gbfs/2.2/mobi/en/free_bike_status.json,2026-07-06T18:18:00Z,2026-07-06T18:18:00Z
mobi_vancouver,mobi_vancouver_6a466b36-209e-49f5-8124-b7a90344ea0e,6a466b36-209e-49f5-8124-b7a90344ea0e,49.2653,-123.13811,1,FALSE,FALSE,21600,0069,1783361838,2026-07-06T18:18:01Z,2026-07-06T18:18:01Z,2026-07-06T18:17:16Z,2.2,https://gbfs.kappa.fifteen.eu/gbfs/2.2/mobi/en/gbfs.json,https://gbfs.kappa.fifteen.eu/gbfs/2.2/mobi/en/free_bike_status.json,2026-07-06T18:18:00Z,2026-07-06T18:18:00Z
mobi_vancouver,mobi_vancouver_1d65f313-81cf-4a6e-8bcd-09d27138779d,1d65f313-81cf-4a6e-8bcd-09d27138779d,49.263837,-123.105173,1,FALSE,FALSE,21600,0107,1783361838,2026-07-06T18:18:01Z,2026-07-06T18:18:01Z,2026-07-06T18:17:16Z,2.2,https://gbfs.kappa.fifteen.eu/gbfs/2.2/mobi/en/gbfs.json,https://gbfs.kappa.fifteen.eu/gbfs/2.2/mobi/en/free_bike_status.json,2026-07-06T18:18:00Z,2026-07-06T18:18:00Z
mobi_vancouver,mobi_vancouver_93a16ae6-413e-4529-8475-5bb87efe84dc,93a16ae6-413e-4529-8475-5bb87efe84dc,49.263837,-123.105173,1,FALSE,FALSE,21600,0107,1783361838,2026-07-06T18:18:01Z,2026-07-06T18:18:01Z,2026-07-06T18:17:16Z,2.2,https://gbfs.kappa.fifteen.eu/gbfs/2.2/mobi/en/gbfs.json,https://gbfs.kappa.fifteen.eu/gbfs/2.2/mobi/en/free_bike_status.json,2026-07-06T18:18:00Z,2026-07-06T18:18:00Z
mobi_vancouver,mobi_vancouver_d8ba1e5c-7de5-49d4-912f-868f567caddb,d8ba1e5c-7de5-49d4-912f-868f567caddb,49.266476,-123.109389,1,FALSE,FALSE,21600,0165,1783361838,2026-07-06T18:18:01Z,2026-07-06T18:18:01Z,2026-07-06T18:17:16Z,2.2,https://gbfs.kappa.fifteen.eu/gbfs/2.2/mobi/en/gbfs.json,https://gbfs.kappa.fifteen.eu/gbfs/2.2/mobi/en/free_bike_status.json,2026-07-06T18:18:00Z,2026-07-06T18:18:00Z
mobi_vancouver,mobi_vancouver_5362b44f-2a1e-4e8d-b1a3-95c23ab0bfa7,5362b44f-2a1e-4e8d-b1a3-95c23ab0bfa7,49.266476,-123.109389,1,FALSE,FALSE,21600,0165,1783361838,2026-07-06T18:18:01Z,2026-07-06T18:18:01Z,2026-07-06T18:17:16Z,2.2,https://gbfs.kappa.fifteen.eu/gbfs/2.2/mobi/en/gbfs.json,https://gbfs.kappa.fifteen.eu/gbfs/2.2/mobi/en/free_bike_status.json,2026-07-06T18:18:00Z,2026-07-06T18:18:00Z
mobi_vancouver,mobi_vancouver_0696b9f0-99f9-4ac8-96ba-5c351d48798c,0696b9f0-99f9-4ac8-96ba-5c351d48798c,49.277141,-123.122589,1,FALSE,FALSE,21600,0138,1783361838,2026-07-06T18:18:01Z,2026-07-06T18:18:01Z,2026-07-06T18:17:16Z,2.2,https://gbfs.kappa.fifteen.eu/gbfs/2.2/mobi/en/gbfs.json,https://gbfs.kappa.fifteen.eu/gbfs/2.2/mobi/en/free_bike_status.json,2026-07-06T18:18:00Z,2026-07-06T18:18:00Z
mobi_vancouver,mobi_vancouver_086a856b-c6f6-4157-8e7f-aecff64e3eda,086a856b-c6f6-4157-8e7f-aecff64e3eda,49.27821,-123.136972,1,FALSE,FALSE,21600,0083,1783361838,2026-07-06T18:18:01Z,2026-07-06T18:18:01Z,2026-07-06T18:17:16Z,2.2,https://gbfs.kappa.fifteen.eu/gbfs/2.2/mobi/en/gbfs.json,https://gbfs.kappa.fifteen.eu/gbfs/2.2/mobi/en/free_bike_status.json,2026-07-06T18:18:00Z,2026-07-06T18:18:00Z
mobi_vancouver,mobi_vancouver_a48de5b0-30f0-4653-9cb3-999c761cd073,a48de5b0-30f0-4653-9cb3-999c761cd073,49.256845,-123.120071,1,FALSE,FALSE,21600,0130,1783361838,2026-07-06T18:18:01Z,2026-07-06T18:18:01Z,2026-07-06T18:17:16Z,2.2,https://gbfs.kappa.fifteen.eu/gbfs/2.2/mobi/en/gbfs.json,https://gbfs.kappa.fifteen.eu/gbfs/2.2/mobi/en/free_bike_status.json,2026-07-06T18:18:00Z,2026-07-06T18:18:00Z
mobi_vancouver,mobi_vancouver_26ec4141-5dec-43f9-ab6b-ca8075ade740,26ec4141-5dec-43f9-ab6b-ca8075ade740,49.284157,-123.099917,1,FALSE,FALSE,21600,0150,1783361838,2026-07-06T18:18:01Z,2026-07-06T18:18:01Z,2026-07-06T18:17:16Z,2.2,https://gbfs.kappa.fifteen.eu/gbfs/2.2/mobi/en/gbfs.json,https://gbfs.kappa.fifteen.eu/gbfs/2.2/mobi/en/free_bike_status.json,2026-07-06T18:18:00Z,2026-07-06T18:18:00Z
mobi_vancouver,mobi_vancouver_820e3a0a-40e1-4b23-9f18-cfed3bdfd9e0,820e3a0a-40e1-4b23-9f18-cfed3bdfd9e0,49.265939,-123.1129,1,FALSE,FALSE,21600,0171,1783361838,2026-07-06T18:18:01Z,2026-07-06T18:18:01Z,2026-07-06T18:17:16Z,2.2,https://gbfs.kappa.fifteen.eu/gbfs/2.2/mobi/en/gbfs.json,https://gbfs.kappa.fifteen.eu/gbfs/2.2/mobi/en/free_bike_status.json,2026-07-06T18:18:00Z,2026-07-06T18:18:00Z
mobi_vancouver,mobi_vancouver_407271d7-006a-4f8d-91ae-3cba471fc6f0,407271d7-006a-4f8d-91ae-3cba471fc6f0,49.275938,-123.145939,1,FALSE,FALSE,21600,0147,1783361838,2026-07-06T18:18:01Z,2026-07-06T18:18:01Z,2026-07-06T18:17:16Z,2.2,https://gbfs.kappa.fifteen.eu/gbfs/2.2/mobi/en/gbfs.json,https://gbfs.kappa.fifteen.eu/gbfs/2.2/mobi/en/free_bike_status.json,2026-07-06T18:18:00Z,2026-07-06T18:18:00Z
mobi_vancouver,mobi_vancouver_c682a4d6-35d7-4610-8155-683a758b1e59,c682a4d6-35d7-4610-8155-683a758b1e59,49.274566,-123.121817,1,FALSE,FALSE,21600,0004,1783361838,2026-07-06T18:18:01Z,2026-07-06T18:18:01Z,2026-07-06T18:17:16Z,2.2,https://gbfs.kappa.fifteen.eu/gbfs/2.2/mobi/en/gbfs.json,https://gbfs.kappa.fifteen.eu/gbfs/2.2/mobi/en/free_bike_status.json,2026-07-06T18:18:00Z,2026-07-06T18:18:00Z
mobi_vancouver,mobi_vancouver_a9f28d16-f521-4f56-9d00-59a9a6de596e,a9f28d16-f521-4f56-9d00-59a9a6de596e,49.279342,-123.101822,1,FALSE,FALSE,21600,0055,1783361838,2026-07-06T18:18:01Z,2026-07-06T18:18:01Z,2026-07-06T18:17:16Z,2.2,https://gbfs.kappa.fifteen.eu/gbfs/2.2/mobi/en/gbfs.json,https://gbfs.kappa.fifteen.eu/gbfs/2.2/mobi/en/free_bike_status.json,2026-07-06T18:18:00Z,2026-07-06T18:18:00Z
mobi_vancouver,mobi_vancouver_e929925a-84d1-4c7b-b9f2-800431384972,e929925a-84d1-4c7b-b9f2-800431384972,49.281301,-123.139108,1,FALSE,FALSE,21600,0084,1783361838,2026-07-06T18:18:01Z,2026-07-06T18:18:01Z,2026-07-06T18:17:16Z,2.2,https://gbfs.kappa.fifteen.eu/gbfs/2.2/mobi/en/gbfs.json,https://gbfs.kappa.fifteen.eu/gbfs/2.2/mobi/en/free_bike_status.json,2026-07-06T18:18:00Z,2026-07-06T18:18:00Z
mobi_vancouver,mobi_vancouver_5de20ad1-7841-4464-84a8-fbd87efc19f3,5de20ad1-7841-4464-84a8-fbd87efc19f3,49.297933,-123.130758,1,FALSE,FALSE,21600,0209,1783361838,2026-07-06T18:18:01Z,2026-07-06T18:18:01Z,2026-07-06T18:17:16Z,2.2,https://gbfs.kappa.fifteen.eu/gbfs/2.2/mobi/en/gbfs.json,https://gbfs.kappa.fifteen.eu/gbfs/2.2/mobi/en/free_bike_status.json,2026-07-06T18:18:00Z,2026-07-06T18:18:00Z
mobi_vancouver,mobi_vancouver_10e54340-95ef-4be9-bb43-79a7d4b021f9,10e54340-95ef-4be9-bb43-79a7d4b021f9,49.297933,-123.130758,1,FALSE,FALSE,21600,0209,1783361838,2026-07-06T18:18:01Z,2026-07-06T18:18:01Z,2026-07-06T18:17:16Z,2.2,https://gbfs.kappa.fifteen.eu/gbfs/2.2/mobi/en/gbfs.json,https://gbfs.kappa.fifteen.eu/gbfs/2.2/mobi/en/free_bike_status.json,2026-07-06T18:18:00Z,2026-07-06T18:18:00Z
mobi_vancouver,mobi_vancouver_3e87c5fa-bc79-4cd3-9352-ae24300ed0c0,3e87c5fa-bc79-4cd3-9352-ae24300ed0c0,49.265336,-123.145823,1,FALSE,FALSE,21600,0140,1783361838,2026-07-06T18:18:01Z,2026-07-06T18:18:01Z,2026-07-06T18:17:16Z,2.2,https://gbfs.kappa.fifteen.eu/gbfs/2.2/mobi/en/gbfs.json,https://gbfs.kappa.fifteen.eu/gbfs/2.2/mobi/en/free_bike_status.json,2026-07-06T18:18:00Z,2026-07-06T18:18:00Z
mobi_vancouver,mobi_vancouver_49970da2-2b5f-4af7-8bae-86915c13d274,49970da2-2b5f-4af7-8bae-86915c13d274,49.277595,-123.09583,1,FALSE,FALSE,21600,0212,1783361838,2026-07-06T18:18:01Z,2026-07-06T18:18:01Z,2026-07-06T18:17:16Z,2.2,https://gbfs.kappa.fifteen.eu/gbfs/2.2/mobi/en/gbfs.json,https://gbfs.kappa.fifteen.eu/gbfs/2.2/mobi/en/free_bike_status.json,2026-07-06T18:18:00Z,2026-07-06T18:18:00Z
mobi_vancouver,mobi_vancouver_67f82e0e-69f8-455f-b7d1-1d92e6b06f03,67f82e0e-69f8-455f-b7d1-1d92e6b06f03,49.278529,-123.100017,1,FALSE,FALSE,21600,0199,1783361838,2026-07-06T18:18:01Z,2026-07-06T18:18:01Z,2026-07-06T18:17:16Z,2.2,https://gbfs.kappa.fifteen.eu/gbfs/2.2/mobi/en/gbfs.json,https://gbfs.kappa.fifteen.eu/gbfs/2.2/mobi/en/free_bike_status.json,2026-07-06T18:18:00Z,2026-07-06T18:18:00Z
mobi_vancouver,mobi_vancouver_abc89ae3-812c-4b63-947e-8084046601a0,abc89ae3-812c-4b63-947e-8084046601a0,49.283227,-123.120523,1,FALSE,FALSE,21600,0099,1783361838,2026-07-06T18:18:01Z,2026-07-06T18:18:01Z,2026-07-06T18:17:16Z,2.2,https://gbfs.kappa.fifteen.eu/gbfs/2.2/mobi/en/gbfs.json,https://gbfs.kappa.fifteen.eu/gbfs/2.2/mobi/en/free_bike_status.json,2026-07-06T18:18:00Z,2026-07-06T18:18:00Z
mobi_vancouver,mobi_vancouver_6ce9dab0-0168-46d2-9ffa-6e2cc9480cae,6ce9dab0-0168-46d2-9ffa-6e2cc9480cae,49.262242,-123.081459,1,FALSE,FALSE,21600,0246,1783361838,2026-07-06T18:18:01Z,2026-07-06T18:18:01Z,2026-07-06T18:17:16Z,2.2,https://gbfs.kappa.fifteen.eu/gbfs/2.2/mobi/en/gbfs.json,https://gbfs.kappa.fifteen.eu/gbfs/2.2/mobi/en/free_bike_status.json,2026-07-06T18:18:00Z,2026-07-06T18:18:00Z
mobi_vancouver,mobi_vancouver_3fb20cda-8505-4130-9b11-00ea6721d4c7,3fb20cda-8505-4130-9b11-00ea6721d4c7,49.262242,-123.081459,1,FALSE,FALSE,21600,0246,1783361838,2026-07-06T18:18:01Z,2026-07-06T18:18:01Z,2026-07-06T18:17:16Z,2.2,https://gbfs.kappa.fifteen.eu/gbfs/2.2/mobi/en/gbfs.json,https://gbfs.kappa.fifteen.eu/gbfs/2.2/mobi/en/free_bike_status.json,2026-07-06T18:18:00Z,2026-07-06T18:18:00Z
mobi_vancouver,mobi_vancouver_956a082a-a9be-4240-843f-e586cdcfc796,956a082a-a9be-4240-843f-e586cdcfc796,49.265005,-123.079481,1,FALSE,FALSE,21600,0236,1783361838,2026-07-06T18:18:01Z,2026-07-06T18:18:01Z,2026-07-06T18:17:16Z,2.2,https://gbfs.kappa.fifteen.eu/gbfs/2.2/mobi/en/gbfs.json,https://gbfs.kappa.fifteen.eu/gbfs/2.2/mobi/en/free_bike_status.json,2026-07-06T18:18:00Z,2026-07-06T18:18:00Z
mobi_vancouver,mobi_vancouver_d6230ba1-a710-45e5-8d2c-8ee3c7a467d1,d6230ba1-a710-45e5-8d2c-8ee3c7a467d1,49.261742,-123.13148,2,FALSE,FALSE,21600,0244,1783361838,2026-07-06T18:18:01Z,2026-07-06T18:18:01Z,2026-07-06T18:17:16Z,2.2,https://gbfs.kappa.fifteen.eu/gbfs/2.2/mobi/en/gbfs.json,https://gbfs.kappa.fifteen.eu/gbfs/2.2/mobi/en/free_bike_status.json,2026-07-06T18:18:00Z,2026-07-06T18:18:00Z
mobi_vancouver,mobi_vancouver_8efb254e-8f48-42fd-9b9a-f1370a1206fc,8efb254e-8f48-42fd-9b9a-f1370a1206fc,49.268616,-123.069908,1,FALSE,FALSE,21600,0240,1783361838,2026-07-06T18:18:01Z,2026-07-06T18:18:01Z,2026-07-06T18:17:16Z,2.2,https://gbfs.kappa.fifteen.eu/gbfs/2.2/mobi/en/gbfs.json,https://gbfs.kappa.fifteen.eu/gbfs/2.2/mobi/en/free_bike_status.json,2026-07-06T18:18:00Z,2026-07-06T18:18:00Z
mobi_vancouver,mobi_vancouver_2df49405-54e4-442c-8fa6-b5981630a681,2df49405-54e4-442c-8fa6-b5981630a681,49.268616,-123.069908,1,FALSE,FALSE,21600,0240,1783361838,2026-07-06T18:18:01Z,2026-07-06T18:18:01Z,2026-07-06T18:17:16Z,2.2,https://gbfs.kappa.fifteen.eu/gbfs/2.2/mobi/en/gbfs.json,https://gbfs.kappa.fifteen.eu/gbfs/2.2/mobi/en/free_bike_status.json,2026-07-06T18:18:00Z,2026-07-06T18:18:00Z
mobi_vancouver,mobi_vancouver_6187d017-66ba-4321-bf09-87a4b9b3d89e,6187d017-66ba-4321-bf09-87a4b9b3d89e,49.277665,-123.073653,1,FALSE,FALSE,21600,0222,1783361838,2026-07-06T18:18:01Z,2026-07-06T18:18:01Z,2026-07-06T18:17:16Z,2.2,https://gbfs.kappa.fifteen.eu/gbfs/2.2/mobi/en/gbfs.json,https://gbfs.kappa.fifteen.eu/gbfs/2.2/mobi/en/free_bike_status.json,2026-07-06T18:18:00Z,2026-07-06T18:18:00Z
mobi_vancouver,mobi_vancouver_a59cda4d-e471-46c4-abf2-f29bc17c691c,a59cda4d-e471-46c4-abf2-f29bc17c691c,49.287782,-123.12395,1,FALSE,FALSE,21600,0190,1783361838,2026-07-06T18:18:01Z,2026-07-06T18:18:01Z,2026-07-06T18:17:16Z,2.2,https://gbfs.kappa.fifteen.eu/gbfs/2.2/mobi/en/gbfs.json,https://gbfs.kappa.fifteen.eu/gbfs/2.2/mobi/en/free_bike_status.json,2026-07-06T18:18:00Z,2026-07-06T18:18:00Z
mobi_vancouver,mobi_vancouver_2ca547ce-130c-4db5-8689-bbe83334cdbf,2ca547ce-130c-4db5-8689-bbe83334cdbf,49.287782,-123.12395,1,FALSE,FALSE,21600,0190,1783361838,2026-07-06T18:18:01Z,2026-07-06T18:18:01Z,2026-07-06T18:17:16Z,2.2,https://gbfs.kappa.fifteen.eu/gbfs/2.2/mobi/en/gbfs.json,https://gbfs.kappa.fifteen.eu/gbfs/2.2/mobi/en/free_bike_status.json,2026-07-06T18:18:00Z,2026-07-06T18:18:00Z
mobi_vancouver,mobi_vancouver_df950a40-0806-4275-9a8a-bb75a07bbbfd,df950a40-0806-4275-9a8a-bb75a07bbbfd,49.28117,-123.104419,1,FALSE,FALSE,21600,0098,1783361838,2026-07-06T18:18:01Z,2026-07-06T18:18:01Z,2026-07-06T18:17:16Z,2.2,https://gbfs.kappa.fifteen.eu/gbfs/2.2/mobi/en/gbfs.json,https://gbfs.kappa.fifteen.eu/gbfs/2.2/mobi/en/free_bike_status.json,2026-07-06T18:18:00Z,2026-07-06T18:18:00Z
mobi_vancouver,mobi_vancouver_5b5756a1-dfa3-440d-b822-c86f49fdd8bb,5b5756a1-dfa3-440d-b822-c86f49fdd8bb,49.263382,-123.088837,1,FALSE,FALSE,21600,0261,1783361838,2026-07-06T18:18:01Z,2026-07-06T18:18:01Z,2026-07-06T18:17:16Z,2.2,https://gbfs.kappa.fifteen.eu/gbfs/2.2/mobi/en/gbfs.json,https://gbfs.kappa.fifteen.eu/gbfs/2.2/mobi/en/free_bike_status.json,2026-07-06T18:18:00Z,2026-07-06T18:18:00Z
mobi_vancouver,mobi_vancouver_834dddae-51d2-4ca4-beaf-5cf5812822e4,834dddae-51d2-4ca4-beaf-5cf5812822e4,49.280852,-123.084746,1,FALSE,FALSE,21600,0227,1783361838,2026-07-06T18:18:01Z,2026-07-06T18:18:01Z,2026-07-06T18:17:16Z,2.2,https://gbfs.kappa.fifteen.eu/gbfs/2.2/mobi/en/gbfs.json,https://gbfs.kappa.fifteen.eu/gbfs/2.2/mobi/en/free_bike_status.json,2026-07-06T18:18:00Z,2026-07-06T18:18:00Z
mobi_vancouver,mobi_vancouver_74f298ea-ec45-4f27-8c99-c5b9d084574f,74f298ea-ec45-4f27-8c99-c5b9d084574f,49.280284,-123.097052,1,FALSE,FALSE,21600,0213,1783361838,2026-07-06T18:18:01Z,2026-07-06T18:18:01Z,2026-07-06T18:17:16Z,2.2,https://gbfs.kappa.fifteen.eu/gbfs/2.2/mobi/en/gbfs.json,https://gbfs.kappa.fifteen.eu/gbfs/2.2/mobi/en/free_bike_status.json,2026-07-06T18:18:00Z,2026-07-06T18:18:00Z
mobi_vancouver,mobi_vancouver_4fbebdbc-b4bb-406d-a283-46ca213b1d07,4fbebdbc-b4bb-406d-a283-46ca213b1d07,49.280332,-123.070068,1,FALSE,FALSE,21600,0224,1783361838,2026-07-06T18:18:01Z,2026-07-06T18:18:01Z,2026-07-06T18:17:16Z,2.2,https://gbfs.kappa.fifteen.eu/gbfs/2.2/mobi/en/gbfs.json,https://gbfs.kappa.fifteen.eu/gbfs/2.2/mobi/en/free_bike_status.json,2026-07-06T18:18:00Z,2026-07-06T18:18:00Z
mobi_vancouver,mobi_vancouver_63cfe774-55c5-4789-ba52-f304c398e2e1,63cfe774-55c5-4789-ba52-f304c398e2e1,49.280427,-123.074082,1,FALSE,FALSE,21600,0225,1783361838,2026-07-06T18:18:01Z,2026-07-06T18:18:01Z,2026-07-06T18:17:16Z,2.2,https://gbfs.kappa.fifteen.eu/gbfs/2.2/mobi/en/gbfs.json,https://gbfs.kappa.fifteen.eu/gbfs/2.2/mobi/en/free_bike_status.json,2026-07-06T18:18:00Z,2026-07-06T18:18:00Z
mobi_vancouver,mobi_vancouver_93fbf2b6-a6c1-4e8b-a7ba-78331ab8efc8,93fbf2b6-a6c1-4e8b-a7ba-78331ab8efc8,49.280427,-123.074082,1,FALSE,FALSE,21600,0225,1783361838,2026-07-06T18:18:01Z,2026-07-06T18:18:01Z,2026-07-06T18:17:16Z,2.2,https://gbfs.kappa.fifteen.eu/gbfs/2.2/mobi/en/gbfs.json,https://gbfs.kappa.fifteen.eu/gbfs/2.2/mobi/en/free_bike_status.json,2026-07-06T18:18:00Z,2026-07-06T18:18:00Z
mobi_vancouver,mobi_vancouver_34572629-47a4-4890-8769-b260bbc28a40,34572629-47a4-4890-8769-b260bbc28a40,49.280427,-123.074082,2,FALSE,FALSE,21600,0225,1783361838,2026-07-06T18:18:01Z,2026-07-06T18:18:01Z,2026-07-06T18:17:16Z,2.2,https://gbfs.kappa.fifteen.eu/gbfs/2.2/mobi/en/gbfs.json,https://gbfs.kappa.fifteen.eu/gbfs/2.2/mobi/en/free_bike_status.json,2026-07-06T18:18:00Z,2026-07-06T18:18:00Z
mobi_vancouver,mobi_vancouver_1e778139-71dc-466b-af5d-e002a015ea0e,1e778139-71dc-466b-af5d-e002a015ea0e,49.265242,-123.095577,1,FALSE,FALSE,21600,0297,1783361838,2026-07-06T18:18:01Z,2026-07-06T18:18:01Z,2026-07-06T18:17:16Z,2.2,https://gbfs.kappa.fifteen.eu/gbfs/2.2/mobi/en/gbfs.json,https://gbfs.kappa.fifteen.eu/gbfs/2.2/mobi/en/free_bike_status.json,2026-07-06T18:18:00Z,2026-07-06T18:18:00Z
mobi_vancouver,mobi_vancouver_6f64eeb4-c063-4cd1-84d0-2a0822de8943,6f64eeb4-c063-4cd1-84d0-2a0822de8943,49.261973,-123.09725,1,FALSE,FALSE,21600,0186,1783361838,2026-07-06T18:18:01Z,2026-07-06T18:18:01Z,2026-07-06T18:17:16Z,2.2,https://gbfs.kappa.fifteen.eu/gbfs/2.2/mobi/en/gbfs.json,https://gbfs.kappa.fifteen.eu/gbfs/2.2/mobi/en/free_bike_status.json,2026-07-06T18:18:00Z,2026-07-06T18:18:00Z
mobi_vancouver,mobi_vancouver_a756ba6c-f6ce-4c1a-b96e-9c9427fe8da9,a756ba6c-f6ce-4c1a-b96e-9c9427fe8da9,49.27033,-123.10275,1,FALSE,FALSE,21600,0177,1783361838,2026-07-06T18:18:01Z,2026-07-06T18:18:01Z,2026-07-06T18:17:16Z,2.2,https://gbfs.kappa.fifteen.eu/gbfs/2.2/mobi/en/gbfs.json,https://gbfs.kappa.fifteen.eu/gbfs/2.2/mobi/en/free_bike_status.json,2026-07-06T18:18:00Z,2026-07-06T18:18:00Z
mobi_vancouver,mobi_vancouver_32739360-5f24-4f5c-892b-dea146d04e32,32739360-5f24-4f5c-892b-dea146d04e32,49.277333,-123.087359,1,FALSE,FALSE,21600,0219,1783361838,2026-07-06T18:18:01Z,2026-07-06T18:18:01Z,2026-07-06T18:17:16Z,2.2,https://gbfs.kappa.fifteen.eu/gbfs/2.2/mobi/en/gbfs.json,https://gbfs.kappa.fifteen.eu/gbfs/2.2/mobi/en/free_bike_status.json,2026-07-06T18:18:00Z,2026-07-06T18:18:00Z
mobi_vancouver,mobi_vancouver_4ee7a53b-fceb-4f47-9f83-2d82c780419b,4ee7a53b-fceb-4f47-9f83-2d82c780419b,49.284893,-123.128685,1,FALSE,FALSE,21600,0300,1783361838,2026-07-06T18:18:01Z,2026-07-06T18:18:01Z,2026-07-06T18:17:16Z,2.2,https://gbfs.kappa.fifteen.eu/gbfs/2.2/mobi/en/gbfs.json,https://gbfs.kappa.fifteen.eu/gbfs/2.2/mobi/en/free_bike_status.json,2026-07-06T18:18:00Z,2026-07-06T18:18:00Z
mobi_vancouver,mobi_vancouver_13f483d3-8c61-4e54-b165-17333647116f,13f483d3-8c61-4e54-b165-17333647116f,49.27029,-123.135025,1,FALSE,FALSE,21600,0189,1783361838,2026-07-06T18:18:01Z,2026-07-06T18:18:01Z,2026-07-06T18:17:16Z,2.2,https://gbfs.kappa.fifteen.eu/gbfs/2.2/mobi/en/gbfs.json,https://gbfs.kappa.fifteen.eu/gbfs/2.2/mobi/en/free_bike_status.json,2026-07-06T18:18:00Z,2026-07-06T18:18:00Z
mobi_vancouver,mobi_vancouver_ec8eb1d6-c7a3-445f-9fbf-49a0a1f13b7b,ec8eb1d6-c7a3-445f-9fbf-49a0a1f13b7b,49.27029,-123.135025,1,FALSE,FALSE,21600,0189,1783361838,2026-07-06T18:18:01Z,2026-07-06T18:18:01Z,2026-07-06T18:17:16Z,2.2,https://gbfs.kappa.fifteen.eu/gbfs/2.2/mobi/en/gbfs.json,https://gbfs.kappa.fifteen.eu/gbfs/2.2/mobi/en/free_bike_status.json,2026-07-06T18:18:00Z,2026-07-06T18:18:00Z
mobi_vancouver,mobi_vancouver_2baa775b-3b70-4f3c-bb4d-52ab8be706b5,2baa775b-3b70-4f3c-bb4d-52ab8be706b5,49.28512,-123.11242,1,FALSE,FALSE,21600,0308,1783361838,2026-07-06T18:18:01Z,2026-07-06T18:18:01Z,2026-07-06T18:17:16Z,2.2,https://gbfs.kappa.fifteen.eu/gbfs/2.2/mobi/en/gbfs.json,https://gbfs.kappa.fifteen.eu/gbfs/2.2/mobi/en/free_bike_status.json,2026-07-06T18:18:00Z,2026-07-06T18:18:00Z
mobi_vancouver,mobi_vancouver_53c199eb-d0eb-4b2a-9ec3-c288891e163f,53c199eb-d0eb-4b2a-9ec3-c288891e163f,49.271221,-123.191133,1,FALSE,FALSE,21600,0400,1783361838,2026-07-06T18:18:01Z,2026-07-06T18:18:01Z,2026-07-06T18:17:16Z,2.2,https://gbfs.kappa.fifteen.eu/gbfs/2.2/mobi/en/gbfs.json,https://gbfs.kappa.fifteen.eu/gbfs/2.2/mobi/en/free_bike_status.json,2026-07-06T18:18:00Z,2026-07-06T18:18:00Z
mobi_vancouver,mobi_vancouver_3b7924b6-f8e8-46da-9831-06fbb88fa1cd,3b7924b6-f8e8-46da-9831-06fbb88fa1cd,49.271221,-123.191133,1,FALSE,FALSE,21600,0400,1783361838,2026-07-06T18:18:01Z,2026-07-06T18:18:01Z,2026-07-06T18:17:16Z,2.2,https://gbfs.kappa.fifteen.eu/gbfs/2.2/mobi/en/gbfs.json,https://gbfs.kappa.fifteen.eu/gbfs/2.2/mobi/en/free_bike_status.json,2026-07-06T18:18:00Z,2026-07-06T18:18:00Z
mobi_vancouver,mobi_vancouver_cc21c8dc-1309-4cf8-b269-e42cf72434fe,cc21c8dc-1309-4cf8-b269-e42cf72434fe,49.272969,-123.164325,1,FALSE,FALSE,21600,0460,1783361838,2026-07-06T18:18:01Z,2026-07-06T18:18:01Z,2026-07-06T18:17:16Z,2.2,https://gbfs.kappa.fifteen.eu/gbfs/2.2/mobi/en/gbfs.json,https://gbfs.kappa.fifteen.eu/gbfs/2.2/mobi/en/free_bike_status.json,2026-07-06T18:18:00Z,2026-07-06T18:18:00Z
mobi_vancouver,mobi_vancouver_a0e6a523-e5d8-448f-8049-9ed780c71bd9,a0e6a523-e5d8-448f-8049-9ed780c71bd9,49.264579,-123.18373,1,FALSE,FALSE,21600,0415,1783361838,2026-07-06T18:18:01Z,2026-07-06T18:18:01Z,2026-07-06T18:17:16Z,2.2,https://gbfs.kappa.fifteen.eu/gbfs/2.2/mobi/en/gbfs.json,https://gbfs.kappa.fifteen.eu/gbfs/2.2/mobi/en/free_bike_status.json,2026-07-06T18:18:00Z,2026-07-06T18:18:00Z
mobi_vancouver,mobi_vancouver_37935992-3fa0-4e96-9c92-b32f1ec9abfc,37935992-3fa0-4e96-9c92-b32f1ec9abfc,49.264928,-123.168068,1,FALSE,FALSE,21600,0452,1783361838,2026-07-06T18:18:01Z,2026-07-06T18:18:01Z,2026-07-06T18:17:16Z,2.2,https://gbfs.kappa.fifteen.eu/gbfs/2.2/mobi/en/gbfs.json,https://gbfs.kappa.fifteen.eu/gbfs/2.2/mobi/en/free_bike_status.json,2026-07-06T18:18:00Z,2026-07-06T18:18:00Z
mobi_vancouver,mobi_vancouver_e1f62e9a-6851-4be7-a968-48b9f6c35e7a,e1f62e9a-6851-4be7-a968-48b9f6c35e7a,49.271044,-123.170661,1,FALSE,FALSE,21600,0450,1783361838,2026-07-06T18:18:01Z,2026-07-06T18:18:01Z,2026-07-06T18:17:16Z,2.2,https://gbfs.kappa.fifteen.eu/gbfs/2.2/mobi/en/gbfs.json,https://gbfs.kappa.fifteen.eu/gbfs/2.2/mobi/en/free_bike_status.json,2026-07-06T18:18:00Z,2026-07-06T18:18:00Z
mobi_vancouver,mobi_vancouver_f1dd702c-9e91-4593-b82b-67523ce13ebd,f1dd702c-9e91-4593-b82b-67523ce13ebd,49.271044,-123.170661,1,FALSE,FALSE,21600,0450,1783361838,2026-07-06T18:18:01Z,2026-07-06T18:18:01Z,2026-07-06T18:17:16Z,2.2,https://gbfs.kappa.fifteen.eu/gbfs/2.2/mobi/en/gbfs.json,https://gbfs.kappa.fifteen.eu/gbfs/2.2/mobi/en/free_bike_status.json,2026-07-06T18:18:00Z,2026-07-06T18:18:00Z
mobi_vancouver,mobi_vancouver_c78922d4-73f0-4a27-9275-cc91cfdb1373,c78922d4-73f0-4a27-9275-cc91cfdb1373,49.272172,-123.097978,1,FALSE,FALSE,21600,0354,1783361838,2026-07-06T18:18:01Z,2026-07-06T18:18:01Z,2026-07-06T18:17:16Z,2.2,https://gbfs.kappa.fifteen.eu/gbfs/2.2/mobi/en/gbfs.json,https://gbfs.kappa.fifteen.eu/gbfs/2.2/mobi/en/free_bike_status.json,2026-07-06T18:18:00Z,2026-07-06T18:18:00Z
mobi_vancouver,mobi_vancouver_9369246e-2d3a-419d-aaad-5aba445e660a,9369246e-2d3a-419d-aaad-5aba445e660a,49.272172,-123.097978,1,FALSE,FALSE,21600,0354,1783361838,2026-07-06T18:18:01Z,2026-07-06T18:18:01Z,2026-07-06T18:17:16Z,2.2,https://gbfs.kappa.fifteen.eu/gbfs/2.2/mobi/en/gbfs.json,https://gbfs.kappa.fifteen.eu/gbfs/2.2/mobi/en/free_bike_status.json,2026-07-06T18:18:00Z,2026-07-06T18:18:00Z
mobi_vancouver,mobi_vancouver_9fe0799f-b85b-4849-861a-9b525cb263cb,9fe0799f-b85b-4849-861a-9b525cb263cb,49.266924,-123.173849,1,FALSE,FALSE,21600,0443,1783361838,2026-07-06T18:18:01Z,2026-07-06T18:18:01Z,2026-07-06T18:17:16Z,2.2,https://gbfs.kappa.fifteen.eu/gbfs/2.2/mobi/en/gbfs.json,https://gbfs.kappa.fifteen.eu/gbfs/2.2/mobi/en/free_bike_status.json,2026-07-06T18:18:00Z,2026-07-06T18:18:00Z
mobi_vancouver,mobi_vancouver_e838f815-1956-4241-b1ac-7e3abb5ad578,e838f815-1956-4241-b1ac-7e3abb5ad578,49.266924,-123.173849,1,FALSE,FALSE,21600,0443,1783361838,2026-07-06T18:18:01Z,2026-07-06T18:18:01Z,2026-07-06T18:17:16Z,2.2,https://gbfs.kappa.fifteen.eu/gbfs/2.2/mobi/en/gbfs.json,https://gbfs.kappa.fifteen.eu/gbfs/2.2/mobi/en/free_bike_status.json,2026-07-06T18:18:00Z,2026-07-06T18:18:00Z
mobi_vancouver,mobi_vancouver_db6298c0-f6b4-479e-bbca-63a1dfadc860,db6298c0-f6b4-479e-bbca-63a1dfadc860,49.268837,-123.177633,1,FALSE,FALSE,21600,0431,1783361838,2026-07-06T18:18:01Z,2026-07-06T18:18:01Z,2026-07-06T18:17:16Z,2.2,https://gbfs.kappa.fifteen.eu/gbfs/2.2/mobi/en/gbfs.json,https://gbfs.kappa.fifteen.eu/gbfs/2.2/mobi/en/free_bike_status.json,2026-07-06T18:18:00Z,2026-07-06T18:18:00Z
mobi_vancouver,mobi_vancouver_a715f856-e3cc-4441-a716-b04150c3bc93,a715f856-e3cc-4441-a716-b04150c3bc93,49.246243,-123.124373,1,FALSE,FALSE,21600,0505,1783361838,2026-07-06T18:18:01Z,2026-07-06T18:18:01Z,2026-07-06T18:17:16Z,2.2,https://gbfs.kappa.fifteen.eu/gbfs/2.2/mobi/en/gbfs.json,https://gbfs.kappa.fifteen.eu/gbfs/2.2/mobi/en/free_bike_status.json,2026-07-06T18:18:00Z,2026-07-06T18:18:00Z
mobi_vancouver,mobi_vancouver_e50e2f35-59b6-4461-ae06-69916b50da9e,e50e2f35-59b6-4461-ae06-69916b50da9e,49.243375,-123.104978,1,FALSE,FALSE,21600,0557,1783361838,2026-07-06T18:18:01Z,2026-07-06T18:18:01Z,2026-07-06T18:17:16Z,2.2,https://gbfs.kappa.fifteen.eu/gbfs/2.2/mobi/en/gbfs.json,https://gbfs.kappa.fifteen.eu/gbfs/2.2/mobi/en/free_bike_status.json,2026-07-06T18:18:00Z,2026-07-06T18:18:00Z
mobi_vancouver,mobi_vancouver_dd5390a6-70fa-4a61-9be3-c8e2fe3c45f5,dd5390a6-70fa-4a61-9be3-c8e2fe3c45f5,49.287464,-123.060771,1,FALSE,FALSE,21600,0611,1783361838,2026-07-06T18:18:01Z,2026-07-06T18:18:01Z,2026-07-06T18:17:16Z,2.2,https://gbfs.kappa.fifteen.eu/gbfs/2.2/mobi/en/gbfs.json,https://gbfs.kappa.fifteen.eu/gbfs/2.2/mobi/en/free_bike_status.json,2026-07-06T18:18:00Z,2026-07-06T18:18:00Z
mobi_vancouver,mobi_vancouver_fdb49f6b-6d12-4307-9ef8-09e5c3e90704,fdb49f6b-6d12-4307-9ef8-09e5c3e90704,49.251358,-123.115637,1,FALSE,FALSE,21600,0532,1783361838,2026-07-06T18:18:01Z,2026-07-06T18:18:01Z,2026-07-06T18:17:16Z,2.2,https://gbfs.kappa.fifteen.eu/gbfs/2.2/mobi/en/gbfs.json,https://gbfs.kappa.fifteen.eu/gbfs/2.2/mobi/en/free_bike_status.json,2026-07-06T18:18:00Z,2026-07-06T18:18:00Z
mobi_vancouver,mobi_vancouver_40779910-49b6-4584-94d8-2ce0339a80f5,40779910-49b6-4584-94d8-2ce0339a80f5,49.251358,-123.115637,1,FALSE,FALSE,21600,0532,1783361838,2026-07-06T18:18:01Z,2026-07-06T18:18:01Z,2026-07-06T18:17:16Z,2.2,https://gbfs.kappa.fifteen.eu/gbfs/2.2/mobi/en/gbfs.json,https://gbfs.kappa.fifteen.eu/gbfs/2.2/mobi/en/free_bike_status.json,2026-07-06T18:18:00Z,2026-07-06T18:18:00Z
mobi_vancouver,mobi_vancouver_360cd19d-f33f-4d31-8dbe-ead796290fa7,360cd19d-f33f-4d31-8dbe-ead796290fa7,49.2658,-123.20596,1,FALSE,FALSE,21600,0715,1783361838,2026-07-06T18:18:01Z,2026-07-06T18:18:01Z,2026-07-06T18:17:16Z,2.2,https://gbfs.kappa.fifteen.eu/gbfs/2.2/mobi/en/gbfs.json,https://gbfs.kappa.fifteen.eu/gbfs/2.2/mobi/en/free_bike_status.json,2026-07-06T18:18:00Z,2026-07-06T18:18:00Z
mobi_vancouver,mobi_vancouver_edf91d0d-8b1c-4bdb-85a5-ebc9d042d923,edf91d0d-8b1c-4bdb-85a5-ebc9d042d923,49.266579,-123.248549,1,FALSE,FALSE,21600,2143,1783361838,2026-07-06T18:18:01Z,2026-07-06T18:18:01Z,2026-07-06T18:17:16Z,2.2,https://gbfs.kappa.fifteen.eu/gbfs/2.2/mobi/en/gbfs.json,https://gbfs.kappa.fifteen.eu/gbfs/2.2/mobi/en/free_bike_status.json,2026-07-06T18:18:00Z,2026-07-06T18:18:00Z
mobi_vancouver,mobi_vancouver_beb599fc-abf0-43e4-9db9-dc9ec0048fe3,beb599fc-abf0-43e4-9db9-dc9ec0048fe3,49.26262,-123.2431,1,FALSE,FALSE,21600,2156,1783361838,2026-07-06T18:18:01Z,2026-07-06T18:18:01Z,2026-07-06T18:17:16Z,2.2,https://gbfs.kappa.fifteen.eu/gbfs/2.2/mobi/en/gbfs.json,https://gbfs.kappa.fifteen.eu/gbfs/2.2/mobi/en/free_bike_status.json,2026-07-06T18:18:00Z,2026-07-06T18:18:00Z
mobi_vancouver,mobi_vancouver_10b93866-39a9-43d1-bded-18f2037ee532,10b93866-39a9-43d1-bded-18f2037ee532,49.269172,-123.25279,1,FALSE,FALSE,21600,2131,1783361838,2026-07-06T18:18:01Z,2026-07-06T18:18:01Z,2026-07-06T18:17:16Z,2.2,https://gbfs.kappa.fifteen.eu/gbfs/2.2/mobi/en/gbfs.json,https://gbfs.kappa.fifteen.eu/gbfs/2.2/mobi/en/free_bike_status.json,2026-07-06T18:18:00Z,2026-07-06T18:18:00Z
mobi_vancouver,mobi_vancouver_c7659c2f-1e10-4fca-a53c-21b72131549b,c7659c2f-1e10-4fca-a53c-21b72131549b,49.261655,-123.241924,1,FALSE,FALSE,21600,2157,1783361838,2026-07-06T18:18:01Z,2026-07-06T18:18:01Z,2026-07-06T18:17:16Z,2.2,https://gbfs.kappa.fifteen.eu/gbfs/2.2/mobi/en/gbfs.json,https://gbfs.kappa.fifteen.eu/gbfs/2.2/mobi/en/free_bike_status.json,2026-07-06T18:18:00Z,2026-07-06T18:18:00Z
mobi_vancouver,mobi_vancouver_8c93d12c-039c-47a3-9962-1f66349f1176,8c93d12c-039c-47a3-9962-1f66349f1176,49.2661,-123.24568,1,FALSE,FALSE,21600,2154,1783361838,2026-07-06T18:18:01Z,2026-07-06T18:18:01Z,2026-07-06T18:17:16Z,2.2,https://gbfs.kappa.fifteen.eu/gbfs/2.2/mobi/en/gbfs.json,https://gbfs.kappa.fifteen.eu/gbfs/2.2/mobi/en/free_bike_status.json,2026-07-06T18:18:00Z,2026-07-06T18:18:00Z
mobi_vancouver,mobi_vancouver_ab4d2c85-34ad-40fd-bd27-1584a4a1952d,ab4d2c85-34ad-40fd-bd27-1584a4a1952d,49.261736,-123.24648,1,FALSE,FALSE,21600,2136,1783361838,2026-07-06T18:18:01Z,2026-07-06T18:18:01Z,2026-07-06T18:17:16Z,2.2,https://gbfs.kappa.fifteen.eu/gbfs/2.2/mobi/en/gbfs.json,https://gbfs.kappa.fifteen.eu/gbfs/2.2/mobi/en/free_bike_status.json,2026-07-06T18:18:00Z,2026-07-06T18:18:00Z
mobi_vancouver,mobi_vancouver_101b0b03-70fe-43c0-a349-2c65033783e5,101b0b03-70fe-43c0-a349-2c65033783e5,49.26875,-123.25004,1,FALSE,FALSE,21600,2142,1783361838,2026-07-06T18:18:01Z,2026-07-06T18:18:01Z,2026-07-06T18:17:16Z,2.2,https://gbfs.kappa.fifteen.eu/gbfs/2.2/mobi/en/gbfs.json,https://gbfs.kappa.fifteen.eu/gbfs/2.2/mobi/en/free_bike_status.json,2026-07-06T18:18:00Z,2026-07-06T18:18:00Z
mobi_vancouver,mobi_vancouver_ec78e4b3-c65e-4e2d-8988-cffc23189740,ec78e4b3-c65e-4e2d-8988-cffc23189740,49.2585,-123.2521,1,FALSE,FALSE,21600,2117,1783361838,2026-07-06T18:18:01Z,2026-07-06T18:18:01Z,2026-07-06T18:17:16Z,2.2,https://gbfs.kappa.fifteen.eu/gbfs/2.2/mobi/en/gbfs.json,https://gbfs.kappa.fifteen.eu/gbfs/2.2/mobi/en/free_bike_status.json,2026-07-06T18:18:00Z,2026-07-06T18:18:00Z
mobi_vancouver,mobi_vancouver_ca35ec71-61be-4b26-9575-b5653f9bbaf8,ca35ec71-61be-4b26-9575-b5653f9bbaf8,49.2585,-123.2521,1,FALSE,FALSE,21600,2117,1783361838,2026-07-06T18:18:01Z,2026-07-06T18:18:01Z,2026-07-06T18:17:16Z,2.2,https://gbfs.kappa.fifteen.eu/gbfs/2.2/mobi/en/gbfs.json,https://gbfs.kappa.fifteen.eu/gbfs/2.2/mobi/en/free_bike_status.json,2026-07-06T18:18:00Z,2026-07-06T18:18:00Z
mobi_vancouver,mobi_vancouver_60b7dc19-3e4c-49c3-9d05-d8b537f41c9a,60b7dc19-3e4c-49c3-9d05-d8b537f41c9a,49.261736,-123.24648,1,FALSE,FALSE,21600,2167,1783361838,2026-07-06T18:18:01Z,2026-07-06T18:18:01Z,2026-07-06T18:17:16Z,2.2,https://gbfs.kappa.fifteen.eu/gbfs/2.2/mobi/en/gbfs.json,https://gbfs.kappa.fifteen.eu/gbfs/2.2/mobi/en/free_bike_status.json,2026-07-06T18:18:00Z,2026-07-06T18:18:00Z
mobi_vancouver,mobi_vancouver_aeacb82e-2cdf-4122-892f-4beda9a73846,aeacb82e-2cdf-4122-892f-4beda9a73846,49.282055,-123.133045,1,FALSE,FALSE,22000,0187,1783361838,2026-07-06T18:18:01Z,2026-07-06T18:18:01Z,2026-07-06T18:17:16Z,2.2,https://gbfs.kappa.fifteen.eu/gbfs/2.2/mobi/en/gbfs.json,https://gbfs.kappa.fifteen.eu/gbfs/2.2/mobi/en/free_bike_status.json,2026-07-06T18:18:00Z,2026-07-06T18:18:00Z
mobi_vancouver,mobi_vancouver_291316d3-15b6-4de9-a853-1f230df3df25,291316d3-15b6-4de9-a853-1f230df3df25,49.271721,-123.104207,1,FALSE,FALSE,22000,0011,1783361838,2026-07-06T18:18:01Z,2026-07-06T18:18:01Z,2026-07-06T18:17:16Z,2.2,https://gbfs.kappa.fifteen.eu/gbfs/2.2/mobi/en/gbfs.json,https://gbfs.kappa.fifteen.eu/gbfs/2.2/mobi/en/free_bike_status.json,2026-07-06T18:18:00Z,2026-07-06T18:18:00Z
mobi_vancouver,mobi_vancouver_8b008caf-9d92-494f-a24d-b3e23d84d9f9,8b008caf-9d92-494f-a24d-b3e23d84d9f9,49.262487,-123.114397,1,FALSE,FALSE,22000,0001,1783361838,2026-07-06T18:18:01Z,2026-07-06T18:18:01Z,2026-07-06T18:17:16Z,2.2,https://gbfs.kappa.fifteen.eu/gbfs/2.2/mobi/en/gbfs.json,https://gbfs.kappa.fifteen.eu/gbfs/2.2/mobi/en/free_bike_status.json,2026-07-06T18:18:00Z,2026-07-06T18:18:00Z
mobi_vancouver,mobi_vancouver_e71ff315-87e3-481f-986b-27992c73b546,e71ff315-87e3-481f-986b-27992c73b546,49.282214,-123.114101,1,FALSE,FALSE,22000,0012,1783361838,2026-07-06T18:18:01Z,2026-07-06T18:18:01Z,2026-07-06T18:17:16Z,2.2,https://gbfs.kappa.fifteen.eu/gbfs/2.2/mobi/en/gbfs.json,https://gbfs.kappa.fifteen.eu/gbfs/2.2/mobi/en/free_bike_status.json,2026-07-06T18:18:00Z,2026-07-06T18:18:00Z
mobi_vancouver,mobi_vancouver_69b2a0eb-004d-4991-b4c7-0f6e6fdf6463,69b2a0eb-004d-4991-b4c7-0f6e6fdf6463,49.279938,-123.127478,1,FALSE,FALSE,22000,0039,1783361838,2026-07-06T18:18:01Z,2026-07-06T18:18:01Z,2026-07-06T18:17:16Z,2.2,https://gbfs.kappa.fifteen.eu/gbfs/2.2/mobi/en/gbfs.json,https://gbfs.kappa.fifteen.eu/gbfs/2.2/mobi/en/free_bike_status.json,2026-07-06T18:18:00Z,2026-07-06T18:18:00Z
mobi_vancouver,mobi_vancouver_a0637be7-76ca-4468-909b-e7f366f6c5fd,a0637be7-76ca-4468-909b-e7f366f6c5fd,49.282409,-123.118541,1,FALSE,FALSE,22000,0015,1783361838,2026-07-06T18:18:01Z,2026-07-06T18:18:01Z,2026-07-06T18:17:16Z,2.2,https://gbfs.kappa.fifteen.eu/gbfs/2.2/mobi/en/gbfs.json,https://gbfs.kappa.fifteen.eu/gbfs/2.2/mobi/en/free_bike_status.json,2026-07-06T18:18:00Z,2026-07-06T18:18:00Z
mobi_vancouver,mobi_vancouver_2f6c9a9c-09c1-49a5-8a82-f8ce2adfdaae,2f6c9a9c-09c1-49a5-8a82-f8ce2adfdaae,49.276115,-123.114496,1,FALSE,FALSE,22000,0064,1783361838,2026-07-06T18:18:01Z,2026-07-06T18:18:01Z,2026-07-06T18:17:16Z,2.2,https://gbfs.kappa.fifteen.eu/gbfs/2.2/mobi/en/gbfs.json,https://gbfs.kappa.fifteen.eu/gbfs/2.2/mobi/en/free_bike_status.json,2026-07-06T18:18:00Z,2026-07-06T18:18:00Z
mobi_vancouver,mobi_vancouver_a830a8fc-15d4-4c5f-93d6-0e1ec6f21bba,a830a8fc-15d4-4c5f-93d6-0e1ec6f21bba,49.285871,-123.12105,1,FALSE,FALSE,22000,0002,1783361838,2026-07-06T18:18:01Z,2026-07-06T18:18:01Z,2026-07-06T18:17:16Z,2.2,https://gbfs.kappa.fifteen.eu/gbfs/2.2/mobi/en/gbfs.json,https://gbfs.kappa.fifteen.eu/gbfs/2.2/mobi/en/free_bike_status.json,2026-07-06T18:18:00Z,2026-07-06T18:18:00Z
mobi_vancouver,mobi_vancouver_e44b07e3-a6c3-49aa-a317-492437b4225d,e44b07e3-a6c3-49aa-a317-492437b4225d,49.28803,-123.142135,1,FALSE,FALSE,22000,0031,1783361838,2026-07-06T18:18:01Z,2026-07-06T18:18:01Z,2026-07-06T18:17:16Z,2.2,https://gbfs.kappa.fifteen.eu/gbfs/2.2/mobi/en/gbfs.json,https://gbfs.kappa.fifteen.eu/gbfs/2.2/mobi/en/free_bike_status.json,2026-07-06T18:18:00Z,2026-07-06T18:18:00Z
mobi_vancouver,mobi_vancouver_a1bdb665-ba6d-4f63-8e9a-5b3ab3fadb04,a1bdb665-ba6d-4f63-8e9a-5b3ab3fadb04,49.288444,-123.139203,1,FALSE,FALSE,22000,0032,1783361838,2026-07-06T18:18:01Z,2026-07-06T18:18:01Z,2026-07-06T18:17:16Z,2.2,https://gbfs.kappa.fifteen.eu/gbfs/2.2/mobi/en/gbfs.json,https://gbfs.kappa.fifteen.eu/gbfs/2.2/mobi/en/free_bike_status.json,2026-07-06T18:18:00Z,2026-07-06T18:18:00Z
mobi_vancouver,mobi_vancouver_fbc39a5e-70f3-422e-a068-7a3fc2bfb323,fbc39a5e-70f3-422e-a068-7a3fc2bfb323,49.289255,-123.132677,1,FALSE,FALSE,22000,0041,1783361838,2026-07-06T18:18:01Z,2026-07-06T18:18:01Z,2026-07-06T18:17:16Z,2.2,https://gbfs.kappa.fifteen.eu/gbfs/2.2/mobi/en/gbfs.json,https://gbfs.kappa.fifteen.eu/gbfs/2.2/mobi/en/free_bike_status.json,2026-07-06T18:18:00Z,2026-07-06T18:18:00Z
mobi_vancouver,mobi_vancouver_7e3e5e20-4d78-4dfd-b4ac-ba4d045d40f7,7e3e5e20-4d78-4dfd-b4ac-ba4d045d40f7,49.289255,-123.132677,1,FALSE,FALSE,22000,0041,1783361838,2026-07-06T18:18:01Z,2026-07-06T18:18:01Z,2026-07-06T18:17:16Z,2.2,https://gbfs.kappa.fifteen.eu/gbfs/2.2/mobi/en/gbfs.json,https://gbfs.kappa.fifteen.eu/gbfs/2.2/mobi/en/free_bike_status.json,2026-07-06T18:18:00Z,2026-07-06T18:18:00Z
mobi_vancouver,mobi_vancouver_297ba038-4eb5-4443-8049-3bf2b8a70121,297ba038-4eb5-4443-8049-3bf2b8a70121,49.269361,-123.13782,1,FALSE,FALSE,22000,0066,1783361838,2026-07-06T18:18:01Z,2026-07-06T18:18:01Z,2026-07-06T18:17:16Z,2.2,https://gbfs.kappa.fifteen.eu/gbfs/2.2/mobi/en/gbfs.json,https://gbfs.kappa.fifteen.eu/gbfs/2.2/mobi/en/free_bike_status.json,2026-07-06T18:18:00Z,2026-07-06T18:18:00Z
mobi_vancouver,mobi_vancouver_f728b494-228f-4eac-8a92-3fe94c26b775,f728b494-228f-4eac-8a92-3fe94c26b775,49.279739,-123.116251,1,FALSE,FALSE,22000,0025,1783361838,2026-07-06T18:18:01Z,2026-07-06T18:18:01Z,2026-07-06T18:17:16Z,2.2,https://gbfs.kappa.fifteen.eu/gbfs/2.2/mobi/en/gbfs.json,https://gbfs.kappa.fifteen.eu/gbfs/2.2/mobi/en/free_bike_status.json,2026-07-06T18:18:00Z,2026-07-06T18:18:00Z
mobi_vancouver,mobi_vancouver_269242e0-de57-4d99-8280-979776baf58f,269242e0-de57-4d99-8280-979776baf58f,49.279821,-123.10802,1,FALSE,FALSE,22000,0053,1783361838,2026-07-06T18:18:01Z,2026-07-06T18:18:01Z,2026-07-06T18:17:16Z,2.2,https://gbfs.kappa.fifteen.eu/gbfs/2.2/mobi/en/gbfs.json,https://gbfs.kappa.fifteen.eu/gbfs/2.2/mobi/en/free_bike_status.json,2026-07-06T18:18:00Z,2026-07-06T18:18:00Z
mobi_vancouver,mobi_vancouver_74f5a375-7a1a-49e5-b72b-589eadcfce0e,74f5a375-7a1a-49e5-b72b-589eadcfce0e,49.282759,-123.106955,1,FALSE,FALSE,22000,0030,1783361838,2026-07-06T18:18:01Z,2026-07-06T18:18:01Z,2026-07-06T18:17:16Z,2.2,https://gbfs.kappa.fifteen.eu/gbfs/2.2/mobi/en/gbfs.json,https://gbfs.kappa.fifteen.eu/gbfs/2.2/mobi/en/free_bike_status.json,2026-07-06T18:18:00Z,2026-07-06T18:18:00Z
mobi_vancouver,mobi_vancouver_585369a4-807b-4c6d-b814-021f9ec15485,585369a4-807b-4c6d-b814-021f9ec15485,49.28526,-123.141809,1,FALSE,FALSE,22000,0060,1783361838,2026-07-06T18:18:01Z,2026-07-06T18:18:01Z,2026-07-06T18:17:16Z,2.2,https://gbfs.kappa.fifteen.eu/gbfs/2.2/mobi/en/gbfs.json,https://gbfs.kappa.fifteen.eu/gbfs/2.2/mobi/en/free_bike_status.json,2026-07-06T18:18:00Z,2026-07-06T18:18:00Z
mobi_vancouver,mobi_vancouver_2540e185-a716-4d62-a9e3-3255cfbab736,2540e185-a716-4d62-a9e3-3255cfbab736,49.2756,-123.102661,1,FALSE,FALSE,22000,0148,1783361838,2026-07-06T18:18:01Z,2026-07-06T18:18:01Z,2026-07-06T18:17:16Z,2.2,https://gbfs.kappa.fifteen.eu/gbfs/2.2/mobi/en/gbfs.json,https://gbfs.kappa.fifteen.eu/gbfs/2.2/mobi/en/free_bike_status.json,2026-07-06T18:18:00Z,2026-07-06T18:18:00Z
mobi_vancouver,mobi_vancouver_ca20abf3-339d-4722-938b-a724cbd2f24f,ca20abf3-339d-4722-938b-a724cbd2f24f,49.287097,-123.118551,1,FALSE,FALSE,22000,0016,1783361838,2026-07-06T18:18:01Z,2026-07-06T18:18:01Z,2026-07-06T18:17:16Z,2.2,https://gbfs.kappa.fifteen.eu/gbfs/2.2/mobi/en/gbfs.json,https://gbfs.kappa.fifteen.eu/gbfs/2.2/mobi/en/free_bike_status.json,2026-07-06T18:18:00Z,2026-07-06T18:18:00Z
mobi_vancouver,mobi_vancouver_b5814cd3-b66e-4511-8c16-6def12d5d1cb,b5814cd3-b66e-4511-8c16-6def12d5d1cb,49.269969,-123.109623,1,FALSE,FALSE,22000,0173,1783361838,2026-07-06T18:18:01Z,2026-07-06T18:18:01Z,2026-07-06T18:17:16Z,2.2,https://gbfs.kappa.fifteen.eu/gbfs/2.2/mobi/en/gbfs.json,https://gbfs.kappa.fifteen.eu/gbfs/2.2/mobi/en/free_bike_status.json,2026-07-06T18:18:00Z,2026-07-06T18:18:00Z
mobi_vancouver,mobi_vancouver_53475ca9-cbd4-4fee-94c5-0e7039e11962,53475ca9-cbd4-4fee-94c5-0e7039e11962,49.270721,-123.146175,1,FALSE,FALSE,22000,0108,1783361838,2026-07-06T18:18:01Z,2026-07-06T18:18:01Z,2026-07-06T18:17:16Z,2.2,https://gbfs.kappa.fifteen.eu/gbfs/2.2/mobi/en/gbfs.json,https://gbfs.kappa.fifteen.eu/gbfs/2.2/mobi/en/free_bike_status.json,2026-07-06T18:18:00Z,2026-07-06T18:18:00Z
mobi_vancouver,mobi_vancouver_1af4807e-e62a-4125-9e45-5cf2bd06f2f4,1af4807e-e62a-4125-9e45-5cf2bd06f2f4,49.265939,-123.1129,1,FALSE,FALSE,22000,0171,1783361838,2026-07-06T18:18:01Z,2026-07-06T18:18:01Z,2026-07-06T18:17:16Z,2.2,https://gbfs.kappa.fifteen.eu/gbfs/2.2/mobi/en/gbfs.json,https://gbfs.kappa.fifteen.eu/gbfs/2.2/mobi/en/free_bike_status.json,2026-07-06T18:18:00Z,2026-07-06T18:18:00Z
mobi_vancouver,mobi_vancouver_c342ff5f-99e2-4377-b46e-5d20de5afec3,c342ff5f-99e2-4377-b46e-5d20de5afec3,49.262944,-123.148109,1,FALSE,FALSE,22000,0068,1783361838,2026-07-06T18:18:01Z,2026-07-06T18:18:01Z,2026-07-06T18:17:16Z,2.2,https://gbfs.kappa.fifteen.eu/gbfs/2.2/mobi/en/gbfs.json,https://gbfs.kappa.fifteen.eu/gbfs/2.2/mobi/en/free_bike_status.json,2026-07-06T18:18:00Z,2026-07-06T18:18:00Z
mobi_vancouver,mobi_vancouver_080b7ac1-16cd-4c70-82a9-dec11ea80e7e,080b7ac1-16cd-4c70-82a9-dec11ea80e7e,49.282758,-123.122092,1,FALSE,FALSE,22000,0019,1783361838,2026-07-06T18:18:01Z,2026-07-06T18:18:01Z,2026-07-06T18:17:16Z,2.2,https://gbfs.kappa.fifteen.eu/gbfs/2.2/mobi/en/gbfs.json,https://gbfs.kappa.fifteen.eu/gbfs/2.2/mobi/en/free_bike_status.json,2026-07-06T18:18:00Z,2026-07-06T18:18:00Z
mobi_vancouver,mobi_vancouver_79cdf41f-6fce-41d0-82f6-a5582b8eccf1,79cdf41f-6fce-41d0-82f6-a5582b8eccf1,49.282758,-123.122092,1,FALSE,FALSE,22000,0019,1783361838,2026-07-06T18:18:01Z,2026-07-06T18:18:01Z,2026-07-06T18:17:16Z,2.2,https://gbfs.kappa.fifteen.eu/gbfs/2.2/mobi/en/gbfs.json,https://gbfs.kappa.fifteen.eu/gbfs/2.2/mobi/en/free_bike_status.json,2026-07-06T18:18:00Z,2026-07-06T18:18:00Z
mobi_vancouver,mobi_vancouver_d18899f1-e82b-4326-8c9e-b8e9e59e898d,d18899f1-e82b-4326-8c9e-b8e9e59e898d,49.262598,-123.138921,1,FALSE,FALSE,22000,0070,1783361838,2026-07-06T18:18:01Z,2026-07-06T18:18:01Z,2026-07-06T18:17:16Z,2.2,https://gbfs.kappa.fifteen.eu/gbfs/2.2/mobi/en/gbfs.json,https://gbfs.kappa.fifteen.eu/gbfs/2.2/mobi/en/free_bike_status.json,2026-07-06T18:18:00Z,2026-07-06T18:18:00Z
mobi_vancouver,mobi_vancouver_6a28286e-e6e2-4657-8827-6c6c34a78119,6a28286e-e6e2-4657-8827-6c6c34a78119,49.268503,-123.097501,1,FALSE,FALSE,22000,0197,1783361838,2026-07-06T18:18:01Z,2026-07-06T18:18:01Z,2026-07-06T18:17:16Z,2.2,https://gbfs.kappa.fifteen.eu/gbfs/2.2/mobi/en/gbfs.json,https://gbfs.kappa.fifteen.eu/gbfs/2.2/mobi/en/free_bike_status.json,2026-07-06T18:18:00Z,2026-07-06T18:18:00Z
mobi_vancouver,mobi_vancouver_50bcd407-8ae4-49cd-8263-5efbff986ef7,50bcd407-8ae4-49cd-8263-5efbff986ef7,49.271741,-123.155421,1,FALSE,FALSE,22000,0204,1783361838,2026-07-06T18:18:01Z,2026-07-06T18:18:01Z,2026-07-06T18:17:16Z,2.2,https://gbfs.kappa.fifteen.eu/gbfs/2.2/mobi/en/gbfs.json,https://gbfs.kappa.fifteen.eu/gbfs/2.2/mobi/en/free_bike_status.json,2026-07-06T18:18:00Z,2026-07-06T18:18:00Z
mobi_vancouver,mobi_vancouver_eafa5cf8-826c-49c9-9364-dc1c2d732a65,eafa5cf8-826c-49c9-9364-dc1c2d732a65,49.258924,-123.152591,1,FALSE,FALSE,22000,0152,1783361838,2026-07-06T18:18:01Z,2026-07-06T18:18:01Z,2026-07-06T18:17:16Z,2.2,https://gbfs.kappa.fifteen.eu/gbfs/2.2/mobi/en/gbfs.json,https://gbfs.kappa.fifteen.eu/gbfs/2.2/mobi/en/free_bike_status.json,2026-07-06T18:18:00Z,2026-07-06T18:18:00Z
mobi_vancouver,mobi_vancouver_7917c957-d9c1-4ca2-9187-0375a93c5d9d,7917c957-d9c1-4ca2-9187-0375a93c5d9d,49.266456,-123.100324,1,FALSE,FALSE,22000,0198,1783361838,2026-07-06T18:18:01Z,2026-07-06T18:18:01Z,2026-07-06T18:17:16Z,2.2,https://gbfs.kappa.fifteen.eu/gbfs/2.2/mobi/en/gbfs.json,https://gbfs.kappa.fifteen.eu/gbfs/2.2/mobi/en/free_bike_status.json,2026-07-06T18:18:00Z,2026-07-06T18:18:00Z
mobi_vancouver,mobi_vancouver_5941d87b-12a4-4f36-bc03-65177d0c48a8,5941d87b-12a4-4f36-bc03-65177d0c48a8,49.266774,-123.141135,1,FALSE,FALSE,22000,0153,1783361838,2026-07-06T18:18:01Z,2026-07-06T18:18:01Z,2026-07-06T18:17:16Z,2.2,https://gbfs.kappa.fifteen.eu/gbfs/2.2/mobi/en/gbfs.json,https://gbfs.kappa.fifteen.eu/gbfs/2.2/mobi/en/free_bike_status.json,2026-07-06T18:18:00Z,2026-07-06T18:18:00Z
mobi_vancouver,mobi_vancouver_a6515093-2e00-4423-b482-940495394cb0,a6515093-2e00-4423-b482-940495394cb0,49.277595,-123.09583,1,FALSE,FALSE,22000,0212,1783361838,2026-07-06T18:18:01Z,2026-07-06T18:18:01Z,2026-07-06T18:17:16Z,2.2,https://gbfs.kappa.fifteen.eu/gbfs/2.2/mobi/en/gbfs.json,https://gbfs.kappa.fifteen.eu/gbfs/2.2/mobi/en/free_bike_status.json,2026-07-06T18:18:00Z,2026-07-06T18:18:00Z
mobi_vancouver,mobi_vancouver_03bc0246-c92b-4937-8bcf-9a26ba44a70a,03bc0246-c92b-4937-8bcf-9a26ba44a70a,49.278529,-123.100017,1,FALSE,FALSE,22000,0199,1783361838,2026-07-06T18:18:01Z,2026-07-06T18:18:01Z,2026-07-06T18:17:16Z,2.2,https://gbfs.kappa.fifteen.eu/gbfs/2.2/mobi/en/gbfs.json,https://gbfs.kappa.fifteen.eu/gbfs/2.2/mobi/en/free_bike_status.json,2026-07-06T18:18:00Z,2026-07-06T18:18:00Z
mobi_vancouver,mobi_vancouver_d5e3b563-d21a-42b4-93e2-50ecc79952dd,d5e3b563-d21a-42b4-93e2-50ecc79952dd,49.267859,-123.145782,1,FALSE,FALSE,22000,0139,1783361838,2026-07-06T18:18:01Z,2026-07-06T18:18:01Z,2026-07-06T18:17:16Z,2.2,https://gbfs.kappa.fifteen.eu/gbfs/2.2/mobi/en/gbfs.json,https://gbfs.kappa.fifteen.eu/gbfs/2.2/mobi/en/free_bike_status.json,2026-07-06T18:18:00Z,2026-07-06T18:18:00Z
mobi_vancouver,mobi_vancouver_25ed3629-3cd8-4a22-854b-2ea2891a2c7f,25ed3629-3cd8-4a22-854b-2ea2891a2c7f,49.265005,-123.079481,1,FALSE,FALSE,22000,0236,1783361838,2026-07-06T18:18:01Z,2026-07-06T18:18:01Z,2026-07-06T18:17:16Z,2.2,https://gbfs.kappa.fifteen.eu/gbfs/2.2/mobi/en/gbfs.json,https://gbfs.kappa.fifteen.eu/gbfs/2.2/mobi/en/free_bike_status.json,2026-07-06T18:18:00Z,2026-07-06T18:18:00Z
mobi_vancouver,mobi_vancouver_f67e0f37-ca1b-409e-bdef-e2d61f44cb71,f67e0f37-ca1b-409e-bdef-e2d61f44cb71,49.265005,-123.079481,1,FALSE,FALSE,22000,0236,1783361838,2026-07-06T18:18:01Z,2026-07-06T18:18:01Z,2026-07-06T18:17:16Z,2.2,https://gbfs.kappa.fifteen.eu/gbfs/2.2/mobi/en/gbfs.json,https://gbfs.kappa.fifteen.eu/gbfs/2.2/mobi/en/free_bike_status.json,2026-07-06T18:18:00Z,2026-07-06T18:18:00Z
mobi_vancouver,mobi_vancouver_02eadffd-9ab1-43c9-99a9-967341ea7026,02eadffd-9ab1-43c9-99a9-967341ea7026,49.261403,-123.070102,1,FALSE,FALSE,22000,0244,1783361838,2026-07-06T18:18:01Z,2026-07-06T18:18:01Z,2026-07-06T18:17:16Z,2.2,https://gbfs.kappa.fifteen.eu/gbfs/2.2/mobi/en/gbfs.json,https://gbfs.kappa.fifteen.eu/gbfs/2.2/mobi/en/free_bike_status.json,2026-07-06T18:18:00Z,2026-07-06T18:18:00Z
mobi_vancouver,mobi_vancouver_5672d191-7cc0-40ca-a554-31fa2ea413de,5672d191-7cc0-40ca-a554-31fa2ea413de,49.261403,-123.070102,1,FALSE,FALSE,22000,0244,1783361838,2026-07-06T18:18:01Z,2026-07-06T18:18:01Z,2026-07-06T18:17:16Z,2.2,https://gbfs.kappa.fifteen.eu/gbfs/2.2/mobi/en/gbfs.json,https://gbfs.kappa.fifteen.eu/gbfs/2.2/mobi/en/free_bike_status.json,2026-07-06T18:18:00Z,2026-07-06T18:18:00Z
mobi_vancouver,mobi_vancouver_38ee037f-73d6-4397-9f7f-e2548fee4858,38ee037f-73d6-4397-9f7f-e2548fee4858,49.263242,-123.070521,1,FALSE,FALSE,22000,0242,1783361838,2026-07-06T18:18:01Z,2026-07-06T18:18:01Z,2026-07-06T18:17:16Z,2.2,https://gbfs.kappa.fifteen.eu/gbfs/2.2/mobi/en/gbfs.json,https://gbfs.kappa.fifteen.eu/gbfs/2.2/mobi/en/free_bike_status.json,2026-07-06T18:18:00Z,2026-07-06T18:18:00Z
mobi_vancouver,mobi_vancouver_881b623b-2782-4c90-b62d-be05ae06141b,881b623b-2782-4c90-b62d-be05ae06141b,49.263746,-123.069892,1,FALSE,FALSE,22000,0254,1783361838,2026-07-06T18:18:01Z,2026-07-06T18:18:01Z,2026-07-06T18:17:16Z,2.2,https://gbfs.kappa.fifteen.eu/gbfs/2.2/mobi/en/gbfs.json,https://gbfs.kappa.fifteen.eu/gbfs/2.2/mobi/en/free_bike_status.json,2026-07-06T18:18:00Z,2026-07-06T18:18:00Z
mobi_vancouver,mobi_vancouver_03e30ce0-6ed5-403e-9b22-6d346747e2b5,03e30ce0-6ed5-403e-9b22-6d346747e2b5,49.261263,-123.073707,1,FALSE,FALSE,22000,0245,1783361838,2026-07-06T18:18:01Z,2026-07-06T18:18:01Z,2026-07-06T18:17:16Z,2.2,https://gbfs.kappa.fifteen.eu/gbfs/2.2/mobi/en/gbfs.json,https://gbfs.kappa.fifteen.eu/gbfs/2.2/mobi/en/free_bike_status.json,2026-07-06T18:18:00Z,2026-07-06T18:18:00Z
mobi_vancouver,mobi_vancouver_68d64dfa-b3a3-47ac-9320-c721d60d7f9b,68d64dfa-b3a3-47ac-9320-c721d60d7f9b,49.268616,-123.069908,1,FALSE,FALSE,22000,0240,1783361838,2026-07-06T18:18:01Z,2026-07-06T18:18:01Z,2026-07-06T18:17:16Z,2.2,https://gbfs.kappa.fifteen.eu/gbfs/2.2/mobi/en/gbfs.json,https://gbfs.kappa.fifteen.eu/gbfs/2.2/mobi/en/free_bike_status.json,2026-07-06T18:18:00Z,2026-07-06T18:18:00Z
mobi_vancouver,mobi_vancouver_80e510ec-4bcb-4f45-9085-24adb89edd2a,80e510ec-4bcb-4f45-9085-24adb89edd2a,49.277665,-123.073653,1,FALSE,FALSE,22000,0222,1783361838,2026-07-06T18:18:01Z,2026-07-06T18:18:01Z,2026-07-06T18:17:16Z,2.2,https://gbfs.kappa.fifteen.eu/gbfs/2.2/mobi/en/gbfs.json,https://gbfs.kappa.fifteen.eu/gbfs/2.2/mobi/en/free_bike_status.json,2026-07-06T18:18:00Z,2026-07-06T18:18:00Z
mobi_vancouver,mobi_vancouver_d26a9c03-5fff-4536-892b-fff979b79cc3,d26a9c03-5fff-4536-892b-fff979b79cc3,49.28117,-123.104419,1,FALSE,FALSE,22000,0098,1783361838,2026-07-06T18:18:01Z,2026-07-06T18:18:01Z,2026-07-06T18:17:16Z,2.2,https://gbfs.kappa.fifteen.eu/gbfs/2.2/mobi/en/gbfs.json,https://gbfs.kappa.fifteen.eu/gbfs/2.2/mobi/en/free_bike_status.json,2026-07-06T18:18:00Z,2026-07-06T18:18:00Z
mobi_vancouver,mobi_vancouver_9115b513-324c-4419-b558-361910d0d050,9115b513-324c-4419-b558-361910d0d050,49.28117,-123.104419,1,FALSE,FALSE,22000,0098,1783361838,2026-07-06T18:18:01Z,2026-07-06T18:18:01Z,2026-07-06T18:17:16Z,2.2,https://gbfs.kappa.fifteen.eu/gbfs/2.2/mobi/en/gbfs.json,https://gbfs.kappa.fifteen.eu/gbfs/2.2/mobi/en/free_bike_status.json,2026-07-06T18:18:00Z,2026-07-06T18:18:00Z
mobi_vancouver,mobi_vancouver_2d52242e-7b57-4933-9331-9fef6074a192,2d52242e-7b57-4933-9331-9fef6074a192,49.279369,-123.091241,1,FALSE,FALSE,22000,0229,1783361838,2026-07-06T18:18:01Z,2026-07-06T18:18:01Z,2026-07-06T18:17:16Z,2.2,https://gbfs.kappa.fifteen.eu/gbfs/2.2/mobi/en/gbfs.json,https://gbfs.kappa.fifteen.eu/gbfs/2.2/mobi/en/free_bike_status.json,2026-07-06T18:18:00Z,2026-07-06T18:18:00Z
mobi_vancouver,mobi_vancouver_525a2c46-437a-4ca8-9ef8-523fae5c2494,525a2c46-437a-4ca8-9ef8-523fae5c2494,49.277469,-123.081315,1,FALSE,FALSE,22000,0221,1783361838,2026-07-06T18:18:01Z,2026-07-06T18:18:01Z,2026-07-06T18:17:16Z,2.2,https://gbfs.kappa.fifteen.eu/gbfs/2.2/mobi/en/gbfs.json,https://gbfs.kappa.fifteen.eu/gbfs/2.2/mobi/en/free_bike_status.json,2026-07-06T18:18:00Z,2026-07-06T18:18:00Z
mobi_vancouver,mobi_vancouver_cc360fcf-70ba-4885-9518-c43e8725a71e,cc360fcf-70ba-4885-9518-c43e8725a71e,49.262141,-123.101961,1,FALSE,FALSE,22000,0074,1783361838,2026-07-06T18:18:01Z,2026-07-06T18:18:01Z,2026-07-06T18:17:16Z,2.2,https://gbfs.kappa.fifteen.eu/gbfs/2.2/mobi/en/gbfs.json,https://gbfs.kappa.fifteen.eu/gbfs/2.2/mobi/en/free_bike_status.json,2026-07-06T18:18:00Z,2026-07-06T18:18:00Z
mobi_vancouver,mobi_vancouver_3be08336-06e1-4f42-8c11-a7e23b6984fb,3be08336-06e1-4f42-8c11-a7e23b6984fb,49.256496,-123.075426,1,FALSE,FALSE,22000,0283,1783361838,2026-07-06T18:18:01Z,2026-07-06T18:18:01Z,2026-07-06T18:17:16Z,2.2,https://gbfs.kappa.fifteen.eu/gbfs/2.2/mobi/en/gbfs.json,https://gbfs.kappa.fifteen.eu/gbfs/2.2/mobi/en/free_bike_status.json,2026-07-06T18:18:00Z,2026-07-06T18:18:00Z
mobi_vancouver,mobi_vancouver_848ada81-e794-44d3-9af2-905499cd9d29,848ada81-e794-44d3-9af2-905499cd9d29,49.280284,-123.097052,1,FALSE,FALSE,22000,0213,1783361838,2026-07-06T18:18:01Z,2026-07-06T18:18:01Z,2026-07-06T18:17:16Z,2.2,https://gbfs.kappa.fifteen.eu/gbfs/2.2/mobi/en/gbfs.json,https://gbfs.kappa.fifteen.eu/gbfs/2.2/mobi/en/free_bike_status.json,2026-07-06T18:18:00Z,2026-07-06T18:18:00Z
mobi_vancouver,mobi_vancouver_d7144ef1-857a-45be-9140-e18027df7781,d7144ef1-857a-45be-9140-e18027df7781,49.28763,-123.127245,1,FALSE,FALSE,22000,0207,1783361838,2026-07-06T18:18:01Z,2026-07-06T18:18:01Z,2026-07-06T18:17:16Z,2.2,https://gbfs.kappa.fifteen.eu/gbfs/2.2/mobi/en/gbfs.json,https://gbfs.kappa.fifteen.eu/gbfs/2.2/mobi/en/free_bike_status.json,2026-07-06T18:18:00Z,2026-07-06T18:18:00Z
mobi_vancouver,mobi_vancouver_f3824b66-22fc-4320-9403-c2dc6d8b9bf5,f3824b66-22fc-4320-9403-c2dc6d8b9bf5,49.266751,-123.073501,1,FALSE,FALSE,22000,0250,1783361838,2026-07-06T18:18:01Z,2026-07-06T18:18:01Z,2026-07-06T18:17:16Z,2.2,https://gbfs.kappa.fifteen.eu/gbfs/2.2/mobi/en/gbfs.json,https://gbfs.kappa.fifteen.eu/gbfs/2.2/mobi/en/free_bike_status.json,2026-07-06T18:18:00Z,2026-07-06T18:18:00Z
mobi_vancouver,mobi_vancouver_e7444e92-ef58-414d-a229-ded63b187534,e7444e92-ef58-414d-a229-ded63b187534,49.264251,-123.073853,1,FALSE,FALSE,22000,0249,1783361838,2026-07-06T18:18:01Z,2026-07-06T18:18:01Z,2026-07-06T18:17:16Z,2.2,https://gbfs.kappa.fifteen.eu/gbfs/2.2/mobi/en/gbfs.json,https://gbfs.kappa.fifteen.eu/gbfs/2.2/mobi/en/free_bike_status.json,2026-07-06T18:18:00Z,2026-07-06T18:18:00Z
mobi_vancouver,mobi_vancouver_85f75c80-9c66-4d51-87be-134b0071c7f3,85f75c80-9c66-4d51-87be-134b0071c7f3,49.266725,-123.065925,1,FALSE,FALSE,22000,0273,1783361838,2026-07-06T18:18:01Z,2026-07-06T18:18:01Z,2026-07-06T18:17:16Z,2.2,https://gbfs.kappa.fifteen.eu/gbfs/2.2/mobi/en/gbfs.json,https://gbfs.kappa.fifteen.eu/gbfs/2.2/mobi/en/free_bike_status.json,2026-07-06T18:18:00Z,2026-07-06T18:18:00Z
mobi_vancouver,mobi_vancouver_b6f86b07-9127-4647-8e30-5b4a8dca06b4,b6f86b07-9127-4647-8e30-5b4a8dca06b4,49.27033,-123.10275,1,FALSE,FALSE,22000,0177,1783361838,2026-07-06T18:18:01Z,2026-07-06T18:18:01Z,2026-07-06T18:17:16Z,2.2,https://gbfs.kappa.fifteen.eu/gbfs/2.2/mobi/en/gbfs.json,https://gbfs.kappa.fifteen.eu/gbfs/2.2/mobi/en/free_bike_status.json,2026-07-06T18:18:00Z,2026-07-06T18:18:00Z
mobi_vancouver,mobi_vancouver_1e2d4578-d424-404f-bbe8-e58c55f3cada,1e2d4578-d424-404f-bbe8-e58c55f3cada,49.277333,-123.087359,1,FALSE,FALSE,22000,0219,1783361838,2026-07-06T18:18:01Z,2026-07-06T18:18:01Z,2026-07-06T18:17:16Z,2.2,https://gbfs.kappa.fifteen.eu/gbfs/2.2/mobi/en/gbfs.json,https://gbfs.kappa.fifteen.eu/gbfs/2.2/mobi/en/free_bike_status.json,2026-07-06T18:18:00Z,2026-07-06T18:18:00Z
mobi_vancouver,mobi_vancouver_5fc417e9-f3dd-442e-b40d-8291ca69200a,5fc417e9-f3dd-442e-b40d-8291ca69200a,49.276768,-123.075636,1,FALSE,FALSE,22000,,1783361838,2026-07-06T18:18:01Z,2026-07-06T18:18:01Z,2026-07-06T18:17:16Z,2.2,https://gbfs.kappa.fifteen.eu/gbfs/2.2/mobi/en/gbfs.json,https://gbfs.kappa.fifteen.eu/gbfs/2.2/mobi/en/free_bike_status.json,2026-07-06T18:18:00Z,2026-07-06T18:18:00Z
mobi_vancouver,mobi_vancouver_40a48930-8b2e-476b-9a40-7dd5200376f1,40a48930-8b2e-476b-9a40-7dd5200376f1,49.27551,-123.13307,1,FALSE,FALSE,22000,0045,1783361838,2026-07-06T18:18:01Z,2026-07-06T18:18:01Z,2026-07-06T18:17:16Z,2.2,https://gbfs.kappa.fifteen.eu/gbfs/2.2/mobi/en/gbfs.json,https://gbfs.kappa.fifteen.eu/gbfs/2.2/mobi/en/free_bike_status.json,2026-07-06T18:18:00Z,2026-07-06T18:18:00Z
mobi_vancouver,mobi_vancouver_05ddf3d8-4ce2-4d01-97de-2908ed300867,05ddf3d8-4ce2-4d01-97de-2908ed300867,49.263962,-123.112621,1,FALSE,FALSE,22000,0170,1783361838,2026-07-06T18:18:01Z,2026-07-06T18:18:01Z,2026-07-06T18:17:16Z,2.2,https://gbfs.kappa.fifteen.eu/gbfs/2.2/mobi/en/gbfs.json,https://gbfs.kappa.fifteen.eu/gbfs/2.2/mobi/en/free_bike_status.json,2026-07-06T18:18:00Z,2026-07-06T18:18:00Z
mobi_vancouver,mobi_vancouver_f2df889e-fc1f-4750-80b0-7fcfad19b492,f2df889e-fc1f-4750-80b0-7fcfad19b492,49.263962,-123.112621,1,FALSE,FALSE,22000,0170,1783361838,2026-07-06T18:18:01Z,2026-07-06T18:18:01Z,2026-07-06T18:17:16Z,2.2,https://gbfs.kappa.fifteen.eu/gbfs/2.2/mobi/en/gbfs.json,https://gbfs.kappa.fifteen.eu/gbfs/2.2/mobi/en/free_bike_status.json,2026-07-06T18:18:00Z,2026-07-06T18:18:00Z
mobi_vancouver,mobi_vancouver_c4f1b733-03fc-427c-8666-8a97ce58b18b,c4f1b733-03fc-427c-8666-8a97ce58b18b,49.263962,-123.112621,1,FALSE,FALSE,22000,0170,1783361838,2026-07-06T18:18:01Z,2026-07-06T18:18:01Z,2026-07-06T18:17:16Z,2.2,https://gbfs.kappa.fifteen.eu/gbfs/2.2/mobi/en/gbfs.json,https://gbfs.kappa.fifteen.eu/gbfs/2.2/mobi/en/free_bike_status.json,2026-07-06T18:18:00Z,2026-07-06T18:18:00Z
mobi_vancouver,mobi_vancouver_2e9c2472-8b8d-42e2-9056-b2d080d3eb01,2e9c2472-8b8d-42e2-9056-b2d080d3eb01,49.263962,-123.112621,1,FALSE,FALSE,22000,0170,1783361838,2026-07-06T18:18:01Z,2026-07-06T18:18:01Z,2026-07-06T18:17:16Z,2.2,https://gbfs.kappa.fifteen.eu/gbfs/2.2/mobi/en/gbfs.json,https://gbfs.kappa.fifteen.eu/gbfs/2.2/mobi/en/free_bike_status.json,2026-07-06T18:18:00Z,2026-07-06T18:18:00Z
mobi_vancouver,mobi_vancouver_69c057c0-2219-4ac6-b272-736401b9c7ad,69c057c0-2219-4ac6-b272-736401b9c7ad,49.284554,-123.111031,1,FALSE,FALSE,22000,0124,1783361838,2026-07-06T18:18:01Z,2026-07-06T18:18:01Z,2026-07-06T18:17:16Z,2.2,https://gbfs.kappa.fifteen.eu/gbfs/2.2/mobi/en/gbfs.json,https://gbfs.kappa.fifteen.eu/gbfs/2.2/mobi/en/free_bike_status.json,2026-07-06T18:18:00Z,2026-07-06T18:18:00Z
mobi_vancouver,mobi_vancouver_321d2e1d-c688-48d4-a222-5389395e9838,321d2e1d-c688-48d4-a222-5389395e9838,49.283298,-123.142288,1,FALSE,FALSE,22000,0142,1783361838,2026-07-06T18:18:01Z,2026-07-06T18:18:01Z,2026-07-06T18:17:16Z,2.2,https://gbfs.kappa.fifteen.eu/gbfs/2.2/mobi/en/gbfs.json,https://gbfs.kappa.fifteen.eu/gbfs/2.2/mobi/en/free_bike_status.json,2026-07-06T18:18:00Z,2026-07-06T18:18:00Z
mobi_vancouver,mobi_vancouver_ad7a04b9-56f6-404b-8af6-5e2e7282258f,ad7a04b9-56f6-404b-8af6-5e2e7282258f,49.27029,-123.135025,1,FALSE,FALSE,22000,0189,1783361838,2026-07-06T18:18:01Z,2026-07-06T18:18:01Z,2026-07-06T18:17:16Z,2.2,https://gbfs.kappa.fifteen.eu/gbfs/2.2/mobi/en/gbfs.json,https://gbfs.kappa.fifteen.eu/gbfs/2.2/mobi/en/free_bike_status.json,2026-07-06T18:18:00Z,2026-07-06T18:18:00Z
mobi_vancouver,mobi_vancouver_68878171-5912-4596-b741-c4cc55a693b3,68878171-5912-4596-b741-c4cc55a693b3,49.286646,-123.129232,1,FALSE,FALSE,22000,0310,1783361838,2026-07-06T18:18:01Z,2026-07-06T18:18:01Z,2026-07-06T18:17:16Z,2.2,https://gbfs.kappa.fifteen.eu/gbfs/2.2/mobi/en/gbfs.json,https://gbfs.kappa.fifteen.eu/gbfs/2.2/mobi/en/free_bike_status.json,2026-07-06T18:18:00Z,2026-07-06T18:18:00Z
mobi_vancouver,mobi_vancouver_6e322046-b0be-46a4-9802-0ed8e9274bb1,6e322046-b0be-46a4-9802-0ed8e9274bb1,49.272969,-123.164325,1,FALSE,FALSE,22000,0460,1783361838,2026-07-06T18:18:01Z,2026-07-06T18:18:01Z,2026-07-06T18:17:16Z,2.2,https://gbfs.kappa.fifteen.eu/gbfs/2.2/mobi/en/gbfs.json,https://gbfs.kappa.fifteen.eu/gbfs/2.2/mobi/en/free_bike_status.json,2026-07-06T18:18:00Z,2026-07-06T18:18:00Z
mobi_vancouver,mobi_vancouver_18f9d86c-1a5e-42e5-af0a-689b50610cf1,18f9d86c-1a5e-42e5-af0a-689b50610cf1,49.264579,-123.18373,1,FALSE,FALSE,22000,0415,1783361838,2026-07-06T18:18:01Z,2026-07-06T18:18:01Z,2026-07-06T18:17:16Z,2.2,https://gbfs.kappa.fifteen.eu/gbfs/2.2/mobi/en/gbfs.json,https://gbfs.kappa.fifteen.eu/gbfs/2.2/mobi/en/free_bike_status.json,2026-07-06T18:18:00Z,2026-07-06T18:18:00Z
mobi_vancouver,mobi_vancouver_9fb2ef49-6f34-43cb-a0c9-570e5ba85cf0,9fb2ef49-6f34-43cb-a0c9-570e5ba85cf0,49.264483,-123.173926,1,FALSE,FALSE,22000,0444,1783361838,2026-07-06T18:18:01Z,2026-07-06T18:18:01Z,2026-07-06T18:17:16Z,2.2,https://gbfs.kappa.fifteen.eu/gbfs/2.2/mobi/en/gbfs.json,https://gbfs.kappa.fifteen.eu/gbfs/2.2/mobi/en/free_bike_status.json,2026-07-06T18:18:00Z,2026-07-06T18:18:00Z
mobi_vancouver,mobi_vancouver_97db8530-d57e-4a83-976b-f4f5bb7c80a7,97db8530-d57e-4a83-976b-f4f5bb7c80a7,49.271044,-123.170661,1,FALSE,FALSE,22000,0450,1783361838,2026-07-06T18:18:01Z,2026-07-06T18:18:01Z,2026-07-06T18:17:16Z,2.2,https://gbfs.kappa.fifteen.eu/gbfs/2.2/mobi/en/gbfs.json,https://gbfs.kappa.fifteen.eu/gbfs/2.2/mobi/en/free_bike_status.json,2026-07-06T18:18:00Z,2026-07-06T18:18:00Z
mobi_vancouver,mobi_vancouver_ba1bf2fd-ad2e-40e2-a7c6-6de9c3290a26,ba1bf2fd-ad2e-40e2-a7c6-6de9c3290a26,49.272172,-123.097978,1,FALSE,FALSE,22000,0354,1783361838,2026-07-06T18:18:01Z,2026-07-06T18:18:01Z,2026-07-06T18:17:16Z,2.2,https://gbfs.kappa.fifteen.eu/gbfs/2.2/mobi/en/gbfs.json,https://gbfs.kappa.fifteen.eu/gbfs/2.2/mobi/en/free_bike_status.json,2026-07-06T18:18:00Z,2026-07-06T18:18:00Z
mobi_vancouver,mobi_vancouver_ea1d972b-248c-407a-a529-c5c3d980a057,ea1d972b-248c-407a-a529-c5c3d980a057,49.266924,-123.173849,1,FALSE,FALSE,22000,0443,1783361838,2026-07-06T18:18:01Z,2026-07-06T18:18:01Z,2026-07-06T18:17:16Z,2.2,https://gbfs.kappa.fifteen.eu/gbfs/2.2/mobi/en/gbfs.json,https://gbfs.kappa.fifteen.eu/gbfs/2.2/mobi/en/free_bike_status.json,2026-07-06T18:18:00Z,2026-07-06T18:18:00Z
mobi_vancouver,mobi_vancouver_0a69acc8-c132-409f-a23e-80eac05155b8,0a69acc8-c132-409f-a23e-80eac05155b8,49.268837,-123.177633,1,FALSE,FALSE,22000,0431,1783361838,2026-07-06T18:18:01Z,2026-07-06T18:18:01Z,2026-07-06T18:17:16Z,2.2,https://gbfs.kappa.fifteen.eu/gbfs/2.2/mobi/en/gbfs.json,https://gbfs.kappa.fifteen.eu/gbfs/2.2/mobi/en/free_bike_status.json,2026-07-06T18:18:00Z,2026-07-06T18:18:00Z
mobi_vancouver,mobi_vancouver_a4a190a1-a2bc-4214-b78b-46993c770c7a,a4a190a1-a2bc-4214-b78b-46993c770c7a,49.274232,-123.129998,1,FALSE,FALSE,22000,0314,1783361838,2026-07-06T18:18:01Z,2026-07-06T18:18:01Z,2026-07-06T18:17:16Z,2.2,https://gbfs.kappa.fifteen.eu/gbfs/2.2/mobi/en/gbfs.json,https://gbfs.kappa.fifteen.eu/gbfs/2.2/mobi/en/free_bike_status.json,2026-07-06T18:18:00Z,2026-07-06T18:18:00Z
mobi_vancouver,mobi_vancouver_b1ecaae1-7389-4bdc-9c17-f169e32a1666,b1ecaae1-7389-4bdc-9c17-f169e32a1666,49.283968,-123.061615,1,FALSE,FALSE,22000,0631,1783361838,2026-07-06T18:18:01Z,2026-07-06T18:18:01Z,2026-07-06T18:17:16Z,2.2,https://gbfs.kappa.fifteen.eu/gbfs/2.2/mobi/en/gbfs.json,https://gbfs.kappa.fifteen.eu/gbfs/2.2/mobi/en/free_bike_status.json,2026-07-06T18:18:00Z,2026-07-06T18:18:00Z
mobi_vancouver,mobi_vancouver_fab2a410-018c-4803-96c1-3d300a21ab90,fab2a410-018c-4803-96c1-3d300a21ab90,49.287464,-123.060771,1,FALSE,FALSE,22000,0611,1783361838,2026-07-06T18:18:01Z,2026-07-06T18:18:01Z,2026-07-06T18:17:16Z,2.2,https://gbfs.kappa.fifteen.eu/gbfs/2.2/mobi/en/gbfs.json,https://gbfs.kappa.fifteen.eu/gbfs/2.2/mobi/en/free_bike_status.json,2026-07-06T18:18:00Z,2026-07-06T18:18:00Z
mobi_vancouver,mobi_vancouver_eddc7f48-08a6-435a-9f3c-95ad9ac0d3c7,eddc7f48-08a6-435a-9f3c-95ad9ac0d3c7,49.285575,-123.061575,1,FALSE,FALSE,22000,0621,1783361838,2026-07-06T18:18:01Z,2026-07-06T18:18:01Z,2026-07-06T18:17:16Z,2.2,https://gbfs.kappa.fifteen.eu/gbfs/2.2/mobi/en/gbfs.json,https://gbfs.kappa.fifteen.eu/gbfs/2.2/mobi/en/free_bike_status.json,2026-07-06T18:18:00Z,2026-07-06T18:18:00Z
mobi_vancouver,mobi_vancouver_d7f45b4a-7779-4dc9-9a38-655e9b0f0d8b,d7f45b4a-7779-4dc9-9a38-655e9b0f0d8b,49.285575,-123.061575,1,FALSE,FALSE,22000,0621,1783361838,2026-07-06T18:18:01Z,2026-07-06T18:18:01Z,2026-07-06T18:17:16Z,2.2,https://gbfs.kappa.fifteen.eu/gbfs/2.2/mobi/en/gbfs.json,https://gbfs.kappa.fifteen.eu/gbfs/2.2/mobi/en/free_bike_status.json,2026-07-06T18:18:00Z,2026-07-06T18:18:00Z
mobi_vancouver,mobi_vancouver_69ff2fb8-f4b4-468d-9bad-5453453b7e9f,69ff2fb8-f4b4-468d-9bad-5453453b7e9f,49.245535,-123.120496,1,FALSE,FALSE,22000,0516,1783361838,2026-07-06T18:18:01Z,2026-07-06T18:18:01Z,2026-07-06T18:17:16Z,2.2,https://gbfs.kappa.fifteen.eu/gbfs/2.2/mobi/en/gbfs.json,https://gbfs.kappa.fifteen.eu/gbfs/2.2/mobi/en/free_bike_status.json,2026-07-06T18:18:00Z,2026-07-06T18:18:00Z
mobi_vancouver,mobi_vancouver_eeaf012c-4374-48fb-ad9d-cc8289b424ae,eeaf012c-4374-48fb-ad9d-cc8289b424ae,49.2658,-123.20596,1,FALSE,FALSE,22000,0715,1783361838,2026-07-06T18:18:01Z,2026-07-06T18:18:01Z,2026-07-06T18:17:16Z,2.2,https://gbfs.kappa.fifteen.eu/gbfs/2.2/mobi/en/gbfs.json,https://gbfs.kappa.fifteen.eu/gbfs/2.2/mobi/en/free_bike_status.json,2026-07-06T18:18:00Z,2026-07-06T18:18:00Z
mobi_vancouver,mobi_vancouver_9a0b53cf-50bb-46c2-9280-fd0b775bd1c1,9a0b53cf-50bb-46c2-9280-fd0b775bd1c1,49.266579,-123.248549,1,FALSE,FALSE,22000,2143,1783361838,2026-07-06T18:18:01Z,2026-07-06T18:18:01Z,2026-07-06T18:17:16Z,2.2,https://gbfs.kappa.fifteen.eu/gbfs/2.2/mobi/en/gbfs.json,https://gbfs.kappa.fifteen.eu/gbfs/2.2/mobi/en/free_bike_status.json,2026-07-06T18:18:00Z,2026-07-06T18:18:00Z
mobi_vancouver,mobi_vancouver_5223cf96-cc26-478a-8a6a-4d2252e83aef,5223cf96-cc26-478a-8a6a-4d2252e83aef,49.263073,-123.254307,1,FALSE,FALSE,22000,2114,1783361838,2026-07-06T18:18:01Z,2026-07-06T18:18:01Z,2026-07-06T18:17:16Z,2.2,https://gbfs.kappa.fifteen.eu/gbfs/2.2/mobi/en/gbfs.json,https://gbfs.kappa.fifteen.eu/gbfs/2.2/mobi/en/free_bike_status.json,2026-07-06T18:18:00Z,2026-07-06T18:18:00Z
mobi_vancouver,mobi_vancouver_0ef9da79-e006-484a-a0a3-0e7bd729a330,0ef9da79-e006-484a-a0a3-0e7bd729a330,49.269172,-123.25279,1,FALSE,FALSE,22000,2131,1783361838,2026-07-06T18:18:01Z,2026-07-06T18:18:01Z,2026-07-06T18:17:16Z,2.2,https://gbfs.kappa.fifteen.eu/gbfs/2.2/mobi/en/gbfs.json,https://gbfs.kappa.fifteen.eu/gbfs/2.2/mobi/en/free_bike_status.json,2026-07-06T18:18:00Z,2026-07-06T18:18:00Z
mobi_vancouver,mobi_vancouver_ab8a4574-c6a3-4eab-9ffc-0ae2fd6d2c76,ab8a4574-c6a3-4eab-9ffc-0ae2fd6d2c76,49.261655,-123.241924,1,FALSE,FALSE,22000,2157,1783361838,2026-07-06T18:18:01Z,2026-07-06T18:18:01Z,2026-07-06T18:17:16Z,2.2,https://gbfs.kappa.fifteen.eu/gbfs/2.2/mobi/en/gbfs.json,https://gbfs.kappa.fifteen.eu/gbfs/2.2/mobi/en/free_bike_status.json,2026-07-06T18:18:00Z,2026-07-06T18:18:00Z
mobi_vancouver,mobi_vancouver_a00e3554-40ff-4758-affa-4f40cdb99b12,a00e3554-40ff-4758-affa-4f40cdb99b12,49.25976,-123.2479,1,FALSE,FALSE,22000,2127,1783361838,2026-07-06T18:18:01Z,2026-07-06T18:18:01Z,2026-07-06T18:17:16Z,2.2,https://gbfs.kappa.fifteen.eu/gbfs/2.2/mobi/en/gbfs.json,https://gbfs.kappa.fifteen.eu/gbfs/2.2/mobi/en/free_bike_status.json,2026-07-06T18:18:00Z,2026-07-06T18:18:00Z
mobi_vancouver,mobi_vancouver_aa6cc14a-096d-41a2-8d33-1b78cb60ae30,aa6cc14a-096d-41a2-8d33-1b78cb60ae30,49.26213,-123.11989,1,FALSE,FALSE,22000,0121,1783361838,2026-07-06T18:18:01Z,2026-07-06T18:18:01Z,2026-07-06T18:17:16Z,2.2,https://gbfs.kappa.fifteen.eu/gbfs/2.2/mobi/en/gbfs.json,https://gbfs.kappa.fifteen.eu/gbfs/2.2/mobi/en/free_bike_status.json,2026-07-06T18:18:00Z,2026-07-06T18:18:00Z
mobi_vancouver,mobi_vancouver_b0e159b0-800a-4c43-97b1-ef67429262d5,b0e159b0-800a-4c43-97b1-ef67429262d5,49.271721,-123.104207,1,FALSE,FALSE,22400,0011,1783361838,2026-07-06T18:18:01Z,2026-07-06T18:18:01Z,2026-07-06T18:17:16Z,2.2,https://gbfs.kappa.fifteen.eu/gbfs/2.2/mobi/en/gbfs.json,https://gbfs.kappa.fifteen.eu/gbfs/2.2/mobi/en/free_bike_status.json,2026-07-06T18:18:00Z,2026-07-06T18:18:00Z
mobi_vancouver,mobi_vancouver_ac0ddbe8-727f-45fd-ac87-ff731ee0d508,ac0ddbe8-727f-45fd-ac87-ff731ee0d508,49.271721,-123.104207,1,FALSE,FALSE,22400,0011,1783361838,2026-07-06T18:18:01Z,2026-07-06T18:18:01Z,2026-07-06T18:17:16Z,2.2,https://gbfs.kappa.fifteen.eu/gbfs/2.2/mobi/en/gbfs.json,https://gbfs.kappa.fifteen.eu/gbfs/2.2/mobi/en/free_bike_status.json,2026-07-06T18:18:00Z,2026-07-06T18:18:00Z
mobi_vancouver,mobi_vancouver_eb8412cb-c884-4177-877a-79cda60ddd2b,eb8412cb-c884-4177-877a-79cda60ddd2b,49.262487,-123.114397,1,FALSE,FALSE,22400,0001,1783361838,2026-07-06T18:18:01Z,2026-07-06T18:18:01Z,2026-07-06T18:17:16Z,2.2,https://gbfs.kappa.fifteen.eu/gbfs/2.2/mobi/en/gbfs.json,https://gbfs.kappa.fifteen.eu/gbfs/2.2/mobi/en/free_bike_status.json,2026-07-06T18:18:00Z,2026-07-06T18:18:00Z
mobi_vancouver,mobi_vancouver_da120785-b3e0-4e4a-8359-5c20a3c711b8,da120785-b3e0-4e4a-8359-5c20a3c711b8,49.262487,-123.114397,1,FALSE,FALSE,22400,0001,1783361838,2026-07-06T18:18:01Z,2026-07-06T18:18:01Z,2026-07-06T18:17:16Z,2.2,https://gbfs.kappa.fifteen.eu/gbfs/2.2/mobi/en/gbfs.json,https://gbfs.kappa.fifteen.eu/gbfs/2.2/mobi/en/free_bike_status.json,2026-07-06T18:18:00Z,2026-07-06T18:18:00Z
mobi_vancouver,mobi_vancouver_06ba035d-7cb3-4c70-9a61-a69f1813c95c,06ba035d-7cb3-4c70-9a61-a69f1813c95c,49.285871,-123.12105,1,FALSE,FALSE,22400,0002,1783361838,2026-07-06T18:18:01Z,2026-07-06T18:18:01Z,2026-07-06T18:17:16Z,2.2,https://gbfs.kappa.fifteen.eu/gbfs/2.2/mobi/en/gbfs.json,https://gbfs.kappa.fifteen.eu/gbfs/2.2/mobi/en/free_bike_status.json,2026-07-06T18:18:00Z,2026-07-06T18:18:00Z
mobi_vancouver,mobi_vancouver_02a279cc-e3e1-46a4-bcd2-ed0341ea94bd,02a279cc-e3e1-46a4-bcd2-ed0341ea94bd,49.28725,-123.11298,1,FALSE,FALSE,22400,0014,1783361838,2026-07-06T18:18:01Z,2026-07-06T18:18:01Z,2026-07-06T18:17:16Z,2.2,https://gbfs.kappa.fifteen.eu/gbfs/2.2/mobi/en/gbfs.json,https://gbfs.kappa.fifteen.eu/gbfs/2.2/mobi/en/free_bike_status.json,2026-07-06T18:18:00Z,2026-07-06T18:18:00Z
mobi_vancouver,mobi_vancouver_f670e700-f120-44e9-b1c9-58058b316f50,f670e700-f120-44e9-b1c9-58058b316f50,49.288444,-123.139203,1,FALSE,FALSE,22400,0032,1783361838,2026-07-06T18:18:01Z,2026-07-06T18:18:01Z,2026-07-06T18:17:16Z,2.2,https://gbfs.kappa.fifteen.eu/gbfs/2.2/mobi/en/gbfs.json,https://gbfs.kappa.fifteen.eu/gbfs/2.2/mobi/en/free_bike_status.json,2026-07-06T18:18:00Z,2026-07-06T18:18:00Z
mobi_vancouver,mobi_vancouver_7388db1d-0182-4b5b-a675-4faf88527244,7388db1d-0182-4b5b-a675-4faf88527244,49.285512,-123.1384,1,FALSE,FALSE,22400,0040,1783361838,2026-07-06T18:18:01Z,2026-07-06T18:18:01Z,2026-07-06T18:17:16Z,2.2,https://gbfs.kappa.fifteen.eu/gbfs/2.2/mobi/en/gbfs.json,https://gbfs.kappa.fifteen.eu/gbfs/2.2/mobi/en/free_bike_status.json,2026-07-06T18:18:00Z,2026-07-06T18:18:00Z
mobi_vancouver,mobi_vancouver_1fa50c7e-8fd6-49f4-9b8f-3c65c27abc8e,1fa50c7e-8fd6-49f4-9b8f-3c65c27abc8e,49.289255,-123.132677,1,FALSE,FALSE,22400,0041,1783361838,2026-07-06T18:18:01Z,2026-07-06T18:18:01Z,2026-07-06T18:17:16Z,2.2,https://gbfs.kappa.fifteen.eu/gbfs/2.2/mobi/en/gbfs.json,https://gbfs.kappa.fifteen.eu/gbfs/2.2/mobi/en/free_bike_status.json,2026-07-06T18:18:00Z,2026-07-06T18:18:00Z
mobi_vancouver,mobi_vancouver_b2b8a1b1-77da-4a79-9436-f10b310dd6a7,b2b8a1b1-77da-4a79-9436-f10b310dd6a7,49.289255,-123.132677,1,FALSE,FALSE,22400,0041,1783361838,2026-07-06T18:18:01Z,2026-07-06T18:18:01Z,2026-07-06T18:17:16Z,2.2,https://gbfs.kappa.fifteen.eu/gbfs/2.2/mobi/en/gbfs.json,https://gbfs.kappa.fifteen.eu/gbfs/2.2/mobi/en/free_bike_status.json,2026-07-06T18:18:00Z,2026-07-06T18:18:00Z
mobi_vancouver,mobi_vancouver_21d3731c-0d30-4750-9413-20bd837b27b3,21d3731c-0d30-4750-9413-20bd837b27b3,49.269361,-123.13782,1,FALSE,FALSE,22400,0066,1783361838,2026-07-06T18:18:01Z,2026-07-06T18:18:01Z,2026-07-06T18:17:16Z,2.2,https://gbfs.kappa.fifteen.eu/gbfs/2.2/mobi/en/gbfs.json,https://gbfs.kappa.fifteen.eu/gbfs/2.2/mobi/en/free_bike_status.json,2026-07-06T18:18:00Z,2026-07-06T18:18:00Z
mobi_vancouver,mobi_vancouver_3aa3794c-6097-46a7-8a72-cc89b0bb4784,3aa3794c-6097-46a7-8a72-cc89b0bb4784,49.269361,-123.13782,1,FALSE,FALSE,22400,0066,1783361838,2026-07-06T18:18:01Z,2026-07-06T18:18:01Z,2026-07-06T18:17:16Z,2.2,https://gbfs.kappa.fifteen.eu/gbfs/2.2/mobi/en/gbfs.json,https://gbfs.kappa.fifteen.eu/gbfs/2.2/mobi/en/free_bike_status.json,2026-07-06T18:18:00Z,2026-07-06T18:18:00Z
mobi_vancouver,mobi_vancouver_c751fb15-67b3-47ed-980d-2c96dbfdd09f,c751fb15-67b3-47ed-980d-2c96dbfdd09f,49.269361,-123.13782,1,FALSE,FALSE,22400,0066,1783361838,2026-07-06T18:18:01Z,2026-07-06T18:18:01Z,2026-07-06T18:17:16Z,2.2,https://gbfs.kappa.fifteen.eu/gbfs/2.2/mobi/en/gbfs.json,https://gbfs.kappa.fifteen.eu/gbfs/2.2/mobi/en/free_bike_status.json,2026-07-06T18:18:00Z,2026-07-06T18:18:00Z
mobi_vancouver,mobi_vancouver_129576a8-8197-4218-8735-6fecc65092cf,129576a8-8197-4218-8735-6fecc65092cf,49.27808,-123.130557,1,FALSE,FALSE,22400,0089,1783361838,2026-07-06T18:18:01Z,2026-07-06T18:18:01Z,2026-07-06T18:17:16Z,2.2,https://gbfs.kappa.fifteen.eu/gbfs/2.2/mobi/en/gbfs.json,https://gbfs.kappa.fifteen.eu/gbfs/2.2/mobi/en/free_bike_status.json,2026-07-06T18:18:00Z,2026-07-06T18:18:00Z
mobi_vancouver,mobi_vancouver_673dc2ac-4c92-410a-9d30-e8448326cc0e,673dc2ac-4c92-410a-9d30-e8448326cc0e,49.273833,-123.114373,1,FALSE,FALSE,22400,0057,1783361838,2026-07-06T18:18:01Z,2026-07-06T18:18:01Z,2026-07-06T18:17:16Z,2.2,https://gbfs.kappa.fifteen.eu/gbfs/2.2/mobi/en/gbfs.json,https://gbfs.kappa.fifteen.eu/gbfs/2.2/mobi/en/free_bike_status.json,2026-07-06T18:18:00Z,2026-07-06T18:18:00Z
mobi_vancouver,mobi_vancouver_94972cfb-c437-4a8d-8881-b97abc787e83,94972cfb-c437-4a8d-8881-b97abc787e83,49.279821,-123.10802,1,FALSE,FALSE,22400,0053,1783361838,2026-07-06T18:18:01Z,2026-07-06T18:18:01Z,2026-07-06T18:17:16Z,2.2,https://gbfs.kappa.fifteen.eu/gbfs/2.2/mobi/en/gbfs.json,https://gbfs.kappa.fifteen.eu/gbfs/2.2/mobi/en/free_bike_status.json,2026-07-06T18:18:00Z,2026-07-06T18:18:00Z
mobi_vancouver,mobi_vancouver_d5a228a4-d86f-4e65-a964-630541ab2b66,d5a228a4-d86f-4e65-a964-630541ab2b66,49.265605,-123.152566,1,FALSE,FALSE,22400,0109,1783361838,2026-07-06T18:18:01Z,2026-07-06T18:18:01Z,2026-07-06T18:17:16Z,2.2,https://gbfs.kappa.fifteen.eu/gbfs/2.2/mobi/en/gbfs.json,https://gbfs.kappa.fifteen.eu/gbfs/2.2/mobi/en/free_bike_status.json,2026-07-06T18:18:00Z,2026-07-06T18:18:00Z
mobi_vancouver,mobi_vancouver_26a18943-df35-436b-884a-048fc46113e6,26a18943-df35-436b-884a-048fc46113e6,49.265605,-123.152566,1,FALSE,FALSE,22400,0109,1783361838,2026-07-06T18:18:01Z,2026-07-06T18:18:01Z,2026-07-06T18:17:16Z,2.2,https://gbfs.kappa.fifteen.eu/gbfs/2.2/mobi/en/gbfs.json,https://gbfs.kappa.fifteen.eu/gbfs/2.2/mobi/en/free_bike_status.json,2026-07-06T18:18:00Z,2026-07-06T18:18:00Z
mobi_vancouver,mobi_vancouver_3c07e85f-2b46-497b-b93a-1bd4963a7394,3c07e85f-2b46-497b-b93a-1bd4963a7394,49.287528,-123.142139,1,FALSE,FALSE,22400,0028,1783361838,2026-07-06T18:18:01Z,2026-07-06T18:18:01Z,2026-07-06T18:17:16Z,2.2,https://gbfs.kappa.fifteen.eu/gbfs/2.2/mobi/en/gbfs.json,https://gbfs.kappa.fifteen.eu/gbfs/2.2/mobi/en/free_bike_status.json,2026-07-06T18:18:00Z,2026-07-06T18:18:00Z
mobi_vancouver,mobi_vancouver_110fd171-9b97-4789-ba8f-d3888d3b5433,110fd171-9b97-4789-ba8f-d3888d3b5433,49.287528,-123.142139,1,FALSE,FALSE,22400,0028,1783361838,2026-07-06T18:18:01Z,2026-07-06T18:18:01Z,2026-07-06T18:17:16Z,2.2,https://gbfs.kappa.fifteen.eu/gbfs/2.2/mobi/en/gbfs.json,https://gbfs.kappa.fifteen.eu/gbfs/2.2/mobi/en/free_bike_status.json,2026-07-06T18:18:00Z,2026-07-06T18:18:00Z
mobi_vancouver,mobi_vancouver_62782755-c8fa-4b68-a54e-5b56c0d3998a,62782755-c8fa-4b68-a54e-5b56c0d3998a,49.258763,-123.115392,1,FALSE,FALSE,22400,0072,1783361838,2026-07-06T18:18:01Z,2026-07-06T18:18:01Z,2026-07-06T18:17:16Z,2.2,https://gbfs.kappa.fifteen.eu/gbfs/2.2/mobi/en/gbfs.json,https://gbfs.kappa.fifteen.eu/gbfs/2.2/mobi/en/free_bike_status.json,2026-07-06T18:18:00Z,2026-07-06T18:18:00Z
mobi_vancouver,mobi_vancouver_5d2a218d-3067-40c3-a5ec-e9b44bdc6fac,5d2a218d-3067-40c3-a5ec-e9b44bdc6fac,49.268269,-123.147885,1,FALSE,FALSE,22400,0076,1783361838,2026-07-06T18:18:01Z,2026-07-06T18:18:01Z,2026-07-06T18:17:16Z,2.2,https://gbfs.kappa.fifteen.eu/gbfs/2.2/mobi/en/gbfs.json,https://gbfs.kappa.fifteen.eu/gbfs/2.2/mobi/en/free_bike_status.json,2026-07-06T18:18:00Z,2026-07-06T18:18:00Z
mobi_vancouver,mobi_vancouver_2d7c3c5f-26ad-4638-b2be-a52f2c6b8d8f,2d7c3c5f-26ad-4638-b2be-a52f2c6b8d8f,49.288506,-123.131238,1,FALSE,FALSE,22400,0096,1783361838,2026-07-06T18:18:01Z,2026-07-06T18:18:01Z,2026-07-06T18:17:16Z,2.2,https://gbfs.kappa.fifteen.eu/gbfs/2.2/mobi/en/gbfs.json,https://gbfs.kappa.fifteen.eu/gbfs/2.2/mobi/en/free_bike_status.json,2026-07-06T18:18:00Z,2026-07-06T18:18:00Z
mobi_vancouver,mobi_vancouver_2565d847-cb7b-4941-bd8e-bd922cf8d4e5,2565d847-cb7b-4941-bd8e-bd922cf8d4e5,49.28763,-123.127245,1,FALSE,FALSE,22400,0079,1783361838,2026-07-06T18:18:01Z,2026-07-06T18:18:01Z,2026-07-06T18:17:16Z,2.2,https://gbfs.kappa.fifteen.eu/gbfs/2.2/mobi/en/gbfs.json,https://gbfs.kappa.fifteen.eu/gbfs/2.2/mobi/en/free_bike_status.json,2026-07-06T18:18:00Z,2026-07-06T18:18:00Z
mobi_vancouver,mobi_vancouver_82c10f62-8810-4580-bb18-9bb6e869b1f0,82c10f62-8810-4580-bb18-9bb6e869b1f0,49.272827,-123.147744,1,FALSE,FALSE,22400,0065,1783361838,2026-07-06T18:18:01Z,2026-07-06T18:18:01Z,2026-07-06T18:17:16Z,2.2,https://gbfs.kappa.fifteen.eu/gbfs/2.2/mobi/en/gbfs.json,https://gbfs.kappa.fifteen.eu/gbfs/2.2/mobi/en/free_bike_status.json,2026-07-06T18:18:00Z,2026-07-06T18:18:00Z
mobi_vancouver,mobi_vancouver_3082b043-29cb-4e75-a2fc-8ce240e539ad,3082b043-29cb-4e75-a2fc-8ce240e539ad,49.272827,-123.147744,1,FALSE,FALSE,22400,0065,1783361838,2026-07-06T18:18:01Z,2026-07-06T18:18:01Z,2026-07-06T18:17:16Z,2.2,https://gbfs.kappa.fifteen.eu/gbfs/2.2/mobi/en/gbfs.json,https://gbfs.kappa.fifteen.eu/gbfs/2.2/mobi/en/free_bike_status.json,2026-07-06T18:18:00Z,2026-07-06T18:18:00Z
mobi_vancouver,mobi_vancouver_3730813b-80f1-4d0b-b7f3-aa63afcd4bcd,3730813b-80f1-4d0b-b7f3-aa63afcd4bcd,49.273568,-123.129935,1,FALSE,FALSE,22400,0137,1783361838,2026-07-06T18:18:01Z,2026-07-06T18:18:01Z,2026-07-06T18:17:16Z,2.2,https://gbfs.kappa.fifteen.eu/gbfs/2.2/mobi/en/gbfs.json,https://gbfs.kappa.fifteen.eu/gbfs/2.2/mobi/en/free_bike_status.json,2026-07-06T18:18:00Z,2026-07-06T18:18:00Z
mobi_vancouver,mobi_vancouver_9a2c7b6f-4061-4b22-9762-f24e25339822,9a2c7b6f-4061-4b22-9762-f24e25339822,49.284605,-123.108662,1,FALSE,FALSE,22400,0052,1783361838,2026-07-06T18:18:01Z,2026-07-06T18:18:01Z,2026-07-06T18:17:16Z,2.2,https://gbfs.kappa.fifteen.eu/gbfs/2.2/mobi/en/gbfs.json,https://gbfs.kappa.fifteen.eu/gbfs/2.2/mobi/en/free_bike_status.json,2026-07-06T18:18:00Z,2026-07-06T18:18:00Z
mobi_vancouver,mobi_vancouver_3c378569-807f-4ebc-8446-a37970d66f13,3c378569-807f-4ebc-8446-a37970d66f13,49.284605,-123.108662,1,FALSE,FALSE,22400,0052,1783361838,2026-07-06T18:18:01Z,2026-07-06T18:18:01Z,2026-07-06T18:17:16Z,2.2,https://gbfs.kappa.fifteen.eu/gbfs/2.2/mobi/en/gbfs.json,https://gbfs.kappa.fifteen.eu/gbfs/2.2/mobi/en/free_bike_status.json,2026-07-06T18:18:00Z,2026-07-06T18:18:00Z
mobi_vancouver,mobi_vancouver_d51d3d3f-ac4f-4f31-acde-67f5c20d002e,d51d3d3f-ac4f-4f31-acde-67f5c20d002e,49.273663,-123.127075,1,FALSE,FALSE,22400,0044,1783361838,2026-07-06T18:18:01Z,2026-07-06T18:18:01Z,2026-07-06T18:17:16Z,2.2,https://gbfs.kappa.fifteen.eu/gbfs/2.2/mobi/en/gbfs.json,https://gbfs.kappa.fifteen.eu/gbfs/2.2/mobi/en/free_bike_status.json,2026-07-06T18:18:00Z,2026-07-06T18:18:00Z
mobi_vancouver,mobi_vancouver_b36ac067-71d6-4125-84ec-0b25df03290a,b36ac067-71d6-4125-84ec-0b25df03290a,49.269969,-123.109623,1,FALSE,FALSE,22400,0173,1783361838,2026-07-06T18:18:01Z,2026-07-06T18:18:01Z,2026-07-06T18:17:16Z,2.2,https://gbfs.kappa.fifteen.eu/gbfs/2.2/mobi/en/gbfs.json,https://gbfs.kappa.fifteen.eu/gbfs/2.2/mobi/en/free_bike_status.json,2026-07-06T18:18:00Z,2026-07-06T18:18:00Z
mobi_vancouver,mobi_vancouver_cc8a6d79-3981-4df2-8d25-c92175ad0f4f,cc8a6d79-3981-4df2-8d25-c92175ad0f4f,49.269969,-123.109623,1,FALSE,FALSE,22400,0173,1783361838,2026-07-06T18:18:01Z,2026-07-06T18:18:01Z,2026-07-06T18:17:16Z,2.2,https://gbfs.kappa.fifteen.eu/gbfs/2.2/mobi/en/gbfs.json,https://gbfs.kappa.fifteen.eu/gbfs/2.2/mobi/en/free_bike_status.json,2026-07-06T18:18:00Z,2026-07-06T18:18:00Z
mobi_vancouver,mobi_vancouver_640526b0-c27c-498c-a6f5-5c3b25e8c876,640526b0-c27c-498c-a6f5-5c3b25e8c876,49.256825,-123.105234,1,FALSE,FALSE,22400,0133,1783361838,2026-07-06T18:18:01Z,2026-07-06T18:18:01Z,2026-07-06T18:17:16Z,2.2,https://gbfs.kappa.fifteen.eu/gbfs/2.2/mobi/en/gbfs.json,https://gbfs.kappa.fifteen.eu/gbfs/2.2/mobi/en/free_bike_status.json,2026-07-06T18:18:00Z,2026-07-06T18:18:00Z
mobi_vancouver,mobi_vancouver_f8816ba5-7536-4f21-a6e1-bbbfe29aa5f6,f8816ba5-7536-4f21-a6e1-bbbfe29aa5f6,49.256825,-123.105234,1,FALSE,FALSE,22400,0133,1783361838,2026-07-06T18:18:01Z,2026-07-06T18:18:01Z,2026-07-06T18:17:16Z,2.2,https://gbfs.kappa.fifteen.eu/gbfs/2.2/mobi/en/gbfs.json,https://gbfs.kappa.fifteen.eu/gbfs/2.2/mobi/en/free_bike_status.json,2026-07-06T18:18:00Z,2026-07-06T18:18:00Z
mobi_vancouver,mobi_vancouver_eb7c8866-4b7e-48f8-baa3-8fb4e52e4fb4,eb7c8866-4b7e-48f8-baa3-8fb4e52e4fb4,49.266476,-123.109389,1,FALSE,FALSE,22400,0165,1783361838,2026-07-06T18:18:01Z,2026-07-06T18:18:01Z,2026-07-06T18:17:16Z,2.2,https://gbfs.kappa.fifteen.eu/gbfs/2.2/mobi/en/gbfs.json,https://gbfs.kappa.fifteen.eu/gbfs/2.2/mobi/en/free_bike_status.json,2026-07-06T18:18:00Z,2026-07-06T18:18:00Z
mobi_vancouver,mobi_vancouver_9e8a35f6-82e3-4cf7-8b21-19f792aac38e,9e8a35f6-82e3-4cf7-8b21-19f792aac38e,49.284157,-123.099917,1,FALSE,FALSE,22400,0150,1783361838,2026-07-06T18:18:01Z,2026-07-06T18:18:01Z,2026-07-06T18:17:16Z,2.2,https://gbfs.kappa.fifteen.eu/gbfs/2.2/mobi/en/gbfs.json,https://gbfs.kappa.fifteen.eu/gbfs/2.2/mobi/en/free_bike_status.json,2026-07-06T18:18:00Z,2026-07-06T18:18:00Z
mobi_vancouver,mobi_vancouver_509182af-95a1-4085-9b1b-067bc11ee93d,509182af-95a1-4085-9b1b-067bc11ee93d,49.276292,-123.150592,1,FALSE,FALSE,22400,0155,1783361838,2026-07-06T18:18:01Z,2026-07-06T18:18:01Z,2026-07-06T18:17:16Z,2.2,https://gbfs.kappa.fifteen.eu/gbfs/2.2/mobi/en/gbfs.json,https://gbfs.kappa.fifteen.eu/gbfs/2.2/mobi/en/free_bike_status.json,2026-07-06T18:18:00Z,2026-07-06T18:18:00Z
mobi_vancouver,mobi_vancouver_9a78fc19-308b-4db1-8f3e-0232d25ec3f3,9a78fc19-308b-4db1-8f3e-0232d25ec3f3,49.276292,-123.150592,1,FALSE,FALSE,22400,0155,1783361838,2026-07-06T18:18:01Z,2026-07-06T18:18:01Z,2026-07-06T18:17:16Z,2.2,https://gbfs.kappa.fifteen.eu/gbfs/2.2/mobi/en/gbfs.json,https://gbfs.kappa.fifteen.eu/gbfs/2.2/mobi/en/free_bike_status.json,2026-07-06T18:18:00Z,2026-07-06T18:18:00Z
mobi_vancouver,mobi_vancouver_11c94853-3b6d-4032-8cf6-028894807b91,11c94853-3b6d-4032-8cf6-028894807b91,49.276292,-123.150592,1,FALSE,FALSE,22400,0155,1783361838,2026-07-06T18:18:01Z,2026-07-06T18:18:01Z,2026-07-06T18:17:16Z,2.2,https://gbfs.kappa.fifteen.eu/gbfs/2.2/mobi/en/gbfs.json,https://gbfs.kappa.fifteen.eu/gbfs/2.2/mobi/en/free_bike_status.json,2026-07-06T18:18:00Z,2026-07-06T18:18:00Z
mobi_vancouver,mobi_vancouver_19a9897c-9f10-44a5-aedf-00d34607e46f,19a9897c-9f10-44a5-aedf-00d34607e46f,49.282758,-123.122092,1,FALSE,FALSE,22400,0019,1783361838,2026-07-06T18:18:01Z,2026-07-06T18:18:01Z,2026-07-06T18:17:16Z,2.2,https://gbfs.kappa.fifteen.eu/gbfs/2.2/mobi/en/gbfs.json,https://gbfs.kappa.fifteen.eu/gbfs/2.2/mobi/en/free_bike_status.json,2026-07-06T18:18:00Z,2026-07-06T18:18:00Z
mobi_vancouver,mobi_vancouver_59058e05-9a15-405c-82f1-ca68957ef355,59058e05-9a15-405c-82f1-ca68957ef355,49.262206,-123.109091,1,FALSE,FALSE,22400,0172,1783361838,2026-07-06T18:18:01Z,2026-07-06T18:18:01Z,2026-07-06T18:17:16Z,2.2,https://gbfs.kappa.fifteen.eu/gbfs/2.2/mobi/en/gbfs.json,https://gbfs.kappa.fifteen.eu/gbfs/2.2/mobi/en/free_bike_status.json,2026-07-06T18:18:00Z,2026-07-06T18:18:00Z
mobi_vancouver,mobi_vancouver_dadd0f0f-e4ff-4e6e-9fae-c6cbe406d342,dadd0f0f-e4ff-4e6e-9fae-c6cbe406d342,49.262206,-123.109091,1,FALSE,FALSE,22400,0172,1783361838,2026-07-06T18:18:01Z,2026-07-06T18:18:01Z,2026-07-06T18:17:16Z,2.2,https://gbfs.kappa.fifteen.eu/gbfs/2.2/mobi/en/gbfs.json,https://gbfs.kappa.fifteen.eu/gbfs/2.2/mobi/en/free_bike_status.json,2026-07-06T18:18:00Z,2026-07-06T18:18:00Z
mobi_vancouver,mobi_vancouver_d302457a-673e-496c-ac2a-c75022d87cb5,d302457a-673e-496c-ac2a-c75022d87cb5,49.268216,-123.103168,1,FALSE,FALSE,22400,0119,1783361838,2026-07-06T18:18:01Z,2026-07-06T18:18:01Z,2026-07-06T18:17:16Z,2.2,https://gbfs.kappa.fifteen.eu/gbfs/2.2/mobi/en/gbfs.json,https://gbfs.kappa.fifteen.eu/gbfs/2.2/mobi/en/free_bike_status.json,2026-07-06T18:18:00Z,2026-07-06T18:18:00Z
mobi_vancouver,mobi_vancouver_19daeda5-b920-4004-820d-d59824711f64,19daeda5-b920-4004-820d-d59824711f64,49.268216,-123.103168,1,FALSE,FALSE,22400,0119,1783361838,2026-07-06T18:18:01Z,2026-07-06T18:18:01Z,2026-07-06T18:17:16Z,2.2,https://gbfs.kappa.fifteen.eu/gbfs/2.2/mobi/en/gbfs.json,https://gbfs.kappa.fifteen.eu/gbfs/2.2/mobi/en/free_bike_status.json,2026-07-06T18:18:00Z,2026-07-06T18:18:00Z
mobi_vancouver,mobi_vancouver_d97df186-a7e0-459d-a087-03d6ba06b487,d97df186-a7e0-459d-a087-03d6ba06b487,49.299292,-123.130281,1,FALSE,FALSE,22400,0101,1783361838,2026-07-06T18:18:01Z,2026-07-06T18:18:01Z,2026-07-06T18:17:16Z,2.2,https://gbfs.kappa.fifteen.eu/gbfs/2.2/mobi/en/gbfs.json,https://gbfs.kappa.fifteen.eu/gbfs/2.2/mobi/en/free_bike_status.json,2026-07-06T18:18:00Z,2026-07-06T18:18:00Z
mobi_vancouver,mobi_vancouver_07ba54ec-8ad4-4659-9623-44dff41d4c1c,07ba54ec-8ad4-4659-9623-44dff41d4c1c,49.294318,-123.148808,1,FALSE,FALSE,22400,0104,1783361838,2026-07-06T18:18:01Z,2026-07-06T18:18:01Z,2026-07-06T18:17:16Z,2.2,https://gbfs.kappa.fifteen.eu/gbfs/2.2/mobi/en/gbfs.json,https://gbfs.kappa.fifteen.eu/gbfs/2.2/mobi/en/free_bike_status.json,2026-07-06T18:18:00Z,2026-07-06T18:18:00Z
mobi_vancouver,mobi_vancouver_504ea908-de5f-4c38-a876-ef354944b9a9,504ea908-de5f-4c38-a876-ef354944b9a9,49.266456,-123.100324,1,FALSE,FALSE,22400,0198,1783361838,2026-07-06T18:18:01Z,2026-07-06T18:18:01Z,2026-07-06T18:17:16Z,2.2,https://gbfs.kappa.fifteen.eu/gbfs/2.2/mobi/en/gbfs.json,https://gbfs.kappa.fifteen.eu/gbfs/2.2/mobi/en/free_bike_status.json,2026-07-06T18:18:00Z,2026-07-06T18:18:00Z
mobi_vancouver,mobi_vancouver_9cae1cd6-c5e7-4fe4-9a9a-756e5c3b4007,9cae1cd6-c5e7-4fe4-9a9a-756e5c3b4007,49.266456,-123.100324,1,FALSE,FALSE,22400,0198,1783361838,2026-07-06T18:18:01Z,2026-07-06T18:18:01Z,2026-07-06T18:17:16Z,2.2,https://gbfs.kappa.fifteen.eu/gbfs/2.2/mobi/en/gbfs.json,https://gbfs.kappa.fifteen.eu/gbfs/2.2/mobi/en/free_bike_status.json,2026-07-06T18:18:00Z,2026-07-06T18:18:00Z
mobi_vancouver,mobi_vancouver_87667129-eb55-47ec-8842-b72ff17eca30,87667129-eb55-47ec-8842-b72ff17eca30,49.266456,-123.100324,1,FALSE,FALSE,22400,0198,1783361838,2026-07-06T18:18:01Z,2026-07-06T18:18:01Z,2026-07-06T18:17:16Z,2.2,https://gbfs.kappa.fifteen.eu/gbfs/2.2/mobi/en/gbfs.json,https://gbfs.kappa.fifteen.eu/gbfs/2.2/mobi/en/free_bike_status.json,2026-07-06T18:18:00Z,2026-07-06T18:18:00Z
mobi_vancouver,mobi_vancouver_bd698558-bfd1-4d32-9b66-d70116761c55,bd698558-bfd1-4d32-9b66-d70116761c55,49.267859,-123.145782,1,FALSE,FALSE,22400,0139,1783361838,2026-07-06T18:18:01Z,2026-07-06T18:18:01Z,2026-07-06T18:17:16Z,2.2,https://gbfs.kappa.fifteen.eu/gbfs/2.2/mobi/en/gbfs.json,https://gbfs.kappa.fifteen.eu/gbfs/2.2/mobi/en/free_bike_status.json,2026-07-06T18:18:00Z,2026-07-06T18:18:00Z
mobi_vancouver,mobi_vancouver_ea2e3e39-62ce-4438-b03e-aedfdc927fc5,ea2e3e39-62ce-4438-b03e-aedfdc927fc5,49.267859,-123.145782,1,FALSE,FALSE,22400,0139,1783361838,2026-07-06T18:18:01Z,2026-07-06T18:18:01Z,2026-07-06T18:17:16Z,2.2,https://gbfs.kappa.fifteen.eu/gbfs/2.2/mobi/en/gbfs.json,https://gbfs.kappa.fifteen.eu/gbfs/2.2/mobi/en/free_bike_status.json,2026-07-06T18:18:00Z,2026-07-06T18:18:00Z
mobi_vancouver,mobi_vancouver_06c46256-4367-424d-8270-e6e83dc90862,06c46256-4367-424d-8270-e6e83dc90862,49.267859,-123.145782,1,FALSE,FALSE,22400,0139,1783361838,2026-07-06T18:18:01Z,2026-07-06T18:18:01Z,2026-07-06T18:17:16Z,2.2,https://gbfs.kappa.fifteen.eu/gbfs/2.2/mobi/en/gbfs.json,https://gbfs.kappa.fifteen.eu/gbfs/2.2/mobi/en/free_bike_status.json,2026-07-06T18:18:00Z,2026-07-06T18:18:00Z
mobi_vancouver,mobi_vancouver_acaa84a1-3cfa-4253-ba41-c322691bdc74,acaa84a1-3cfa-4253-ba41-c322691bdc74,49.262242,-123.081459,1,FALSE,FALSE,22400,0246,1783361838,2026-07-06T18:18:01Z,2026-07-06T18:18:01Z,2026-07-06T18:17:16Z,2.2,https://gbfs.kappa.fifteen.eu/gbfs/2.2/mobi/en/gbfs.json,https://gbfs.kappa.fifteen.eu/gbfs/2.2/mobi/en/free_bike_status.json,2026-07-06T18:18:00Z,2026-07-06T18:18:00Z
mobi_vancouver,mobi_vancouver_e931f38f-6001-422b-b935-f8709c729130,e931f38f-6001-422b-b935-f8709c729130,49.262321,-123.09306,1,FALSE,FALSE,22400,0248,1783361838,2026-07-06T18:18:01Z,2026-07-06T18:18:01Z,2026-07-06T18:17:16Z,2.2,https://gbfs.kappa.fifteen.eu/gbfs/2.2/mobi/en/gbfs.json,https://gbfs.kappa.fifteen.eu/gbfs/2.2/mobi/en/free_bike_status.json,2026-07-06T18:18:00Z,2026-07-06T18:18:00Z
mobi_vancouver,mobi_vancouver_7f1aa378-ca67-4a6e-bff5-0554dc7565f9,7f1aa378-ca67-4a6e-bff5-0554dc7565f9,49.262321,-123.09306,1,FALSE,FALSE,22400,0248,1783361838,2026-07-06T18:18:01Z,2026-07-06T18:18:01Z,2026-07-06T18:17:16Z,2.2,https://gbfs.kappa.fifteen.eu/gbfs/2.2/mobi/en/gbfs.json,https://gbfs.kappa.fifteen.eu/gbfs/2.2/mobi/en/free_bike_status.json,2026-07-06T18:18:00Z,2026-07-06T18:18:00Z
mobi_vancouver,mobi_vancouver_ade88663-895e-4dc2-ba6a-738099306d42,ade88663-895e-4dc2-ba6a-738099306d42,49.265005,-123.079481,1,FALSE,FALSE,22400,0236,1783361838,2026-07-06T18:18:01Z,2026-07-06T18:18:01Z,2026-07-06T18:17:16Z,2.2,https://gbfs.kappa.fifteen.eu/gbfs/2.2/mobi/en/gbfs.json,https://gbfs.kappa.fifteen.eu/gbfs/2.2/mobi/en/free_bike_status.json,2026-07-06T18:18:00Z,2026-07-06T18:18:00Z
mobi_vancouver,mobi_vancouver_28c8ddd5-f58e-4f3f-9006-a8c4002e7221,28c8ddd5-f58e-4f3f-9006-a8c4002e7221,49.265005,-123.079481,1,FALSE,FALSE,22400,0236,1783361838,2026-07-06T18:18:01Z,2026-07-06T18:18:01Z,2026-07-06T18:17:16Z,2.2,https://gbfs.kappa.fifteen.eu/gbfs/2.2/mobi/en/gbfs.json,https://gbfs.kappa.fifteen.eu/gbfs/2.2/mobi/en/free_bike_status.json,2026-07-06T18:18:00Z,2026-07-06T18:18:00Z
mobi_vancouver,mobi_vancouver_5d0f673b-727f-4c29-88c5-0cfdb4f2f384,5d0f673b-727f-4c29-88c5-0cfdb4f2f384,49.263242,-123.070521,1,FALSE,FALSE,22400,0242,1783361838,2026-07-06T18:18:01Z,2026-07-06T18:18:01Z,2026-07-06T18:17:16Z,2.2,https://gbfs.kappa.fifteen.eu/gbfs/2.2/mobi/en/gbfs.json,https://gbfs.kappa.fifteen.eu/gbfs/2.2/mobi/en/free_bike_status.json,2026-07-06T18:18:00Z,2026-07-06T18:18:00Z
mobi_vancouver,mobi_vancouver_dc2fe1eb-3663-45fa-a00a-71c180a2aa54,dc2fe1eb-3663-45fa-a00a-71c180a2aa54,49.274881,-123.069323,1,FALSE,FALSE,22400,0231,1783361838,2026-07-06T18:18:01Z,2026-07-06T18:18:01Z,2026-07-06T18:17:16Z,2.2,https://gbfs.kappa.fifteen.eu/gbfs/2.2/mobi/en/gbfs.json,https://gbfs.kappa.fifteen.eu/gbfs/2.2/mobi/en/free_bike_status.json,2026-07-06T18:18:00Z,2026-07-06T18:18:00Z
mobi_vancouver,mobi_vancouver_a169a579-51dd-4d36-91b2-1ee167af87cd,a169a579-51dd-4d36-91b2-1ee167af87cd,49.277665,-123.073653,1,FALSE,FALSE,22400,0222,1783361838,2026-07-06T18:18:01Z,2026-07-06T18:18:01Z,2026-07-06T18:17:16Z,2.2,https://gbfs.kappa.fifteen.eu/gbfs/2.2/mobi/en/gbfs.json,https://gbfs.kappa.fifteen.eu/gbfs/2.2/mobi/en/free_bike_status.json,2026-07-06T18:18:00Z,2026-07-06T18:18:00Z
mobi_vancouver,mobi_vancouver_6074cbfc-209e-4166-9434-273515bf065b,6074cbfc-209e-4166-9434-273515bf065b,49.277665,-123.073653,1,FALSE,FALSE,22400,0222,1783361838,2026-07-06T18:18:01Z,2026-07-06T18:18:01Z,2026-07-06T18:17:16Z,2.2,https://gbfs.kappa.fifteen.eu/gbfs/2.2/mobi/en/gbfs.json,https://gbfs.kappa.fifteen.eu/gbfs/2.2/mobi/en/free_bike_status.json,2026-07-06T18:18:00Z,2026-07-06T18:18:00Z
mobi_vancouver,mobi_vancouver_911b2b41-4057-4a54-9955-79577e3f3961,911b2b41-4057-4a54-9955-79577e3f3961,49.287782,-123.12395,1,FALSE,FALSE,22400,0190,1783361838,2026-07-06T18:18:01Z,2026-07-06T18:18:01Z,2026-07-06T18:17:16Z,2.2,https://gbfs.kappa.fifteen.eu/gbfs/2.2/mobi/en/gbfs.json,https://gbfs.kappa.fifteen.eu/gbfs/2.2/mobi/en/free_bike_status.json,2026-07-06T18:18:00Z,2026-07-06T18:18:00Z
mobi_vancouver,mobi_vancouver_d668f842-7762-4073-9fa6-14f59d402251,d668f842-7762-4073-9fa6-14f59d402251,49.28117,-123.104419,1,FALSE,FALSE,22400,0098,1783361838,2026-07-06T18:18:01Z,2026-07-06T18:18:01Z,2026-07-06T18:17:16Z,2.2,https://gbfs.kappa.fifteen.eu/gbfs/2.2/mobi/en/gbfs.json,https://gbfs.kappa.fifteen.eu/gbfs/2.2/mobi/en/free_bike_status.json,2026-07-06T18:18:00Z,2026-07-06T18:18:00Z
mobi_vancouver,mobi_vancouver_815df7df-2d65-49bb-95d8-5ee19510fbb2,815df7df-2d65-49bb-95d8-5ee19510fbb2,49.279369,-123.091241,1,FALSE,FALSE,22400,0229,1783361838,2026-07-06T18:18:01Z,2026-07-06T18:18:01Z,2026-07-06T18:17:16Z,2.2,https://gbfs.kappa.fifteen.eu/gbfs/2.2/mobi/en/gbfs.json,https://gbfs.kappa.fifteen.eu/gbfs/2.2/mobi/en/free_bike_status.json,2026-07-06T18:18:00Z,2026-07-06T18:18:00Z
mobi_vancouver,mobi_vancouver_b9096ffc-d4de-49ed-95bd-a1d38445c99d,b9096ffc-d4de-49ed-95bd-a1d38445c99d,49.263382,-123.088837,1,FALSE,FALSE,22400,0261,1783361838,2026-07-06T18:18:01Z,2026-07-06T18:18:01Z,2026-07-06T18:17:16Z,2.2,https://gbfs.kappa.fifteen.eu/gbfs/2.2/mobi/en/gbfs.json,https://gbfs.kappa.fifteen.eu/gbfs/2.2/mobi/en/free_bike_status.json,2026-07-06T18:18:00Z,2026-07-06T18:18:00Z
mobi_vancouver,mobi_vancouver_aa17812b-7cce-49fc-9a5b-98d487cddd0f,aa17812b-7cce-49fc-9a5b-98d487cddd0f,49.28567,-123.112543,1,FALSE,FALSE,22400,0021,1783361838,2026-07-06T18:18:01Z,2026-07-06T18:18:01Z,2026-07-06T18:17:16Z,2.2,https://gbfs.kappa.fifteen.eu/gbfs/2.2/mobi/en/gbfs.json,https://gbfs.kappa.fifteen.eu/gbfs/2.2/mobi/en/free_bike_status.json,2026-07-06T18:18:00Z,2026-07-06T18:18:00Z
mobi_vancouver,mobi_vancouver_b21c3652-7d70-495b-baa1-4076146b9e5e,b21c3652-7d70-495b-baa1-4076146b9e5e,49.256496,-123.075426,1,FALSE,FALSE,22400,0283,1783361838,2026-07-06T18:18:01Z,2026-07-06T18:18:01Z,2026-07-06T18:17:16Z,2.2,https://gbfs.kappa.fifteen.eu/gbfs/2.2/mobi/en/gbfs.json,https://gbfs.kappa.fifteen.eu/gbfs/2.2/mobi/en/free_bike_status.json,2026-07-06T18:18:00Z,2026-07-06T18:18:00Z
mobi_vancouver,mobi_vancouver_a4027122-79aa-4c00-938f-7acdc4187233,a4027122-79aa-4c00-938f-7acdc4187233,49.263518,-123.09568,1,FALSE,FALSE,22400,0262,1783361838,2026-07-06T18:18:01Z,2026-07-06T18:18:01Z,2026-07-06T18:17:16Z,2.2,https://gbfs.kappa.fifteen.eu/gbfs/2.2/mobi/en/gbfs.json,https://gbfs.kappa.fifteen.eu/gbfs/2.2/mobi/en/free_bike_status.json,2026-07-06T18:18:00Z,2026-07-06T18:18:00Z
mobi_vancouver,mobi_vancouver_8e8ae676-03d1-4c4d-a804-26f927e6607b,8e8ae676-03d1-4c4d-a804-26f927e6607b,49.28763,-123.127245,1,FALSE,FALSE,22400,0207,1783361838,2026-07-06T18:18:01Z,2026-07-06T18:18:01Z,2026-07-06T18:17:16Z,2.2,https://gbfs.kappa.fifteen.eu/gbfs/2.2/mobi/en/gbfs.json,https://gbfs.kappa.fifteen.eu/gbfs/2.2/mobi/en/free_bike_status.json,2026-07-06T18:18:00Z,2026-07-06T18:18:00Z
mobi_vancouver,mobi_vancouver_44f26db8-048b-4d93-9500-2f8d402aab6d,44f26db8-048b-4d93-9500-2f8d402aab6d,49.267266,-123.090786,1,FALSE,FALSE,22400,0287,1783361838,2026-07-06T18:18:01Z,2026-07-06T18:18:01Z,2026-07-06T18:17:16Z,2.2,https://gbfs.kappa.fifteen.eu/gbfs/2.2/mobi/en/gbfs.json,https://gbfs.kappa.fifteen.eu/gbfs/2.2/mobi/en/free_bike_status.json,2026-07-06T18:18:00Z,2026-07-06T18:18:00Z
mobi_vancouver,mobi_vancouver_ac98d4aa-997f-49f1-b85c-d4e8f0fd7f64,ac98d4aa-997f-49f1-b85c-d4e8f0fd7f64,49.264251,-123.073853,1,FALSE,FALSE,22400,0249,1783361838,2026-07-06T18:18:01Z,2026-07-06T18:18:01Z,2026-07-06T18:17:16Z,2.2,https://gbfs.kappa.fifteen.eu/gbfs/2.2/mobi/en/gbfs.json,https://gbfs.kappa.fifteen.eu/gbfs/2.2/mobi/en/free_bike_status.json,2026-07-06T18:18:00Z,2026-07-06T18:18:00Z
mobi_vancouver,mobi_vancouver_d9d1d193-1bbf-4ca4-b6de-07fe6acd7b2d,d9d1d193-1bbf-4ca4-b6de-07fe6acd7b2d,49.283986,-123.065264,1,FALSE,FALSE,22400,0280,1783361838,2026-07-06T18:18:01Z,2026-07-06T18:18:01Z,2026-07-06T18:17:16Z,2.2,https://gbfs.kappa.fifteen.eu/gbfs/2.2/mobi/en/gbfs.json,https://gbfs.kappa.fifteen.eu/gbfs/2.2/mobi/en/free_bike_status.json,2026-07-06T18:18:00Z,2026-07-06T18:18:00Z
mobi_vancouver,mobi_vancouver_4abf0141-347a-4d05-8003-5d5479e87032,4abf0141-347a-4d05-8003-5d5479e87032,49.256694,-123.096579,1,FALSE,FALSE,22400,0256,1783361838,2026-07-06T18:18:01Z,2026-07-06T18:18:01Z,2026-07-06T18:17:16Z,2.2,https://gbfs.kappa.fifteen.eu/gbfs/2.2/mobi/en/gbfs.json,https://gbfs.kappa.fifteen.eu/gbfs/2.2/mobi/en/free_bike_status.json,2026-07-06T18:18:00Z,2026-07-06T18:18:00Z
mobi_vancouver,mobi_vancouver_57ddc641-f311-4116-acc8-6063d568b423,57ddc641-f311-4116-acc8-6063d568b423,49.265242,-123.095577,1,FALSE,FALSE,22400,0297,1783361838,2026-07-06T18:18:01Z,2026-07-06T18:18:01Z,2026-07-06T18:17:16Z,2.2,https://gbfs.kappa.fifteen.eu/gbfs/2.2/mobi/en/gbfs.json,https://gbfs.kappa.fifteen.eu/gbfs/2.2/mobi/en/free_bike_status.json,2026-07-06T18:18:00Z,2026-07-06T18:18:00Z
mobi_vancouver,mobi_vancouver_46ded32a-2855-47b6-85b1-330588d4ec94,46ded32a-2855-47b6-85b1-330588d4ec94,49.265242,-123.095577,1,FALSE,FALSE,22400,0297,1783361838,2026-07-06T18:18:01Z,2026-07-06T18:18:01Z,2026-07-06T18:17:16Z,2.2,https://gbfs.kappa.fifteen.eu/gbfs/2.2/mobi/en/gbfs.json,https://gbfs.kappa.fifteen.eu/gbfs/2.2/mobi/en/free_bike_status.json,2026-07-06T18:18:00Z,2026-07-06T18:18:00Z
mobi_vancouver,mobi_vancouver_0e217726-2b6d-4408-981b-035bd786b17b,0e217726-2b6d-4408-981b-035bd786b17b,49.273691,-123.102232,1,FALSE,FALSE,22400,0193,1783361838,2026-07-06T18:18:01Z,2026-07-06T18:18:01Z,2026-07-06T18:17:16Z,2.2,https://gbfs.kappa.fifteen.eu/gbfs/2.2/mobi/en/gbfs.json,https://gbfs.kappa.fifteen.eu/gbfs/2.2/mobi/en/free_bike_status.json,2026-07-06T18:18:00Z,2026-07-06T18:18:00Z
mobi_vancouver,mobi_vancouver_d8a2475a-debf-474b-bb36-f5282698d55b,d8a2475a-debf-474b-bb36-f5282698d55b,49.256857,-123.065646,1,FALSE,FALSE,22400,0278,1783361838,2026-07-06T18:18:01Z,2026-07-06T18:18:01Z,2026-07-06T18:17:16Z,2.2,https://gbfs.kappa.fifteen.eu/gbfs/2.2/mobi/en/gbfs.json,https://gbfs.kappa.fifteen.eu/gbfs/2.2/mobi/en/free_bike_status.json,2026-07-06T18:18:00Z,2026-07-06T18:18:00Z
mobi_vancouver,mobi_vancouver_06d7542c-a8d7-4832-b0d6-0057b6a8f91c,06d7542c-a8d7-4832-b0d6-0057b6a8f91c,49.289124,-123.12196,1,FALSE,FALSE,22400,0034,1783361838,2026-07-06T18:18:01Z,2026-07-06T18:18:01Z,2026-07-06T18:17:16Z,2.2,https://gbfs.kappa.fifteen.eu/gbfs/2.2/mobi/en/gbfs.json,https://gbfs.kappa.fifteen.eu/gbfs/2.2/mobi/en/free_bike_status.json,2026-07-06T18:18:00Z,2026-07-06T18:18:00Z
mobi_vancouver,mobi_vancouver_2e772d06-e99c-4cad-bcb6-a08de1c47e4b,2e772d06-e99c-4cad-bcb6-a08de1c47e4b,49.257939,-123.089531,1,FALSE,FALSE,22400,0282,1783361838,2026-07-06T18:18:01Z,2026-07-06T18:18:01Z,2026-07-06T18:17:16Z,2.2,https://gbfs.kappa.fifteen.eu/gbfs/2.2/mobi/en/gbfs.json,https://gbfs.kappa.fifteen.eu/gbfs/2.2/mobi/en/free_bike_status.json,2026-07-06T18:18:00Z,2026-07-06T18:18:00Z
mobi_vancouver,mobi_vancouver_db8ed58a-c690-498d-a44d-4f729729d715,db8ed58a-c690-498d-a44d-4f729729d715,49.277333,-123.087359,1,FALSE,FALSE,22400,0219,1783361838,2026-07-06T18:18:01Z,2026-07-06T18:18:01Z,2026-07-06T18:17:16Z,2.2,https://gbfs.kappa.fifteen.eu/gbfs/2.2/mobi/en/gbfs.json,https://gbfs.kappa.fifteen.eu/gbfs/2.2/mobi/en/free_bike_status.json,2026-07-06T18:18:00Z,2026-07-06T18:18:00Z
mobi_vancouver,mobi_vancouver_25511693-f7db-4de5-8478-fc02245e3ce3,25511693-f7db-4de5-8478-fc02245e3ce3,49.27029,-123.135025,1,FALSE,FALSE,22400,0189,1783361838,2026-07-06T18:18:01Z,2026-07-06T18:18:01Z,2026-07-06T18:17:16Z,2.2,https://gbfs.kappa.fifteen.eu/gbfs/2.2/mobi/en/gbfs.json,https://gbfs.kappa.fifteen.eu/gbfs/2.2/mobi/en/free_bike_status.json,2026-07-06T18:18:00Z,2026-07-06T18:18:00Z
mobi_vancouver,mobi_vancouver_6a2621e8-ae93-4789-be42-dbd5bbdcf003,6a2621e8-ae93-4789-be42-dbd5bbdcf003,49.28512,-123.11242,1,FALSE,FALSE,22400,0308,1783361838,2026-07-06T18:18:01Z,2026-07-06T18:18:01Z,2026-07-06T18:17:16Z,2.2,https://gbfs.kappa.fifteen.eu/gbfs/2.2/mobi/en/gbfs.json,https://gbfs.kappa.fifteen.eu/gbfs/2.2/mobi/en/free_bike_status.json,2026-07-06T18:18:00Z,2026-07-06T18:18:00Z
mobi_vancouver,mobi_vancouver_61a7dfd8-be89-481d-ae4e-2e166fb90ec5,61a7dfd8-be89-481d-ae4e-2e166fb90ec5,49.28803,-123.142135,1,FALSE,FALSE,22400,0310,1783361838,2026-07-06T18:18:01Z,2026-07-06T18:18:01Z,2026-07-06T18:17:16Z,2.2,https://gbfs.kappa.fifteen.eu/gbfs/2.2/mobi/en/gbfs.json,https://gbfs.kappa.fifteen.eu/gbfs/2.2/mobi/en/free_bike_status.json,2026-07-06T18:18:00Z,2026-07-06T18:18:00Z
mobi_vancouver,mobi_vancouver_1a593770-635c-4159-94fb-4db8e6489dcd,1a593770-635c-4159-94fb-4db8e6489dcd,49.271221,-123.191133,1,FALSE,FALSE,22400,0400,1783361838,2026-07-06T18:18:01Z,2026-07-06T18:18:01Z,2026-07-06T18:17:16Z,2.2,https://gbfs.kappa.fifteen.eu/gbfs/2.2/mobi/en/gbfs.json,https://gbfs.kappa.fifteen.eu/gbfs/2.2/mobi/en/free_bike_status.json,2026-07-06T18:18:00Z,2026-07-06T18:18:00Z
mobi_vancouver,mobi_vancouver_ae5ea0b1-f1f5-4d1a-84d0-8f19c7520c81,ae5ea0b1-f1f5-4d1a-84d0-8f19c7520c81,49.271471,-123.17731,1,FALSE,FALSE,22400,0440,1783361838,2026-07-06T18:18:01Z,2026-07-06T18:18:01Z,2026-07-06T18:17:16Z,2.2,https://gbfs.kappa.fifteen.eu/gbfs/2.2/mobi/en/gbfs.json,https://gbfs.kappa.fifteen.eu/gbfs/2.2/mobi/en/free_bike_status.json,2026-07-06T18:18:00Z,2026-07-06T18:18:00Z
mobi_vancouver,mobi_vancouver_405c049f-8355-44b9-b4f6-bf754381d535,405c049f-8355-44b9-b4f6-bf754381d535,49.271471,-123.17731,1,FALSE,FALSE,22400,0440,1783361838,2026-07-06T18:18:01Z,2026-07-06T18:18:01Z,2026-07-06T18:17:16Z,2.2,https://gbfs.kappa.fifteen.eu/gbfs/2.2/mobi/en/gbfs.json,https://gbfs.kappa.fifteen.eu/gbfs/2.2/mobi/en/free_bike_status.json,2026-07-06T18:18:00Z,2026-07-06T18:18:00Z
mobi_vancouver,mobi_vancouver_45405a6c-10bf-4e5a-bce7-c59006905cad,45405a6c-10bf-4e5a-bce7-c59006905cad,49.264928,-123.168068,1,FALSE,FALSE,22400,0452,1783361838,2026-07-06T18:18:01Z,2026-07-06T18:18:01Z,2026-07-06T18:17:16Z,2.2,https://gbfs.kappa.fifteen.eu/gbfs/2.2/mobi/en/gbfs.json,https://gbfs.kappa.fifteen.eu/gbfs/2.2/mobi/en/free_bike_status.json,2026-07-06T18:18:00Z,2026-07-06T18:18:00Z
mobi_vancouver,mobi_vancouver_5827a290-14ca-4eab-9b36-23ad50180f00,5827a290-14ca-4eab-9b36-23ad50180f00,49.264928,-123.168068,1,FALSE,FALSE,22400,0452,1783361838,2026-07-06T18:18:01Z,2026-07-06T18:18:01Z,2026-07-06T18:17:16Z,2.2,https://gbfs.kappa.fifteen.eu/gbfs/2.2/mobi/en/gbfs.json,https://gbfs.kappa.fifteen.eu/gbfs/2.2/mobi/en/free_bike_status.json,2026-07-06T18:18:00Z,2026-07-06T18:18:00Z
mobi_vancouver,mobi_vancouver_00286680-ff74-483c-9a01-e1d93682f79f,00286680-ff74-483c-9a01-e1d93682f79f,49.263523,-123.155267,1,FALSE,FALSE,22400,0484,1783361838,2026-07-06T18:18:01Z,2026-07-06T18:18:01Z,2026-07-06T18:17:16Z,2.2,https://gbfs.kappa.fifteen.eu/gbfs/2.2/mobi/en/gbfs.json,https://gbfs.kappa.fifteen.eu/gbfs/2.2/mobi/en/free_bike_status.json,2026-07-06T18:18:00Z,2026-07-06T18:18:00Z
mobi_vancouver,mobi_vancouver_7bb361bf-c01d-4276-90b6-fdf173b86b29,7bb361bf-c01d-4276-90b6-fdf173b86b29,49.271044,-123.170661,1,FALSE,FALSE,22400,0450,1783361838,2026-07-06T18:18:01Z,2026-07-06T18:18:01Z,2026-07-06T18:17:16Z,2.2,https://gbfs.kappa.fifteen.eu/gbfs/2.2/mobi/en/gbfs.json,https://gbfs.kappa.fifteen.eu/gbfs/2.2/mobi/en/free_bike_status.json,2026-07-06T18:18:00Z,2026-07-06T18:18:00Z
mobi_vancouver,mobi_vancouver_0fc86ddf-483a-4883-860a-b29e48695ffc,0fc86ddf-483a-4883-860a-b29e48695ffc,49.272172,-123.097978,1,FALSE,FALSE,22400,0354,1783361838,2026-07-06T18:18:01Z,2026-07-06T18:18:01Z,2026-07-06T18:17:16Z,2.2,https://gbfs.kappa.fifteen.eu/gbfs/2.2/mobi/en/gbfs.json,https://gbfs.kappa.fifteen.eu/gbfs/2.2/mobi/en/free_bike_status.json,2026-07-06T18:18:00Z,2026-07-06T18:18:00Z
mobi_vancouver,mobi_vancouver_3c73afdc-c97d-46e3-91ff-81dc35902935,3c73afdc-c97d-46e3-91ff-81dc35902935,49.268837,-123.177633,1,FALSE,FALSE,22400,0431,1783361838,2026-07-06T18:18:01Z,2026-07-06T18:18:01Z,2026-07-06T18:17:16Z,2.2,https://gbfs.kappa.fifteen.eu/gbfs/2.2/mobi/en/gbfs.json,https://gbfs.kappa.fifteen.eu/gbfs/2.2/mobi/en/free_bike_status.json,2026-07-06T18:18:00Z,2026-07-06T18:18:00Z
mobi_vancouver,mobi_vancouver_ebdaaf20-1e96-4a67-95d8-2b3c887be64f,ebdaaf20-1e96-4a67-95d8-2b3c887be64f,49.289071,-123.138407,1,FALSE,FALSE,22400,0313,1783361838,2026-07-06T18:18:01Z,2026-07-06T18:18:01Z,2026-07-06T18:17:16Z,2.2,https://gbfs.kappa.fifteen.eu/gbfs/2.2/mobi/en/gbfs.json,https://gbfs.kappa.fifteen.eu/gbfs/2.2/mobi/en/free_bike_status.json,2026-07-06T18:18:00Z,2026-07-06T18:18:00Z
mobi_vancouver,mobi_vancouver_6511bcd4-f033-4031-b041-28de9774942c,6511bcd4-f033-4031-b041-28de9774942c,49.274232,-123.129998,1,FALSE,FALSE,22400,0314,1783361838,2026-07-06T18:18:01Z,2026-07-06T18:18:01Z,2026-07-06T18:17:16Z,2.2,https://gbfs.kappa.fifteen.eu/gbfs/2.2/mobi/en/gbfs.json,https://gbfs.kappa.fifteen.eu/gbfs/2.2/mobi/en/free_bike_status.json,2026-07-06T18:18:00Z,2026-07-06T18:18:00Z
mobi_vancouver,mobi_vancouver_6130133d-b9d5-447c-a958-a09413e21006,6130133d-b9d5-447c-a958-a09413e21006,49.283968,-123.061615,1,FALSE,FALSE,22400,0631,1783361838,2026-07-06T18:18:01Z,2026-07-06T18:18:01Z,2026-07-06T18:17:16Z,2.2,https://gbfs.kappa.fifteen.eu/gbfs/2.2/mobi/en/gbfs.json,https://gbfs.kappa.fifteen.eu/gbfs/2.2/mobi/en/free_bike_status.json,2026-07-06T18:18:00Z,2026-07-06T18:18:00Z
mobi_vancouver,mobi_vancouver_768b5378-db79-405e-8883-6f1a44970695,768b5378-db79-405e-8883-6f1a44970695,49.251358,-123.115637,1,FALSE,FALSE,22400,0532,1783361838,2026-07-06T18:18:01Z,2026-07-06T18:18:01Z,2026-07-06T18:17:16Z,2.2,https://gbfs.kappa.fifteen.eu/gbfs/2.2/mobi/en/gbfs.json,https://gbfs.kappa.fifteen.eu/gbfs/2.2/mobi/en/free_bike_status.json,2026-07-06T18:18:00Z,2026-07-06T18:18:00Z
mobi_vancouver,mobi_vancouver_6dca2308-9fae-4462-9020-fd6579007b06,6dca2308-9fae-4462-9020-fd6579007b06,49.252656,-123.067965,1,FALSE,FALSE,22400,0352,1783361838,2026-07-06T18:18:01Z,2026-07-06T18:18:01Z,2026-07-06T18:17:16Z,2.2,https://gbfs.kappa.fifteen.eu/gbfs/2.2/mobi/en/gbfs.json,https://gbfs.kappa.fifteen.eu/gbfs/2.2/mobi/en/free_bike_status.json,2026-07-06T18:18:00Z,2026-07-06T18:18:00Z
mobi_vancouver,mobi_vancouver_e31ba3d4-1539-4de3-9b2f-74c6038ec75a,e31ba3d4-1539-4de3-9b2f-74c6038ec75a,49.291597,-123.129158,1,FALSE,FALSE,22400,0200,1783361838,2026-07-06T18:18:01Z,2026-07-06T18:18:01Z,2026-07-06T18:17:16Z,2.2,https://gbfs.kappa.fifteen.eu/gbfs/2.2/mobi/en/gbfs.json,https://gbfs.kappa.fifteen.eu/gbfs/2.2/mobi/en/free_bike_status.json,2026-07-06T18:18:00Z,2026-07-06T18:18:00Z
mobi_vancouver,mobi_vancouver_a00d3fe6-3568-4c17-a63b-9a87c1289a01,a00d3fe6-3568-4c17-a63b-9a87c1289a01,49.265442,-123.187738,1,FALSE,FALSE,22400,0403,1783361838,2026-07-06T18:18:01Z,2026-07-06T18:18:01Z,2026-07-06T18:17:16Z,2.2,https://gbfs.kappa.fifteen.eu/gbfs/2.2/mobi/en/gbfs.json,https://gbfs.kappa.fifteen.eu/gbfs/2.2/mobi/en/free_bike_status.json,2026-07-06T18:18:00Z,2026-07-06T18:18:00Z
mobi_vancouver,mobi_vancouver_da1eca7c-5834-4ea4-9242-e59a9a2be488,da1eca7c-5834-4ea4-9242-e59a9a2be488,49.26262,-123.2431,1,FALSE,FALSE,22400,2156,1783361838,2026-07-06T18:18:01Z,2026-07-06T18:18:01Z,2026-07-06T18:17:16Z,2.2,https://gbfs.kappa.fifteen.eu/gbfs/2.2/mobi/en/gbfs.json,https://gbfs.kappa.fifteen.eu/gbfs/2.2/mobi/en/free_bike_status.json,2026-07-06T18:18:00Z,2026-07-06T18:18:00Z
mobi_vancouver,mobi_vancouver_269e85d1-1789-40a5-90f2-9f2b5e770ef0,269e85d1-1789-40a5-90f2-9f2b5e770ef0,49.25478,-123.23621,1,FALSE,FALSE,22400,2252,1783361838,2026-07-06T18:18:01Z,2026-07-06T18:18:01Z,2026-07-06T18:17:16Z,2.2,https://gbfs.kappa.fifteen.eu/gbfs/2.2/mobi/en/gbfs.json,https://gbfs.kappa.fifteen.eu/gbfs/2.2/mobi/en/free_bike_status.json,2026-07-06T18:18:00Z,2026-07-06T18:18:00Z
mobi_vancouver,mobi_vancouver_3b790179-3d74-48a5-9154-5de0ed7335f3,3b790179-3d74-48a5-9154-5de0ed7335f3,49.283482,-123.103738,1,FALSE,FALSE,22400,0013,1783361838,2026-07-06T18:18:01Z,2026-07-06T18:18:01Z,2026-07-06T18:17:16Z,2.2,https://gbfs.kappa.fifteen.eu/gbfs/2.2/mobi/en/gbfs.json,https://gbfs.kappa.fifteen.eu/gbfs/2.2/mobi/en/free_bike_status.json,2026-07-06T18:18:00Z,2026-07-06T18:18:00Z
mobi_vancouver,mobi_vancouver_8aec21e2-8f94-4083-ba18-5ba298be066b,8aec21e2-8f94-4083-ba18-5ba298be066b,49.283482,-123.103738,1,FALSE,FALSE,22400,0013,1783361838,2026-07-06T18:18:01Z,2026-07-06T18:18:01Z,2026-07-06T18:17:16Z,2.2,https://gbfs.kappa.fifteen.eu/gbfs/2.2/mobi/en/gbfs.json,https://gbfs.kappa.fifteen.eu/gbfs/2.2/mobi/en/free_bike_status.json,2026-07-06T18:18:00Z,2026-07-06T18:18:00Z
mobi_vancouver,mobi_vancouver_93f96a22-7119-4f02-94ba-626d01e1139e,93f96a22-7119-4f02-94ba-626d01e1139e,49.283482,-123.103738,1,FALSE,FALSE,22400,0013,1783361838,2026-07-06T18:18:01Z,2026-07-06T18:18:01Z,2026-07-06T18:17:16Z,2.2,https://gbfs.kappa.fifteen.eu/gbfs/2.2/mobi/en/gbfs.json,https://gbfs.kappa.fifteen.eu/gbfs/2.2/mobi/en/free_bike_status.json,2026-07-06T18:18:00Z,2026-07-06T18:18:00Z
mobi_vancouver,mobi_vancouver_59a80841-9ad5-4520-8afa-39d5da9456b7,59a80841-9ad5-4520-8afa-39d5da9456b7,49.2661,-123.24568,1,FALSE,FALSE,22400,2154,1783361838,2026-07-06T18:18:01Z,2026-07-06T18:18:01Z,2026-07-06T18:17:16Z,2.2,https://gbfs.kappa.fifteen.eu/gbfs/2.2/mobi/en/gbfs.json,https://gbfs.kappa.fifteen.eu/gbfs/2.2/mobi/en/free_bike_status.json,2026-07-06T18:18:00Z,2026-07-06T18:18:00Z
mobi_vancouver,mobi_vancouver_9f54c318-7401-4ae1-b723-8296f0ee9357,9f54c318-7401-4ae1-b723-8296f0ee9357,49.25976,-123.2479,1,FALSE,FALSE,22400,2127,1783361838,2026-07-06T18:18:01Z,2026-07-06T18:18:01Z,2026-07-06T18:17:16Z,2.2,https://gbfs.kappa.fifteen.eu/gbfs/2.2/mobi/en/gbfs.json,https://gbfs.kappa.fifteen.eu/gbfs/2.2/mobi/en/free_bike_status.json,2026-07-06T18:18:00Z,2026-07-06T18:18:00Z
mobi_vancouver,mobi_vancouver_f6609502-e221-4ac8-ab22-232a687e4b04,f6609502-e221-4ac8-ab22-232a687e4b04,49.276837,-123.075877,1,FALSE,FALSE,22400,2142,1783361838,2026-07-06T18:18:01Z,2026-07-06T18:18:01Z,2026-07-06T18:17:16Z,2.2,https://gbfs.kappa.fifteen.eu/gbfs/2.2/mobi/en/gbfs.json,https://gbfs.kappa.fifteen.eu/gbfs/2.2/mobi/en/free_bike_status.json,2026-07-06T18:18:00Z,2026-07-06T18:18:00Z
mobi_vancouver,mobi_vancouver_d20af9cc-0b2b-4881-9ba8-deb3e576a37a,d20af9cc-0b2b-4881-9ba8-deb3e576a37a,49.2585,-123.2521,1,FALSE,FALSE,22400,2117,1783361838,2026-07-06T18:18:01Z,2026-07-06T18:18:01Z,2026-07-06T18:17:16Z,2.2,https://gbfs.kappa.fifteen.eu/gbfs/2.2/mobi/en/gbfs.json,https://gbfs.kappa.fifteen.eu/gbfs/2.2/mobi/en/free_bike_status.json,2026-07-06T18:18:00Z,2026-07-06T18:18:00Z
mobi_vancouver,mobi_vancouver_8b904445-6804-4998-b721-92f52c5caea6,8b904445-6804-4998-b721-92f52c5caea6,49.26278,-123.23712,1,FALSE,FALSE,22400,2167,1783361838,2026-07-06T18:18:01Z,2026-07-06T18:18:01Z,2026-07-06T18:17:16Z,2.2,https://gbfs.kappa.fifteen.eu/gbfs/2.2/mobi/en/gbfs.json,https://gbfs.kappa.fifteen.eu/gbfs/2.2/mobi/en/free_bike_status.json,2026-07-06T18:18:00Z,2026-07-06T18:18:00Z
mobi_vancouver,mobi_vancouver_636e52e4-9fa1-4c02-8942-a1b4aa8f84bd,636e52e4-9fa1-4c02-8942-a1b4aa8f84bd,49.26278,-123.23712,1,FALSE,FALSE,22400,2167,1783361838,2026-07-06T18:18:01Z,2026-07-06T18:18:01Z,2026-07-06T18:17:16Z,2.2,https://gbfs.kappa.fifteen.eu/gbfs/2.2/mobi/en/gbfs.json,https://gbfs.kappa.fifteen.eu/gbfs/2.2/mobi/en/free_bike_status.json,2026-07-06T18:18:00Z,2026-07-06T18:18:00Z
mobi_vancouver,mobi_vancouver_82c5b8d1-2966-4283-a805-7a2d8188f6bd,82c5b8d1-2966-4283-a805-7a2d8188f6bd,49.26213,-123.11989,1,FALSE,FALSE,22400,0121,1783361838,2026-07-06T18:18:01Z,2026-07-06T18:18:01Z,2026-07-06T18:17:16Z,2.2,https://gbfs.kappa.fifteen.eu/gbfs/2.2/mobi/en/gbfs.json,https://gbfs.kappa.fifteen.eu/gbfs/2.2/mobi/en/free_bike_status.json,2026-07-06T18:18:00Z,2026-07-06T18:18:00Z
mobi_vancouver,mobi_vancouver_eb4fdcb6-e7cd-432b-818d-bf870d94d4c3,eb4fdcb6-e7cd-432b-818d-bf870d94d4c3,49.25894,-123.139272,1,FALSE,FALSE,22800,0071,1783361838,2026-07-06T18:18:01Z,2026-07-06T18:18:01Z,2026-07-06T18:17:16Z,2.2,https://gbfs.kappa.fifteen.eu/gbfs/2.2/mobi/en/gbfs.json,https://gbfs.kappa.fifteen.eu/gbfs/2.2/mobi/en/free_bike_status.json,2026-07-06T18:18:00Z,2026-07-06T18:18:00Z
mobi_vancouver,mobi_vancouver_e3ba600f-48c1-4a23-8165-b14dff0c29df,e3ba600f-48c1-4a23-8165-b14dff0c29df,49.271721,-123.104207,1,FALSE,FALSE,22800,0011,1783361838,2026-07-06T18:18:01Z,2026-07-06T18:18:01Z,2026-07-06T18:17:16Z,2.2,https://gbfs.kappa.fifteen.eu/gbfs/2.2/mobi/en/gbfs.json,https://gbfs.kappa.fifteen.eu/gbfs/2.2/mobi/en/free_bike_status.json,2026-07-06T18:18:00Z,2026-07-06T18:18:00Z
mobi_vancouver,mobi_vancouver_4d283bd3-513f-4315-8753-5d50ecc0f61a,4d283bd3-513f-4315-8753-5d50ecc0f61a,49.262487,-123.114397,1,FALSE,FALSE,22800,0001,1783361838,2026-07-06T18:18:01Z,2026-07-06T18:18:01Z,2026-07-06T18:17:16Z,2.2,https://gbfs.kappa.fifteen.eu/gbfs/2.2/mobi/en/gbfs.json,https://gbfs.kappa.fifteen.eu/gbfs/2.2/mobi/en/free_bike_status.json,2026-07-06T18:18:00Z,2026-07-06T18:18:00Z
mobi_vancouver,mobi_vancouver_a1fb0d81-cfff-4c18-b07c-9c610693f92d,a1fb0d81-cfff-4c18-b07c-9c610693f92d,49.276115,-123.114496,1,FALSE,FALSE,22800,0064,1783361838,2026-07-06T18:18:01Z,2026-07-06T18:18:01Z,2026-07-06T18:17:16Z,2.2,https://gbfs.kappa.fifteen.eu/gbfs/2.2/mobi/en/gbfs.json,https://gbfs.kappa.fifteen.eu/gbfs/2.2/mobi/en/free_bike_status.json,2026-07-06T18:18:00Z,2026-07-06T18:18:00Z
mobi_vancouver,mobi_vancouver_60e7bf3e-1d1d-460f-84f9-8cb2985eb9fb,60e7bf3e-1d1d-460f-84f9-8cb2985eb9fb,49.276115,-123.114496,1,FALSE,FALSE,22800,0064,1783361838,2026-07-06T18:18:01Z,2026-07-06T18:18:01Z,2026-07-06T18:17:16Z,2.2,https://gbfs.kappa.fifteen.eu/gbfs/2.2/mobi/en/gbfs.json,https://gbfs.kappa.fifteen.eu/gbfs/2.2/mobi/en/free_bike_status.json,2026-07-06T18:18:00Z,2026-07-06T18:18:00Z
mobi_vancouver,mobi_vancouver_aaf006ac-cf68-49d6-8749-755733caa0a1,aaf006ac-cf68-49d6-8749-755733caa0a1,49.276115,-123.114496,1,FALSE,FALSE,22800,0064,1783361838,2026-07-06T18:18:01Z,2026-07-06T18:18:01Z,2026-07-06T18:17:16Z,2.2,https://gbfs.kappa.fifteen.eu/gbfs/2.2/mobi/en/gbfs.json,https://gbfs.kappa.fifteen.eu/gbfs/2.2/mobi/en/free_bike_status.json,2026-07-06T18:18:00Z,2026-07-06T18:18:00Z
mobi_vancouver,mobi_vancouver_657c537a-6396-429b-b983-86e3e0304bc3,657c537a-6396-429b-b983-86e3e0304bc3,49.285871,-123.12105,1,FALSE,FALSE,22800,0002,1783361838,2026-07-06T18:18:01Z,2026-07-06T18:18:01Z,2026-07-06T18:17:16Z,2.2,https://gbfs.kappa.fifteen.eu/gbfs/2.2/mobi/en/gbfs.json,https://gbfs.kappa.fifteen.eu/gbfs/2.2/mobi/en/free_bike_status.json,2026-07-06T18:18:00Z,2026-07-06T18:18:00Z
mobi_vancouver,mobi_vancouver_d2b6546c-c9cf-43f5-a7a8-b859099c79f3,d2b6546c-c9cf-43f5-a7a8-b859099c79f3,49.285871,-123.12105,1,FALSE,FALSE,22800,0002,1783361838,2026-07-06T18:18:01Z,2026-07-06T18:18:01Z,2026-07-06T18:17:16Z,2.2,https://gbfs.kappa.fifteen.eu/gbfs/2.2/mobi/en/gbfs.json,https://gbfs.kappa.fifteen.eu/gbfs/2.2/mobi/en/free_bike_status.json,2026-07-06T18:18:00Z,2026-07-06T18:18:00Z
mobi_vancouver,mobi_vancouver_a0ed7405-6202-4aec-8906-2f4858c7959f,a0ed7405-6202-4aec-8906-2f4858c7959f,49.28972,-123.144028,1,FALSE,FALSE,22800,0047,1783361838,2026-07-06T18:18:01Z,2026-07-06T18:18:01Z,2026-07-06T18:17:16Z,2.2,https://gbfs.kappa.fifteen.eu/gbfs/2.2/mobi/en/gbfs.json,https://gbfs.kappa.fifteen.eu/gbfs/2.2/mobi/en/free_bike_status.json,2026-07-06T18:18:00Z,2026-07-06T18:18:00Z
mobi_vancouver,mobi_vancouver_ba390991-6918-411d-b1e2-a6a51413ffe1,ba390991-6918-411d-b1e2-a6a51413ffe1,49.269361,-123.13782,1,FALSE,FALSE,22800,0066,1783361838,2026-07-06T18:18:01Z,2026-07-06T18:18:01Z,2026-07-06T18:17:16Z,2.2,https://gbfs.kappa.fifteen.eu/gbfs/2.2/mobi/en/gbfs.json,https://gbfs.kappa.fifteen.eu/gbfs/2.2/mobi/en/free_bike_status.json,2026-07-06T18:18:00Z,2026-07-06T18:18:00Z
mobi_vancouver,mobi_vancouver_ecfe7d1c-d17f-4c2c-b8ad-d4da0467973d,ecfe7d1c-d17f-4c2c-b8ad-d4da0467973d,49.269361,-123.13782,1,FALSE,FALSE,22800,0066,1783361838,2026-07-06T18:18:01Z,2026-07-06T18:18:01Z,2026-07-06T18:17:16Z,2.2,https://gbfs.kappa.fifteen.eu/gbfs/2.2/mobi/en/gbfs.json,https://gbfs.kappa.fifteen.eu/gbfs/2.2/mobi/en/free_bike_status.json,2026-07-06T18:18:00Z,2026-07-06T18:18:00Z
mobi_vancouver,mobi_vancouver_fe1fd30a-8119-4f46-9e67-d5dbb6ccfdd5,fe1fd30a-8119-4f46-9e67-d5dbb6ccfdd5,49.269361,-123.13782,1,FALSE,FALSE,22800,0066,1783361838,2026-07-06T18:18:01Z,2026-07-06T18:18:01Z,2026-07-06T18:17:16Z,2.2,https://gbfs.kappa.fifteen.eu/gbfs/2.2/mobi/en/gbfs.json,https://gbfs.kappa.fifteen.eu/gbfs/2.2/mobi/en/free_bike_status.json,2026-07-06T18:18:00Z,2026-07-06T18:18:00Z
mobi_vancouver,mobi_vancouver_c720948d-496c-4861-b897-dac777b11cc9,c720948d-496c-4861-b897-dac777b11cc9,49.279259,-123.119145,1,FALSE,FALSE,22800,0058,1783361838,2026-07-06T18:18:01Z,2026-07-06T18:18:01Z,2026-07-06T18:17:16Z,2.2,https://gbfs.kappa.fifteen.eu/gbfs/2.2/mobi/en/gbfs.json,https://gbfs.kappa.fifteen.eu/gbfs/2.2/mobi/en/free_bike_status.json,2026-07-06T18:18:00Z,2026-07-06T18:18:00Z
mobi_vancouver,mobi_vancouver_decaa850-154d-4cc0-a6e3-2b3e88b5fa67,decaa850-154d-4cc0-a6e3-2b3e88b5fa67,49.285253,-123.134356,1,FALSE,FALSE,22800,0048,1783361838,2026-07-06T18:18:01Z,2026-07-06T18:18:01Z,2026-07-06T18:17:16Z,2.2,https://gbfs.kappa.fifteen.eu/gbfs/2.2/mobi/en/gbfs.json,https://gbfs.kappa.fifteen.eu/gbfs/2.2/mobi/en/free_bike_status.json,2026-07-06T18:18:00Z,2026-07-06T18:18:00Z
mobi_vancouver,mobi_vancouver_bc7f0528-cb01-4342-ad9a-ae9d43b0bb28,bc7f0528-cb01-4342-ad9a-ae9d43b0bb28,49.279821,-123.10802,1,FALSE,FALSE,22800,0053,1783361838,2026-07-06T18:18:01Z,2026-07-06T18:18:01Z,2026-07-06T18:17:16Z,2.2,https://gbfs.kappa.fifteen.eu/gbfs/2.2/mobi/en/gbfs.json,https://gbfs.kappa.fifteen.eu/gbfs/2.2/mobi/en/free_bike_status.json,2026-07-06T18:18:00Z,2026-07-06T18:18:00Z
mobi_vancouver,mobi_vancouver_6e8e90b9-505e-4777-9c15-c4c203b42ef3,6e8e90b9-505e-4777-9c15-c4c203b42ef3,49.280216,-123.117639,1,FALSE,FALSE,22800,0129,1783361838,2026-07-06T18:18:01Z,2026-07-06T18:18:01Z,2026-07-06T18:17:16Z,2.2,https://gbfs.kappa.fifteen.eu/gbfs/2.2/mobi/en/gbfs.json,https://gbfs.kappa.fifteen.eu/gbfs/2.2/mobi/en/free_bike_status.json,2026-07-06T18:18:00Z,2026-07-06T18:18:00Z
mobi_vancouver,mobi_vancouver_bba09de9-fa38-442c-8edd-9ec33df4bd75,bba09de9-fa38-442c-8edd-9ec33df4bd75,49.28026,-123.135244,1,FALSE,FALSE,22800,0088,1783361838,2026-07-06T18:18:01Z,2026-07-06T18:18:01Z,2026-07-06T18:17:16Z,2.2,https://gbfs.kappa.fifteen.eu/gbfs/2.2/mobi/en/gbfs.json,https://gbfs.kappa.fifteen.eu/gbfs/2.2/mobi/en/free_bike_status.json,2026-07-06T18:18:00Z,2026-07-06T18:18:00Z
mobi_vancouver,mobi_vancouver_7d4b4ad6-3de6-42d4-85c1-a82c13ee4bd3,7d4b4ad6-3de6-42d4-85c1-a82c13ee4bd3,49.258763,-123.115392,1,FALSE,FALSE,22800,0072,1783361838,2026-07-06T18:18:01Z,2026-07-06T18:18:01Z,2026-07-06T18:17:16Z,2.2,https://gbfs.kappa.fifteen.eu/gbfs/2.2/mobi/en/gbfs.json,https://gbfs.kappa.fifteen.eu/gbfs/2.2/mobi/en/free_bike_status.json,2026-07-06T18:18:00Z,2026-07-06T18:18:00Z
mobi_vancouver,mobi_vancouver_e01c33bd-fbab-4415-bf5c-2fefcf98113a,e01c33bd-fbab-4415-bf5c-2fefcf98113a,49.268269,-123.147885,1,FALSE,FALSE,22800,0076,1783361838,2026-07-06T18:18:01Z,2026-07-06T18:18:01Z,2026-07-06T18:17:16Z,2.2,https://gbfs.kappa.fifteen.eu/gbfs/2.2/mobi/en/gbfs.json,https://gbfs.kappa.fifteen.eu/gbfs/2.2/mobi/en/free_bike_status.json,2026-07-06T18:18:00Z,2026-07-06T18:18:00Z
mobi_vancouver,mobi_vancouver_7350b65b-3f8a-42aa-8c99-9aad930e9a2e,7350b65b-3f8a-42aa-8c99-9aad930e9a2e,49.275717,-123.142564,1,FALSE,FALSE,22800,0077,1783361838,2026-07-06T18:18:01Z,2026-07-06T18:18:01Z,2026-07-06T18:17:16Z,2.2,https://gbfs.kappa.fifteen.eu/gbfs/2.2/mobi/en/gbfs.json,https://gbfs.kappa.fifteen.eu/gbfs/2.2/mobi/en/free_bike_status.json,2026-07-06T18:18:00Z,2026-07-06T18:18:00Z
mobi_vancouver,mobi_vancouver_663a527b-73b5-48d0-b1a4-1639967c7336,663a527b-73b5-48d0-b1a4-1639967c7336,49.275717,-123.142564,1,FALSE,FALSE,22800,0077,1783361838,2026-07-06T18:18:01Z,2026-07-06T18:18:01Z,2026-07-06T18:17:16Z,2.2,https://gbfs.kappa.fifteen.eu/gbfs/2.2/mobi/en/gbfs.json,https://gbfs.kappa.fifteen.eu/gbfs/2.2/mobi/en/free_bike_status.json,2026-07-06T18:18:00Z,2026-07-06T18:18:00Z
mobi_vancouver,mobi_vancouver_f6d7359b-d001-4cec-9ec0-a01546fa8bcf,f6d7359b-d001-4cec-9ec0-a01546fa8bcf,49.277844,-123.120942,1,FALSE,FALSE,22800,0079,1783361838,2026-07-06T18:18:01Z,2026-07-06T18:18:01Z,2026-07-06T18:17:16Z,2.2,https://gbfs.kappa.fifteen.eu/gbfs/2.2/mobi/en/gbfs.json,https://gbfs.kappa.fifteen.eu/gbfs/2.2/mobi/en/free_bike_status.json,2026-07-06T18:18:00Z,2026-07-06T18:18:00Z
mobi_vancouver,mobi_vancouver_fcb67f74-f3a8-493f-b27a-4364b9f06014,fcb67f74-f3a8-493f-b27a-4364b9f06014,49.277844,-123.120942,1,FALSE,FALSE,22800,0079,1783361838,2026-07-06T18:18:01Z,2026-07-06T18:18:01Z,2026-07-06T18:17:16Z,2.2,https://gbfs.kappa.fifteen.eu/gbfs/2.2/mobi/en/gbfs.json,https://gbfs.kappa.fifteen.eu/gbfs/2.2/mobi/en/free_bike_status.json,2026-07-06T18:18:00Z,2026-07-06T18:18:00Z
mobi_vancouver,mobi_vancouver_f60827cb-bc32-4c3c-858e-e09ab1f1bd4c,f60827cb-bc32-4c3c-858e-e09ab1f1bd4c,49.28526,-123.141809,1,FALSE,FALSE,22800,0060,1783361838,2026-07-06T18:18:01Z,2026-07-06T18:18:01Z,2026-07-06T18:17:16Z,2.2,https://gbfs.kappa.fifteen.eu/gbfs/2.2/mobi/en/gbfs.json,https://gbfs.kappa.fifteen.eu/gbfs/2.2/mobi/en/free_bike_status.json,2026-07-06T18:18:00Z,2026-07-06T18:18:00Z
mobi_vancouver,mobi_vancouver_84eb1592-2f0b-4a13-af72-d335666504b4,84eb1592-2f0b-4a13-af72-d335666504b4,49.28526,-123.141809,1,FALSE,FALSE,22800,0060,1783361838,2026-07-06T18:18:01Z,2026-07-06T18:18:01Z,2026-07-06T18:17:16Z,2.2,https://gbfs.kappa.fifteen.eu/gbfs/2.2/mobi/en/gbfs.json,https://gbfs.kappa.fifteen.eu/gbfs/2.2/mobi/en/free_bike_status.json,2026-07-06T18:18:00Z,2026-07-06T18:18:00Z
mobi_vancouver,mobi_vancouver_5e42be1b-8863-422e-8959-ab6198326829,5e42be1b-8863-422e-8959-ab6198326829,49.28526,-123.141809,1,FALSE,FALSE,22800,0060,1783361838,2026-07-06T18:18:01Z,2026-07-06T18:18:01Z,2026-07-06T18:17:16Z,2.2,https://gbfs.kappa.fifteen.eu/gbfs/2.2/mobi/en/gbfs.json,https://gbfs.kappa.fifteen.eu/gbfs/2.2/mobi/en/free_bike_status.json,2026-07-06T18:18:00Z,2026-07-06T18:18:00Z
mobi_vancouver,mobi_vancouver_65461f1b-e1bd-43d9-9ee5-fcdb65d5d3d2,65461f1b-e1bd-43d9-9ee5-fcdb65d5d3d2,49.272827,-123.147744,1,FALSE,FALSE,22800,0065,1783361838,2026-07-06T18:18:01Z,2026-07-06T18:18:01Z,2026-07-06T18:17:16Z,2.2,https://gbfs.kappa.fifteen.eu/gbfs/2.2/mobi/en/gbfs.json,https://gbfs.kappa.fifteen.eu/gbfs/2.2/mobi/en/free_bike_status.json,2026-07-06T18:18:00Z,2026-07-06T18:18:00Z
mobi_vancouver,mobi_vancouver_46ccd959-15fa-44ab-8194-74d43f33c0c5,46ccd959-15fa-44ab-8194-74d43f33c0c5,49.272827,-123.147744,1,FALSE,FALSE,22800,0065,1783361838,2026-07-06T18:18:01Z,2026-07-06T18:18:01Z,2026-07-06T18:17:16Z,2.2,https://gbfs.kappa.fifteen.eu/gbfs/2.2/mobi/en/gbfs.json,https://gbfs.kappa.fifteen.eu/gbfs/2.2/mobi/en/free_bike_status.json,2026-07-06T18:18:00Z,2026-07-06T18:18:00Z
mobi_vancouver,mobi_vancouver_037bdf58-037e-4083-bc0a-cf77e8215774,037bdf58-037e-4083-bc0a-cf77e8215774,49.272827,-123.147744,1,FALSE,FALSE,22800,0065,1783361838,2026-07-06T18:18:01Z,2026-07-06T18:18:01Z,2026-07-06T18:17:16Z,2.2,https://gbfs.kappa.fifteen.eu/gbfs/2.2/mobi/en/gbfs.json,https://gbfs.kappa.fifteen.eu/gbfs/2.2/mobi/en/free_bike_status.json,2026-07-06T18:18:00Z,2026-07-06T18:18:00Z
mobi_vancouver,mobi_vancouver_f7739e90-fe0f-45c2-8311-55c14cd70390,f7739e90-fe0f-45c2-8311-55c14cd70390,49.293257,-123.138563,1,FALSE,FALSE,22800,0093,1783361838,2026-07-06T18:18:01Z,2026-07-06T18:18:01Z,2026-07-06T18:17:16Z,2.2,https://gbfs.kappa.fifteen.eu/gbfs/2.2/mobi/en/gbfs.json,https://gbfs.kappa.fifteen.eu/gbfs/2.2/mobi/en/free_bike_status.json,2026-07-06T18:18:00Z,2026-07-06T18:18:00Z
mobi_vancouver,mobi_vancouver_65ff16bc-60ac-4d5e-8b03-d0ebef62d741,65ff16bc-60ac-4d5e-8b03-d0ebef62d741,49.273471,-123.118016,1,FALSE,FALSE,22800,0017,1783361838,2026-07-06T18:18:01Z,2026-07-06T18:18:01Z,2026-07-06T18:17:16Z,2.2,https://gbfs.kappa.fifteen.eu/gbfs/2.2/mobi/en/gbfs.json,https://gbfs.kappa.fifteen.eu/gbfs/2.2/mobi/en/free_bike_status.json,2026-07-06T18:18:00Z,2026-07-06T18:18:00Z
mobi_vancouver,mobi_vancouver_816992c2-f47b-4a44-93a9-d073d28c1d75,816992c2-f47b-4a44-93a9-d073d28c1d75,49.273471,-123.118016,1,FALSE,FALSE,22800,0017,1783361838,2026-07-06T18:18:01Z,2026-07-06T18:18:01Z,2026-07-06T18:17:16Z,2.2,https://gbfs.kappa.fifteen.eu/gbfs/2.2/mobi/en/gbfs.json,https://gbfs.kappa.fifteen.eu/gbfs/2.2/mobi/en/free_bike_status.json,2026-07-06T18:18:00Z,2026-07-06T18:18:00Z
mobi_vancouver,mobi_vancouver_915cda68-1754-4083-8ed4-db8f462f3a7d,915cda68-1754-4083-8ed4-db8f462f3a7d,49.269969,-123.109623,1,FALSE,FALSE,22800,0173,1783361838,2026-07-06T18:18:01Z,2026-07-06T18:18:01Z,2026-07-06T18:17:16Z,2.2,https://gbfs.kappa.fifteen.eu/gbfs/2.2/mobi/en/gbfs.json,https://gbfs.kappa.fifteen.eu/gbfs/2.2/mobi/en/free_bike_status.json,2026-07-06T18:18:00Z,2026-07-06T18:18:00Z
mobi_vancouver,mobi_vancouver_286cfc28-4ce4-499f-b09a-dbc9289353b7,286cfc28-4ce4-499f-b09a-dbc9289353b7,49.256825,-123.105234,1,FALSE,FALSE,22800,0133,1783361838,2026-07-06T18:18:01Z,2026-07-06T18:18:01Z,2026-07-06T18:17:16Z,2.2,https://gbfs.kappa.fifteen.eu/gbfs/2.2/mobi/en/gbfs.json,https://gbfs.kappa.fifteen.eu/gbfs/2.2/mobi/en/free_bike_status.json,2026-07-06T18:18:00Z,2026-07-06T18:18:00Z
mobi_vancouver,mobi_vancouver_e5057c61-ad26-428b-9201-87d32695d5c6,e5057c61-ad26-428b-9201-87d32695d5c6,49.266476,-123.109389,1,FALSE,FALSE,22800,0165,1783361838,2026-07-06T18:18:01Z,2026-07-06T18:18:01Z,2026-07-06T18:17:16Z,2.2,https://gbfs.kappa.fifteen.eu/gbfs/2.2/mobi/en/gbfs.json,https://gbfs.kappa.fifteen.eu/gbfs/2.2/mobi/en/free_bike_status.json,2026-07-06T18:18:00Z,2026-07-06T18:18:00Z
mobi_vancouver,mobi_vancouver_70f05195-2ec5-4b18-8596-5fba55fb563c,70f05195-2ec5-4b18-8596-5fba55fb563c,49.266314,-123.116011,1,FALSE,FALSE,22800,0006,1783361838,2026-07-06T18:18:01Z,2026-07-06T18:18:01Z,2026-07-06T18:17:16Z,2.2,https://gbfs.kappa.fifteen.eu/gbfs/2.2/mobi/en/gbfs.json,https://gbfs.kappa.fifteen.eu/gbfs/2.2/mobi/en/free_bike_status.json,2026-07-06T18:18:00Z,2026-07-06T18:18:00Z
mobi_vancouver,mobi_vancouver_e1af1998-1fac-465b-9ae3-a169ddfca4b8,e1af1998-1fac-465b-9ae3-a169ddfca4b8,49.270721,-123.146175,1,FALSE,FALSE,22800,0108,1783361838,2026-07-06T18:18:01Z,2026-07-06T18:18:01Z,2026-07-06T18:17:16Z,2.2,https://gbfs.kappa.fifteen.eu/gbfs/2.2/mobi/en/gbfs.json,https://gbfs.kappa.fifteen.eu/gbfs/2.2/mobi/en/free_bike_status.json,2026-07-06T18:18:00Z,2026-07-06T18:18:00Z
mobi_vancouver,mobi_vancouver_84a76ab7-8e79-4717-aaf2-2069494c393b,84a76ab7-8e79-4717-aaf2-2069494c393b,49.270721,-123.146175,1,FALSE,FALSE,22800,0108,1783361838,2026-07-06T18:18:01Z,2026-07-06T18:18:01Z,2026-07-06T18:17:16Z,2.2,https://gbfs.kappa.fifteen.eu/gbfs/2.2/mobi/en/gbfs.json,https://gbfs.kappa.fifteen.eu/gbfs/2.2/mobi/en/free_bike_status.json,2026-07-06T18:18:00Z,2026-07-06T18:18:00Z
mobi_vancouver,mobi_vancouver_e53ddcc7-3d16-4302-afeb-ea884c3bd7a7,e53ddcc7-3d16-4302-afeb-ea884c3bd7a7,49.270721,-123.146175,1,FALSE,FALSE,22800,0108,1783361838,2026-07-06T18:18:01Z,2026-07-06T18:18:01Z,2026-07-06T18:17:16Z,2.2,https://gbfs.kappa.fifteen.eu/gbfs/2.2/mobi/en/gbfs.json,https://gbfs.kappa.fifteen.eu/gbfs/2.2/mobi/en/free_bike_status.json,2026-07-06T18:18:00Z,2026-07-06T18:18:00Z
mobi_vancouver,mobi_vancouver_dee75bd5-271b-4a04-8d31-690c9035ed36,dee75bd5-271b-4a04-8d31-690c9035ed36,49.27821,-123.136972,1,FALSE,FALSE,22800,0083,1783361838,2026-07-06T18:18:01Z,2026-07-06T18:18:01Z,2026-07-06T18:17:16Z,2.2,https://gbfs.kappa.fifteen.eu/gbfs/2.2/mobi/en/gbfs.json,https://gbfs.kappa.fifteen.eu/gbfs/2.2/mobi/en/free_bike_status.json,2026-07-06T18:18:00Z,2026-07-06T18:18:00Z
mobi_vancouver,mobi_vancouver_b067daa3-20fb-4186-93aa-d4d1d42541d2,b067daa3-20fb-4186-93aa-d4d1d42541d2,49.284157,-123.099917,1,FALSE,FALSE,22800,0150,1783361838,2026-07-06T18:18:01Z,2026-07-06T18:18:01Z,2026-07-06T18:17:16Z,2.2,https://gbfs.kappa.fifteen.eu/gbfs/2.2/mobi/en/gbfs.json,https://gbfs.kappa.fifteen.eu/gbfs/2.2/mobi/en/free_bike_status.json,2026-07-06T18:18:00Z,2026-07-06T18:18:00Z
mobi_vancouver,mobi_vancouver_4d25734b-5510-4d1f-a207-8e57d39d9b96,4d25734b-5510-4d1f-a207-8e57d39d9b96,49.265939,-123.1129,1,FALSE,FALSE,22800,0171,1783361838,2026-07-06T18:18:01Z,2026-07-06T18:18:01Z,2026-07-06T18:17:16Z,2.2,https://gbfs.kappa.fifteen.eu/gbfs/2.2/mobi/en/gbfs.json,https://gbfs.kappa.fifteen.eu/gbfs/2.2/mobi/en/free_bike_status.json,2026-07-06T18:18:00Z,2026-07-06T18:18:00Z
mobi_vancouver,mobi_vancouver_d7fa9949-eb0e-496f-9c1c-7f5a1d3dd58b,d7fa9949-eb0e-496f-9c1c-7f5a1d3dd58b,49.276292,-123.150592,1,FALSE,FALSE,22800,0155,1783361838,2026-07-06T18:18:01Z,2026-07-06T18:18:01Z,2026-07-06T18:17:16Z,2.2,https://gbfs.kappa.fifteen.eu/gbfs/2.2/mobi/en/gbfs.json,https://gbfs.kappa.fifteen.eu/gbfs/2.2/mobi/en/free_bike_status.json,2026-07-06T18:18:00Z,2026-07-06T18:18:00Z
mobi_vancouver,mobi_vancouver_d0c22e1a-abe8-4157-b9e7-c127adde575a,d0c22e1a-abe8-4157-b9e7-c127adde575a,49.281506,-123.120101,1,FALSE,FALSE,22800,0063,1783361838,2026-07-06T18:18:01Z,2026-07-06T18:18:01Z,2026-07-06T18:17:16Z,2.2,https://gbfs.kappa.fifteen.eu/gbfs/2.2/mobi/en/gbfs.json,https://gbfs.kappa.fifteen.eu/gbfs/2.2/mobi/en/free_bike_status.json,2026-07-06T18:18:00Z,2026-07-06T18:18:00Z
mobi_vancouver,mobi_vancouver_6a8d084d-19d7-4182-b2a6-ba0268466314,6a8d084d-19d7-4182-b2a6-ba0268466314,49.262944,-123.148109,1,FALSE,FALSE,22800,0068,1783361838,2026-07-06T18:18:01Z,2026-07-06T18:18:01Z,2026-07-06T18:17:16Z,2.2,https://gbfs.kappa.fifteen.eu/gbfs/2.2/mobi/en/gbfs.json,https://gbfs.kappa.fifteen.eu/gbfs/2.2/mobi/en/free_bike_status.json,2026-07-06T18:18:00Z,2026-07-06T18:18:00Z
mobi_vancouver,mobi_vancouver_9ed57e8b-3c8e-4f6b-98eb-9087054848cb,9ed57e8b-3c8e-4f6b-98eb-9087054848cb,49.262944,-123.148109,1,FALSE,FALSE,22800,0068,1783361838,2026-07-06T18:18:01Z,2026-07-06T18:18:01Z,2026-07-06T18:17:16Z,2.2,https://gbfs.kappa.fifteen.eu/gbfs/2.2/mobi/en/gbfs.json,https://gbfs.kappa.fifteen.eu/gbfs/2.2/mobi/en/free_bike_status.json,2026-07-06T18:18:00Z,2026-07-06T18:18:00Z
mobi_vancouver,mobi_vancouver_a9d8137a-be1a-4218-b636-02c11308105d,a9d8137a-be1a-4218-b636-02c11308105d,49.268339,-123.157443,1,FALSE,FALSE,22800,0159,1783361838,2026-07-06T18:18:01Z,2026-07-06T18:18:01Z,2026-07-06T18:17:16Z,2.2,https://gbfs.kappa.fifteen.eu/gbfs/2.2/mobi/en/gbfs.json,https://gbfs.kappa.fifteen.eu/gbfs/2.2/mobi/en/free_bike_status.json,2026-07-06T18:18:00Z,2026-07-06T18:18:00Z
mobi_vancouver,mobi_vancouver_ed5e221f-9c25-4871-a1a2-350289206396,ed5e221f-9c25-4871-a1a2-350289206396,49.282758,-123.122092,1,FALSE,FALSE,22800,0019,1783361838,2026-07-06T18:18:01Z,2026-07-06T18:18:01Z,2026-07-06T18:17:16Z,2.2,https://gbfs.kappa.fifteen.eu/gbfs/2.2/mobi/en/gbfs.json,https://gbfs.kappa.fifteen.eu/gbfs/2.2/mobi/en/free_bike_status.json,2026-07-06T18:18:00Z,2026-07-06T18:18:00Z
mobi_vancouver,mobi_vancouver_f74bb0ac-b8ec-4be6-bf1c-3a48571cb3df,f74bb0ac-b8ec-4be6-bf1c-3a48571cb3df,49.282758,-123.122092,1,FALSE,FALSE,22800,0019,1783361838,2026-07-06T18:18:01Z,2026-07-06T18:18:01Z,2026-07-06T18:17:16Z,2.2,https://gbfs.kappa.fifteen.eu/gbfs/2.2/mobi/en/gbfs.json,https://gbfs.kappa.fifteen.eu/gbfs/2.2/mobi/en/free_bike_status.json,2026-07-06T18:18:00Z,2026-07-06T18:18:00Z
mobi_vancouver,mobi_vancouver_f9fdde5a-aaa0-45ee-8982-c119b04820e8,f9fdde5a-aaa0-45ee-8982-c119b04820e8,49.274566,-123.121817,1,FALSE,FALSE,22800,0004,1783361838,2026-07-06T18:18:01Z,2026-07-06T18:18:01Z,2026-07-06T18:17:16Z,2.2,https://gbfs.kappa.fifteen.eu/gbfs/2.2/mobi/en/gbfs.json,https://gbfs.kappa.fifteen.eu/gbfs/2.2/mobi/en/free_bike_status.json,2026-07-06T18:18:00Z,2026-07-06T18:18:00Z
mobi_vancouver,mobi_vancouver_b121647b-63f6-49f7-bf37-0c629b0fcf2d,b121647b-63f6-49f7-bf37-0c629b0fcf2d,49.279342,-123.101822,1,FALSE,FALSE,22800,0055,1783361838,2026-07-06T18:18:01Z,2026-07-06T18:18:01Z,2026-07-06T18:17:16Z,2.2,https://gbfs.kappa.fifteen.eu/gbfs/2.2/mobi/en/gbfs.json,https://gbfs.kappa.fifteen.eu/gbfs/2.2/mobi/en/free_bike_status.json,2026-07-06T18:18:00Z,2026-07-06T18:18:00Z
mobi_vancouver,mobi_vancouver_dc3835ee-3034-44b9-9fd3-f664cd2f2dcb,dc3835ee-3034-44b9-9fd3-f664cd2f2dcb,49.279342,-123.101822,1,FALSE,FALSE,22800,0055,1783361838,2026-07-06T18:18:01Z,2026-07-06T18:18:01Z,2026-07-06T18:17:16Z,2.2,https://gbfs.kappa.fifteen.eu/gbfs/2.2/mobi/en/gbfs.json,https://gbfs.kappa.fifteen.eu/gbfs/2.2/mobi/en/free_bike_status.json,2026-07-06T18:18:00Z,2026-07-06T18:18:00Z
mobi_vancouver,mobi_vancouver_c140894d-16aa-4bdc-b5df-f62548d1fb1a,c140894d-16aa-4bdc-b5df-f62548d1fb1a,49.262206,-123.109091,1,FALSE,FALSE,22800,0172,1783361838,2026-07-06T18:18:01Z,2026-07-06T18:18:01Z,2026-07-06T18:17:16Z,2.2,https://gbfs.kappa.fifteen.eu/gbfs/2.2/mobi/en/gbfs.json,https://gbfs.kappa.fifteen.eu/gbfs/2.2/mobi/en/free_bike_status.json,2026-07-06T18:18:00Z,2026-07-06T18:18:00Z
mobi_vancouver,mobi_vancouver_dfe23197-0002-4ce1-ab75-3036dd3bdb3f,dfe23197-0002-4ce1-ab75-3036dd3bdb3f,49.290112,-123.127062,1,FALSE,FALSE,22800,0035,1783361838,2026-07-06T18:18:01Z,2026-07-06T18:18:01Z,2026-07-06T18:17:16Z,2.2,https://gbfs.kappa.fifteen.eu/gbfs/2.2/mobi/en/gbfs.json,https://gbfs.kappa.fifteen.eu/gbfs/2.2/mobi/en/free_bike_status.json,2026-07-06T18:18:00Z,2026-07-06T18:18:00Z
mobi_vancouver,mobi_vancouver_f6a6aad4-bd3f-423f-affe-640719f105a0,f6a6aad4-bd3f-423f-affe-640719f105a0,49.262822,-123.14338,1,FALSE,FALSE,22800,0205,1783361838,2026-07-06T18:18:01Z,2026-07-06T18:18:01Z,2026-07-06T18:17:16Z,2.2,https://gbfs.kappa.fifteen.eu/gbfs/2.2/mobi/en/gbfs.json,https://gbfs.kappa.fifteen.eu/gbfs/2.2/mobi/en/free_bike_status.json,2026-07-06T18:18:00Z,2026-07-06T18:18:00Z
mobi_vancouver,mobi_vancouver_48631f48-1f44-413d-9822-356609894479,48631f48-1f44-413d-9822-356609894479,49.266774,-123.141135,1,FALSE,FALSE,22800,0153,1783361838,2026-07-06T18:18:01Z,2026-07-06T18:18:01Z,2026-07-06T18:17:16Z,2.2,https://gbfs.kappa.fifteen.eu/gbfs/2.2/mobi/en/gbfs.json,https://gbfs.kappa.fifteen.eu/gbfs/2.2/mobi/en/free_bike_status.json,2026-07-06T18:18:00Z,2026-07-06T18:18:00Z
mobi_vancouver,mobi_vancouver_288d525e-1f0f-43f1-91c6-a551fb102869,288d525e-1f0f-43f1-91c6-a551fb102869,49.266774,-123.141135,1,FALSE,FALSE,22800,0153,1783361838,2026-07-06T18:18:01Z,2026-07-06T18:18:01Z,2026-07-06T18:17:16Z,2.2,https://gbfs.kappa.fifteen.eu/gbfs/2.2/mobi/en/gbfs.json,https://gbfs.kappa.fifteen.eu/gbfs/2.2/mobi/en/free_bike_status.json,2026-07-06T18:18:00Z,2026-07-06T18:18:00Z
mobi_vancouver,mobi_vancouver_be306887-e049-4cb3-8d91-5972c8e8f113,be306887-e049-4cb3-8d91-5972c8e8f113,49.265336,-123.145823,1,FALSE,FALSE,22800,0140,1783361838,2026-07-06T18:18:01Z,2026-07-06T18:18:01Z,2026-07-06T18:17:16Z,2.2,https://gbfs.kappa.fifteen.eu/gbfs/2.2/mobi/en/gbfs.json,https://gbfs.kappa.fifteen.eu/gbfs/2.2/mobi/en/free_bike_status.json,2026-07-06T18:18:00Z,2026-07-06T18:18:00Z
mobi_vancouver,mobi_vancouver_947878c5-a9e9-4030-94b1-0b7b2e542574,947878c5-a9e9-4030-94b1-0b7b2e542574,49.265336,-123.145823,1,FALSE,FALSE,22800,0140,1783361838,2026-07-06T18:18:01Z,2026-07-06T18:18:01Z,2026-07-06T18:17:16Z,2.2,https://gbfs.kappa.fifteen.eu/gbfs/2.2/mobi/en/gbfs.json,https://gbfs.kappa.fifteen.eu/gbfs/2.2/mobi/en/free_bike_status.json,2026-07-06T18:18:00Z,2026-07-06T18:18:00Z
mobi_vancouver,mobi_vancouver_04f082da-8086-4c77-a57e-8fac3f0d5bfc,04f082da-8086-4c77-a57e-8fac3f0d5bfc,49.283227,-123.120523,1,FALSE,FALSE,22800,0099,1783361838,2026-07-06T18:18:01Z,2026-07-06T18:18:01Z,2026-07-06T18:17:16Z,2.2,https://gbfs.kappa.fifteen.eu/gbfs/2.2/mobi/en/gbfs.json,https://gbfs.kappa.fifteen.eu/gbfs/2.2/mobi/en/free_bike_status.json,2026-07-06T18:18:00Z,2026-07-06T18:18:00Z
mobi_vancouver,mobi_vancouver_58945693-878f-4008-9360-a523036530e2,58945693-878f-4008-9360-a523036530e2,49.283227,-123.120523,1,FALSE,FALSE,22800,0099,1783361838,2026-07-06T18:18:01Z,2026-07-06T18:18:01Z,2026-07-06T18:17:16Z,2.2,https://gbfs.kappa.fifteen.eu/gbfs/2.2/mobi/en/gbfs.json,https://gbfs.kappa.fifteen.eu/gbfs/2.2/mobi/en/free_bike_status.json,2026-07-06T18:18:00Z,2026-07-06T18:18:00Z
mobi_vancouver,mobi_vancouver_16bbde2c-c321-4dd8-884c-73c5fa6c0d14,16bbde2c-c321-4dd8-884c-73c5fa6c0d14,49.283227,-123.120523,1,FALSE,FALSE,22800,0099,1783361838,2026-07-06T18:18:01Z,2026-07-06T18:18:01Z,2026-07-06T18:17:16Z,2.2,https://gbfs.kappa.fifteen.eu/gbfs/2.2/mobi/en/gbfs.json,https://gbfs.kappa.fifteen.eu/gbfs/2.2/mobi/en/free_bike_status.json,2026-07-06T18:18:00Z,2026-07-06T18:18:00Z
mobi_vancouver,mobi_vancouver_908748bf-92d9-4323-a398-3e3f7772d74f,908748bf-92d9-4323-a398-3e3f7772d74f,49.283227,-123.120523,1,FALSE,FALSE,22800,0099,1783361838,2026-07-06T18:18:01Z,2026-07-06T18:18:01Z,2026-07-06T18:17:16Z,2.2,https://gbfs.kappa.fifteen.eu/gbfs/2.2/mobi/en/gbfs.json,https://gbfs.kappa.fifteen.eu/gbfs/2.2/mobi/en/free_bike_status.json,2026-07-06T18:18:00Z,2026-07-06T18:18:00Z
mobi_vancouver,mobi_vancouver_2daa5673-047e-4ed1-8f45-ea536d72a46e,2daa5673-047e-4ed1-8f45-ea536d72a46e,49.283227,-123.120523,1,FALSE,FALSE,22800,0099,1783361838,2026-07-06T18:18:01Z,2026-07-06T18:18:01Z,2026-07-06T18:17:16Z,2.2,https://gbfs.kappa.fifteen.eu/gbfs/2.2/mobi/en/gbfs.json,https://gbfs.kappa.fifteen.eu/gbfs/2.2/mobi/en/free_bike_status.json,2026-07-06T18:18:00Z,2026-07-06T18:18:00Z
mobi_vancouver,mobi_vancouver_c5a42438-edf0-4798-9ffc-0b283538ed60,c5a42438-edf0-4798-9ffc-0b283538ed60,49.283227,-123.120523,1,FALSE,FALSE,22800,0099,1783361838,2026-07-06T18:18:01Z,2026-07-06T18:18:01Z,2026-07-06T18:17:16Z,2.2,https://gbfs.kappa.fifteen.eu/gbfs/2.2/mobi/en/gbfs.json,https://gbfs.kappa.fifteen.eu/gbfs/2.2/mobi/en/free_bike_status.json,2026-07-06T18:18:00Z,2026-07-06T18:18:00Z
mobi_vancouver,mobi_vancouver_0460aa2a-fbe4-44f8-87bb-5d74cc2870d7,0460aa2a-fbe4-44f8-87bb-5d74cc2870d7,49.262242,-123.081459,1,FALSE,FALSE,22800,0246,1783361838,2026-07-06T18:18:01Z,2026-07-06T18:18:01Z,2026-07-06T18:17:16Z,2.2,https://gbfs.kappa.fifteen.eu/gbfs/2.2/mobi/en/gbfs.json,https://gbfs.kappa.fifteen.eu/gbfs/2.2/mobi/en/free_bike_status.json,2026-07-06T18:18:00Z,2026-07-06T18:18:00Z
mobi_vancouver,mobi_vancouver_ed762c2a-36b8-443d-b80a-ec1a68617519,ed762c2a-36b8-443d-b80a-ec1a68617519,49.261353,-123.085333,1,FALSE,FALSE,22800,0265,1783361838,2026-07-06T18:18:01Z,2026-07-06T18:18:01Z,2026-07-06T18:17:16Z,2.2,https://gbfs.kappa.fifteen.eu/gbfs/2.2/mobi/en/gbfs.json,https://gbfs.kappa.fifteen.eu/gbfs/2.2/mobi/en/free_bike_status.json,2026-07-06T18:18:00Z,2026-07-06T18:18:00Z
mobi_vancouver,mobi_vancouver_efc89fee-82ad-461f-938b-a3bfb6cd3af6,efc89fee-82ad-461f-938b-a3bfb6cd3af6,49.26151,-123.089413,1,FALSE,FALSE,22800,0260,1783361838,2026-07-06T18:18:01Z,2026-07-06T18:18:01Z,2026-07-06T18:17:16Z,2.2,https://gbfs.kappa.fifteen.eu/gbfs/2.2/mobi/en/gbfs.json,https://gbfs.kappa.fifteen.eu/gbfs/2.2/mobi/en/free_bike_status.json,2026-07-06T18:18:00Z,2026-07-06T18:18:00Z
mobi_vancouver,mobi_vancouver_cd3ce764-2ae6-4b96-afa9-e677cdc38d6b,cd3ce764-2ae6-4b96-afa9-e677cdc38d6b,49.265005,-123.079481,1,FALSE,FALSE,22800,0236,1783361838,2026-07-06T18:18:01Z,2026-07-06T18:18:01Z,2026-07-06T18:17:16Z,2.2,https://gbfs.kappa.fifteen.eu/gbfs/2.2/mobi/en/gbfs.json,https://gbfs.kappa.fifteen.eu/gbfs/2.2/mobi/en/free_bike_status.json,2026-07-06T18:18:00Z,2026-07-06T18:18:00Z
mobi_vancouver,mobi_vancouver_07d287cb-f23b-4a51-9b7e-0f94834a9652,07d287cb-f23b-4a51-9b7e-0f94834a9652,49.265005,-123.079481,1,FALSE,FALSE,22800,0236,1783361838,2026-07-06T18:18:01Z,2026-07-06T18:18:01Z,2026-07-06T18:17:16Z,2.2,https://gbfs.kappa.fifteen.eu/gbfs/2.2/mobi/en/gbfs.json,https://gbfs.kappa.fifteen.eu/gbfs/2.2/mobi/en/free_bike_status.json,2026-07-06T18:18:00Z,2026-07-06T18:18:00Z
mobi_vancouver,mobi_vancouver_8461acdf-bb1c-4a11-a9d7-b38e9979343b,8461acdf-bb1c-4a11-a9d7-b38e9979343b,49.263746,-123.069892,1,FALSE,FALSE,22800,0254,1783361838,2026-07-06T18:18:01Z,2026-07-06T18:18:01Z,2026-07-06T18:17:16Z,2.2,https://gbfs.kappa.fifteen.eu/gbfs/2.2/mobi/en/gbfs.json,https://gbfs.kappa.fifteen.eu/gbfs/2.2/mobi/en/free_bike_status.json,2026-07-06T18:18:00Z,2026-07-06T18:18:00Z
mobi_vancouver,mobi_vancouver_9e080e1d-cac6-4a42-b57e-a4e6b2da2bda,9e080e1d-cac6-4a42-b57e-a4e6b2da2bda,49.271377,-123.069416,1,FALSE,FALSE,22800,0239,1783361838,2026-07-06T18:18:01Z,2026-07-06T18:18:01Z,2026-07-06T18:17:16Z,2.2,https://gbfs.kappa.fifteen.eu/gbfs/2.2/mobi/en/gbfs.json,https://gbfs.kappa.fifteen.eu/gbfs/2.2/mobi/en/free_bike_status.json,2026-07-06T18:18:00Z,2026-07-06T18:18:00Z
mobi_vancouver,mobi_vancouver_0d55e6c9-712b-4aa9-b4a8-f01fe5a0dc15,0d55e6c9-712b-4aa9-b4a8-f01fe5a0dc15,49.271377,-123.069416,1,FALSE,FALSE,22800,0239,1783361838,2026-07-06T18:18:01Z,2026-07-06T18:18:01Z,2026-07-06T18:17:16Z,2.2,https://gbfs.kappa.fifteen.eu/gbfs/2.2/mobi/en/gbfs.json,https://gbfs.kappa.fifteen.eu/gbfs/2.2/mobi/en/free_bike_status.json,2026-07-06T18:18:00Z,2026-07-06T18:18:00Z
mobi_vancouver,mobi_vancouver_3e568567-c465-4910-80fb-ebb5b0f24ca7,3e568567-c465-4910-80fb-ebb5b0f24ca7,49.277436,-123.070427,1,FALSE,FALSE,22800,0223,1783361838,2026-07-06T18:18:01Z,2026-07-06T18:18:01Z,2026-07-06T18:17:16Z,2.2,https://gbfs.kappa.fifteen.eu/gbfs/2.2/mobi/en/gbfs.json,https://gbfs.kappa.fifteen.eu/gbfs/2.2/mobi/en/free_bike_status.json,2026-07-06T18:18:00Z,2026-07-06T18:18:00Z
mobi_vancouver,mobi_vancouver_b75a23b1-196d-4360-8648-e4bf3639dcea,b75a23b1-196d-4360-8648-e4bf3639dcea,49.287782,-123.12395,1,FALSE,FALSE,22800,0190,1783361838,2026-07-06T18:18:01Z,2026-07-06T18:18:01Z,2026-07-06T18:17:16Z,2.2,https://gbfs.kappa.fifteen.eu/gbfs/2.2/mobi/en/gbfs.json,https://gbfs.kappa.fifteen.eu/gbfs/2.2/mobi/en/free_bike_status.json,2026-07-06T18:18:00Z,2026-07-06T18:18:00Z
mobi_vancouver,mobi_vancouver_ece9bcf6-30c7-489d-ad6a-4cce0cef8950,ece9bcf6-30c7-489d-ad6a-4cce0cef8950,49.263382,-123.088837,1,FALSE,FALSE,22800,0261,1783361838,2026-07-06T18:18:01Z,2026-07-06T18:18:01Z,2026-07-06T18:17:16Z,2.2,https://gbfs.kappa.fifteen.eu/gbfs/2.2/mobi/en/gbfs.json,https://gbfs.kappa.fifteen.eu/gbfs/2.2/mobi/en/free_bike_status.json,2026-07-06T18:18:00Z,2026-07-06T18:18:00Z
mobi_vancouver,mobi_vancouver_a63345d4-d2ff-480a-a208-c29be40f6674,a63345d4-d2ff-480a-a208-c29be40f6674,49.28567,-123.112543,1,FALSE,FALSE,22800,0021,1783361838,2026-07-06T18:18:01Z,2026-07-06T18:18:01Z,2026-07-06T18:17:16Z,2.2,https://gbfs.kappa.fifteen.eu/gbfs/2.2/mobi/en/gbfs.json,https://gbfs.kappa.fifteen.eu/gbfs/2.2/mobi/en/free_bike_status.json,2026-07-06T18:18:00Z,2026-07-06T18:18:00Z
mobi_vancouver,mobi_vancouver_622b4b15-2138-45be-86fa-3ddb8f063e33,622b4b15-2138-45be-86fa-3ddb8f063e33,49.280197,-123.065859,1,FALSE,FALSE,22800,0272,1783361838,2026-07-06T18:18:01Z,2026-07-06T18:18:01Z,2026-07-06T18:17:16Z,2.2,https://gbfs.kappa.fifteen.eu/gbfs/2.2/mobi/en/gbfs.json,https://gbfs.kappa.fifteen.eu/gbfs/2.2/mobi/en/free_bike_status.json,2026-07-06T18:18:00Z,2026-07-06T18:18:00Z
mobi_vancouver,mobi_vancouver_26f38ccf-b5f2-4fa7-b71f-ce71cb55342f,26f38ccf-b5f2-4fa7-b71f-ce71cb55342f,49.261188,-123.066009,1,FALSE,FALSE,22800,0274,1783361838,2026-07-06T18:18:01Z,2026-07-06T18:18:01Z,2026-07-06T18:17:16Z,2.2,https://gbfs.kappa.fifteen.eu/gbfs/2.2/mobi/en/gbfs.json,https://gbfs.kappa.fifteen.eu/gbfs/2.2/mobi/en/free_bike_status.json,2026-07-06T18:18:00Z,2026-07-06T18:18:00Z
mobi_vancouver,mobi_vancouver_91566144-3491-41b2-8bde-6a013d3a1809,91566144-3491-41b2-8bde-6a013d3a1809,49.280881,-123.130672,2,FALSE,FALSE,22800,0126,1783361838,2026-07-06T18:18:01Z,2026-07-06T18:18:01Z,2026-07-06T18:17:16Z,2.2,https://gbfs.kappa.fifteen.eu/gbfs/2.2/mobi/en/gbfs.json,https://gbfs.kappa.fifteen.eu/gbfs/2.2/mobi/en/free_bike_status.json,2026-07-06T18:18:00Z,2026-07-06T18:18:00Z
mobi_vancouver,mobi_vancouver_cd4b23c1-96e8-4d95-a5e1-f1bee04f6492,cd4b23c1-96e8-4d95-a5e1-f1bee04f6492,49.273691,-123.102232,1,FALSE,FALSE,22800,0193,1783361838,2026-07-06T18:18:01Z,2026-07-06T18:18:01Z,2026-07-06T18:17:16Z,2.2,https://gbfs.kappa.fifteen.eu/gbfs/2.2/mobi/en/gbfs.json,https://gbfs.kappa.fifteen.eu/gbfs/2.2/mobi/en/free_bike_status.json,2026-07-06T18:18:00Z,2026-07-06T18:18:00Z
mobi_vancouver,mobi_vancouver_7dc44939-8cc5-42af-bdb8-e4745eddd198,7dc44939-8cc5-42af-bdb8-e4745eddd198,49.273777,-123.092723,1,FALSE,FALSE,22800,0233,1783361838,2026-07-06T18:18:01Z,2026-07-06T18:18:01Z,2026-07-06T18:17:16Z,2.2,https://gbfs.kappa.fifteen.eu/gbfs/2.2/mobi/en/gbfs.json,https://gbfs.kappa.fifteen.eu/gbfs/2.2/mobi/en/free_bike_status.json,2026-07-06T18:18:00Z,2026-07-06T18:18:00Z
mobi_vancouver,mobi_vancouver_1325bcfa-7fd3-4d8d-84aa-8e5bc469e5d8,1325bcfa-7fd3-4d8d-84aa-8e5bc469e5d8,49.261973,-123.09725,1,FALSE,FALSE,22800,0186,1783361838,2026-07-06T18:18:01Z,2026-07-06T18:18:01Z,2026-07-06T18:17:16Z,2.2,https://gbfs.kappa.fifteen.eu/gbfs/2.2/mobi/en/gbfs.json,https://gbfs.kappa.fifteen.eu/gbfs/2.2/mobi/en/free_bike_status.json,2026-07-06T18:18:00Z,2026-07-06T18:18:00Z
mobi_vancouver,mobi_vancouver_d2baca1e-7f06-413c-ab28-4efb308243ae,d2baca1e-7f06-413c-ab28-4efb308243ae,49.27033,-123.10275,1,FALSE,FALSE,22800,0177,1783361838,2026-07-06T18:18:01Z,2026-07-06T18:18:01Z,2026-07-06T18:17:16Z,2.2,https://gbfs.kappa.fifteen.eu/gbfs/2.2/mobi/en/gbfs.json,https://gbfs.kappa.fifteen.eu/gbfs/2.2/mobi/en/free_bike_status.json,2026-07-06T18:18:00Z,2026-07-06T18:18:00Z
mobi_vancouver,mobi_vancouver_924b58bd-0583-404a-87b1-882aaf926abc,924b58bd-0583-404a-87b1-882aaf926abc,49.257939,-123.089531,1,FALSE,FALSE,22800,0282,1783361838,2026-07-06T18:18:01Z,2026-07-06T18:18:01Z,2026-07-06T18:17:16Z,2.2,https://gbfs.kappa.fifteen.eu/gbfs/2.2/mobi/en/gbfs.json,https://gbfs.kappa.fifteen.eu/gbfs/2.2/mobi/en/free_bike_status.json,2026-07-06T18:18:00Z,2026-07-06T18:18:00Z
mobi_vancouver,mobi_vancouver_8791626d-7035-466d-bc8c-8ddbb082fc39,8791626d-7035-466d-bc8c-8ddbb082fc39,49.257985,-123.083366,1,FALSE,FALSE,22800,0281,1783361838,2026-07-06T18:18:01Z,2026-07-06T18:18:01Z,2026-07-06T18:17:16Z,2.2,https://gbfs.kappa.fifteen.eu/gbfs/2.2/mobi/en/gbfs.json,https://gbfs.kappa.fifteen.eu/gbfs/2.2/mobi/en/free_bike_status.json,2026-07-06T18:18:00Z,2026-07-06T18:18:00Z
mobi_vancouver,mobi_vancouver_56fccee5-e19f-46ef-a8c8-aea67e127cd2,56fccee5-e19f-46ef-a8c8-aea67e127cd2,49.302577,-123.155616,1,FALSE,FALSE,22800,0103,1783361838,2026-07-06T18:18:01Z,2026-07-06T18:18:01Z,2026-07-06T18:17:16Z,2.2,https://gbfs.kappa.fifteen.eu/gbfs/2.2/mobi/en/gbfs.json,https://gbfs.kappa.fifteen.eu/gbfs/2.2/mobi/en/free_bike_status.json,2026-07-06T18:18:00Z,2026-07-06T18:18:00Z
mobi_vancouver,mobi_vancouver_580b244d-d563-452a-9062-df9ff4e578b5,580b244d-d563-452a-9062-df9ff4e578b5,49.277333,-123.087359,1,FALSE,FALSE,22800,0219,1783361838,2026-07-06T18:18:01Z,2026-07-06T18:18:01Z,2026-07-06T18:17:16Z,2.2,https://gbfs.kappa.fifteen.eu/gbfs/2.2/mobi/en/gbfs.json,https://gbfs.kappa.fifteen.eu/gbfs/2.2/mobi/en/free_bike_status.json,2026-07-06T18:18:00Z,2026-07-06T18:18:00Z
mobi_vancouver,mobi_vancouver_ce3d567a-f98c-4e7f-b209-c4bafc135ea9,ce3d567a-f98c-4e7f-b209-c4bafc135ea9,49.283298,-123.142288,1,FALSE,FALSE,22800,0142,1783361838,2026-07-06T18:18:01Z,2026-07-06T18:18:01Z,2026-07-06T18:17:16Z,2.2,https://gbfs.kappa.fifteen.eu/gbfs/2.2/mobi/en/gbfs.json,https://gbfs.kappa.fifteen.eu/gbfs/2.2/mobi/en/free_bike_status.json,2026-07-06T18:18:00Z,2026-07-06T18:18:00Z
mobi_vancouver,mobi_vancouver_4067dc21-34de-4568-bf47-000171a2d8d1,4067dc21-34de-4568-bf47-000171a2d8d1,49.280787,-123.115271,1,FALSE,FALSE,22800,0305,1783361838,2026-07-06T18:18:01Z,2026-07-06T18:18:01Z,2026-07-06T18:17:16Z,2.2,https://gbfs.kappa.fifteen.eu/gbfs/2.2/mobi/en/gbfs.json,https://gbfs.kappa.fifteen.eu/gbfs/2.2/mobi/en/free_bike_status.json,2026-07-06T18:18:00Z,2026-07-06T18:18:00Z
mobi_vancouver,mobi_vancouver_cefd3186-7add-4d66-8277-423c08aebb73,cefd3186-7add-4d66-8277-423c08aebb73,49.27029,-123.135025,1,FALSE,FALSE,22800,0189,1783361838,2026-07-06T18:18:01Z,2026-07-06T18:18:01Z,2026-07-06T18:17:16Z,2.2,https://gbfs.kappa.fifteen.eu/gbfs/2.2/mobi/en/gbfs.json,https://gbfs.kappa.fifteen.eu/gbfs/2.2/mobi/en/free_bike_status.json,2026-07-06T18:18:00Z,2026-07-06T18:18:00Z
mobi_vancouver,mobi_vancouver_bd8ad030-cc27-433f-bee3-150a0b109484,bd8ad030-cc27-433f-bee3-150a0b109484,49.27029,-123.135025,1,FALSE,FALSE,22800,0189,1783361838,2026-07-06T18:18:01Z,2026-07-06T18:18:01Z,2026-07-06T18:17:16Z,2.2,https://gbfs.kappa.fifteen.eu/gbfs/2.2/mobi/en/gbfs.json,https://gbfs.kappa.fifteen.eu/gbfs/2.2/mobi/en/free_bike_status.json,2026-07-06T18:18:00Z,2026-07-06T18:18:00Z
mobi_vancouver,mobi_vancouver_f717635e-45f9-4672-bfe1-8b04018e5736,f717635e-45f9-4672-bfe1-8b04018e5736,49.27029,-123.135025,1,FALSE,FALSE,22800,0189,1783361838,2026-07-06T18:18:01Z,2026-07-06T18:18:01Z,2026-07-06T18:17:16Z,2.2,https://gbfs.kappa.fifteen.eu/gbfs/2.2/mobi/en/gbfs.json,https://gbfs.kappa.fifteen.eu/gbfs/2.2/mobi/en/free_bike_status.json,2026-07-06T18:18:00Z,2026-07-06T18:18:00Z
mobi_vancouver,mobi_vancouver_9bce9234-767e-427c-b026-0e939c6c7bb3,9bce9234-767e-427c-b026-0e939c6c7bb3,49.271471,-123.17731,1,FALSE,FALSE,22800,0440,1783361838,2026-07-06T18:18:01Z,2026-07-06T18:18:01Z,2026-07-06T18:17:16Z,2.2,https://gbfs.kappa.fifteen.eu/gbfs/2.2/mobi/en/gbfs.json,https://gbfs.kappa.fifteen.eu/gbfs/2.2/mobi/en/free_bike_status.json,2026-07-06T18:18:00Z,2026-07-06T18:18:00Z
mobi_vancouver,mobi_vancouver_a2fda05d-53f2-4390-8c75-ded260bfa2e2,a2fda05d-53f2-4390-8c75-ded260bfa2e2,49.264579,-123.18373,1,FALSE,FALSE,22800,0415,1783361838,2026-07-06T18:18:01Z,2026-07-06T18:18:01Z,2026-07-06T18:17:16Z,2.2,https://gbfs.kappa.fifteen.eu/gbfs/2.2/mobi/en/gbfs.json,https://gbfs.kappa.fifteen.eu/gbfs/2.2/mobi/en/free_bike_status.json,2026-07-06T18:18:00Z,2026-07-06T18:18:00Z
mobi_vancouver,mobi_vancouver_6413848d-67b0-4897-b0ba-ac846b41b85a,6413848d-67b0-4897-b0ba-ac846b41b85a,49.264483,-123.173926,1,FALSE,FALSE,22800,0444,1783361838,2026-07-06T18:18:01Z,2026-07-06T18:18:01Z,2026-07-06T18:17:16Z,2.2,https://gbfs.kappa.fifteen.eu/gbfs/2.2/mobi/en/gbfs.json,https://gbfs.kappa.fifteen.eu/gbfs/2.2/mobi/en/free_bike_status.json,2026-07-06T18:18:00Z,2026-07-06T18:18:00Z
mobi_vancouver,mobi_vancouver_707b24f5-dadf-4130-bba3-5aa4bc6b2f7f,707b24f5-dadf-4130-bba3-5aa4bc6b2f7f,49.264483,-123.173926,1,FALSE,FALSE,22800,0444,1783361838,2026-07-06T18:18:01Z,2026-07-06T18:18:01Z,2026-07-06T18:17:16Z,2.2,https://gbfs.kappa.fifteen.eu/gbfs/2.2/mobi/en/gbfs.json,https://gbfs.kappa.fifteen.eu/gbfs/2.2/mobi/en/free_bike_status.json,2026-07-06T18:18:00Z,2026-07-06T18:18:00Z
mobi_vancouver,mobi_vancouver_82dc018a-9fa8-48fd-b610-37d2fc250946,82dc018a-9fa8-48fd-b610-37d2fc250946,49.266636,-123.183661,1,FALSE,FALSE,22800,0414,1783361838,2026-07-06T18:18:01Z,2026-07-06T18:18:01Z,2026-07-06T18:17:16Z,2.2,https://gbfs.kappa.fifteen.eu/gbfs/2.2/mobi/en/gbfs.json,https://gbfs.kappa.fifteen.eu/gbfs/2.2/mobi/en/free_bike_status.json,2026-07-06T18:18:00Z,2026-07-06T18:18:00Z
mobi_vancouver,mobi_vancouver_025318db-8eb6-4597-8aa4-132cea7d30fa,025318db-8eb6-4597-8aa4-132cea7d30fa,49.266636,-123.183661,1,FALSE,FALSE,22800,0414,1783361838,2026-07-06T18:18:01Z,2026-07-06T18:18:01Z,2026-07-06T18:17:16Z,2.2,https://gbfs.kappa.fifteen.eu/gbfs/2.2/mobi/en/gbfs.json,https://gbfs.kappa.fifteen.eu/gbfs/2.2/mobi/en/free_bike_status.json,2026-07-06T18:18:00Z,2026-07-06T18:18:00Z
mobi_vancouver,mobi_vancouver_929a918c-3e95-43e2-963f-0e948b7f03a6,929a918c-3e95-43e2-963f-0e948b7f03a6,49.268837,-123.177633,1,FALSE,FALSE,22800,0431,1783361838,2026-07-06T18:18:01Z,2026-07-06T18:18:01Z,2026-07-06T18:17:16Z,2.2,https://gbfs.kappa.fifteen.eu/gbfs/2.2/mobi/en/gbfs.json,https://gbfs.kappa.fifteen.eu/gbfs/2.2/mobi/en/free_bike_status.json,2026-07-06T18:18:00Z,2026-07-06T18:18:00Z
mobi_vancouver,mobi_vancouver_6e8dd955-4504-42bb-95a4-cb1f2b8cd966,6e8dd955-4504-42bb-95a4-cb1f2b8cd966,49.268837,-123.177633,1,FALSE,FALSE,22800,0431,1783361838,2026-07-06T18:18:01Z,2026-07-06T18:18:01Z,2026-07-06T18:17:16Z,2.2,https://gbfs.kappa.fifteen.eu/gbfs/2.2/mobi/en/gbfs.json,https://gbfs.kappa.fifteen.eu/gbfs/2.2/mobi/en/free_bike_status.json,2026-07-06T18:18:00Z,2026-07-06T18:18:00Z
mobi_vancouver,mobi_vancouver_cedfae52-c1ac-46ec-b9e6-33f3047ef787,cedfae52-c1ac-46ec-b9e6-33f3047ef787,49.287464,-123.060771,1,FALSE,FALSE,22800,0611,1783361838,2026-07-06T18:18:01Z,2026-07-06T18:18:01Z,2026-07-06T18:17:16Z,2.2,https://gbfs.kappa.fifteen.eu/gbfs/2.2/mobi/en/gbfs.json,https://gbfs.kappa.fifteen.eu/gbfs/2.2/mobi/en/free_bike_status.json,2026-07-06T18:18:00Z,2026-07-06T18:18:00Z
mobi_vancouver,mobi_vancouver_068aef8e-072b-4624-a343-24738a3d1254,068aef8e-072b-4624-a343-24738a3d1254,49.251358,-123.115637,1,FALSE,FALSE,22800,0532,1783361838,2026-07-06T18:18:01Z,2026-07-06T18:18:01Z,2026-07-06T18:17:16Z,2.2,https://gbfs.kappa.fifteen.eu/gbfs/2.2/mobi/en/gbfs.json,https://gbfs.kappa.fifteen.eu/gbfs/2.2/mobi/en/free_bike_status.json,2026-07-06T18:18:00Z,2026-07-06T18:18:00Z
mobi_vancouver,mobi_vancouver_54804c12-4b34-4238-9375-b4a9cd43b82e,54804c12-4b34-4238-9375-b4a9cd43b82e,49.251358,-123.115637,2,FALSE,FALSE,22800,0532,1783361838,2026-07-06T18:18:01Z,2026-07-06T18:18:01Z,2026-07-06T18:17:16Z,2.2,https://gbfs.kappa.fifteen.eu/gbfs/2.2/mobi/en/gbfs.json,https://gbfs.kappa.fifteen.eu/gbfs/2.2/mobi/en/free_bike_status.json,2026-07-06T18:18:00Z,2026-07-06T18:18:00Z
mobi_vancouver,mobi_vancouver_c27f5284-c5fd-46b9-8081-e9f9adaff6c4,c27f5284-c5fd-46b9-8081-e9f9adaff6c4,49.265442,-123.187738,1,FALSE,FALSE,22800,0403,1783361838,2026-07-06T18:18:01Z,2026-07-06T18:18:01Z,2026-07-06T18:17:16Z,2.2,https://gbfs.kappa.fifteen.eu/gbfs/2.2/mobi/en/gbfs.json,https://gbfs.kappa.fifteen.eu/gbfs/2.2/mobi/en/free_bike_status.json,2026-07-06T18:18:00Z,2026-07-06T18:18:00Z
mobi_vancouver,mobi_vancouver_86aea9f0-5add-4a70-bccd-f72d58fc0f0d,86aea9f0-5add-4a70-bccd-f72d58fc0f0d,49.283482,-123.103738,1,FALSE,FALSE,22800,0013,1783361838,2026-07-06T18:18:01Z,2026-07-06T18:18:01Z,2026-07-06T18:17:16Z,2.2,https://gbfs.kappa.fifteen.eu/gbfs/2.2/mobi/en/gbfs.json,https://gbfs.kappa.fifteen.eu/gbfs/2.2/mobi/en/free_bike_status.json,2026-07-06T18:18:00Z,2026-07-06T18:18:00Z
mobi_vancouver,mobi_vancouver_91f5d62f-5914-4f77-82c7-06d41ac83c5d,91f5d62f-5914-4f77-82c7-06d41ac83c5d,49.283482,-123.103738,1,FALSE,FALSE,22800,0013,1783361838,2026-07-06T18:18:01Z,2026-07-06T18:18:01Z,2026-07-06T18:17:16Z,2.2,https://gbfs.kappa.fifteen.eu/gbfs/2.2/mobi/en/gbfs.json,https://gbfs.kappa.fifteen.eu/gbfs/2.2/mobi/en/free_bike_status.json,2026-07-06T18:18:00Z,2026-07-06T18:18:00Z
mobi_vancouver,mobi_vancouver_00342533-6a5a-4ac9-8b07-fb4fd857d18b,00342533-6a5a-4ac9-8b07-fb4fd857d18b,49.269172,-123.25279,1,FALSE,FALSE,22800,2131,1783361838,2026-07-06T18:18:01Z,2026-07-06T18:18:01Z,2026-07-06T18:17:16Z,2.2,https://gbfs.kappa.fifteen.eu/gbfs/2.2/mobi/en/gbfs.json,https://gbfs.kappa.fifteen.eu/gbfs/2.2/mobi/en/free_bike_status.json,2026-07-06T18:18:00Z,2026-07-06T18:18:00Z
mobi_vancouver,mobi_vancouver_0ed717f6-d321-468c-9188-16d7c1338d28,0ed717f6-d321-468c-9188-16d7c1338d28,49.2661,-123.24568,1,FALSE,FALSE,22800,2154,1783361838,2026-07-06T18:18:01Z,2026-07-06T18:18:01Z,2026-07-06T18:17:16Z,2.2,https://gbfs.kappa.fifteen.eu/gbfs/2.2/mobi/en/gbfs.json,https://gbfs.kappa.fifteen.eu/gbfs/2.2/mobi/en/free_bike_status.json,2026-07-06T18:18:00Z,2026-07-06T18:18:00Z
mobi_vancouver,mobi_vancouver_e2b6eb1d-d5f3-4aef-9642-2d103212cca6,e2b6eb1d-d5f3-4aef-9642-2d103212cca6,49.261736,-123.24648,1,FALSE,FALSE,22800,2136,1783361838,2026-07-06T18:18:01Z,2026-07-06T18:18:01Z,2026-07-06T18:17:16Z,2.2,https://gbfs.kappa.fifteen.eu/gbfs/2.2/mobi/en/gbfs.json,https://gbfs.kappa.fifteen.eu/gbfs/2.2/mobi/en/free_bike_status.json,2026-07-06T18:18:00Z,2026-07-06T18:18:00Z
mobi_vancouver,mobi_vancouver_470663bb-8685-4462-8a42-0d11c33a7d6f,470663bb-8685-4462-8a42-0d11c33a7d6f,49.2585,-123.2521,1,FALSE,FALSE,22800,2117,1783361838,2026-07-06T18:18:01Z,2026-07-06T18:18:01Z,2026-07-06T18:17:16Z,2.2,https://gbfs.kappa.fifteen.eu/gbfs/2.2/mobi/en/gbfs.json,https://gbfs.kappa.fifteen.eu/gbfs/2.2/mobi/en/free_bike_status.json,2026-07-06T18:18:00Z,2026-07-06T18:18:00Z
mobi_vancouver,mobi_vancouver_f66dd070-1d41-49db-9c6f-40e28b4cb88a,f66dd070-1d41-49db-9c6f-40e28b4cb88a,49.2585,-123.2521,1,FALSE,FALSE,22800,2117,1783361838,2026-07-06T18:18:01Z,2026-07-06T18:18:01Z,2026-07-06T18:17:16Z,2.2,https://gbfs.kappa.fifteen.eu/gbfs/2.2/mobi/en/gbfs.json,https://gbfs.kappa.fifteen.eu/gbfs/2.2/mobi/en/free_bike_status.json,2026-07-06T18:18:00Z,2026-07-06T18:18:00Z
mobi_vancouver,mobi_vancouver_aa930d92-0491-49eb-abb1-db8599b3f498,aa930d92-0491-49eb-abb1-db8599b3f498,49.2585,-123.2521,2,FALSE,FALSE,22800,2117,1783361838,2026-07-06T18:18:01Z,2026-07-06T18:18:01Z,2026-07-06T18:17:16Z,2.2,https://gbfs.kappa.fifteen.eu/gbfs/2.2/mobi/en/gbfs.json,https://gbfs.kappa.fifteen.eu/gbfs/2.2/mobi/en/free_bike_status.json,2026-07-06T18:18:00Z,2026-07-06T18:18:00Z
mobi_vancouver,mobi_vancouver_edb65bbb-8c79-41d4-82d3-2894ed929466,edb65bbb-8c79-41d4-82d3-2894ed929466,49.26213,-123.11989,1,FALSE,FALSE,22800,0121,1783361838,2026-07-06T18:18:01Z,2026-07-06T18:18:01Z,2026-07-06T18:17:16Z,2.2,https://gbfs.kappa.fifteen.eu/gbfs/2.2/mobi/en/gbfs.json,https://gbfs.kappa.fifteen.eu/gbfs/2.2/mobi/en/free_bike_status.json,2026-07-06T18:18:00Z,2026-07-06T18:18:00Z
mobi_vancouver,mobi_vancouver_ed6d71ce-8a0b-4fd7-ae87-2d20247d9f1f,ed6d71ce-8a0b-4fd7-ae87-2d20247d9f1f,49.2749,-123.12898,1,FALSE,FALSE,22800,0319,1783361838,2026-07-06T18:18:01Z,2026-07-06T18:18:01Z,2026-07-06T18:17:16Z,2.2,https://gbfs.kappa.fifteen.eu/gbfs/2.2/mobi/en/gbfs.json,https://gbfs.kappa.fifteen.eu/gbfs/2.2/mobi/en/free_bike_status.json,2026-07-06T18:18:00Z,2026-07-06T18:18:00Z
mobi_vancouver,mobi_vancouver_83fb5524-3c25-41af-8d70-6c3df385ce2d,83fb5524-3c25-41af-8d70-6c3df385ce2d,49.288682,-123.11818,1,FALSE,FALSE,23200,0201,1783361838,2026-07-06T18:18:01Z,2026-07-06T18:18:01Z,2026-07-06T18:17:16Z,2.2,https://gbfs.kappa.fifteen.eu/gbfs/2.2/mobi/en/gbfs.json,https://gbfs.kappa.fifteen.eu/gbfs/2.2/mobi/en/free_bike_status.json,2026-07-06T18:18:00Z,2026-07-06T18:18:00Z
mobi_vancouver,mobi_vancouver_4e998723-2b1c-41d7-9895-6c2bc0fb2070,4e998723-2b1c-41d7-9895-6c2bc0fb2070,49.282055,-123.133045,1,FALSE,FALSE,23200,0187,1783361838,2026-07-06T18:18:01Z,2026-07-06T18:18:01Z,2026-07-06T18:17:16Z,2.2,https://gbfs.kappa.fifteen.eu/gbfs/2.2/mobi/en/gbfs.json,https://gbfs.kappa.fifteen.eu/gbfs/2.2/mobi/en/free_bike_status.json,2026-07-06T18:18:00Z,2026-07-06T18:18:00Z
mobi_vancouver,mobi_vancouver_1a299ba4-9ae8-4f9a-b817-131df5256f3c,1a299ba4-9ae8-4f9a-b817-131df5256f3c,49.282214,-123.114101,1,FALSE,FALSE,23200,0012,1783361838,2026-07-06T18:18:01Z,2026-07-06T18:18:01Z,2026-07-06T18:17:16Z,2.2,https://gbfs.kappa.fifteen.eu/gbfs/2.2/mobi/en/gbfs.json,https://gbfs.kappa.fifteen.eu/gbfs/2.2/mobi/en/free_bike_status.json,2026-07-06T18:18:00Z,2026-07-06T18:18:00Z
mobi_vancouver,mobi_vancouver_e3dd7e1a-9026-482c-af79-e6f2ce141d10,e3dd7e1a-9026-482c-af79-e6f2ce141d10,49.28602,-123.116624,2,FALSE,FALSE,23200,0024,1783361838,2026-07-06T18:18:01Z,2026-07-06T18:18:01Z,2026-07-06T18:17:16Z,2.2,https://gbfs.kappa.fifteen.eu/gbfs/2.2/mobi/en/gbfs.json,https://gbfs.kappa.fifteen.eu/gbfs/2.2/mobi/en/free_bike_status.json,2026-07-06T18:18:00Z,2026-07-06T18:18:00Z
mobi_vancouver,mobi_vancouver_a802a7f4-3538-46fd-9f03-ee955b1ccefd,a802a7f4-3538-46fd-9f03-ee955b1ccefd,49.285871,-123.12105,1,FALSE,FALSE,23200,0002,1783361838,2026-07-06T18:18:01Z,2026-07-06T18:18:01Z,2026-07-06T18:17:16Z,2.2,https://gbfs.kappa.fifteen.eu/gbfs/2.2/mobi/en/gbfs.json,https://gbfs.kappa.fifteen.eu/gbfs/2.2/mobi/en/free_bike_status.json,2026-07-06T18:18:00Z,2026-07-06T18:18:00Z
mobi_vancouver,mobi_vancouver_2ce74efa-9194-41bf-a2d7-c0b7c9e9b8ed,2ce74efa-9194-41bf-a2d7-c0b7c9e9b8ed,49.260599,-123.113504,1,FALSE,FALSE,23200,0007,1783361838,2026-07-06T18:18:01Z,2026-07-06T18:18:01Z,2026-07-06T18:17:16Z,2.2,https://gbfs.kappa.fifteen.eu/gbfs/2.2/mobi/en/gbfs.json,https://gbfs.kappa.fifteen.eu/gbfs/2.2/mobi/en/free_bike_status.json,2026-07-06T18:18:00Z,2026-07-06T18:18:00Z
mobi_vancouver,mobi_vancouver_8087d9d6-5997-4725-a6fa-4238ff8fbcad,8087d9d6-5997-4725-a6fa-4238ff8fbcad,49.26893,-123.11813,1,FALSE,FALSE,23200,0010,1783361838,2026-07-06T18:18:01Z,2026-07-06T18:18:01Z,2026-07-06T18:17:16Z,2.2,https://gbfs.kappa.fifteen.eu/gbfs/2.2/mobi/en/gbfs.json,https://gbfs.kappa.fifteen.eu/gbfs/2.2/mobi/en/free_bike_status.json,2026-07-06T18:18:00Z,2026-07-06T18:18:00Z
mobi_vancouver,mobi_vancouver_24cc0ea8-be4e-46e8-a9b8-80968b5e19d3,24cc0ea8-be4e-46e8-a9b8-80968b5e19d3,49.288444,-123.139203,1,FALSE,FALSE,23200,0032,1783361838,2026-07-06T18:18:01Z,2026-07-06T18:18:01Z,2026-07-06T18:17:16Z,2.2,https://gbfs.kappa.fifteen.eu/gbfs/2.2/mobi/en/gbfs.json,https://gbfs.kappa.fifteen.eu/gbfs/2.2/mobi/en/free_bike_status.json,2026-07-06T18:18:00Z,2026-07-06T18:18:00Z
mobi_vancouver,mobi_vancouver_08f2ab95-a6f0-44df-907a-45b444afd4a9,08f2ab95-a6f0-44df-907a-45b444afd4a9,49.28972,-123.144028,1,FALSE,FALSE,23200,0047,1783361838,2026-07-06T18:18:01Z,2026-07-06T18:18:01Z,2026-07-06T18:17:16Z,2.2,https://gbfs.kappa.fifteen.eu/gbfs/2.2/mobi/en/gbfs.json,https://gbfs.kappa.fifteen.eu/gbfs/2.2/mobi/en/free_bike_status.json,2026-07-06T18:18:00Z,2026-07-06T18:18:00Z
mobi_vancouver,mobi_vancouver_b46e3c1b-1228-4747-a504-97af9adfc9c8,b46e3c1b-1228-4747-a504-97af9adfc9c8,49.27808,-123.130557,1,FALSE,FALSE,23200,0089,1783361838,2026-07-06T18:18:01Z,2026-07-06T18:18:01Z,2026-07-06T18:17:16Z,2.2,https://gbfs.kappa.fifteen.eu/gbfs/2.2/mobi/en/gbfs.json,https://gbfs.kappa.fifteen.eu/gbfs/2.2/mobi/en/free_bike_status.json,2026-07-06T18:18:00Z,2026-07-06T18:18:00Z
mobi_vancouver,mobi_vancouver_ca35bc76-db40-4ef8-a9bb-5315a73a42c2,ca35bc76-db40-4ef8-a9bb-5315a73a42c2,49.27808,-123.130557,1,FALSE,FALSE,23200,0089,1783361838,2026-07-06T18:18:01Z,2026-07-06T18:18:01Z,2026-07-06T18:17:16Z,2.2,https://gbfs.kappa.fifteen.eu/gbfs/2.2/mobi/en/gbfs.json,https://gbfs.kappa.fifteen.eu/gbfs/2.2/mobi/en/free_bike_status.json,2026-07-06T18:18:00Z,2026-07-06T18:18:00Z
mobi_vancouver,mobi_vancouver_3c1a1156-45e9-46e7-b828-968baa3b5a24,3c1a1156-45e9-46e7-b828-968baa3b5a24,49.279739,-123.116251,1,FALSE,FALSE,23200,0025,1783361838,2026-07-06T18:18:01Z,2026-07-06T18:18:01Z,2026-07-06T18:17:16Z,2.2,https://gbfs.kappa.fifteen.eu/gbfs/2.2/mobi/en/gbfs.json,https://gbfs.kappa.fifteen.eu/gbfs/2.2/mobi/en/free_bike_status.json,2026-07-06T18:18:00Z,2026-07-06T18:18:00Z
mobi_vancouver,mobi_vancouver_1f85bef9-2bec-42e0-a1df-2a30fa6b8f68,1f85bef9-2bec-42e0-a1df-2a30fa6b8f68,49.279739,-123.116251,1,FALSE,FALSE,23200,0025,1783361838,2026-07-06T18:18:01Z,2026-07-06T18:18:01Z,2026-07-06T18:17:16Z,2.2,https://gbfs.kappa.fifteen.eu/gbfs/2.2/mobi/en/gbfs.json,https://gbfs.kappa.fifteen.eu/gbfs/2.2/mobi/en/free_bike_status.json,2026-07-06T18:18:00Z,2026-07-06T18:18:00Z
mobi_vancouver,mobi_vancouver_d4f91785-f348-4354-96e4-d1eb83c324b8,d4f91785-f348-4354-96e4-d1eb83c324b8,49.273833,-123.114373,1,FALSE,FALSE,23200,0057,1783361838,2026-07-06T18:18:01Z,2026-07-06T18:18:01Z,2026-07-06T18:17:16Z,2.2,https://gbfs.kappa.fifteen.eu/gbfs/2.2/mobi/en/gbfs.json,https://gbfs.kappa.fifteen.eu/gbfs/2.2/mobi/en/free_bike_status.json,2026-07-06T18:18:00Z,2026-07-06T18:18:00Z
mobi_vancouver,mobi_vancouver_cced7c0f-f4b0-44a3-af2a-17ca0f9afc8e,cced7c0f-f4b0-44a3-af2a-17ca0f9afc8e,49.273833,-123.114373,1,FALSE,FALSE,23200,0057,1783361838,2026-07-06T18:18:01Z,2026-07-06T18:18:01Z,2026-07-06T18:17:16Z,2.2,https://gbfs.kappa.fifteen.eu/gbfs/2.2/mobi/en/gbfs.json,https://gbfs.kappa.fifteen.eu/gbfs/2.2/mobi/en/free_bike_status.json,2026-07-06T18:18:00Z,2026-07-06T18:18:00Z
mobi_vancouver,mobi_vancouver_9b1d7b83-cfce-41e5-9a0e-6a51cb944831,9b1d7b83-cfce-41e5-9a0e-6a51cb944831,49.279821,-123.10802,1,FALSE,FALSE,23200,0053,1783361838,2026-07-06T18:18:01Z,2026-07-06T18:18:01Z,2026-07-06T18:17:16Z,2.2,https://gbfs.kappa.fifteen.eu/gbfs/2.2/mobi/en/gbfs.json,https://gbfs.kappa.fifteen.eu/gbfs/2.2/mobi/en/free_bike_status.json,2026-07-06T18:18:00Z,2026-07-06T18:18:00Z
mobi_vancouver,mobi_vancouver_9fa43bbc-50f0-4bb6-bdbb-ab1d7aadc2ff,9fa43bbc-50f0-4bb6-bdbb-ab1d7aadc2ff,49.275717,-123.142564,1,FALSE,FALSE,23200,0077,1783361838,2026-07-06T18:18:01Z,2026-07-06T18:18:01Z,2026-07-06T18:17:16Z,2.2,https://gbfs.kappa.fifteen.eu/gbfs/2.2/mobi/en/gbfs.json,https://gbfs.kappa.fifteen.eu/gbfs/2.2/mobi/en/free_bike_status.json,2026-07-06T18:18:00Z,2026-07-06T18:18:00Z
mobi_vancouver,mobi_vancouver_dd200d59-8948-4b49-a531-8a58c21283d7,dd200d59-8948-4b49-a531-8a58c21283d7,49.272827,-123.147744,1,FALSE,FALSE,23200,0065,1783361838,2026-07-06T18:18:01Z,2026-07-06T18:18:01Z,2026-07-06T18:17:16Z,2.2,https://gbfs.kappa.fifteen.eu/gbfs/2.2/mobi/en/gbfs.json,https://gbfs.kappa.fifteen.eu/gbfs/2.2/mobi/en/free_bike_status.json,2026-07-06T18:18:00Z,2026-07-06T18:18:00Z
mobi_vancouver,mobi_vancouver_bc9e686d-064b-4037-a13e-da5e58f4db70,bc9e686d-064b-4037-a13e-da5e58f4db70,49.272827,-123.147744,1,FALSE,FALSE,23200,0065,1783361838,2026-07-06T18:18:01Z,2026-07-06T18:18:01Z,2026-07-06T18:17:16Z,2.2,https://gbfs.kappa.fifteen.eu/gbfs/2.2/mobi/en/gbfs.json,https://gbfs.kappa.fifteen.eu/gbfs/2.2/mobi/en/free_bike_status.json,2026-07-06T18:18:00Z,2026-07-06T18:18:00Z
mobi_vancouver,mobi_vancouver_4ebf95cd-800d-40ac-bec0-e27ae64af718,4ebf95cd-800d-40ac-bec0-e27ae64af718,49.293257,-123.138563,1,FALSE,FALSE,23200,0093,1783361838,2026-07-06T18:18:01Z,2026-07-06T18:18:01Z,2026-07-06T18:17:16Z,2.2,https://gbfs.kappa.fifteen.eu/gbfs/2.2/mobi/en/gbfs.json,https://gbfs.kappa.fifteen.eu/gbfs/2.2/mobi/en/free_bike_status.json,2026-07-06T18:18:00Z,2026-07-06T18:18:00Z
mobi_vancouver,mobi_vancouver_01929523-bfb7-48f3-913c-2148993bcfda,01929523-bfb7-48f3-913c-2148993bcfda,49.2756,-123.102661,1,FALSE,FALSE,23200,0148,1783361838,2026-07-06T18:18:01Z,2026-07-06T18:18:01Z,2026-07-06T18:17:16Z,2.2,https://gbfs.kappa.fifteen.eu/gbfs/2.2/mobi/en/gbfs.json,https://gbfs.kappa.fifteen.eu/gbfs/2.2/mobi/en/free_bike_status.json,2026-07-06T18:18:00Z,2026-07-06T18:18:00Z
mobi_vancouver,mobi_vancouver_e0439a17-eb33-4225-9349-2745c4ca7663,e0439a17-eb33-4225-9349-2745c4ca7663,49.287097,-123.118551,1,FALSE,FALSE,23200,0016,1783361838,2026-07-06T18:18:01Z,2026-07-06T18:18:01Z,2026-07-06T18:17:16Z,2.2,https://gbfs.kappa.fifteen.eu/gbfs/2.2/mobi/en/gbfs.json,https://gbfs.kappa.fifteen.eu/gbfs/2.2/mobi/en/free_bike_status.json,2026-07-06T18:18:00Z,2026-07-06T18:18:00Z
mobi_vancouver,mobi_vancouver_aeb09f36-0780-4ff6-a79f-39580c58330d,aeb09f36-0780-4ff6-a79f-39580c58330d,49.287097,-123.118551,1,FALSE,FALSE,23200,0016,1783361838,2026-07-06T18:18:01Z,2026-07-06T18:18:01Z,2026-07-06T18:17:16Z,2.2,https://gbfs.kappa.fifteen.eu/gbfs/2.2/mobi/en/gbfs.json,https://gbfs.kappa.fifteen.eu/gbfs/2.2/mobi/en/free_bike_status.json,2026-07-06T18:18:00Z,2026-07-06T18:18:00Z
mobi_vancouver,mobi_vancouver_c9e7bca8-5f4a-4c2c-81fd-9d76cd8f4716,c9e7bca8-5f4a-4c2c-81fd-9d76cd8f4716,49.273568,-123.129935,1,FALSE,FALSE,23200,0137,1783361838,2026-07-06T18:18:01Z,2026-07-06T18:18:01Z,2026-07-06T18:17:16Z,2.2,https://gbfs.kappa.fifteen.eu/gbfs/2.2/mobi/en/gbfs.json,https://gbfs.kappa.fifteen.eu/gbfs/2.2/mobi/en/free_bike_status.json,2026-07-06T18:18:00Z,2026-07-06T18:18:00Z
mobi_vancouver,mobi_vancouver_55068640-aa3e-4759-b9ba-63c528d857b0,55068640-aa3e-4759-b9ba-63c528d857b0,49.273568,-123.129935,1,FALSE,FALSE,23200,0137,1783361838,2026-07-06T18:18:01Z,2026-07-06T18:18:01Z,2026-07-06T18:17:16Z,2.2,https://gbfs.kappa.fifteen.eu/gbfs/2.2/mobi/en/gbfs.json,https://gbfs.kappa.fifteen.eu/gbfs/2.2/mobi/en/free_bike_status.json,2026-07-06T18:18:00Z,2026-07-06T18:18:00Z
mobi_vancouver,mobi_vancouver_5c2c90d6-39c4-444a-a740-5c82f1f6e7d6,5c2c90d6-39c4-444a-a740-5c82f1f6e7d6,49.273471,-123.118016,1,FALSE,FALSE,23200,0017,1783361838,2026-07-06T18:18:01Z,2026-07-06T18:18:01Z,2026-07-06T18:17:16Z,2.2,https://gbfs.kappa.fifteen.eu/gbfs/2.2/mobi/en/gbfs.json,https://gbfs.kappa.fifteen.eu/gbfs/2.2/mobi/en/free_bike_status.json,2026-07-06T18:18:00Z,2026-07-06T18:18:00Z
mobi_vancouver,mobi_vancouver_8b760d15-e6db-4ec7-b7fe-8a36e91e298b,8b760d15-e6db-4ec7-b7fe-8a36e91e298b,49.277141,-123.122589,1,FALSE,FALSE,23200,0138,1783361838,2026-07-06T18:18:01Z,2026-07-06T18:18:01Z,2026-07-06T18:17:16Z,2.2,https://gbfs.kappa.fifteen.eu/gbfs/2.2/mobi/en/gbfs.json,https://gbfs.kappa.fifteen.eu/gbfs/2.2/mobi/en/free_bike_status.json,2026-07-06T18:18:00Z,2026-07-06T18:18:00Z
mobi_vancouver,mobi_vancouver_0aad8f45-1f2d-40cf-b731-a3ddf4218dba,0aad8f45-1f2d-40cf-b731-a3ddf4218dba,49.284157,-123.099917,1,FALSE,FALSE,23200,0150,1783361838,2026-07-06T18:18:01Z,2026-07-06T18:18:01Z,2026-07-06T18:17:16Z,2.2,https://gbfs.kappa.fifteen.eu/gbfs/2.2/mobi/en/gbfs.json,https://gbfs.kappa.fifteen.eu/gbfs/2.2/mobi/en/free_bike_status.json,2026-07-06T18:18:00Z,2026-07-06T18:18:00Z
mobi_vancouver,mobi_vancouver_f97b8a23-2087-4261-8dd3-cdf4c91562d2,f97b8a23-2087-4261-8dd3-cdf4c91562d2,49.265939,-123.1129,1,FALSE,FALSE,23200,0171,1783361838,2026-07-06T18:18:01Z,2026-07-06T18:18:01Z,2026-07-06T18:17:16Z,2.2,https://gbfs.kappa.fifteen.eu/gbfs/2.2/mobi/en/gbfs.json,https://gbfs.kappa.fifteen.eu/gbfs/2.2/mobi/en/free_bike_status.json,2026-07-06T18:18:00Z,2026-07-06T18:18:00Z
mobi_vancouver,mobi_vancouver_0c2a47b3-f5f2-4662-bbfd-a76e67f0f4ac,0c2a47b3-f5f2-4662-bbfd-a76e67f0f4ac,49.276292,-123.150592,1,FALSE,FALSE,23200,0155,1783361838,2026-07-06T18:18:01Z,2026-07-06T18:18:01Z,2026-07-06T18:17:16Z,2.2,https://gbfs.kappa.fifteen.eu/gbfs/2.2/mobi/en/gbfs.json,https://gbfs.kappa.fifteen.eu/gbfs/2.2/mobi/en/free_bike_status.json,2026-07-06T18:18:00Z,2026-07-06T18:18:00Z
mobi_vancouver,mobi_vancouver_4ee73c1f-a575-4478-b1e9-fe05586f198b,4ee73c1f-a575-4478-b1e9-fe05586f198b,49.276292,-123.150592,1,FALSE,FALSE,23200,0155,1783361838,2026-07-06T18:18:01Z,2026-07-06T18:18:01Z,2026-07-06T18:17:16Z,2.2,https://gbfs.kappa.fifteen.eu/gbfs/2.2/mobi/en/gbfs.json,https://gbfs.kappa.fifteen.eu/gbfs/2.2/mobi/en/free_bike_status.json,2026-07-06T18:18:00Z,2026-07-06T18:18:00Z
mobi_vancouver,mobi_vancouver_382bf29c-cef2-413c-97ed-36b6c6bc77d0,382bf29c-cef2-413c-97ed-36b6c6bc77d0,49.281506,-123.120101,1,FALSE,FALSE,23200,0063,1783361838,2026-07-06T18:18:01Z,2026-07-06T18:18:01Z,2026-07-06T18:17:16Z,2.2,https://gbfs.kappa.fifteen.eu/gbfs/2.2/mobi/en/gbfs.json,https://gbfs.kappa.fifteen.eu/gbfs/2.2/mobi/en/free_bike_status.json,2026-07-06T18:18:00Z,2026-07-06T18:18:00Z
mobi_vancouver,mobi_vancouver_5be4387d-19f2-44b7-9fbb-4e271ca937a4,5be4387d-19f2-44b7-9fbb-4e271ca937a4,49.282758,-123.122092,1,FALSE,FALSE,23200,0019,1783361838,2026-07-06T18:18:01Z,2026-07-06T18:18:01Z,2026-07-06T18:17:16Z,2.2,https://gbfs.kappa.fifteen.eu/gbfs/2.2/mobi/en/gbfs.json,https://gbfs.kappa.fifteen.eu/gbfs/2.2/mobi/en/free_bike_status.json,2026-07-06T18:18:00Z,2026-07-06T18:18:00Z
mobi_vancouver,mobi_vancouver_63587d3c-3249-4a6c-95ec-647e3e0e5aec,63587d3c-3249-4a6c-95ec-647e3e0e5aec,49.274566,-123.121817,1,FALSE,FALSE,23200,0004,1783361838,2026-07-06T18:18:01Z,2026-07-06T18:18:01Z,2026-07-06T18:17:16Z,2.2,https://gbfs.kappa.fifteen.eu/gbfs/2.2/mobi/en/gbfs.json,https://gbfs.kappa.fifteen.eu/gbfs/2.2/mobi/en/free_bike_status.json,2026-07-06T18:18:00Z,2026-07-06T18:18:00Z
mobi_vancouver,mobi_vancouver_5759a8f4-ce94-44ad-8aac-c578c5aad3df,5759a8f4-ce94-44ad-8aac-c578c5aad3df,49.259183,-123.120126,1,FALSE,FALSE,23200,0106,1783361838,2026-07-06T18:18:01Z,2026-07-06T18:18:01Z,2026-07-06T18:17:16Z,2.2,https://gbfs.kappa.fifteen.eu/gbfs/2.2/mobi/en/gbfs.json,https://gbfs.kappa.fifteen.eu/gbfs/2.2/mobi/en/free_bike_status.json,2026-07-06T18:18:00Z,2026-07-06T18:18:00Z
mobi_vancouver,mobi_vancouver_5eb69c53-9376-42fb-a9da-e4f60f34a193,5eb69c53-9376-42fb-a9da-e4f60f34a193,49.268216,-123.103168,1,FALSE,FALSE,23200,0119,1783361838,2026-07-06T18:18:01Z,2026-07-06T18:18:01Z,2026-07-06T18:17:16Z,2.2,https://gbfs.kappa.fifteen.eu/gbfs/2.2/mobi/en/gbfs.json,https://gbfs.kappa.fifteen.eu/gbfs/2.2/mobi/en/free_bike_status.json,2026-07-06T18:18:00Z,2026-07-06T18:18:00Z
mobi_vancouver,mobi_vancouver_52c70db5-37db-475c-9f6f-576100c03d96,52c70db5-37db-475c-9f6f-576100c03d96,49.281301,-123.139108,1,FALSE,FALSE,23200,0084,1783361838,2026-07-06T18:18:01Z,2026-07-06T18:18:01Z,2026-07-06T18:17:16Z,2.2,https://gbfs.kappa.fifteen.eu/gbfs/2.2/mobi/en/gbfs.json,https://gbfs.kappa.fifteen.eu/gbfs/2.2/mobi/en/free_bike_status.json,2026-07-06T18:18:00Z,2026-07-06T18:18:00Z
mobi_vancouver,mobi_vancouver_013fbf8e-02b4-4f36-a23c-7981a72b0847,013fbf8e-02b4-4f36-a23c-7981a72b0847,49.29534,-123.150433,1,FALSE,FALSE,23200,0102,1783361838,2026-07-06T18:18:01Z,2026-07-06T18:18:01Z,2026-07-06T18:17:16Z,2.2,https://gbfs.kappa.fifteen.eu/gbfs/2.2/mobi/en/gbfs.json,https://gbfs.kappa.fifteen.eu/gbfs/2.2/mobi/en/free_bike_status.json,2026-07-06T18:18:00Z,2026-07-06T18:18:00Z
mobi_vancouver,mobi_vancouver_dca42aff-e84a-4020-a66e-a61e66d3b57c,dca42aff-e84a-4020-a66e-a61e66d3b57c,49.298657,-123.121176,1,FALSE,FALSE,23200,0105,1783361838,2026-07-06T18:18:01Z,2026-07-06T18:18:01Z,2026-07-06T18:17:16Z,2.2,https://gbfs.kappa.fifteen.eu/gbfs/2.2/mobi/en/gbfs.json,https://gbfs.kappa.fifteen.eu/gbfs/2.2/mobi/en/free_bike_status.json,2026-07-06T18:18:00Z,2026-07-06T18:18:00Z
mobi_vancouver,mobi_vancouver_3f2a1df5-6b1c-435b-bf51-a37a27310803,3f2a1df5-6b1c-435b-bf51-a37a27310803,49.266456,-123.100324,1,FALSE,FALSE,23200,0198,1783361838,2026-07-06T18:18:01Z,2026-07-06T18:18:01Z,2026-07-06T18:17:16Z,2.2,https://gbfs.kappa.fifteen.eu/gbfs/2.2/mobi/en/gbfs.json,https://gbfs.kappa.fifteen.eu/gbfs/2.2/mobi/en/free_bike_status.json,2026-07-06T18:18:00Z,2026-07-06T18:18:00Z
mobi_vancouver,mobi_vancouver_d9a80a3f-071f-410f-b351-d0f30f807b4e,d9a80a3f-071f-410f-b351-d0f30f807b4e,49.266774,-123.141135,1,FALSE,FALSE,23200,0153,1783361838,2026-07-06T18:18:01Z,2026-07-06T18:18:01Z,2026-07-06T18:17:16Z,2.2,https://gbfs.kappa.fifteen.eu/gbfs/2.2/mobi/en/gbfs.json,https://gbfs.kappa.fifteen.eu/gbfs/2.2/mobi/en/free_bike_status.json,2026-07-06T18:18:00Z,2026-07-06T18:18:00Z
mobi_vancouver,mobi_vancouver_a34948ba-5f2c-4aeb-8715-55e01d6ccdbd,a34948ba-5f2c-4aeb-8715-55e01d6ccdbd,49.266774,-123.141135,1,FALSE,FALSE,23200,0153,1783361838,2026-07-06T18:18:01Z,2026-07-06T18:18:01Z,2026-07-06T18:17:16Z,2.2,https://gbfs.kappa.fifteen.eu/gbfs/2.2/mobi/en/gbfs.json,https://gbfs.kappa.fifteen.eu/gbfs/2.2/mobi/en/free_bike_status.json,2026-07-06T18:18:00Z,2026-07-06T18:18:00Z
mobi_vancouver,mobi_vancouver_769115aa-f3be-42ed-b4e0-38f389f5b3cb,769115aa-f3be-42ed-b4e0-38f389f5b3cb,49.278529,-123.100017,1,FALSE,FALSE,23200,0199,1783361838,2026-07-06T18:18:01Z,2026-07-06T18:18:01Z,2026-07-06T18:17:16Z,2.2,https://gbfs.kappa.fifteen.eu/gbfs/2.2/mobi/en/gbfs.json,https://gbfs.kappa.fifteen.eu/gbfs/2.2/mobi/en/free_bike_status.json,2026-07-06T18:18:00Z,2026-07-06T18:18:00Z
mobi_vancouver,mobi_vancouver_267c5b2b-940d-460c-8df4-71c02323e4cd,267c5b2b-940d-460c-8df4-71c02323e4cd,49.283227,-123.120523,1,FALSE,FALSE,23200,0099,1783361838,2026-07-06T18:18:01Z,2026-07-06T18:18:01Z,2026-07-06T18:17:16Z,2.2,https://gbfs.kappa.fifteen.eu/gbfs/2.2/mobi/en/gbfs.json,https://gbfs.kappa.fifteen.eu/gbfs/2.2/mobi/en/free_bike_status.json,2026-07-06T18:18:00Z,2026-07-06T18:18:00Z
mobi_vancouver,mobi_vancouver_88efc8ff-9532-4795-8513-170b45596e1a,88efc8ff-9532-4795-8513-170b45596e1a,49.26151,-123.089413,1,FALSE,FALSE,23200,0260,1783361838,2026-07-06T18:18:01Z,2026-07-06T18:18:01Z,2026-07-06T18:17:16Z,2.2,https://gbfs.kappa.fifteen.eu/gbfs/2.2/mobi/en/gbfs.json,https://gbfs.kappa.fifteen.eu/gbfs/2.2/mobi/en/free_bike_status.json,2026-07-06T18:18:00Z,2026-07-06T18:18:00Z
mobi_vancouver,mobi_vancouver_6db913b6-26e8-40c8-b2f6-3839931fca0b,6db913b6-26e8-40c8-b2f6-3839931fca0b,49.261403,-123.070102,1,FALSE,FALSE,23200,0244,1783361838,2026-07-06T18:18:01Z,2026-07-06T18:18:01Z,2026-07-06T18:17:16Z,2.2,https://gbfs.kappa.fifteen.eu/gbfs/2.2/mobi/en/gbfs.json,https://gbfs.kappa.fifteen.eu/gbfs/2.2/mobi/en/free_bike_status.json,2026-07-06T18:18:00Z,2026-07-06T18:18:00Z
mobi_vancouver,mobi_vancouver_04871240-250e-47ae-b848-c237bac13335,04871240-250e-47ae-b848-c237bac13335,49.266969,-123.069936,1,FALSE,FALSE,23200,0241,1783361838,2026-07-06T18:18:01Z,2026-07-06T18:18:01Z,2026-07-06T18:17:16Z,2.2,https://gbfs.kappa.fifteen.eu/gbfs/2.2/mobi/en/gbfs.json,https://gbfs.kappa.fifteen.eu/gbfs/2.2/mobi/en/free_bike_status.json,2026-07-06T18:18:00Z,2026-07-06T18:18:00Z
mobi_vancouver,mobi_vancouver_a80c9ba3-a100-4b96-b891-c036fd6ffa0a,a80c9ba3-a100-4b96-b891-c036fd6ffa0a,49.279369,-123.091241,1,FALSE,FALSE,23200,0229,1783361838,2026-07-06T18:18:01Z,2026-07-06T18:18:01Z,2026-07-06T18:17:16Z,2.2,https://gbfs.kappa.fifteen.eu/gbfs/2.2/mobi/en/gbfs.json,https://gbfs.kappa.fifteen.eu/gbfs/2.2/mobi/en/free_bike_status.json,2026-07-06T18:18:00Z,2026-07-06T18:18:00Z
mobi_vancouver,mobi_vancouver_6ffeeb9b-c641-4025-8517-06e021747ca4,6ffeeb9b-c641-4025-8517-06e021747ca4,49.263382,-123.088837,1,FALSE,FALSE,23200,0261,1783361838,2026-07-06T18:18:01Z,2026-07-06T18:18:01Z,2026-07-06T18:17:16Z,2.2,https://gbfs.kappa.fifteen.eu/gbfs/2.2/mobi/en/gbfs.json,https://gbfs.kappa.fifteen.eu/gbfs/2.2/mobi/en/free_bike_status.json,2026-07-06T18:18:00Z,2026-07-06T18:18:00Z
mobi_vancouver,mobi_vancouver_cb52a5d7-f027-4c73-a5cd-62fb44603c6c,cb52a5d7-f027-4c73-a5cd-62fb44603c6c,49.28567,-123.112543,1,FALSE,FALSE,23200,0021,1783361838,2026-07-06T18:18:01Z,2026-07-06T18:18:01Z,2026-07-06T18:17:16Z,2.2,https://gbfs.kappa.fifteen.eu/gbfs/2.2/mobi/en/gbfs.json,https://gbfs.kappa.fifteen.eu/gbfs/2.2/mobi/en/free_bike_status.json,2026-07-06T18:18:00Z,2026-07-06T18:18:00Z
mobi_vancouver,mobi_vancouver_e7cfbd81-45e6-4df3-8d01-b4a8926c6921,e7cfbd81-45e6-4df3-8d01-b4a8926c6921,49.264466,-123.085183,1,FALSE,FALSE,23200,0266,1783361838,2026-07-06T18:18:01Z,2026-07-06T18:18:01Z,2026-07-06T18:17:16Z,2.2,https://gbfs.kappa.fifteen.eu/gbfs/2.2/mobi/en/gbfs.json,https://gbfs.kappa.fifteen.eu/gbfs/2.2/mobi/en/free_bike_status.json,2026-07-06T18:18:00Z,2026-07-06T18:18:00Z
mobi_vancouver,mobi_vancouver_05f747e9-dd40-45fd-8d51-8c6262fe822f,05f747e9-dd40-45fd-8d51-8c6262fe822f,49.264466,-123.085183,1,FALSE,FALSE,23200,0266,1783361838,2026-07-06T18:18:01Z,2026-07-06T18:18:01Z,2026-07-06T18:17:16Z,2.2,https://gbfs.kappa.fifteen.eu/gbfs/2.2/mobi/en/gbfs.json,https://gbfs.kappa.fifteen.eu/gbfs/2.2/mobi/en/free_bike_status.json,2026-07-06T18:18:00Z,2026-07-06T18:18:00Z
mobi_vancouver,mobi_vancouver_915ef529-c519-423f-aabf-8a6b0b0e07c5,915ef529-c519-423f-aabf-8a6b0b0e07c5,49.280284,-123.097052,1,FALSE,FALSE,23200,0213,1783361838,2026-07-06T18:18:01Z,2026-07-06T18:18:01Z,2026-07-06T18:17:16Z,2.2,https://gbfs.kappa.fifteen.eu/gbfs/2.2/mobi/en/gbfs.json,https://gbfs.kappa.fifteen.eu/gbfs/2.2/mobi/en/free_bike_status.json,2026-07-06T18:18:00Z,2026-07-06T18:18:00Z
mobi_vancouver,mobi_vancouver_95027d5a-0009-4cf3-ada4-6a6e78559364,95027d5a-0009-4cf3-ada4-6a6e78559364,49.280332,-123.070068,1,FALSE,FALSE,23200,0224,1783361838,2026-07-06T18:18:01Z,2026-07-06T18:18:01Z,2026-07-06T18:17:16Z,2.2,https://gbfs.kappa.fifteen.eu/gbfs/2.2/mobi/en/gbfs.json,https://gbfs.kappa.fifteen.eu/gbfs/2.2/mobi/en/free_bike_status.json,2026-07-06T18:18:00Z,2026-07-06T18:18:00Z
mobi_vancouver,mobi_vancouver_fa820d9a-7bc1-4564-966a-1d8c0990c1a5,fa820d9a-7bc1-4564-966a-1d8c0990c1a5,49.283986,-123.065264,1,FALSE,FALSE,23200,0280,1783361838,2026-07-06T18:18:01Z,2026-07-06T18:18:01Z,2026-07-06T18:17:16Z,2.2,https://gbfs.kappa.fifteen.eu/gbfs/2.2/mobi/en/gbfs.json,https://gbfs.kappa.fifteen.eu/gbfs/2.2/mobi/en/free_bike_status.json,2026-07-06T18:18:00Z,2026-07-06T18:18:00Z
mobi_vancouver,mobi_vancouver_a20b9700-9aba-469a-b7c2-b2f9783affb4,a20b9700-9aba-469a-b7c2-b2f9783affb4,49.283236,-123.070443,1,FALSE,FALSE,23200,0285,1783361838,2026-07-06T18:18:01Z,2026-07-06T18:18:01Z,2026-07-06T18:17:16Z,2.2,https://gbfs.kappa.fifteen.eu/gbfs/2.2/mobi/en/gbfs.json,https://gbfs.kappa.fifteen.eu/gbfs/2.2/mobi/en/free_bike_status.json,2026-07-06T18:18:00Z,2026-07-06T18:18:00Z
mobi_vancouver,mobi_vancouver_05f49391-c6cf-4b64-8a82-026515c49a8d,05f49391-c6cf-4b64-8a82-026515c49a8d,49.27033,-123.10275,1,FALSE,FALSE,23200,0177,1783361838,2026-07-06T18:18:01Z,2026-07-06T18:18:01Z,2026-07-06T18:17:16Z,2.2,https://gbfs.kappa.fifteen.eu/gbfs/2.2/mobi/en/gbfs.json,https://gbfs.kappa.fifteen.eu/gbfs/2.2/mobi/en/free_bike_status.json,2026-07-06T18:18:00Z,2026-07-06T18:18:00Z
mobi_vancouver,mobi_vancouver_b89fa200-608e-4865-8636-0e0ecd5ed475,b89fa200-608e-4865-8636-0e0ecd5ed475,49.258902,-123.109596,1,FALSE,FALSE,23200,0180,1783361838,2026-07-06T18:18:01Z,2026-07-06T18:18:01Z,2026-07-06T18:17:16Z,2.2,https://gbfs.kappa.fifteen.eu/gbfs/2.2/mobi/en/gbfs.json,https://gbfs.kappa.fifteen.eu/gbfs/2.2/mobi/en/free_bike_status.json,2026-07-06T18:18:00Z,2026-07-06T18:18:00Z
mobi_vancouver,mobi_vancouver_82a39fa4-e9bc-4bc5-8459-10a7f8043d52,82a39fa4-e9bc-4bc5-8459-10a7f8043d52,49.302577,-123.155616,1,FALSE,FALSE,23200,0103,1783361838,2026-07-06T18:18:01Z,2026-07-06T18:18:01Z,2026-07-06T18:17:16Z,2.2,https://gbfs.kappa.fifteen.eu/gbfs/2.2/mobi/en/gbfs.json,https://gbfs.kappa.fifteen.eu/gbfs/2.2/mobi/en/free_bike_status.json,2026-07-06T18:18:00Z,2026-07-06T18:18:00Z
mobi_vancouver,mobi_vancouver_0819e6ec-38e1-4ac9-b9ee-e075004d84f2,0819e6ec-38e1-4ac9-b9ee-e075004d84f2,49.277615,-123.091654,1,FALSE,FALSE,23200,0215,1783361838,2026-07-06T18:18:01Z,2026-07-06T18:18:01Z,2026-07-06T18:17:16Z,2.2,https://gbfs.kappa.fifteen.eu/gbfs/2.2/mobi/en/gbfs.json,https://gbfs.kappa.fifteen.eu/gbfs/2.2/mobi/en/free_bike_status.json,2026-07-06T18:18:00Z,2026-07-06T18:18:00Z
mobi_vancouver,mobi_vancouver_84bad223-35ce-4103-8ebe-2dfc5df16d66,84bad223-35ce-4103-8ebe-2dfc5df16d66,49.263962,-123.112621,1,FALSE,FALSE,23200,0170,1783361838,2026-07-06T18:18:01Z,2026-07-06T18:18:01Z,2026-07-06T18:17:16Z,2.2,https://gbfs.kappa.fifteen.eu/gbfs/2.2/mobi/en/gbfs.json,https://gbfs.kappa.fifteen.eu/gbfs/2.2/mobi/en/free_bike_status.json,2026-07-06T18:18:00Z,2026-07-06T18:18:00Z
mobi_vancouver,mobi_vancouver_a5b92a69-11e9-447f-8420-0e0f7b09984e,a5b92a69-11e9-447f-8420-0e0f7b09984e,49.263962,-123.112621,1,FALSE,FALSE,23200,0170,1783361838,2026-07-06T18:18:01Z,2026-07-06T18:18:01Z,2026-07-06T18:17:16Z,2.2,https://gbfs.kappa.fifteen.eu/gbfs/2.2/mobi/en/gbfs.json,https://gbfs.kappa.fifteen.eu/gbfs/2.2/mobi/en/free_bike_status.json,2026-07-06T18:18:00Z,2026-07-06T18:18:00Z
mobi_vancouver,mobi_vancouver_e002b596-0744-4aed-a152-d2e6e59ddf1b,e002b596-0744-4aed-a152-d2e6e59ddf1b,49.263962,-123.112621,1,FALSE,FALSE,23200,0170,1783361838,2026-07-06T18:18:01Z,2026-07-06T18:18:01Z,2026-07-06T18:17:16Z,2.2,https://gbfs.kappa.fifteen.eu/gbfs/2.2/mobi/en/gbfs.json,https://gbfs.kappa.fifteen.eu/gbfs/2.2/mobi/en/free_bike_status.json,2026-07-06T18:18:00Z,2026-07-06T18:18:00Z
mobi_vancouver,mobi_vancouver_15cf2ea1-18ef-40e0-9fb2-0f9074d226f1,15cf2ea1-18ef-40e0-9fb2-0f9074d226f1,49.284554,-123.111031,1,FALSE,FALSE,23200,0124,1783361838,2026-07-06T18:18:01Z,2026-07-06T18:18:01Z,2026-07-06T18:17:16Z,2.2,https://gbfs.kappa.fifteen.eu/gbfs/2.2/mobi/en/gbfs.json,https://gbfs.kappa.fifteen.eu/gbfs/2.2/mobi/en/free_bike_status.json,2026-07-06T18:18:00Z,2026-07-06T18:18:00Z
mobi_vancouver,mobi_vancouver_26d8c2d7-647f-4d95-8d5a-2974a8cfd8c2,26d8c2d7-647f-4d95-8d5a-2974a8cfd8c2,49.284554,-123.111031,1,FALSE,FALSE,23200,0124,1783361838,2026-07-06T18:18:01Z,2026-07-06T18:18:01Z,2026-07-06T18:17:16Z,2.2,https://gbfs.kappa.fifteen.eu/gbfs/2.2/mobi/en/gbfs.json,https://gbfs.kappa.fifteen.eu/gbfs/2.2/mobi/en/free_bike_status.json,2026-07-06T18:18:00Z,2026-07-06T18:18:00Z
mobi_vancouver,mobi_vancouver_7df02e37-728a-4f70-a6c6-4da9463b893c,7df02e37-728a-4f70-a6c6-4da9463b893c,49.271471,-123.17731,1,FALSE,FALSE,23200,0440,1783361838,2026-07-06T18:18:01Z,2026-07-06T18:18:01Z,2026-07-06T18:17:16Z,2.2,https://gbfs.kappa.fifteen.eu/gbfs/2.2/mobi/en/gbfs.json,https://gbfs.kappa.fifteen.eu/gbfs/2.2/mobi/en/free_bike_status.json,2026-07-06T18:18:00Z,2026-07-06T18:18:00Z
mobi_vancouver,mobi_vancouver_43580ab5-18ee-498e-b183-196b9f4756aa,43580ab5-18ee-498e-b183-196b9f4756aa,49.272969,-123.164325,1,FALSE,FALSE,23200,0460,1783361838,2026-07-06T18:18:01Z,2026-07-06T18:18:01Z,2026-07-06T18:17:16Z,2.2,https://gbfs.kappa.fifteen.eu/gbfs/2.2/mobi/en/gbfs.json,https://gbfs.kappa.fifteen.eu/gbfs/2.2/mobi/en/free_bike_status.json,2026-07-06T18:18:00Z,2026-07-06T18:18:00Z
mobi_vancouver,mobi_vancouver_366b7a7f-891b-4008-a04e-069ffe9f22fd,366b7a7f-891b-4008-a04e-069ffe9f22fd,49.264928,-123.168068,1,FALSE,FALSE,23200,0452,1783361838,2026-07-06T18:18:01Z,2026-07-06T18:18:01Z,2026-07-06T18:17:16Z,2.2,https://gbfs.kappa.fifteen.eu/gbfs/2.2/mobi/en/gbfs.json,https://gbfs.kappa.fifteen.eu/gbfs/2.2/mobi/en/free_bike_status.json,2026-07-06T18:18:00Z,2026-07-06T18:18:00Z
mobi_vancouver,mobi_vancouver_2ba60af9-1921-44e0-ad65-31835d2992b9,2ba60af9-1921-44e0-ad65-31835d2992b9,49.273011,-123.159663,1,FALSE,FALSE,23200,0470,1783361838,2026-07-06T18:18:01Z,2026-07-06T18:18:01Z,2026-07-06T18:17:16Z,2.2,https://gbfs.kappa.fifteen.eu/gbfs/2.2/mobi/en/gbfs.json,https://gbfs.kappa.fifteen.eu/gbfs/2.2/mobi/en/free_bike_status.json,2026-07-06T18:18:00Z,2026-07-06T18:18:00Z
mobi_vancouver,mobi_vancouver_f7264579-9cc9-4a4c-9568-fcd218b107e0,f7264579-9cc9-4a4c-9568-fcd218b107e0,49.271044,-123.170661,1,FALSE,FALSE,23200,0450,1783361838,2026-07-06T18:18:01Z,2026-07-06T18:18:01Z,2026-07-06T18:17:16Z,2.2,https://gbfs.kappa.fifteen.eu/gbfs/2.2/mobi/en/gbfs.json,https://gbfs.kappa.fifteen.eu/gbfs/2.2/mobi/en/free_bike_status.json,2026-07-06T18:18:00Z,2026-07-06T18:18:00Z
mobi_vancouver,mobi_vancouver_0c6401e8-0ce8-4fbf-a68a-6725849ec702,0c6401e8-0ce8-4fbf-a68a-6725849ec702,49.255034,-123.120226,1,FALSE,FALSE,23200,0511,1783361838,2026-07-06T18:18:01Z,2026-07-06T18:18:01Z,2026-07-06T18:17:16Z,2.2,https://gbfs.kappa.fifteen.eu/gbfs/2.2/mobi/en/gbfs.json,https://gbfs.kappa.fifteen.eu/gbfs/2.2/mobi/en/free_bike_status.json,2026-07-06T18:18:00Z,2026-07-06T18:18:00Z
mobi_vancouver,mobi_vancouver_ce1ad06b-24bd-4a0b-9d58-4a2049902f1f,ce1ad06b-24bd-4a0b-9d58-4a2049902f1f,49.268837,-123.177633,1,FALSE,FALSE,23200,0431,1783361838,2026-07-06T18:18:01Z,2026-07-06T18:18:01Z,2026-07-06T18:17:16Z,2.2,https://gbfs.kappa.fifteen.eu/gbfs/2.2/mobi/en/gbfs.json,https://gbfs.kappa.fifteen.eu/gbfs/2.2/mobi/en/free_bike_status.json,2026-07-06T18:18:00Z,2026-07-06T18:18:00Z
mobi_vancouver,mobi_vancouver_4beb1b5f-a3c8-4e1d-b846-938c626fd744,4beb1b5f-a3c8-4e1d-b846-938c626fd744,49.249722,-123.104991,1,FALSE,FALSE,23200,0554,1783361838,2026-07-06T18:18:01Z,2026-07-06T18:18:01Z,2026-07-06T18:17:16Z,2.2,https://gbfs.kappa.fifteen.eu/gbfs/2.2/mobi/en/gbfs.json,https://gbfs.kappa.fifteen.eu/gbfs/2.2/mobi/en/free_bike_status.json,2026-07-06T18:18:00Z,2026-07-06T18:18:00Z
mobi_vancouver,mobi_vancouver_0a4d2db5-274c-46ee-931f-82c803e45da4,0a4d2db5-274c-46ee-931f-82c803e45da4,49.251358,-123.115637,1,FALSE,FALSE,23200,0532,1783361838,2026-07-06T18:18:01Z,2026-07-06T18:18:01Z,2026-07-06T18:17:16Z,2.2,https://gbfs.kappa.fifteen.eu/gbfs/2.2/mobi/en/gbfs.json,https://gbfs.kappa.fifteen.eu/gbfs/2.2/mobi/en/free_bike_status.json,2026-07-06T18:18:00Z,2026-07-06T18:18:00Z
mobi_vancouver,mobi_vancouver_59f088ed-7378-4155-9307-5a69e2bc52e7,59f088ed-7378-4155-9307-5a69e2bc52e7,49.27751,-123.061429,1,FALSE,FALSE,23200,0617,1783361838,2026-07-06T18:18:01Z,2026-07-06T18:18:01Z,2026-07-06T18:17:16Z,2.2,https://gbfs.kappa.fifteen.eu/gbfs/2.2/mobi/en/gbfs.json,https://gbfs.kappa.fifteen.eu/gbfs/2.2/mobi/en/free_bike_status.json,2026-07-06T18:18:00Z,2026-07-06T18:18:00Z
mobi_vancouver,mobi_vancouver_bf5d6903-d42d-4245-95ad-f0cb4e887dff,bf5d6903-d42d-4245-95ad-f0cb4e887dff,49.265442,-123.187738,1,FALSE,FALSE,23200,0403,1783361838,2026-07-06T18:18:01Z,2026-07-06T18:18:01Z,2026-07-06T18:17:16Z,2.2,https://gbfs.kappa.fifteen.eu/gbfs/2.2/mobi/en/gbfs.json,https://gbfs.kappa.fifteen.eu/gbfs/2.2/mobi/en/free_bike_status.json,2026-07-06T18:18:00Z,2026-07-06T18:18:00Z
mobi_vancouver,mobi_vancouver_b27236a8-8759-42d9-8eb6-b065cf91366a,b27236a8-8759-42d9-8eb6-b065cf91366a,49.266579,-123.248549,1,FALSE,FALSE,23200,2143,1783361838,2026-07-06T18:18:01Z,2026-07-06T18:18:01Z,2026-07-06T18:17:16Z,2.2,https://gbfs.kappa.fifteen.eu/gbfs/2.2/mobi/en/gbfs.json,https://gbfs.kappa.fifteen.eu/gbfs/2.2/mobi/en/free_bike_status.json,2026-07-06T18:18:00Z,2026-07-06T18:18:00Z
mobi_vancouver,mobi_vancouver_1d307f40-e6e6-420b-955b-8c146af0ceab,1d307f40-e6e6-420b-955b-8c146af0ceab,49.283482,-123.103738,1,FALSE,FALSE,23200,0013,1783361838,2026-07-06T18:18:01Z,2026-07-06T18:18:01Z,2026-07-06T18:17:16Z,2.2,https://gbfs.kappa.fifteen.eu/gbfs/2.2/mobi/en/gbfs.json,https://gbfs.kappa.fifteen.eu/gbfs/2.2/mobi/en/free_bike_status.json,2026-07-06T18:18:00Z,2026-07-06T18:18:00Z
mobi_vancouver,mobi_vancouver_febec2cb-0278-47d2-a8c9-bde6cc386ac7,febec2cb-0278-47d2-a8c9-bde6cc386ac7,49.2661,-123.24568,1,FALSE,FALSE,23200,2154,1783361838,2026-07-06T18:18:01Z,2026-07-06T18:18:01Z,2026-07-06T18:17:16Z,2.2,https://gbfs.kappa.fifteen.eu/gbfs/2.2/mobi/en/gbfs.json,https://gbfs.kappa.fifteen.eu/gbfs/2.2/mobi/en/free_bike_status.json,2026-07-06T18:18:00Z,2026-07-06T18:18:00Z
mobi_vancouver,mobi_vancouver_290023f2-af2b-42bd-9468-917cd16984e7,290023f2-af2b-42bd-9468-917cd16984e7,49.26518,-123.25868,1,FALSE,FALSE,23200,2112,1783361838,2026-07-06T18:18:01Z,2026-07-06T18:18:01Z,2026-07-06T18:17:16Z,2.2,https://gbfs.kappa.fifteen.eu/gbfs/2.2/mobi/en/gbfs.json,https://gbfs.kappa.fifteen.eu/gbfs/2.2/mobi/en/free_bike_status.json,2026-07-06T18:18:00Z,2026-07-06T18:18:00Z
mobi_vancouver,mobi_vancouver_16049dee-a813-4768-82ed-427cf296a269,16049dee-a813-4768-82ed-427cf296a269,49.25894,-123.139272,1,FALSE,FALSE,23600,0071,1783361838,2026-07-06T18:18:01Z,2026-07-06T18:18:01Z,2026-07-06T18:17:16Z,2.2,https://gbfs.kappa.fifteen.eu/gbfs/2.2/mobi/en/gbfs.json,https://gbfs.kappa.fifteen.eu/gbfs/2.2/mobi/en/free_bike_status.json,2026-07-06T18:18:00Z,2026-07-06T18:18:00Z
mobi_vancouver,mobi_vancouver_7beb860b-2efa-406b-8b18-d064db82a45e,7beb860b-2efa-406b-8b18-d064db82a45e,49.262487,-123.114397,1,FALSE,FALSE,23600,0001,1783361838,2026-07-06T18:18:01Z,2026-07-06T18:18:01Z,2026-07-06T18:17:16Z,2.2,https://gbfs.kappa.fifteen.eu/gbfs/2.2/mobi/en/gbfs.json,https://gbfs.kappa.fifteen.eu/gbfs/2.2/mobi/en/free_bike_status.json,2026-07-06T18:18:00Z,2026-07-06T18:18:00Z
mobi_vancouver,mobi_vancouver_21eca513-f229-4829-9b9b-3b5958ddc2a6,21eca513-f229-4829-9b9b-3b5958ddc2a6,49.262487,-123.114397,1,FALSE,FALSE,23600,0001,1783361838,2026-07-06T18:18:01Z,2026-07-06T18:18:01Z,2026-07-06T18:17:16Z,2.2,https://gbfs.kappa.fifteen.eu/gbfs/2.2/mobi/en/gbfs.json,https://gbfs.kappa.fifteen.eu/gbfs/2.2/mobi/en/free_bike_status.json,2026-07-06T18:18:00Z,2026-07-06T18:18:00Z
mobi_vancouver,mobi_vancouver_6a32496d-4085-49e2-bc29-aa136b8e4b09,6a32496d-4085-49e2-bc29-aa136b8e4b09,49.262487,-123.114397,1,FALSE,FALSE,23600,0001,1783361838,2026-07-06T18:18:01Z,2026-07-06T18:18:01Z,2026-07-06T18:17:16Z,2.2,https://gbfs.kappa.fifteen.eu/gbfs/2.2/mobi/en/gbfs.json,https://gbfs.kappa.fifteen.eu/gbfs/2.2/mobi/en/free_bike_status.json,2026-07-06T18:18:00Z,2026-07-06T18:18:00Z
mobi_vancouver,mobi_vancouver_0f076a56-964d-459c-a3a1-2769dfc216b3,0f076a56-964d-459c-a3a1-2769dfc216b3,49.285871,-123.12105,1,FALSE,FALSE,23600,0002,1783361838,2026-07-06T18:18:01Z,2026-07-06T18:18:01Z,2026-07-06T18:17:16Z,2.2,https://gbfs.kappa.fifteen.eu/gbfs/2.2/mobi/en/gbfs.json,https://gbfs.kappa.fifteen.eu/gbfs/2.2/mobi/en/free_bike_status.json,2026-07-06T18:18:00Z,2026-07-06T18:18:00Z
mobi_vancouver,mobi_vancouver_be548d0e-8f0a-4943-94a8-2429c2fc68ad,be548d0e-8f0a-4943-94a8-2429c2fc68ad,49.278095,-123.114685,1,FALSE,FALSE,23600,0026,1783361838,2026-07-06T18:18:01Z,2026-07-06T18:18:01Z,2026-07-06T18:17:16Z,2.2,https://gbfs.kappa.fifteen.eu/gbfs/2.2/mobi/en/gbfs.json,https://gbfs.kappa.fifteen.eu/gbfs/2.2/mobi/en/free_bike_status.json,2026-07-06T18:18:00Z,2026-07-06T18:18:00Z
mobi_vancouver,mobi_vancouver_77daded1-ba16-4fb5-93a3-d369e4aff63c,77daded1-ba16-4fb5-93a3-d369e4aff63c,49.288444,-123.139203,1,FALSE,FALSE,23600,0032,1783361838,2026-07-06T18:18:01Z,2026-07-06T18:18:01Z,2026-07-06T18:17:16Z,2.2,https://gbfs.kappa.fifteen.eu/gbfs/2.2/mobi/en/gbfs.json,https://gbfs.kappa.fifteen.eu/gbfs/2.2/mobi/en/free_bike_status.json,2026-07-06T18:18:00Z,2026-07-06T18:18:00Z
mobi_vancouver,mobi_vancouver_c6ccbef9-4742-4125-a047-dd153da4cedb,c6ccbef9-4742-4125-a047-dd153da4cedb,49.28972,-123.144028,1,FALSE,FALSE,23600,0047,1783361838,2026-07-06T18:18:01Z,2026-07-06T18:18:01Z,2026-07-06T18:17:16Z,2.2,https://gbfs.kappa.fifteen.eu/gbfs/2.2/mobi/en/gbfs.json,https://gbfs.kappa.fifteen.eu/gbfs/2.2/mobi/en/free_bike_status.json,2026-07-06T18:18:00Z,2026-07-06T18:18:00Z
mobi_vancouver,mobi_vancouver_76fdd223-4177-4747-be58-694323019055,76fdd223-4177-4747-be58-694323019055,49.28062,-123.12482,1,FALSE,FALSE,23600,0037,1783361838,2026-07-06T18:18:01Z,2026-07-06T18:18:01Z,2026-07-06T18:17:16Z,2.2,https://gbfs.kappa.fifteen.eu/gbfs/2.2/mobi/en/gbfs.json,https://gbfs.kappa.fifteen.eu/gbfs/2.2/mobi/en/free_bike_status.json,2026-07-06T18:18:00Z,2026-07-06T18:18:00Z
mobi_vancouver,mobi_vancouver_95b6c9d7-bff4-41f8-833d-0be82d4437cb,95b6c9d7-bff4-41f8-833d-0be82d4437cb,49.25919,-123.148268,1,FALSE,FALSE,23600,0114,1783361838,2026-07-06T18:18:01Z,2026-07-06T18:18:01Z,2026-07-06T18:17:16Z,2.2,https://gbfs.kappa.fifteen.eu/gbfs/2.2/mobi/en/gbfs.json,https://gbfs.kappa.fifteen.eu/gbfs/2.2/mobi/en/free_bike_status.json,2026-07-06T18:18:00Z,2026-07-06T18:18:00Z
mobi_vancouver,mobi_vancouver_23e00525-ef70-4e69-941b-f69306a1942d,23e00525-ef70-4e69-941b-f69306a1942d,49.279739,-123.116251,1,FALSE,FALSE,23600,0025,1783361838,2026-07-06T18:18:01Z,2026-07-06T18:18:01Z,2026-07-06T18:17:16Z,2.2,https://gbfs.kappa.fifteen.eu/gbfs/2.2/mobi/en/gbfs.json,https://gbfs.kappa.fifteen.eu/gbfs/2.2/mobi/en/free_bike_status.json,2026-07-06T18:18:00Z,2026-07-06T18:18:00Z
mobi_vancouver,mobi_vancouver_02403e4c-12fc-4c9a-9d87-dbd8384b6afe,02403e4c-12fc-4c9a-9d87-dbd8384b6afe,49.273833,-123.114373,1,FALSE,FALSE,23600,0057,1783361838,2026-07-06T18:18:01Z,2026-07-06T18:18:01Z,2026-07-06T18:17:16Z,2.2,https://gbfs.kappa.fifteen.eu/gbfs/2.2/mobi/en/gbfs.json,https://gbfs.kappa.fifteen.eu/gbfs/2.2/mobi/en/free_bike_status.json,2026-07-06T18:18:00Z,2026-07-06T18:18:00Z
mobi_vancouver,mobi_vancouver_2bc467b1-9765-4291-ab4f-2422659a38d4,2bc467b1-9765-4291-ab4f-2422659a38d4,49.268269,-123.147885,1,FALSE,FALSE,23600,0076,1783361838,2026-07-06T18:18:01Z,2026-07-06T18:18:01Z,2026-07-06T18:17:16Z,2.2,https://gbfs.kappa.fifteen.eu/gbfs/2.2/mobi/en/gbfs.json,https://gbfs.kappa.fifteen.eu/gbfs/2.2/mobi/en/free_bike_status.json,2026-07-06T18:18:00Z,2026-07-06T18:18:00Z
mobi_vancouver,mobi_vancouver_0fa3fd7e-408a-467c-ba1f-74fc866fe9eb,0fa3fd7e-408a-467c-ba1f-74fc866fe9eb,49.275717,-123.142564,1,FALSE,FALSE,23600,0077,1783361838,2026-07-06T18:18:01Z,2026-07-06T18:18:01Z,2026-07-06T18:17:16Z,2.2,https://gbfs.kappa.fifteen.eu/gbfs/2.2/mobi/en/gbfs.json,https://gbfs.kappa.fifteen.eu/gbfs/2.2/mobi/en/free_bike_status.json,2026-07-06T18:18:00Z,2026-07-06T18:18:00Z
mobi_vancouver,mobi_vancouver_848e92bc-f54b-4153-b05d-9adc81293125,848e92bc-f54b-4153-b05d-9adc81293125,49.28526,-123.141809,1,FALSE,FALSE,23600,0060,1783361838,2026-07-06T18:18:01Z,2026-07-06T18:18:01Z,2026-07-06T18:17:16Z,2.2,https://gbfs.kappa.fifteen.eu/gbfs/2.2/mobi/en/gbfs.json,https://gbfs.kappa.fifteen.eu/gbfs/2.2/mobi/en/free_bike_status.json,2026-07-06T18:18:00Z,2026-07-06T18:18:00Z
mobi_vancouver,mobi_vancouver_e8ed739a-c37c-4f45-abd8-5f1c720b494a,e8ed739a-c37c-4f45-abd8-5f1c720b494a,49.287097,-123.118551,1,FALSE,FALSE,23600,0016,1783361838,2026-07-06T18:18:01Z,2026-07-06T18:18:01Z,2026-07-06T18:17:16Z,2.2,https://gbfs.kappa.fifteen.eu/gbfs/2.2/mobi/en/gbfs.json,https://gbfs.kappa.fifteen.eu/gbfs/2.2/mobi/en/free_bike_status.json,2026-07-06T18:18:00Z,2026-07-06T18:18:00Z
mobi_vancouver,mobi_vancouver_e0928d0e-9efa-4e89-b3eb-80274af5af5b,e0928d0e-9efa-4e89-b3eb-80274af5af5b,49.273568,-123.129935,1,FALSE,FALSE,23600,0137,1783361838,2026-07-06T18:18:01Z,2026-07-06T18:18:01Z,2026-07-06T18:17:16Z,2.2,https://gbfs.kappa.fifteen.eu/gbfs/2.2/mobi/en/gbfs.json,https://gbfs.kappa.fifteen.eu/gbfs/2.2/mobi/en/free_bike_status.json,2026-07-06T18:18:00Z,2026-07-06T18:18:00Z
mobi_vancouver,mobi_vancouver_0f3cfa14-e0eb-4a80-92cb-cf683c6f84cf,0f3cfa14-e0eb-4a80-92cb-cf683c6f84cf,49.257654,-123.153212,1,FALSE,FALSE,23600,0113,1783361838,2026-07-06T18:18:01Z,2026-07-06T18:18:01Z,2026-07-06T18:17:16Z,2.2,https://gbfs.kappa.fifteen.eu/gbfs/2.2/mobi/en/gbfs.json,https://gbfs.kappa.fifteen.eu/gbfs/2.2/mobi/en/free_bike_status.json,2026-07-06T18:18:00Z,2026-07-06T18:18:00Z
mobi_vancouver,mobi_vancouver_a45c769c-d16d-4330-88ef-5000b1b8cd34,a45c769c-d16d-4330-88ef-5000b1b8cd34,49.273663,-123.127075,1,FALSE,FALSE,23600,0044,1783361838,2026-07-06T18:18:01Z,2026-07-06T18:18:01Z,2026-07-06T18:17:16Z,2.2,https://gbfs.kappa.fifteen.eu/gbfs/2.2/mobi/en/gbfs.json,https://gbfs.kappa.fifteen.eu/gbfs/2.2/mobi/en/free_bike_status.json,2026-07-06T18:18:00Z,2026-07-06T18:18:00Z
mobi_vancouver,mobi_vancouver_6f641a6a-15e8-467b-b388-815eb3624580,6f641a6a-15e8-467b-b388-815eb3624580,49.273663,-123.127075,1,FALSE,FALSE,23600,0044,1783361838,2026-07-06T18:18:01Z,2026-07-06T18:18:01Z,2026-07-06T18:17:16Z,2.2,https://gbfs.kappa.fifteen.eu/gbfs/2.2/mobi/en/gbfs.json,https://gbfs.kappa.fifteen.eu/gbfs/2.2/mobi/en/free_bike_status.json,2026-07-06T18:18:00Z,2026-07-06T18:18:00Z
mobi_vancouver,mobi_vancouver_95688e12-9e19-4101-b51e-d94f86b3a565,95688e12-9e19-4101-b51e-d94f86b3a565,49.269969,-123.109623,1,FALSE,FALSE,23600,0173,1783361838,2026-07-06T18:18:01Z,2026-07-06T18:18:01Z,2026-07-06T18:17:16Z,2.2,https://gbfs.kappa.fifteen.eu/gbfs/2.2/mobi/en/gbfs.json,https://gbfs.kappa.fifteen.eu/gbfs/2.2/mobi/en/free_bike_status.json,2026-07-06T18:18:00Z,2026-07-06T18:18:00Z
mobi_vancouver,mobi_vancouver_dd485b69-778e-4aa8-a765-b735a069a6b3,dd485b69-778e-4aa8-a765-b735a069a6b3,49.27023,-123.10651,1,FALSE,FALSE,23600,0174,1783361838,2026-07-06T18:18:01Z,2026-07-06T18:18:01Z,2026-07-06T18:17:16Z,2.2,https://gbfs.kappa.fifteen.eu/gbfs/2.2/mobi/en/gbfs.json,https://gbfs.kappa.fifteen.eu/gbfs/2.2/mobi/en/free_bike_status.json,2026-07-06T18:18:00Z,2026-07-06T18:18:00Z
mobi_vancouver,mobi_vancouver_c80937df-23d1-46ec-899a-a00113c5b05d,c80937df-23d1-46ec-899a-a00113c5b05d,49.27821,-123.136972,1,FALSE,FALSE,23600,0083,1783361838,2026-07-06T18:18:01Z,2026-07-06T18:18:01Z,2026-07-06T18:17:16Z,2.2,https://gbfs.kappa.fifteen.eu/gbfs/2.2/mobi/en/gbfs.json,https://gbfs.kappa.fifteen.eu/gbfs/2.2/mobi/en/free_bike_status.json,2026-07-06T18:18:00Z,2026-07-06T18:18:00Z
mobi_vancouver,mobi_vancouver_0cad933c-c592-4826-998f-05adfaabb8b0,0cad933c-c592-4826-998f-05adfaabb8b0,49.276292,-123.150592,1,FALSE,FALSE,23600,0155,1783361838,2026-07-06T18:18:01Z,2026-07-06T18:18:01Z,2026-07-06T18:17:16Z,2.2,https://gbfs.kappa.fifteen.eu/gbfs/2.2/mobi/en/gbfs.json,https://gbfs.kappa.fifteen.eu/gbfs/2.2/mobi/en/free_bike_status.json,2026-07-06T18:18:00Z,2026-07-06T18:18:00Z
mobi_vancouver,mobi_vancouver_1dacfd70-ceb0-4084-afeb-eef41351e2d7,1dacfd70-ceb0-4084-afeb-eef41351e2d7,49.275938,-123.145939,1,FALSE,FALSE,23600,0147,1783361838,2026-07-06T18:18:01Z,2026-07-06T18:18:01Z,2026-07-06T18:17:16Z,2.2,https://gbfs.kappa.fifteen.eu/gbfs/2.2/mobi/en/gbfs.json,https://gbfs.kappa.fifteen.eu/gbfs/2.2/mobi/en/free_bike_status.json,2026-07-06T18:18:00Z,2026-07-06T18:18:00Z
mobi_vancouver,mobi_vancouver_9f4c4fea-c92c-4c18-bd7e-25586e3a7e61,9f4c4fea-c92c-4c18-bd7e-25586e3a7e61,49.268339,-123.157443,1,FALSE,FALSE,23600,0159,1783361838,2026-07-06T18:18:01Z,2026-07-06T18:18:01Z,2026-07-06T18:17:16Z,2.2,https://gbfs.kappa.fifteen.eu/gbfs/2.2/mobi/en/gbfs.json,https://gbfs.kappa.fifteen.eu/gbfs/2.2/mobi/en/free_bike_status.json,2026-07-06T18:18:00Z,2026-07-06T18:18:00Z
mobi_vancouver,mobi_vancouver_d7dc7301-dfdc-48d8-a560-6d251ee6a0d1,d7dc7301-dfdc-48d8-a560-6d251ee6a0d1,49.268339,-123.157443,1,FALSE,FALSE,23600,0159,1783361838,2026-07-06T18:18:01Z,2026-07-06T18:18:01Z,2026-07-06T18:17:16Z,2.2,https://gbfs.kappa.fifteen.eu/gbfs/2.2/mobi/en/gbfs.json,https://gbfs.kappa.fifteen.eu/gbfs/2.2/mobi/en/free_bike_status.json,2026-07-06T18:18:00Z,2026-07-06T18:18:00Z
mobi_vancouver,mobi_vancouver_99de547e-8ca5-41bb-89a6-c3fd665efaec,99de547e-8ca5-41bb-89a6-c3fd665efaec,49.282758,-123.122092,1,FALSE,FALSE,23600,0019,1783361838,2026-07-06T18:18:01Z,2026-07-06T18:18:01Z,2026-07-06T18:17:16Z,2.2,https://gbfs.kappa.fifteen.eu/gbfs/2.2/mobi/en/gbfs.json,https://gbfs.kappa.fifteen.eu/gbfs/2.2/mobi/en/free_bike_status.json,2026-07-06T18:18:00Z,2026-07-06T18:18:00Z
mobi_vancouver,mobi_vancouver_2b47ae35-de41-475d-b552-78f9f550e536,2b47ae35-de41-475d-b552-78f9f550e536,49.279342,-123.101822,1,FALSE,FALSE,23600,0055,1783361838,2026-07-06T18:18:01Z,2026-07-06T18:18:01Z,2026-07-06T18:17:16Z,2.2,https://gbfs.kappa.fifteen.eu/gbfs/2.2/mobi/en/gbfs.json,https://gbfs.kappa.fifteen.eu/gbfs/2.2/mobi/en/free_bike_status.json,2026-07-06T18:18:00Z,2026-07-06T18:18:00Z
mobi_vancouver,mobi_vancouver_d6fa9f97-ae69-460c-bd9d-def67802d5ff,d6fa9f97-ae69-460c-bd9d-def67802d5ff,49.279342,-123.101822,1,FALSE,FALSE,23600,0055,1783361838,2026-07-06T18:18:01Z,2026-07-06T18:18:01Z,2026-07-06T18:17:16Z,2.2,https://gbfs.kappa.fifteen.eu/gbfs/2.2/mobi/en/gbfs.json,https://gbfs.kappa.fifteen.eu/gbfs/2.2/mobi/en/free_bike_status.json,2026-07-06T18:18:00Z,2026-07-06T18:18:00Z
mobi_vancouver,mobi_vancouver_f10719ee-810a-4c26-a696-e4285dda05d7,f10719ee-810a-4c26-a696-e4285dda05d7,49.262598,-123.138921,1,FALSE,FALSE,23600,0070,1783361838,2026-07-06T18:18:01Z,2026-07-06T18:18:01Z,2026-07-06T18:17:16Z,2.2,https://gbfs.kappa.fifteen.eu/gbfs/2.2/mobi/en/gbfs.json,https://gbfs.kappa.fifteen.eu/gbfs/2.2/mobi/en/free_bike_status.json,2026-07-06T18:18:00Z,2026-07-06T18:18:00Z
mobi_vancouver,mobi_vancouver_bf1c0af7-e699-48e4-a4c6-095acc6411ce,bf1c0af7-e699-48e4-a4c6-095acc6411ce,49.273355,-123.154493,1,FALSE,FALSE,23600,0154,1783361838,2026-07-06T18:18:01Z,2026-07-06T18:18:01Z,2026-07-06T18:17:16Z,2.2,https://gbfs.kappa.fifteen.eu/gbfs/2.2/mobi/en/gbfs.json,https://gbfs.kappa.fifteen.eu/gbfs/2.2/mobi/en/free_bike_status.json,2026-07-06T18:18:00Z,2026-07-06T18:18:00Z
mobi_vancouver,mobi_vancouver_27219c36-da76-4338-a12c-0c850e8fe894,27219c36-da76-4338-a12c-0c850e8fe894,49.273355,-123.154493,1,FALSE,FALSE,23600,0154,1783361838,2026-07-06T18:18:01Z,2026-07-06T18:18:01Z,2026-07-06T18:17:16Z,2.2,https://gbfs.kappa.fifteen.eu/gbfs/2.2/mobi/en/gbfs.json,https://gbfs.kappa.fifteen.eu/gbfs/2.2/mobi/en/free_bike_status.json,2026-07-06T18:18:00Z,2026-07-06T18:18:00Z
mobi_vancouver,mobi_vancouver_f31c672a-40a0-4c47-963d-4a329d422c8b,f31c672a-40a0-4c47-963d-4a329d422c8b,49.25849,-123.104799,1,FALSE,FALSE,23600,0132,1783361838,2026-07-06T18:18:01Z,2026-07-06T18:18:01Z,2026-07-06T18:17:16Z,2.2,https://gbfs.kappa.fifteen.eu/gbfs/2.2/mobi/en/gbfs.json,https://gbfs.kappa.fifteen.eu/gbfs/2.2/mobi/en/free_bike_status.json,2026-07-06T18:18:00Z,2026-07-06T18:18:00Z
mobi_vancouver,mobi_vancouver_5da64775-36c5-4fc1-b946-b6b118dc5158,5da64775-36c5-4fc1-b946-b6b118dc5158,49.29534,-123.150433,1,FALSE,FALSE,23600,0102,1783361838,2026-07-06T18:18:01Z,2026-07-06T18:18:01Z,2026-07-06T18:17:16Z,2.2,https://gbfs.kappa.fifteen.eu/gbfs/2.2/mobi/en/gbfs.json,https://gbfs.kappa.fifteen.eu/gbfs/2.2/mobi/en/free_bike_status.json,2026-07-06T18:18:00Z,2026-07-06T18:18:00Z
mobi_vancouver,mobi_vancouver_8d78e29d-7255-4335-9ad3-54eb547706dc,8d78e29d-7255-4335-9ad3-54eb547706dc,49.29534,-123.150433,1,FALSE,FALSE,23600,0102,1783361838,2026-07-06T18:18:01Z,2026-07-06T18:18:01Z,2026-07-06T18:17:16Z,2.2,https://gbfs.kappa.fifteen.eu/gbfs/2.2/mobi/en/gbfs.json,https://gbfs.kappa.fifteen.eu/gbfs/2.2/mobi/en/free_bike_status.json,2026-07-06T18:18:00Z,2026-07-06T18:18:00Z
mobi_vancouver,mobi_vancouver_526b2dc3-439e-446a-b560-c858bbe4f0f7,526b2dc3-439e-446a-b560-c858bbe4f0f7,49.294318,-123.148808,1,FALSE,FALSE,23600,0104,1783361838,2026-07-06T18:18:01Z,2026-07-06T18:18:01Z,2026-07-06T18:17:16Z,2.2,https://gbfs.kappa.fifteen.eu/gbfs/2.2/mobi/en/gbfs.json,https://gbfs.kappa.fifteen.eu/gbfs/2.2/mobi/en/free_bike_status.json,2026-07-06T18:18:00Z,2026-07-06T18:18:00Z
mobi_vancouver,mobi_vancouver_40620306-59ee-4f62-9dc5-a42f0fd61aa1,40620306-59ee-4f62-9dc5-a42f0fd61aa1,49.266456,-123.100324,1,FALSE,FALSE,23600,0198,1783361838,2026-07-06T18:18:01Z,2026-07-06T18:18:01Z,2026-07-06T18:17:16Z,2.2,https://gbfs.kappa.fifteen.eu/gbfs/2.2/mobi/en/gbfs.json,https://gbfs.kappa.fifteen.eu/gbfs/2.2/mobi/en/free_bike_status.json,2026-07-06T18:18:00Z,2026-07-06T18:18:00Z
mobi_vancouver,mobi_vancouver_7aa3f576-0217-4147-8294-3e5b0321e832,7aa3f576-0217-4147-8294-3e5b0321e832,49.266456,-123.100324,1,FALSE,FALSE,23600,0198,1783361838,2026-07-06T18:18:01Z,2026-07-06T18:18:01Z,2026-07-06T18:17:16Z,2.2,https://gbfs.kappa.fifteen.eu/gbfs/2.2/mobi/en/gbfs.json,https://gbfs.kappa.fifteen.eu/gbfs/2.2/mobi/en/free_bike_status.json,2026-07-06T18:18:00Z,2026-07-06T18:18:00Z
mobi_vancouver,mobi_vancouver_5c032391-4c3b-4271-bedf-054a5a45d492,5c032391-4c3b-4271-bedf-054a5a45d492,49.266774,-123.141135,1,FALSE,FALSE,23600,0153,1783361838,2026-07-06T18:18:01Z,2026-07-06T18:18:01Z,2026-07-06T18:17:16Z,2.2,https://gbfs.kappa.fifteen.eu/gbfs/2.2/mobi/en/gbfs.json,https://gbfs.kappa.fifteen.eu/gbfs/2.2/mobi/en/free_bike_status.json,2026-07-06T18:18:00Z,2026-07-06T18:18:00Z
mobi_vancouver,mobi_vancouver_22feab65-78f0-4baf-bebe-f4db36750cd1,22feab65-78f0-4baf-bebe-f4db36750cd1,49.278529,-123.100017,1,FALSE,FALSE,23600,0199,1783361838,2026-07-06T18:18:01Z,2026-07-06T18:18:01Z,2026-07-06T18:17:16Z,2.2,https://gbfs.kappa.fifteen.eu/gbfs/2.2/mobi/en/gbfs.json,https://gbfs.kappa.fifteen.eu/gbfs/2.2/mobi/en/free_bike_status.json,2026-07-06T18:18:00Z,2026-07-06T18:18:00Z
mobi_vancouver,mobi_vancouver_4451bca1-4cf1-4708-ab18-dc596e1bdf61,4451bca1-4cf1-4708-ab18-dc596e1bdf61,49.283227,-123.120523,1,FALSE,FALSE,23600,0099,1783361838,2026-07-06T18:18:01Z,2026-07-06T18:18:01Z,2026-07-06T18:17:16Z,2.2,https://gbfs.kappa.fifteen.eu/gbfs/2.2/mobi/en/gbfs.json,https://gbfs.kappa.fifteen.eu/gbfs/2.2/mobi/en/free_bike_status.json,2026-07-06T18:18:00Z,2026-07-06T18:18:00Z
mobi_vancouver,mobi_vancouver_f9480a92-97a5-4a7c-8b92-4dd025b268b1,f9480a92-97a5-4a7c-8b92-4dd025b268b1,49.277665,-123.073653,1,FALSE,FALSE,23600,0222,1783361838,2026-07-06T18:18:01Z,2026-07-06T18:18:01Z,2026-07-06T18:17:16Z,2.2,https://gbfs.kappa.fifteen.eu/gbfs/2.2/mobi/en/gbfs.json,https://gbfs.kappa.fifteen.eu/gbfs/2.2/mobi/en/free_bike_status.json,2026-07-06T18:18:00Z,2026-07-06T18:18:00Z
mobi_vancouver,mobi_vancouver_99a35ee0-2750-40f6-8a87-4568a52719ba,99a35ee0-2750-40f6-8a87-4568a52719ba,49.283992,-123.091206,1,FALSE,FALSE,23600,0230,1783361838,2026-07-06T18:18:01Z,2026-07-06T18:18:01Z,2026-07-06T18:17:16Z,2.2,https://gbfs.kappa.fifteen.eu/gbfs/2.2/mobi/en/gbfs.json,https://gbfs.kappa.fifteen.eu/gbfs/2.2/mobi/en/free_bike_status.json,2026-07-06T18:18:00Z,2026-07-06T18:18:00Z
mobi_vancouver,mobi_vancouver_d3560128-7879-435d-9703-982c54825b8a,d3560128-7879-435d-9703-982c54825b8a,49.283992,-123.091206,1,FALSE,FALSE,23600,0230,1783361838,2026-07-06T18:18:01Z,2026-07-06T18:18:01Z,2026-07-06T18:17:16Z,2.2,https://gbfs.kappa.fifteen.eu/gbfs/2.2/mobi/en/gbfs.json,https://gbfs.kappa.fifteen.eu/gbfs/2.2/mobi/en/free_bike_status.json,2026-07-06T18:18:00Z,2026-07-06T18:18:00Z
mobi_vancouver,mobi_vancouver_b4c6d810-36f6-4af1-b496-3fc182c62959,b4c6d810-36f6-4af1-b496-3fc182c62959,49.28567,-123.112543,1,FALSE,FALSE,23600,0021,1783361838,2026-07-06T18:18:01Z,2026-07-06T18:18:01Z,2026-07-06T18:17:16Z,2.2,https://gbfs.kappa.fifteen.eu/gbfs/2.2/mobi/en/gbfs.json,https://gbfs.kappa.fifteen.eu/gbfs/2.2/mobi/en/free_bike_status.json,2026-07-06T18:18:00Z,2026-07-06T18:18:00Z
mobi_vancouver,mobi_vancouver_70bc7ca1-637d-493b-9cca-4c6b767b2fea,70bc7ca1-637d-493b-9cca-4c6b767b2fea,49.280852,-123.084746,1,FALSE,FALSE,23600,0227,1783361838,2026-07-06T18:18:01Z,2026-07-06T18:18:01Z,2026-07-06T18:17:16Z,2.2,https://gbfs.kappa.fifteen.eu/gbfs/2.2/mobi/en/gbfs.json,https://gbfs.kappa.fifteen.eu/gbfs/2.2/mobi/en/free_bike_status.json,2026-07-06T18:18:00Z,2026-07-06T18:18:00Z
mobi_vancouver,mobi_vancouver_73fbce4d-2c2d-427a-95d7-3ae87268b79d,73fbce4d-2c2d-427a-95d7-3ae87268b79d,49.280852,-123.084746,1,FALSE,FALSE,23600,0227,1783361838,2026-07-06T18:18:01Z,2026-07-06T18:18:01Z,2026-07-06T18:17:16Z,2.2,https://gbfs.kappa.fifteen.eu/gbfs/2.2/mobi/en/gbfs.json,https://gbfs.kappa.fifteen.eu/gbfs/2.2/mobi/en/free_bike_status.json,2026-07-06T18:18:00Z,2026-07-06T18:18:00Z
mobi_vancouver,mobi_vancouver_d16a9297-3271-4c7e-a74f-15becb6a4c42,d16a9297-3271-4c7e-a74f-15becb6a4c42,49.280852,-123.084746,1,FALSE,FALSE,23600,0227,1783361838,2026-07-06T18:18:01Z,2026-07-06T18:18:01Z,2026-07-06T18:17:16Z,2.2,https://gbfs.kappa.fifteen.eu/gbfs/2.2/mobi/en/gbfs.json,https://gbfs.kappa.fifteen.eu/gbfs/2.2/mobi/en/free_bike_status.json,2026-07-06T18:18:00Z,2026-07-06T18:18:00Z
mobi_vancouver,mobi_vancouver_e5fc4c76-4ed6-4199-ba53-b1d546d00691,e5fc4c76-4ed6-4199-ba53-b1d546d00691,49.280852,-123.084746,1,FALSE,FALSE,23600,0227,1783361838,2026-07-06T18:18:01Z,2026-07-06T18:18:01Z,2026-07-06T18:17:16Z,2.2,https://gbfs.kappa.fifteen.eu/gbfs/2.2/mobi/en/gbfs.json,https://gbfs.kappa.fifteen.eu/gbfs/2.2/mobi/en/free_bike_status.json,2026-07-06T18:18:00Z,2026-07-06T18:18:00Z
mobi_vancouver,mobi_vancouver_0960d12b-ecc7-4d32-a396-5447820377b8,0960d12b-ecc7-4d32-a396-5447820377b8,49.264466,-123.085183,1,FALSE,FALSE,23600,0266,1783361838,2026-07-06T18:18:01Z,2026-07-06T18:18:01Z,2026-07-06T18:17:16Z,2.2,https://gbfs.kappa.fifteen.eu/gbfs/2.2/mobi/en/gbfs.json,https://gbfs.kappa.fifteen.eu/gbfs/2.2/mobi/en/free_bike_status.json,2026-07-06T18:18:00Z,2026-07-06T18:18:00Z
mobi_vancouver,mobi_vancouver_aedd0c38-78c8-470c-be2f-a54db81a122a,aedd0c38-78c8-470c-be2f-a54db81a122a,49.28763,-123.127245,1,FALSE,FALSE,23600,0207,1783361838,2026-07-06T18:18:01Z,2026-07-06T18:18:01Z,2026-07-06T18:17:16Z,2.2,https://gbfs.kappa.fifteen.eu/gbfs/2.2/mobi/en/gbfs.json,https://gbfs.kappa.fifteen.eu/gbfs/2.2/mobi/en/free_bike_status.json,2026-07-06T18:18:00Z,2026-07-06T18:18:00Z
mobi_vancouver,mobi_vancouver_8569b6a7-b4e7-4d89-b091-3c321239f5ed,8569b6a7-b4e7-4d89-b091-3c321239f5ed,49.2731,-123.0732,1,FALSE,FALSE,23600,0253,1783361838,2026-07-06T18:18:01Z,2026-07-06T18:18:01Z,2026-07-06T18:17:16Z,2.2,https://gbfs.kappa.fifteen.eu/gbfs/2.2/mobi/en/gbfs.json,https://gbfs.kappa.fifteen.eu/gbfs/2.2/mobi/en/free_bike_status.json,2026-07-06T18:18:00Z,2026-07-06T18:18:00Z
mobi_vancouver,mobi_vancouver_b78a8229-fe18-434a-98a6-6fa9906b625e,b78a8229-fe18-434a-98a6-6fa9906b625e,49.266751,-123.073501,1,FALSE,FALSE,23600,0250,1783361838,2026-07-06T18:18:01Z,2026-07-06T18:18:01Z,2026-07-06T18:17:16Z,2.2,https://gbfs.kappa.fifteen.eu/gbfs/2.2/mobi/en/gbfs.json,https://gbfs.kappa.fifteen.eu/gbfs/2.2/mobi/en/free_bike_status.json,2026-07-06T18:18:00Z,2026-07-06T18:18:00Z
mobi_vancouver,mobi_vancouver_dc01b03e-a70c-4031-b657-1d0ca0d47731,dc01b03e-a70c-4031-b657-1d0ca0d47731,49.266751,-123.073501,1,FALSE,FALSE,23600,0250,1783361838,2026-07-06T18:18:01Z,2026-07-06T18:18:01Z,2026-07-06T18:17:16Z,2.2,https://gbfs.kappa.fifteen.eu/gbfs/2.2/mobi/en/gbfs.json,https://gbfs.kappa.fifteen.eu/gbfs/2.2/mobi/en/free_bike_status.json,2026-07-06T18:18:00Z,2026-07-06T18:18:00Z
mobi_vancouver,mobi_vancouver_51bf604c-58b4-431c-9d34-5e74c5db8c47,51bf604c-58b4-431c-9d34-5e74c5db8c47,49.261188,-123.066009,1,FALSE,FALSE,23600,0274,1783361838,2026-07-06T18:18:01Z,2026-07-06T18:18:01Z,2026-07-06T18:17:16Z,2.2,https://gbfs.kappa.fifteen.eu/gbfs/2.2/mobi/en/gbfs.json,https://gbfs.kappa.fifteen.eu/gbfs/2.2/mobi/en/free_bike_status.json,2026-07-06T18:18:00Z,2026-07-06T18:18:00Z
mobi_vancouver,mobi_vancouver_c6ba6d78-1517-4279-b472-a880334c345b,c6ba6d78-1517-4279-b472-a880334c345b,49.280881,-123.130672,1,FALSE,FALSE,23600,0126,1783361838,2026-07-06T18:18:01Z,2026-07-06T18:18:01Z,2026-07-06T18:17:16Z,2.2,https://gbfs.kappa.fifteen.eu/gbfs/2.2/mobi/en/gbfs.json,https://gbfs.kappa.fifteen.eu/gbfs/2.2/mobi/en/free_bike_status.json,2026-07-06T18:18:00Z,2026-07-06T18:18:00Z
mobi_vancouver,mobi_vancouver_b3ee23ef-d095-4bf7-8e85-61a77c81bf94,b3ee23ef-d095-4bf7-8e85-61a77c81bf94,49.270684,-123.073562,1,FALSE,FALSE,23600,0252,1783361838,2026-07-06T18:18:01Z,2026-07-06T18:18:01Z,2026-07-06T18:17:16Z,2.2,https://gbfs.kappa.fifteen.eu/gbfs/2.2/mobi/en/gbfs.json,https://gbfs.kappa.fifteen.eu/gbfs/2.2/mobi/en/free_bike_status.json,2026-07-06T18:18:00Z,2026-07-06T18:18:00Z
mobi_vancouver,mobi_vancouver_b5a4e20c-d564-4185-b95e-e8ece661fded,b5a4e20c-d564-4185-b95e-e8ece661fded,49.273777,-123.092723,1,FALSE,FALSE,23600,0233,1783361838,2026-07-06T18:18:01Z,2026-07-06T18:18:01Z,2026-07-06T18:17:16Z,2.2,https://gbfs.kappa.fifteen.eu/gbfs/2.2/mobi/en/gbfs.json,https://gbfs.kappa.fifteen.eu/gbfs/2.2/mobi/en/free_bike_status.json,2026-07-06T18:18:00Z,2026-07-06T18:18:00Z
mobi_vancouver,mobi_vancouver_811fb954-913f-456d-af3c-a23fc4b5ae1c,811fb954-913f-456d-af3c-a23fc4b5ae1c,49.261122,-123.097571,1,FALSE,FALSE,23600,0179,1783361838,2026-07-06T18:18:01Z,2026-07-06T18:18:01Z,2026-07-06T18:17:16Z,2.2,https://gbfs.kappa.fifteen.eu/gbfs/2.2/mobi/en/gbfs.json,https://gbfs.kappa.fifteen.eu/gbfs/2.2/mobi/en/free_bike_status.json,2026-07-06T18:18:00Z,2026-07-06T18:18:00Z
mobi_vancouver,mobi_vancouver_9a0eb001-d7c7-4ca3-93fd-9825b6ab70cc,9a0eb001-d7c7-4ca3-93fd-9825b6ab70cc,49.27033,-123.10275,1,FALSE,FALSE,23600,0177,1783361838,2026-07-06T18:18:01Z,2026-07-06T18:18:01Z,2026-07-06T18:17:16Z,2.2,https://gbfs.kappa.fifteen.eu/gbfs/2.2/mobi/en/gbfs.json,https://gbfs.kappa.fifteen.eu/gbfs/2.2/mobi/en/free_bike_status.json,2026-07-06T18:18:00Z,2026-07-06T18:18:00Z
mobi_vancouver,mobi_vancouver_6ea3bfa0-25cf-4b5b-995d-c3ef68a8a0ae,6ea3bfa0-25cf-4b5b-995d-c3ef68a8a0ae,49.257985,-123.083366,1,FALSE,FALSE,23600,0281,1783361838,2026-07-06T18:18:01Z,2026-07-06T18:18:01Z,2026-07-06T18:17:16Z,2.2,https://gbfs.kappa.fifteen.eu/gbfs/2.2/mobi/en/gbfs.json,https://gbfs.kappa.fifteen.eu/gbfs/2.2/mobi/en/free_bike_status.json,2026-07-06T18:18:00Z,2026-07-06T18:18:00Z
mobi_vancouver,mobi_vancouver_90b4ece7-a2df-427d-a2da-4b7151d4d1f4,90b4ece7-a2df-427d-a2da-4b7151d4d1f4,49.302577,-123.155616,1,FALSE,FALSE,23600,0103,1783361838,2026-07-06T18:18:01Z,2026-07-06T18:18:01Z,2026-07-06T18:17:16Z,2.2,https://gbfs.kappa.fifteen.eu/gbfs/2.2/mobi/en/gbfs.json,https://gbfs.kappa.fifteen.eu/gbfs/2.2/mobi/en/free_bike_status.json,2026-07-06T18:18:00Z,2026-07-06T18:18:00Z
mobi_vancouver,mobi_vancouver_269e25eb-bcc8-4ca7-a281-4689d2b699cd,269e25eb-bcc8-4ca7-a281-4689d2b699cd,49.302577,-123.155616,1,FALSE,FALSE,23600,0103,1783361838,2026-07-06T18:18:01Z,2026-07-06T18:18:01Z,2026-07-06T18:17:16Z,2.2,https://gbfs.kappa.fifteen.eu/gbfs/2.2/mobi/en/gbfs.json,https://gbfs.kappa.fifteen.eu/gbfs/2.2/mobi/en/free_bike_status.json,2026-07-06T18:18:00Z,2026-07-06T18:18:00Z
mobi_vancouver,mobi_vancouver_4cf6a997-e98e-4204-b129-7bd856a5e771,4cf6a997-e98e-4204-b129-7bd856a5e771,49.277333,-123.087359,1,FALSE,FALSE,23600,0219,1783361838,2026-07-06T18:18:01Z,2026-07-06T18:18:01Z,2026-07-06T18:17:16Z,2.2,https://gbfs.kappa.fifteen.eu/gbfs/2.2/mobi/en/gbfs.json,https://gbfs.kappa.fifteen.eu/gbfs/2.2/mobi/en/free_bike_status.json,2026-07-06T18:18:00Z,2026-07-06T18:18:00Z
mobi_vancouver,mobi_vancouver_080ecdef-7cfc-4bcf-a7fb-f39683f948c3,080ecdef-7cfc-4bcf-a7fb-f39683f948c3,49.277333,-123.087359,1,FALSE,FALSE,23600,0219,1783361838,2026-07-06T18:18:01Z,2026-07-06T18:18:01Z,2026-07-06T18:17:16Z,2.2,https://gbfs.kappa.fifteen.eu/gbfs/2.2/mobi/en/gbfs.json,https://gbfs.kappa.fifteen.eu/gbfs/2.2/mobi/en/free_bike_status.json,2026-07-06T18:18:00Z,2026-07-06T18:18:00Z
mobi_vancouver,mobi_vancouver_a2258db1-6919-449a-a001-39a37db6cdf6,a2258db1-6919-449a-a001-39a37db6cdf6,49.284554,-123.111031,1,FALSE,FALSE,23600,0124,1783361838,2026-07-06T18:18:01Z,2026-07-06T18:18:01Z,2026-07-06T18:17:16Z,2.2,https://gbfs.kappa.fifteen.eu/gbfs/2.2/mobi/en/gbfs.json,https://gbfs.kappa.fifteen.eu/gbfs/2.2/mobi/en/free_bike_status.json,2026-07-06T18:18:00Z,2026-07-06T18:18:00Z
mobi_vancouver,mobi_vancouver_cbe43206-09bf-4211-b14e-0c530b1e5207,cbe43206-09bf-4211-b14e-0c530b1e5207,49.284554,-123.111031,1,FALSE,FALSE,23600,0124,1783361838,2026-07-06T18:18:01Z,2026-07-06T18:18:01Z,2026-07-06T18:17:16Z,2.2,https://gbfs.kappa.fifteen.eu/gbfs/2.2/mobi/en/gbfs.json,https://gbfs.kappa.fifteen.eu/gbfs/2.2/mobi/en/free_bike_status.json,2026-07-06T18:18:00Z,2026-07-06T18:18:00Z
mobi_vancouver,mobi_vancouver_370cc105-b02f-4b0d-a07b-c38c883ce817,370cc105-b02f-4b0d-a07b-c38c883ce817,49.27029,-123.135025,1,FALSE,FALSE,23600,0189,1783361838,2026-07-06T18:18:01Z,2026-07-06T18:18:01Z,2026-07-06T18:17:16Z,2.2,https://gbfs.kappa.fifteen.eu/gbfs/2.2/mobi/en/gbfs.json,https://gbfs.kappa.fifteen.eu/gbfs/2.2/mobi/en/free_bike_status.json,2026-07-06T18:18:00Z,2026-07-06T18:18:00Z
mobi_vancouver,mobi_vancouver_f285d074-ba84-4cf7-881a-70f8271d2d59,f285d074-ba84-4cf7-881a-70f8271d2d59,49.290587,-123.13625,1,FALSE,FALSE,23600,0122,1783361838,2026-07-06T18:18:01Z,2026-07-06T18:18:01Z,2026-07-06T18:17:16Z,2.2,https://gbfs.kappa.fifteen.eu/gbfs/2.2/mobi/en/gbfs.json,https://gbfs.kappa.fifteen.eu/gbfs/2.2/mobi/en/free_bike_status.json,2026-07-06T18:18:00Z,2026-07-06T18:18:00Z
mobi_vancouver,mobi_vancouver_3a94f22a-449f-49a2-9ec4-1e9e54d643ac,3a94f22a-449f-49a2-9ec4-1e9e54d643ac,49.290587,-123.13625,1,FALSE,FALSE,23600,0122,1783361838,2026-07-06T18:18:01Z,2026-07-06T18:18:01Z,2026-07-06T18:17:16Z,2.2,https://gbfs.kappa.fifteen.eu/gbfs/2.2/mobi/en/gbfs.json,https://gbfs.kappa.fifteen.eu/gbfs/2.2/mobi/en/free_bike_status.json,2026-07-06T18:18:00Z,2026-07-06T18:18:00Z
mobi_vancouver,mobi_vancouver_46cf1559-58d7-4d6c-91fa-73137d61eb29,46cf1559-58d7-4d6c-91fa-73137d61eb29,49.271221,-123.191133,1,FALSE,FALSE,23600,0400,1783361838,2026-07-06T18:18:01Z,2026-07-06T18:18:01Z,2026-07-06T18:17:16Z,2.2,https://gbfs.kappa.fifteen.eu/gbfs/2.2/mobi/en/gbfs.json,https://gbfs.kappa.fifteen.eu/gbfs/2.2/mobi/en/free_bike_status.json,2026-07-06T18:18:00Z,2026-07-06T18:18:00Z
mobi_vancouver,mobi_vancouver_bd4445e2-d125-49ea-91b5-492788a8555f,bd4445e2-d125-49ea-91b5-492788a8555f,49.271471,-123.17731,1,FALSE,FALSE,23600,0440,1783361838,2026-07-06T18:18:01Z,2026-07-06T18:18:01Z,2026-07-06T18:17:16Z,2.2,https://gbfs.kappa.fifteen.eu/gbfs/2.2/mobi/en/gbfs.json,https://gbfs.kappa.fifteen.eu/gbfs/2.2/mobi/en/free_bike_status.json,2026-07-06T18:18:00Z,2026-07-06T18:18:00Z
mobi_vancouver,mobi_vancouver_67ba6f22-6f31-4908-9ac0-0af7fb455c05,67ba6f22-6f31-4908-9ac0-0af7fb455c05,49.273011,-123.159663,1,FALSE,FALSE,23600,0470,1783361838,2026-07-06T18:18:01Z,2026-07-06T18:18:01Z,2026-07-06T18:17:16Z,2.2,https://gbfs.kappa.fifteen.eu/gbfs/2.2/mobi/en/gbfs.json,https://gbfs.kappa.fifteen.eu/gbfs/2.2/mobi/en/free_bike_status.json,2026-07-06T18:18:00Z,2026-07-06T18:18:00Z
mobi_vancouver,mobi_vancouver_7392c0fb-f3d0-466d-9613-5c9df18a11f7,7392c0fb-f3d0-466d-9613-5c9df18a11f7,49.271044,-123.170661,1,FALSE,FALSE,23600,0450,1783361838,2026-07-06T18:18:01Z,2026-07-06T18:18:01Z,2026-07-06T18:17:16Z,2.2,https://gbfs.kappa.fifteen.eu/gbfs/2.2/mobi/en/gbfs.json,https://gbfs.kappa.fifteen.eu/gbfs/2.2/mobi/en/free_bike_status.json,2026-07-06T18:18:00Z,2026-07-06T18:18:00Z
mobi_vancouver,mobi_vancouver_67a4a430-6298-4bbf-b089-2c6665e28bdc,67a4a430-6298-4bbf-b089-2c6665e28bdc,49.271044,-123.170661,1,FALSE,FALSE,23600,0450,1783361838,2026-07-06T18:18:01Z,2026-07-06T18:18:01Z,2026-07-06T18:17:16Z,2.2,https://gbfs.kappa.fifteen.eu/gbfs/2.2/mobi/en/gbfs.json,https://gbfs.kappa.fifteen.eu/gbfs/2.2/mobi/en/free_bike_status.json,2026-07-06T18:18:00Z,2026-07-06T18:18:00Z
mobi_vancouver,mobi_vancouver_4b6ca92e-0c27-4a06-a914-c1d5eddc688a,4b6ca92e-0c27-4a06-a914-c1d5eddc688a,49.264326,-123.164725,1,FALSE,FALSE,23600,0464,1783361838,2026-07-06T18:18:01Z,2026-07-06T18:18:01Z,2026-07-06T18:17:16Z,2.2,https://gbfs.kappa.fifteen.eu/gbfs/2.2/mobi/en/gbfs.json,https://gbfs.kappa.fifteen.eu/gbfs/2.2/mobi/en/free_bike_status.json,2026-07-06T18:18:00Z,2026-07-06T18:18:00Z
mobi_vancouver,mobi_vancouver_becb1bb1-01da-4817-a494-9d96f430fa52,becb1bb1-01da-4817-a494-9d96f430fa52,49.264326,-123.164725,1,FALSE,FALSE,23600,0464,1783361838,2026-07-06T18:18:01Z,2026-07-06T18:18:01Z,2026-07-06T18:17:16Z,2.2,https://gbfs.kappa.fifteen.eu/gbfs/2.2/mobi/en/gbfs.json,https://gbfs.kappa.fifteen.eu/gbfs/2.2/mobi/en/free_bike_status.json,2026-07-06T18:18:00Z,2026-07-06T18:18:00Z
mobi_vancouver,mobi_vancouver_18594382-5fe0-46a3-ab57-37c43768423e,18594382-5fe0-46a3-ab57-37c43768423e,49.254818,-123.114785,1,FALSE,FALSE,23600,0531,1783361838,2026-07-06T18:18:01Z,2026-07-06T18:18:01Z,2026-07-06T18:17:16Z,2.2,https://gbfs.kappa.fifteen.eu/gbfs/2.2/mobi/en/gbfs.json,https://gbfs.kappa.fifteen.eu/gbfs/2.2/mobi/en/free_bike_status.json,2026-07-06T18:18:00Z,2026-07-06T18:18:00Z
mobi_vancouver,mobi_vancouver_2c4544a6-49e7-4246-b732-a33806f61aa3,2c4544a6-49e7-4246-b732-a33806f61aa3,49.243375,-123.104978,1,FALSE,FALSE,23600,0557,1783361838,2026-07-06T18:18:01Z,2026-07-06T18:18:01Z,2026-07-06T18:17:16Z,2.2,https://gbfs.kappa.fifteen.eu/gbfs/2.2/mobi/en/gbfs.json,https://gbfs.kappa.fifteen.eu/gbfs/2.2/mobi/en/free_bike_status.json,2026-07-06T18:18:00Z,2026-07-06T18:18:00Z
mobi_vancouver,mobi_vancouver_49e70f74-4d22-4bb3-92a1-db6062b10c84,49e70f74-4d22-4bb3-92a1-db6062b10c84,49.282087,-123.056909,1,FALSE,FALSE,23600,0642,1783361838,2026-07-06T18:18:01Z,2026-07-06T18:18:01Z,2026-07-06T18:17:16Z,2.2,https://gbfs.kappa.fifteen.eu/gbfs/2.2/mobi/en/gbfs.json,https://gbfs.kappa.fifteen.eu/gbfs/2.2/mobi/en/free_bike_status.json,2026-07-06T18:18:00Z,2026-07-06T18:18:00Z
mobi_vancouver,mobi_vancouver_4cdb813d-1b0e-4f72-af80-562eb0c8109f,4cdb813d-1b0e-4f72-af80-562eb0c8109f,49.285575,-123.061575,1,FALSE,FALSE,23600,0621,1783361838,2026-07-06T18:18:01Z,2026-07-06T18:18:01Z,2026-07-06T18:17:16Z,2.2,https://gbfs.kappa.fifteen.eu/gbfs/2.2/mobi/en/gbfs.json,https://gbfs.kappa.fifteen.eu/gbfs/2.2/mobi/en/free_bike_status.json,2026-07-06T18:18:00Z,2026-07-06T18:18:00Z
mobi_vancouver,mobi_vancouver_c89e86dd-3d01-4bbf-a04c-d45e8a0bda13,c89e86dd-3d01-4bbf-a04c-d45e8a0bda13,49.252656,-123.067965,1,FALSE,FALSE,23600,0352,1783361838,2026-07-06T18:18:01Z,2026-07-06T18:18:01Z,2026-07-06T18:17:16Z,2.2,https://gbfs.kappa.fifteen.eu/gbfs/2.2/mobi/en/gbfs.json,https://gbfs.kappa.fifteen.eu/gbfs/2.2/mobi/en/free_bike_status.json,2026-07-06T18:18:00Z,2026-07-06T18:18:00Z
mobi_vancouver,mobi_vancouver_74bd84eb-ce74-4b01-adcc-aff7b94bf154,74bd84eb-ce74-4b01-adcc-aff7b94bf154,49.24797,-123.10151,1,FALSE,FALSE,23600,0565,1783361838,2026-07-06T18:18:01Z,2026-07-06T18:18:01Z,2026-07-06T18:17:16Z,2.2,https://gbfs.kappa.fifteen.eu/gbfs/2.2/mobi/en/gbfs.json,https://gbfs.kappa.fifteen.eu/gbfs/2.2/mobi/en/free_bike_status.json,2026-07-06T18:18:00Z,2026-07-06T18:18:00Z
mobi_vancouver,mobi_vancouver_1ffd25a2-c01c-41d6-9911-c0bf9b269337,1ffd25a2-c01c-41d6-9911-c0bf9b269337,49.27751,-123.061429,1,FALSE,FALSE,23600,0617,1783361838,2026-07-06T18:18:01Z,2026-07-06T18:18:01Z,2026-07-06T18:17:16Z,2.2,https://gbfs.kappa.fifteen.eu/gbfs/2.2/mobi/en/gbfs.json,https://gbfs.kappa.fifteen.eu/gbfs/2.2/mobi/en/free_bike_status.json,2026-07-06T18:18:00Z,2026-07-06T18:18:00Z
mobi_vancouver,mobi_vancouver_916b3f4e-b977-4528-8b5d-7da9029c145e,916b3f4e-b977-4528-8b5d-7da9029c145e,49.27751,-123.061429,1,FALSE,FALSE,23600,0617,1783361838,2026-07-06T18:18:01Z,2026-07-06T18:18:01Z,2026-07-06T18:17:16Z,2.2,https://gbfs.kappa.fifteen.eu/gbfs/2.2/mobi/en/gbfs.json,https://gbfs.kappa.fifteen.eu/gbfs/2.2/mobi/en/free_bike_status.json,2026-07-06T18:18:00Z,2026-07-06T18:18:00Z
mobi_vancouver,mobi_vancouver_1a77bb0f-058b-4ccf-a623-eb5e99a2276f,1a77bb0f-058b-4ccf-a623-eb5e99a2276f,49.25094,-123.101306,1,FALSE,FALSE,23600,0563,1783361838,2026-07-06T18:18:01Z,2026-07-06T18:18:01Z,2026-07-06T18:17:16Z,2.2,https://gbfs.kappa.fifteen.eu/gbfs/2.2/mobi/en/gbfs.json,https://gbfs.kappa.fifteen.eu/gbfs/2.2/mobi/en/free_bike_status.json,2026-07-06T18:18:00Z,2026-07-06T18:18:00Z
mobi_vancouver,mobi_vancouver_46ced3c1-8de2-4833-9a33-711f56e7bb7b,46ced3c1-8de2-4833-9a33-711f56e7bb7b,49.2661,-123.24568,1,FALSE,FALSE,23600,2154,1783361838,2026-07-06T18:18:01Z,2026-07-06T18:18:01Z,2026-07-06T18:17:16Z,2.2,https://gbfs.kappa.fifteen.eu/gbfs/2.2/mobi/en/gbfs.json,https://gbfs.kappa.fifteen.eu/gbfs/2.2/mobi/en/free_bike_status.json,2026-07-06T18:18:00Z,2026-07-06T18:18:00Z
mobi_vancouver,mobi_vancouver_8c957963-9318-48b4-8302-4b60028b954e,8c957963-9318-48b4-8302-4b60028b954e,49.2585,-123.2521,1,FALSE,FALSE,23600,2117,1783361838,2026-07-06T18:18:01Z,2026-07-06T18:18:01Z,2026-07-06T18:17:16Z,2.2,https://gbfs.kappa.fifteen.eu/gbfs/2.2/mobi/en/gbfs.json,https://gbfs.kappa.fifteen.eu/gbfs/2.2/mobi/en/free_bike_status.json,2026-07-06T18:18:00Z,2026-07-06T18:18:00Z
mobi_vancouver,mobi_vancouver_76241916-2fdd-4858-b5a0-a50088303651,76241916-2fdd-4858-b5a0-a50088303651,49.271721,-123.104207,1,FALSE,FALSE,24000,0011,1783361838,2026-07-06T18:18:01Z,2026-07-06T18:18:01Z,2026-07-06T18:17:16Z,2.2,https://gbfs.kappa.fifteen.eu/gbfs/2.2/mobi/en/gbfs.json,https://gbfs.kappa.fifteen.eu/gbfs/2.2/mobi/en/free_bike_status.json,2026-07-06T18:18:00Z,2026-07-06T18:18:00Z
mobi_vancouver,mobi_vancouver_afefaf95-51a6-49f9-8359-21ad8aae68d3,afefaf95-51a6-49f9-8359-21ad8aae68d3,49.262487,-123.114397,1,FALSE,FALSE,24000,0001,1783361838,2026-07-06T18:18:01Z,2026-07-06T18:18:01Z,2026-07-06T18:17:16Z,2.2,https://gbfs.kappa.fifteen.eu/gbfs/2.2/mobi/en/gbfs.json,https://gbfs.kappa.fifteen.eu/gbfs/2.2/mobi/en/free_bike_status.json,2026-07-06T18:18:00Z,2026-07-06T18:18:00Z
mobi_vancouver,mobi_vancouver_ccb49485-9e68-4838-905d-eb8f0adffb2f,ccb49485-9e68-4838-905d-eb8f0adffb2f,49.28602,-123.116624,1,FALSE,FALSE,24000,0024,1783361838,2026-07-06T18:18:01Z,2026-07-06T18:18:01Z,2026-07-06T18:17:16Z,2.2,https://gbfs.kappa.fifteen.eu/gbfs/2.2/mobi/en/gbfs.json,https://gbfs.kappa.fifteen.eu/gbfs/2.2/mobi/en/free_bike_status.json,2026-07-06T18:18:00Z,2026-07-06T18:18:00Z
mobi_vancouver,mobi_vancouver_c757126d-5e65-4224-b9b6-af3068cfe247,c757126d-5e65-4224-b9b6-af3068cfe247,49.285871,-123.12105,1,FALSE,FALSE,24000,0002,1783361838,2026-07-06T18:18:01Z,2026-07-06T18:18:01Z,2026-07-06T18:17:16Z,2.2,https://gbfs.kappa.fifteen.eu/gbfs/2.2/mobi/en/gbfs.json,https://gbfs.kappa.fifteen.eu/gbfs/2.2/mobi/en/free_bike_status.json,2026-07-06T18:18:00Z,2026-07-06T18:18:00Z
mobi_vancouver,mobi_vancouver_05f699f9-586b-4c37-b0c2-a8f331806f4e,05f699f9-586b-4c37-b0c2-a8f331806f4e,49.28725,-123.11298,1,FALSE,FALSE,24000,0014,1783361838,2026-07-06T18:18:01Z,2026-07-06T18:18:01Z,2026-07-06T18:17:16Z,2.2,https://gbfs.kappa.fifteen.eu/gbfs/2.2/mobi/en/gbfs.json,https://gbfs.kappa.fifteen.eu/gbfs/2.2/mobi/en/free_bike_status.json,2026-07-06T18:18:00Z,2026-07-06T18:18:00Z
mobi_vancouver,mobi_vancouver_0553f154-9d1e-4042-8e43-594a5e42733e,0553f154-9d1e-4042-8e43-594a5e42733e,49.278095,-123.114685,1,FALSE,FALSE,24000,0026,1783361838,2026-07-06T18:18:01Z,2026-07-06T18:18:01Z,2026-07-06T18:17:16Z,2.2,https://gbfs.kappa.fifteen.eu/gbfs/2.2/mobi/en/gbfs.json,https://gbfs.kappa.fifteen.eu/gbfs/2.2/mobi/en/free_bike_status.json,2026-07-06T18:18:00Z,2026-07-06T18:18:00Z
mobi_vancouver,mobi_vancouver_c03ef985-4750-4296-a43f-4983eb304d64,c03ef985-4750-4296-a43f-4983eb304d64,49.285512,-123.1384,1,FALSE,FALSE,24000,0040,1783361838,2026-07-06T18:18:01Z,2026-07-06T18:18:01Z,2026-07-06T18:17:16Z,2.2,https://gbfs.kappa.fifteen.eu/gbfs/2.2/mobi/en/gbfs.json,https://gbfs.kappa.fifteen.eu/gbfs/2.2/mobi/en/free_bike_status.json,2026-07-06T18:18:00Z,2026-07-06T18:18:00Z
mobi_vancouver,mobi_vancouver_5605e659-3769-41cd-a80d-e04130fd955f,5605e659-3769-41cd-a80d-e04130fd955f,49.289255,-123.132677,1,FALSE,FALSE,24000,0041,1783361838,2026-07-06T18:18:01Z,2026-07-06T18:18:01Z,2026-07-06T18:17:16Z,2.2,https://gbfs.kappa.fifteen.eu/gbfs/2.2/mobi/en/gbfs.json,https://gbfs.kappa.fifteen.eu/gbfs/2.2/mobi/en/free_bike_status.json,2026-07-06T18:18:00Z,2026-07-06T18:18:00Z
mobi_vancouver,mobi_vancouver_fb0de764-5ee7-4d64-a4f4-76bb3fa2e29b,fb0de764-5ee7-4d64-a4f4-76bb3fa2e29b,49.289255,-123.132677,1,FALSE,FALSE,24000,0041,1783361838,2026-07-06T18:18:01Z,2026-07-06T18:18:01Z,2026-07-06T18:17:16Z,2.2,https://gbfs.kappa.fifteen.eu/gbfs/2.2/mobi/en/gbfs.json,https://gbfs.kappa.fifteen.eu/gbfs/2.2/mobi/en/free_bike_status.json,2026-07-06T18:18:00Z,2026-07-06T18:18:00Z
mobi_vancouver,mobi_vancouver_13140ab7-a658-4762-b156-cfbf41604c46,13140ab7-a658-4762-b156-cfbf41604c46,49.285253,-123.134356,1,FALSE,FALSE,24000,0048,1783361838,2026-07-06T18:18:01Z,2026-07-06T18:18:01Z,2026-07-06T18:17:16Z,2.2,https://gbfs.kappa.fifteen.eu/gbfs/2.2/mobi/en/gbfs.json,https://gbfs.kappa.fifteen.eu/gbfs/2.2/mobi/en/free_bike_status.json,2026-07-06T18:18:00Z,2026-07-06T18:18:00Z
mobi_vancouver,mobi_vancouver_214dfc59-c8a8-4be1-9919-ddc347e553fc,214dfc59-c8a8-4be1-9919-ddc347e553fc,49.273833,-123.114373,1,FALSE,FALSE,24000,0057,1783361838,2026-07-06T18:18:01Z,2026-07-06T18:18:01Z,2026-07-06T18:17:16Z,2.2,https://gbfs.kappa.fifteen.eu/gbfs/2.2/mobi/en/gbfs.json,https://gbfs.kappa.fifteen.eu/gbfs/2.2/mobi/en/free_bike_status.json,2026-07-06T18:18:00Z,2026-07-06T18:18:00Z
mobi_vancouver,mobi_vancouver_e54ff2e1-f6a0-4c61-91df-08fdd6dfa5da,e54ff2e1-f6a0-4c61-91df-08fdd6dfa5da,49.282759,-123.106955,1,FALSE,FALSE,24000,0030,1783361838,2026-07-06T18:18:01Z,2026-07-06T18:18:01Z,2026-07-06T18:17:16Z,2.2,https://gbfs.kappa.fifteen.eu/gbfs/2.2/mobi/en/gbfs.json,https://gbfs.kappa.fifteen.eu/gbfs/2.2/mobi/en/free_bike_status.json,2026-07-06T18:18:00Z,2026-07-06T18:18:00Z
mobi_vancouver,mobi_vancouver_07d4a45a-a9cc-4ed4-b71e-050b18b52dbd,07d4a45a-a9cc-4ed4-b71e-050b18b52dbd,49.265605,-123.152566,1,FALSE,FALSE,24000,0109,1783361838,2026-07-06T18:18:01Z,2026-07-06T18:18:01Z,2026-07-06T18:17:16Z,2.2,https://gbfs.kappa.fifteen.eu/gbfs/2.2/mobi/en/gbfs.json,https://gbfs.kappa.fifteen.eu/gbfs/2.2/mobi/en/free_bike_status.json,2026-07-06T18:18:00Z,2026-07-06T18:18:00Z
mobi_vancouver,mobi_vancouver_119c0fc3-02a4-4dab-b7b0-b847dd541706,119c0fc3-02a4-4dab-b7b0-b847dd541706,49.28026,-123.135244,1,FALSE,FALSE,24000,0088,1783361838,2026-07-06T18:18:01Z,2026-07-06T18:18:01Z,2026-07-06T18:17:16Z,2.2,https://gbfs.kappa.fifteen.eu/gbfs/2.2/mobi/en/gbfs.json,https://gbfs.kappa.fifteen.eu/gbfs/2.2/mobi/en/free_bike_status.json,2026-07-06T18:18:00Z,2026-07-06T18:18:00Z
mobi_vancouver,mobi_vancouver_8b787e90-f665-4bae-a65a-9b730ad50aa4,8b787e90-f665-4bae-a65a-9b730ad50aa4,49.266724,-123.104824,1,FALSE,FALSE,24000,0073,1783361838,2026-07-06T18:18:01Z,2026-07-06T18:18:01Z,2026-07-06T18:17:16Z,2.2,https://gbfs.kappa.fifteen.eu/gbfs/2.2/mobi/en/gbfs.json,https://gbfs.kappa.fifteen.eu/gbfs/2.2/mobi/en/free_bike_status.json,2026-07-06T18:18:00Z,2026-07-06T18:18:00Z
mobi_vancouver,mobi_vancouver_7e575bda-7d38-4b6e-b8f5-38a06f56982c,7e575bda-7d38-4b6e-b8f5-38a06f56982c,49.266724,-123.104824,1,FALSE,FALSE,24000,0073,1783361838,2026-07-06T18:18:01Z,2026-07-06T18:18:01Z,2026-07-06T18:17:16Z,2.2,https://gbfs.kappa.fifteen.eu/gbfs/2.2/mobi/en/gbfs.json,https://gbfs.kappa.fifteen.eu/gbfs/2.2/mobi/en/free_bike_status.json,2026-07-06T18:18:00Z,2026-07-06T18:18:00Z
mobi_vancouver,mobi_vancouver_a6f08d04-245a-4fd1-860e-7b8ba3c94df0,a6f08d04-245a-4fd1-860e-7b8ba3c94df0,49.28526,-123.141809,1,FALSE,FALSE,24000,0060,1783361838,2026-07-06T18:18:01Z,2026-07-06T18:18:01Z,2026-07-06T18:17:16Z,2.2,https://gbfs.kappa.fifteen.eu/gbfs/2.2/mobi/en/gbfs.json,https://gbfs.kappa.fifteen.eu/gbfs/2.2/mobi/en/free_bike_status.json,2026-07-06T18:18:00Z,2026-07-06T18:18:00Z
mobi_vancouver,mobi_vancouver_06407f30-0d23-4baa-8089-b2c32aed1e58,06407f30-0d23-4baa-8089-b2c32aed1e58,49.293257,-123.138563,1,FALSE,FALSE,24000,0093,1783361838,2026-07-06T18:18:01Z,2026-07-06T18:18:01Z,2026-07-06T18:17:16Z,2.2,https://gbfs.kappa.fifteen.eu/gbfs/2.2/mobi/en/gbfs.json,https://gbfs.kappa.fifteen.eu/gbfs/2.2/mobi/en/free_bike_status.json,2026-07-06T18:18:00Z,2026-07-06T18:18:00Z
mobi_vancouver,mobi_vancouver_d7ea434d-8f4c-442f-9ef2-fa28bbfb832f,d7ea434d-8f4c-442f-9ef2-fa28bbfb832f,49.293257,-123.138563,1,FALSE,FALSE,24000,0093,1783361838,2026-07-06T18:18:01Z,2026-07-06T18:18:01Z,2026-07-06T18:17:16Z,2.2,https://gbfs.kappa.fifteen.eu/gbfs/2.2/mobi/en/gbfs.json,https://gbfs.kappa.fifteen.eu/gbfs/2.2/mobi/en/free_bike_status.json,2026-07-06T18:18:00Z,2026-07-06T18:18:00Z
mobi_vancouver,mobi_vancouver_2901bc39-b6b7-442a-8fb0-d10c772139d3,2901bc39-b6b7-442a-8fb0-d10c772139d3,49.2756,-123.102661,1,FALSE,FALSE,24000,0148,1783361838,2026-07-06T18:18:01Z,2026-07-06T18:18:01Z,2026-07-06T18:17:16Z,2.2,https://gbfs.kappa.fifteen.eu/gbfs/2.2/mobi/en/gbfs.json,https://gbfs.kappa.fifteen.eu/gbfs/2.2/mobi/en/free_bike_status.json,2026-07-06T18:18:00Z,2026-07-06T18:18:00Z
mobi_vancouver,mobi_vancouver_614dd3e8-2f67-466d-866c-94094f2b4f04,614dd3e8-2f67-466d-866c-94094f2b4f04,49.287097,-123.118551,1,FALSE,FALSE,24000,0016,1783361838,2026-07-06T18:18:01Z,2026-07-06T18:18:01Z,2026-07-06T18:17:16Z,2.2,https://gbfs.kappa.fifteen.eu/gbfs/2.2/mobi/en/gbfs.json,https://gbfs.kappa.fifteen.eu/gbfs/2.2/mobi/en/free_bike_status.json,2026-07-06T18:18:00Z,2026-07-06T18:18:00Z
mobi_vancouver,mobi_vancouver_07315c90-ecf7-4fb5-99a9-8c518c055acd,07315c90-ecf7-4fb5-99a9-8c518c055acd,49.273568,-123.129935,1,FALSE,FALSE,24000,0137,1783361838,2026-07-06T18:18:01Z,2026-07-06T18:18:01Z,2026-07-06T18:17:16Z,2.2,https://gbfs.kappa.fifteen.eu/gbfs/2.2/mobi/en/gbfs.json,https://gbfs.kappa.fifteen.eu/gbfs/2.2/mobi/en/free_bike_status.json,2026-07-06T18:18:00Z,2026-07-06T18:18:00Z
mobi_vancouver,mobi_vancouver_1c3c9aac-f41b-4142-b0bc-6d8a27a370fd,1c3c9aac-f41b-4142-b0bc-6d8a27a370fd,49.273568,-123.129935,1,FALSE,FALSE,24000,0137,1783361838,2026-07-06T18:18:01Z,2026-07-06T18:18:01Z,2026-07-06T18:17:16Z,2.2,https://gbfs.kappa.fifteen.eu/gbfs/2.2/mobi/en/gbfs.json,https://gbfs.kappa.fifteen.eu/gbfs/2.2/mobi/en/free_bike_status.json,2026-07-06T18:18:00Z,2026-07-06T18:18:00Z
mobi_vancouver,mobi_vancouver_9c6ef617-c98d-4de7-a4ab-4bf5b39c3af7,9c6ef617-c98d-4de7-a4ab-4bf5b39c3af7,49.273663,-123.127075,1,FALSE,FALSE,24000,0044,1783361838,2026-07-06T18:18:01Z,2026-07-06T18:18:01Z,2026-07-06T18:17:16Z,2.2,https://gbfs.kappa.fifteen.eu/gbfs/2.2/mobi/en/gbfs.json,https://gbfs.kappa.fifteen.eu/gbfs/2.2/mobi/en/free_bike_status.json,2026-07-06T18:18:00Z,2026-07-06T18:18:00Z
mobi_vancouver,mobi_vancouver_f588e9e6-c7b3-48d0-97f8-ef694b5fcc24,f588e9e6-c7b3-48d0-97f8-ef694b5fcc24,49.269969,-123.109623,1,FALSE,FALSE,24000,0173,1783361838,2026-07-06T18:18:01Z,2026-07-06T18:18:01Z,2026-07-06T18:17:16Z,2.2,https://gbfs.kappa.fifteen.eu/gbfs/2.2/mobi/en/gbfs.json,https://gbfs.kappa.fifteen.eu/gbfs/2.2/mobi/en/free_bike_status.json,2026-07-06T18:18:00Z,2026-07-06T18:18:00Z
mobi_vancouver,mobi_vancouver_2dfc9770-8d66-4a21-b82c-929ffc95848b,2dfc9770-8d66-4a21-b82c-929ffc95848b,49.25845,-123.100377,1,FALSE,FALSE,24000,0134,1783361838,2026-07-06T18:18:01Z,2026-07-06T18:18:01Z,2026-07-06T18:17:16Z,2.2,https://gbfs.kappa.fifteen.eu/gbfs/2.2/mobi/en/gbfs.json,https://gbfs.kappa.fifteen.eu/gbfs/2.2/mobi/en/free_bike_status.json,2026-07-06T18:18:00Z,2026-07-06T18:18:00Z
mobi_vancouver,mobi_vancouver_6defba37-547c-486e-b8c5-8a126cdef885,6defba37-547c-486e-b8c5-8a126cdef885,49.266476,-123.109389,1,FALSE,FALSE,24000,0165,1783361838,2026-07-06T18:18:01Z,2026-07-06T18:18:01Z,2026-07-06T18:17:16Z,2.2,https://gbfs.kappa.fifteen.eu/gbfs/2.2/mobi/en/gbfs.json,https://gbfs.kappa.fifteen.eu/gbfs/2.2/mobi/en/free_bike_status.json,2026-07-06T18:18:00Z,2026-07-06T18:18:00Z
mobi_vancouver,mobi_vancouver_728ea2fa-98cc-4644-971e-ec0df1972ea7,728ea2fa-98cc-4644-971e-ec0df1972ea7,49.266476,-123.109389,1,FALSE,FALSE,24000,0165,1783361838,2026-07-06T18:18:01Z,2026-07-06T18:18:01Z,2026-07-06T18:17:16Z,2.2,https://gbfs.kappa.fifteen.eu/gbfs/2.2/mobi/en/gbfs.json,https://gbfs.kappa.fifteen.eu/gbfs/2.2/mobi/en/free_bike_status.json,2026-07-06T18:18:00Z,2026-07-06T18:18:00Z
mobi_vancouver,mobi_vancouver_5a366f17-947b-47db-98a8-7dc6fbe22a40,5a366f17-947b-47db-98a8-7dc6fbe22a40,49.284157,-123.099917,1,FALSE,FALSE,24000,0150,1783361838,2026-07-06T18:18:01Z,2026-07-06T18:18:01Z,2026-07-06T18:17:16Z,2.2,https://gbfs.kappa.fifteen.eu/gbfs/2.2/mobi/en/gbfs.json,https://gbfs.kappa.fifteen.eu/gbfs/2.2/mobi/en/free_bike_status.json,2026-07-06T18:18:00Z,2026-07-06T18:18:00Z
mobi_vancouver,mobi_vancouver_a77c63e3-f308-4f5c-89bf-a7e0fec1ff7a,a77c63e3-f308-4f5c-89bf-a7e0fec1ff7a,49.276292,-123.150592,1,FALSE,FALSE,24000,0155,1783361838,2026-07-06T18:18:01Z,2026-07-06T18:18:01Z,2026-07-06T18:17:16Z,2.2,https://gbfs.kappa.fifteen.eu/gbfs/2.2/mobi/en/gbfs.json,https://gbfs.kappa.fifteen.eu/gbfs/2.2/mobi/en/free_bike_status.json,2026-07-06T18:18:00Z,2026-07-06T18:18:00Z
mobi_vancouver,mobi_vancouver_efc77ea1-71f1-491f-a556-24381bbfdd44,efc77ea1-71f1-491f-a556-24381bbfdd44,49.276292,-123.150592,1,FALSE,FALSE,24000,0155,1783361838,2026-07-06T18:18:01Z,2026-07-06T18:18:01Z,2026-07-06T18:17:16Z,2.2,https://gbfs.kappa.fifteen.eu/gbfs/2.2/mobi/en/gbfs.json,https://gbfs.kappa.fifteen.eu/gbfs/2.2/mobi/en/free_bike_status.json,2026-07-06T18:18:00Z,2026-07-06T18:18:00Z
mobi_vancouver,mobi_vancouver_303b8355-dd7a-4dac-9ef3-05a8313b2c6f,303b8355-dd7a-4dac-9ef3-05a8313b2c6f,49.275938,-123.145939,1,FALSE,FALSE,24000,0147,1783361838,2026-07-06T18:18:01Z,2026-07-06T18:18:01Z,2026-07-06T18:17:16Z,2.2,https://gbfs.kappa.fifteen.eu/gbfs/2.2/mobi/en/gbfs.json,https://gbfs.kappa.fifteen.eu/gbfs/2.2/mobi/en/free_bike_status.json,2026-07-06T18:18:00Z,2026-07-06T18:18:00Z
mobi_vancouver,mobi_vancouver_4bef1049-e4e5-47ab-842f-4c9c8db639a4,4bef1049-e4e5-47ab-842f-4c9c8db639a4,49.262944,-123.148109,1,FALSE,FALSE,24000,0068,1783361838,2026-07-06T18:18:01Z,2026-07-06T18:18:01Z,2026-07-06T18:17:16Z,2.2,https://gbfs.kappa.fifteen.eu/gbfs/2.2/mobi/en/gbfs.json,https://gbfs.kappa.fifteen.eu/gbfs/2.2/mobi/en/free_bike_status.json,2026-07-06T18:18:00Z,2026-07-06T18:18:00Z
mobi_vancouver,mobi_vancouver_7c5f097b-81a9-431d-a27d-217e1582bb37,7c5f097b-81a9-431d-a27d-217e1582bb37,49.262944,-123.148109,1,FALSE,FALSE,24000,0068,1783361838,2026-07-06T18:18:01Z,2026-07-06T18:18:01Z,2026-07-06T18:17:16Z,2.2,https://gbfs.kappa.fifteen.eu/gbfs/2.2/mobi/en/gbfs.json,https://gbfs.kappa.fifteen.eu/gbfs/2.2/mobi/en/free_bike_status.json,2026-07-06T18:18:00Z,2026-07-06T18:18:00Z
mobi_vancouver,mobi_vancouver_95eb0a17-def9-493e-bc66-4ab60f6a969a,95eb0a17-def9-493e-bc66-4ab60f6a969a,49.268339,-123.157443,1,FALSE,FALSE,24000,0159,1783361838,2026-07-06T18:18:01Z,2026-07-06T18:18:01Z,2026-07-06T18:17:16Z,2.2,https://gbfs.kappa.fifteen.eu/gbfs/2.2/mobi/en/gbfs.json,https://gbfs.kappa.fifteen.eu/gbfs/2.2/mobi/en/free_bike_status.json,2026-07-06T18:18:00Z,2026-07-06T18:18:00Z
mobi_vancouver,mobi_vancouver_869863ae-7bb5-4b83-b0d5-4668d55bab4a,869863ae-7bb5-4b83-b0d5-4668d55bab4a,49.274566,-123.121817,1,FALSE,FALSE,24000,0004,1783361838,2026-07-06T18:18:01Z,2026-07-06T18:18:01Z,2026-07-06T18:17:16Z,2.2,https://gbfs.kappa.fifteen.eu/gbfs/2.2/mobi/en/gbfs.json,https://gbfs.kappa.fifteen.eu/gbfs/2.2/mobi/en/free_bike_status.json,2026-07-06T18:18:00Z,2026-07-06T18:18:00Z
mobi_vancouver,mobi_vancouver_a79cb2b0-8091-4940-9c11-d401fda7dc7a,a79cb2b0-8091-4940-9c11-d401fda7dc7a,49.274566,-123.121817,1,FALSE,FALSE,24000,0004,1783361838,2026-07-06T18:18:01Z,2026-07-06T18:18:01Z,2026-07-06T18:17:16Z,2.2,https://gbfs.kappa.fifteen.eu/gbfs/2.2/mobi/en/gbfs.json,https://gbfs.kappa.fifteen.eu/gbfs/2.2/mobi/en/free_bike_status.json,2026-07-06T18:18:00Z,2026-07-06T18:18:00Z
mobi_vancouver,mobi_vancouver_00145d80-5497-4990-823f-b1710c1f0e1b,00145d80-5497-4990-823f-b1710c1f0e1b,49.274566,-123.121817,1,FALSE,FALSE,24000,0004,1783361838,2026-07-06T18:18:01Z,2026-07-06T18:18:01Z,2026-07-06T18:17:16Z,2.2,https://gbfs.kappa.fifteen.eu/gbfs/2.2/mobi/en/gbfs.json,https://gbfs.kappa.fifteen.eu/gbfs/2.2/mobi/en/free_bike_status.json,2026-07-06T18:18:00Z,2026-07-06T18:18:00Z
mobi_vancouver,mobi_vancouver_9e1ce9c8-3a66-4cbe-9cbf-2e471718455a,9e1ce9c8-3a66-4cbe-9cbf-2e471718455a,49.279342,-123.101822,1,FALSE,FALSE,24000,0055,1783361838,2026-07-06T18:18:01Z,2026-07-06T18:18:01Z,2026-07-06T18:17:16Z,2.2,https://gbfs.kappa.fifteen.eu/gbfs/2.2/mobi/en/gbfs.json,https://gbfs.kappa.fifteen.eu/gbfs/2.2/mobi/en/free_bike_status.json,2026-07-06T18:18:00Z,2026-07-06T18:18:00Z
mobi_vancouver,mobi_vancouver_74679313-c0aa-484d-8681-3ba7cb9b5317,74679313-c0aa-484d-8681-3ba7cb9b5317,49.262206,-123.109091,1,FALSE,FALSE,24000,0172,1783361838,2026-07-06T18:18:01Z,2026-07-06T18:18:01Z,2026-07-06T18:17:16Z,2.2,https://gbfs.kappa.fifteen.eu/gbfs/2.2/mobi/en/gbfs.json,https://gbfs.kappa.fifteen.eu/gbfs/2.2/mobi/en/free_bike_status.json,2026-07-06T18:18:00Z,2026-07-06T18:18:00Z
mobi_vancouver,mobi_vancouver_d2cddbb3-6f15-4f25-ab48-000435d2f295,d2cddbb3-6f15-4f25-ab48-000435d2f295,49.273355,-123.154493,1,FALSE,FALSE,24000,0154,1783361838,2026-07-06T18:18:01Z,2026-07-06T18:18:01Z,2026-07-06T18:17:16Z,2.2,https://gbfs.kappa.fifteen.eu/gbfs/2.2/mobi/en/gbfs.json,https://gbfs.kappa.fifteen.eu/gbfs/2.2/mobi/en/free_bike_status.json,2026-07-06T18:18:00Z,2026-07-06T18:18:00Z
mobi_vancouver,mobi_vancouver_adb3b050-574e-435c-bbcd-c681e55c0722,adb3b050-574e-435c-bbcd-c681e55c0722,49.268216,-123.103168,1,FALSE,FALSE,24000,0119,1783361838,2026-07-06T18:18:01Z,2026-07-06T18:18:01Z,2026-07-06T18:17:16Z,2.2,https://gbfs.kappa.fifteen.eu/gbfs/2.2/mobi/en/gbfs.json,https://gbfs.kappa.fifteen.eu/gbfs/2.2/mobi/en/free_bike_status.json,2026-07-06T18:18:00Z,2026-07-06T18:18:00Z
mobi_vancouver,mobi_vancouver_2a23e1ff-2e3f-4e6c-a3f1-d4c724e5071d,2a23e1ff-2e3f-4e6c-a3f1-d4c724e5071d,49.268216,-123.103168,1,FALSE,FALSE,24000,0119,1783361838,2026-07-06T18:18:01Z,2026-07-06T18:18:01Z,2026-07-06T18:17:16Z,2.2,https://gbfs.kappa.fifteen.eu/gbfs/2.2/mobi/en/gbfs.json,https://gbfs.kappa.fifteen.eu/gbfs/2.2/mobi/en/free_bike_status.json,2026-07-06T18:18:00Z,2026-07-06T18:18:00Z
mobi_vancouver,mobi_vancouver_bca7601d-5a24-4f35-a849-af54ec001a2c,bca7601d-5a24-4f35-a849-af54ec001a2c,49.281301,-123.139108,1,FALSE,FALSE,24000,0084,1783361838,2026-07-06T18:18:01Z,2026-07-06T18:18:01Z,2026-07-06T18:17:16Z,2.2,https://gbfs.kappa.fifteen.eu/gbfs/2.2/mobi/en/gbfs.json,https://gbfs.kappa.fifteen.eu/gbfs/2.2/mobi/en/free_bike_status.json,2026-07-06T18:18:00Z,2026-07-06T18:18:00Z
mobi_vancouver,mobi_vancouver_3887273c-d9c9-43dd-bdad-b1080b3c75ba,3887273c-d9c9-43dd-bdad-b1080b3c75ba,49.29534,-123.150433,1,FALSE,FALSE,24000,0102,1783361838,2026-07-06T18:18:01Z,2026-07-06T18:18:01Z,2026-07-06T18:17:16Z,2.2,https://gbfs.kappa.fifteen.eu/gbfs/2.2/mobi/en/gbfs.json,https://gbfs.kappa.fifteen.eu/gbfs/2.2/mobi/en/free_bike_status.json,2026-07-06T18:18:00Z,2026-07-06T18:18:00Z
mobi_vancouver,mobi_vancouver_a5d17e1b-e900-4dda-8df9-1213a6e12f69,a5d17e1b-e900-4dda-8df9-1213a6e12f69,49.29534,-123.150433,1,FALSE,FALSE,24000,0102,1783361838,2026-07-06T18:18:01Z,2026-07-06T18:18:01Z,2026-07-06T18:17:16Z,2.2,https://gbfs.kappa.fifteen.eu/gbfs/2.2/mobi/en/gbfs.json,https://gbfs.kappa.fifteen.eu/gbfs/2.2/mobi/en/free_bike_status.json,2026-07-06T18:18:00Z,2026-07-06T18:18:00Z
mobi_vancouver,mobi_vancouver_0e327502-2b24-4ced-9f46-25abb6facd50,0e327502-2b24-4ced-9f46-25abb6facd50,49.294318,-123.148808,1,FALSE,FALSE,24000,0104,1783361838,2026-07-06T18:18:01Z,2026-07-06T18:18:01Z,2026-07-06T18:17:16Z,2.2,https://gbfs.kappa.fifteen.eu/gbfs/2.2/mobi/en/gbfs.json,https://gbfs.kappa.fifteen.eu/gbfs/2.2/mobi/en/free_bike_status.json,2026-07-06T18:18:00Z,2026-07-06T18:18:00Z
mobi_vancouver,mobi_vancouver_e6d3fa24-bad6-4302-a1b8-fdf5128b9b10,e6d3fa24-bad6-4302-a1b8-fdf5128b9b10,49.266774,-123.141135,1,FALSE,FALSE,24000,0153,1783361838,2026-07-06T18:18:01Z,2026-07-06T18:18:01Z,2026-07-06T18:17:16Z,2.2,https://gbfs.kappa.fifteen.eu/gbfs/2.2/mobi/en/gbfs.json,https://gbfs.kappa.fifteen.eu/gbfs/2.2/mobi/en/free_bike_status.json,2026-07-06T18:18:00Z,2026-07-06T18:18:00Z
mobi_vancouver,mobi_vancouver_0c81a6a4-b283-4ea5-a628-01fc17e46b91,0c81a6a4-b283-4ea5-a628-01fc17e46b91,49.265336,-123.145823,1,FALSE,FALSE,24000,0140,1783361838,2026-07-06T18:18:01Z,2026-07-06T18:18:01Z,2026-07-06T18:17:16Z,2.2,https://gbfs.kappa.fifteen.eu/gbfs/2.2/mobi/en/gbfs.json,https://gbfs.kappa.fifteen.eu/gbfs/2.2/mobi/en/free_bike_status.json,2026-07-06T18:18:00Z,2026-07-06T18:18:00Z
mobi_vancouver,mobi_vancouver_d24731e9-b9be-421d-90fd-a68a28725ca4,d24731e9-b9be-421d-90fd-a68a28725ca4,49.278529,-123.100017,1,FALSE,FALSE,24000,0199,1783361838,2026-07-06T18:18:01Z,2026-07-06T18:18:01Z,2026-07-06T18:17:16Z,2.2,https://gbfs.kappa.fifteen.eu/gbfs/2.2/mobi/en/gbfs.json,https://gbfs.kappa.fifteen.eu/gbfs/2.2/mobi/en/free_bike_status.json,2026-07-06T18:18:00Z,2026-07-06T18:18:00Z
mobi_vancouver,mobi_vancouver_bd74c708-de12-45b6-b122-995c3fefbef5,bd74c708-de12-45b6-b122-995c3fefbef5,49.278529,-123.100017,1,FALSE,FALSE,24000,0199,1783361838,2026-07-06T18:18:01Z,2026-07-06T18:18:01Z,2026-07-06T18:17:16Z,2.2,https://gbfs.kappa.fifteen.eu/gbfs/2.2/mobi/en/gbfs.json,https://gbfs.kappa.fifteen.eu/gbfs/2.2/mobi/en/free_bike_status.json,2026-07-06T18:18:00Z,2026-07-06T18:18:00Z
mobi_vancouver,mobi_vancouver_fb0ed71c-5370-405c-ae3c-0f97ef895f7e,fb0ed71c-5370-405c-ae3c-0f97ef895f7e,49.283227,-123.120523,1,FALSE,FALSE,24000,0099,1783361838,2026-07-06T18:18:01Z,2026-07-06T18:18:01Z,2026-07-06T18:17:16Z,2.2,https://gbfs.kappa.fifteen.eu/gbfs/2.2/mobi/en/gbfs.json,https://gbfs.kappa.fifteen.eu/gbfs/2.2/mobi/en/free_bike_status.json,2026-07-06T18:18:00Z,2026-07-06T18:18:00Z
mobi_vancouver,mobi_vancouver_0397903d-068a-4e3c-8858-5741a46b67bd,0397903d-068a-4e3c-8858-5741a46b67bd,49.28117,-123.104419,1,FALSE,FALSE,24000,0098,1783361838,2026-07-06T18:18:01Z,2026-07-06T18:18:01Z,2026-07-06T18:17:16Z,2.2,https://gbfs.kappa.fifteen.eu/gbfs/2.2/mobi/en/gbfs.json,https://gbfs.kappa.fifteen.eu/gbfs/2.2/mobi/en/free_bike_status.json,2026-07-06T18:18:00Z,2026-07-06T18:18:00Z
mobi_vancouver,mobi_vancouver_565b293b-0779-4c89-844b-874d69a84ca4,565b293b-0779-4c89-844b-874d69a84ca4,49.280852,-123.084746,1,FALSE,FALSE,24000,0227,1783361838,2026-07-06T18:18:01Z,2026-07-06T18:18:01Z,2026-07-06T18:17:16Z,2.2,https://gbfs.kappa.fifteen.eu/gbfs/2.2/mobi/en/gbfs.json,https://gbfs.kappa.fifteen.eu/gbfs/2.2/mobi/en/free_bike_status.json,2026-07-06T18:18:00Z,2026-07-06T18:18:00Z
mobi_vancouver,mobi_vancouver_a374956a-17bd-4b17-a4fa-a007ff273091,a374956a-17bd-4b17-a4fa-a007ff273091,49.258817,-123.092797,1,FALSE,FALSE,24000,0258,1783361838,2026-07-06T18:18:01Z,2026-07-06T18:18:01Z,2026-07-06T18:17:16Z,2.2,https://gbfs.kappa.fifteen.eu/gbfs/2.2/mobi/en/gbfs.json,https://gbfs.kappa.fifteen.eu/gbfs/2.2/mobi/en/free_bike_status.json,2026-07-06T18:18:00Z,2026-07-06T18:18:00Z
mobi_vancouver,mobi_vancouver_1ca35840-d9ca-4593-93f6-01b0db15834b,1ca35840-d9ca-4593-93f6-01b0db15834b,49.280881,-123.130672,1,FALSE,FALSE,24000,0126,1783361838,2026-07-06T18:18:01Z,2026-07-06T18:18:01Z,2026-07-06T18:17:16Z,2.2,https://gbfs.kappa.fifteen.eu/gbfs/2.2/mobi/en/gbfs.json,https://gbfs.kappa.fifteen.eu/gbfs/2.2/mobi/en/free_bike_status.json,2026-07-06T18:18:00Z,2026-07-06T18:18:00Z
mobi_vancouver,mobi_vancouver_4018d7ce-be23-41a8-8f90-62ec038e9c65,4018d7ce-be23-41a8-8f90-62ec038e9c65,49.283986,-123.065264,1,FALSE,FALSE,24000,0280,1783361838,2026-07-06T18:18:01Z,2026-07-06T18:18:01Z,2026-07-06T18:17:16Z,2.2,https://gbfs.kappa.fifteen.eu/gbfs/2.2/mobi/en/gbfs.json,https://gbfs.kappa.fifteen.eu/gbfs/2.2/mobi/en/free_bike_status.json,2026-07-06T18:18:00Z,2026-07-06T18:18:00Z
mobi_vancouver,mobi_vancouver_4cd6b1df-f4ba-4408-9801-36b854561831,4cd6b1df-f4ba-4408-9801-36b854561831,49.302577,-123.155616,1,FALSE,FALSE,24000,0103,1783361838,2026-07-06T18:18:01Z,2026-07-06T18:18:01Z,2026-07-06T18:17:16Z,2.2,https://gbfs.kappa.fifteen.eu/gbfs/2.2/mobi/en/gbfs.json,https://gbfs.kappa.fifteen.eu/gbfs/2.2/mobi/en/free_bike_status.json,2026-07-06T18:18:00Z,2026-07-06T18:18:00Z
mobi_vancouver,mobi_vancouver_b7a62e0b-7e23-4612-ab4e-c04fe5425131,b7a62e0b-7e23-4612-ab4e-c04fe5425131,49.302577,-123.155616,1,FALSE,FALSE,24000,0103,1783361838,2026-07-06T18:18:01Z,2026-07-06T18:18:01Z,2026-07-06T18:17:16Z,2.2,https://gbfs.kappa.fifteen.eu/gbfs/2.2/mobi/en/gbfs.json,https://gbfs.kappa.fifteen.eu/gbfs/2.2/mobi/en/free_bike_status.json,2026-07-06T18:18:00Z,2026-07-06T18:18:00Z
mobi_vancouver,mobi_vancouver_2e43838c-d42e-4af6-bfce-eafcc47bc9ac,2e43838c-d42e-4af6-bfce-eafcc47bc9ac,49.279235,-123.087528,1,FALSE,FALSE,24000,0228,1783361838,2026-07-06T18:18:01Z,2026-07-06T18:18:01Z,2026-07-06T18:17:16Z,2.2,https://gbfs.kappa.fifteen.eu/gbfs/2.2/mobi/en/gbfs.json,https://gbfs.kappa.fifteen.eu/gbfs/2.2/mobi/en/free_bike_status.json,2026-07-06T18:18:00Z,2026-07-06T18:18:00Z
mobi_vancouver,mobi_vancouver_97f2ff77-ee3b-4841-b35f-9e5ddf8878fe,97f2ff77-ee3b-4841-b35f-9e5ddf8878fe,49.277333,-123.087359,1,FALSE,FALSE,24000,0219,1783361838,2026-07-06T18:18:01Z,2026-07-06T18:18:01Z,2026-07-06T18:17:16Z,2.2,https://gbfs.kappa.fifteen.eu/gbfs/2.2/mobi/en/gbfs.json,https://gbfs.kappa.fifteen.eu/gbfs/2.2/mobi/en/free_bike_status.json,2026-07-06T18:18:00Z,2026-07-06T18:18:00Z
mobi_vancouver,mobi_vancouver_b758bd14-f99e-41ce-bcea-ddc89c992218,b758bd14-f99e-41ce-bcea-ddc89c992218,49.277333,-123.087359,1,FALSE,FALSE,24000,0219,1783361838,2026-07-06T18:18:01Z,2026-07-06T18:18:01Z,2026-07-06T18:17:16Z,2.2,https://gbfs.kappa.fifteen.eu/gbfs/2.2/mobi/en/gbfs.json,https://gbfs.kappa.fifteen.eu/gbfs/2.2/mobi/en/free_bike_status.json,2026-07-06T18:18:00Z,2026-07-06T18:18:00Z
mobi_vancouver,mobi_vancouver_644cd4e6-6814-452e-8a20-7c54a6500a4c,644cd4e6-6814-452e-8a20-7c54a6500a4c,49.263962,-123.112621,1,FALSE,FALSE,24000,0170,1783361838,2026-07-06T18:18:01Z,2026-07-06T18:18:01Z,2026-07-06T18:17:16Z,2.2,https://gbfs.kappa.fifteen.eu/gbfs/2.2/mobi/en/gbfs.json,https://gbfs.kappa.fifteen.eu/gbfs/2.2/mobi/en/free_bike_status.json,2026-07-06T18:18:00Z,2026-07-06T18:18:00Z
mobi_vancouver,mobi_vancouver_e1e75a6c-4461-4f1c-86e8-86671a660f47,e1e75a6c-4461-4f1c-86e8-86671a660f47,49.263962,-123.112621,1,FALSE,FALSE,24000,0170,1783361838,2026-07-06T18:18:01Z,2026-07-06T18:18:01Z,2026-07-06T18:17:16Z,2.2,https://gbfs.kappa.fifteen.eu/gbfs/2.2/mobi/en/gbfs.json,https://gbfs.kappa.fifteen.eu/gbfs/2.2/mobi/en/free_bike_status.json,2026-07-06T18:18:00Z,2026-07-06T18:18:00Z
mobi_vancouver,mobi_vancouver_9bc93f00-a817-433a-8e1e-80981ce8e135,9bc93f00-a817-433a-8e1e-80981ce8e135,49.267725,-123.11311,1,FALSE,FALSE,24000,0144,1783361838,2026-07-06T18:18:01Z,2026-07-06T18:18:01Z,2026-07-06T18:17:16Z,2.2,https://gbfs.kappa.fifteen.eu/gbfs/2.2/mobi/en/gbfs.json,https://gbfs.kappa.fifteen.eu/gbfs/2.2/mobi/en/free_bike_status.json,2026-07-06T18:18:00Z,2026-07-06T18:18:00Z
mobi_vancouver,mobi_vancouver_e9fb6290-1445-425e-a5c1-33a6cf152b9f,e9fb6290-1445-425e-a5c1-33a6cf152b9f,49.27029,-123.135025,1,FALSE,FALSE,24000,0189,1783361838,2026-07-06T18:18:01Z,2026-07-06T18:18:01Z,2026-07-06T18:17:16Z,2.2,https://gbfs.kappa.fifteen.eu/gbfs/2.2/mobi/en/gbfs.json,https://gbfs.kappa.fifteen.eu/gbfs/2.2/mobi/en/free_bike_status.json,2026-07-06T18:18:00Z,2026-07-06T18:18:00Z
mobi_vancouver,mobi_vancouver_3340a0f4-5f95-4638-b02b-78826d64b4aa,3340a0f4-5f95-4638-b02b-78826d64b4aa,49.27029,-123.135025,1,FALSE,FALSE,24000,0189,1783361838,2026-07-06T18:18:01Z,2026-07-06T18:18:01Z,2026-07-06T18:17:16Z,2.2,https://gbfs.kappa.fifteen.eu/gbfs/2.2/mobi/en/gbfs.json,https://gbfs.kappa.fifteen.eu/gbfs/2.2/mobi/en/free_bike_status.json,2026-07-06T18:18:00Z,2026-07-06T18:18:00Z
mobi_vancouver,mobi_vancouver_e1897d64-a49a-47cb-a0f5-17658dbb3425,e1897d64-a49a-47cb-a0f5-17658dbb3425,49.27029,-123.135025,1,FALSE,FALSE,24000,0189,1783361838,2026-07-06T18:18:01Z,2026-07-06T18:18:01Z,2026-07-06T18:17:16Z,2.2,https://gbfs.kappa.fifteen.eu/gbfs/2.2/mobi/en/gbfs.json,https://gbfs.kappa.fifteen.eu/gbfs/2.2/mobi/en/free_bike_status.json,2026-07-06T18:18:00Z,2026-07-06T18:18:00Z
mobi_vancouver,mobi_vancouver_7f2d4458-70b3-4410-a732-4527351682d3,7f2d4458-70b3-4410-a732-4527351682d3,49.27029,-123.135025,1,FALSE,FALSE,24000,0189,1783361838,2026-07-06T18:18:01Z,2026-07-06T18:18:01Z,2026-07-06T18:17:16Z,2.2,https://gbfs.kappa.fifteen.eu/gbfs/2.2/mobi/en/gbfs.json,https://gbfs.kappa.fifteen.eu/gbfs/2.2/mobi/en/free_bike_status.json,2026-07-06T18:18:00Z,2026-07-06T18:18:00Z
mobi_vancouver,mobi_vancouver_4e5f2601-6cba-474f-a813-0d66408449ce,4e5f2601-6cba-474f-a813-0d66408449ce,49.28512,-123.11242,1,FALSE,FALSE,24000,0308,1783361838,2026-07-06T18:18:01Z,2026-07-06T18:18:01Z,2026-07-06T18:17:16Z,2.2,https://gbfs.kappa.fifteen.eu/gbfs/2.2/mobi/en/gbfs.json,https://gbfs.kappa.fifteen.eu/gbfs/2.2/mobi/en/free_bike_status.json,2026-07-06T18:18:00Z,2026-07-06T18:18:00Z
mobi_vancouver,mobi_vancouver_dd2476c0-5b60-4ec8-8e82-e4c3a7ed7739,dd2476c0-5b60-4ec8-8e82-e4c3a7ed7739,49.27247,-123.185643,1,FALSE,FALSE,24000,0410,1783361838,2026-07-06T18:18:01Z,2026-07-06T18:18:01Z,2026-07-06T18:17:16Z,2.2,https://gbfs.kappa.fifteen.eu/gbfs/2.2/mobi/en/gbfs.json,https://gbfs.kappa.fifteen.eu/gbfs/2.2/mobi/en/free_bike_status.json,2026-07-06T18:18:00Z,2026-07-06T18:18:00Z
mobi_vancouver,mobi_vancouver_b7049532-f409-4fe0-93f4-41409e601328,b7049532-f409-4fe0-93f4-41409e601328,49.264579,-123.18373,1,FALSE,FALSE,24000,0415,1783361838,2026-07-06T18:18:01Z,2026-07-06T18:18:01Z,2026-07-06T18:17:16Z,2.2,https://gbfs.kappa.fifteen.eu/gbfs/2.2/mobi/en/gbfs.json,https://gbfs.kappa.fifteen.eu/gbfs/2.2/mobi/en/free_bike_status.json,2026-07-06T18:18:00Z,2026-07-06T18:18:00Z
mobi_vancouver,mobi_vancouver_d001bc14-67ea-40cf-a207-98f573b76fb5,d001bc14-67ea-40cf-a207-98f573b76fb5,49.263523,-123.155267,1,FALSE,FALSE,24000,0484,1783361838,2026-07-06T18:18:01Z,2026-07-06T18:18:01Z,2026-07-06T18:17:16Z,2.2,https://gbfs.kappa.fifteen.eu/gbfs/2.2/mobi/en/gbfs.json,https://gbfs.kappa.fifteen.eu/gbfs/2.2/mobi/en/free_bike_status.json,2026-07-06T18:18:00Z,2026-07-06T18:18:00Z
mobi_vancouver,mobi_vancouver_5a21ebd7-4860-4ece-82b5-1f81e12cd454,5a21ebd7-4860-4ece-82b5-1f81e12cd454,49.272172,-123.097978,1,FALSE,FALSE,24000,0354,1783361838,2026-07-06T18:18:01Z,2026-07-06T18:18:01Z,2026-07-06T18:17:16Z,2.2,https://gbfs.kappa.fifteen.eu/gbfs/2.2/mobi/en/gbfs.json,https://gbfs.kappa.fifteen.eu/gbfs/2.2/mobi/en/free_bike_status.json,2026-07-06T18:18:00Z,2026-07-06T18:18:00Z
mobi_vancouver,mobi_vancouver_b1c99cc6-a947-40fd-92ba-0ebe9fc2a960,b1c99cc6-a947-40fd-92ba-0ebe9fc2a960,49.272172,-123.097978,1,FALSE,FALSE,24000,0354,1783361838,2026-07-06T18:18:01Z,2026-07-06T18:18:01Z,2026-07-06T18:17:16Z,2.2,https://gbfs.kappa.fifteen.eu/gbfs/2.2/mobi/en/gbfs.json,https://gbfs.kappa.fifteen.eu/gbfs/2.2/mobi/en/free_bike_status.json,2026-07-06T18:18:00Z,2026-07-06T18:18:00Z
mobi_vancouver,mobi_vancouver_6920112d-1530-4555-8260-8a9bba8a1eb8,6920112d-1530-4555-8260-8a9bba8a1eb8,49.268837,-123.177633,1,FALSE,FALSE,24000,0431,1783361838,2026-07-06T18:18:01Z,2026-07-06T18:18:01Z,2026-07-06T18:17:16Z,2.2,https://gbfs.kappa.fifteen.eu/gbfs/2.2/mobi/en/gbfs.json,https://gbfs.kappa.fifteen.eu/gbfs/2.2/mobi/en/free_bike_status.json,2026-07-06T18:18:00Z,2026-07-06T18:18:00Z
mobi_vancouver,mobi_vancouver_e1fe35fc-a780-4249-92ff-6e5ff1975549,e1fe35fc-a780-4249-92ff-6e5ff1975549,49.243375,-123.104978,1,FALSE,FALSE,24000,0557,1783361838,2026-07-06T18:18:01Z,2026-07-06T18:18:01Z,2026-07-06T18:17:16Z,2.2,https://gbfs.kappa.fifteen.eu/gbfs/2.2/mobi/en/gbfs.json,https://gbfs.kappa.fifteen.eu/gbfs/2.2/mobi/en/free_bike_status.json,2026-07-06T18:18:00Z,2026-07-06T18:18:00Z
mobi_vancouver,mobi_vancouver_0086492a-9aef-4987-afd9-8df619c149ae,0086492a-9aef-4987-afd9-8df619c149ae,49.251358,-123.115637,1,FALSE,FALSE,24000,0532,1783361838,2026-07-06T18:18:01Z,2026-07-06T18:18:01Z,2026-07-06T18:17:16Z,2.2,https://gbfs.kappa.fifteen.eu/gbfs/2.2/mobi/en/gbfs.json,https://gbfs.kappa.fifteen.eu/gbfs/2.2/mobi/en/free_bike_status.json,2026-07-06T18:18:00Z,2026-07-06T18:18:00Z
mobi_vancouver,mobi_vancouver_7576b27a-9b69-4481-bc27-dcb8674f5169,7576b27a-9b69-4481-bc27-dcb8674f5169,49.25094,-123.101306,1,FALSE,FALSE,24000,0563,1783361838,2026-07-06T18:18:01Z,2026-07-06T18:18:01Z,2026-07-06T18:17:16Z,2.2,https://gbfs.kappa.fifteen.eu/gbfs/2.2/mobi/en/gbfs.json,https://gbfs.kappa.fifteen.eu/gbfs/2.2/mobi/en/free_bike_status.json,2026-07-06T18:18:00Z,2026-07-06T18:18:00Z
mobi_vancouver,mobi_vancouver_c86e1cb4-314c-4907-b67f-064e92f2d85e,c86e1cb4-314c-4907-b67f-064e92f2d85e,49.2661,-123.24568,1,FALSE,FALSE,24000,2154,1783361838,2026-07-06T18:18:01Z,2026-07-06T18:18:01Z,2026-07-06T18:17:16Z,2.2,https://gbfs.kappa.fifteen.eu/gbfs/2.2/mobi/en/gbfs.json,https://gbfs.kappa.fifteen.eu/gbfs/2.2/mobi/en/free_bike_status.json,2026-07-06T18:18:00Z,2026-07-06T18:18:00Z
mobi_vancouver,mobi_vancouver_620db24b-14c4-4e3a-b97d-33f76a88bed3,620db24b-14c4-4e3a-b97d-33f76a88bed3,49.293264,-123.132861,1,FALSE,FALSE,24000,0181,1783361838,2026-07-06T18:18:01Z,2026-07-06T18:18:01Z,2026-07-06T18:17:16Z,2.2,https://gbfs.kappa.fifteen.eu/gbfs/2.2/mobi/en/gbfs.json,https://gbfs.kappa.fifteen.eu/gbfs/2.2/mobi/en/free_bike_status.json,2026-07-06T18:18:00Z,2026-07-06T18:18:00Z
mobi_vancouver,mobi_vancouver_193b926f-5979-4bd8-b7c0-a46facfe0ff9,193b926f-5979-4bd8-b7c0-a46facfe0ff9,49.26875,-123.25004,1,FALSE,FALSE,24000,2142,1783361838,2026-07-06T18:18:01Z,2026-07-06T18:18:01Z,2026-07-06T18:17:16Z,2.2,https://gbfs.kappa.fifteen.eu/gbfs/2.2/mobi/en/gbfs.json,https://gbfs.kappa.fifteen.eu/gbfs/2.2/mobi/en/free_bike_status.json,2026-07-06T18:18:00Z,2026-07-06T18:18:00Z
mobi_vancouver,mobi_vancouver_4f250aa8-23f9-4af6-84df-4acf8a719f62,4f250aa8-23f9-4af6-84df-4acf8a719f62,49.26518,-123.25868,1,FALSE,FALSE,24000,2112,1783361838,2026-07-06T18:18:01Z,2026-07-06T18:18:01Z,2026-07-06T18:17:16Z,2.2,https://gbfs.kappa.fifteen.eu/gbfs/2.2/mobi/en/gbfs.json,https://gbfs.kappa.fifteen.eu/gbfs/2.2/mobi/en/free_bike_status.json,2026-07-06T18:18:00Z,2026-07-06T18:18:00Z
mobi_vancouver,mobi_vancouver_2806aa94-3cb3-4cb7-982c-c8ec7741c901,2806aa94-3cb3-4cb7-982c-c8ec7741c901,49.27549,-123.12882,1,FALSE,FALSE,24000,0318,1783361838,2026-07-06T18:18:01Z,2026-07-06T18:18:01Z,2026-07-06T18:17:16Z,2.2,https://gbfs.kappa.fifteen.eu/gbfs/2.2/mobi/en/gbfs.json,https://gbfs.kappa.fifteen.eu/gbfs/2.2/mobi/en/free_bike_status.json,2026-07-06T18:18:00Z,2026-07-06T18:18:00Z
mobi_vancouver,mobi_vancouver_14c52e42-0d65-4131-91b4-b25d32e91c0f,14c52e42-0d65-4131-91b4-b25d32e91c0f,49.271721,-123.104207,1,FALSE,FALSE,24400,0011,1783361838,2026-07-06T18:18:01Z,2026-07-06T18:18:01Z,2026-07-06T18:17:16Z,2.2,https://gbfs.kappa.fifteen.eu/gbfs/2.2/mobi/en/gbfs.json,https://gbfs.kappa.fifteen.eu/gbfs/2.2/mobi/en/free_bike_status.json,2026-07-06T18:18:00Z,2026-07-06T18:18:00Z
mobi_vancouver,mobi_vancouver_4bfc3716-6203-45cb-9e01-16f900f6cd89,4bfc3716-6203-45cb-9e01-16f900f6cd89,49.271721,-123.104207,1,FALSE,FALSE,24400,0011,1783361838,2026-07-06T18:18:01Z,2026-07-06T18:18:01Z,2026-07-06T18:17:16Z,2.2,https://gbfs.kappa.fifteen.eu/gbfs/2.2/mobi/en/gbfs.json,https://gbfs.kappa.fifteen.eu/gbfs/2.2/mobi/en/free_bike_status.json,2026-07-06T18:18:00Z,2026-07-06T18:18:00Z
mobi_vancouver,mobi_vancouver_d0825c51-1df6-4211-988b-7778989aa0ec,d0825c51-1df6-4211-988b-7778989aa0ec,49.271721,-123.104207,1,FALSE,FALSE,24400,0011,1783361838,2026-07-06T18:18:01Z,2026-07-06T18:18:01Z,2026-07-06T18:17:16Z,2.2,https://gbfs.kappa.fifteen.eu/gbfs/2.2/mobi/en/gbfs.json,https://gbfs.kappa.fifteen.eu/gbfs/2.2/mobi/en/free_bike_status.json,2026-07-06T18:18:00Z,2026-07-06T18:18:00Z
mobi_vancouver,mobi_vancouver_3b6a1972-877b-475f-94f8-9f4163bb8ca0,3b6a1972-877b-475f-94f8-9f4163bb8ca0,49.262487,-123.114397,1,FALSE,FALSE,24400,0001,1783361838,2026-07-06T18:18:01Z,2026-07-06T18:18:01Z,2026-07-06T18:17:16Z,2.2,https://gbfs.kappa.fifteen.eu/gbfs/2.2/mobi/en/gbfs.json,https://gbfs.kappa.fifteen.eu/gbfs/2.2/mobi/en/free_bike_status.json,2026-07-06T18:18:00Z,2026-07-06T18:18:00Z
mobi_vancouver,mobi_vancouver_105a518f-ff21-4165-88b5-a8ea587b7f2e,105a518f-ff21-4165-88b5-a8ea587b7f2e,49.282214,-123.114101,1,FALSE,FALSE,24400,0012,1783361838,2026-07-06T18:18:01Z,2026-07-06T18:18:01Z,2026-07-06T18:17:16Z,2.2,https://gbfs.kappa.fifteen.eu/gbfs/2.2/mobi/en/gbfs.json,https://gbfs.kappa.fifteen.eu/gbfs/2.2/mobi/en/free_bike_status.json,2026-07-06T18:18:00Z,2026-07-06T18:18:00Z
mobi_vancouver,mobi_vancouver_3bac77f5-db94-444d-bc7d-29eb0e15ba76,3bac77f5-db94-444d-bc7d-29eb0e15ba76,49.279938,-123.127478,1,FALSE,FALSE,24400,0039,1783361838,2026-07-06T18:18:01Z,2026-07-06T18:18:01Z,2026-07-06T18:17:16Z,2.2,https://gbfs.kappa.fifteen.eu/gbfs/2.2/mobi/en/gbfs.json,https://gbfs.kappa.fifteen.eu/gbfs/2.2/mobi/en/free_bike_status.json,2026-07-06T18:18:00Z,2026-07-06T18:18:00Z
mobi_vancouver,mobi_vancouver_8745f7b3-cb0a-48df-8fee-b758b473285a,8745f7b3-cb0a-48df-8fee-b758b473285a,49.279938,-123.127478,1,FALSE,FALSE,24400,0039,1783361838,2026-07-06T18:18:01Z,2026-07-06T18:18:01Z,2026-07-06T18:17:16Z,2.2,https://gbfs.kappa.fifteen.eu/gbfs/2.2/mobi/en/gbfs.json,https://gbfs.kappa.fifteen.eu/gbfs/2.2/mobi/en/free_bike_status.json,2026-07-06T18:18:00Z,2026-07-06T18:18:00Z
mobi_vancouver,mobi_vancouver_2b320359-ff05-4b29-a7a5-776efdfa83b3,2b320359-ff05-4b29-a7a5-776efdfa83b3,49.279938,-123.127478,1,FALSE,FALSE,24400,0039,1783361838,2026-07-06T18:18:01Z,2026-07-06T18:18:01Z,2026-07-06T18:17:16Z,2.2,https://gbfs.kappa.fifteen.eu/gbfs/2.2/mobi/en/gbfs.json,https://gbfs.kappa.fifteen.eu/gbfs/2.2/mobi/en/free_bike_status.json,2026-07-06T18:18:00Z,2026-07-06T18:18:00Z
mobi_vancouver,mobi_vancouver_8fae7a39-43ed-43ab-a9bf-47f393ccd707,8fae7a39-43ed-43ab-a9bf-47f393ccd707,49.28602,-123.116624,1,FALSE,FALSE,24400,0024,1783361838,2026-07-06T18:18:01Z,2026-07-06T18:18:01Z,2026-07-06T18:17:16Z,2.2,https://gbfs.kappa.fifteen.eu/gbfs/2.2/mobi/en/gbfs.json,https://gbfs.kappa.fifteen.eu/gbfs/2.2/mobi/en/free_bike_status.json,2026-07-06T18:18:00Z,2026-07-06T18:18:00Z
mobi_vancouver,mobi_vancouver_1e090540-e529-48cc-b691-9ebbf8f27942,1e090540-e529-48cc-b691-9ebbf8f27942,49.28602,-123.116624,1,FALSE,FALSE,24400,0024,1783361838,2026-07-06T18:18:01Z,2026-07-06T18:18:01Z,2026-07-06T18:17:16Z,2.2,https://gbfs.kappa.fifteen.eu/gbfs/2.2/mobi/en/gbfs.json,https://gbfs.kappa.fifteen.eu/gbfs/2.2/mobi/en/free_bike_status.json,2026-07-06T18:18:00Z,2026-07-06T18:18:00Z
mobi_vancouver,mobi_vancouver_2370d57e-5113-482c-80aa-05adbaaf0417,2370d57e-5113-482c-80aa-05adbaaf0417,49.28602,-123.116624,1,FALSE,FALSE,24400,0024,1783361838,2026-07-06T18:18:01Z,2026-07-06T18:18:01Z,2026-07-06T18:17:16Z,2.2,https://gbfs.kappa.fifteen.eu/gbfs/2.2/mobi/en/gbfs.json,https://gbfs.kappa.fifteen.eu/gbfs/2.2/mobi/en/free_bike_status.json,2026-07-06T18:18:00Z,2026-07-06T18:18:00Z
mobi_vancouver,mobi_vancouver_338ed8b5-5b0e-47e7-bda8-87f7b9074b64,338ed8b5-5b0e-47e7-bda8-87f7b9074b64,49.28602,-123.116624,1,FALSE,FALSE,24400,0024,1783361838,2026-07-06T18:18:01Z,2026-07-06T18:18:01Z,2026-07-06T18:17:16Z,2.2,https://gbfs.kappa.fifteen.eu/gbfs/2.2/mobi/en/gbfs.json,https://gbfs.kappa.fifteen.eu/gbfs/2.2/mobi/en/free_bike_status.json,2026-07-06T18:18:00Z,2026-07-06T18:18:00Z
mobi_vancouver,mobi_vancouver_918b0b5e-c429-4d5a-99ed-170d76cbfc33,918b0b5e-c429-4d5a-99ed-170d76cbfc33,49.276115,-123.114496,1,FALSE,FALSE,24400,0064,1783361838,2026-07-06T18:18:01Z,2026-07-06T18:18:01Z,2026-07-06T18:17:16Z,2.2,https://gbfs.kappa.fifteen.eu/gbfs/2.2/mobi/en/gbfs.json,https://gbfs.kappa.fifteen.eu/gbfs/2.2/mobi/en/free_bike_status.json,2026-07-06T18:18:00Z,2026-07-06T18:18:00Z
mobi_vancouver,mobi_vancouver_9aa3625a-4ce3-423b-b354-e0b9d6a0d825,9aa3625a-4ce3-423b-b354-e0b9d6a0d825,49.28803,-123.142135,1,FALSE,FALSE,24400,0031,1783361838,2026-07-06T18:18:01Z,2026-07-06T18:18:01Z,2026-07-06T18:17:16Z,2.2,https://gbfs.kappa.fifteen.eu/gbfs/2.2/mobi/en/gbfs.json,https://gbfs.kappa.fifteen.eu/gbfs/2.2/mobi/en/free_bike_status.json,2026-07-06T18:18:00Z,2026-07-06T18:18:00Z
mobi_vancouver,mobi_vancouver_e7c13314-8b79-4994-9e54-b10bcaa567ef,e7c13314-8b79-4994-9e54-b10bcaa567ef,49.28803,-123.142135,2,FALSE,FALSE,24400,0031,1783361838,2026-07-06T18:18:01Z,2026-07-06T18:18:01Z,2026-07-06T18:17:16Z,2.2,https://gbfs.kappa.fifteen.eu/gbfs/2.2/mobi/en/gbfs.json,https://gbfs.kappa.fifteen.eu/gbfs/2.2/mobi/en/free_bike_status.json,2026-07-06T18:18:00Z,2026-07-06T18:18:00Z
mobi_vancouver,mobi_vancouver_48032656-1e01-4387-a8e8-6d93f84bd4b5,48032656-1e01-4387-a8e8-6d93f84bd4b5,49.28972,-123.144028,1,FALSE,FALSE,24400,0047,1783361838,2026-07-06T18:18:01Z,2026-07-06T18:18:01Z,2026-07-06T18:17:16Z,2.2,https://gbfs.kappa.fifteen.eu/gbfs/2.2/mobi/en/gbfs.json,https://gbfs.kappa.fifteen.eu/gbfs/2.2/mobi/en/free_bike_status.json,2026-07-06T18:18:00Z,2026-07-06T18:18:00Z
mobi_vancouver,mobi_vancouver_4ed9d482-553b-4a34-b026-c12f275edd62,4ed9d482-553b-4a34-b026-c12f275edd62,49.28972,-123.144028,1,FALSE,FALSE,24400,0047,1783361838,2026-07-06T18:18:01Z,2026-07-06T18:18:01Z,2026-07-06T18:17:16Z,2.2,https://gbfs.kappa.fifteen.eu/gbfs/2.2/mobi/en/gbfs.json,https://gbfs.kappa.fifteen.eu/gbfs/2.2/mobi/en/free_bike_status.json,2026-07-06T18:18:00Z,2026-07-06T18:18:00Z
mobi_vancouver,mobi_vancouver_a996ef67-d11d-44b2-b445-4f446ac73c40,a996ef67-d11d-44b2-b445-4f446ac73c40,49.279821,-123.10802,1,FALSE,FALSE,24400,0053,1783361838,2026-07-06T18:18:01Z,2026-07-06T18:18:01Z,2026-07-06T18:17:16Z,2.2,https://gbfs.kappa.fifteen.eu/gbfs/2.2/mobi/en/gbfs.json,https://gbfs.kappa.fifteen.eu/gbfs/2.2/mobi/en/free_bike_status.json,2026-07-06T18:18:00Z,2026-07-06T18:18:00Z
mobi_vancouver,mobi_vancouver_bce5b2be-ea4a-4e37-b892-5191a8f0f91f,bce5b2be-ea4a-4e37-b892-5191a8f0f91f,49.282759,-123.106955,1,FALSE,FALSE,24400,0030,1783361838,2026-07-06T18:18:01Z,2026-07-06T18:18:01Z,2026-07-06T18:17:16Z,2.2,https://gbfs.kappa.fifteen.eu/gbfs/2.2/mobi/en/gbfs.json,https://gbfs.kappa.fifteen.eu/gbfs/2.2/mobi/en/free_bike_status.json,2026-07-06T18:18:00Z,2026-07-06T18:18:00Z
mobi_vancouver,mobi_vancouver_614639ae-d645-4358-94f8-dc63cde5e9d9,614639ae-d645-4358-94f8-dc63cde5e9d9,49.282759,-123.106955,1,FALSE,FALSE,24400,0030,1783361838,2026-07-06T18:18:01Z,2026-07-06T18:18:01Z,2026-07-06T18:17:16Z,2.2,https://gbfs.kappa.fifteen.eu/gbfs/2.2/mobi/en/gbfs.json,https://gbfs.kappa.fifteen.eu/gbfs/2.2/mobi/en/free_bike_status.json,2026-07-06T18:18:00Z,2026-07-06T18:18:00Z
mobi_vancouver,mobi_vancouver_35603752-35e1-4b28-b2e9-3d35ce2d889b,35603752-35e1-4b28-b2e9-3d35ce2d889b,49.265605,-123.152566,1,FALSE,FALSE,24400,0109,1783361838,2026-07-06T18:18:01Z,2026-07-06T18:18:01Z,2026-07-06T18:17:16Z,2.2,https://gbfs.kappa.fifteen.eu/gbfs/2.2/mobi/en/gbfs.json,https://gbfs.kappa.fifteen.eu/gbfs/2.2/mobi/en/free_bike_status.json,2026-07-06T18:18:00Z,2026-07-06T18:18:00Z
mobi_vancouver,mobi_vancouver_86da07d2-2fa8-4cdf-b8ad-894b4ded63f9,86da07d2-2fa8-4cdf-b8ad-894b4ded63f9,49.28026,-123.135244,1,FALSE,FALSE,24400,0088,1783361838,2026-07-06T18:18:01Z,2026-07-06T18:18:01Z,2026-07-06T18:17:16Z,2.2,https://gbfs.kappa.fifteen.eu/gbfs/2.2/mobi/en/gbfs.json,https://gbfs.kappa.fifteen.eu/gbfs/2.2/mobi/en/free_bike_status.json,2026-07-06T18:18:00Z,2026-07-06T18:18:00Z
mobi_vancouver,mobi_vancouver_cc06eb1d-69ec-452f-a2bc-14b131811af5,cc06eb1d-69ec-452f-a2bc-14b131811af5,49.287528,-123.142139,1,FALSE,FALSE,24400,0028,1783361838,2026-07-06T18:18:01Z,2026-07-06T18:18:01Z,2026-07-06T18:17:16Z,2.2,https://gbfs.kappa.fifteen.eu/gbfs/2.2/mobi/en/gbfs.json,https://gbfs.kappa.fifteen.eu/gbfs/2.2/mobi/en/free_bike_status.json,2026-07-06T18:18:00Z,2026-07-06T18:18:00Z
mobi_vancouver,mobi_vancouver_0c904639-ed83-4c9c-adcf-ad3017281e23,0c904639-ed83-4c9c-adcf-ad3017281e23,49.275683,-123.124388,1,FALSE,FALSE,24400,0082,1783361838,2026-07-06T18:18:01Z,2026-07-06T18:18:01Z,2026-07-06T18:17:16Z,2.2,https://gbfs.kappa.fifteen.eu/gbfs/2.2/mobi/en/gbfs.json,https://gbfs.kappa.fifteen.eu/gbfs/2.2/mobi/en/free_bike_status.json,2026-07-06T18:18:00Z,2026-07-06T18:18:00Z
mobi_vancouver,mobi_vancouver_08476ada-8a41-4b6f-b14c-d4b6502417b1,08476ada-8a41-4b6f-b14c-d4b6502417b1,49.275717,-123.142564,1,FALSE,FALSE,24400,0077,1783361838,2026-07-06T18:18:01Z,2026-07-06T18:18:01Z,2026-07-06T18:17:16Z,2.2,https://gbfs.kappa.fifteen.eu/gbfs/2.2/mobi/en/gbfs.json,https://gbfs.kappa.fifteen.eu/gbfs/2.2/mobi/en/free_bike_status.json,2026-07-06T18:18:00Z,2026-07-06T18:18:00Z
mobi_vancouver,mobi_vancouver_28d7f95a-c790-4dac-9a40-4a1593262102,28d7f95a-c790-4dac-9a40-4a1593262102,49.275717,-123.142564,1,FALSE,FALSE,24400,0077,1783361838,2026-07-06T18:18:01Z,2026-07-06T18:18:01Z,2026-07-06T18:17:16Z,2.2,https://gbfs.kappa.fifteen.eu/gbfs/2.2/mobi/en/gbfs.json,https://gbfs.kappa.fifteen.eu/gbfs/2.2/mobi/en/free_bike_status.json,2026-07-06T18:18:00Z,2026-07-06T18:18:00Z
mobi_vancouver,mobi_vancouver_439addfe-4b91-42c6-a2c7-5a0f7f8d2a3c,439addfe-4b91-42c6-a2c7-5a0f7f8d2a3c,49.28526,-123.141809,1,FALSE,FALSE,24400,0060,1783361838,2026-07-06T18:18:01Z,2026-07-06T18:18:01Z,2026-07-06T18:17:16Z,2.2,https://gbfs.kappa.fifteen.eu/gbfs/2.2/mobi/en/gbfs.json,https://gbfs.kappa.fifteen.eu/gbfs/2.2/mobi/en/free_bike_status.json,2026-07-06T18:18:00Z,2026-07-06T18:18:00Z
mobi_vancouver,mobi_vancouver_6410eb61-e015-458c-b640-38369954e297,6410eb61-e015-458c-b640-38369954e297,49.291909,-123.140713,1,FALSE,FALSE,24400,0092,1783361838,2026-07-06T18:18:01Z,2026-07-06T18:18:01Z,2026-07-06T18:17:16Z,2.2,https://gbfs.kappa.fifteen.eu/gbfs/2.2/mobi/en/gbfs.json,https://gbfs.kappa.fifteen.eu/gbfs/2.2/mobi/en/free_bike_status.json,2026-07-06T18:18:00Z,2026-07-06T18:18:00Z
mobi_vancouver,mobi_vancouver_a8addfc6-76fe-4a09-b53b-34913c239eaa,a8addfc6-76fe-4a09-b53b-34913c239eaa,49.272827,-123.147744,1,FALSE,FALSE,24400,0065,1783361838,2026-07-06T18:18:01Z,2026-07-06T18:18:01Z,2026-07-06T18:17:16Z,2.2,https://gbfs.kappa.fifteen.eu/gbfs/2.2/mobi/en/gbfs.json,https://gbfs.kappa.fifteen.eu/gbfs/2.2/mobi/en/free_bike_status.json,2026-07-06T18:18:00Z,2026-07-06T18:18:00Z
mobi_vancouver,mobi_vancouver_c50b2e01-7726-40de-86cc-a32c7f0d2bc5,c50b2e01-7726-40de-86cc-a32c7f0d2bc5,49.293257,-123.138563,1,FALSE,FALSE,24400,0093,1783361838,2026-07-06T18:18:01Z,2026-07-06T18:18:01Z,2026-07-06T18:17:16Z,2.2,https://gbfs.kappa.fifteen.eu/gbfs/2.2/mobi/en/gbfs.json,https://gbfs.kappa.fifteen.eu/gbfs/2.2/mobi/en/free_bike_status.json,2026-07-06T18:18:00Z,2026-07-06T18:18:00Z
mobi_vancouver,mobi_vancouver_5a324454-ca0e-42e3-a565-70981821518d,5a324454-ca0e-42e3-a565-70981821518d,49.2756,-123.102661,1,FALSE,FALSE,24400,0148,1783361838,2026-07-06T18:18:01Z,2026-07-06T18:18:01Z,2026-07-06T18:17:16Z,2.2,https://gbfs.kappa.fifteen.eu/gbfs/2.2/mobi/en/gbfs.json,https://gbfs.kappa.fifteen.eu/gbfs/2.2/mobi/en/free_bike_status.json,2026-07-06T18:18:00Z,2026-07-06T18:18:00Z
mobi_vancouver,mobi_vancouver_2ed520cc-7a95-4c92-b095-511312f5dd0a,2ed520cc-7a95-4c92-b095-511312f5dd0a,49.269969,-123.109623,1,FALSE,FALSE,24400,0173,1783361838,2026-07-06T18:18:01Z,2026-07-06T18:18:01Z,2026-07-06T18:17:16Z,2.2,https://gbfs.kappa.fifteen.eu/gbfs/2.2/mobi/en/gbfs.json,https://gbfs.kappa.fifteen.eu/gbfs/2.2/mobi/en/free_bike_status.json,2026-07-06T18:18:00Z,2026-07-06T18:18:00Z
mobi_vancouver,mobi_vancouver_18e43f61-cc44-46cd-8b68-5ed070f01621,18e43f61-cc44-46cd-8b68-5ed070f01621,49.266476,-123.109389,1,FALSE,FALSE,24400,0165,1783361838,2026-07-06T18:18:01Z,2026-07-06T18:18:01Z,2026-07-06T18:17:16Z,2.2,https://gbfs.kappa.fifteen.eu/gbfs/2.2/mobi/en/gbfs.json,https://gbfs.kappa.fifteen.eu/gbfs/2.2/mobi/en/free_bike_status.json,2026-07-06T18:18:00Z,2026-07-06T18:18:00Z
mobi_vancouver,mobi_vancouver_9064c69b-aec4-4117-b8e0-af48dcafc394,9064c69b-aec4-4117-b8e0-af48dcafc394,49.27023,-123.10651,1,FALSE,FALSE,24400,0174,1783361838,2026-07-06T18:18:01Z,2026-07-06T18:18:01Z,2026-07-06T18:17:16Z,2.2,https://gbfs.kappa.fifteen.eu/gbfs/2.2/mobi/en/gbfs.json,https://gbfs.kappa.fifteen.eu/gbfs/2.2/mobi/en/free_bike_status.json,2026-07-06T18:18:00Z,2026-07-06T18:18:00Z
mobi_vancouver,mobi_vancouver_de1bb3b6-f358-412e-a5a8-08611a7475cd,de1bb3b6-f358-412e-a5a8-08611a7475cd,49.27023,-123.10651,1,FALSE,FALSE,24400,0174,1783361838,2026-07-06T18:18:01Z,2026-07-06T18:18:01Z,2026-07-06T18:17:16Z,2.2,https://gbfs.kappa.fifteen.eu/gbfs/2.2/mobi/en/gbfs.json,https://gbfs.kappa.fifteen.eu/gbfs/2.2/mobi/en/free_bike_status.json,2026-07-06T18:18:00Z,2026-07-06T18:18:00Z
mobi_vancouver,mobi_vancouver_8eadd981-6b07-494c-a656-e6d1f3b77b02,8eadd981-6b07-494c-a656-e6d1f3b77b02,49.270721,-123.146175,1,FALSE,FALSE,24400,0108,1783361838,2026-07-06T18:18:01Z,2026-07-06T18:18:01Z,2026-07-06T18:17:16Z,2.2,https://gbfs.kappa.fifteen.eu/gbfs/2.2/mobi/en/gbfs.json,https://gbfs.kappa.fifteen.eu/gbfs/2.2/mobi/en/free_bike_status.json,2026-07-06T18:18:00Z,2026-07-06T18:18:00Z
mobi_vancouver,mobi_vancouver_2c34a40b-7390-4f32-99b1-619d38f759a8,2c34a40b-7390-4f32-99b1-619d38f759a8,49.277141,-123.122589,1,FALSE,FALSE,24400,0138,1783361838,2026-07-06T18:18:01Z,2026-07-06T18:18:01Z,2026-07-06T18:17:16Z,2.2,https://gbfs.kappa.fifteen.eu/gbfs/2.2/mobi/en/gbfs.json,https://gbfs.kappa.fifteen.eu/gbfs/2.2/mobi/en/free_bike_status.json,2026-07-06T18:18:00Z,2026-07-06T18:18:00Z
mobi_vancouver,mobi_vancouver_b4587cec-aeff-4684-80eb-166ea11bb13d,b4587cec-aeff-4684-80eb-166ea11bb13d,49.28526,-123.141809,1,FALSE,FALSE,24400,0171,1783361838,2026-07-06T18:18:01Z,2026-07-06T18:18:01Z,2026-07-06T18:17:16Z,2.2,https://gbfs.kappa.fifteen.eu/gbfs/2.2/mobi/en/gbfs.json,https://gbfs.kappa.fifteen.eu/gbfs/2.2/mobi/en/free_bike_status.json,2026-07-06T18:18:00Z,2026-07-06T18:18:00Z
mobi_vancouver,mobi_vancouver_a1e38eaf-c2fc-4ddc-8193-720bef2db491,a1e38eaf-c2fc-4ddc-8193-720bef2db491,49.276292,-123.150592,1,FALSE,FALSE,24400,0155,1783361838,2026-07-06T18:18:01Z,2026-07-06T18:18:01Z,2026-07-06T18:17:16Z,2.2,https://gbfs.kappa.fifteen.eu/gbfs/2.2/mobi/en/gbfs.json,https://gbfs.kappa.fifteen.eu/gbfs/2.2/mobi/en/free_bike_status.json,2026-07-06T18:18:00Z,2026-07-06T18:18:00Z
mobi_vancouver,mobi_vancouver_039a393b-786d-4423-b1ed-426984350c57,039a393b-786d-4423-b1ed-426984350c57,49.268339,-123.157443,1,FALSE,FALSE,24400,0159,1783361838,2026-07-06T18:18:01Z,2026-07-06T18:18:01Z,2026-07-06T18:17:16Z,2.2,https://gbfs.kappa.fifteen.eu/gbfs/2.2/mobi/en/gbfs.json,https://gbfs.kappa.fifteen.eu/gbfs/2.2/mobi/en/free_bike_status.json,2026-07-06T18:18:00Z,2026-07-06T18:18:00Z
mobi_vancouver,mobi_vancouver_0da17603-912d-42ac-8dc1-d11a64443994,0da17603-912d-42ac-8dc1-d11a64443994,49.282758,-123.122092,1,FALSE,FALSE,24400,0019,1783361838,2026-07-06T18:18:01Z,2026-07-06T18:18:01Z,2026-07-06T18:17:16Z,2.2,https://gbfs.kappa.fifteen.eu/gbfs/2.2/mobi/en/gbfs.json,https://gbfs.kappa.fifteen.eu/gbfs/2.2/mobi/en/free_bike_status.json,2026-07-06T18:18:00Z,2026-07-06T18:18:00Z
mobi_vancouver,mobi_vancouver_4f893fa5-095c-4351-94d2-4fad592a5c39,4f893fa5-095c-4351-94d2-4fad592a5c39,49.262206,-123.109091,1,FALSE,FALSE,24400,0172,1783361838,2026-07-06T18:18:01Z,2026-07-06T18:18:01Z,2026-07-06T18:17:16Z,2.2,https://gbfs.kappa.fifteen.eu/gbfs/2.2/mobi/en/gbfs.json,https://gbfs.kappa.fifteen.eu/gbfs/2.2/mobi/en/free_bike_status.json,2026-07-06T18:18:00Z,2026-07-06T18:18:00Z
mobi_vancouver,mobi_vancouver_d91643dd-b431-45e4-a595-384d76a0f264,d91643dd-b431-45e4-a595-384d76a0f264,49.294318,-123.148808,1,FALSE,FALSE,24400,0104,1783361838,2026-07-06T18:18:01Z,2026-07-06T18:18:01Z,2026-07-06T18:17:16Z,2.2,https://gbfs.kappa.fifteen.eu/gbfs/2.2/mobi/en/gbfs.json,https://gbfs.kappa.fifteen.eu/gbfs/2.2/mobi/en/free_bike_status.json,2026-07-06T18:18:00Z,2026-07-06T18:18:00Z
mobi_vancouver,mobi_vancouver_4cc1ec7c-b182-4396-a097-481777e65c89,4cc1ec7c-b182-4396-a097-481777e65c89,49.263635,-123.099236,2,FALSE,FALSE,24400,0206,1783361838,2026-07-06T18:18:01Z,2026-07-06T18:18:01Z,2026-07-06T18:17:16Z,2.2,https://gbfs.kappa.fifteen.eu/gbfs/2.2/mobi/en/gbfs.json,https://gbfs.kappa.fifteen.eu/gbfs/2.2/mobi/en/free_bike_status.json,2026-07-06T18:18:00Z,2026-07-06T18:18:00Z
mobi_vancouver,mobi_vancouver_9d4963db-35c6-437e-8650-6f63315b214e,9d4963db-35c6-437e-8650-6f63315b214e,49.266774,-123.141135,1,FALSE,FALSE,24400,0153,1783361838,2026-07-06T18:18:01Z,2026-07-06T18:18:01Z,2026-07-06T18:17:16Z,2.2,https://gbfs.kappa.fifteen.eu/gbfs/2.2/mobi/en/gbfs.json,https://gbfs.kappa.fifteen.eu/gbfs/2.2/mobi/en/free_bike_status.json,2026-07-06T18:18:00Z,2026-07-06T18:18:00Z
mobi_vancouver,mobi_vancouver_0d6ef77c-64c8-4047-bbd4-96ff959c5ef7,0d6ef77c-64c8-4047-bbd4-96ff959c5ef7,49.283749,-123.136133,1,FALSE,FALSE,24400,0087,1783361838,2026-07-06T18:18:01Z,2026-07-06T18:18:01Z,2026-07-06T18:17:16Z,2.2,https://gbfs.kappa.fifteen.eu/gbfs/2.2/mobi/en/gbfs.json,https://gbfs.kappa.fifteen.eu/gbfs/2.2/mobi/en/free_bike_status.json,2026-07-06T18:18:00Z,2026-07-06T18:18:00Z
mobi_vancouver,mobi_vancouver_df9d1eb3-bde5-48e1-b09c-3eab18570912,df9d1eb3-bde5-48e1-b09c-3eab18570912,49.278529,-123.100017,1,FALSE,FALSE,24400,0199,1783361838,2026-07-06T18:18:01Z,2026-07-06T18:18:01Z,2026-07-06T18:17:16Z,2.2,https://gbfs.kappa.fifteen.eu/gbfs/2.2/mobi/en/gbfs.json,https://gbfs.kappa.fifteen.eu/gbfs/2.2/mobi/en/free_bike_status.json,2026-07-06T18:18:00Z,2026-07-06T18:18:00Z
mobi_vancouver,mobi_vancouver_578409bd-119c-46ff-aa9c-8107c367dcbb,578409bd-119c-46ff-aa9c-8107c367dcbb,49.283227,-123.120523,1,FALSE,FALSE,24400,0099,1783361838,2026-07-06T18:18:01Z,2026-07-06T18:18:01Z,2026-07-06T18:17:16Z,2.2,https://gbfs.kappa.fifteen.eu/gbfs/2.2/mobi/en/gbfs.json,https://gbfs.kappa.fifteen.eu/gbfs/2.2/mobi/en/free_bike_status.json,2026-07-06T18:18:00Z,2026-07-06T18:18:00Z
mobi_vancouver,mobi_vancouver_2dcd4c47-0f19-435a-9a7b-006c06c1ce76,2dcd4c47-0f19-435a-9a7b-006c06c1ce76,49.267628,-123.127698,1,FALSE,FALSE,24400,0143,1783361838,2026-07-06T18:18:01Z,2026-07-06T18:18:01Z,2026-07-06T18:17:16Z,2.2,https://gbfs.kappa.fifteen.eu/gbfs/2.2/mobi/en/gbfs.json,https://gbfs.kappa.fifteen.eu/gbfs/2.2/mobi/en/free_bike_status.json,2026-07-06T18:18:00Z,2026-07-06T18:18:00Z
mobi_vancouver,mobi_vancouver_5df570d5-2ba5-476c-b446-ab1882563e7c,5df570d5-2ba5-476c-b446-ab1882563e7c,49.262321,-123.09306,2,FALSE,FALSE,24400,0248,1783361838,2026-07-06T18:18:01Z,2026-07-06T18:18:01Z,2026-07-06T18:17:16Z,2.2,https://gbfs.kappa.fifteen.eu/gbfs/2.2/mobi/en/gbfs.json,https://gbfs.kappa.fifteen.eu/gbfs/2.2/mobi/en/free_bike_status.json,2026-07-06T18:18:00Z,2026-07-06T18:18:00Z
mobi_vancouver,mobi_vancouver_32118336-3c6e-47ec-8dd3-18f780a5e64c,32118336-3c6e-47ec-8dd3-18f780a5e64c,49.261403,-123.070102,1,FALSE,FALSE,24400,0244,1783361838,2026-07-06T18:18:01Z,2026-07-06T18:18:01Z,2026-07-06T18:17:16Z,2.2,https://gbfs.kappa.fifteen.eu/gbfs/2.2/mobi/en/gbfs.json,https://gbfs.kappa.fifteen.eu/gbfs/2.2/mobi/en/free_bike_status.json,2026-07-06T18:18:00Z,2026-07-06T18:18:00Z
mobi_vancouver,mobi_vancouver_eab1758b-c23f-459c-abb5-753a07dbe614,eab1758b-c23f-459c-abb5-753a07dbe614,49.261263,-123.073707,1,FALSE,FALSE,24400,0245,1783361838,2026-07-06T18:18:01Z,2026-07-06T18:18:01Z,2026-07-06T18:17:16Z,2.2,https://gbfs.kappa.fifteen.eu/gbfs/2.2/mobi/en/gbfs.json,https://gbfs.kappa.fifteen.eu/gbfs/2.2/mobi/en/free_bike_status.json,2026-07-06T18:18:00Z,2026-07-06T18:18:00Z
mobi_vancouver,mobi_vancouver_f4c30440-7807-4fd2-b9f6-aa18dad55ba2,f4c30440-7807-4fd2-b9f6-aa18dad55ba2,49.277665,-123.073653,1,FALSE,FALSE,24400,0222,1783361838,2026-07-06T18:18:01Z,2026-07-06T18:18:01Z,2026-07-06T18:17:16Z,2.2,https://gbfs.kappa.fifteen.eu/gbfs/2.2/mobi/en/gbfs.json,https://gbfs.kappa.fifteen.eu/gbfs/2.2/mobi/en/free_bike_status.json,2026-07-06T18:18:00Z,2026-07-06T18:18:00Z
mobi_vancouver,mobi_vancouver_218b86e5-8320-4f71-a771-027a5663577c,218b86e5-8320-4f71-a771-027a5663577c,49.28117,-123.104419,1,FALSE,FALSE,24400,0098,1783361838,2026-07-06T18:18:01Z,2026-07-06T18:18:01Z,2026-07-06T18:17:16Z,2.2,https://gbfs.kappa.fifteen.eu/gbfs/2.2/mobi/en/gbfs.json,https://gbfs.kappa.fifteen.eu/gbfs/2.2/mobi/en/free_bike_status.json,2026-07-06T18:18:00Z,2026-07-06T18:18:00Z
mobi_vancouver,mobi_vancouver_f71d935b-de72-4d58-9b57-5925283e0ff2,f71d935b-de72-4d58-9b57-5925283e0ff2,49.28117,-123.104419,1,FALSE,FALSE,24400,0098,1783361838,2026-07-06T18:18:01Z,2026-07-06T18:18:01Z,2026-07-06T18:17:16Z,2.2,https://gbfs.kappa.fifteen.eu/gbfs/2.2/mobi/en/gbfs.json,https://gbfs.kappa.fifteen.eu/gbfs/2.2/mobi/en/free_bike_status.json,2026-07-06T18:18:00Z,2026-07-06T18:18:00Z
mobi_vancouver,mobi_vancouver_c5682b5d-8301-4019-95a9-e0c33ed929e4,c5682b5d-8301-4019-95a9-e0c33ed929e4,49.283992,-123.091206,1,FALSE,FALSE,24400,0230,1783361838,2026-07-06T18:18:01Z,2026-07-06T18:18:01Z,2026-07-06T18:17:16Z,2.2,https://gbfs.kappa.fifteen.eu/gbfs/2.2/mobi/en/gbfs.json,https://gbfs.kappa.fifteen.eu/gbfs/2.2/mobi/en/free_bike_status.json,2026-07-06T18:18:00Z,2026-07-06T18:18:00Z
mobi_vancouver,mobi_vancouver_1283ef1b-3b05-48eb-a510-70e3441182ea,1283ef1b-3b05-48eb-a510-70e3441182ea,49.263382,-123.088837,1,FALSE,FALSE,24400,0261,1783361838,2026-07-06T18:18:01Z,2026-07-06T18:18:01Z,2026-07-06T18:17:16Z,2.2,https://gbfs.kappa.fifteen.eu/gbfs/2.2/mobi/en/gbfs.json,https://gbfs.kappa.fifteen.eu/gbfs/2.2/mobi/en/free_bike_status.json,2026-07-06T18:18:00Z,2026-07-06T18:18:00Z
mobi_vancouver,mobi_vancouver_9bc7caf7-b717-47cd-b6cc-81769539d707,9bc7caf7-b717-47cd-b6cc-81769539d707,49.280852,-123.084746,1,FALSE,FALSE,24400,0227,1783361838,2026-07-06T18:18:01Z,2026-07-06T18:18:01Z,2026-07-06T18:17:16Z,2.2,https://gbfs.kappa.fifteen.eu/gbfs/2.2/mobi/en/gbfs.json,https://gbfs.kappa.fifteen.eu/gbfs/2.2/mobi/en/free_bike_status.json,2026-07-06T18:18:00Z,2026-07-06T18:18:00Z
mobi_vancouver,mobi_vancouver_48b803d3-e843-47e9-8690-8edf0da6f67a,48b803d3-e843-47e9-8690-8edf0da6f67a,49.264251,-123.073853,1,FALSE,FALSE,24400,0249,1783361838,2026-07-06T18:18:01Z,2026-07-06T18:18:01Z,2026-07-06T18:17:16Z,2.2,https://gbfs.kappa.fifteen.eu/gbfs/2.2/mobi/en/gbfs.json,https://gbfs.kappa.fifteen.eu/gbfs/2.2/mobi/en/free_bike_status.json,2026-07-06T18:18:00Z,2026-07-06T18:18:00Z
mobi_vancouver,mobi_vancouver_d52204fb-0612-43b4-9a39-f700e902d13e,d52204fb-0612-43b4-9a39-f700e902d13e,49.264251,-123.073853,1,FALSE,FALSE,24400,0249,1783361838,2026-07-06T18:18:01Z,2026-07-06T18:18:01Z,2026-07-06T18:17:16Z,2.2,https://gbfs.kappa.fifteen.eu/gbfs/2.2/mobi/en/gbfs.json,https://gbfs.kappa.fifteen.eu/gbfs/2.2/mobi/en/free_bike_status.json,2026-07-06T18:18:00Z,2026-07-06T18:18:00Z
mobi_vancouver,mobi_vancouver_bab4c0ad-9157-487b-89bd-aa7519f31f8a,bab4c0ad-9157-487b-89bd-aa7519f31f8a,49.289124,-123.12196,1,FALSE,FALSE,24400,0034,1783361838,2026-07-06T18:18:01Z,2026-07-06T18:18:01Z,2026-07-06T18:17:16Z,2.2,https://gbfs.kappa.fifteen.eu/gbfs/2.2/mobi/en/gbfs.json,https://gbfs.kappa.fifteen.eu/gbfs/2.2/mobi/en/free_bike_status.json,2026-07-06T18:18:00Z,2026-07-06T18:18:00Z
mobi_vancouver,mobi_vancouver_5dce1360-c46a-4ba0-99d8-a410797456a1,5dce1360-c46a-4ba0-99d8-a410797456a1,49.261973,-123.09725,1,FALSE,FALSE,24400,0186,1783361838,2026-07-06T18:18:01Z,2026-07-06T18:18:01Z,2026-07-06T18:17:16Z,2.2,https://gbfs.kappa.fifteen.eu/gbfs/2.2/mobi/en/gbfs.json,https://gbfs.kappa.fifteen.eu/gbfs/2.2/mobi/en/free_bike_status.json,2026-07-06T18:18:00Z,2026-07-06T18:18:00Z
mobi_vancouver,mobi_vancouver_b3619262-6872-4b0d-89ba-a236d0a14683,b3619262-6872-4b0d-89ba-a236d0a14683,49.27033,-123.10275,1,FALSE,FALSE,24400,0177,1783361838,2026-07-06T18:18:01Z,2026-07-06T18:18:01Z,2026-07-06T18:17:16Z,2.2,https://gbfs.kappa.fifteen.eu/gbfs/2.2/mobi/en/gbfs.json,https://gbfs.kappa.fifteen.eu/gbfs/2.2/mobi/en/free_bike_status.json,2026-07-06T18:18:00Z,2026-07-06T18:18:00Z
mobi_vancouver,mobi_vancouver_aad252d9-fb68-4e6f-b09c-d1c788f91f55,aad252d9-fb68-4e6f-b09c-d1c788f91f55,49.263962,-123.112621,1,FALSE,FALSE,24400,0170,1783361838,2026-07-06T18:18:01Z,2026-07-06T18:18:01Z,2026-07-06T18:17:16Z,2.2,https://gbfs.kappa.fifteen.eu/gbfs/2.2/mobi/en/gbfs.json,https://gbfs.kappa.fifteen.eu/gbfs/2.2/mobi/en/free_bike_status.json,2026-07-06T18:18:00Z,2026-07-06T18:18:00Z
mobi_vancouver,mobi_vancouver_fef0585e-f3e3-4108-a517-d55d59bb461b,fef0585e-f3e3-4108-a517-d55d59bb461b,49.267725,-123.11311,1,FALSE,FALSE,24400,0144,1783361838,2026-07-06T18:18:01Z,2026-07-06T18:18:01Z,2026-07-06T18:17:16Z,2.2,https://gbfs.kappa.fifteen.eu/gbfs/2.2/mobi/en/gbfs.json,https://gbfs.kappa.fifteen.eu/gbfs/2.2/mobi/en/free_bike_status.json,2026-07-06T18:18:00Z,2026-07-06T18:18:00Z
mobi_vancouver,mobi_vancouver_974e9b3e-18ec-4ef5-846e-27bb1ec103df,974e9b3e-18ec-4ef5-846e-27bb1ec103df,49.27247,-123.185643,1,FALSE,FALSE,24400,0410,1783361838,2026-07-06T18:18:01Z,2026-07-06T18:18:01Z,2026-07-06T18:17:16Z,2.2,https://gbfs.kappa.fifteen.eu/gbfs/2.2/mobi/en/gbfs.json,https://gbfs.kappa.fifteen.eu/gbfs/2.2/mobi/en/free_bike_status.json,2026-07-06T18:18:00Z,2026-07-06T18:18:00Z
mobi_vancouver,mobi_vancouver_2547379d-ad3a-43c4-a126-56dbea0112f4,2547379d-ad3a-43c4-a126-56dbea0112f4,49.249722,-123.104991,1,FALSE,FALSE,24400,0554,1783361838,2026-07-06T18:18:01Z,2026-07-06T18:18:01Z,2026-07-06T18:17:16Z,2.2,https://gbfs.kappa.fifteen.eu/gbfs/2.2/mobi/en/gbfs.json,https://gbfs.kappa.fifteen.eu/gbfs/2.2/mobi/en/free_bike_status.json,2026-07-06T18:18:00Z,2026-07-06T18:18:00Z
mobi_vancouver,mobi_vancouver_4aef9cd9-e08b-4eac-929e-775d71107273,4aef9cd9-e08b-4eac-929e-775d71107273,49.249722,-123.104991,1,FALSE,FALSE,24400,0554,1783361838,2026-07-06T18:18:01Z,2026-07-06T18:18:01Z,2026-07-06T18:17:16Z,2.2,https://gbfs.kappa.fifteen.eu/gbfs/2.2/mobi/en/gbfs.json,https://gbfs.kappa.fifteen.eu/gbfs/2.2/mobi/en/free_bike_status.json,2026-07-06T18:18:00Z,2026-07-06T18:18:00Z
mobi_vancouver,mobi_vancouver_13570ea1-d3d0-499a-9950-e888fe751490,13570ea1-d3d0-499a-9950-e888fe751490,49.259469,-123.145718,1,FALSE,FALSE,24400,0210,1783361838,2026-07-06T18:18:01Z,2026-07-06T18:18:01Z,2026-07-06T18:17:16Z,2.2,https://gbfs.kappa.fifteen.eu/gbfs/2.2/mobi/en/gbfs.json,https://gbfs.kappa.fifteen.eu/gbfs/2.2/mobi/en/free_bike_status.json,2026-07-06T18:18:00Z,2026-07-06T18:18:00Z
mobi_vancouver,mobi_vancouver_3aefa809-5b3a-4aae-b494-66291dc9acee,3aefa809-5b3a-4aae-b494-66291dc9acee,49.25094,-123.101306,1,FALSE,FALSE,24400,0563,1783361838,2026-07-06T18:18:01Z,2026-07-06T18:18:01Z,2026-07-06T18:17:16Z,2.2,https://gbfs.kappa.fifteen.eu/gbfs/2.2/mobi/en/gbfs.json,https://gbfs.kappa.fifteen.eu/gbfs/2.2/mobi/en/free_bike_status.json,2026-07-06T18:18:00Z,2026-07-06T18:18:00Z
mobi_vancouver,mobi_vancouver_8bf77c9a-8ae3-4e6d-b882-36422b0b32a7,8bf77c9a-8ae3-4e6d-b882-36422b0b32a7,49.25478,-123.23621,1,FALSE,FALSE,24400,2252,1783361838,2026-07-06T18:18:01Z,2026-07-06T18:18:01Z,2026-07-06T18:17:16Z,2.2,https://gbfs.kappa.fifteen.eu/gbfs/2.2/mobi/en/gbfs.json,https://gbfs.kappa.fifteen.eu/gbfs/2.2/mobi/en/free_bike_status.json,2026-07-06T18:18:00Z,2026-07-06T18:18:00Z
mobi_vancouver,mobi_vancouver_90a6b698-3d2c-47aa-a81e-5069cdfc5901,90a6b698-3d2c-47aa-a81e-5069cdfc5901,49.269172,-123.25279,1,FALSE,FALSE,24400,2131,1783361838,2026-07-06T18:18:01Z,2026-07-06T18:18:01Z,2026-07-06T18:17:16Z,2.2,https://gbfs.kappa.fifteen.eu/gbfs/2.2/mobi/en/gbfs.json,https://gbfs.kappa.fifteen.eu/gbfs/2.2/mobi/en/free_bike_status.json,2026-07-06T18:18:00Z,2026-07-06T18:18:00Z
mobi_vancouver,mobi_vancouver_f1e20c11-4116-46c5-bbf2-e2b767b65285,f1e20c11-4116-46c5-bbf2-e2b767b65285,49.269172,-123.25279,1,FALSE,FALSE,24400,2131,1783361838,2026-07-06T18:18:01Z,2026-07-06T18:18:01Z,2026-07-06T18:17:16Z,2.2,https://gbfs.kappa.fifteen.eu/gbfs/2.2/mobi/en/gbfs.json,https://gbfs.kappa.fifteen.eu/gbfs/2.2/mobi/en/free_bike_status.json,2026-07-06T18:18:00Z,2026-07-06T18:18:00Z
mobi_vancouver,mobi_vancouver_f7351526-18cb-4fa9-99f7-2f986a26e027,f7351526-18cb-4fa9-99f7-2f986a26e027,49.293264,-123.132861,1,FALSE,FALSE,24400,0181,1783361838,2026-07-06T18:18:01Z,2026-07-06T18:18:01Z,2026-07-06T18:17:16Z,2.2,https://gbfs.kappa.fifteen.eu/gbfs/2.2/mobi/en/gbfs.json,https://gbfs.kappa.fifteen.eu/gbfs/2.2/mobi/en/free_bike_status.json,2026-07-06T18:18:00Z,2026-07-06T18:18:00Z
mobi_vancouver,mobi_vancouver_1da627bd-416e-4ca8-852c-4b02029900b9,1da627bd-416e-4ca8-852c-4b02029900b9,49.25976,-123.2479,1,FALSE,FALSE,24400,2127,1783361838,2026-07-06T18:18:01Z,2026-07-06T18:18:01Z,2026-07-06T18:17:16Z,2.2,https://gbfs.kappa.fifteen.eu/gbfs/2.2/mobi/en/gbfs.json,https://gbfs.kappa.fifteen.eu/gbfs/2.2/mobi/en/free_bike_status.json,2026-07-06T18:18:00Z,2026-07-06T18:18:00Z
mobi_vancouver,mobi_vancouver_fe7aa90b-beac-4786-9250-2c238ca1e6dc,fe7aa90b-beac-4786-9250-2c238ca1e6dc,49.26213,-123.11989,1,FALSE,FALSE,24400,0121,1783361838,2026-07-06T18:18:01Z,2026-07-06T18:18:01Z,2026-07-06T18:17:16Z,2.2,https://gbfs.kappa.fifteen.eu/gbfs/2.2/mobi/en/gbfs.json,https://gbfs.kappa.fifteen.eu/gbfs/2.2/mobi/en/free_bike_status.json,2026-07-06T18:18:00Z,2026-07-06T18:18:00Z
mobi_vancouver,mobi_vancouver_e529f347-7a24-4828-b79a-662472848cc1,e529f347-7a24-4828-b79a-662472848cc1,49.271721,-123.104207,1,FALSE,FALSE,24800,0011,1783361838,2026-07-06T18:18:01Z,2026-07-06T18:18:01Z,2026-07-06T18:17:16Z,2.2,https://gbfs.kappa.fifteen.eu/gbfs/2.2/mobi/en/gbfs.json,https://gbfs.kappa.fifteen.eu/gbfs/2.2/mobi/en/free_bike_status.json,2026-07-06T18:18:00Z,2026-07-06T18:18:00Z
mobi_vancouver,mobi_vancouver_9b1b2f01-afa5-43e2-a4f7-f2e0ab695e5f,9b1b2f01-afa5-43e2-a4f7-f2e0ab695e5f,49.271721,-123.104207,1,FALSE,FALSE,24800,0011,1783361838,2026-07-06T18:18:01Z,2026-07-06T18:18:01Z,2026-07-06T18:17:16Z,2.2,https://gbfs.kappa.fifteen.eu/gbfs/2.2/mobi/en/gbfs.json,https://gbfs.kappa.fifteen.eu/gbfs/2.2/mobi/en/free_bike_status.json,2026-07-06T18:18:00Z,2026-07-06T18:18:00Z
mobi_vancouver,mobi_vancouver_c380d30d-b780-41f2-b49e-e76a5b256d4b,c380d30d-b780-41f2-b49e-e76a5b256d4b,49.279764,-123.110154,1,FALSE,FALSE,24800,0005,1783361838,2026-07-06T18:18:01Z,2026-07-06T18:18:01Z,2026-07-06T18:17:16Z,2.2,https://gbfs.kappa.fifteen.eu/gbfs/2.2/mobi/en/gbfs.json,https://gbfs.kappa.fifteen.eu/gbfs/2.2/mobi/en/free_bike_status.json,2026-07-06T18:18:00Z,2026-07-06T18:18:00Z
mobi_vancouver,mobi_vancouver_40da1ad1-7c5f-46ac-b5a8-b611b476fa1b,40da1ad1-7c5f-46ac-b5a8-b611b476fa1b,49.282214,-123.114101,1,FALSE,FALSE,24800,0012,1783361838,2026-07-06T18:18:01Z,2026-07-06T18:18:01Z,2026-07-06T18:17:16Z,2.2,https://gbfs.kappa.fifteen.eu/gbfs/2.2/mobi/en/gbfs.json,https://gbfs.kappa.fifteen.eu/gbfs/2.2/mobi/en/free_bike_status.json,2026-07-06T18:18:00Z,2026-07-06T18:18:00Z
mobi_vancouver,mobi_vancouver_4372467c-f25d-476f-9064-5114a4c45897,4372467c-f25d-476f-9064-5114a4c45897,49.28803,-123.142135,1,FALSE,FALSE,24800,0031,1783361838,2026-07-06T18:18:01Z,2026-07-06T18:18:01Z,2026-07-06T18:17:16Z,2.2,https://gbfs.kappa.fifteen.eu/gbfs/2.2/mobi/en/gbfs.json,https://gbfs.kappa.fifteen.eu/gbfs/2.2/mobi/en/free_bike_status.json,2026-07-06T18:18:00Z,2026-07-06T18:18:00Z
mobi_vancouver,mobi_vancouver_e6fde812-ec31-42fb-8893-76b02a4c8361,e6fde812-ec31-42fb-8893-76b02a4c8361,49.288444,-123.139203,1,FALSE,FALSE,24800,0032,1783361838,2026-07-06T18:18:01Z,2026-07-06T18:18:01Z,2026-07-06T18:17:16Z,2.2,https://gbfs.kappa.fifteen.eu/gbfs/2.2/mobi/en/gbfs.json,https://gbfs.kappa.fifteen.eu/gbfs/2.2/mobi/en/free_bike_status.json,2026-07-06T18:18:00Z,2026-07-06T18:18:00Z
mobi_vancouver,mobi_vancouver_85a84197-7e2b-4286-83e2-e98a9133ecc0,85a84197-7e2b-4286-83e2-e98a9133ecc0,49.28616,-123.12675,1,FALSE,FALSE,24800,0036,1783361838,2026-07-06T18:18:01Z,2026-07-06T18:18:01Z,2026-07-06T18:17:16Z,2.2,https://gbfs.kappa.fifteen.eu/gbfs/2.2/mobi/en/gbfs.json,https://gbfs.kappa.fifteen.eu/gbfs/2.2/mobi/en/free_bike_status.json,2026-07-06T18:18:00Z,2026-07-06T18:18:00Z
mobi_vancouver,mobi_vancouver_0f732a21-4d9e-4fc6-b1ac-af9d6313d259,0f732a21-4d9e-4fc6-b1ac-af9d6313d259,49.289255,-123.132677,1,FALSE,FALSE,24800,0041,1783361838,2026-07-06T18:18:01Z,2026-07-06T18:18:01Z,2026-07-06T18:17:16Z,2.2,https://gbfs.kappa.fifteen.eu/gbfs/2.2/mobi/en/gbfs.json,https://gbfs.kappa.fifteen.eu/gbfs/2.2/mobi/en/free_bike_status.json,2026-07-06T18:18:00Z,2026-07-06T18:18:00Z
mobi_vancouver,mobi_vancouver_f03f52bb-72fc-4f5a-b7b4-9c37c186ea14,f03f52bb-72fc-4f5a-b7b4-9c37c186ea14,49.28972,-123.144028,1,FALSE,FALSE,24800,0047,1783361838,2026-07-06T18:18:01Z,2026-07-06T18:18:01Z,2026-07-06T18:17:16Z,2.2,https://gbfs.kappa.fifteen.eu/gbfs/2.2/mobi/en/gbfs.json,https://gbfs.kappa.fifteen.eu/gbfs/2.2/mobi/en/free_bike_status.json,2026-07-06T18:18:00Z,2026-07-06T18:18:00Z
mobi_vancouver,mobi_vancouver_baab859f-1f7e-4d15-b76c-20a4466036dc,baab859f-1f7e-4d15-b76c-20a4466036dc,49.269361,-123.13782,1,FALSE,FALSE,24800,0066,1783361838,2026-07-06T18:18:01Z,2026-07-06T18:18:01Z,2026-07-06T18:17:16Z,2.2,https://gbfs.kappa.fifteen.eu/gbfs/2.2/mobi/en/gbfs.json,https://gbfs.kappa.fifteen.eu/gbfs/2.2/mobi/en/free_bike_status.json,2026-07-06T18:18:00Z,2026-07-06T18:18:00Z
mobi_vancouver,mobi_vancouver_985b064f-138c-4502-b2f7-c2847d925236,985b064f-138c-4502-b2f7-c2847d925236,49.269361,-123.13782,1,FALSE,FALSE,24800,0066,1783361838,2026-07-06T18:18:01Z,2026-07-06T18:18:01Z,2026-07-06T18:17:16Z,2.2,https://gbfs.kappa.fifteen.eu/gbfs/2.2/mobi/en/gbfs.json,https://gbfs.kappa.fifteen.eu/gbfs/2.2/mobi/en/free_bike_status.json,2026-07-06T18:18:00Z,2026-07-06T18:18:00Z
mobi_vancouver,mobi_vancouver_292b4352-6d5e-4245-9f5d-11ce593029c5,292b4352-6d5e-4245-9f5d-11ce593029c5,49.269361,-123.13782,1,FALSE,FALSE,24800,0066,1783361838,2026-07-06T18:18:01Z,2026-07-06T18:18:01Z,2026-07-06T18:17:16Z,2.2,https://gbfs.kappa.fifteen.eu/gbfs/2.2/mobi/en/gbfs.json,https://gbfs.kappa.fifteen.eu/gbfs/2.2/mobi/en/free_bike_status.json,2026-07-06T18:18:00Z,2026-07-06T18:18:00Z
mobi_vancouver,mobi_vancouver_9579eee6-bc9b-4a19-bae3-1b04161cb76b,9579eee6-bc9b-4a19-bae3-1b04161cb76b,49.283343,-123.131099,1,FALSE,FALSE,24800,0050,1783361838,2026-07-06T18:18:01Z,2026-07-06T18:18:01Z,2026-07-06T18:17:16Z,2.2,https://gbfs.kappa.fifteen.eu/gbfs/2.2/mobi/en/gbfs.json,https://gbfs.kappa.fifteen.eu/gbfs/2.2/mobi/en/free_bike_status.json,2026-07-06T18:18:00Z,2026-07-06T18:18:00Z
mobi_vancouver,mobi_vancouver_c6eb44dc-f450-44b8-b3d0-83e57ac6d154,c6eb44dc-f450-44b8-b3d0-83e57ac6d154,49.273833,-123.114373,1,FALSE,FALSE,24800,0057,1783361838,2026-07-06T18:18:01Z,2026-07-06T18:18:01Z,2026-07-06T18:17:16Z,2.2,https://gbfs.kappa.fifteen.eu/gbfs/2.2/mobi/en/gbfs.json,https://gbfs.kappa.fifteen.eu/gbfs/2.2/mobi/en/free_bike_status.json,2026-07-06T18:18:00Z,2026-07-06T18:18:00Z
mobi_vancouver,mobi_vancouver_5b350901-3872-491c-aa2f-270714c26d91,5b350901-3872-491c-aa2f-270714c26d91,49.275717,-123.142564,1,FALSE,FALSE,24800,0077,1783361838,2026-07-06T18:18:01Z,2026-07-06T18:18:01Z,2026-07-06T18:17:16Z,2.2,https://gbfs.kappa.fifteen.eu/gbfs/2.2/mobi/en/gbfs.json,https://gbfs.kappa.fifteen.eu/gbfs/2.2/mobi/en/free_bike_status.json,2026-07-06T18:18:00Z,2026-07-06T18:18:00Z
mobi_vancouver,mobi_vancouver_1431b115-c2b3-472d-98ef-9448a0e9164a,1431b115-c2b3-472d-98ef-9448a0e9164a,49.28526,-123.141809,1,FALSE,FALSE,24800,0060,1783361838,2026-07-06T18:18:01Z,2026-07-06T18:18:01Z,2026-07-06T18:17:16Z,2.2,https://gbfs.kappa.fifteen.eu/gbfs/2.2/mobi/en/gbfs.json,https://gbfs.kappa.fifteen.eu/gbfs/2.2/mobi/en/free_bike_status.json,2026-07-06T18:18:00Z,2026-07-06T18:18:00Z
mobi_vancouver,mobi_vancouver_fd1b853c-6312-4466-b90d-f9d5b71b4912,fd1b853c-6312-4466-b90d-f9d5b71b4912,49.272827,-123.147744,1,FALSE,FALSE,24800,0065,1783361838,2026-07-06T18:18:01Z,2026-07-06T18:18:01Z,2026-07-06T18:17:16Z,2.2,https://gbfs.kappa.fifteen.eu/gbfs/2.2/mobi/en/gbfs.json,https://gbfs.kappa.fifteen.eu/gbfs/2.2/mobi/en/free_bike_status.json,2026-07-06T18:18:00Z,2026-07-06T18:18:00Z
mobi_vancouver,mobi_vancouver_83c71a98-4e9f-4dc6-9c03-305924e1eb45,83c71a98-4e9f-4dc6-9c03-305924e1eb45,49.272827,-123.147744,1,FALSE,FALSE,24800,0065,1783361838,2026-07-06T18:18:01Z,2026-07-06T18:18:01Z,2026-07-06T18:17:16Z,2.2,https://gbfs.kappa.fifteen.eu/gbfs/2.2/mobi/en/gbfs.json,https://gbfs.kappa.fifteen.eu/gbfs/2.2/mobi/en/free_bike_status.json,2026-07-06T18:18:00Z,2026-07-06T18:18:00Z
mobi_vancouver,mobi_vancouver_7eca604c-ddf8-4f84-afee-02579da8e2e5,7eca604c-ddf8-4f84-afee-02579da8e2e5,49.293257,-123.138563,1,FALSE,FALSE,24800,0093,1783361838,2026-07-06T18:18:01Z,2026-07-06T18:18:01Z,2026-07-06T18:17:16Z,2.2,https://gbfs.kappa.fifteen.eu/gbfs/2.2/mobi/en/gbfs.json,https://gbfs.kappa.fifteen.eu/gbfs/2.2/mobi/en/free_bike_status.json,2026-07-06T18:18:00Z,2026-07-06T18:18:00Z
mobi_vancouver,mobi_vancouver_081fdf57-81f8-4ec0-a3ff-4571dce1cbf7,081fdf57-81f8-4ec0-a3ff-4571dce1cbf7,49.293257,-123.138563,1,FALSE,FALSE,24800,0093,1783361838,2026-07-06T18:18:01Z,2026-07-06T18:18:01Z,2026-07-06T18:17:16Z,2.2,https://gbfs.kappa.fifteen.eu/gbfs/2.2/mobi/en/gbfs.json,https://gbfs.kappa.fifteen.eu/gbfs/2.2/mobi/en/free_bike_status.json,2026-07-06T18:18:00Z,2026-07-06T18:18:00Z
mobi_vancouver,mobi_vancouver_46a96848-9939-48db-b064-e17c60d390c9,46a96848-9939-48db-b064-e17c60d390c9,49.287097,-123.118551,1,FALSE,FALSE,24800,0016,1783361838,2026-07-06T18:18:01Z,2026-07-06T18:18:01Z,2026-07-06T18:17:16Z,2.2,https://gbfs.kappa.fifteen.eu/gbfs/2.2/mobi/en/gbfs.json,https://gbfs.kappa.fifteen.eu/gbfs/2.2/mobi/en/free_bike_status.json,2026-07-06T18:18:00Z,2026-07-06T18:18:00Z
mobi_vancouver,mobi_vancouver_e9dc2be9-8190-4f60-9795-b6ec4bf662b2,e9dc2be9-8190-4f60-9795-b6ec4bf662b2,49.257654,-123.153212,1,FALSE,FALSE,24800,0113,1783361838,2026-07-06T18:18:01Z,2026-07-06T18:18:01Z,2026-07-06T18:17:16Z,2.2,https://gbfs.kappa.fifteen.eu/gbfs/2.2/mobi/en/gbfs.json,https://gbfs.kappa.fifteen.eu/gbfs/2.2/mobi/en/free_bike_status.json,2026-07-06T18:18:00Z,2026-07-06T18:18:00Z
mobi_vancouver,mobi_vancouver_5cca589d-3ae3-4385-9a58-bce2bffc0f9d,5cca589d-3ae3-4385-9a58-bce2bffc0f9d,49.273471,-123.118016,1,FALSE,FALSE,24800,0017,1783361838,2026-07-06T18:18:01Z,2026-07-06T18:18:01Z,2026-07-06T18:17:16Z,2.2,https://gbfs.kappa.fifteen.eu/gbfs/2.2/mobi/en/gbfs.json,https://gbfs.kappa.fifteen.eu/gbfs/2.2/mobi/en/free_bike_status.json,2026-07-06T18:18:00Z,2026-07-06T18:18:00Z
mobi_vancouver,mobi_vancouver_b7ebb42d-ef7e-4d10-81e7-33d321b11854,b7ebb42d-ef7e-4d10-81e7-33d321b11854,49.273471,-123.118016,1,FALSE,FALSE,24800,0017,1783361838,2026-07-06T18:18:01Z,2026-07-06T18:18:01Z,2026-07-06T18:17:16Z,2.2,https://gbfs.kappa.fifteen.eu/gbfs/2.2/mobi/en/gbfs.json,https://gbfs.kappa.fifteen.eu/gbfs/2.2/mobi/en/free_bike_status.json,2026-07-06T18:18:00Z,2026-07-06T18:18:00Z
mobi_vancouver,mobi_vancouver_608b84a9-f6e1-4193-94a9-beb62f9ac2d3,608b84a9-f6e1-4193-94a9-beb62f9ac2d3,49.263837,-123.105173,1,FALSE,FALSE,24800,0107,1783361838,2026-07-06T18:18:01Z,2026-07-06T18:18:01Z,2026-07-06T18:17:16Z,2.2,https://gbfs.kappa.fifteen.eu/gbfs/2.2/mobi/en/gbfs.json,https://gbfs.kappa.fifteen.eu/gbfs/2.2/mobi/en/free_bike_status.json,2026-07-06T18:18:00Z,2026-07-06T18:18:00Z
mobi_vancouver,mobi_vancouver_cb928371-966a-4629-a91d-46585fa9891d,cb928371-966a-4629-a91d-46585fa9891d,49.27023,-123.10651,1,FALSE,FALSE,24800,0174,1783361838,2026-07-06T18:18:01Z,2026-07-06T18:18:01Z,2026-07-06T18:17:16Z,2.2,https://gbfs.kappa.fifteen.eu/gbfs/2.2/mobi/en/gbfs.json,https://gbfs.kappa.fifteen.eu/gbfs/2.2/mobi/en/free_bike_status.json,2026-07-06T18:18:00Z,2026-07-06T18:18:00Z
mobi_vancouver,mobi_vancouver_839be091-b329-415b-9eec-40fe0b7c6d3a,839be091-b329-415b-9eec-40fe0b7c6d3a,49.270721,-123.146175,1,FALSE,FALSE,24800,0108,1783361838,2026-07-06T18:18:01Z,2026-07-06T18:18:01Z,2026-07-06T18:17:16Z,2.2,https://gbfs.kappa.fifteen.eu/gbfs/2.2/mobi/en/gbfs.json,https://gbfs.kappa.fifteen.eu/gbfs/2.2/mobi/en/free_bike_status.json,2026-07-06T18:18:00Z,2026-07-06T18:18:00Z
mobi_vancouver,mobi_vancouver_5371bdea-d0a6-4b32-8d5b-e72ce7ab20ae,5371bdea-d0a6-4b32-8d5b-e72ce7ab20ae,49.270721,-123.146175,1,FALSE,FALSE,24800,0108,1783361838,2026-07-06T18:18:01Z,2026-07-06T18:18:01Z,2026-07-06T18:17:16Z,2.2,https://gbfs.kappa.fifteen.eu/gbfs/2.2/mobi/en/gbfs.json,https://gbfs.kappa.fifteen.eu/gbfs/2.2/mobi/en/free_bike_status.json,2026-07-06T18:18:00Z,2026-07-06T18:18:00Z
mobi_vancouver,mobi_vancouver_4a2ad8f4-51f2-4a22-bdb5-e770c67b4bfd,4a2ad8f4-51f2-4a22-bdb5-e770c67b4bfd,49.284157,-123.099917,1,FALSE,FALSE,24800,0150,1783361838,2026-07-06T18:18:01Z,2026-07-06T18:18:01Z,2026-07-06T18:17:16Z,2.2,https://gbfs.kappa.fifteen.eu/gbfs/2.2/mobi/en/gbfs.json,https://gbfs.kappa.fifteen.eu/gbfs/2.2/mobi/en/free_bike_status.json,2026-07-06T18:18:00Z,2026-07-06T18:18:00Z
mobi_vancouver,mobi_vancouver_3d8db0e8-2fa6-4136-83ea-4134d0a6ab9b,3d8db0e8-2fa6-4136-83ea-4134d0a6ab9b,49.276292,-123.150592,1,FALSE,FALSE,24800,0155,1783361838,2026-07-06T18:18:01Z,2026-07-06T18:18:01Z,2026-07-06T18:17:16Z,2.2,https://gbfs.kappa.fifteen.eu/gbfs/2.2/mobi/en/gbfs.json,https://gbfs.kappa.fifteen.eu/gbfs/2.2/mobi/en/free_bike_status.json,2026-07-06T18:18:00Z,2026-07-06T18:18:00Z
mobi_vancouver,mobi_vancouver_fe600d48-9494-4419-98ae-9e5d842b9473,fe600d48-9494-4419-98ae-9e5d842b9473,49.262062,-123.104656,1,FALSE,FALSE,24800,0176,1783361838,2026-07-06T18:18:01Z,2026-07-06T18:18:01Z,2026-07-06T18:17:16Z,2.2,https://gbfs.kappa.fifteen.eu/gbfs/2.2/mobi/en/gbfs.json,https://gbfs.kappa.fifteen.eu/gbfs/2.2/mobi/en/free_bike_status.json,2026-07-06T18:18:00Z,2026-07-06T18:18:00Z
mobi_vancouver,mobi_vancouver_9c426a0a-0ed0-43b4-bb16-d0073f3467de,9c426a0a-0ed0-43b4-bb16-d0073f3467de,49.262062,-123.104656,1,FALSE,FALSE,24800,0176,1783361838,2026-07-06T18:18:01Z,2026-07-06T18:18:01Z,2026-07-06T18:17:16Z,2.2,https://gbfs.kappa.fifteen.eu/gbfs/2.2/mobi/en/gbfs.json,https://gbfs.kappa.fifteen.eu/gbfs/2.2/mobi/en/free_bike_status.json,2026-07-06T18:18:00Z,2026-07-06T18:18:00Z
mobi_vancouver,mobi_vancouver_b1be9664-133c-4ccf-bd8c-e06f1d0ce439,b1be9664-133c-4ccf-bd8c-e06f1d0ce439,49.29534,-123.150433,1,FALSE,FALSE,24800,0102,1783361838,2026-07-06T18:18:01Z,2026-07-06T18:18:01Z,2026-07-06T18:17:16Z,2.2,https://gbfs.kappa.fifteen.eu/gbfs/2.2/mobi/en/gbfs.json,https://gbfs.kappa.fifteen.eu/gbfs/2.2/mobi/en/free_bike_status.json,2026-07-06T18:18:00Z,2026-07-06T18:18:00Z
mobi_vancouver,mobi_vancouver_f456670a-77e7-4ae8-8b79-4e10257a2c2c,f456670a-77e7-4ae8-8b79-4e10257a2c2c,49.298657,-123.121176,1,FALSE,FALSE,24800,0105,1783361838,2026-07-06T18:18:01Z,2026-07-06T18:18:01Z,2026-07-06T18:17:16Z,2.2,https://gbfs.kappa.fifteen.eu/gbfs/2.2/mobi/en/gbfs.json,https://gbfs.kappa.fifteen.eu/gbfs/2.2/mobi/en/free_bike_status.json,2026-07-06T18:18:00Z,2026-07-06T18:18:00Z
mobi_vancouver,mobi_vancouver_f6cc6fec-b442-4309-9cdc-d0f14ed4194c,f6cc6fec-b442-4309-9cdc-d0f14ed4194c,49.266456,-123.100324,1,FALSE,FALSE,24800,0198,1783361838,2026-07-06T18:18:01Z,2026-07-06T18:18:01Z,2026-07-06T18:17:16Z,2.2,https://gbfs.kappa.fifteen.eu/gbfs/2.2/mobi/en/gbfs.json,https://gbfs.kappa.fifteen.eu/gbfs/2.2/mobi/en/free_bike_status.json,2026-07-06T18:18:00Z,2026-07-06T18:18:00Z
mobi_vancouver,mobi_vancouver_88f4dac9-2bbb-4634-8d10-ecd53ed3bf30,88f4dac9-2bbb-4634-8d10-ecd53ed3bf30,49.276897,-123.101746,1,FALSE,FALSE,24800,0801,1783361838,2026-07-06T18:18:01Z,2026-07-06T18:18:01Z,2026-07-06T18:17:16Z,2.2,https://gbfs.kappa.fifteen.eu/gbfs/2.2/mobi/en/gbfs.json,https://gbfs.kappa.fifteen.eu/gbfs/2.2/mobi/en/free_bike_status.json,2026-07-06T18:18:00Z,2026-07-06T18:18:00Z
mobi_vancouver,mobi_vancouver_cc101cec-5c51-4d3d-b399-8883a84454f4,cc101cec-5c51-4d3d-b399-8883a84454f4,49.278529,-123.100017,1,FALSE,FALSE,24800,0199,1783361838,2026-07-06T18:18:01Z,2026-07-06T18:18:01Z,2026-07-06T18:17:16Z,2.2,https://gbfs.kappa.fifteen.eu/gbfs/2.2/mobi/en/gbfs.json,https://gbfs.kappa.fifteen.eu/gbfs/2.2/mobi/en/free_bike_status.json,2026-07-06T18:18:00Z,2026-07-06T18:18:00Z
mobi_vancouver,mobi_vancouver_07f02052-1f75-4144-8ebe-88ededbd6dc8,07f02052-1f75-4144-8ebe-88ededbd6dc8,49.283227,-123.120523,1,FALSE,FALSE,24800,0099,1783361838,2026-07-06T18:18:01Z,2026-07-06T18:18:01Z,2026-07-06T18:17:16Z,2.2,https://gbfs.kappa.fifteen.eu/gbfs/2.2/mobi/en/gbfs.json,https://gbfs.kappa.fifteen.eu/gbfs/2.2/mobi/en/free_bike_status.json,2026-07-06T18:18:00Z,2026-07-06T18:18:00Z
mobi_vancouver,mobi_vancouver_7e9265d6-dce0-43da-b1aa-f7a4c1a1d5fd,7e9265d6-dce0-43da-b1aa-f7a4c1a1d5fd,49.267859,-123.145782,1,FALSE,FALSE,24800,0139,1783361838,2026-07-06T18:18:01Z,2026-07-06T18:18:01Z,2026-07-06T18:17:16Z,2.2,https://gbfs.kappa.fifteen.eu/gbfs/2.2/mobi/en/gbfs.json,https://gbfs.kappa.fifteen.eu/gbfs/2.2/mobi/en/free_bike_status.json,2026-07-06T18:18:00Z,2026-07-06T18:18:00Z
mobi_vancouver,mobi_vancouver_3f9b16cf-774e-4c4e-989f-05a53f8260ac,3f9b16cf-774e-4c4e-989f-05a53f8260ac,49.26151,-123.089413,1,FALSE,FALSE,24800,0260,1783361838,2026-07-06T18:18:01Z,2026-07-06T18:18:01Z,2026-07-06T18:17:16Z,2.2,https://gbfs.kappa.fifteen.eu/gbfs/2.2/mobi/en/gbfs.json,https://gbfs.kappa.fifteen.eu/gbfs/2.2/mobi/en/free_bike_status.json,2026-07-06T18:18:00Z,2026-07-06T18:18:00Z
mobi_vancouver,mobi_vancouver_af0235df-6d20-40d4-b446-a8f85300a52d,af0235df-6d20-40d4-b446-a8f85300a52d,49.287782,-123.12395,1,FALSE,FALSE,24800,0190,1783361838,2026-07-06T18:18:01Z,2026-07-06T18:18:01Z,2026-07-06T18:17:16Z,2.2,https://gbfs.kappa.fifteen.eu/gbfs/2.2/mobi/en/gbfs.json,https://gbfs.kappa.fifteen.eu/gbfs/2.2/mobi/en/free_bike_status.json,2026-07-06T18:18:00Z,2026-07-06T18:18:00Z
mobi_vancouver,mobi_vancouver_9e386d02-d0dd-4de5-84c3-7b296937a955,9e386d02-d0dd-4de5-84c3-7b296937a955,49.28117,-123.104419,1,FALSE,FALSE,24800,0098,1783361838,2026-07-06T18:18:01Z,2026-07-06T18:18:01Z,2026-07-06T18:17:16Z,2.2,https://gbfs.kappa.fifteen.eu/gbfs/2.2/mobi/en/gbfs.json,https://gbfs.kappa.fifteen.eu/gbfs/2.2/mobi/en/free_bike_status.json,2026-07-06T18:18:00Z,2026-07-06T18:18:00Z
mobi_vancouver,mobi_vancouver_5fdd7a25-d607-4d74-8620-ffb48eb43192,5fdd7a25-d607-4d74-8620-ffb48eb43192,49.263382,-123.088837,1,FALSE,FALSE,24800,0261,1783361838,2026-07-06T18:18:01Z,2026-07-06T18:18:01Z,2026-07-06T18:17:16Z,2.2,https://gbfs.kappa.fifteen.eu/gbfs/2.2/mobi/en/gbfs.json,https://gbfs.kappa.fifteen.eu/gbfs/2.2/mobi/en/free_bike_status.json,2026-07-06T18:18:00Z,2026-07-06T18:18:00Z
mobi_vancouver,mobi_vancouver_618cf353-3d07-4b1b-88f6-0a22bdcd7595,618cf353-3d07-4b1b-88f6-0a22bdcd7595,49.256496,-123.075426,1,FALSE,FALSE,24800,0283,1783361838,2026-07-06T18:18:01Z,2026-07-06T18:18:01Z,2026-07-06T18:17:16Z,2.2,https://gbfs.kappa.fifteen.eu/gbfs/2.2/mobi/en/gbfs.json,https://gbfs.kappa.fifteen.eu/gbfs/2.2/mobi/en/free_bike_status.json,2026-07-06T18:18:00Z,2026-07-06T18:18:00Z
mobi_vancouver,mobi_vancouver_d2513a4c-c15e-4227-9a3d-1b3a1a9c97ec,d2513a4c-c15e-4227-9a3d-1b3a1a9c97ec,49.254667,-123.101389,1,FALSE,FALSE,24800,0255,1783361838,2026-07-06T18:18:01Z,2026-07-06T18:18:01Z,2026-07-06T18:17:16Z,2.2,https://gbfs.kappa.fifteen.eu/gbfs/2.2/mobi/en/gbfs.json,https://gbfs.kappa.fifteen.eu/gbfs/2.2/mobi/en/free_bike_status.json,2026-07-06T18:18:00Z,2026-07-06T18:18:00Z
mobi_vancouver,mobi_vancouver_338ee2ce-2a05-4769-bb11-99adf679b380,338ee2ce-2a05-4769-bb11-99adf679b380,49.261188,-123.066009,1,FALSE,FALSE,24800,0274,1783361838,2026-07-06T18:18:01Z,2026-07-06T18:18:01Z,2026-07-06T18:17:16Z,2.2,https://gbfs.kappa.fifteen.eu/gbfs/2.2/mobi/en/gbfs.json,https://gbfs.kappa.fifteen.eu/gbfs/2.2/mobi/en/free_bike_status.json,2026-07-06T18:18:00Z,2026-07-06T18:18:00Z
mobi_vancouver,mobi_vancouver_16f48924-50c3-42e5-b9d3-df851c72222b,16f48924-50c3-42e5-b9d3-df851c72222b,49.280427,-123.074082,1,FALSE,FALSE,24800,0225,1783361838,2026-07-06T18:18:01Z,2026-07-06T18:18:01Z,2026-07-06T18:17:16Z,2.2,https://gbfs.kappa.fifteen.eu/gbfs/2.2/mobi/en/gbfs.json,https://gbfs.kappa.fifteen.eu/gbfs/2.2/mobi/en/free_bike_status.json,2026-07-06T18:18:00Z,2026-07-06T18:18:00Z
mobi_vancouver,mobi_vancouver_44fdc8b7-fbcd-4214-88b7-1561b60f44d4,44fdc8b7-fbcd-4214-88b7-1561b60f44d4,49.265213,-123.090785,1,FALSE,FALSE,24800,0298,1783361838,2026-07-06T18:18:01Z,2026-07-06T18:18:01Z,2026-07-06T18:17:16Z,2.2,https://gbfs.kappa.fifteen.eu/gbfs/2.2/mobi/en/gbfs.json,https://gbfs.kappa.fifteen.eu/gbfs/2.2/mobi/en/free_bike_status.json,2026-07-06T18:18:00Z,2026-07-06T18:18:00Z
mobi_vancouver,mobi_vancouver_83e4984d-5a6d-4ad4-b109-1f0b9fd85984,83e4984d-5a6d-4ad4-b109-1f0b9fd85984,49.277333,-123.087359,1,FALSE,FALSE,24800,0219,1783361838,2026-07-06T18:18:01Z,2026-07-06T18:18:01Z,2026-07-06T18:17:16Z,2.2,https://gbfs.kappa.fifteen.eu/gbfs/2.2/mobi/en/gbfs.json,https://gbfs.kappa.fifteen.eu/gbfs/2.2/mobi/en/free_bike_status.json,2026-07-06T18:18:00Z,2026-07-06T18:18:00Z
mobi_vancouver,mobi_vancouver_04fce00f-36bc-4af2-90cb-f1a39803166d,04fce00f-36bc-4af2-90cb-f1a39803166d,49.27551,-123.13307,1,FALSE,FALSE,24800,0045,1783361838,2026-07-06T18:18:01Z,2026-07-06T18:18:01Z,2026-07-06T18:17:16Z,2.2,https://gbfs.kappa.fifteen.eu/gbfs/2.2/mobi/en/gbfs.json,https://gbfs.kappa.fifteen.eu/gbfs/2.2/mobi/en/free_bike_status.json,2026-07-06T18:18:00Z,2026-07-06T18:18:00Z
mobi_vancouver,mobi_vancouver_1cbeb173-e9c2-482c-ba0e-633b1781ede4,1cbeb173-e9c2-482c-ba0e-633b1781ede4,49.280787,-123.115271,1,FALSE,FALSE,24800,0305,1783361838,2026-07-06T18:18:01Z,2026-07-06T18:18:01Z,2026-07-06T18:17:16Z,2.2,https://gbfs.kappa.fifteen.eu/gbfs/2.2/mobi/en/gbfs.json,https://gbfs.kappa.fifteen.eu/gbfs/2.2/mobi/en/free_bike_status.json,2026-07-06T18:18:00Z,2026-07-06T18:18:00Z
mobi_vancouver,mobi_vancouver_8f8cc5ae-2825-4b5b-bba2-e7829f2f1e85,8f8cc5ae-2825-4b5b-bba2-e7829f2f1e85,49.280787,-123.115271,1,FALSE,FALSE,24800,0305,1783361838,2026-07-06T18:18:01Z,2026-07-06T18:18:01Z,2026-07-06T18:17:16Z,2.2,https://gbfs.kappa.fifteen.eu/gbfs/2.2/mobi/en/gbfs.json,https://gbfs.kappa.fifteen.eu/gbfs/2.2/mobi/en/free_bike_status.json,2026-07-06T18:18:00Z,2026-07-06T18:18:00Z
mobi_vancouver,mobi_vancouver_de2dc811-14a4-47a5-86e0-b0739262a9c9,de2dc811-14a4-47a5-86e0-b0739262a9c9,49.27029,-123.135025,1,FALSE,FALSE,24800,0189,1783361838,2026-07-06T18:18:01Z,2026-07-06T18:18:01Z,2026-07-06T18:17:16Z,2.2,https://gbfs.kappa.fifteen.eu/gbfs/2.2/mobi/en/gbfs.json,https://gbfs.kappa.fifteen.eu/gbfs/2.2/mobi/en/free_bike_status.json,2026-07-06T18:18:00Z,2026-07-06T18:18:00Z
mobi_vancouver,mobi_vancouver_96f2c361-d48e-4727-a694-e5bd66914c9b,96f2c361-d48e-4727-a694-e5bd66914c9b,49.286646,-123.129232,1,FALSE,FALSE,24800,0310,1783361838,2026-07-06T18:18:01Z,2026-07-06T18:18:01Z,2026-07-06T18:17:16Z,2.2,https://gbfs.kappa.fifteen.eu/gbfs/2.2/mobi/en/gbfs.json,https://gbfs.kappa.fifteen.eu/gbfs/2.2/mobi/en/free_bike_status.json,2026-07-06T18:18:00Z,2026-07-06T18:18:00Z
mobi_vancouver,mobi_vancouver_2a9b41af-8139-4636-8e54-8e3c526803a3,2a9b41af-8139-4636-8e54-8e3c526803a3,49.27247,-123.185643,1,FALSE,FALSE,24800,0410,1783361838,2026-07-06T18:18:01Z,2026-07-06T18:18:01Z,2026-07-06T18:17:16Z,2.2,https://gbfs.kappa.fifteen.eu/gbfs/2.2/mobi/en/gbfs.json,https://gbfs.kappa.fifteen.eu/gbfs/2.2/mobi/en/free_bike_status.json,2026-07-06T18:18:00Z,2026-07-06T18:18:00Z
mobi_vancouver,mobi_vancouver_49deabec-e1bb-45c3-b877-9285c938b26e,49deabec-e1bb-45c3-b877-9285c938b26e,49.27247,-123.185643,1,FALSE,FALSE,24800,0410,1783361838,2026-07-06T18:18:01Z,2026-07-06T18:18:01Z,2026-07-06T18:17:16Z,2.2,https://gbfs.kappa.fifteen.eu/gbfs/2.2/mobi/en/gbfs.json,https://gbfs.kappa.fifteen.eu/gbfs/2.2/mobi/en/free_bike_status.json,2026-07-06T18:18:00Z,2026-07-06T18:18:00Z
mobi_vancouver,mobi_vancouver_b66d9ce9-42e6-4924-af6b-25d1b4923fde,b66d9ce9-42e6-4924-af6b-25d1b4923fde,49.273011,-123.159663,1,FALSE,FALSE,24800,0470,1783361838,2026-07-06T18:18:01Z,2026-07-06T18:18:01Z,2026-07-06T18:17:16Z,2.2,https://gbfs.kappa.fifteen.eu/gbfs/2.2/mobi/en/gbfs.json,https://gbfs.kappa.fifteen.eu/gbfs/2.2/mobi/en/free_bike_status.json,2026-07-06T18:18:00Z,2026-07-06T18:18:00Z
mobi_vancouver,mobi_vancouver_c303dc14-822e-49cd-bd4b-defabd021f8d,c303dc14-822e-49cd-bd4b-defabd021f8d,49.273011,-123.159663,1,FALSE,FALSE,24800,0470,1783361838,2026-07-06T18:18:01Z,2026-07-06T18:18:01Z,2026-07-06T18:17:16Z,2.2,https://gbfs.kappa.fifteen.eu/gbfs/2.2/mobi/en/gbfs.json,https://gbfs.kappa.fifteen.eu/gbfs/2.2/mobi/en/free_bike_status.json,2026-07-06T18:18:00Z,2026-07-06T18:18:00Z
mobi_vancouver,mobi_vancouver_02c8cc8b-f505-4ea1-a8ab-026e3db1a1de,02c8cc8b-f505-4ea1-a8ab-026e3db1a1de,49.272172,-123.097978,1,FALSE,FALSE,24800,0354,1783361838,2026-07-06T18:18:01Z,2026-07-06T18:18:01Z,2026-07-06T18:17:16Z,2.2,https://gbfs.kappa.fifteen.eu/gbfs/2.2/mobi/en/gbfs.json,https://gbfs.kappa.fifteen.eu/gbfs/2.2/mobi/en/free_bike_status.json,2026-07-06T18:18:00Z,2026-07-06T18:18:00Z
mobi_vancouver,mobi_vancouver_77497e44-5acd-4a3b-a542-c90ad1cdb7ae,77497e44-5acd-4a3b-a542-c90ad1cdb7ae,49.266924,-123.173849,1,FALSE,FALSE,24800,0443,1783361838,2026-07-06T18:18:01Z,2026-07-06T18:18:01Z,2026-07-06T18:17:16Z,2.2,https://gbfs.kappa.fifteen.eu/gbfs/2.2/mobi/en/gbfs.json,https://gbfs.kappa.fifteen.eu/gbfs/2.2/mobi/en/free_bike_status.json,2026-07-06T18:18:00Z,2026-07-06T18:18:00Z
mobi_vancouver,mobi_vancouver_3abf5cb0-40f8-454f-8d4a-065fb4f6cc4f,3abf5cb0-40f8-454f-8d4a-065fb4f6cc4f,49.246243,-123.124373,1,FALSE,FALSE,24800,0505,1783361838,2026-07-06T18:18:01Z,2026-07-06T18:18:01Z,2026-07-06T18:17:16Z,2.2,https://gbfs.kappa.fifteen.eu/gbfs/2.2/mobi/en/gbfs.json,https://gbfs.kappa.fifteen.eu/gbfs/2.2/mobi/en/free_bike_status.json,2026-07-06T18:18:00Z,2026-07-06T18:18:00Z
mobi_vancouver,mobi_vancouver_d1777893-be3d-4a6e-9ad9-f00496cfda48,d1777893-be3d-4a6e-9ad9-f00496cfda48,49.249722,-123.104991,1,FALSE,FALSE,24800,0554,1783361838,2026-07-06T18:18:01Z,2026-07-06T18:18:01Z,2026-07-06T18:17:16Z,2.2,https://gbfs.kappa.fifteen.eu/gbfs/2.2/mobi/en/gbfs.json,https://gbfs.kappa.fifteen.eu/gbfs/2.2/mobi/en/free_bike_status.json,2026-07-06T18:18:00Z,2026-07-06T18:18:00Z
mobi_vancouver,mobi_vancouver_d675640d-be19-4828-968f-088a5387d384,d675640d-be19-4828-968f-088a5387d384,49.283482,-123.103738,2,FALSE,FALSE,24800,0013,1783361838,2026-07-06T18:18:01Z,2026-07-06T18:18:01Z,2026-07-06T18:17:16Z,2.2,https://gbfs.kappa.fifteen.eu/gbfs/2.2/mobi/en/gbfs.json,https://gbfs.kappa.fifteen.eu/gbfs/2.2/mobi/en/free_bike_status.json,2026-07-06T18:18:00Z,2026-07-06T18:18:00Z
mobi_vancouver,mobi_vancouver_eceb3ca0-bf3e-4f24-b628-2fc5b84c771e,eceb3ca0-bf3e-4f24-b628-2fc5b84c771e,49.293264,-123.132861,1,FALSE,FALSE,24800,0181,1783361838,2026-07-06T18:18:01Z,2026-07-06T18:18:01Z,2026-07-06T18:17:16Z,2.2,https://gbfs.kappa.fifteen.eu/gbfs/2.2/mobi/en/gbfs.json,https://gbfs.kappa.fifteen.eu/gbfs/2.2/mobi/en/free_bike_status.json,2026-07-06T18:18:00Z,2026-07-06T18:18:00Z
mobi_vancouver,mobi_vancouver_422b8e7b-8d47-4967-bf27-0980b7e548e3,422b8e7b-8d47-4967-bf27-0980b7e548e3,49.288682,-123.11818,1,FALSE,FALSE,25200,0201,1783361838,2026-07-06T18:18:01Z,2026-07-06T18:18:01Z,2026-07-06T18:17:16Z,2.2,https://gbfs.kappa.fifteen.eu/gbfs/2.2/mobi/en/gbfs.json,https://gbfs.kappa.fifteen.eu/gbfs/2.2/mobi/en/free_bike_status.json,2026-07-06T18:18:00Z,2026-07-06T18:18:00Z
mobi_vancouver,mobi_vancouver_10b68f9e-f772-43c5-adb6-9d5c4312fcd5,10b68f9e-f772-43c5-adb6-9d5c4312fcd5,49.28602,-123.116624,1,FALSE,FALSE,25200,0024,1783361838,2026-07-06T18:18:01Z,2026-07-06T18:18:01Z,2026-07-06T18:17:16Z,2.2,https://gbfs.kappa.fifteen.eu/gbfs/2.2/mobi/en/gbfs.json,https://gbfs.kappa.fifteen.eu/gbfs/2.2/mobi/en/free_bike_status.json,2026-07-06T18:18:00Z,2026-07-06T18:18:00Z
mobi_vancouver,mobi_vancouver_4b5f1fb9-5a50-4c30-9347-b62c0ae690d9,4b5f1fb9-5a50-4c30-9347-b62c0ae690d9,49.285871,-123.12105,1,FALSE,FALSE,25200,0002,1783361838,2026-07-06T18:18:01Z,2026-07-06T18:18:01Z,2026-07-06T18:17:16Z,2.2,https://gbfs.kappa.fifteen.eu/gbfs/2.2/mobi/en/gbfs.json,https://gbfs.kappa.fifteen.eu/gbfs/2.2/mobi/en/free_bike_status.json,2026-07-06T18:18:00Z,2026-07-06T18:18:00Z
mobi_vancouver,mobi_vancouver_adcd8761-a74d-4c96-a3e3-ad2cf22bc67f,adcd8761-a74d-4c96-a3e3-ad2cf22bc67f,49.28803,-123.142135,1,FALSE,FALSE,25200,0031,1783361838,2026-07-06T18:18:01Z,2026-07-06T18:18:01Z,2026-07-06T18:17:16Z,2.2,https://gbfs.kappa.fifteen.eu/gbfs/2.2/mobi/en/gbfs.json,https://gbfs.kappa.fifteen.eu/gbfs/2.2/mobi/en/free_bike_status.json,2026-07-06T18:18:00Z,2026-07-06T18:18:00Z
mobi_vancouver,mobi_vancouver_8cc5c653-f7e7-4af3-a17a-d62932a413ce,8cc5c653-f7e7-4af3-a17a-d62932a413ce,49.288444,-123.139203,1,FALSE,FALSE,25200,0032,1783361838,2026-07-06T18:18:01Z,2026-07-06T18:18:01Z,2026-07-06T18:17:16Z,2.2,https://gbfs.kappa.fifteen.eu/gbfs/2.2/mobi/en/gbfs.json,https://gbfs.kappa.fifteen.eu/gbfs/2.2/mobi/en/free_bike_status.json,2026-07-06T18:18:00Z,2026-07-06T18:18:00Z
mobi_vancouver,mobi_vancouver_428c8752-9fca-422f-adf6-21e75a058c55,428c8752-9fca-422f-adf6-21e75a058c55,49.285512,-123.1384,1,FALSE,FALSE,25200,0040,1783361838,2026-07-06T18:18:01Z,2026-07-06T18:18:01Z,2026-07-06T18:17:16Z,2.2,https://gbfs.kappa.fifteen.eu/gbfs/2.2/mobi/en/gbfs.json,https://gbfs.kappa.fifteen.eu/gbfs/2.2/mobi/en/free_bike_status.json,2026-07-06T18:18:00Z,2026-07-06T18:18:00Z
mobi_vancouver,mobi_vancouver_e5a25551-7abb-4d94-8a13-a5f7bde41860,e5a25551-7abb-4d94-8a13-a5f7bde41860,49.289255,-123.132677,1,FALSE,FALSE,25200,0041,1783361838,2026-07-06T18:18:01Z,2026-07-06T18:18:01Z,2026-07-06T18:17:16Z,2.2,https://gbfs.kappa.fifteen.eu/gbfs/2.2/mobi/en/gbfs.json,https://gbfs.kappa.fifteen.eu/gbfs/2.2/mobi/en/free_bike_status.json,2026-07-06T18:18:00Z,2026-07-06T18:18:00Z
mobi_vancouver,mobi_vancouver_898a5220-dbb1-4181-a17c-0d4308d5a25c,898a5220-dbb1-4181-a17c-0d4308d5a25c,49.269361,-123.13782,1,FALSE,FALSE,25200,0066,1783361838,2026-07-06T18:18:01Z,2026-07-06T18:18:01Z,2026-07-06T18:17:16Z,2.2,https://gbfs.kappa.fifteen.eu/gbfs/2.2/mobi/en/gbfs.json,https://gbfs.kappa.fifteen.eu/gbfs/2.2/mobi/en/free_bike_status.json,2026-07-06T18:18:00Z,2026-07-06T18:18:00Z
mobi_vancouver,mobi_vancouver_1a0e501e-87c5-4b3a-8f95-9156beb19e15,1a0e501e-87c5-4b3a-8f95-9156beb19e15,49.279739,-123.116251,1,FALSE,FALSE,25200,0025,1783361838,2026-07-06T18:18:01Z,2026-07-06T18:18:01Z,2026-07-06T18:17:16Z,2.2,https://gbfs.kappa.fifteen.eu/gbfs/2.2/mobi/en/gbfs.json,https://gbfs.kappa.fifteen.eu/gbfs/2.2/mobi/en/free_bike_status.json,2026-07-06T18:18:00Z,2026-07-06T18:18:00Z
mobi_vancouver,mobi_vancouver_6f48c736-d208-4103-b374-6034ec621fcf,6f48c736-d208-4103-b374-6034ec621fcf,49.282759,-123.106955,1,FALSE,FALSE,25200,0030,1783361838,2026-07-06T18:18:01Z,2026-07-06T18:18:01Z,2026-07-06T18:17:16Z,2.2,https://gbfs.kappa.fifteen.eu/gbfs/2.2/mobi/en/gbfs.json,https://gbfs.kappa.fifteen.eu/gbfs/2.2/mobi/en/free_bike_status.json,2026-07-06T18:18:00Z,2026-07-06T18:18:00Z
mobi_vancouver,mobi_vancouver_717d28c4-cf66-43e5-97b2-fa93464b263c,717d28c4-cf66-43e5-97b2-fa93464b263c,49.287528,-123.142139,1,FALSE,FALSE,25200,0028,1783361838,2026-07-06T18:18:01Z,2026-07-06T18:18:01Z,2026-07-06T18:17:16Z,2.2,https://gbfs.kappa.fifteen.eu/gbfs/2.2/mobi/en/gbfs.json,https://gbfs.kappa.fifteen.eu/gbfs/2.2/mobi/en/free_bike_status.json,2026-07-06T18:18:00Z,2026-07-06T18:18:00Z
mobi_vancouver,mobi_vancouver_ae73868f-a6ef-49ee-b8e3-fada4cdb8845,ae73868f-a6ef-49ee-b8e3-fada4cdb8845,49.272827,-123.147744,1,FALSE,FALSE,25200,0065,1783361838,2026-07-06T18:18:01Z,2026-07-06T18:18:01Z,2026-07-06T18:17:16Z,2.2,https://gbfs.kappa.fifteen.eu/gbfs/2.2/mobi/en/gbfs.json,https://gbfs.kappa.fifteen.eu/gbfs/2.2/mobi/en/free_bike_status.json,2026-07-06T18:18:00Z,2026-07-06T18:18:00Z
mobi_vancouver,mobi_vancouver_df018f27-ce98-4823-9859-d3d8ec9f3fdc,df018f27-ce98-4823-9859-d3d8ec9f3fdc,49.273471,-123.118016,1,FALSE,FALSE,25200,0017,1783361838,2026-07-06T18:18:01Z,2026-07-06T18:18:01Z,2026-07-06T18:17:16Z,2.2,https://gbfs.kappa.fifteen.eu/gbfs/2.2/mobi/en/gbfs.json,https://gbfs.kappa.fifteen.eu/gbfs/2.2/mobi/en/free_bike_status.json,2026-07-06T18:18:00Z,2026-07-06T18:18:00Z
mobi_vancouver,mobi_vancouver_488d22f3-b1eb-43b6-9c44-f34db0939092,488d22f3-b1eb-43b6-9c44-f34db0939092,49.269969,-123.109623,1,FALSE,FALSE,25200,0173,1783361838,2026-07-06T18:18:01Z,2026-07-06T18:18:01Z,2026-07-06T18:17:16Z,2.2,https://gbfs.kappa.fifteen.eu/gbfs/2.2/mobi/en/gbfs.json,https://gbfs.kappa.fifteen.eu/gbfs/2.2/mobi/en/free_bike_status.json,2026-07-06T18:18:00Z,2026-07-06T18:18:00Z
mobi_vancouver,mobi_vancouver_46c76c38-9d37-4c91-993e-3464c481bca2,46c76c38-9d37-4c91-993e-3464c481bca2,49.266314,-123.116011,1,FALSE,FALSE,25200,0006,1783361838,2026-07-06T18:18:01Z,2026-07-06T18:18:01Z,2026-07-06T18:17:16Z,2.2,https://gbfs.kappa.fifteen.eu/gbfs/2.2/mobi/en/gbfs.json,https://gbfs.kappa.fifteen.eu/gbfs/2.2/mobi/en/free_bike_status.json,2026-07-06T18:18:00Z,2026-07-06T18:18:00Z
mobi_vancouver,mobi_vancouver_3e7d05c0-1dab-4dff-a375-b7b55b12ff73,3e7d05c0-1dab-4dff-a375-b7b55b12ff73,49.266314,-123.116011,1,FALSE,FALSE,25200,0006,1783361838,2026-07-06T18:18:01Z,2026-07-06T18:18:01Z,2026-07-06T18:17:16Z,2.2,https://gbfs.kappa.fifteen.eu/gbfs/2.2/mobi/en/gbfs.json,https://gbfs.kappa.fifteen.eu/gbfs/2.2/mobi/en/free_bike_status.json,2026-07-06T18:18:00Z,2026-07-06T18:18:00Z
mobi_vancouver,mobi_vancouver_052206eb-35e9-4832-b36a-8d8695de416b,052206eb-35e9-4832-b36a-8d8695de416b,49.266314,-123.116011,1,FALSE,FALSE,25200,0006,1783361838,2026-07-06T18:18:01Z,2026-07-06T18:18:01Z,2026-07-06T18:17:16Z,2.2,https://gbfs.kappa.fifteen.eu/gbfs/2.2/mobi/en/gbfs.json,https://gbfs.kappa.fifteen.eu/gbfs/2.2/mobi/en/free_bike_status.json,2026-07-06T18:18:00Z,2026-07-06T18:18:00Z
mobi_vancouver,mobi_vancouver_fadb27cd-1794-4f27-8b52-5db5d80a8389,fadb27cd-1794-4f27-8b52-5db5d80a8389,49.270721,-123.146175,1,FALSE,FALSE,25200,0108,1783361838,2026-07-06T18:18:01Z,2026-07-06T18:18:01Z,2026-07-06T18:17:16Z,2.2,https://gbfs.kappa.fifteen.eu/gbfs/2.2/mobi/en/gbfs.json,https://gbfs.kappa.fifteen.eu/gbfs/2.2/mobi/en/free_bike_status.json,2026-07-06T18:18:00Z,2026-07-06T18:18:00Z
mobi_vancouver,mobi_vancouver_d4129e36-a388-4668-a2e8-3c2131be3332,d4129e36-a388-4668-a2e8-3c2131be3332,49.27821,-123.136972,1,FALSE,FALSE,25200,0083,1783361838,2026-07-06T18:18:01Z,2026-07-06T18:18:01Z,2026-07-06T18:17:16Z,2.2,https://gbfs.kappa.fifteen.eu/gbfs/2.2/mobi/en/gbfs.json,https://gbfs.kappa.fifteen.eu/gbfs/2.2/mobi/en/free_bike_status.json,2026-07-06T18:18:00Z,2026-07-06T18:18:00Z
mobi_vancouver,mobi_vancouver_9864a79d-4811-42ac-bf1c-0ab5094645b4,9864a79d-4811-42ac-bf1c-0ab5094645b4,49.284157,-123.099917,1,FALSE,FALSE,25200,0150,1783361838,2026-07-06T18:18:01Z,2026-07-06T18:18:01Z,2026-07-06T18:17:16Z,2.2,https://gbfs.kappa.fifteen.eu/gbfs/2.2/mobi/en/gbfs.json,https://gbfs.kappa.fifteen.eu/gbfs/2.2/mobi/en/free_bike_status.json,2026-07-06T18:18:00Z,2026-07-06T18:18:00Z
mobi_vancouver,mobi_vancouver_cad2d0a4-f1c4-4a48-97d3-a0a832bd849b,cad2d0a4-f1c4-4a48-97d3-a0a832bd849b,49.276292,-123.150592,1,FALSE,FALSE,25200,0155,1783361838,2026-07-06T18:18:01Z,2026-07-06T18:18:01Z,2026-07-06T18:17:16Z,2.2,https://gbfs.kappa.fifteen.eu/gbfs/2.2/mobi/en/gbfs.json,https://gbfs.kappa.fifteen.eu/gbfs/2.2/mobi/en/free_bike_status.json,2026-07-06T18:18:00Z,2026-07-06T18:18:00Z
mobi_vancouver,mobi_vancouver_b558bd00-f8ab-49eb-80cc-3bcacf735fa4,b558bd00-f8ab-49eb-80cc-3bcacf735fa4,49.276292,-123.150592,1,FALSE,FALSE,25200,0155,1783361838,2026-07-06T18:18:01Z,2026-07-06T18:18:01Z,2026-07-06T18:17:16Z,2.2,https://gbfs.kappa.fifteen.eu/gbfs/2.2/mobi/en/gbfs.json,https://gbfs.kappa.fifteen.eu/gbfs/2.2/mobi/en/free_bike_status.json,2026-07-06T18:18:00Z,2026-07-06T18:18:00Z
mobi_vancouver,mobi_vancouver_18ff5e91-b3ec-4716-92dc-798e15069bf7,18ff5e91-b3ec-4716-92dc-798e15069bf7,49.276292,-123.150592,1,FALSE,FALSE,25200,0155,1783361838,2026-07-06T18:18:01Z,2026-07-06T18:18:01Z,2026-07-06T18:17:16Z,2.2,https://gbfs.kappa.fifteen.eu/gbfs/2.2/mobi/en/gbfs.json,https://gbfs.kappa.fifteen.eu/gbfs/2.2/mobi/en/free_bike_status.json,2026-07-06T18:18:00Z,2026-07-06T18:18:00Z
mobi_vancouver,mobi_vancouver_e3bcc987-ce69-4c0e-a5ad-f92f13a34081,e3bcc987-ce69-4c0e-a5ad-f92f13a34081,49.275938,-123.145939,1,FALSE,FALSE,25200,0147,1783361838,2026-07-06T18:18:01Z,2026-07-06T18:18:01Z,2026-07-06T18:17:16Z,2.2,https://gbfs.kappa.fifteen.eu/gbfs/2.2/mobi/en/gbfs.json,https://gbfs.kappa.fifteen.eu/gbfs/2.2/mobi/en/free_bike_status.json,2026-07-06T18:18:00Z,2026-07-06T18:18:00Z
mobi_vancouver,mobi_vancouver_d63377ea-eaa2-426a-80db-5bccf4c46707,d63377ea-eaa2-426a-80db-5bccf4c46707,49.262062,-123.104656,2,FALSE,FALSE,25200,0176,1783361838,2026-07-06T18:18:01Z,2026-07-06T18:18:01Z,2026-07-06T18:17:16Z,2.2,https://gbfs.kappa.fifteen.eu/gbfs/2.2/mobi/en/gbfs.json,https://gbfs.kappa.fifteen.eu/gbfs/2.2/mobi/en/free_bike_status.json,2026-07-06T18:18:00Z,2026-07-06T18:18:00Z
mobi_vancouver,mobi_vancouver_df686af1-1834-4dd0-afaf-711349ef2331,df686af1-1834-4dd0-afaf-711349ef2331,49.281301,-123.139108,1,FALSE,FALSE,25200,0084,1783361838,2026-07-06T18:18:01Z,2026-07-06T18:18:01Z,2026-07-06T18:17:16Z,2.2,https://gbfs.kappa.fifteen.eu/gbfs/2.2/mobi/en/gbfs.json,https://gbfs.kappa.fifteen.eu/gbfs/2.2/mobi/en/free_bike_status.json,2026-07-06T18:18:00Z,2026-07-06T18:18:00Z
mobi_vancouver,mobi_vancouver_8969c01c-d930-46f9-ae99-3c3a66ca9358,8969c01c-d930-46f9-ae99-3c3a66ca9358,49.281301,-123.139108,1,FALSE,FALSE,25200,0084,1783361838,2026-07-06T18:18:01Z,2026-07-06T18:18:01Z,2026-07-06T18:17:16Z,2.2,https://gbfs.kappa.fifteen.eu/gbfs/2.2/mobi/en/gbfs.json,https://gbfs.kappa.fifteen.eu/gbfs/2.2/mobi/en/free_bike_status.json,2026-07-06T18:18:00Z,2026-07-06T18:18:00Z
mobi_vancouver,mobi_vancouver_d3181965-5e70-47cd-8e59-5f641022c924,d3181965-5e70-47cd-8e59-5f641022c924,49.266774,-123.141135,1,FALSE,FALSE,25200,0153,1783361838,2026-07-06T18:18:01Z,2026-07-06T18:18:01Z,2026-07-06T18:17:16Z,2.2,https://gbfs.kappa.fifteen.eu/gbfs/2.2/mobi/en/gbfs.json,https://gbfs.kappa.fifteen.eu/gbfs/2.2/mobi/en/free_bike_status.json,2026-07-06T18:18:00Z,2026-07-06T18:18:00Z
mobi_vancouver,mobi_vancouver_00db9f3d-be56-4d3a-a785-060a5eeb50fe,00db9f3d-be56-4d3a-a785-060a5eeb50fe,49.265336,-123.145823,1,FALSE,FALSE,25200,0140,1783361838,2026-07-06T18:18:01Z,2026-07-06T18:18:01Z,2026-07-06T18:17:16Z,2.2,https://gbfs.kappa.fifteen.eu/gbfs/2.2/mobi/en/gbfs.json,https://gbfs.kappa.fifteen.eu/gbfs/2.2/mobi/en/free_bike_status.json,2026-07-06T18:18:00Z,2026-07-06T18:18:00Z
mobi_vancouver,mobi_vancouver_9e61590f-a94c-48cc-a80d-0db4cae7c6f3,9e61590f-a94c-48cc-a80d-0db4cae7c6f3,49.276897,-123.101746,1,FALSE,FALSE,25200,0801,1783361838,2026-07-06T18:18:01Z,2026-07-06T18:18:01Z,2026-07-06T18:17:16Z,2.2,https://gbfs.kappa.fifteen.eu/gbfs/2.2/mobi/en/gbfs.json,https://gbfs.kappa.fifteen.eu/gbfs/2.2/mobi/en/free_bike_status.json,2026-07-06T18:18:00Z,2026-07-06T18:18:00Z
mobi_vancouver,mobi_vancouver_b6e969cf-8008-4668-a2ea-fcc11451859e,b6e969cf-8008-4668-a2ea-fcc11451859e,49.278529,-123.100017,1,FALSE,FALSE,25200,0199,1783361838,2026-07-06T18:18:01Z,2026-07-06T18:18:01Z,2026-07-06T18:17:16Z,2.2,https://gbfs.kappa.fifteen.eu/gbfs/2.2/mobi/en/gbfs.json,https://gbfs.kappa.fifteen.eu/gbfs/2.2/mobi/en/free_bike_status.json,2026-07-06T18:18:00Z,2026-07-06T18:18:00Z
mobi_vancouver,mobi_vancouver_fd7cccc6-3fa2-4ce3-a477-884f72153a76,fd7cccc6-3fa2-4ce3-a477-884f72153a76,49.283227,-123.120523,1,FALSE,FALSE,25200,0099,1783361838,2026-07-06T18:18:01Z,2026-07-06T18:18:01Z,2026-07-06T18:17:16Z,2.2,https://gbfs.kappa.fifteen.eu/gbfs/2.2/mobi/en/gbfs.json,https://gbfs.kappa.fifteen.eu/gbfs/2.2/mobi/en/free_bike_status.json,2026-07-06T18:18:00Z,2026-07-06T18:18:00Z
mobi_vancouver,mobi_vancouver_02081a31-22ed-4b35-9fd9-dd2f2a90afb2,02081a31-22ed-4b35-9fd9-dd2f2a90afb2,49.275882,-123.071865,1,FALSE,FALSE,25200,0232,1783361838,2026-07-06T18:18:01Z,2026-07-06T18:18:01Z,2026-07-06T18:17:16Z,2.2,https://gbfs.kappa.fifteen.eu/gbfs/2.2/mobi/en/gbfs.json,https://gbfs.kappa.fifteen.eu/gbfs/2.2/mobi/en/free_bike_status.json,2026-07-06T18:18:00Z,2026-07-06T18:18:00Z
mobi_vancouver,mobi_vancouver_c6332013-519c-47b0-971c-966ea9804151,c6332013-519c-47b0-971c-966ea9804151,49.280852,-123.084746,1,FALSE,FALSE,25200,0227,1783361838,2026-07-06T18:18:01Z,2026-07-06T18:18:01Z,2026-07-06T18:17:16Z,2.2,https://gbfs.kappa.fifteen.eu/gbfs/2.2/mobi/en/gbfs.json,https://gbfs.kappa.fifteen.eu/gbfs/2.2/mobi/en/free_bike_status.json,2026-07-06T18:18:00Z,2026-07-06T18:18:00Z
mobi_vancouver,mobi_vancouver_c7a7aa64-774b-4bc4-aa9f-7ecf32e10b57,c7a7aa64-774b-4bc4-aa9f-7ecf32e10b57,49.280852,-123.084746,1,FALSE,FALSE,25200,0227,1783361838,2026-07-06T18:18:01Z,2026-07-06T18:18:01Z,2026-07-06T18:17:16Z,2.2,https://gbfs.kappa.fifteen.eu/gbfs/2.2/mobi/en/gbfs.json,https://gbfs.kappa.fifteen.eu/gbfs/2.2/mobi/en/free_bike_status.json,2026-07-06T18:18:00Z,2026-07-06T18:18:00Z
mobi_vancouver,mobi_vancouver_2612f0c4-867a-45dd-adf7-301cfcdfebf9,2612f0c4-867a-45dd-adf7-301cfcdfebf9,49.264466,-123.085183,1,FALSE,FALSE,25200,0266,1783361838,2026-07-06T18:18:01Z,2026-07-06T18:18:01Z,2026-07-06T18:17:16Z,2.2,https://gbfs.kappa.fifteen.eu/gbfs/2.2/mobi/en/gbfs.json,https://gbfs.kappa.fifteen.eu/gbfs/2.2/mobi/en/free_bike_status.json,2026-07-06T18:18:00Z,2026-07-06T18:18:00Z
mobi_vancouver,mobi_vancouver_f3e654b6-d01f-4f6f-bd9b-78c7b049084d,f3e654b6-d01f-4f6f-bd9b-78c7b049084d,49.264466,-123.085183,1,FALSE,FALSE,25200,0266,1783361838,2026-07-06T18:18:01Z,2026-07-06T18:18:01Z,2026-07-06T18:17:16Z,2.2,https://gbfs.kappa.fifteen.eu/gbfs/2.2/mobi/en/gbfs.json,https://gbfs.kappa.fifteen.eu/gbfs/2.2/mobi/en/free_bike_status.json,2026-07-06T18:18:00Z,2026-07-06T18:18:00Z
mobi_vancouver,mobi_vancouver_915b8f92-b423-45a0-b38d-c0a283270002,915b8f92-b423-45a0-b38d-c0a283270002,49.273777,-123.092723,1,FALSE,FALSE,25200,0233,1783361838,2026-07-06T18:18:01Z,2026-07-06T18:18:01Z,2026-07-06T18:17:16Z,2.2,https://gbfs.kappa.fifteen.eu/gbfs/2.2/mobi/en/gbfs.json,https://gbfs.kappa.fifteen.eu/gbfs/2.2/mobi/en/free_bike_status.json,2026-07-06T18:18:00Z,2026-07-06T18:18:00Z
mobi_vancouver,mobi_vancouver_1417701a-8ef3-4c63-ac4c-2fd80945ccc1,1417701a-8ef3-4c63-ac4c-2fd80945ccc1,49.302577,-123.155616,1,FALSE,FALSE,25200,0103,1783361838,2026-07-06T18:18:01Z,2026-07-06T18:18:01Z,2026-07-06T18:17:16Z,2.2,https://gbfs.kappa.fifteen.eu/gbfs/2.2/mobi/en/gbfs.json,https://gbfs.kappa.fifteen.eu/gbfs/2.2/mobi/en/free_bike_status.json,2026-07-06T18:18:00Z,2026-07-06T18:18:00Z
mobi_vancouver,mobi_vancouver_6e4ac238-f44b-4acb-a7ce-e3da5173bfa3,6e4ac238-f44b-4acb-a7ce-e3da5173bfa3,49.302577,-123.155616,1,FALSE,FALSE,25200,0103,1783361838,2026-07-06T18:18:01Z,2026-07-06T18:18:01Z,2026-07-06T18:17:16Z,2.2,https://gbfs.kappa.fifteen.eu/gbfs/2.2/mobi/en/gbfs.json,https://gbfs.kappa.fifteen.eu/gbfs/2.2/mobi/en/free_bike_status.json,2026-07-06T18:18:00Z,2026-07-06T18:18:00Z
mobi_vancouver,mobi_vancouver_0505e7c4-1c17-49cc-a640-8705ef1efb3d,0505e7c4-1c17-49cc-a640-8705ef1efb3d,49.302577,-123.155616,1,FALSE,FALSE,25200,0103,1783361838,2026-07-06T18:18:01Z,2026-07-06T18:18:01Z,2026-07-06T18:17:16Z,2.2,https://gbfs.kappa.fifteen.eu/gbfs/2.2/mobi/en/gbfs.json,https://gbfs.kappa.fifteen.eu/gbfs/2.2/mobi/en/free_bike_status.json,2026-07-06T18:18:00Z,2026-07-06T18:18:00Z
mobi_vancouver,mobi_vancouver_eea20378-23a5-44fe-ba37-874f93c48bf1,eea20378-23a5-44fe-ba37-874f93c48bf1,49.263962,-123.112621,1,FALSE,FALSE,25200,0170,1783361838,2026-07-06T18:18:01Z,2026-07-06T18:18:01Z,2026-07-06T18:17:16Z,2.2,https://gbfs.kappa.fifteen.eu/gbfs/2.2/mobi/en/gbfs.json,https://gbfs.kappa.fifteen.eu/gbfs/2.2/mobi/en/free_bike_status.json,2026-07-06T18:18:00Z,2026-07-06T18:18:00Z
mobi_vancouver,mobi_vancouver_67d325f8-de69-4f1f-997d-8523ebb12d3d,67d325f8-de69-4f1f-997d-8523ebb12d3d,49.283298,-123.142288,1,FALSE,FALSE,25200,0142,1783361838,2026-07-06T18:18:01Z,2026-07-06T18:18:01Z,2026-07-06T18:17:16Z,2.2,https://gbfs.kappa.fifteen.eu/gbfs/2.2/mobi/en/gbfs.json,https://gbfs.kappa.fifteen.eu/gbfs/2.2/mobi/en/free_bike_status.json,2026-07-06T18:18:00Z,2026-07-06T18:18:00Z
mobi_vancouver,mobi_vancouver_b9cc4d1a-5da6-4a2d-94f1-53b280c6e8bd,b9cc4d1a-5da6-4a2d-94f1-53b280c6e8bd,49.27029,-123.135025,1,FALSE,FALSE,25200,0189,1783361838,2026-07-06T18:18:01Z,2026-07-06T18:18:01Z,2026-07-06T18:17:16Z,2.2,https://gbfs.kappa.fifteen.eu/gbfs/2.2/mobi/en/gbfs.json,https://gbfs.kappa.fifteen.eu/gbfs/2.2/mobi/en/free_bike_status.json,2026-07-06T18:18:00Z,2026-07-06T18:18:00Z
mobi_vancouver,mobi_vancouver_2e20e4bb-24cd-431f-a568-5a3c6270a7c7,2e20e4bb-24cd-431f-a568-5a3c6270a7c7,49.27029,-123.135025,1,FALSE,FALSE,25200,0189,1783361838,2026-07-06T18:18:01Z,2026-07-06T18:18:01Z,2026-07-06T18:17:16Z,2.2,https://gbfs.kappa.fifteen.eu/gbfs/2.2/mobi/en/gbfs.json,https://gbfs.kappa.fifteen.eu/gbfs/2.2/mobi/en/free_bike_status.json,2026-07-06T18:18:00Z,2026-07-06T18:18:00Z
mobi_vancouver,mobi_vancouver_2afbf1a0-7843-4613-8e23-ede9ffa76d03,2afbf1a0-7843-4613-8e23-ede9ffa76d03,49.27029,-123.135025,1,FALSE,FALSE,25200,0189,1783361838,2026-07-06T18:18:01Z,2026-07-06T18:18:01Z,2026-07-06T18:17:16Z,2.2,https://gbfs.kappa.fifteen.eu/gbfs/2.2/mobi/en/gbfs.json,https://gbfs.kappa.fifteen.eu/gbfs/2.2/mobi/en/free_bike_status.json,2026-07-06T18:18:00Z,2026-07-06T18:18:00Z
mobi_vancouver,mobi_vancouver_94195a1f-a4a4-4d54-a627-9feacccb9840,94195a1f-a4a4-4d54-a627-9feacccb9840,49.290587,-123.13625,1,FALSE,FALSE,25200,0122,1783361838,2026-07-06T18:18:01Z,2026-07-06T18:18:01Z,2026-07-06T18:17:16Z,2.2,https://gbfs.kappa.fifteen.eu/gbfs/2.2/mobi/en/gbfs.json,https://gbfs.kappa.fifteen.eu/gbfs/2.2/mobi/en/free_bike_status.json,2026-07-06T18:18:00Z,2026-07-06T18:18:00Z
mobi_vancouver,mobi_vancouver_c4e004a4-64b6-4b14-88c4-0e7e08476758,c4e004a4-64b6-4b14-88c4-0e7e08476758,49.271044,-123.170661,1,FALSE,FALSE,25200,0450,1783361838,2026-07-06T18:18:01Z,2026-07-06T18:18:01Z,2026-07-06T18:17:16Z,2.2,https://gbfs.kappa.fifteen.eu/gbfs/2.2/mobi/en/gbfs.json,https://gbfs.kappa.fifteen.eu/gbfs/2.2/mobi/en/free_bike_status.json,2026-07-06T18:18:00Z,2026-07-06T18:18:00Z
mobi_vancouver,mobi_vancouver_d133665c-083c-4ec7-9fea-6da9f61a30e9,d133665c-083c-4ec7-9fea-6da9f61a30e9,49.271044,-123.170661,1,FALSE,FALSE,25200,0450,1783361838,2026-07-06T18:18:01Z,2026-07-06T18:18:01Z,2026-07-06T18:17:16Z,2.2,https://gbfs.kappa.fifteen.eu/gbfs/2.2/mobi/en/gbfs.json,https://gbfs.kappa.fifteen.eu/gbfs/2.2/mobi/en/free_bike_status.json,2026-07-06T18:18:00Z,2026-07-06T18:18:00Z
mobi_vancouver,mobi_vancouver_a7620b46-e18d-4c9c-a313-a8df6cf98e24,a7620b46-e18d-4c9c-a313-a8df6cf98e24,49.255034,-123.120226,1,FALSE,FALSE,25200,0511,1783361838,2026-07-06T18:18:01Z,2026-07-06T18:18:01Z,2026-07-06T18:17:16Z,2.2,https://gbfs.kappa.fifteen.eu/gbfs/2.2/mobi/en/gbfs.json,https://gbfs.kappa.fifteen.eu/gbfs/2.2/mobi/en/free_bike_status.json,2026-07-06T18:18:00Z,2026-07-06T18:18:00Z
mobi_vancouver,mobi_vancouver_03ce6849-e724-47d7-b87e-8f4a6a811748,03ce6849-e724-47d7-b87e-8f4a6a811748,49.265207,-123.250139,1,FALSE,FALSE,25200,2134,1783361838,2026-07-06T18:18:01Z,2026-07-06T18:18:01Z,2026-07-06T18:17:16Z,2.2,https://gbfs.kappa.fifteen.eu/gbfs/2.2/mobi/en/gbfs.json,https://gbfs.kappa.fifteen.eu/gbfs/2.2/mobi/en/free_bike_status.json,2026-07-06T18:18:00Z,2026-07-06T18:18:00Z
mobi_vancouver,mobi_vancouver_ae667d0a-9b80-4d1c-bd59-6847cdea9bd7,ae667d0a-9b80-4d1c-bd59-6847cdea9bd7,49.293264,-123.132861,1,FALSE,FALSE,25200,0181,1783361838,2026-07-06T18:18:01Z,2026-07-06T18:18:01Z,2026-07-06T18:17:16Z,2.2,https://gbfs.kappa.fifteen.eu/gbfs/2.2/mobi/en/gbfs.json,https://gbfs.kappa.fifteen.eu/gbfs/2.2/mobi/en/free_bike_status.json,2026-07-06T18:18:00Z,2026-07-06T18:18:00Z
mobi_vancouver,mobi_vancouver_aaeaad68-8eea-4e03-b8f0-ee3f17e00cb0,aaeaad68-8eea-4e03-b8f0-ee3f17e00cb0,49.293264,-123.132861,1,FALSE,FALSE,25200,0181,1783361838,2026-07-06T18:18:01Z,2026-07-06T18:18:01Z,2026-07-06T18:17:16Z,2.2,https://gbfs.kappa.fifteen.eu/gbfs/2.2/mobi/en/gbfs.json,https://gbfs.kappa.fifteen.eu/gbfs/2.2/mobi/en/free_bike_status.json,2026-07-06T18:18:00Z,2026-07-06T18:18:00Z
mobi_vancouver,mobi_vancouver_e3312534-ba66-40f6-90b5-61e0c2ae6286,e3312534-ba66-40f6-90b5-61e0c2ae6286,49.27709,-123.07589,2,FALSE,FALSE,25200,,1783361838,2026-07-06T18:18:01Z,2026-07-06T18:18:01Z,2026-07-06T18:17:16Z,2.2,https://gbfs.kappa.fifteen.eu/gbfs/2.2/mobi/en/gbfs.json,https://gbfs.kappa.fifteen.eu/gbfs/2.2/mobi/en/free_bike_status.json,2026-07-06T18:18:00Z,2026-07-06T18:18:00Z
mobi_vancouver,mobi_vancouver_67b82f1e-27cb-4572-8143-8e1352848cf6,67b82f1e-27cb-4572-8143-8e1352848cf6,49.283298,-123.142288,1,FALSE,FALSE,25600,0011,1783361838,2026-07-06T18:18:01Z,2026-07-06T18:18:01Z,2026-07-06T18:17:16Z,2.2,https://gbfs.kappa.fifteen.eu/gbfs/2.2/mobi/en/gbfs.json,https://gbfs.kappa.fifteen.eu/gbfs/2.2/mobi/en/free_bike_status.json,2026-07-06T18:18:00Z,2026-07-06T18:18:00Z
mobi_vancouver,mobi_vancouver_20085a65-ac70-4b7b-ab32-960f6c9b3a4f,20085a65-ac70-4b7b-ab32-960f6c9b3a4f,49.262487,-123.114397,2,FALSE,FALSE,25600,0001,1783361838,2026-07-06T18:18:01Z,2026-07-06T18:18:01Z,2026-07-06T18:17:16Z,2.2,https://gbfs.kappa.fifteen.eu/gbfs/2.2/mobi/en/gbfs.json,https://gbfs.kappa.fifteen.eu/gbfs/2.2/mobi/en/free_bike_status.json,2026-07-06T18:18:00Z,2026-07-06T18:18:00Z
mobi_vancouver,mobi_vancouver_7fdd4d73-7578-4705-b7d9-4ddc140d4751,7fdd4d73-7578-4705-b7d9-4ddc140d4751,49.282214,-123.114101,1,FALSE,FALSE,25600,0012,1783361838,2026-07-06T18:18:01Z,2026-07-06T18:18:01Z,2026-07-06T18:17:16Z,2.2,https://gbfs.kappa.fifteen.eu/gbfs/2.2/mobi/en/gbfs.json,https://gbfs.kappa.fifteen.eu/gbfs/2.2/mobi/en/free_bike_status.json,2026-07-06T18:18:00Z,2026-07-06T18:18:00Z
mobi_vancouver,mobi_vancouver_789a9a72-94b7-45e3-9115-d579f4630a8b,789a9a72-94b7-45e3-9115-d579f4630a8b,49.282214,-123.114101,1,FALSE,FALSE,25600,0012,1783361838,2026-07-06T18:18:01Z,2026-07-06T18:18:01Z,2026-07-06T18:17:16Z,2.2,https://gbfs.kappa.fifteen.eu/gbfs/2.2/mobi/en/gbfs.json,https://gbfs.kappa.fifteen.eu/gbfs/2.2/mobi/en/free_bike_status.json,2026-07-06T18:18:00Z,2026-07-06T18:18:00Z
mobi_vancouver,mobi_vancouver_825e9d08-1631-4996-94b2-0294fa05e158,825e9d08-1631-4996-94b2-0294fa05e158,49.26893,-123.11813,1,FALSE,FALSE,25600,0010,1783361838,2026-07-06T18:18:01Z,2026-07-06T18:18:01Z,2026-07-06T18:17:16Z,2.2,https://gbfs.kappa.fifteen.eu/gbfs/2.2/mobi/en/gbfs.json,https://gbfs.kappa.fifteen.eu/gbfs/2.2/mobi/en/free_bike_status.json,2026-07-06T18:18:00Z,2026-07-06T18:18:00Z
mobi_vancouver,mobi_vancouver_71c5a713-7522-45a6-b3b7-5bd9a6cac11a,71c5a713-7522-45a6-b3b7-5bd9a6cac11a,49.288444,-123.139203,1,FALSE,FALSE,25600,0032,1783361838,2026-07-06T18:18:01Z,2026-07-06T18:18:01Z,2026-07-06T18:17:16Z,2.2,https://gbfs.kappa.fifteen.eu/gbfs/2.2/mobi/en/gbfs.json,https://gbfs.kappa.fifteen.eu/gbfs/2.2/mobi/en/free_bike_status.json,2026-07-06T18:18:00Z,2026-07-06T18:18:00Z
mobi_vancouver,mobi_vancouver_751856c5-a7d3-442f-a5e9-8759e80a42de,751856c5-a7d3-442f-a5e9-8759e80a42de,49.28616,-123.12675,1,FALSE,FALSE,25600,0036,1783361838,2026-07-06T18:18:01Z,2026-07-06T18:18:01Z,2026-07-06T18:17:16Z,2.2,https://gbfs.kappa.fifteen.eu/gbfs/2.2/mobi/en/gbfs.json,https://gbfs.kappa.fifteen.eu/gbfs/2.2/mobi/en/free_bike_status.json,2026-07-06T18:18:00Z,2026-07-06T18:18:00Z
mobi_vancouver,mobi_vancouver_edd63a3e-d13c-4f2e-8afb-bebde5586ed4,edd63a3e-d13c-4f2e-8afb-bebde5586ed4,49.28616,-123.12675,1,FALSE,FALSE,25600,0036,1783361838,2026-07-06T18:18:01Z,2026-07-06T18:18:01Z,2026-07-06T18:17:16Z,2.2,https://gbfs.kappa.fifteen.eu/gbfs/2.2/mobi/en/gbfs.json,https://gbfs.kappa.fifteen.eu/gbfs/2.2/mobi/en/free_bike_status.json,2026-07-06T18:18:00Z,2026-07-06T18:18:00Z
mobi_vancouver,mobi_vancouver_d5206081-d622-45d9-b2bd-f7218c82ca78,d5206081-d622-45d9-b2bd-f7218c82ca78,49.27808,-123.130557,1,FALSE,FALSE,25600,0089,1783361838,2026-07-06T18:18:01Z,2026-07-06T18:18:01Z,2026-07-06T18:17:16Z,2.2,https://gbfs.kappa.fifteen.eu/gbfs/2.2/mobi/en/gbfs.json,https://gbfs.kappa.fifteen.eu/gbfs/2.2/mobi/en/free_bike_status.json,2026-07-06T18:18:00Z,2026-07-06T18:18:00Z
mobi_vancouver,mobi_vancouver_0c9f122d-e20c-4256-96fd-5c6471cd8028,0c9f122d-e20c-4256-96fd-5c6471cd8028,49.273833,-123.114373,1,FALSE,FALSE,25600,0057,1783361838,2026-07-06T18:18:01Z,2026-07-06T18:18:01Z,2026-07-06T18:17:16Z,2.2,https://gbfs.kappa.fifteen.eu/gbfs/2.2/mobi/en/gbfs.json,https://gbfs.kappa.fifteen.eu/gbfs/2.2/mobi/en/free_bike_status.json,2026-07-06T18:18:00Z,2026-07-06T18:18:00Z
mobi_vancouver,mobi_vancouver_88319b40-a3fc-4822-8edc-0dd543240ed3,88319b40-a3fc-4822-8edc-0dd543240ed3,49.287528,-123.142139,1,FALSE,FALSE,25600,0028,1783361838,2026-07-06T18:18:01Z,2026-07-06T18:18:01Z,2026-07-06T18:17:16Z,2.2,https://gbfs.kappa.fifteen.eu/gbfs/2.2/mobi/en/gbfs.json,https://gbfs.kappa.fifteen.eu/gbfs/2.2/mobi/en/free_bike_status.json,2026-07-06T18:18:00Z,2026-07-06T18:18:00Z
mobi_vancouver,mobi_vancouver_8335809c-8e15-48c3-aec9-d6e89abd8a0c,8335809c-8e15-48c3-aec9-d6e89abd8a0c,49.275717,-123.142564,1,FALSE,FALSE,25600,0077,1783361838,2026-07-06T18:18:01Z,2026-07-06T18:18:01Z,2026-07-06T18:17:16Z,2.2,https://gbfs.kappa.fifteen.eu/gbfs/2.2/mobi/en/gbfs.json,https://gbfs.kappa.fifteen.eu/gbfs/2.2/mobi/en/free_bike_status.json,2026-07-06T18:18:00Z,2026-07-06T18:18:00Z
mobi_vancouver,mobi_vancouver_19e438c3-f2a2-4f49-8471-d35807fbe4b7,19e438c3-f2a2-4f49-8471-d35807fbe4b7,49.293257,-123.138563,1,FALSE,FALSE,25600,0093,1783361838,2026-07-06T18:18:01Z,2026-07-06T18:18:01Z,2026-07-06T18:17:16Z,2.2,https://gbfs.kappa.fifteen.eu/gbfs/2.2/mobi/en/gbfs.json,https://gbfs.kappa.fifteen.eu/gbfs/2.2/mobi/en/free_bike_status.json,2026-07-06T18:18:00Z,2026-07-06T18:18:00Z
mobi_vancouver,mobi_vancouver_83b5521e-fc80-4889-aa30-0e180bdafd2b,83b5521e-fc80-4889-aa30-0e180bdafd2b,49.269969,-123.109623,1,FALSE,FALSE,25600,0173,1783361838,2026-07-06T18:18:01Z,2026-07-06T18:18:01Z,2026-07-06T18:17:16Z,2.2,https://gbfs.kappa.fifteen.eu/gbfs/2.2/mobi/en/gbfs.json,https://gbfs.kappa.fifteen.eu/gbfs/2.2/mobi/en/free_bike_status.json,2026-07-06T18:18:00Z,2026-07-06T18:18:00Z
mobi_vancouver,mobi_vancouver_c3962357-97e2-484e-851d-f305b4304e60,c3962357-97e2-484e-851d-f305b4304e60,49.27023,-123.10651,1,FALSE,FALSE,25600,0174,1783361838,2026-07-06T18:18:01Z,2026-07-06T18:18:01Z,2026-07-06T18:17:16Z,2.2,https://gbfs.kappa.fifteen.eu/gbfs/2.2/mobi/en/gbfs.json,https://gbfs.kappa.fifteen.eu/gbfs/2.2/mobi/en/free_bike_status.json,2026-07-06T18:18:00Z,2026-07-06T18:18:00Z
mobi_vancouver,mobi_vancouver_9c5c9f08-600f-497b-9c6b-acb59ba6fe13,9c5c9f08-600f-497b-9c6b-acb59ba6fe13,49.256845,-123.120071,1,FALSE,FALSE,25600,0130,1783361838,2026-07-06T18:18:01Z,2026-07-06T18:18:01Z,2026-07-06T18:17:16Z,2.2,https://gbfs.kappa.fifteen.eu/gbfs/2.2/mobi/en/gbfs.json,https://gbfs.kappa.fifteen.eu/gbfs/2.2/mobi/en/free_bike_status.json,2026-07-06T18:18:00Z,2026-07-06T18:18:00Z
mobi_vancouver,mobi_vancouver_70d13343-4559-4c06-b2cc-e04d94715808,70d13343-4559-4c06-b2cc-e04d94715808,49.262944,-123.148109,1,FALSE,FALSE,25600,0068,1783361838,2026-07-06T18:18:01Z,2026-07-06T18:18:01Z,2026-07-06T18:17:16Z,2.2,https://gbfs.kappa.fifteen.eu/gbfs/2.2/mobi/en/gbfs.json,https://gbfs.kappa.fifteen.eu/gbfs/2.2/mobi/en/free_bike_status.json,2026-07-06T18:18:00Z,2026-07-06T18:18:00Z
mobi_vancouver,mobi_vancouver_004a72b1-8bbb-4563-9a22-0f12b7b00eaf,004a72b1-8bbb-4563-9a22-0f12b7b00eaf,49.262944,-123.148109,1,FALSE,FALSE,25600,0068,1783361838,2026-07-06T18:18:01Z,2026-07-06T18:18:01Z,2026-07-06T18:17:16Z,2.2,https://gbfs.kappa.fifteen.eu/gbfs/2.2/mobi/en/gbfs.json,https://gbfs.kappa.fifteen.eu/gbfs/2.2/mobi/en/free_bike_status.json,2026-07-06T18:18:00Z,2026-07-06T18:18:00Z
mobi_vancouver,mobi_vancouver_e19fcd33-8ab9-43ec-b999-9afe41918557,e19fcd33-8ab9-43ec-b999-9afe41918557,49.281301,-123.139108,1,FALSE,FALSE,25600,0084,1783361838,2026-07-06T18:18:01Z,2026-07-06T18:18:01Z,2026-07-06T18:17:16Z,2.2,https://gbfs.kappa.fifteen.eu/gbfs/2.2/mobi/en/gbfs.json,https://gbfs.kappa.fifteen.eu/gbfs/2.2/mobi/en/free_bike_status.json,2026-07-06T18:18:00Z,2026-07-06T18:18:00Z
mobi_vancouver,mobi_vancouver_7fb65ba8-445a-433e-95a9-dc97337d143f,7fb65ba8-445a-433e-95a9-dc97337d143f,49.297933,-123.130758,1,FALSE,FALSE,25600,0209,1783361838,2026-07-06T18:18:01Z,2026-07-06T18:18:01Z,2026-07-06T18:17:16Z,2.2,https://gbfs.kappa.fifteen.eu/gbfs/2.2/mobi/en/gbfs.json,https://gbfs.kappa.fifteen.eu/gbfs/2.2/mobi/en/free_bike_status.json,2026-07-06T18:18:00Z,2026-07-06T18:18:00Z
mobi_vancouver,mobi_vancouver_4a3b993d-9266-40ac-ae01-4e24dc65664f,4a3b993d-9266-40ac-ae01-4e24dc65664f,49.283227,-123.120523,1,FALSE,FALSE,25600,0099,1783361838,2026-07-06T18:18:01Z,2026-07-06T18:18:01Z,2026-07-06T18:17:16Z,2.2,https://gbfs.kappa.fifteen.eu/gbfs/2.2/mobi/en/gbfs.json,https://gbfs.kappa.fifteen.eu/gbfs/2.2/mobi/en/free_bike_status.json,2026-07-06T18:18:00Z,2026-07-06T18:18:00Z
mobi_vancouver,mobi_vancouver_bd01cd1d-4aff-48d8-8fbe-2830fe96e7a7,bd01cd1d-4aff-48d8-8fbe-2830fe96e7a7,49.283992,-123.091206,2,FALSE,FALSE,25600,0230,1783361838,2026-07-06T18:18:01Z,2026-07-06T18:18:01Z,2026-07-06T18:17:16Z,2.2,https://gbfs.kappa.fifteen.eu/gbfs/2.2/mobi/en/gbfs.json,https://gbfs.kappa.fifteen.eu/gbfs/2.2/mobi/en/free_bike_status.json,2026-07-06T18:18:00Z,2026-07-06T18:18:00Z
mobi_vancouver,mobi_vancouver_d4556d2a-aec6-4798-b0bc-ebf3fe650547,d4556d2a-aec6-4798-b0bc-ebf3fe650547,49.264251,-123.073853,1,FALSE,FALSE,25600,0249,1783361838,2026-07-06T18:18:01Z,2026-07-06T18:18:01Z,2026-07-06T18:17:16Z,2.2,https://gbfs.kappa.fifteen.eu/gbfs/2.2/mobi/en/gbfs.json,https://gbfs.kappa.fifteen.eu/gbfs/2.2/mobi/en/free_bike_status.json,2026-07-06T18:18:00Z,2026-07-06T18:18:00Z
mobi_vancouver,mobi_vancouver_aa124c59-bf4c-4744-a0f3-28751b834478,aa124c59-bf4c-4744-a0f3-28751b834478,49.273691,-123.102232,1,FALSE,FALSE,25600,0193,1783361838,2026-07-06T18:18:01Z,2026-07-06T18:18:01Z,2026-07-06T18:17:16Z,2.2,https://gbfs.kappa.fifteen.eu/gbfs/2.2/mobi/en/gbfs.json,https://gbfs.kappa.fifteen.eu/gbfs/2.2/mobi/en/free_bike_status.json,2026-07-06T18:18:00Z,2026-07-06T18:18:00Z
mobi_vancouver,mobi_vancouver_5577f7c5-1a49-40ea-abb5-0a4305644fe2,5577f7c5-1a49-40ea-abb5-0a4305644fe2,49.289124,-123.12196,1,FALSE,FALSE,25600,0034,1783361838,2026-07-06T18:18:01Z,2026-07-06T18:18:01Z,2026-07-06T18:17:16Z,2.2,https://gbfs.kappa.fifteen.eu/gbfs/2.2/mobi/en/gbfs.json,https://gbfs.kappa.fifteen.eu/gbfs/2.2/mobi/en/free_bike_status.json,2026-07-06T18:18:00Z,2026-07-06T18:18:00Z
mobi_vancouver,mobi_vancouver_3634b253-ea38-469a-ae07-7f04433e1505,3634b253-ea38-469a-ae07-7f04433e1505,49.302577,-123.155616,1,FALSE,FALSE,25600,0103,1783361838,2026-07-06T18:18:01Z,2026-07-06T18:18:01Z,2026-07-06T18:17:16Z,2.2,https://gbfs.kappa.fifteen.eu/gbfs/2.2/mobi/en/gbfs.json,https://gbfs.kappa.fifteen.eu/gbfs/2.2/mobi/en/free_bike_status.json,2026-07-06T18:18:00Z,2026-07-06T18:18:00Z
mobi_vancouver,mobi_vancouver_66de935e-7459-4e07-b97e-95db14d8c74e,66de935e-7459-4e07-b97e-95db14d8c74e,49.302577,-123.155616,1,FALSE,FALSE,25600,0103,1783361838,2026-07-06T18:18:01Z,2026-07-06T18:18:01Z,2026-07-06T18:17:16Z,2.2,https://gbfs.kappa.fifteen.eu/gbfs/2.2/mobi/en/gbfs.json,https://gbfs.kappa.fifteen.eu/gbfs/2.2/mobi/en/free_bike_status.json,2026-07-06T18:18:00Z,2026-07-06T18:18:00Z
mobi_vancouver,mobi_vancouver_792f118d-d338-42a9-b982-67f8a098e4a6,792f118d-d338-42a9-b982-67f8a098e4a6,49.282503,-123.124697,1,FALSE,FALSE,25600,0217,1783361838,2026-07-06T18:18:01Z,2026-07-06T18:18:01Z,2026-07-06T18:17:16Z,2.2,https://gbfs.kappa.fifteen.eu/gbfs/2.2/mobi/en/gbfs.json,https://gbfs.kappa.fifteen.eu/gbfs/2.2/mobi/en/free_bike_status.json,2026-07-06T18:18:00Z,2026-07-06T18:18:00Z
mobi_vancouver,mobi_vancouver_b36adcda-43f8-4710-a5fc-2ea44d4ed499,b36adcda-43f8-4710-a5fc-2ea44d4ed499,49.27029,-123.135025,1,FALSE,FALSE,25600,0189,1783361838,2026-07-06T18:18:01Z,2026-07-06T18:18:01Z,2026-07-06T18:17:16Z,2.2,https://gbfs.kappa.fifteen.eu/gbfs/2.2/mobi/en/gbfs.json,https://gbfs.kappa.fifteen.eu/gbfs/2.2/mobi/en/free_bike_status.json,2026-07-06T18:18:00Z,2026-07-06T18:18:00Z
mobi_vancouver,mobi_vancouver_7a10bcaf-5e8f-44a5-b963-1d94765cd635,7a10bcaf-5e8f-44a5-b963-1d94765cd635,49.271044,-123.170661,1,FALSE,FALSE,25600,0450,1783361838,2026-07-06T18:18:01Z,2026-07-06T18:18:01Z,2026-07-06T18:17:16Z,2.2,https://gbfs.kappa.fifteen.eu/gbfs/2.2/mobi/en/gbfs.json,https://gbfs.kappa.fifteen.eu/gbfs/2.2/mobi/en/free_bike_status.json,2026-07-06T18:18:00Z,2026-07-06T18:18:00Z
mobi_vancouver,mobi_vancouver_55629dbd-959f-49a5-b6e4-3bd4517e2f40,55629dbd-959f-49a5-b6e4-3bd4517e2f40,49.266924,-123.173849,1,FALSE,FALSE,25600,0443,1783361838,2026-07-06T18:18:01Z,2026-07-06T18:18:01Z,2026-07-06T18:17:16Z,2.2,https://gbfs.kappa.fifteen.eu/gbfs/2.2/mobi/en/gbfs.json,https://gbfs.kappa.fifteen.eu/gbfs/2.2/mobi/en/free_bike_status.json,2026-07-06T18:18:00Z,2026-07-06T18:18:00Z
mobi_vancouver,mobi_vancouver_248fe2bf-8562-404d-a817-d7017c1f108d,248fe2bf-8562-404d-a817-d7017c1f108d,49.249722,-123.104991,1,FALSE,FALSE,25600,0554,1783361838,2026-07-06T18:18:01Z,2026-07-06T18:18:01Z,2026-07-06T18:17:16Z,2.2,https://gbfs.kappa.fifteen.eu/gbfs/2.2/mobi/en/gbfs.json,https://gbfs.kappa.fifteen.eu/gbfs/2.2/mobi/en/free_bike_status.json,2026-07-06T18:18:00Z,2026-07-06T18:18:00Z
mobi_vancouver,mobi_vancouver_31aceb14-4397-4804-80e4-8a4f6141e3fd,31aceb14-4397-4804-80e4-8a4f6141e3fd,49.291597,-123.129158,1,FALSE,FALSE,25600,0200,1783361838,2026-07-06T18:18:01Z,2026-07-06T18:18:01Z,2026-07-06T18:17:16Z,2.2,https://gbfs.kappa.fifteen.eu/gbfs/2.2/mobi/en/gbfs.json,https://gbfs.kappa.fifteen.eu/gbfs/2.2/mobi/en/free_bike_status.json,2026-07-06T18:18:00Z,2026-07-06T18:18:00Z
mobi_vancouver,mobi_vancouver_6099b3c7-8643-4e1b-8d3f-95de8527cd73,6099b3c7-8643-4e1b-8d3f-95de8527cd73,49.25478,-123.23621,1,FALSE,FALSE,25600,2252,1783361838,2026-07-06T18:18:01Z,2026-07-06T18:18:01Z,2026-07-06T18:17:16Z,2.2,https://gbfs.kappa.fifteen.eu/gbfs/2.2/mobi/en/gbfs.json,https://gbfs.kappa.fifteen.eu/gbfs/2.2/mobi/en/free_bike_status.json,2026-07-06T18:18:00Z,2026-07-06T18:18:00Z
mobi_vancouver,mobi_vancouver_6b11f40b-095f-47e3-b353-ecfc52319a32,6b11f40b-095f-47e3-b353-ecfc52319a32,49.283482,-123.103738,1,FALSE,FALSE,25600,0013,1783361838,2026-07-06T18:18:01Z,2026-07-06T18:18:01Z,2026-07-06T18:17:16Z,2.2,https://gbfs.kappa.fifteen.eu/gbfs/2.2/mobi/en/gbfs.json,https://gbfs.kappa.fifteen.eu/gbfs/2.2/mobi/en/free_bike_status.json,2026-07-06T18:18:00Z,2026-07-06T18:18:00Z
mobi_vancouver,mobi_vancouver_25660b10-0278-43e5-8f10-786e5955ac0f,25660b10-0278-43e5-8f10-786e5955ac0f,49.2661,-123.24568,1,FALSE,FALSE,25600,2154,1783361838,2026-07-06T18:18:01Z,2026-07-06T18:18:01Z,2026-07-06T18:17:16Z,2.2,https://gbfs.kappa.fifteen.eu/gbfs/2.2/mobi/en/gbfs.json,https://gbfs.kappa.fifteen.eu/gbfs/2.2/mobi/en/free_bike_status.json,2026-07-06T18:18:00Z,2026-07-06T18:18:00Z
mobi_vancouver,mobi_vancouver_14616908-7743-47c0-a037-c1cb48a54d09,14616908-7743-47c0-a037-c1cb48a54d09,49.27709,-123.07589,2,FALSE,FALSE,25600,,1783361838,2026-07-06T18:18:01Z,2026-07-06T18:18:01Z,2026-07-06T18:17:16Z,2.2,https://gbfs.kappa.fifteen.eu/gbfs/2.2/mobi/en/gbfs.json,https://gbfs.kappa.fifteen.eu/gbfs/2.2/mobi/en/free_bike_status.json,2026-07-06T18:18:00Z,2026-07-06T18:18:00Z
mobi_vancouver,mobi_vancouver_3f7ecf9a-58fd-4757-bc25-ed873831e4d6,3f7ecf9a-58fd-4757-bc25-ed873831e4d6,49.288682,-123.11818,1,FALSE,FALSE,26000,0201,1783361838,2026-07-06T18:18:01Z,2026-07-06T18:18:01Z,2026-07-06T18:17:16Z,2.2,https://gbfs.kappa.fifteen.eu/gbfs/2.2/mobi/en/gbfs.json,https://gbfs.kappa.fifteen.eu/gbfs/2.2/mobi/en/free_bike_status.json,2026-07-06T18:18:00Z,2026-07-06T18:18:00Z
mobi_vancouver,mobi_vancouver_3579c5d5-8e86-4783-8fc1-439ea4db79da,3579c5d5-8e86-4783-8fc1-439ea4db79da,49.262487,-123.114397,1,FALSE,FALSE,26000,0001,1783361838,2026-07-06T18:18:01Z,2026-07-06T18:18:01Z,2026-07-06T18:17:16Z,2.2,https://gbfs.kappa.fifteen.eu/gbfs/2.2/mobi/en/gbfs.json,https://gbfs.kappa.fifteen.eu/gbfs/2.2/mobi/en/free_bike_status.json,2026-07-06T18:18:00Z,2026-07-06T18:18:00Z
mobi_vancouver,mobi_vancouver_499999b0-f808-43dc-a96f-c6e6fdc421e9,499999b0-f808-43dc-a96f-c6e6fdc421e9,49.279938,-123.127478,1,FALSE,FALSE,26000,0039,1783361838,2026-07-06T18:18:01Z,2026-07-06T18:18:01Z,2026-07-06T18:17:16Z,2.2,https://gbfs.kappa.fifteen.eu/gbfs/2.2/mobi/en/gbfs.json,https://gbfs.kappa.fifteen.eu/gbfs/2.2/mobi/en/free_bike_status.json,2026-07-06T18:18:00Z,2026-07-06T18:18:00Z
mobi_vancouver,mobi_vancouver_c1e068db-f59b-4497-978a-75e682ec75e0,c1e068db-f59b-4497-978a-75e682ec75e0,49.28602,-123.116624,1,FALSE,FALSE,26000,0024,1783361838,2026-07-06T18:18:01Z,2026-07-06T18:18:01Z,2026-07-06T18:17:16Z,2.2,https://gbfs.kappa.fifteen.eu/gbfs/2.2/mobi/en/gbfs.json,https://gbfs.kappa.fifteen.eu/gbfs/2.2/mobi/en/free_bike_status.json,2026-07-06T18:18:00Z,2026-07-06T18:18:00Z
mobi_vancouver,mobi_vancouver_a8fb79c4-ac76-4cfe-b584-1c5d67dec790,a8fb79c4-ac76-4cfe-b584-1c5d67dec790,49.28725,-123.11298,1,FALSE,FALSE,26000,0014,1783361838,2026-07-06T18:18:01Z,2026-07-06T18:18:01Z,2026-07-06T18:17:16Z,2.2,https://gbfs.kappa.fifteen.eu/gbfs/2.2/mobi/en/gbfs.json,https://gbfs.kappa.fifteen.eu/gbfs/2.2/mobi/en/free_bike_status.json,2026-07-06T18:18:00Z,2026-07-06T18:18:00Z
mobi_vancouver,mobi_vancouver_bf4da17b-ee11-42df-abaa-2378be582469,bf4da17b-ee11-42df-abaa-2378be582469,49.28803,-123.142135,1,FALSE,FALSE,26000,0031,1783361838,2026-07-06T18:18:01Z,2026-07-06T18:18:01Z,2026-07-06T18:17:16Z,2.2,https://gbfs.kappa.fifteen.eu/gbfs/2.2/mobi/en/gbfs.json,https://gbfs.kappa.fifteen.eu/gbfs/2.2/mobi/en/free_bike_status.json,2026-07-06T18:18:00Z,2026-07-06T18:18:00Z
mobi_vancouver,mobi_vancouver_f838e709-38f0-4ae8-b5bb-8aebf4671118,f838e709-38f0-4ae8-b5bb-8aebf4671118,49.28803,-123.142135,1,FALSE,FALSE,26000,0031,1783361838,2026-07-06T18:18:01Z,2026-07-06T18:18:01Z,2026-07-06T18:17:16Z,2.2,https://gbfs.kappa.fifteen.eu/gbfs/2.2/mobi/en/gbfs.json,https://gbfs.kappa.fifteen.eu/gbfs/2.2/mobi/en/free_bike_status.json,2026-07-06T18:18:00Z,2026-07-06T18:18:00Z
mobi_vancouver,mobi_vancouver_1ac4a070-2b0e-442f-af32-98992e3ca8cf,1ac4a070-2b0e-442f-af32-98992e3ca8cf,49.28803,-123.142135,1,FALSE,FALSE,26000,0031,1783361838,2026-07-06T18:18:01Z,2026-07-06T18:18:01Z,2026-07-06T18:17:16Z,2.2,https://gbfs.kappa.fifteen.eu/gbfs/2.2/mobi/en/gbfs.json,https://gbfs.kappa.fifteen.eu/gbfs/2.2/mobi/en/free_bike_status.json,2026-07-06T18:18:00Z,2026-07-06T18:18:00Z
mobi_vancouver,mobi_vancouver_c1a0aefa-192a-495f-8a11-d557a9660e19,c1a0aefa-192a-495f-8a11-d557a9660e19,49.285512,-123.1384,1,FALSE,FALSE,26000,0040,1783361838,2026-07-06T18:18:01Z,2026-07-06T18:18:01Z,2026-07-06T18:17:16Z,2.2,https://gbfs.kappa.fifteen.eu/gbfs/2.2/mobi/en/gbfs.json,https://gbfs.kappa.fifteen.eu/gbfs/2.2/mobi/en/free_bike_status.json,2026-07-06T18:18:00Z,2026-07-06T18:18:00Z
mobi_vancouver,mobi_vancouver_f8b57207-6bda-48e4-a90d-224bae041030,f8b57207-6bda-48e4-a90d-224bae041030,49.273833,-123.114373,1,FALSE,FALSE,26000,0057,1783361838,2026-07-06T18:18:01Z,2026-07-06T18:18:01Z,2026-07-06T18:17:16Z,2.2,https://gbfs.kappa.fifteen.eu/gbfs/2.2/mobi/en/gbfs.json,https://gbfs.kappa.fifteen.eu/gbfs/2.2/mobi/en/free_bike_status.json,2026-07-06T18:18:00Z,2026-07-06T18:18:00Z
mobi_vancouver,mobi_vancouver_881d163e-3374-40b4-8f80-c9d08008f11e,881d163e-3374-40b4-8f80-c9d08008f11e,49.273833,-123.114373,1,FALSE,FALSE,26000,0057,1783361838,2026-07-06T18:18:01Z,2026-07-06T18:18:01Z,2026-07-06T18:17:16Z,2.2,https://gbfs.kappa.fifteen.eu/gbfs/2.2/mobi/en/gbfs.json,https://gbfs.kappa.fifteen.eu/gbfs/2.2/mobi/en/free_bike_status.json,2026-07-06T18:18:00Z,2026-07-06T18:18:00Z
mobi_vancouver,mobi_vancouver_e397901c-40e2-48bd-8128-9a90acc1f058,e397901c-40e2-48bd-8128-9a90acc1f058,49.275683,-123.124388,1,FALSE,FALSE,26000,0082,1783361838,2026-07-06T18:18:01Z,2026-07-06T18:18:01Z,2026-07-06T18:17:16Z,2.2,https://gbfs.kappa.fifteen.eu/gbfs/2.2/mobi/en/gbfs.json,https://gbfs.kappa.fifteen.eu/gbfs/2.2/mobi/en/free_bike_status.json,2026-07-06T18:18:00Z,2026-07-06T18:18:00Z
mobi_vancouver,mobi_vancouver_3f42cffb-52ce-4da5-b24d-71a8521555ab,3f42cffb-52ce-4da5-b24d-71a8521555ab,49.28526,-123.141809,1,FALSE,FALSE,26000,0060,1783361838,2026-07-06T18:18:01Z,2026-07-06T18:18:01Z,2026-07-06T18:17:16Z,2.2,https://gbfs.kappa.fifteen.eu/gbfs/2.2/mobi/en/gbfs.json,https://gbfs.kappa.fifteen.eu/gbfs/2.2/mobi/en/free_bike_status.json,2026-07-06T18:18:00Z,2026-07-06T18:18:00Z
mobi_vancouver,mobi_vancouver_9a3100bc-8a00-4694-9fe5-74bd37267d1f,9a3100bc-8a00-4694-9fe5-74bd37267d1f,49.269969,-123.109623,2,FALSE,FALSE,26000,0173,1783361838,2026-07-06T18:18:01Z,2026-07-06T18:18:01Z,2026-07-06T18:17:16Z,2.2,https://gbfs.kappa.fifteen.eu/gbfs/2.2/mobi/en/gbfs.json,https://gbfs.kappa.fifteen.eu/gbfs/2.2/mobi/en/free_bike_status.json,2026-07-06T18:18:00Z,2026-07-06T18:18:00Z
mobi_vancouver,mobi_vancouver_ccbe7a79-1376-43c7-b5e7-a8b883c0d2ab,ccbe7a79-1376-43c7-b5e7-a8b883c0d2ab,49.27023,-123.10651,1,FALSE,FALSE,26000,0174,1783361838,2026-07-06T18:18:01Z,2026-07-06T18:18:01Z,2026-07-06T18:17:16Z,2.2,https://gbfs.kappa.fifteen.eu/gbfs/2.2/mobi/en/gbfs.json,https://gbfs.kappa.fifteen.eu/gbfs/2.2/mobi/en/free_bike_status.json,2026-07-06T18:18:00Z,2026-07-06T18:18:00Z
mobi_vancouver,mobi_vancouver_27ee1a5c-cd5b-42da-87c6-5bc93d560f0d,27ee1a5c-cd5b-42da-87c6-5bc93d560f0d,49.281506,-123.120101,1,FALSE,FALSE,26000,0063,1783361838,2026-07-06T18:18:01Z,2026-07-06T18:18:01Z,2026-07-06T18:17:16Z,2.2,https://gbfs.kappa.fifteen.eu/gbfs/2.2/mobi/en/gbfs.json,https://gbfs.kappa.fifteen.eu/gbfs/2.2/mobi/en/free_bike_status.json,2026-07-06T18:18:00Z,2026-07-06T18:18:00Z
mobi_vancouver,mobi_vancouver_5dabd117-1d8f-4eb5-8cca-a0c76443af56,5dabd117-1d8f-4eb5-8cca-a0c76443af56,49.282758,-123.122092,1,FALSE,FALSE,26000,0019,1783361838,2026-07-06T18:18:01Z,2026-07-06T18:18:01Z,2026-07-06T18:17:16Z,2.2,https://gbfs.kappa.fifteen.eu/gbfs/2.2/mobi/en/gbfs.json,https://gbfs.kappa.fifteen.eu/gbfs/2.2/mobi/en/free_bike_status.json,2026-07-06T18:18:00Z,2026-07-06T18:18:00Z
mobi_vancouver,mobi_vancouver_07fdd5b1-f211-4d62-9bb5-ddc3b3958785,07fdd5b1-f211-4d62-9bb5-ddc3b3958785,49.274566,-123.121817,1,FALSE,FALSE,26000,0004,1783361838,2026-07-06T18:18:01Z,2026-07-06T18:18:01Z,2026-07-06T18:17:16Z,2.2,https://gbfs.kappa.fifteen.eu/gbfs/2.2/mobi/en/gbfs.json,https://gbfs.kappa.fifteen.eu/gbfs/2.2/mobi/en/free_bike_status.json,2026-07-06T18:18:00Z,2026-07-06T18:18:00Z
mobi_vancouver,mobi_vancouver_beeba5ac-4285-4c6b-8fe9-76d57b9891b3,beeba5ac-4285-4c6b-8fe9-76d57b9891b3,49.281301,-123.139108,1,FALSE,FALSE,26000,0084,1783361838,2026-07-06T18:18:01Z,2026-07-06T18:18:01Z,2026-07-06T18:17:16Z,2.2,https://gbfs.kappa.fifteen.eu/gbfs/2.2/mobi/en/gbfs.json,https://gbfs.kappa.fifteen.eu/gbfs/2.2/mobi/en/free_bike_status.json,2026-07-06T18:18:00Z,2026-07-06T18:18:00Z
mobi_vancouver,mobi_vancouver_94ad7e50-fbce-4bd3-8de7-6abd1bb1be08,94ad7e50-fbce-4bd3-8de7-6abd1bb1be08,49.29534,-123.150433,1,FALSE,FALSE,26000,0102,1783361838,2026-07-06T18:18:01Z,2026-07-06T18:18:01Z,2026-07-06T18:17:16Z,2.2,https://gbfs.kappa.fifteen.eu/gbfs/2.2/mobi/en/gbfs.json,https://gbfs.kappa.fifteen.eu/gbfs/2.2/mobi/en/free_bike_status.json,2026-07-06T18:18:00Z,2026-07-06T18:18:00Z
mobi_vancouver,mobi_vancouver_7612be9e-ab7a-4a96-aaf2-a2708cf8ea5a,7612be9e-ab7a-4a96-aaf2-a2708cf8ea5a,49.283749,-123.136133,2,FALSE,FALSE,26000,0087,1783361838,2026-07-06T18:18:01Z,2026-07-06T18:18:01Z,2026-07-06T18:17:16Z,2.2,https://gbfs.kappa.fifteen.eu/gbfs/2.2/mobi/en/gbfs.json,https://gbfs.kappa.fifteen.eu/gbfs/2.2/mobi/en/free_bike_status.json,2026-07-06T18:18:00Z,2026-07-06T18:18:00Z
mobi_vancouver,mobi_vancouver_f8493bbc-27cb-4c0b-abfa-437feddeb316,f8493bbc-27cb-4c0b-abfa-437feddeb316,49.26151,-123.089413,1,FALSE,FALSE,26000,0260,1783361838,2026-07-06T18:18:01Z,2026-07-06T18:18:01Z,2026-07-06T18:17:16Z,2.2,https://gbfs.kappa.fifteen.eu/gbfs/2.2/mobi/en/gbfs.json,https://gbfs.kappa.fifteen.eu/gbfs/2.2/mobi/en/free_bike_status.json,2026-07-06T18:18:00Z,2026-07-06T18:18:00Z
mobi_vancouver,mobi_vancouver_f5d5e57e-8020-476e-a147-2f634098b5b6,f5d5e57e-8020-476e-a147-2f634098b5b6,49.283992,-123.091206,1,FALSE,FALSE,26000,0230,1783361838,2026-07-06T18:18:01Z,2026-07-06T18:18:01Z,2026-07-06T18:17:16Z,2.2,https://gbfs.kappa.fifteen.eu/gbfs/2.2/mobi/en/gbfs.json,https://gbfs.kappa.fifteen.eu/gbfs/2.2/mobi/en/free_bike_status.json,2026-07-06T18:18:00Z,2026-07-06T18:18:00Z
mobi_vancouver,mobi_vancouver_c932dec6-6ee4-4fa8-8c32-27096af9ac45,c932dec6-6ee4-4fa8-8c32-27096af9ac45,49.263382,-123.088837,1,FALSE,FALSE,26000,0261,1783361838,2026-07-06T18:18:01Z,2026-07-06T18:18:01Z,2026-07-06T18:17:16Z,2.2,https://gbfs.kappa.fifteen.eu/gbfs/2.2/mobi/en/gbfs.json,https://gbfs.kappa.fifteen.eu/gbfs/2.2/mobi/en/free_bike_status.json,2026-07-06T18:18:00Z,2026-07-06T18:18:00Z
mobi_vancouver,mobi_vancouver_6e8495ca-f57a-4ddd-a2c3-f366ca18c552,6e8495ca-f57a-4ddd-a2c3-f366ca18c552,49.273691,-123.102232,1,FALSE,FALSE,26000,0193,1783361838,2026-07-06T18:18:01Z,2026-07-06T18:18:01Z,2026-07-06T18:17:16Z,2.2,https://gbfs.kappa.fifteen.eu/gbfs/2.2/mobi/en/gbfs.json,https://gbfs.kappa.fifteen.eu/gbfs/2.2/mobi/en/free_bike_status.json,2026-07-06T18:18:00Z,2026-07-06T18:18:00Z
mobi_vancouver,mobi_vancouver_512ee360-b15d-45d3-87f3-deab4a9e14c1,512ee360-b15d-45d3-87f3-deab4a9e14c1,49.302577,-123.155616,1,FALSE,FALSE,26000,0103,1783361838,2026-07-06T18:18:01Z,2026-07-06T18:18:01Z,2026-07-06T18:17:16Z,2.2,https://gbfs.kappa.fifteen.eu/gbfs/2.2/mobi/en/gbfs.json,https://gbfs.kappa.fifteen.eu/gbfs/2.2/mobi/en/free_bike_status.json,2026-07-06T18:18:00Z,2026-07-06T18:18:00Z
mobi_vancouver,mobi_vancouver_6e7f3794-f1de-4f47-83ab-c63dda611384,6e7f3794-f1de-4f47-83ab-c63dda611384,49.262835,-123.152626,1,FALSE,FALSE,26000,0075,1783361838,2026-07-06T18:18:01Z,2026-07-06T18:18:01Z,2026-07-06T18:17:16Z,2.2,https://gbfs.kappa.fifteen.eu/gbfs/2.2/mobi/en/gbfs.json,https://gbfs.kappa.fifteen.eu/gbfs/2.2/mobi/en/free_bike_status.json,2026-07-06T18:18:00Z,2026-07-06T18:18:00Z
mobi_vancouver,mobi_vancouver_5593d031-10a2-48fb-a7d6-6b74de7828fd,5593d031-10a2-48fb-a7d6-6b74de7828fd,49.27247,-123.185643,1,FALSE,FALSE,26000,0410,1783361838,2026-07-06T18:18:01Z,2026-07-06T18:18:01Z,2026-07-06T18:17:16Z,2.2,https://gbfs.kappa.fifteen.eu/gbfs/2.2/mobi/en/gbfs.json,https://gbfs.kappa.fifteen.eu/gbfs/2.2/mobi/en/free_bike_status.json,2026-07-06T18:18:00Z,2026-07-06T18:18:00Z
mobi_vancouver,mobi_vancouver_1563939b-ba09-4d10-9029-80855c62edeb,1563939b-ba09-4d10-9029-80855c62edeb,49.271471,-123.17731,1,FALSE,FALSE,26000,0440,1783361838,2026-07-06T18:18:01Z,2026-07-06T18:18:01Z,2026-07-06T18:17:16Z,2.2,https://gbfs.kappa.fifteen.eu/gbfs/2.2/mobi/en/gbfs.json,https://gbfs.kappa.fifteen.eu/gbfs/2.2/mobi/en/free_bike_status.json,2026-07-06T18:18:00Z,2026-07-06T18:18:00Z
mobi_vancouver,mobi_vancouver_33c0f91e-1603-43de-a031-999038da6e0e,33c0f91e-1603-43de-a031-999038da6e0e,49.264579,-123.18373,1,FALSE,FALSE,26000,0415,1783361838,2026-07-06T18:18:01Z,2026-07-06T18:18:01Z,2026-07-06T18:17:16Z,2.2,https://gbfs.kappa.fifteen.eu/gbfs/2.2/mobi/en/gbfs.json,https://gbfs.kappa.fifteen.eu/gbfs/2.2/mobi/en/free_bike_status.json,2026-07-06T18:18:00Z,2026-07-06T18:18:00Z
mobi_vancouver,mobi_vancouver_acbcceff-2233-4e89-8124-37839f1086a8,acbcceff-2233-4e89-8124-37839f1086a8,49.273011,-123.159663,1,FALSE,FALSE,26000,0470,1783361838,2026-07-06T18:18:01Z,2026-07-06T18:18:01Z,2026-07-06T18:17:16Z,2.2,https://gbfs.kappa.fifteen.eu/gbfs/2.2/mobi/en/gbfs.json,https://gbfs.kappa.fifteen.eu/gbfs/2.2/mobi/en/free_bike_status.json,2026-07-06T18:18:00Z,2026-07-06T18:18:00Z
mobi_vancouver,mobi_vancouver_a00bb0ea-1f5b-4bad-ae95-598e16aff96e,a00bb0ea-1f5b-4bad-ae95-598e16aff96e,49.289071,-123.138407,2,FALSE,FALSE,26000,0313,1783361838,2026-07-06T18:18:01Z,2026-07-06T18:18:01Z,2026-07-06T18:17:16Z,2.2,https://gbfs.kappa.fifteen.eu/gbfs/2.2/mobi/en/gbfs.json,https://gbfs.kappa.fifteen.eu/gbfs/2.2/mobi/en/free_bike_status.json,2026-07-06T18:18:00Z,2026-07-06T18:18:00Z
mobi_vancouver,mobi_vancouver_63f8eee5-50fc-4be2-93eb-c0c014ced917,63f8eee5-50fc-4be2-93eb-c0c014ced917,49.246243,-123.124373,1,FALSE,FALSE,26000,0505,1783361838,2026-07-06T18:18:01Z,2026-07-06T18:18:01Z,2026-07-06T18:17:16Z,2.2,https://gbfs.kappa.fifteen.eu/gbfs/2.2/mobi/en/gbfs.json,https://gbfs.kappa.fifteen.eu/gbfs/2.2/mobi/en/free_bike_status.json,2026-07-06T18:18:00Z,2026-07-06T18:18:00Z
mobi_vancouver,mobi_vancouver_56b6ca7f-d970-47d2-8f64-f38e58ea1771,56b6ca7f-d970-47d2-8f64-f38e58ea1771,49.252656,-123.067965,1,FALSE,FALSE,26000,0352,1783361838,2026-07-06T18:18:01Z,2026-07-06T18:18:01Z,2026-07-06T18:17:16Z,2.2,https://gbfs.kappa.fifteen.eu/gbfs/2.2/mobi/en/gbfs.json,https://gbfs.kappa.fifteen.eu/gbfs/2.2/mobi/en/free_bike_status.json,2026-07-06T18:18:00Z,2026-07-06T18:18:00Z
mobi_vancouver,mobi_vancouver_d0aa8467-7dbe-4ae3-b5f9-784df6f057cd,d0aa8467-7dbe-4ae3-b5f9-784df6f057cd,49.282214,-123.114101,2,FALSE,FALSE,26400,0012,1783361838,2026-07-06T18:18:01Z,2026-07-06T18:18:01Z,2026-07-06T18:17:16Z,2.2,https://gbfs.kappa.fifteen.eu/gbfs/2.2/mobi/en/gbfs.json,https://gbfs.kappa.fifteen.eu/gbfs/2.2/mobi/en/free_bike_status.json,2026-07-06T18:18:00Z,2026-07-06T18:18:00Z
mobi_vancouver,mobi_vancouver_30801f93-7b8d-4521-b6da-7f15230933a0,30801f93-7b8d-4521-b6da-7f15230933a0,49.264215,-123.117772,1,FALSE,FALSE,26400,0008,1783361838,2026-07-06T18:18:01Z,2026-07-06T18:18:01Z,2026-07-06T18:17:16Z,2.2,https://gbfs.kappa.fifteen.eu/gbfs/2.2/mobi/en/gbfs.json,https://gbfs.kappa.fifteen.eu/gbfs/2.2/mobi/en/free_bike_status.json,2026-07-06T18:18:00Z,2026-07-06T18:18:00Z
mobi_vancouver,mobi_vancouver_9c739f65-9296-415d-a414-8bbf0f47efb5,9c739f65-9296-415d-a414-8bbf0f47efb5,49.26893,-123.11813,1,FALSE,FALSE,26400,0010,1783361838,2026-07-06T18:18:01Z,2026-07-06T18:18:01Z,2026-07-06T18:17:16Z,2.2,https://gbfs.kappa.fifteen.eu/gbfs/2.2/mobi/en/gbfs.json,https://gbfs.kappa.fifteen.eu/gbfs/2.2/mobi/en/free_bike_status.json,2026-07-06T18:18:00Z,2026-07-06T18:18:00Z
mobi_vancouver,mobi_vancouver_ceb009c3-b708-49cc-999b-24c6dc47a069,ceb009c3-b708-49cc-999b-24c6dc47a069,49.285512,-123.1384,1,FALSE,FALSE,26400,0040,1783361838,2026-07-06T18:18:01Z,2026-07-06T18:18:01Z,2026-07-06T18:17:16Z,2.2,https://gbfs.kappa.fifteen.eu/gbfs/2.2/mobi/en/gbfs.json,https://gbfs.kappa.fifteen.eu/gbfs/2.2/mobi/en/free_bike_status.json,2026-07-06T18:18:00Z,2026-07-06T18:18:00Z
mobi_vancouver,mobi_vancouver_99a7b506-8446-451c-8f30-b293112cfc15,99a7b506-8446-451c-8f30-b293112cfc15,49.279739,-123.116251,1,FALSE,FALSE,26400,0025,1783361838,2026-07-06T18:18:01Z,2026-07-06T18:18:01Z,2026-07-06T18:17:16Z,2.2,https://gbfs.kappa.fifteen.eu/gbfs/2.2/mobi/en/gbfs.json,https://gbfs.kappa.fifteen.eu/gbfs/2.2/mobi/en/free_bike_status.json,2026-07-06T18:18:00Z,2026-07-06T18:18:00Z
mobi_vancouver,mobi_vancouver_0b89cd8b-6473-4ef8-90b1-ba0f91f578e0,0b89cd8b-6473-4ef8-90b1-ba0f91f578e0,49.287528,-123.142139,1,FALSE,FALSE,26400,0028,1783361838,2026-07-06T18:18:01Z,2026-07-06T18:18:01Z,2026-07-06T18:17:16Z,2.2,https://gbfs.kappa.fifteen.eu/gbfs/2.2/mobi/en/gbfs.json,https://gbfs.kappa.fifteen.eu/gbfs/2.2/mobi/en/free_bike_status.json,2026-07-06T18:18:00Z,2026-07-06T18:18:00Z
mobi_vancouver,mobi_vancouver_fbc9b22f-a55a-492d-a9d8-dd6d53c4e20a,fbc9b22f-a55a-492d-a9d8-dd6d53c4e20a,49.2756,-123.102661,1,FALSE,FALSE,26400,0148,1783361838,2026-07-06T18:18:01Z,2026-07-06T18:18:01Z,2026-07-06T18:17:16Z,2.2,https://gbfs.kappa.fifteen.eu/gbfs/2.2/mobi/en/gbfs.json,https://gbfs.kappa.fifteen.eu/gbfs/2.2/mobi/en/free_bike_status.json,2026-07-06T18:18:00Z,2026-07-06T18:18:00Z
mobi_vancouver,mobi_vancouver_8921d46e-5b82-4631-acdf-b5bdfd2fdcb8,8921d46e-5b82-4631-acdf-b5bdfd2fdcb8,49.284605,-123.108662,1,FALSE,FALSE,26400,0052,1783361838,2026-07-06T18:18:01Z,2026-07-06T18:18:01Z,2026-07-06T18:17:16Z,2.2,https://gbfs.kappa.fifteen.eu/gbfs/2.2/mobi/en/gbfs.json,https://gbfs.kappa.fifteen.eu/gbfs/2.2/mobi/en/free_bike_status.json,2026-07-06T18:18:00Z,2026-07-06T18:18:00Z
mobi_vancouver,mobi_vancouver_517822cc-a83d-4abc-a8bd-c073b718fe71,517822cc-a83d-4abc-a8bd-c073b718fe71,49.284605,-123.108662,1,FALSE,FALSE,26400,0052,1783361838,2026-07-06T18:18:01Z,2026-07-06T18:18:01Z,2026-07-06T18:17:16Z,2.2,https://gbfs.kappa.fifteen.eu/gbfs/2.2/mobi/en/gbfs.json,https://gbfs.kappa.fifteen.eu/gbfs/2.2/mobi/en/free_bike_status.json,2026-07-06T18:18:00Z,2026-07-06T18:18:00Z
mobi_vancouver,mobi_vancouver_500f66b9-236c-4ed4-8dd8-25adfe9f2d6e,500f66b9-236c-4ed4-8dd8-25adfe9f2d6e,49.273471,-123.118016,1,FALSE,FALSE,26400,0017,1783361838,2026-07-06T18:18:01Z,2026-07-06T18:18:01Z,2026-07-06T18:17:16Z,2.2,https://gbfs.kappa.fifteen.eu/gbfs/2.2/mobi/en/gbfs.json,https://gbfs.kappa.fifteen.eu/gbfs/2.2/mobi/en/free_bike_status.json,2026-07-06T18:18:00Z,2026-07-06T18:18:00Z
mobi_vancouver,mobi_vancouver_53af00cc-ee7b-46c5-a5b4-5564b7e58275,53af00cc-ee7b-46c5-a5b4-5564b7e58275,49.274566,-123.121817,1,FALSE,FALSE,26400,0004,1783361838,2026-07-06T18:18:01Z,2026-07-06T18:18:01Z,2026-07-06T18:17:16Z,2.2,https://gbfs.kappa.fifteen.eu/gbfs/2.2/mobi/en/gbfs.json,https://gbfs.kappa.fifteen.eu/gbfs/2.2/mobi/en/free_bike_status.json,2026-07-06T18:18:00Z,2026-07-06T18:18:00Z
mobi_vancouver,mobi_vancouver_1ff9e137-8428-4ef3-8d68-089255b2ad9a,1ff9e137-8428-4ef3-8d68-089255b2ad9a,49.274566,-123.121817,1,FALSE,FALSE,26400,0004,1783361838,2026-07-06T18:18:01Z,2026-07-06T18:18:01Z,2026-07-06T18:17:16Z,2.2,https://gbfs.kappa.fifteen.eu/gbfs/2.2/mobi/en/gbfs.json,https://gbfs.kappa.fifteen.eu/gbfs/2.2/mobi/en/free_bike_status.json,2026-07-06T18:18:00Z,2026-07-06T18:18:00Z
mobi_vancouver,mobi_vancouver_a8c05199-1729-4549-9b84-338fe54c2dd7,a8c05199-1729-4549-9b84-338fe54c2dd7,49.297933,-123.130758,1,FALSE,FALSE,26400,0209,1783361838,2026-07-06T18:18:01Z,2026-07-06T18:18:01Z,2026-07-06T18:17:16Z,2.2,https://gbfs.kappa.fifteen.eu/gbfs/2.2/mobi/en/gbfs.json,https://gbfs.kappa.fifteen.eu/gbfs/2.2/mobi/en/free_bike_status.json,2026-07-06T18:18:00Z,2026-07-06T18:18:00Z
mobi_vancouver,mobi_vancouver_645b3246-5545-4ea7-a471-84314984cc1c,645b3246-5545-4ea7-a471-84314984cc1c,49.276897,-123.101746,1,FALSE,FALSE,26400,0801,1783361838,2026-07-06T18:18:01Z,2026-07-06T18:18:01Z,2026-07-06T18:17:16Z,2.2,https://gbfs.kappa.fifteen.eu/gbfs/2.2/mobi/en/gbfs.json,https://gbfs.kappa.fifteen.eu/gbfs/2.2/mobi/en/free_bike_status.json,2026-07-06T18:18:00Z,2026-07-06T18:18:00Z
mobi_vancouver,mobi_vancouver_19f15698-2e6f-445d-94fb-af37b155397a,19f15698-2e6f-445d-94fb-af37b155397a,49.287782,-123.12395,1,FALSE,FALSE,26400,0190,1783361838,2026-07-06T18:18:01Z,2026-07-06T18:18:01Z,2026-07-06T18:17:16Z,2.2,https://gbfs.kappa.fifteen.eu/gbfs/2.2/mobi/en/gbfs.json,https://gbfs.kappa.fifteen.eu/gbfs/2.2/mobi/en/free_bike_status.json,2026-07-06T18:18:00Z,2026-07-06T18:18:00Z
mobi_vancouver,mobi_vancouver_29d383ff-050d-425d-b564-52c79028b349,29d383ff-050d-425d-b564-52c79028b349,49.284062,-123.095097,2,FALSE,FALSE,26400,0161,1783361838,2026-07-06T18:18:01Z,2026-07-06T18:18:01Z,2026-07-06T18:17:16Z,2.2,https://gbfs.kappa.fifteen.eu/gbfs/2.2/mobi/en/gbfs.json,https://gbfs.kappa.fifteen.eu/gbfs/2.2/mobi/en/free_bike_status.json,2026-07-06T18:18:00Z,2026-07-06T18:18:00Z
mobi_vancouver,mobi_vancouver_2f9fca82-370c-45a5-a61c-767c90c1b952,2f9fca82-370c-45a5-a61c-767c90c1b952,49.283992,-123.091206,1,FALSE,FALSE,26400,0230,1783361838,2026-07-06T18:18:01Z,2026-07-06T18:18:01Z,2026-07-06T18:17:16Z,2.2,https://gbfs.kappa.fifteen.eu/gbfs/2.2/mobi/en/gbfs.json,https://gbfs.kappa.fifteen.eu/gbfs/2.2/mobi/en/free_bike_status.json,2026-07-06T18:18:00Z,2026-07-06T18:18:00Z
mobi_vancouver,mobi_vancouver_63e7acc0-673f-4dde-9cf5-73e77ee1c84c,63e7acc0-673f-4dde-9cf5-73e77ee1c84c,49.265242,-123.095577,1,FALSE,FALSE,26400,0297,1783361838,2026-07-06T18:18:01Z,2026-07-06T18:18:01Z,2026-07-06T18:17:16Z,2.2,https://gbfs.kappa.fifteen.eu/gbfs/2.2/mobi/en/gbfs.json,https://gbfs.kappa.fifteen.eu/gbfs/2.2/mobi/en/free_bike_status.json,2026-07-06T18:18:00Z,2026-07-06T18:18:00Z
mobi_vancouver,mobi_vancouver_71daa1e1-c42b-4d8c-bbe4-b34880298784,71daa1e1-c42b-4d8c-bbe4-b34880298784,49.302577,-123.155616,1,FALSE,FALSE,26400,0103,1783361838,2026-07-06T18:18:01Z,2026-07-06T18:18:01Z,2026-07-06T18:17:16Z,2.2,https://gbfs.kappa.fifteen.eu/gbfs/2.2/mobi/en/gbfs.json,https://gbfs.kappa.fifteen.eu/gbfs/2.2/mobi/en/free_bike_status.json,2026-07-06T18:18:00Z,2026-07-06T18:18:00Z
mobi_vancouver,mobi_vancouver_b6c6cd08-5bf0-48ad-84f1-041eb2613929,b6c6cd08-5bf0-48ad-84f1-041eb2613929,49.276768,-123.075636,1,FALSE,FALSE,26400,,1783361838,2026-07-06T18:18:01Z,2026-07-06T18:18:01Z,2026-07-06T18:17:16Z,2.2,https://gbfs.kappa.fifteen.eu/gbfs/2.2/mobi/en/gbfs.json,https://gbfs.kappa.fifteen.eu/gbfs/2.2/mobi/en/free_bike_status.json,2026-07-06T18:18:00Z,2026-07-06T18:18:00Z
mobi_vancouver,mobi_vancouver_c71fc382-1a80-4fbc-8475-c711e31f9a88,c71fc382-1a80-4fbc-8475-c711e31f9a88,49.284554,-123.111031,1,FALSE,FALSE,26400,0124,1783361838,2026-07-06T18:18:01Z,2026-07-06T18:18:01Z,2026-07-06T18:17:16Z,2.2,https://gbfs.kappa.fifteen.eu/gbfs/2.2/mobi/en/gbfs.json,https://gbfs.kappa.fifteen.eu/gbfs/2.2/mobi/en/free_bike_status.json,2026-07-06T18:18:00Z,2026-07-06T18:18:00Z
mobi_vancouver,mobi_vancouver_6b3abf75-8939-4a53-a157-27febeac9c24,6b3abf75-8939-4a53-a157-27febeac9c24,49.28512,-123.11242,1,FALSE,FALSE,26400,0308,1783361838,2026-07-06T18:18:01Z,2026-07-06T18:18:01Z,2026-07-06T18:17:16Z,2.2,https://gbfs.kappa.fifteen.eu/gbfs/2.2/mobi/en/gbfs.json,https://gbfs.kappa.fifteen.eu/gbfs/2.2/mobi/en/free_bike_status.json,2026-07-06T18:18:00Z,2026-07-06T18:18:00Z
mobi_vancouver,mobi_vancouver_a20c99cd-f97f-4f1c-842a-ea9810160d41,a20c99cd-f97f-4f1c-842a-ea9810160d41,49.266579,-123.248549,2,FALSE,FALSE,26400,2143,1783361838,2026-07-06T18:18:01Z,2026-07-06T18:18:01Z,2026-07-06T18:17:16Z,2.2,https://gbfs.kappa.fifteen.eu/gbfs/2.2/mobi/en/gbfs.json,https://gbfs.kappa.fifteen.eu/gbfs/2.2/mobi/en/free_bike_status.json,2026-07-06T18:18:00Z,2026-07-06T18:18:00Z
mobi_vancouver,mobi_vancouver_bfbed560-b601-4fe4-9641-aa7bf81ec33b,bfbed560-b601-4fe4-9641-aa7bf81ec33b,49.283482,-123.103738,1,FALSE,FALSE,26400,0013,1783361838,2026-07-06T18:18:01Z,2026-07-06T18:18:01Z,2026-07-06T18:17:16Z,2.2,https://gbfs.kappa.fifteen.eu/gbfs/2.2/mobi/en/gbfs.json,https://gbfs.kappa.fifteen.eu/gbfs/2.2/mobi/en/free_bike_status.json,2026-07-06T18:18:00Z,2026-07-06T18:18:00Z
mobi_vancouver,mobi_vancouver_48056d16-611f-4ee2-b59c-70dca5301e90,48056d16-611f-4ee2-b59c-70dca5301e90,49.288682,-123.11818,1,FALSE,FALSE,26800,0201,1783361838,2026-07-06T18:18:01Z,2026-07-06T18:18:01Z,2026-07-06T18:17:16Z,2.2,https://gbfs.kappa.fifteen.eu/gbfs/2.2/mobi/en/gbfs.json,https://gbfs.kappa.fifteen.eu/gbfs/2.2/mobi/en/free_bike_status.json,2026-07-06T18:18:00Z,2026-07-06T18:18:00Z
mobi_vancouver,mobi_vancouver_8ff912fa-1bb7-4ac2-b31a-a2d48d2c122a,8ff912fa-1bb7-4ac2-b31a-a2d48d2c122a,49.28725,-123.11298,1,FALSE,FALSE,26800,0014,1783361838,2026-07-06T18:18:01Z,2026-07-06T18:18:01Z,2026-07-06T18:17:16Z,2.2,https://gbfs.kappa.fifteen.eu/gbfs/2.2/mobi/en/gbfs.json,https://gbfs.kappa.fifteen.eu/gbfs/2.2/mobi/en/free_bike_status.json,2026-07-06T18:18:00Z,2026-07-06T18:18:00Z
mobi_vancouver,mobi_vancouver_7b374900-3ff4-43a4-a648-5428e710265f,7b374900-3ff4-43a4-a648-5428e710265f,49.269361,-123.13782,1,FALSE,FALSE,26800,0066,1783361838,2026-07-06T18:18:01Z,2026-07-06T18:18:01Z,2026-07-06T18:17:16Z,2.2,https://gbfs.kappa.fifteen.eu/gbfs/2.2/mobi/en/gbfs.json,https://gbfs.kappa.fifteen.eu/gbfs/2.2/mobi/en/free_bike_status.json,2026-07-06T18:18:00Z,2026-07-06T18:18:00Z
mobi_vancouver,mobi_vancouver_438a213c-bb26-4d48-8b8b-f5f7d53356ce,438a213c-bb26-4d48-8b8b-f5f7d53356ce,49.285253,-123.134356,2,FALSE,FALSE,26800,0048,1783361838,2026-07-06T18:18:01Z,2026-07-06T18:18:01Z,2026-07-06T18:17:16Z,2.2,https://gbfs.kappa.fifteen.eu/gbfs/2.2/mobi/en/gbfs.json,https://gbfs.kappa.fifteen.eu/gbfs/2.2/mobi/en/free_bike_status.json,2026-07-06T18:18:00Z,2026-07-06T18:18:00Z
mobi_vancouver,mobi_vancouver_b4600649-9ccb-4999-ab87-ead7448d4988,b4600649-9ccb-4999-ab87-ead7448d4988,49.273833,-123.114373,1,FALSE,FALSE,26800,0057,1783361838,2026-07-06T18:18:01Z,2026-07-06T18:18:01Z,2026-07-06T18:17:16Z,2.2,https://gbfs.kappa.fifteen.eu/gbfs/2.2/mobi/en/gbfs.json,https://gbfs.kappa.fifteen.eu/gbfs/2.2/mobi/en/free_bike_status.json,2026-07-06T18:18:00Z,2026-07-06T18:18:00Z
mobi_vancouver,mobi_vancouver_1a2bcf66-1922-45da-9bf2-72a05d9dd2f3,1a2bcf66-1922-45da-9bf2-72a05d9dd2f3,49.297933,-123.130758,1,FALSE,FALSE,26800,0209,1783361838,2026-07-06T18:18:01Z,2026-07-06T18:18:01Z,2026-07-06T18:17:16Z,2.2,https://gbfs.kappa.fifteen.eu/gbfs/2.2/mobi/en/gbfs.json,https://gbfs.kappa.fifteen.eu/gbfs/2.2/mobi/en/free_bike_status.json,2026-07-06T18:18:00Z,2026-07-06T18:18:00Z
mobi_vancouver,mobi_vancouver_094de584-15f4-41b2-b88b-32d6f6f02fed,094de584-15f4-41b2-b88b-32d6f6f02fed,0,0,2,FALSE,FALSE,26800,0248,1783361838,2026-07-06T18:18:01Z,2026-07-06T18:18:01Z,2026-07-06T18:17:16Z,2.2,https://gbfs.kappa.fifteen.eu/gbfs/2.2/mobi/en/gbfs.json,https://gbfs.kappa.fifteen.eu/gbfs/2.2/mobi/en/free_bike_status.json,2026-07-06T18:18:00Z,2026-07-06T18:18:00Z
mobi_vancouver,mobi_vancouver_8d7a18d2-9dd4-47ee-97d6-f5f95ef90253,8d7a18d2-9dd4-47ee-97d6-f5f95ef90253,49.287782,-123.12395,1,FALSE,FALSE,26800,0190,1783361838,2026-07-06T18:18:01Z,2026-07-06T18:18:01Z,2026-07-06T18:17:16Z,2.2,https://gbfs.kappa.fifteen.eu/gbfs/2.2/mobi/en/gbfs.json,https://gbfs.kappa.fifteen.eu/gbfs/2.2/mobi/en/free_bike_status.json,2026-07-06T18:18:00Z,2026-07-06T18:18:00Z
mobi_vancouver,mobi_vancouver_a901d553-8c6a-4069-b7c8-e4ec4e34b186,a901d553-8c6a-4069-b7c8-e4ec4e34b186,49.280852,-123.084746,1,FALSE,FALSE,26800,0227,1783361838,2026-07-06T18:18:01Z,2026-07-06T18:18:01Z,2026-07-06T18:17:16Z,2.2,https://gbfs.kappa.fifteen.eu/gbfs/2.2/mobi/en/gbfs.json,https://gbfs.kappa.fifteen.eu/gbfs/2.2/mobi/en/free_bike_status.json,2026-07-06T18:18:00Z,2026-07-06T18:18:00Z
mobi_vancouver,mobi_vancouver_1304dee7-e70d-496d-8dcd-3f0255eea71b,1304dee7-e70d-496d-8dcd-3f0255eea71b,49.258352,-123.096337,1,FALSE,FALSE,26800,0257,1783361838,2026-07-06T18:18:01Z,2026-07-06T18:18:01Z,2026-07-06T18:17:16Z,2.2,https://gbfs.kappa.fifteen.eu/gbfs/2.2/mobi/en/gbfs.json,https://gbfs.kappa.fifteen.eu/gbfs/2.2/mobi/en/free_bike_status.json,2026-07-06T18:18:00Z,2026-07-06T18:18:00Z
mobi_vancouver,mobi_vancouver_6aa05181-b593-4f3c-80d2-cdc755ff2c44,6aa05181-b593-4f3c-80d2-cdc755ff2c44,49.27551,-123.13307,1,FALSE,FALSE,26800,0045,1783361838,2026-07-06T18:18:01Z,2026-07-06T18:18:01Z,2026-07-06T18:17:16Z,2.2,https://gbfs.kappa.fifteen.eu/gbfs/2.2/mobi/en/gbfs.json,https://gbfs.kappa.fifteen.eu/gbfs/2.2/mobi/en/free_bike_status.json,2026-07-06T18:18:00Z,2026-07-06T18:18:00Z
mobi_vancouver,mobi_vancouver_ac1e10f1-e798-4304-9b3e-b75568e0a030,ac1e10f1-e798-4304-9b3e-b75568e0a030,49.264579,-123.18373,1,FALSE,FALSE,26800,0415,1783361838,2026-07-06T18:18:01Z,2026-07-06T18:18:01Z,2026-07-06T18:17:16Z,2.2,https://gbfs.kappa.fifteen.eu/gbfs/2.2/mobi/en/gbfs.json,https://gbfs.kappa.fifteen.eu/gbfs/2.2/mobi/en/free_bike_status.json,2026-07-06T18:18:00Z,2026-07-06T18:18:00Z
mobi_vancouver,mobi_vancouver_392474b9-b460-4f44-adda-86cd242456fd,392474b9-b460-4f44-adda-86cd242456fd,49.252656,-123.067965,2,FALSE,FALSE,26800,0352,1783361838,2026-07-06T18:18:01Z,2026-07-06T18:18:01Z,2026-07-06T18:17:16Z,2.2,https://gbfs.kappa.fifteen.eu/gbfs/2.2/mobi/en/gbfs.json,https://gbfs.kappa.fifteen.eu/gbfs/2.2/mobi/en/free_bike_status.json,2026-07-06T18:18:00Z,2026-07-06T18:18:00Z
mobi_vancouver,mobi_vancouver_9f455c23-4e69-4920-a2fd-0150513f114a,9f455c23-4e69-4920-a2fd-0150513f114a,49.285871,-123.12105,2,FALSE,FALSE,27200,0002,1783361838,2026-07-06T18:18:01Z,2026-07-06T18:18:01Z,2026-07-06T18:17:16Z,2.2,https://gbfs.kappa.fifteen.eu/gbfs/2.2/mobi/en/gbfs.json,https://gbfs.kappa.fifteen.eu/gbfs/2.2/mobi/en/free_bike_status.json,2026-07-06T18:18:00Z,2026-07-06T18:18:00Z
mobi_vancouver,mobi_vancouver_5e6fdd49-cc84-45d7-afe4-d9cf3b0a67ec,5e6fdd49-cc84-45d7-afe4-d9cf3b0a67ec,49.269361,-123.13782,1,FALSE,FALSE,27200,0066,1783361838,2026-07-06T18:18:01Z,2026-07-06T18:18:01Z,2026-07-06T18:17:16Z,2.2,https://gbfs.kappa.fifteen.eu/gbfs/2.2/mobi/en/gbfs.json,https://gbfs.kappa.fifteen.eu/gbfs/2.2/mobi/en/free_bike_status.json,2026-07-06T18:18:00Z,2026-07-06T18:18:00Z
mobi_vancouver,mobi_vancouver_233160f3-8743-470b-be78-3e97ffb5c851,233160f3-8743-470b-be78-3e97ffb5c851,49.27808,-123.130557,1,FALSE,FALSE,27200,0089,1783361838,2026-07-06T18:18:01Z,2026-07-06T18:18:01Z,2026-07-06T18:17:16Z,2.2,https://gbfs.kappa.fifteen.eu/gbfs/2.2/mobi/en/gbfs.json,https://gbfs.kappa.fifteen.eu/gbfs/2.2/mobi/en/free_bike_status.json,2026-07-06T18:18:00Z,2026-07-06T18:18:00Z
mobi_vancouver,mobi_vancouver_503a22b1-27f1-4bee-a7cf-5b75d0caf38d,503a22b1-27f1-4bee-a7cf-5b75d0caf38d,49.273471,-123.118016,1,FALSE,FALSE,27200,0017,1783361838,2026-07-06T18:18:01Z,2026-07-06T18:18:01Z,2026-07-06T18:17:16Z,2.2,https://gbfs.kappa.fifteen.eu/gbfs/2.2/mobi/en/gbfs.json,https://gbfs.kappa.fifteen.eu/gbfs/2.2/mobi/en/free_bike_status.json,2026-07-06T18:18:00Z,2026-07-06T18:18:00Z
mobi_vancouver,mobi_vancouver_af96dbb1-56e5-4f16-bbb2-fb3b5b9b7094,af96dbb1-56e5-4f16-bbb2-fb3b5b9b7094,49.29534,-123.150433,1,FALSE,FALSE,27200,0102,1783361838,2026-07-06T18:18:01Z,2026-07-06T18:18:01Z,2026-07-06T18:17:16Z,2.2,https://gbfs.kappa.fifteen.eu/gbfs/2.2/mobi/en/gbfs.json,https://gbfs.kappa.fifteen.eu/gbfs/2.2/mobi/en/free_bike_status.json,2026-07-06T18:18:00Z,2026-07-06T18:18:00Z
mobi_vancouver,mobi_vancouver_8239b22c-5181-4df0-8b04-0df9d5709658,8239b22c-5181-4df0-8b04-0df9d5709658,49.267266,-123.090786,2,FALSE,FALSE,27200,0287,1783361838,2026-07-06T18:18:01Z,2026-07-06T18:18:01Z,2026-07-06T18:17:16Z,2.2,https://gbfs.kappa.fifteen.eu/gbfs/2.2/mobi/en/gbfs.json,https://gbfs.kappa.fifteen.eu/gbfs/2.2/mobi/en/free_bike_status.json,2026-07-06T18:18:00Z,2026-07-06T18:18:00Z
mobi_vancouver,mobi_vancouver_c59cc1b7-abe9-42b1-85ea-05c5dad9e372,c59cc1b7-abe9-42b1-85ea-05c5dad9e372,49.27033,-123.10275,1,FALSE,FALSE,27200,0177,1783361838,2026-07-06T18:18:01Z,2026-07-06T18:18:01Z,2026-07-06T18:17:16Z,2.2,https://gbfs.kappa.fifteen.eu/gbfs/2.2/mobi/en/gbfs.json,https://gbfs.kappa.fifteen.eu/gbfs/2.2/mobi/en/free_bike_status.json,2026-07-06T18:18:00Z,2026-07-06T18:18:00Z
mobi_vancouver,mobi_vancouver_f9127eb6-2413-47d3-a51a-db62e1e9b537,f9127eb6-2413-47d3-a51a-db62e1e9b537,49.27029,-123.135025,1,FALSE,FALSE,27200,0189,1783361838,2026-07-06T18:18:01Z,2026-07-06T18:18:01Z,2026-07-06T18:17:16Z,2.2,https://gbfs.kappa.fifteen.eu/gbfs/2.2/mobi/en/gbfs.json,https://gbfs.kappa.fifteen.eu/gbfs/2.2/mobi/en/free_bike_status.json,2026-07-06T18:18:00Z,2026-07-06T18:18:00Z
mobi_vancouver,mobi_vancouver_87fc2ac6-35af-45a8-b5b0-4321dec5ff6a,87fc2ac6-35af-45a8-b5b0-4321dec5ff6a,49.245535,-123.120496,2,FALSE,FALSE,27200,0516,1783361838,2026-07-06T18:18:01Z,2026-07-06T18:18:01Z,2026-07-06T18:17:16Z,2.2,https://gbfs.kappa.fifteen.eu/gbfs/2.2/mobi/en/gbfs.json,https://gbfs.kappa.fifteen.eu/gbfs/2.2/mobi/en/free_bike_status.json,2026-07-06T18:18:00Z,2026-07-06T18:18:00Z
mobi_vancouver,mobi_vancouver_4105ed07-375d-48f0-90bd-c94adefb7e5d,4105ed07-375d-48f0-90bd-c94adefb7e5d,49.291597,-123.129158,2,FALSE,FALSE,27200,0200,1783361838,2026-07-06T18:18:01Z,2026-07-06T18:18:01Z,2026-07-06T18:17:16Z,2.2,https://gbfs.kappa.fifteen.eu/gbfs/2.2/mobi/en/gbfs.json,https://gbfs.kappa.fifteen.eu/gbfs/2.2/mobi/en/free_bike_status.json,2026-07-06T18:18:00Z,2026-07-06T18:18:00Z
mobi_vancouver,mobi_vancouver_61cee037-17e2-44ff-9d91-9f4f6f98e6da,61cee037-17e2-44ff-9d91-9f4f6f98e6da,49.283482,-123.103738,1,FALSE,FALSE,27200,0013,1783361838,2026-07-06T18:18:01Z,2026-07-06T18:18:01Z,2026-07-06T18:17:16Z,2.2,https://gbfs.kappa.fifteen.eu/gbfs/2.2/mobi/en/gbfs.json,https://gbfs.kappa.fifteen.eu/gbfs/2.2/mobi/en/free_bike_status.json,2026-07-06T18:18:00Z,2026-07-06T18:18:00Z
mobi_vancouver,mobi_vancouver_75976fb0-8ecd-4a1e-8d32-0946bbe4fc48,75976fb0-8ecd-4a1e-8d32-0946bbe4fc48,49.27709,-123.07589,2,FALSE,FALSE,27200,,1783361838,2026-07-06T18:18:01Z,2026-07-06T18:18:01Z,2026-07-06T18:17:16Z,2.2,https://gbfs.kappa.fifteen.eu/gbfs/2.2/mobi/en/gbfs.json,https://gbfs.kappa.fifteen.eu/gbfs/2.2/mobi/en/free_bike_status.json,2026-07-06T18:18:00Z,2026-07-06T18:18:00Z
mobi_vancouver,mobi_vancouver_00650c25-8800-49b0-9e11-5f01b38ebc24,00650c25-8800-49b0-9e11-5f01b38ebc24,49.288682,-123.11818,2,FALSE,FALSE,27600,0201,1783361838,2026-07-06T18:18:01Z,2026-07-06T18:18:01Z,2026-07-06T18:17:16Z,2.2,https://gbfs.kappa.fifteen.eu/gbfs/2.2/mobi/en/gbfs.json,https://gbfs.kappa.fifteen.eu/gbfs/2.2/mobi/en/free_bike_status.json,2026-07-06T18:18:00Z,2026-07-06T18:18:00Z
mobi_vancouver,mobi_vancouver_4b34a7fd-caa1-427d-ba16-91c816484c56,4b34a7fd-caa1-427d-ba16-91c816484c56,49.269361,-123.13782,1,FALSE,FALSE,27600,0066,1783361838,2026-07-06T18:18:01Z,2026-07-06T18:18:01Z,2026-07-06T18:17:16Z,2.2,https://gbfs.kappa.fifteen.eu/gbfs/2.2/mobi/en/gbfs.json,https://gbfs.kappa.fifteen.eu/gbfs/2.2/mobi/en/free_bike_status.json,2026-07-06T18:18:00Z,2026-07-06T18:18:00Z
mobi_vancouver,mobi_vancouver_035707c7-0af8-4e4d-862f-49573340772a,035707c7-0af8-4e4d-862f-49573340772a,49.27821,-123.136972,1,FALSE,FALSE,27600,0083,1783361838,2026-07-06T18:18:01Z,2026-07-06T18:18:01Z,2026-07-06T18:17:16Z,2.2,https://gbfs.kappa.fifteen.eu/gbfs/2.2/mobi/en/gbfs.json,https://gbfs.kappa.fifteen.eu/gbfs/2.2/mobi/en/free_bike_status.json,2026-07-06T18:18:00Z,2026-07-06T18:18:00Z
mobi_vancouver,mobi_vancouver_33b5be16-d018-4a91-b361-248c45fe0593,33b5be16-d018-4a91-b361-248c45fe0593,49.279342,-123.101822,1,FALSE,FALSE,27600,0055,1783361838,2026-07-06T18:18:01Z,2026-07-06T18:18:01Z,2026-07-06T18:17:16Z,2.2,https://gbfs.kappa.fifteen.eu/gbfs/2.2/mobi/en/gbfs.json,https://gbfs.kappa.fifteen.eu/gbfs/2.2/mobi/en/free_bike_status.json,2026-07-06T18:18:00Z,2026-07-06T18:18:00Z
mobi_vancouver,mobi_vancouver_d21fac13-f83e-4363-8699-489f7e415029,d21fac13-f83e-4363-8699-489f7e415029,49.298657,-123.121176,1,FALSE,FALSE,27600,0105,1783361838,2026-07-06T18:18:01Z,2026-07-06T18:18:01Z,2026-07-06T18:17:16Z,2.2,https://gbfs.kappa.fifteen.eu/gbfs/2.2/mobi/en/gbfs.json,https://gbfs.kappa.fifteen.eu/gbfs/2.2/mobi/en/free_bike_status.json,2026-07-06T18:18:00Z,2026-07-06T18:18:00Z
mobi_vancouver,mobi_vancouver_30483c5f-070f-46fe-8444-2453ead95f65,30483c5f-070f-46fe-8444-2453ead95f65,49.27029,-123.135025,1,FALSE,FALSE,27600,0189,1783361838,2026-07-06T18:18:01Z,2026-07-06T18:18:01Z,2026-07-06T18:17:16Z,2.2,https://gbfs.kappa.fifteen.eu/gbfs/2.2/mobi/en/gbfs.json,https://gbfs.kappa.fifteen.eu/gbfs/2.2/mobi/en/free_bike_status.json,2026-07-06T18:18:00Z,2026-07-06T18:18:00Z
mobi_vancouver,mobi_vancouver_5f37c36a-7fd6-4bae-a73e-804bf437d74d,5f37c36a-7fd6-4bae-a73e-804bf437d74d,49.27029,-123.135025,1,FALSE,FALSE,27600,0189,1783361838,2026-07-06T18:18:01Z,2026-07-06T18:18:01Z,2026-07-06T18:17:16Z,2.2,https://gbfs.kappa.fifteen.eu/gbfs/2.2/mobi/en/gbfs.json,https://gbfs.kappa.fifteen.eu/gbfs/2.2/mobi/en/free_bike_status.json,2026-07-06T18:18:00Z,2026-07-06T18:18:00Z
mobi_vancouver,mobi_vancouver_f09b35a2-6703-48d0-b043-2a454a576d8b,f09b35a2-6703-48d0-b043-2a454a576d8b,49.245135,-123.116098,2,FALSE,FALSE,27600,0526,1783361838,2026-07-06T18:18:01Z,2026-07-06T18:18:01Z,2026-07-06T18:17:16Z,2.2,https://gbfs.kappa.fifteen.eu/gbfs/2.2/mobi/en/gbfs.json,https://gbfs.kappa.fifteen.eu/gbfs/2.2/mobi/en/free_bike_status.json,2026-07-06T18:18:00Z,2026-07-06T18:18:00Z
mobi_vancouver,mobi_vancouver_a1fbb3d2-b0d7-467f-895e-d696c996c66b,a1fbb3d2-b0d7-467f-895e-d696c996c66b,49.246243,-123.124373,2,FALSE,FALSE,27600,0505,1783361838,2026-07-06T18:18:01Z,2026-07-06T18:18:01Z,2026-07-06T18:17:16Z,2.2,https://gbfs.kappa.fifteen.eu/gbfs/2.2/mobi/en/gbfs.json,https://gbfs.kappa.fifteen.eu/gbfs/2.2/mobi/en/free_bike_status.json,2026-07-06T18:18:00Z,2026-07-06T18:18:00Z
mobi_vancouver,mobi_vancouver_c8d91306-10b2-4076-a71e-b809658cd0cb,c8d91306-10b2-4076-a71e-b809658cd0cb,49.298657,-123.121176,1,FALSE,FALSE,28000,0105,1783361838,2026-07-06T18:18:01Z,2026-07-06T18:18:01Z,2026-07-06T18:17:16Z,2.2,https://gbfs.kappa.fifteen.eu/gbfs/2.2/mobi/en/gbfs.json,https://gbfs.kappa.fifteen.eu/gbfs/2.2/mobi/en/free_bike_status.json,2026-07-06T18:18:00Z,2026-07-06T18:18:00Z
mobi_vancouver,mobi_vancouver_ecba066c-4fd5-43f2-9f17-9bc12d02e012,ecba066c-4fd5-43f2-9f17-9bc12d02e012,49.283236,-123.070443,1,FALSE,FALSE,28000,0285,1783361838,2026-07-06T18:18:01Z,2026-07-06T18:18:01Z,2026-07-06T18:17:16Z,2.2,https://gbfs.kappa.fifteen.eu/gbfs/2.2/mobi/en/gbfs.json,https://gbfs.kappa.fifteen.eu/gbfs/2.2/mobi/en/free_bike_status.json,2026-07-06T18:18:00Z,2026-07-06T18:18:00Z
mobi_vancouver,mobi_vancouver_c891d0c2-08c1-46c0-92e4-dbdab183ff05,c891d0c2-08c1-46c0-92e4-dbdab183ff05,49.258352,-123.096337,2,FALSE,FALSE,28000,0257,1783361838,2026-07-06T18:18:01Z,2026-07-06T18:18:01Z,2026-07-06T18:17:16Z,2.2,https://gbfs.kappa.fifteen.eu/gbfs/2.2/mobi/en/gbfs.json,https://gbfs.kappa.fifteen.eu/gbfs/2.2/mobi/en/free_bike_status.json,2026-07-06T18:18:00Z,2026-07-06T18:18:00Z
mobi_vancouver,mobi_vancouver_5b85ef9f-6c12-45cb-aa7f-9ae991944fb5,5b85ef9f-6c12-45cb-aa7f-9ae991944fb5,49.27033,-123.10275,1,FALSE,FALSE,28000,0177,1783361838,2026-07-06T18:18:01Z,2026-07-06T18:18:01Z,2026-07-06T18:17:16Z,2.2,https://gbfs.kappa.fifteen.eu/gbfs/2.2/mobi/en/gbfs.json,https://gbfs.kappa.fifteen.eu/gbfs/2.2/mobi/en/free_bike_status.json,2026-07-06T18:18:00Z,2026-07-06T18:18:00Z
mobi_vancouver,mobi_vancouver_fa3bf5ea-b834-4595-a563-6c38e9b0ecf4,fa3bf5ea-b834-4595-a563-6c38e9b0ecf4,49.25976,-123.2479,2,FALSE,FALSE,28000,2127,1783361838,2026-07-06T18:18:01Z,2026-07-06T18:18:01Z,2026-07-06T18:17:16Z,2.2,https://gbfs.kappa.fifteen.eu/gbfs/2.2/mobi/en/gbfs.json,https://gbfs.kappa.fifteen.eu/gbfs/2.2/mobi/en/free_bike_status.json,2026-07-06T18:18:00Z,2026-07-06T18:18:00Z
mobi_vancouver,mobi_vancouver_1602e09f-8f9d-4561-9914-7600145af29b,1602e09f-8f9d-4561-9914-7600145af29b,49.279938,-123.127478,2,FALSE,FALSE,28400,0039,1783361838,2026-07-06T18:18:01Z,2026-07-06T18:18:01Z,2026-07-06T18:17:16Z,2.2,https://gbfs.kappa.fifteen.eu/gbfs/2.2/mobi/en/gbfs.json,https://gbfs.kappa.fifteen.eu/gbfs/2.2/mobi/en/free_bike_status.json,2026-07-06T18:18:00Z,2026-07-06T18:18:00Z
mobi_vancouver,mobi_vancouver_a3e51a3d-68d4-4337-936d-383b1af481df,a3e51a3d-68d4-4337-936d-383b1af481df,49.263746,-123.069892,2,FALSE,FALSE,28400,0254,1783361838,2026-07-06T18:18:01Z,2026-07-06T18:18:01Z,2026-07-06T18:17:16Z,2.2,https://gbfs.kappa.fifteen.eu/gbfs/2.2/mobi/en/gbfs.json,https://gbfs.kappa.fifteen.eu/gbfs/2.2/mobi/en/free_bike_status.json,2026-07-06T18:18:00Z,2026-07-06T18:18:00Z
mobi_vancouver,mobi_vancouver_5e934db0-1cbb-4e3f-a167-32aa560f7a4f,5e934db0-1cbb-4e3f-a167-32aa560f7a4f,49.282503,-123.124697,2,FALSE,FALSE,28400,0217,1783361838,2026-07-06T18:18:01Z,2026-07-06T18:18:01Z,2026-07-06T18:17:16Z,2.2,https://gbfs.kappa.fifteen.eu/gbfs/2.2/mobi/en/gbfs.json,https://gbfs.kappa.fifteen.eu/gbfs/2.2/mobi/en/free_bike_status.json,2026-07-06T18:18:00Z,2026-07-06T18:18:00Z
mobi_vancouver,mobi_vancouver_cdc0f434-c880-46d1-a721-e87c6ed2ef06,cdc0f434-c880-46d1-a721-e87c6ed2ef06,49.288682,-123.11818,1,FALSE,FALSE,28800,0201,1783361838,2026-07-06T18:18:01Z,2026-07-06T18:18:01Z,2026-07-06T18:17:16Z,2.2,https://gbfs.kappa.fifteen.eu/gbfs/2.2/mobi/en/gbfs.json,https://gbfs.kappa.fifteen.eu/gbfs/2.2/mobi/en/free_bike_status.json,2026-07-06T18:18:00Z,2026-07-06T18:18:00Z
mobi_vancouver,mobi_vancouver_025d8df3-da09-41ff-99c9-f4982de736e6,025d8df3-da09-41ff-99c9-f4982de736e6,49.247854,-123.153422,2,FALSE,FALSE,28800,0480,1783361838,2026-07-06T18:18:01Z,2026-07-06T18:18:01Z,2026-07-06T18:17:16Z,2.2,https://gbfs.kappa.fifteen.eu/gbfs/2.2/mobi/en/gbfs.json,https://gbfs.kappa.fifteen.eu/gbfs/2.2/mobi/en/free_bike_status.json,2026-07-06T18:18:00Z,2026-07-06T18:18:00Z
mobi_vancouver,mobi_vancouver_1cce8bab-3e74-4504-b0a9-1451e88a432b,1cce8bab-3e74-4504-b0a9-1451e88a432b,49.26262,-123.2431,2,FALSE,FALSE,29200,2156,1783361838,2026-07-06T18:18:01Z,2026-07-06T18:18:01Z,2026-07-06T18:17:16Z,2.2,https://gbfs.kappa.fifteen.eu/gbfs/2.2/mobi/en/gbfs.json,https://gbfs.kappa.fifteen.eu/gbfs/2.2/mobi/en/free_bike_status.json,2026-07-06T18:18:00Z,2026-07-06T18:18:00Z
mobi_vancouver,mobi_vancouver_48ccfe54-ef35-4dc3-b2fd-cd4adca33aa0,48ccfe54-ef35-4dc3-b2fd-cd4adca33aa0,49.27709,-123.07589,2,FALSE,FALSE,29600,,1783361838,2026-07-06T18:18:01Z,2026-07-06T18:18:01Z,2026-07-06T18:17:16Z,2.2,https://gbfs.kappa.fifteen.eu/gbfs/2.2/mobi/en/gbfs.json,https://gbfs.kappa.fifteen.eu/gbfs/2.2/mobi/en/free_bike_status.json,2026-07-06T18:18:00Z,2026-07-06T18:18:00Z
mobi_vancouver,mobi_vancouver_a2536945-ee33-4719-ac5b-58aa5f3f2d39,a2536945-ee33-4719-ac5b-58aa5f3f2d39,49.302577,-123.155616,2,FALSE,FALSE,30000,0103,1783361838,2026-07-06T18:18:01Z,2026-07-06T18:18:01Z,2026-07-06T18:17:16Z,2.2,https://gbfs.kappa.fifteen.eu/gbfs/2.2/mobi/en/gbfs.json,https://gbfs.kappa.fifteen.eu/gbfs/2.2/mobi/en/free_bike_status.json,2026-07-06T18:18:00Z,2026-07-06T18:18:00Z
mobi_vancouver,mobi_vancouver_8f59dc80-9f92-437d-86bb-86cb1269156a,8f59dc80-9f92-437d-86bb-86cb1269156a,49.271221,-123.191133,1,FALSE,FALSE,30000,0400,1783361838,2026-07-06T18:18:01Z,2026-07-06T18:18:01Z,2026-07-06T18:17:16Z,2.2,https://gbfs.kappa.fifteen.eu/gbfs/2.2/mobi/en/gbfs.json,https://gbfs.kappa.fifteen.eu/gbfs/2.2/mobi/en/free_bike_status.json,2026-07-06T18:18:00Z,2026-07-06T18:18:00Z
mobi_vancouver,mobi_vancouver_de27f14d-7876-45c3-a52d-02dfa1fcbc31,de27f14d-7876-45c3-a52d-02dfa1fcbc31,49.284554,-123.111031,1,FALSE,FALSE,30400,0124,1783361838,2026-07-06T18:18:01Z,2026-07-06T18:18:01Z,2026-07-06T18:17:16Z,2.2,https://gbfs.kappa.fifteen.eu/gbfs/2.2/mobi/en/gbfs.json,https://gbfs.kappa.fifteen.eu/gbfs/2.2/mobi/en/free_bike_status.json,2026-07-06T18:18:00Z,2026-07-06T18:18:00Z
mobi_vancouver,mobi_vancouver_19f44695-ed5c-4cb2-92e6-db3da71a9b5b,19f44695-ed5c-4cb2-92e6-db3da71a9b5b,49.271221,-123.191133,1,FALSE,FALSE,30400,0400,1783361838,2026-07-06T18:18:01Z,2026-07-06T18:18:01Z,2026-07-06T18:17:16Z,2.2,https://gbfs.kappa.fifteen.eu/gbfs/2.2/mobi/en/gbfs.json,https://gbfs.kappa.fifteen.eu/gbfs/2.2/mobi/en/free_bike_status.json,2026-07-06T18:18:00Z,2026-07-06T18:18:00Z
mobi_vancouver,mobi_vancouver_b821abe0-710c-4cdb-b1eb-3d62b9bc9543,b821abe0-710c-4cdb-b1eb-3d62b9bc9543,49.282214,-123.114101,2,FALSE,FALSE,30800,0012,1783361838,2026-07-06T18:18:01Z,2026-07-06T18:18:01Z,2026-07-06T18:17:16Z,2.2,https://gbfs.kappa.fifteen.eu/gbfs/2.2/mobi/en/gbfs.json,https://gbfs.kappa.fifteen.eu/gbfs/2.2/mobi/en/free_bike_status.json,2026-07-06T18:18:00Z,2026-07-06T18:18:00Z
mobi_vancouver,mobi_vancouver_a67a6a15-f5b8-4287-9cab-b3fe1b65593a,a67a6a15-f5b8-4287-9cab-b3fe1b65593a,49.288444,-123.139203,2,FALSE,FALSE,30800,0310,1783361838,2026-07-06T18:18:01Z,2026-07-06T18:18:01Z,2026-07-06T18:17:16Z,2.2,https://gbfs.kappa.fifteen.eu/gbfs/2.2/mobi/en/gbfs.json,https://gbfs.kappa.fifteen.eu/gbfs/2.2/mobi/en/free_bike_status.json,2026-07-06T18:18:00Z,2026-07-06T18:18:00Z
mobi_vancouver,mobi_vancouver_e0b9b576-db0f-4b77-9c82-fe9528f512d6,e0b9b576-db0f-4b77-9c82-fe9528f512d6,49.28803,-123.142135,2,FALSE,FALSE,31200,0031,1783361838,2026-07-06T18:18:01Z,2026-07-06T18:18:01Z,2026-07-06T18:17:16Z,2.2,https://gbfs.kappa.fifteen.eu/gbfs/2.2/mobi/en/gbfs.json,https://gbfs.kappa.fifteen.eu/gbfs/2.2/mobi/en/free_bike_status.json,2026-07-06T18:18:00Z,2026-07-06T18:18:00Z
mobi_vancouver,mobi_vancouver_d9d58257-a237-441b-a285-e1174c3529f1,d9d58257-a237-441b-a285-e1174c3529f1,49.254818,-123.114785,2,FALSE,FALSE,31200,0531,1783361838,2026-07-06T18:18:01Z,2026-07-06T18:18:01Z,2026-07-06T18:17:16Z,2.2,https://gbfs.kappa.fifteen.eu/gbfs/2.2/mobi/en/gbfs.json,https://gbfs.kappa.fifteen.eu/gbfs/2.2/mobi/en/free_bike_status.json,2026-07-06T18:18:00Z,2026-07-06T18:18:00Z
mobi_vancouver,mobi_vancouver_6083a0e7-c2c4-43ad-9580-19f77a54c5be,6083a0e7-c2c4-43ad-9580-19f77a54c5be,49.282409,-123.118541,2,FALSE,FALSE,31600,0015,1783361838,2026-07-06T18:18:01Z,2026-07-06T18:18:01Z,2026-07-06T18:17:16Z,2.2,https://gbfs.kappa.fifteen.eu/gbfs/2.2/mobi/en/gbfs.json,https://gbfs.kappa.fifteen.eu/gbfs/2.2/mobi/en/free_bike_status.json,2026-07-06T18:18:00Z,2026-07-06T18:18:00Z
mobi_vancouver,mobi_vancouver_459a04fe-ebd9-4a87-a2e5-3d75b0067c00,459a04fe-ebd9-4a87-a2e5-3d75b0067c00,49.280881,-123.130672,2,FALSE,FALSE,31600,0126,1783361838,2026-07-06T18:18:01Z,2026-07-06T18:18:01Z,2026-07-06T18:17:16Z,2.2,https://gbfs.kappa.fifteen.eu/gbfs/2.2/mobi/en/gbfs.json,https://gbfs.kappa.fifteen.eu/gbfs/2.2/mobi/en/free_bike_status.json,2026-07-06T18:18:00Z,2026-07-06T18:18:00Z
mobi_vancouver,mobi_vancouver_70cb06e7-812c-4c9f-b722-c6e149739223,70cb06e7-812c-4c9f-b722-c6e149739223,49.280787,-123.115271,2,FALSE,FALSE,31600,0305,1783361838,2026-07-06T18:18:01Z,2026-07-06T18:18:01Z,2026-07-06T18:17:16Z,2.2,https://gbfs.kappa.fifteen.eu/gbfs/2.2/mobi/en/gbfs.json,https://gbfs.kappa.fifteen.eu/gbfs/2.2/mobi/en/free_bike_status.json,2026-07-06T18:18:00Z,2026-07-06T18:18:00Z
mobi_vancouver,mobi_vancouver_59d1ad2f-47fd-4b00-9fbb-0f20083659b9,59d1ad2f-47fd-4b00-9fbb-0f20083659b9,49.288682,-123.11818,2,FALSE,FALSE,32000,0201,1783361838,2026-07-06T18:18:01Z,2026-07-06T18:18:01Z,2026-07-06T18:17:16Z,2.2,https://gbfs.kappa.fifteen.eu/gbfs/2.2/mobi/en/gbfs.json,https://gbfs.kappa.fifteen.eu/gbfs/2.2/mobi/en/free_bike_status.json,2026-07-06T18:18:00Z,2026-07-06T18:18:00Z
mobi_vancouver,mobi_vancouver_154e65d9-911b-4e31-a994-91e8292da1bf,154e65d9-911b-4e31-a994-91e8292da1bf,49.273833,-123.114373,2,FALSE,FALSE,32000,0057,1783361838,2026-07-06T18:18:01Z,2026-07-06T18:18:01Z,2026-07-06T18:17:16Z,2.2,https://gbfs.kappa.fifteen.eu/gbfs/2.2/mobi/en/gbfs.json,https://gbfs.kappa.fifteen.eu/gbfs/2.2/mobi/en/free_bike_status.json,2026-07-06T18:18:00Z,2026-07-06T18:18:00Z
mobi_vancouver,mobi_vancouver_8255eec1-a607-4517-832e-658b9af2aa5b,8255eec1-a607-4517-832e-658b9af2aa5b,49.267725,-123.11311,2,FALSE,FALSE,32000,0144,1783361838,2026-07-06T18:18:01Z,2026-07-06T18:18:01Z,2026-07-06T18:17:16Z,2.2,https://gbfs.kappa.fifteen.eu/gbfs/2.2/mobi/en/gbfs.json,https://gbfs.kappa.fifteen.eu/gbfs/2.2/mobi/en/free_bike_status.json,2026-07-06T18:18:00Z,2026-07-06T18:18:00Z
mobi_vancouver,mobi_vancouver_a7ca9116-e255-4fdf-bf1b-8aea2ce0f4dd,a7ca9116-e255-4fdf-bf1b-8aea2ce0f4dd,49.283968,-123.061615,2,FALSE,FALSE,32000,0631,1783361838,2026-07-06T18:18:01Z,2026-07-06T18:18:01Z,2026-07-06T18:17:16Z,2.2,https://gbfs.kappa.fifteen.eu/gbfs/2.2/mobi/en/gbfs.json,https://gbfs.kappa.fifteen.eu/gbfs/2.2/mobi/en/free_bike_status.json,2026-07-06T18:18:00Z,2026-07-06T18:18:00Z
mobi_vancouver,mobi_vancouver_f8d63fb0-d934-4f95-9210-2bda32e74e08,f8d63fb0-d934-4f95-9210-2bda32e74e08,49.28602,-123.116624,2,FALSE,FALSE,32400,0024,1783361838,2026-07-06T18:18:01Z,2026-07-06T18:18:01Z,2026-07-06T18:17:16Z,2.2,https://gbfs.kappa.fifteen.eu/gbfs/2.2/mobi/en/gbfs.json,https://gbfs.kappa.fifteen.eu/gbfs/2.2/mobi/en/free_bike_status.json,2026-07-06T18:18:00Z,2026-07-06T18:18:00Z
mobi_vancouver,mobi_vancouver_94744a30-3380-439a-8467-a421bcbd1e72,94744a30-3380-439a-8467-a421bcbd1e72,49.262321,-123.09306,2,FALSE,FALSE,32400,0248,1783361838,2026-07-06T18:18:01Z,2026-07-06T18:18:01Z,2026-07-06T18:17:16Z,2.2,https://gbfs.kappa.fifteen.eu/gbfs/2.2/mobi/en/gbfs.json,https://gbfs.kappa.fifteen.eu/gbfs/2.2/mobi/en/free_bike_status.json,2026-07-06T18:18:00Z,2026-07-06T18:18:00Z
mobi_vancouver,mobi_vancouver_94e5e4d7-d416-4b5c-b808-b0eac8bacd8e,94e5e4d7-d416-4b5c-b808-b0eac8bacd8e,49.268269,-123.147885,2,FALSE,FALSE,32800,0076,1783361838,2026-07-06T18:18:01Z,2026-07-06T18:18:01Z,2026-07-06T18:17:16Z,2.2,https://gbfs.kappa.fifteen.eu/gbfs/2.2/mobi/en/gbfs.json,https://gbfs.kappa.fifteen.eu/gbfs/2.2/mobi/en/free_bike_status.json,2026-07-06T18:18:00Z,2026-07-06T18:18:00Z
mobi_vancouver,mobi_vancouver_c413a0d6-8b45-46d4-9412-4c8393c34139,c413a0d6-8b45-46d4-9412-4c8393c34139,49.280881,-123.130672,2,FALSE,FALSE,32800,0126,1783361838,2026-07-06T18:18:01Z,2026-07-06T18:18:01Z,2026-07-06T18:17:16Z,2.2,https://gbfs.kappa.fifteen.eu/gbfs/2.2/mobi/en/gbfs.json,https://gbfs.kappa.fifteen.eu/gbfs/2.2/mobi/en/free_bike_status.json,2026-07-06T18:18:00Z,2026-07-06T18:18:00Z
mobi_vancouver,mobi_vancouver_3daac50b-42af-4db1-9986-832607f574ad,3daac50b-42af-4db1-9986-832607f574ad,49.273833,-123.114373,2,FALSE,FALSE,33200,0057,1783361838,2026-07-06T18:18:01Z,2026-07-06T18:18:01Z,2026-07-06T18:17:16Z,2.2,https://gbfs.kappa.fifteen.eu/gbfs/2.2/mobi/en/gbfs.json,https://gbfs.kappa.fifteen.eu/gbfs/2.2/mobi/en/free_bike_status.json,2026-07-06T18:18:00Z,2026-07-06T18:18:00Z
mobi_vancouver,mobi_vancouver_af4a8b8c-2bd9-4ba4-a86a-3691176b436c,af4a8b8c-2bd9-4ba4-a86a-3691176b436c,49.2803,-123.135295,2,FALSE,FALSE,33200,0088,1783361838,2026-07-06T18:18:01Z,2026-07-06T18:18:01Z,2026-07-06T18:17:16Z,2.2,https://gbfs.kappa.fifteen.eu/gbfs/2.2/mobi/en/gbfs.json,https://gbfs.kappa.fifteen.eu/gbfs/2.2/mobi/en/free_bike_status.json,2026-07-06T18:18:00Z,2026-07-06T18:18:00Z
mobi_vancouver,mobi_vancouver_04aed41a-20ae-4be6-a8c6-3001a309ab0b,04aed41a-20ae-4be6-a8c6-3001a309ab0b,49.277844,-123.120942,2,FALSE,FALSE,33200,0079,1783361838,2026-07-06T18:18:01Z,2026-07-06T18:18:01Z,2026-07-06T18:17:16Z,2.2,https://gbfs.kappa.fifteen.eu/gbfs/2.2/mobi/en/gbfs.json,https://gbfs.kappa.fifteen.eu/gbfs/2.2/mobi/en/free_bike_status.json,2026-07-06T18:18:00Z,2026-07-06T18:18:00Z
mobi_vancouver,mobi_vancouver_bf29e1c4-16e1-4bff-be8b-8aa5b01ba352,bf29e1c4-16e1-4bff-be8b-8aa5b01ba352,49.265207,-123.250139,2,FALSE,FALSE,33600,2134,1783361838,2026-07-06T18:18:01Z,2026-07-06T18:18:01Z,2026-07-06T18:17:16Z,2.2,https://gbfs.kappa.fifteen.eu/gbfs/2.2/mobi/en/gbfs.json,https://gbfs.kappa.fifteen.eu/gbfs/2.2/mobi/en/free_bike_status.json,2026-07-06T18:18:00Z,2026-07-06T18:18:00Z
mobi_vancouver,mobi_vancouver_1dea00aa-0094-4dc1-be76-5b84ccfc0452,1dea00aa-0094-4dc1-be76-5b84ccfc0452,49.274566,-123.121817,2,FALSE,FALSE,34000,0004,1783361838,2026-07-06T18:18:01Z,2026-07-06T18:18:01Z,2026-07-06T18:17:16Z,2.2,https://gbfs.kappa.fifteen.eu/gbfs/2.2/mobi/en/gbfs.json,https://gbfs.kappa.fifteen.eu/gbfs/2.2/mobi/en/free_bike_status.json,2026-07-06T18:18:00Z,2026-07-06T18:18:00Z
mobi_vancouver,mobi_vancouver_819cb2b7-121e-4c12-9d53-d9b98819a710,819cb2b7-121e-4c12-9d53-d9b98819a710,49.284062,-123.095097,2,FALSE,FALSE,34000,0161,1783361838,2026-07-06T18:18:01Z,2026-07-06T18:18:01Z,2026-07-06T18:17:16Z,2.2,https://gbfs.kappa.fifteen.eu/gbfs/2.2/mobi/en/gbfs.json,https://gbfs.kappa.fifteen.eu/gbfs/2.2/mobi/en/free_bike_status.json,2026-07-06T18:18:00Z,2026-07-06T18:18:00Z
mobi_vancouver,mobi_vancouver_19780bcf-11cc-408f-911c-6949564a2b67,19780bcf-11cc-408f-911c-6949564a2b67,49.288506,-123.131238,2,FALSE,FALSE,34400,0096,1783361838,2026-07-06T18:18:01Z,2026-07-06T18:18:01Z,2026-07-06T18:17:16Z,2.2,https://gbfs.kappa.fifteen.eu/gbfs/2.2/mobi/en/gbfs.json,https://gbfs.kappa.fifteen.eu/gbfs/2.2/mobi/en/free_bike_status.json,2026-07-06T18:18:00Z,2026-07-06T18:18:00Z
mobi_vancouver,mobi_vancouver_656a01ac-a219-4ea9-b35d-5ef8902fc43a,656a01ac-a219-4ea9-b35d-5ef8902fc43a,49.277141,-123.122589,2,FALSE,FALSE,34400,0138,1783361838,2026-07-06T18:18:01Z,2026-07-06T18:18:01Z,2026-07-06T18:17:16Z,2.2,https://gbfs.kappa.fifteen.eu/gbfs/2.2/mobi/en/gbfs.json,https://gbfs.kappa.fifteen.eu/gbfs/2.2/mobi/en/free_bike_status.json,2026-07-06T18:18:00Z,2026-07-06T18:18:00Z
mobi_vancouver,mobi_vancouver_dfcafdea-98c1-4dc8-8f8d-56022d4c534e,dfcafdea-98c1-4dc8-8f8d-56022d4c534e,49.27709,-123.07589,2,FALSE,FALSE,35200,,1783361838,2026-07-06T18:18:01Z,2026-07-06T18:18:01Z,2026-07-06T18:17:16Z,2.2,https://gbfs.kappa.fifteen.eu/gbfs/2.2/mobi/en/gbfs.json,https://gbfs.kappa.fifteen.eu/gbfs/2.2/mobi/en/free_bike_status.json,2026-07-06T18:18:00Z,2026-07-06T18:18:00Z
mobi_vancouver,mobi_vancouver_24aec096-0617-4e5b-8f81-47325e3b52bd,24aec096-0617-4e5b-8f81-47325e3b52bd,49.288682,-123.11818,2,FALSE,FALSE,35600,0201,1783361838,2026-07-06T18:18:01Z,2026-07-06T18:18:01Z,2026-07-06T18:17:16Z,2.2,https://gbfs.kappa.fifteen.eu/gbfs/2.2/mobi/en/gbfs.json,https://gbfs.kappa.fifteen.eu/gbfs/2.2/mobi/en/free_bike_status.json,2026-07-06T18:18:00Z,2026-07-06T18:18:00Z
mobi_vancouver,mobi_vancouver_afb017ba-a2c7-495b-91d7-0749296e0a13,afb017ba-a2c7-495b-91d7-0749296e0a13,49.284062,-123.095097,2,FALSE,FALSE,35600,0161,1783361838,2026-07-06T18:18:01Z,2026-07-06T18:18:01Z,2026-07-06T18:17:16Z,2.2,https://gbfs.kappa.fifteen.eu/gbfs/2.2/mobi/en/gbfs.json,https://gbfs.kappa.fifteen.eu/gbfs/2.2/mobi/en/free_bike_status.json,2026-07-06T18:18:00Z,2026-07-06T18:18:00Z
mobi_vancouver,mobi_vancouver_f3887747-0ebc-421a-9a79-c6add7365bd6,f3887747-0ebc-421a-9a79-c6add7365bd6,49.297933,-123.130758,2,FALSE,FALSE,36000,0209,1783361838,2026-07-06T18:18:01Z,2026-07-06T18:18:01Z,2026-07-06T18:17:16Z,2.2,https://gbfs.kappa.fifteen.eu/gbfs/2.2/mobi/en/gbfs.json,https://gbfs.kappa.fifteen.eu/gbfs/2.2/mobi/en/free_bike_status.json,2026-07-06T18:18:00Z,2026-07-06T18:18:00Z
mobi_vancouver,mobi_vancouver_dfb61a2c-1aec-4cbc-80f2-faf3e896be56,dfb61a2c-1aec-4cbc-80f2-faf3e896be56,49.287782,-123.12395,2,FALSE,FALSE,36000,0190,1783361838,2026-07-06T18:18:01Z,2026-07-06T18:18:01Z,2026-07-06T18:17:16Z,2.2,https://gbfs.kappa.fifteen.eu/gbfs/2.2/mobi/en/gbfs.json,https://gbfs.kappa.fifteen.eu/gbfs/2.2/mobi/en/free_bike_status.json,2026-07-06T18:18:00Z,2026-07-06T18:18:00Z
mobi_vancouver,mobi_vancouver_5f987738-6caa-48ac-b153-e536c552ca14,5f987738-6caa-48ac-b153-e536c552ca14,49.26262,-123.2431,2,FALSE,FALSE,36000,2156,1783361838,2026-07-06T18:18:01Z,2026-07-06T18:18:01Z,2026-07-06T18:17:16Z,2.2,https://gbfs.kappa.fifteen.eu/gbfs/2.2/mobi/en/gbfs.json,https://gbfs.kappa.fifteen.eu/gbfs/2.2/mobi/en/free_bike_status.json,2026-07-06T18:18:00Z,2026-07-06T18:18:00Z
mobi_vancouver,mobi_vancouver_6d0bae90-3261-4382-b4a7-11aa174e2732,6d0bae90-3261-4382-b4a7-11aa174e2732,49.276768,-123.075636,2,FALSE,FALSE,37200,0511,1783361838,2026-07-06T18:18:01Z,2026-07-06T18:18:01Z,2026-07-06T18:17:16Z,2.2,https://gbfs.kappa.fifteen.eu/gbfs/2.2/mobi/en/gbfs.json,https://gbfs.kappa.fifteen.eu/gbfs/2.2/mobi/en/free_bike_status.json,2026-07-06T18:18:00Z,2026-07-06T18:18:00Z
mobi_vancouver,mobi_vancouver_bac54c79-3f14-41bc-b940-6a1c0a67e23d,bac54c79-3f14-41bc-b940-6a1c0a67e23d,49.282214,-123.114101,2,FALSE,FALSE,37600,0012,1783361838,2026-07-06T18:18:01Z,2026-07-06T18:18:01Z,2026-07-06T18:17:16Z,2.2,https://gbfs.kappa.fifteen.eu/gbfs/2.2/mobi/en/gbfs.json,https://gbfs.kappa.fifteen.eu/gbfs/2.2/mobi/en/free_bike_status.json,2026-07-06T18:18:00Z,2026-07-06T18:18:00Z
mobi_vancouver,mobi_vancouver_6a40b864-2cbf-46b5-a703-17984310067d,6a40b864-2cbf-46b5-a703-17984310067d,49.272172,-123.097978,2,FALSE,FALSE,37600,0354,1783361838,2026-07-06T18:18:01Z,2026-07-06T18:18:01Z,2026-07-06T18:17:16Z,2.2,https://gbfs.kappa.fifteen.eu/gbfs/2.2/mobi/en/gbfs.json,https://gbfs.kappa.fifteen.eu/gbfs/2.2/mobi/en/free_bike_status.json,2026-07-06T18:18:00Z,2026-07-06T18:18:00Z
mobi_vancouver,mobi_vancouver_0bbd1d54-125c-411f-9f00-de15f72baa0f,0bbd1d54-125c-411f-9f00-de15f72baa0f,49.297933,-123.130758,2,FALSE,FALSE,38000,0209,1783361838,2026-07-06T18:18:01Z,2026-07-06T18:18:01Z,2026-07-06T18:17:16Z,2.2,https://gbfs.kappa.fifteen.eu/gbfs/2.2/mobi/en/gbfs.json,https://gbfs.kappa.fifteen.eu/gbfs/2.2/mobi/en/free_bike_status.json,2026-07-06T18:18:00Z,2026-07-06T18:18:00Z
mobi_vancouver,mobi_vancouver_06af072d-ec81-4f8c-8171-f91cff0d7e9b,06af072d-ec81-4f8c-8171-f91cff0d7e9b,49.257939,-123.089531,2,FALSE,FALSE,38000,0561,1783361838,2026-07-06T18:18:01Z,2026-07-06T18:18:01Z,2026-07-06T18:17:16Z,2.2,https://gbfs.kappa.fifteen.eu/gbfs/2.2/mobi/en/gbfs.json,https://gbfs.kappa.fifteen.eu/gbfs/2.2/mobi/en/free_bike_status.json,2026-07-06T18:18:00Z,2026-07-06T18:18:00Z
mobi_vancouver,mobi_vancouver_0fe261e0-0893-49fa-a998-74b0ec2ade9f,0fe261e0-0893-49fa-a998-74b0ec2ade9f,49.261736,-123.24648,2,FALSE,FALSE,38000,2136,1783361838,2026-07-06T18:18:01Z,2026-07-06T18:18:01Z,2026-07-06T18:17:16Z,2.2,https://gbfs.kappa.fifteen.eu/gbfs/2.2/mobi/en/gbfs.json,https://gbfs.kappa.fifteen.eu/gbfs/2.2/mobi/en/free_bike_status.json,2026-07-06T18:18:00Z,2026-07-06T18:18:00Z
mobi_vancouver,mobi_vancouver_f1f07ee5-a551-48a9-a3f1-f2701e3270e6,f1f07ee5-a551-48a9-a3f1-f2701e3270e6,49.273103,-123.069892,2,FALSE,FALSE,38400,0235,1783361838,2026-07-06T18:18:01Z,2026-07-06T18:18:01Z,2026-07-06T18:17:16Z,2.2,https://gbfs.kappa.fifteen.eu/gbfs/2.2/mobi/en/gbfs.json,https://gbfs.kappa.fifteen.eu/gbfs/2.2/mobi/en/free_bike_status.json,2026-07-06T18:18:00Z,2026-07-06T18:18:00Z
mobi_vancouver,mobi_vancouver_95bac50a-0658-4706-aa99-f26cc62dc7d1,95bac50a-0658-4706-aa99-f26cc62dc7d1,49.279369,-123.091241,2,FALSE,FALSE,38400,0229,1783361838,2026-07-06T18:18:01Z,2026-07-06T18:18:01Z,2026-07-06T18:17:16Z,2.2,https://gbfs.kappa.fifteen.eu/gbfs/2.2/mobi/en/gbfs.json,https://gbfs.kappa.fifteen.eu/gbfs/2.2/mobi/en/free_bike_status.json,2026-07-06T18:18:00Z,2026-07-06T18:18:00Z
mobi_vancouver,mobi_vancouver_f415e6f5-74c7-4456-a347-02abb153bc37,f415e6f5-74c7-4456-a347-02abb153bc37,49.297933,-123.130758,2,FALSE,FALSE,38800,0209,1783361838,2026-07-06T18:18:01Z,2026-07-06T18:18:01Z,2026-07-06T18:17:16Z,2.2,https://gbfs.kappa.fifteen.eu/gbfs/2.2/mobi/en/gbfs.json,https://gbfs.kappa.fifteen.eu/gbfs/2.2/mobi/en/free_bike_status.json,2026-07-06T18:18:00Z,2026-07-06T18:18:00Z
mobi_vancouver,mobi_vancouver_f30db1fd-1fd1-487a-aa52-4c8d8b8342ea,f30db1fd-1fd1-487a-aa52-4c8d8b8342ea,49.258352,-123.096337,2,FALSE,FALSE,39200,0257,1783361838,2026-07-06T18:18:01Z,2026-07-06T18:18:01Z,2026-07-06T18:17:16Z,2.2,https://gbfs.kappa.fifteen.eu/gbfs/2.2/mobi/en/gbfs.json,https://gbfs.kappa.fifteen.eu/gbfs/2.2/mobi/en/free_bike_status.json,2026-07-06T18:18:00Z,2026-07-06T18:18:00Z
mobi_vancouver,mobi_vancouver_dbb97d08-5dd0-4c5a-b9cc-bcd30cbb357d,dbb97d08-5dd0-4c5a-b9cc-bcd30cbb357d,49.263962,-123.112621,2,FALSE,FALSE,39200,0170,1783361838,2026-07-06T18:18:01Z,2026-07-06T18:18:01Z,2026-07-06T18:17:16Z,2.2,https://gbfs.kappa.fifteen.eu/gbfs/2.2/mobi/en/gbfs.json,https://gbfs.kappa.fifteen.eu/gbfs/2.2/mobi/en/free_bike_status.json,2026-07-06T18:18:00Z,2026-07-06T18:18:00Z
mobi_vancouver,mobi_vancouver_1d79e490-004f-4cda-9e0c-7dc23ccf407a,1d79e490-004f-4cda-9e0c-7dc23ccf407a,49.282055,-123.133045,2,FALSE,FALSE,39600,0058,1783361838,2026-07-06T18:18:01Z,2026-07-06T18:18:01Z,2026-07-06T18:17:16Z,2.2,https://gbfs.kappa.fifteen.eu/gbfs/2.2/mobi/en/gbfs.json,https://gbfs.kappa.fifteen.eu/gbfs/2.2/mobi/en/free_bike_status.json,2026-07-06T18:18:00Z,2026-07-06T18:18:00Z
mobi_vancouver,mobi_vancouver_8c704f75-e8db-4ea7-a741-39968cdc2b8f,8c704f75-e8db-4ea7-a741-39968cdc2b8f,49.282055,-123.133045,2,FALSE,FALSE,40000,0187,1783361838,2026-07-06T18:18:01Z,2026-07-06T18:18:01Z,2026-07-06T18:17:16Z,2.2,https://gbfs.kappa.fifteen.eu/gbfs/2.2/mobi/en/gbfs.json,https://gbfs.kappa.fifteen.eu/gbfs/2.2/mobi/en/free_bike_status.json,2026-07-06T18:18:00Z,2026-07-06T18:18:00Z
mobi_vancouver,mobi_vancouver_c4508dcf-2850-41ea-ac85-ef498f4b6621,c4508dcf-2850-41ea-ac85-ef498f4b6621,49.279764,-123.110154,2,FALSE,FALSE,40000,0005,1783361838,2026-07-06T18:18:01Z,2026-07-06T18:18:01Z,2026-07-06T18:17:16Z,2.2,https://gbfs.kappa.fifteen.eu/gbfs/2.2/mobi/en/gbfs.json,https://gbfs.kappa.fifteen.eu/gbfs/2.2/mobi/en/free_bike_status.json,2026-07-06T18:18:00Z,2026-07-06T18:18:00Z
mobi_vancouver,mobi_vancouver_6d51564b-7b01-4616-b4ab-327a555419c1,6d51564b-7b01-4616-b4ab-327a555419c1,49.282214,-123.114101,2,FALSE,FALSE,40000,0012,1783361838,2026-07-06T18:18:01Z,2026-07-06T18:18:01Z,2026-07-06T18:17:16Z,2.2,https://gbfs.kappa.fifteen.eu/gbfs/2.2/mobi/en/gbfs.json,https://gbfs.kappa.fifteen.eu/gbfs/2.2/mobi/en/free_bike_status.json,2026-07-06T18:18:00Z,2026-07-06T18:18:00Z
mobi_vancouver,mobi_vancouver_6aa9b9d0-b125-44a4-859f-44ba7cfff6f4,6aa9b9d0-b125-44a4-859f-44ba7cfff6f4,49.28602,-123.116624,2,FALSE,FALSE,40000,0024,1783361838,2026-07-06T18:18:01Z,2026-07-06T18:18:01Z,2026-07-06T18:17:16Z,2.2,https://gbfs.kappa.fifteen.eu/gbfs/2.2/mobi/en/gbfs.json,https://gbfs.kappa.fifteen.eu/gbfs/2.2/mobi/en/free_bike_status.json,2026-07-06T18:18:00Z,2026-07-06T18:18:00Z
mobi_vancouver,mobi_vancouver_363a2b9e-79e0-4b72-8083-31305e2f0003,363a2b9e-79e0-4b72-8083-31305e2f0003,49.28602,-123.116624,2,FALSE,FALSE,40000,0024,1783361838,2026-07-06T18:18:01Z,2026-07-06T18:18:01Z,2026-07-06T18:17:16Z,2.2,https://gbfs.kappa.fifteen.eu/gbfs/2.2/mobi/en/gbfs.json,https://gbfs.kappa.fifteen.eu/gbfs/2.2/mobi/en/free_bike_status.json,2026-07-06T18:18:00Z,2026-07-06T18:18:00Z
mobi_vancouver,mobi_vancouver_c24f970e-d3dc-4b1a-b204-e4bbb1d5a20d,c24f970e-d3dc-4b1a-b204-e4bbb1d5a20d,49.28616,-123.12675,2,FALSE,FALSE,40000,0036,1783361838,2026-07-06T18:18:01Z,2026-07-06T18:18:01Z,2026-07-06T18:17:16Z,2.2,https://gbfs.kappa.fifteen.eu/gbfs/2.2/mobi/en/gbfs.json,https://gbfs.kappa.fifteen.eu/gbfs/2.2/mobi/en/free_bike_status.json,2026-07-06T18:18:00Z,2026-07-06T18:18:00Z
mobi_vancouver,mobi_vancouver_942ea795-aa91-42fb-b4a1-71637a5f0dc3,942ea795-aa91-42fb-b4a1-71637a5f0dc3,49.285512,-123.1384,2,FALSE,FALSE,40000,0040,1783361838,2026-07-06T18:18:01Z,2026-07-06T18:18:01Z,2026-07-06T18:17:16Z,2.2,https://gbfs.kappa.fifteen.eu/gbfs/2.2/mobi/en/gbfs.json,https://gbfs.kappa.fifteen.eu/gbfs/2.2/mobi/en/free_bike_status.json,2026-07-06T18:18:00Z,2026-07-06T18:18:00Z
mobi_vancouver,mobi_vancouver_4b8bb454-6e2c-4b57-80a3-bb9d7c5399f1,4b8bb454-6e2c-4b57-80a3-bb9d7c5399f1,49.27808,-123.130557,2,FALSE,FALSE,40000,0089,1783361838,2026-07-06T18:18:01Z,2026-07-06T18:18:01Z,2026-07-06T18:17:16Z,2.2,https://gbfs.kappa.fifteen.eu/gbfs/2.2/mobi/en/gbfs.json,https://gbfs.kappa.fifteen.eu/gbfs/2.2/mobi/en/free_bike_status.json,2026-07-06T18:18:00Z,2026-07-06T18:18:00Z
mobi_vancouver,mobi_vancouver_f61f15c7-6216-4e0c-a630-417a7429236e,f61f15c7-6216-4e0c-a630-417a7429236e,49.282759,-123.106955,2,FALSE,FALSE,40000,0030,1783361838,2026-07-06T18:18:01Z,2026-07-06T18:18:01Z,2026-07-06T18:17:16Z,2.2,https://gbfs.kappa.fifteen.eu/gbfs/2.2/mobi/en/gbfs.json,https://gbfs.kappa.fifteen.eu/gbfs/2.2/mobi/en/free_bike_status.json,2026-07-06T18:18:00Z,2026-07-06T18:18:00Z
mobi_vancouver,mobi_vancouver_dd3699e4-7611-4125-b913-05a263a48aaf,dd3699e4-7611-4125-b913-05a263a48aaf,49.288506,-123.131238,2,FALSE,FALSE,40000,0096,1783361838,2026-07-06T18:18:01Z,2026-07-06T18:18:01Z,2026-07-06T18:17:16Z,2.2,https://gbfs.kappa.fifteen.eu/gbfs/2.2/mobi/en/gbfs.json,https://gbfs.kappa.fifteen.eu/gbfs/2.2/mobi/en/free_bike_status.json,2026-07-06T18:18:00Z,2026-07-06T18:18:00Z
mobi_vancouver,mobi_vancouver_c54334ab-1dab-4185-befd-85fd26702553,c54334ab-1dab-4185-befd-85fd26702553,49.288506,-123.131238,2,FALSE,FALSE,40000,0096,1783361838,2026-07-06T18:18:01Z,2026-07-06T18:18:01Z,2026-07-06T18:17:16Z,2.2,https://gbfs.kappa.fifteen.eu/gbfs/2.2/mobi/en/gbfs.json,https://gbfs.kappa.fifteen.eu/gbfs/2.2/mobi/en/free_bike_status.json,2026-07-06T18:18:00Z,2026-07-06T18:18:00Z
mobi_vancouver,mobi_vancouver_4c22f1a3-145b-4fb0-b7da-e861076e221e,4c22f1a3-145b-4fb0-b7da-e861076e221e,49.288506,-123.131238,2,FALSE,FALSE,40000,0096,1783361838,2026-07-06T18:18:01Z,2026-07-06T18:18:01Z,2026-07-06T18:17:16Z,2.2,https://gbfs.kappa.fifteen.eu/gbfs/2.2/mobi/en/gbfs.json,https://gbfs.kappa.fifteen.eu/gbfs/2.2/mobi/en/free_bike_status.json,2026-07-06T18:18:00Z,2026-07-06T18:18:00Z
mobi_vancouver,mobi_vancouver_1a5fb61b-c31e-4eea-a3b4-029dec78ecf1,1a5fb61b-c31e-4eea-a3b4-029dec78ecf1,49.288506,-123.131238,2,FALSE,FALSE,40000,0096,1783361838,2026-07-06T18:18:01Z,2026-07-06T18:18:01Z,2026-07-06T18:17:16Z,2.2,https://gbfs.kappa.fifteen.eu/gbfs/2.2/mobi/en/gbfs.json,https://gbfs.kappa.fifteen.eu/gbfs/2.2/mobi/en/free_bike_status.json,2026-07-06T18:18:00Z,2026-07-06T18:18:00Z
mobi_vancouver,mobi_vancouver_0563c7bc-816b-450e-ad4c-4b9eb3cb9468,0563c7bc-816b-450e-ad4c-4b9eb3cb9468,49.257654,-123.153212,2,FALSE,FALSE,40000,0113,1783361838,2026-07-06T18:18:01Z,2026-07-06T18:18:01Z,2026-07-06T18:17:16Z,2.2,https://gbfs.kappa.fifteen.eu/gbfs/2.2/mobi/en/gbfs.json,https://gbfs.kappa.fifteen.eu/gbfs/2.2/mobi/en/free_bike_status.json,2026-07-06T18:18:00Z,2026-07-06T18:18:00Z
mobi_vancouver,mobi_vancouver_2b35927b-8460-4cab-83a4-6dbc84197252,2b35927b-8460-4cab-83a4-6dbc84197252,49.266476,-123.109389,2,FALSE,FALSE,40000,0165,1783361838,2026-07-06T18:18:01Z,2026-07-06T18:18:01Z,2026-07-06T18:17:16Z,2.2,https://gbfs.kappa.fifteen.eu/gbfs/2.2/mobi/en/gbfs.json,https://gbfs.kappa.fifteen.eu/gbfs/2.2/mobi/en/free_bike_status.json,2026-07-06T18:18:00Z,2026-07-06T18:18:00Z
mobi_vancouver,mobi_vancouver_3e2d2ed8-8308-4fbc-a3df-cec2e557ff15,3e2d2ed8-8308-4fbc-a3df-cec2e557ff15,49.261742,-123.13148,2,FALSE,FALSE,40000,0166,1783361838,2026-07-06T18:18:01Z,2026-07-06T18:18:01Z,2026-07-06T18:17:16Z,2.2,https://gbfs.kappa.fifteen.eu/gbfs/2.2/mobi/en/gbfs.json,https://gbfs.kappa.fifteen.eu/gbfs/2.2/mobi/en/free_bike_status.json,2026-07-06T18:18:00Z,2026-07-06T18:18:00Z
mobi_vancouver,mobi_vancouver_b6d56bee-5a8b-497d-ac30-3a70ccd4a666,b6d56bee-5a8b-497d-ac30-3a70ccd4a666,49.265939,-123.1129,2,FALSE,FALSE,40000,0171,1783361838,2026-07-06T18:18:01Z,2026-07-06T18:18:01Z,2026-07-06T18:17:16Z,2.2,https://gbfs.kappa.fifteen.eu/gbfs/2.2/mobi/en/gbfs.json,https://gbfs.kappa.fifteen.eu/gbfs/2.2/mobi/en/free_bike_status.json,2026-07-06T18:18:00Z,2026-07-06T18:18:00Z
mobi_vancouver,mobi_vancouver_b72a7c0c-4f39-4721-8ced-7d867977eb00,b72a7c0c-4f39-4721-8ced-7d867977eb00,49.281506,-123.120101,2,FALSE,FALSE,40000,0063,1783361838,2026-07-06T18:18:01Z,2026-07-06T18:18:01Z,2026-07-06T18:17:16Z,2.2,https://gbfs.kappa.fifteen.eu/gbfs/2.2/mobi/en/gbfs.json,https://gbfs.kappa.fifteen.eu/gbfs/2.2/mobi/en/free_bike_status.json,2026-07-06T18:18:00Z,2026-07-06T18:18:00Z
mobi_vancouver,mobi_vancouver_71a08cce-a9a2-4f7a-9eb0-b5ffece33be1,71a08cce-a9a2-4f7a-9eb0-b5ffece33be1,49.258924,-123.152591,2,FALSE,FALSE,40000,0152,1783361838,2026-07-06T18:18:01Z,2026-07-06T18:18:01Z,2026-07-06T18:17:16Z,2.2,https://gbfs.kappa.fifteen.eu/gbfs/2.2/mobi/en/gbfs.json,https://gbfs.kappa.fifteen.eu/gbfs/2.2/mobi/en/free_bike_status.json,2026-07-06T18:18:00Z,2026-07-06T18:18:00Z
mobi_vancouver,mobi_vancouver_d7e3dca3-3c73-4781-ba24-6bf23303bf17,d7e3dca3-3c73-4781-ba24-6bf23303bf17,49.29534,-123.150433,2,FALSE,FALSE,40000,0102,1783361838,2026-07-06T18:18:01Z,2026-07-06T18:18:01Z,2026-07-06T18:17:16Z,2.2,https://gbfs.kappa.fifteen.eu/gbfs/2.2/mobi/en/gbfs.json,https://gbfs.kappa.fifteen.eu/gbfs/2.2/mobi/en/free_bike_status.json,2026-07-06T18:18:00Z,2026-07-06T18:18:00Z
mobi_vancouver,mobi_vancouver_c6bd443b-82b6-438e-8c5f-67b9388a4a59,c6bd443b-82b6-438e-8c5f-67b9388a4a59,49.29534,-123.150433,2,FALSE,FALSE,40000,0102,1783361838,2026-07-06T18:18:01Z,2026-07-06T18:18:01Z,2026-07-06T18:17:16Z,2.2,https://gbfs.kappa.fifteen.eu/gbfs/2.2/mobi/en/gbfs.json,https://gbfs.kappa.fifteen.eu/gbfs/2.2/mobi/en/free_bike_status.json,2026-07-06T18:18:00Z,2026-07-06T18:18:00Z
mobi_vancouver,mobi_vancouver_1639c6ed-0cf1-4cb7-8f83-5608358cb561,1639c6ed-0cf1-4cb7-8f83-5608358cb561,49.297933,-123.130758,2,FALSE,FALSE,40000,0209,1783361838,2026-07-06T18:18:01Z,2026-07-06T18:18:01Z,2026-07-06T18:17:16Z,2.2,https://gbfs.kappa.fifteen.eu/gbfs/2.2/mobi/en/gbfs.json,https://gbfs.kappa.fifteen.eu/gbfs/2.2/mobi/en/free_bike_status.json,2026-07-06T18:18:00Z,2026-07-06T18:18:00Z
mobi_vancouver,mobi_vancouver_689446e1-c7ba-498d-835f-c14028afe46c,689446e1-c7ba-498d-835f-c14028afe46c,49.297933,-123.130758,2,FALSE,FALSE,40000,0209,1783361838,2026-07-06T18:18:01Z,2026-07-06T18:18:01Z,2026-07-06T18:17:16Z,2.2,https://gbfs.kappa.fifteen.eu/gbfs/2.2/mobi/en/gbfs.json,https://gbfs.kappa.fifteen.eu/gbfs/2.2/mobi/en/free_bike_status.json,2026-07-06T18:18:00Z,2026-07-06T18:18:00Z
mobi_vancouver,mobi_vancouver_0838cddb-9b61-46a6-9843-b03adde6916c,0838cddb-9b61-46a6-9843-b03adde6916c,49.297933,-123.130758,2,FALSE,FALSE,40000,0209,1783361838,2026-07-06T18:18:01Z,2026-07-06T18:18:01Z,2026-07-06T18:17:16Z,2.2,https://gbfs.kappa.fifteen.eu/gbfs/2.2/mobi/en/gbfs.json,https://gbfs.kappa.fifteen.eu/gbfs/2.2/mobi/en/free_bike_status.json,2026-07-06T18:18:00Z,2026-07-06T18:18:00Z
mobi_vancouver,mobi_vancouver_f7132df0-9064-4f8b-a585-db0cf62bdec4,f7132df0-9064-4f8b-a585-db0cf62bdec4,49.297933,-123.130758,2,FALSE,FALSE,40000,0209,1783361838,2026-07-06T18:18:01Z,2026-07-06T18:18:01Z,2026-07-06T18:17:16Z,2.2,https://gbfs.kappa.fifteen.eu/gbfs/2.2/mobi/en/gbfs.json,https://gbfs.kappa.fifteen.eu/gbfs/2.2/mobi/en/free_bike_status.json,2026-07-06T18:18:00Z,2026-07-06T18:18:00Z
mobi_vancouver,mobi_vancouver_fdf9ddde-fddd-48cf-a698-6c557ab6aafc,fdf9ddde-fddd-48cf-a698-6c557ab6aafc,49.297933,-123.130758,2,FALSE,FALSE,40000,0209,1783361838,2026-07-06T18:18:01Z,2026-07-06T18:18:01Z,2026-07-06T18:17:16Z,2.2,https://gbfs.kappa.fifteen.eu/gbfs/2.2/mobi/en/gbfs.json,https://gbfs.kappa.fifteen.eu/gbfs/2.2/mobi/en/free_bike_status.json,2026-07-06T18:18:00Z,2026-07-06T18:18:00Z
mobi_vancouver,mobi_vancouver_fd733e0f-70c1-4a81-be55-7b68cf9b4c70,fd733e0f-70c1-4a81-be55-7b68cf9b4c70,49.297933,-123.130758,2,FALSE,FALSE,40000,0209,1783361838,2026-07-06T18:18:01Z,2026-07-06T18:18:01Z,2026-07-06T18:17:16Z,2.2,https://gbfs.kappa.fifteen.eu/gbfs/2.2/mobi/en/gbfs.json,https://gbfs.kappa.fifteen.eu/gbfs/2.2/mobi/en/free_bike_status.json,2026-07-06T18:18:00Z,2026-07-06T18:18:00Z
mobi_vancouver,mobi_vancouver_530c9905-9f7b-45bd-821a-e665795daa2b,530c9905-9f7b-45bd-821a-e665795daa2b,49.297933,-123.130758,2,FALSE,FALSE,40000,0209,1783361838,2026-07-06T18:18:01Z,2026-07-06T18:18:01Z,2026-07-06T18:17:16Z,2.2,https://gbfs.kappa.fifteen.eu/gbfs/2.2/mobi/en/gbfs.json,https://gbfs.kappa.fifteen.eu/gbfs/2.2/mobi/en/free_bike_status.json,2026-07-06T18:18:00Z,2026-07-06T18:18:00Z
mobi_vancouver,mobi_vancouver_cb559818-ff80-4889-a6e8-763787664b12,cb559818-ff80-4889-a6e8-763787664b12,49.266456,-123.100324,2,FALSE,FALSE,40000,0198,1783361838,2026-07-06T18:18:01Z,2026-07-06T18:18:01Z,2026-07-06T18:17:16Z,2.2,https://gbfs.kappa.fifteen.eu/gbfs/2.2/mobi/en/gbfs.json,https://gbfs.kappa.fifteen.eu/gbfs/2.2/mobi/en/free_bike_status.json,2026-07-06T18:18:00Z,2026-07-06T18:18:00Z
mobi_vancouver,mobi_vancouver_96937bcc-7204-4d85-b758-0bc6d3de7360,96937bcc-7204-4d85-b758-0bc6d3de7360,49.283749,-123.136133,2,FALSE,FALSE,40000,0087,1783361838,2026-07-06T18:18:01Z,2026-07-06T18:18:01Z,2026-07-06T18:17:16Z,2.2,https://gbfs.kappa.fifteen.eu/gbfs/2.2/mobi/en/gbfs.json,https://gbfs.kappa.fifteen.eu/gbfs/2.2/mobi/en/free_bike_status.json,2026-07-06T18:18:00Z,2026-07-06T18:18:00Z
mobi_vancouver,mobi_vancouver_5c04c60c-1bb8-4285-8130-5cb1d1acda44,5c04c60c-1bb8-4285-8130-5cb1d1acda44,49.283749,-123.136133,2,FALSE,FALSE,40000,0087,1783361838,2026-07-06T18:18:01Z,2026-07-06T18:18:01Z,2026-07-06T18:17:16Z,2.2,https://gbfs.kappa.fifteen.eu/gbfs/2.2/mobi/en/gbfs.json,https://gbfs.kappa.fifteen.eu/gbfs/2.2/mobi/en/free_bike_status.json,2026-07-06T18:18:00Z,2026-07-06T18:18:00Z
mobi_vancouver,mobi_vancouver_a4de5713-d03e-4d4c-92f2-79518829631c,a4de5713-d03e-4d4c-92f2-79518829631c,49.283749,-123.136133,2,FALSE,FALSE,40000,0087,1783361838,2026-07-06T18:18:01Z,2026-07-06T18:18:01Z,2026-07-06T18:17:16Z,2.2,https://gbfs.kappa.fifteen.eu/gbfs/2.2/mobi/en/gbfs.json,https://gbfs.kappa.fifteen.eu/gbfs/2.2/mobi/en/free_bike_status.json,2026-07-06T18:18:00Z,2026-07-06T18:18:00Z
mobi_vancouver,mobi_vancouver_1fe41feb-9fe8-4093-8e45-276bf1c724f1,1fe41feb-9fe8-4093-8e45-276bf1c724f1,49.283749,-123.136133,2,FALSE,FALSE,40000,0087,1783361838,2026-07-06T18:18:01Z,2026-07-06T18:18:01Z,2026-07-06T18:17:16Z,2.2,https://gbfs.kappa.fifteen.eu/gbfs/2.2/mobi/en/gbfs.json,https://gbfs.kappa.fifteen.eu/gbfs/2.2/mobi/en/free_bike_status.json,2026-07-06T18:18:00Z,2026-07-06T18:18:00Z
mobi_vancouver,mobi_vancouver_7dbb040e-3c47-4692-a46d-33d945d9cf8c,7dbb040e-3c47-4692-a46d-33d945d9cf8c,49.283749,-123.136133,2,FALSE,FALSE,40000,0087,1783361838,2026-07-06T18:18:01Z,2026-07-06T18:18:01Z,2026-07-06T18:17:16Z,2.2,https://gbfs.kappa.fifteen.eu/gbfs/2.2/mobi/en/gbfs.json,https://gbfs.kappa.fifteen.eu/gbfs/2.2/mobi/en/free_bike_status.json,2026-07-06T18:18:00Z,2026-07-06T18:18:00Z
mobi_vancouver,mobi_vancouver_4e72edc8-13b6-417c-9257-0564eb07c5e5,4e72edc8-13b6-417c-9257-0564eb07c5e5,49.283749,-123.136133,2,FALSE,FALSE,40000,0087,1783361838,2026-07-06T18:18:01Z,2026-07-06T18:18:01Z,2026-07-06T18:17:16Z,2.2,https://gbfs.kappa.fifteen.eu/gbfs/2.2/mobi/en/gbfs.json,https://gbfs.kappa.fifteen.eu/gbfs/2.2/mobi/en/free_bike_status.json,2026-07-06T18:18:00Z,2026-07-06T18:18:00Z
mobi_vancouver,mobi_vancouver_38529c52-73c2-429f-9999-bbc3c231fe61,38529c52-73c2-429f-9999-bbc3c231fe61,49.283749,-123.136133,2,FALSE,FALSE,40000,0087,1783361838,2026-07-06T18:18:01Z,2026-07-06T18:18:01Z,2026-07-06T18:17:16Z,2.2,https://gbfs.kappa.fifteen.eu/gbfs/2.2/mobi/en/gbfs.json,https://gbfs.kappa.fifteen.eu/gbfs/2.2/mobi/en/free_bike_status.json,2026-07-06T18:18:00Z,2026-07-06T18:18:00Z
mobi_vancouver,mobi_vancouver_a0c55125-d267-495c-822f-5e7cb8e1ab2b,a0c55125-d267-495c-822f-5e7cb8e1ab2b,49.283749,-123.136133,2,FALSE,FALSE,40000,0087,1783361838,2026-07-06T18:18:01Z,2026-07-06T18:18:01Z,2026-07-06T18:17:16Z,2.2,https://gbfs.kappa.fifteen.eu/gbfs/2.2/mobi/en/gbfs.json,https://gbfs.kappa.fifteen.eu/gbfs/2.2/mobi/en/free_bike_status.json,2026-07-06T18:18:00Z,2026-07-06T18:18:00Z
mobi_vancouver,mobi_vancouver_fe43c7e3-e314-4d59-82fd-12e3d09d96a4,fe43c7e3-e314-4d59-82fd-12e3d09d96a4,49.283227,-123.120523,2,FALSE,FALSE,40000,0099,1783361838,2026-07-06T18:18:01Z,2026-07-06T18:18:01Z,2026-07-06T18:17:16Z,2.2,https://gbfs.kappa.fifteen.eu/gbfs/2.2/mobi/en/gbfs.json,https://gbfs.kappa.fifteen.eu/gbfs/2.2/mobi/en/free_bike_status.json,2026-07-06T18:18:00Z,2026-07-06T18:18:00Z
mobi_vancouver,mobi_vancouver_3d5007d8-45fd-4926-8d2b-65c58b5adf3d,3d5007d8-45fd-4926-8d2b-65c58b5adf3d,49.265005,-123.079481,2,FALSE,FALSE,40000,0236,1783361838,2026-07-06T18:18:01Z,2026-07-06T18:18:01Z,2026-07-06T18:17:16Z,2.2,https://gbfs.kappa.fifteen.eu/gbfs/2.2/mobi/en/gbfs.json,https://gbfs.kappa.fifteen.eu/gbfs/2.2/mobi/en/free_bike_status.json,2026-07-06T18:18:00Z,2026-07-06T18:18:00Z
mobi_vancouver,mobi_vancouver_faba8f7f-a779-48ef-ad78-3fc9a42d0e8d,faba8f7f-a779-48ef-ad78-3fc9a42d0e8d,49.283992,-123.091206,2,FALSE,FALSE,40000,0230,1783361838,2026-07-06T18:18:01Z,2026-07-06T18:18:01Z,2026-07-06T18:17:16Z,2.2,https://gbfs.kappa.fifteen.eu/gbfs/2.2/mobi/en/gbfs.json,https://gbfs.kappa.fifteen.eu/gbfs/2.2/mobi/en/free_bike_status.json,2026-07-06T18:18:00Z,2026-07-06T18:18:00Z
mobi_vancouver,mobi_vancouver_948bca78-1b96-40c7-9f6e-25e392debffa,948bca78-1b96-40c7-9f6e-25e392debffa,49.28763,-123.127245,2,FALSE,FALSE,40000,0207,1783361838,2026-07-06T18:18:01Z,2026-07-06T18:18:01Z,2026-07-06T18:17:16Z,2.2,https://gbfs.kappa.fifteen.eu/gbfs/2.2/mobi/en/gbfs.json,https://gbfs.kappa.fifteen.eu/gbfs/2.2/mobi/en/free_bike_status.json,2026-07-06T18:18:00Z,2026-07-06T18:18:00Z
mobi_vancouver,mobi_vancouver_2f405588-0109-4d5c-8882-36d9d561225f,2f405588-0109-4d5c-8882-36d9d561225f,49.267266,-123.090786,2,FALSE,FALSE,40000,0287,1783361838,2026-07-06T18:18:01Z,2026-07-06T18:18:01Z,2026-07-06T18:17:16Z,2.2,https://gbfs.kappa.fifteen.eu/gbfs/2.2/mobi/en/gbfs.json,https://gbfs.kappa.fifteen.eu/gbfs/2.2/mobi/en/free_bike_status.json,2026-07-06T18:18:00Z,2026-07-06T18:18:00Z
mobi_vancouver,mobi_vancouver_98c76274-26c7-4955-b073-70dedf4b1407,98c76274-26c7-4955-b073-70dedf4b1407,49.265071,-123.123864,2,FALSE,FALSE,40000,0191,1783361838,2026-07-06T18:18:01Z,2026-07-06T18:18:01Z,2026-07-06T18:17:16Z,2.2,https://gbfs.kappa.fifteen.eu/gbfs/2.2/mobi/en/gbfs.json,https://gbfs.kappa.fifteen.eu/gbfs/2.2/mobi/en/free_bike_status.json,2026-07-06T18:18:00Z,2026-07-06T18:18:00Z
mobi_vancouver,mobi_vancouver_ca94b076-7545-4689-a02e-d07ed6de7d60,ca94b076-7545-4689-a02e-d07ed6de7d60,49.265071,-123.123864,2,FALSE,FALSE,40000,0191,1783361838,2026-07-06T18:18:01Z,2026-07-06T18:18:01Z,2026-07-06T18:17:16Z,2.2,https://gbfs.kappa.fifteen.eu/gbfs/2.2/mobi/en/gbfs.json,https://gbfs.kappa.fifteen.eu/gbfs/2.2/mobi/en/free_bike_status.json,2026-07-06T18:18:00Z,2026-07-06T18:18:00Z
mobi_vancouver,mobi_vancouver_5511ec32-3784-439e-8162-4fbcb4c9d3f5,5511ec32-3784-439e-8162-4fbcb4c9d3f5,49.276768,-123.075636,2,FALSE,FALSE,40000,,1783361838,2026-07-06T18:18:01Z,2026-07-06T18:18:01Z,2026-07-06T18:17:16Z,2.2,https://gbfs.kappa.fifteen.eu/gbfs/2.2/mobi/en/gbfs.json,https://gbfs.kappa.fifteen.eu/gbfs/2.2/mobi/en/free_bike_status.json,2026-07-06T18:18:00Z,2026-07-06T18:18:00Z
mobi_vancouver,mobi_vancouver_967bf8aa-148d-49f1-aad0-fad076b2fc73,967bf8aa-148d-49f1-aad0-fad076b2fc73,49.276768,-123.075636,2,FALSE,FALSE,40000,,1783361838,2026-07-06T18:18:01Z,2026-07-06T18:18:01Z,2026-07-06T18:17:16Z,2.2,https://gbfs.kappa.fifteen.eu/gbfs/2.2/mobi/en/gbfs.json,https://gbfs.kappa.fifteen.eu/gbfs/2.2/mobi/en/free_bike_status.json,2026-07-06T18:18:00Z,2026-07-06T18:18:00Z
mobi_vancouver,mobi_vancouver_a5c74f29-007d-49f2-847e-575bfd8efe29,a5c74f29-007d-49f2-847e-575bfd8efe29,49.27713,-123.07583,2,FALSE,FALSE,40000,,1783361838,2026-07-06T18:18:01Z,2026-07-06T18:18:01Z,2026-07-06T18:17:16Z,2.2,https://gbfs.kappa.fifteen.eu/gbfs/2.2/mobi/en/gbfs.json,https://gbfs.kappa.fifteen.eu/gbfs/2.2/mobi/en/free_bike_status.json,2026-07-06T18:18:00Z,2026-07-06T18:18:00Z
mobi_vancouver,mobi_vancouver_44c80776-77a7-410b-b0de-c7b75a50766a,44c80776-77a7-410b-b0de-c7b75a50766a,49.282503,-123.124697,2,FALSE,FALSE,40000,0217,1783361838,2026-07-06T18:18:01Z,2026-07-06T18:18:01Z,2026-07-06T18:17:16Z,2.2,https://gbfs.kappa.fifteen.eu/gbfs/2.2/mobi/en/gbfs.json,https://gbfs.kappa.fifteen.eu/gbfs/2.2/mobi/en/free_bike_status.json,2026-07-06T18:18:00Z,2026-07-06T18:18:00Z
mobi_vancouver,mobi_vancouver_caf91dd2-bb7e-4fb3-9831-af605020294f,caf91dd2-bb7e-4fb3-9831-af605020294f,49.280787,-123.115271,2,FALSE,FALSE,40000,0305,1783361838,2026-07-06T18:18:01Z,2026-07-06T18:18:01Z,2026-07-06T18:17:16Z,2.2,https://gbfs.kappa.fifteen.eu/gbfs/2.2/mobi/en/gbfs.json,https://gbfs.kappa.fifteen.eu/gbfs/2.2/mobi/en/free_bike_status.json,2026-07-06T18:18:00Z,2026-07-06T18:18:00Z
mobi_vancouver,mobi_vancouver_9af0be6f-e61c-42e5-ba0f-0b5c31d8f54c,9af0be6f-e61c-42e5-ba0f-0b5c31d8f54c,49.262141,-123.101961,2,FALSE,FALSE,40000,0511,1783361838,2026-07-06T18:18:01Z,2026-07-06T18:18:01Z,2026-07-06T18:17:16Z,2.2,https://gbfs.kappa.fifteen.eu/gbfs/2.2/mobi/en/gbfs.json,https://gbfs.kappa.fifteen.eu/gbfs/2.2/mobi/en/free_bike_status.json,2026-07-06T18:18:00Z,2026-07-06T18:18:00Z
mobi_vancouver,mobi_vancouver_319f6621-ad00-4480-bbfa-f8968759c295,319f6621-ad00-4480-bbfa-f8968759c295,49.252691,-123.101289,2,FALSE,FALSE,40000,0561,1783361838,2026-07-06T18:18:01Z,2026-07-06T18:18:01Z,2026-07-06T18:17:16Z,2.2,https://gbfs.kappa.fifteen.eu/gbfs/2.2/mobi/en/gbfs.json,https://gbfs.kappa.fifteen.eu/gbfs/2.2/mobi/en/free_bike_status.json,2026-07-06T18:18:00Z,2026-07-06T18:18:00Z
mobi_vancouver,mobi_vancouver_d73ad1d9-becd-47cd-aa60-33740132e289,d73ad1d9-becd-47cd-aa60-33740132e289,49.268837,-123.177633,2,FALSE,FALSE,40000,0431,1783361838,2026-07-06T18:18:01Z,2026-07-06T18:18:01Z,2026-07-06T18:17:16Z,2.2,https://gbfs.kappa.fifteen.eu/gbfs/2.2/mobi/en/gbfs.json,https://gbfs.kappa.fifteen.eu/gbfs/2.2/mobi/en/free_bike_status.json,2026-07-06T18:18:00Z,2026-07-06T18:18:00Z
mobi_vancouver,mobi_vancouver_02dcfaf8-f0ed-43a2-8201-de17930a9751,02dcfaf8-f0ed-43a2-8201-de17930a9751,49.249184,-123.116141,2,FALSE,FALSE,40000,0524,1783361838,2026-07-06T18:18:01Z,2026-07-06T18:18:01Z,2026-07-06T18:17:16Z,2.2,https://gbfs.kappa.fifteen.eu/gbfs/2.2/mobi/en/gbfs.json,https://gbfs.kappa.fifteen.eu/gbfs/2.2/mobi/en/free_bike_status.json,2026-07-06T18:18:00Z,2026-07-06T18:18:00Z
mobi_vancouver,mobi_vancouver_4c118710-59fc-493a-9c72-5ca73d3bdba5,4c118710-59fc-493a-9c72-5ca73d3bdba5,49.249184,-123.116141,2,FALSE,FALSE,40000,0524,1783361838,2026-07-06T18:18:01Z,2026-07-06T18:18:01Z,2026-07-06T18:17:16Z,2.2,https://gbfs.kappa.fifteen.eu/gbfs/2.2/mobi/en/gbfs.json,https://gbfs.kappa.fifteen.eu/gbfs/2.2/mobi/en/free_bike_status.json,2026-07-06T18:18:00Z,2026-07-06T18:18:00Z
mobi_vancouver,mobi_vancouver_6045d4cb-d8cb-4513-9194-c6ed6067dd8e,6045d4cb-d8cb-4513-9194-c6ed6067dd8e,49.245535,-123.120496,2,FALSE,FALSE,40000,0516,1783361838,2026-07-06T18:18:01Z,2026-07-06T18:18:01Z,2026-07-06T18:17:16Z,2.2,https://gbfs.kappa.fifteen.eu/gbfs/2.2/mobi/en/gbfs.json,https://gbfs.kappa.fifteen.eu/gbfs/2.2/mobi/en/free_bike_status.json,2026-07-06T18:18:00Z,2026-07-06T18:18:00Z
mobi_vancouver,mobi_vancouver_f66381e6-a71d-4855-bbe9-d3817be75ac5,f66381e6-a71d-4855-bbe9-d3817be75ac5,49.245535,-123.120496,2,FALSE,FALSE,40000,0516,1783361838,2026-07-06T18:18:01Z,2026-07-06T18:18:01Z,2026-07-06T18:17:16Z,2.2,https://gbfs.kappa.fifteen.eu/gbfs/2.2/mobi/en/gbfs.json,https://gbfs.kappa.fifteen.eu/gbfs/2.2/mobi/en/free_bike_status.json,2026-07-06T18:18:00Z,2026-07-06T18:18:00Z
mobi_vancouver,mobi_vancouver_7827e692-ad96-4dbd-a3ab-a14c4da03bc6,7827e692-ad96-4dbd-a3ab-a14c4da03bc6,49.265207,-123.250139,2,FALSE,FALSE,40000,2134,1783361838,2026-07-06T18:18:01Z,2026-07-06T18:18:01Z,2026-07-06T18:17:16Z,2.2,https://gbfs.kappa.fifteen.eu/gbfs/2.2/mobi/en/gbfs.json,https://gbfs.kappa.fifteen.eu/gbfs/2.2/mobi/en/free_bike_status.json,2026-07-06T18:18:00Z,2026-07-06T18:18:00Z
mobi_vancouver,mobi_vancouver_518dfbda-3cc9-4439-b7fd-45dd4e2a6cd3,518dfbda-3cc9-4439-b7fd-45dd4e2a6cd3,49.261736,-123.24648,2,FALSE,FALSE,40000,2136,1783361838,2026-07-06T18:18:01Z,2026-07-06T18:18:01Z,2026-07-06T18:17:16Z,2.2,https://gbfs.kappa.fifteen.eu/gbfs/2.2/mobi/en/gbfs.json,https://gbfs.kappa.fifteen.eu/gbfs/2.2/mobi/en/free_bike_status.json,2026-07-06T18:18:00Z,2026-07-06T18:18:00Z
mobi_vancouver,mobi_vancouver_d2e36c72-7027-4b0b-9b8a-b1711d0cf64c,d2e36c72-7027-4b0b-9b8a-b1711d0cf64c,49.25976,-123.2479,2,FALSE,FALSE,40000,2127,1783361838,2026-07-06T18:18:01Z,2026-07-06T18:18:01Z,2026-07-06T18:17:16Z,2.2,https://gbfs.kappa.fifteen.eu/gbfs/2.2/mobi/en/gbfs.json,https://gbfs.kappa.fifteen.eu/gbfs/2.2/mobi/en/free_bike_status.json,2026-07-06T18:18:00Z,2026-07-06T18:18:00Z
mobi_vancouver,mobi_vancouver_4c6d2dcf-909d-4f9b-826e-e43993cff67a,4c6d2dcf-909d-4f9b-826e-e43993cff67a,49.25976,-123.2479,2,FALSE,FALSE,40000,2127,1783361838,2026-07-06T18:18:01Z,2026-07-06T18:18:01Z,2026-07-06T18:17:16Z,2.2,https://gbfs.kappa.fifteen.eu/gbfs/2.2/mobi/en/gbfs.json,https://gbfs.kappa.fifteen.eu/gbfs/2.2/mobi/en/free_bike_status.json,2026-07-06T18:18:00Z,2026-07-06T18:18:00Z
mobi_vancouver,mobi_vancouver_982f941f-2128-4d39-8772-82f8c5acbfdd,982f941f-2128-4d39-8772-82f8c5acbfdd,49.25976,-123.2479,2,FALSE,FALSE,40000,2127,1783361838,2026-07-06T18:18:01Z,2026-07-06T18:18:01Z,2026-07-06T18:17:16Z,2.2,https://gbfs.kappa.fifteen.eu/gbfs/2.2/mobi/en/gbfs.json,https://gbfs.kappa.fifteen.eu/gbfs/2.2/mobi/en/free_bike_status.json,2026-07-06T18:18:00Z,2026-07-06T18:18:00Z
mobi_vancouver,mobi_vancouver_67008e62-71d0-4dfa-a75e-c686e4a27c61,67008e62-71d0-4dfa-a75e-c686e4a27c61,49.25976,-123.2479,2,FALSE,FALSE,40000,2127,1783361838,2026-07-06T18:18:01Z,2026-07-06T18:18:01Z,2026-07-06T18:17:16Z,2.2,https://gbfs.kappa.fifteen.eu/gbfs/2.2/mobi/en/gbfs.json,https://gbfs.kappa.fifteen.eu/gbfs/2.2/mobi/en/free_bike_status.json,2026-07-06T18:18:00Z,2026-07-06T18:18:00Z
mobi_vancouver,mobi_vancouver_a5ddedcd-19b8-4c0c-9c62-2c8d4b76d95c,a5ddedcd-19b8-4c0c-9c62-2c8d4b76d95c,49.25976,-123.2479,2,FALSE,FALSE,40000,2127,1783361838,2026-07-06T18:18:01Z,2026-07-06T18:18:01Z,2026-07-06T18:17:16Z,2.2,https://gbfs.kappa.fifteen.eu/gbfs/2.2/mobi/en/gbfs.json,https://gbfs.kappa.fifteen.eu/gbfs/2.2/mobi/en/free_bike_status.json,2026-07-06T18:18:00Z,2026-07-06T18:18:00Z
mobi_vancouver,mobi_vancouver_f4fef963-b85c-4142-8155-e1f9ca26b9dd,f4fef963-b85c-4142-8155-e1f9ca26b9dd,49.25976,-123.2479,2,FALSE,FALSE,40000,2127,1783361838,2026-07-06T18:18:01Z,2026-07-06T18:18:01Z,2026-07-06T18:17:16Z,2.2,https://gbfs.kappa.fifteen.eu/gbfs/2.2/mobi/en/gbfs.json,https://gbfs.kappa.fifteen.eu/gbfs/2.2/mobi/en/free_bike_status.json,2026-07-06T18:18:00Z,2026-07-06T18:18:00Z
mobi_vancouver,mobi_vancouver_7af11f82-11cc-4aeb-a398-ebab348f0853,7af11f82-11cc-4aeb-a398-ebab348f0853,49.2585,-123.2521,2,FALSE,FALSE,40000,2117,1783361838,2026-07-06T18:18:01Z,2026-07-06T18:18:01Z,2026-07-06T18:17:16Z,2.2,https://gbfs.kappa.fifteen.eu/gbfs/2.2/mobi/en/gbfs.json,https://gbfs.kappa.fifteen.eu/gbfs/2.2/mobi/en/free_bike_status.json,2026-07-06T18:18:00Z,2026-07-06T18:18:00Z
mobi_vancouver,mobi_vancouver_3e6b9f27-3e6e-41c8-a320-76744b1e8e1f,3e6b9f27-3e6e-41c8-a320-76744b1e8e1f,49.26278,-123.23712,2,FALSE,FALSE,40000,2167,1783361838,2026-07-06T18:18:01Z,2026-07-06T18:18:01Z,2026-07-06T18:17:16Z,2.2,https://gbfs.kappa.fifteen.eu/gbfs/2.2/mobi/en/gbfs.json,https://gbfs.kappa.fifteen.eu/gbfs/2.2/mobi/en/free_bike_status.json,2026-07-06T18:18:00Z,2026-07-06T18:18:00Z
mobi_vancouver,mobi_vancouver_2c3950e6-a235-4a54-83e4-b3de3ad0a28a,2c3950e6-a235-4a54-83e4-b3de3ad0a28a,49.27709,-123.07589,2,FALSE,FALSE,40000,,1783361838,2026-07-06T18:18:01Z,2026-07-06T18:18:01Z,2026-07-06T18:17:16Z,2.2,https://gbfs.kappa.fifteen.eu/gbfs/2.2/mobi/en/gbfs.json,https://gbfs.kappa.fifteen.eu/gbfs/2.2/mobi/en/free_bike_status.json,2026-07-06T18:18:00Z,2026-07-06T18:18:00Z
mobi_vancouver,mobi_vancouver_08fefdf0-3801-4ab7-a3e7-ee30b93084be,08fefdf0-3801-4ab7-a3e7-ee30b93084be,49.27709,-123.07589,2,FALSE,FALSE,40000,,1783361838,2026-07-06T18:18:01Z,2026-07-06T18:18:01Z,2026-07-06T18:17:16Z,2.2,https://gbfs.kappa.fifteen.eu/gbfs/2.2/mobi/en/gbfs.json,https://gbfs.kappa.fifteen.eu/gbfs/2.2/mobi/en/free_bike_status.json,2026-07-06T18:18:00Z,2026-07-06T18:18:00Z
mobi_vancouver,mobi_vancouver_d66dc5b1-bc60-4859-8d54-5ff241d7b61f,d66dc5b1-bc60-4859-8d54-5ff241d7b61f,49.27709,-123.07589,2,FALSE,FALSE,40000,,1783361838,2026-07-06T18:18:01Z,2026-07-06T18:18:01Z,2026-07-06T18:17:16Z,2.2,https://gbfs.kappa.fifteen.eu/gbfs/2.2/mobi/en/gbfs.json,https://gbfs.kappa.fifteen.eu/gbfs/2.2/mobi/en/free_bike_status.json,2026-07-06T18:18:00Z,2026-07-06T18:18:00Z
mobi_vancouver,mobi_vancouver_e7c40eca-22fb-462e-8f62-ed19c9005848,e7c40eca-22fb-462e-8f62-ed19c9005848,49.27709,-123.07589,2,FALSE,FALSE,40000,,1783361838,2026-07-06T18:18:01Z,2026-07-06T18:18:01Z,2026-07-06T18:17:16Z,2.2,https://gbfs.kappa.fifteen.eu/gbfs/2.2/mobi/en/gbfs.json,https://gbfs.kappa.fifteen.eu/gbfs/2.2/mobi/en/free_bike_status.json,2026-07-06T18:18:00Z,2026-07-06T18:18:00Z
mobi_vancouver,mobi_vancouver_158de348-a07c-47ec-8d23-533f1a223ed0,158de348-a07c-47ec-8d23-533f1a223ed0,49.276768,-123.075636,2,FALSE,TRUE,0,,1783361838,2026-07-06T18:18:01Z,2026-07-06T18:18:01Z,2026-07-06T18:17:16Z,2.2,https://gbfs.kappa.fifteen.eu/gbfs/2.2/mobi/en/gbfs.json,https://gbfs.kappa.fifteen.eu/gbfs/2.2/mobi/en/free_bike_status.json,2026-07-06T18:18:00Z,2026-07-06T18:18:00Z
mobi_vancouver,mobi_vancouver_4f317c5c-4357-48e8-a1e6-18f2fa1e1566,4f317c5c-4357-48e8-a1e6-18f2fa1e1566,49.276768,-123.075636,2,FALSE,TRUE,0,,1783361838,2026-07-06T18:18:01Z,2026-07-06T18:18:01Z,2026-07-06T18:17:16Z,2.2,https://gbfs.kappa.fifteen.eu/gbfs/2.2/mobi/en/gbfs.json,https://gbfs.kappa.fifteen.eu/gbfs/2.2/mobi/en/free_bike_status.json,2026-07-06T18:18:00Z,2026-07-06T18:18:00Z
mobi_vancouver,mobi_vancouver_2e56fc5c-7da9-4baa-84d6-79cb83d1d6fb,2e56fc5c-7da9-4baa-84d6-79cb83d1d6fb,49.2585,-123.2521,1,FALSE,TRUE,0,2117,1783361838,2026-07-06T18:18:01Z,2026-07-06T18:18:01Z,2026-07-06T18:17:16Z,2.2,https://gbfs.kappa.fifteen.eu/gbfs/2.2/mobi/en/gbfs.json,https://gbfs.kappa.fifteen.eu/gbfs/2.2/mobi/en/free_bike_status.json,2026-07-06T18:18:00Z,2026-07-06T18:18:00Z
mobi_vancouver,mobi_vancouver_4b32c713-7bf6-4bfc-a2be-cb8154c8d60f,4b32c713-7bf6-4bfc-a2be-cb8154c8d60f,49.276768,-123.075636,2,FALSE,TRUE,2000,,1783361838,2026-07-06T18:18:01Z,2026-07-06T18:18:01Z,2026-07-06T18:17:16Z,2.2,https://gbfs.kappa.fifteen.eu/gbfs/2.2/mobi/en/gbfs.json,https://gbfs.kappa.fifteen.eu/gbfs/2.2/mobi/en/free_bike_status.json,2026-07-06T18:18:00Z,2026-07-06T18:18:00Z
mobi_vancouver,mobi_vancouver_a0339368-d4bb-4b8c-984f-43b91892641f,a0339368-d4bb-4b8c-984f-43b91892641f,49.276768,-123.075636,2,FALSE,FALSE,8000,,1783361838,2026-07-06T18:18:01Z,2026-07-06T18:18:01Z,2026-07-06T18:17:16Z,2.2,https://gbfs.kappa.fifteen.eu/gbfs/2.2/mobi/en/gbfs.json,https://gbfs.kappa.fifteen.eu/gbfs/2.2/mobi/en/free_bike_status.json,2026-07-06T18:18:00Z,2026-07-06T18:18:00Z
mobi_vancouver,mobi_vancouver_9f86588f-a9a8-4963-9b64-a623cdf6492f,9f86588f-a9a8-4963-9b64-a623cdf6492f,49.262835,-123.152626,1,FALSE,FALSE,9200,0075,1783361838,2026-07-06T18:18:01Z,2026-07-06T18:18:01Z,2026-07-06T18:17:16Z,2.2,https://gbfs.kappa.fifteen.eu/gbfs/2.2/mobi/en/gbfs.json,https://gbfs.kappa.fifteen.eu/gbfs/2.2/mobi/en/free_bike_status.json,2026-07-06T18:18:00Z,2026-07-06T18:18:00Z
mobi_vancouver,mobi_vancouver_4f199c8d-8c09-4876-a554-f0d040093091,4f199c8d-8c09-4876-a554-f0d040093091,49.26875,-123.25004,1,FALSE,FALSE,9600,2142,1783361838,2026-07-06T18:18:01Z,2026-07-06T18:18:01Z,2026-07-06T18:17:16Z,2.2,https://gbfs.kappa.fifteen.eu/gbfs/2.2/mobi/en/gbfs.json,https://gbfs.kappa.fifteen.eu/gbfs/2.2/mobi/en/free_bike_status.json,2026-07-06T18:18:00Z,2026-07-06T18:18:00Z
mobi_vancouver,mobi_vancouver_c00f960e-f04d-484f-b69c-96a703aeabe1,c00f960e-f04d-484f-b69c-96a703aeabe1,49.264215,-123.117772,1,FALSE,FALSE,10000,0008,1783361838,2026-07-06T18:18:01Z,2026-07-06T18:18:01Z,2026-07-06T18:17:16Z,2.2,https://gbfs.kappa.fifteen.eu/gbfs/2.2/mobi/en/gbfs.json,https://gbfs.kappa.fifteen.eu/gbfs/2.2/mobi/en/free_bike_status.json,2026-07-06T18:18:00Z,2026-07-06T18:18:00Z
mobi_vancouver,mobi_vancouver_3cddaacd-561e-4580-b92d-6b90afc58a5c,3cddaacd-561e-4580-b92d-6b90afc58a5c,49.28062,-123.12482,2,FALSE,FALSE,10800,0002,1783361838,2026-07-06T18:18:01Z,2026-07-06T18:18:01Z,2026-07-06T18:17:16Z,2.2,https://gbfs.kappa.fifteen.eu/gbfs/2.2/mobi/en/gbfs.json,https://gbfs.kappa.fifteen.eu/gbfs/2.2/mobi/en/free_bike_status.json,2026-07-06T18:18:00Z,2026-07-06T18:18:00Z
mobi_vancouver,mobi_vancouver_14bd1448-8974-4354-925b-52f964a398c7,14bd1448-8974-4354-925b-52f964a398c7,49.273833,-123.114373,1,FALSE,FALSE,12800,0057,1783361838,2026-07-06T18:18:01Z,2026-07-06T18:18:01Z,2026-07-06T18:17:16Z,2.2,https://gbfs.kappa.fifteen.eu/gbfs/2.2/mobi/en/gbfs.json,https://gbfs.kappa.fifteen.eu/gbfs/2.2/mobi/en/free_bike_status.json,2026-07-06T18:18:00Z,2026-07-06T18:18:00Z
mobi_vancouver,mobi_vancouver_bbfbc029-bf70-4aec-8dae-4651c9252b80,bbfbc029-bf70-4aec-8dae-4651c9252b80,49.276768,-123.075636,1,FALSE,FALSE,13200,,1783361838,2026-07-06T18:18:01Z,2026-07-06T18:18:01Z,2026-07-06T18:17:16Z,2.2,https://gbfs.kappa.fifteen.eu/gbfs/2.2/mobi/en/gbfs.json,https://gbfs.kappa.fifteen.eu/gbfs/2.2/mobi/en/free_bike_status.json,2026-07-06T18:18:00Z,2026-07-06T18:18:00Z
mobi_vancouver,mobi_vancouver_540f9d81-b5da-4d1e-a6e5-4f97796edbae,540f9d81-b5da-4d1e-a6e5-4f97796edbae,49.265005,-123.079481,1,FALSE,FALSE,13200,0236,1783361838,2026-07-06T18:18:01Z,2026-07-06T18:18:01Z,2026-07-06T18:17:16Z,2.2,https://gbfs.kappa.fifteen.eu/gbfs/2.2/mobi/en/gbfs.json,https://gbfs.kappa.fifteen.eu/gbfs/2.2/mobi/en/free_bike_status.json,2026-07-06T18:18:00Z,2026-07-06T18:18:00Z
mobi_vancouver,mobi_vancouver_94c7f9e2-8cb2-4b8a-a9d4-b9d98ca32bdf,94c7f9e2-8cb2-4b8a-a9d4-b9d98ca32bdf,49.28616,-123.12675,1,FALSE,FALSE,13600,0036,1783361838,2026-07-06T18:18:01Z,2026-07-06T18:18:01Z,2026-07-06T18:17:16Z,2.2,https://gbfs.kappa.fifteen.eu/gbfs/2.2/mobi/en/gbfs.json,https://gbfs.kappa.fifteen.eu/gbfs/2.2/mobi/en/free_bike_status.json,2026-07-06T18:18:00Z,2026-07-06T18:18:00Z
mobi_vancouver,mobi_vancouver_0d2dc223-713c-4eac-badc-8b28fd7d447b,0d2dc223-713c-4eac-badc-8b28fd7d447b,49.276768,-123.075636,2,FALSE,FALSE,13600,,1783361838,2026-07-06T18:18:01Z,2026-07-06T18:18:01Z,2026-07-06T18:17:16Z,2.2,https://gbfs.kappa.fifteen.eu/gbfs/2.2/mobi/en/gbfs.json,https://gbfs.kappa.fifteen.eu/gbfs/2.2/mobi/en/free_bike_status.json,2026-07-06T18:18:00Z,2026-07-06T18:18:00Z
mobi_vancouver,mobi_vancouver_8ddd9db3-5271-4f6a-90be-eb9d51a34185,8ddd9db3-5271-4f6a-90be-eb9d51a34185,49.287528,-123.142139,2,FALSE,FALSE,14000,0028,1783361838,2026-07-06T18:18:01Z,2026-07-06T18:18:01Z,2026-07-06T18:17:16Z,2.2,https://gbfs.kappa.fifteen.eu/gbfs/2.2/mobi/en/gbfs.json,https://gbfs.kappa.fifteen.eu/gbfs/2.2/mobi/en/free_bike_status.json,2026-07-06T18:18:00Z,2026-07-06T18:18:00Z
mobi_vancouver,mobi_vancouver_ba6de191-4451-40e4-837f-416cd2c83ce4,ba6de191-4451-40e4-837f-416cd2c83ce4,49.276768,-123.075636,1,FALSE,FALSE,14000,,1783361838,2026-07-06T18:18:01Z,2026-07-06T18:18:01Z,2026-07-06T18:17:16Z,2.2,https://gbfs.kappa.fifteen.eu/gbfs/2.2/mobi/en/gbfs.json,https://gbfs.kappa.fifteen.eu/gbfs/2.2/mobi/en/free_bike_status.json,2026-07-06T18:18:00Z,2026-07-06T18:18:00Z
mobi_vancouver,mobi_vancouver_f4bbbd44-c46c-49e4-a750-4500c29d29aa,f4bbbd44-c46c-49e4-a750-4500c29d29aa,49.262062,-123.104656,1,FALSE,FALSE,14800,0176,1783361838,2026-07-06T18:18:01Z,2026-07-06T18:18:01Z,2026-07-06T18:17:16Z,2.2,https://gbfs.kappa.fifteen.eu/gbfs/2.2/mobi/en/gbfs.json,https://gbfs.kappa.fifteen.eu/gbfs/2.2/mobi/en/free_bike_status.json,2026-07-06T18:18:00Z,2026-07-06T18:18:00Z
mobi_vancouver,mobi_vancouver_b47d72f1-b6e1-49e9-b50a-6f4278fec906,b47d72f1-b6e1-49e9-b50a-6f4278fec906,49.276768,-123.075636,2,FALSE,FALSE,14800,,1783361838,2026-07-06T18:18:01Z,2026-07-06T18:18:01Z,2026-07-06T18:17:16Z,2.2,https://gbfs.kappa.fifteen.eu/gbfs/2.2/mobi/en/gbfs.json,https://gbfs.kappa.fifteen.eu/gbfs/2.2/mobi/en/free_bike_status.json,2026-07-06T18:18:00Z,2026-07-06T18:18:00Z
mobi_vancouver,mobi_vancouver_936c9bdc-ccd8-4ac7-97be-0ceca99d06da,936c9bdc-ccd8-4ac7-97be-0ceca99d06da,49.261263,-123.073707,1,FALSE,FALSE,14800,0245,1783361838,2026-07-06T18:18:01Z,2026-07-06T18:18:01Z,2026-07-06T18:17:16Z,2.2,https://gbfs.kappa.fifteen.eu/gbfs/2.2/mobi/en/gbfs.json,https://gbfs.kappa.fifteen.eu/gbfs/2.2/mobi/en/free_bike_status.json,2026-07-06T18:18:00Z,2026-07-06T18:18:00Z
mobi_vancouver,mobi_vancouver_0bae5941-2f5e-496a-8f04-1edc426cb6ba,0bae5941-2f5e-496a-8f04-1edc426cb6ba,49.26518,-123.25868,1,FALSE,FALSE,14800,2112,1783361838,2026-07-06T18:18:01Z,2026-07-06T18:18:01Z,2026-07-06T18:17:16Z,2.2,https://gbfs.kappa.fifteen.eu/gbfs/2.2/mobi/en/gbfs.json,https://gbfs.kappa.fifteen.eu/gbfs/2.2/mobi/en/free_bike_status.json,2026-07-06T18:18:00Z,2026-07-06T18:18:00Z
mobi_vancouver,mobi_vancouver_18149e8f-8024-40d1-a49b-2210c28864ed,18149e8f-8024-40d1-a49b-2210c28864ed,49.276768,-123.075636,1,FALSE,FALSE,15200,,1783361838,2026-07-06T18:18:01Z,2026-07-06T18:18:01Z,2026-07-06T18:17:16Z,2.2,https://gbfs.kappa.fifteen.eu/gbfs/2.2/mobi/en/gbfs.json,https://gbfs.kappa.fifteen.eu/gbfs/2.2/mobi/en/free_bike_status.json,2026-07-06T18:18:00Z,2026-07-06T18:18:00Z
mobi_vancouver,mobi_vancouver_6f845003-6dd3-43c5-ac0e-5f73aedec1df,6f845003-6dd3-43c5-ac0e-5f73aedec1df,49.264326,-123.164725,1,FALSE,FALSE,15200,0464,1783361838,2026-07-06T18:18:01Z,2026-07-06T18:18:01Z,2026-07-06T18:17:16Z,2.2,https://gbfs.kappa.fifteen.eu/gbfs/2.2/mobi/en/gbfs.json,https://gbfs.kappa.fifteen.eu/gbfs/2.2/mobi/en/free_bike_status.json,2026-07-06T18:18:00Z,2026-07-06T18:18:00Z
mobi_vancouver,mobi_vancouver_94e329ba-b9ad-4e38-8644-50b2ae58933a,94e329ba-b9ad-4e38-8644-50b2ae58933a,49.268616,-123.069908,1,FALSE,FALSE,15600,0240,1783361838,2026-07-06T18:18:01Z,2026-07-06T18:18:01Z,2026-07-06T18:17:16Z,2.2,https://gbfs.kappa.fifteen.eu/gbfs/2.2/mobi/en/gbfs.json,https://gbfs.kappa.fifteen.eu/gbfs/2.2/mobi/en/free_bike_status.json,2026-07-06T18:18:00Z,2026-07-06T18:18:00Z
mobi_vancouver,mobi_vancouver_cc4b7914-894b-40f4-8be1-7f373dc6afcc,cc4b7914-894b-40f4-8be1-7f373dc6afcc,49.27029,-123.135025,1,FALSE,FALSE,16000,0189,1783361838,2026-07-06T18:18:01Z,2026-07-06T18:18:01Z,2026-07-06T18:17:16Z,2.2,https://gbfs.kappa.fifteen.eu/gbfs/2.2/mobi/en/gbfs.json,https://gbfs.kappa.fifteen.eu/gbfs/2.2/mobi/en/free_bike_status.json,2026-07-06T18:18:00Z,2026-07-06T18:18:00Z
mobi_vancouver,mobi_vancouver_50962ff9-2aa4-4635-bce6-03c62bb76536,50962ff9-2aa4-4635-bce6-03c62bb76536,49.257654,-123.153212,1,FALSE,FALSE,16800,0113,1783361838,2026-07-06T18:18:01Z,2026-07-06T18:18:01Z,2026-07-06T18:17:16Z,2.2,https://gbfs.kappa.fifteen.eu/gbfs/2.2/mobi/en/gbfs.json,https://gbfs.kappa.fifteen.eu/gbfs/2.2/mobi/en/free_bike_status.json,2026-07-06T18:18:00Z,2026-07-06T18:18:00Z
mobi_vancouver,mobi_vancouver_0ddf74d3-b161-420c-ad3b-2b56e7acf417,0ddf74d3-b161-420c-ad3b-2b56e7acf417,49.28602,-123.116624,1,FALSE,FALSE,17200,0024,1783361838,2026-07-06T18:18:01Z,2026-07-06T18:18:01Z,2026-07-06T18:17:16Z,2.2,https://gbfs.kappa.fifteen.eu/gbfs/2.2/mobi/en/gbfs.json,https://gbfs.kappa.fifteen.eu/gbfs/2.2/mobi/en/free_bike_status.json,2026-07-06T18:18:00Z,2026-07-06T18:18:00Z
mobi_vancouver,mobi_vancouver_6b8ddba0-3b21-41ed-8c09-de05c3ac5f48,6b8ddba0-3b21-41ed-8c09-de05c3ac5f48,49.268616,-123.069908,1,FALSE,FALSE,17200,0240,1783361838,2026-07-06T18:18:01Z,2026-07-06T18:18:01Z,2026-07-06T18:17:16Z,2.2,https://gbfs.kappa.fifteen.eu/gbfs/2.2/mobi/en/gbfs.json,https://gbfs.kappa.fifteen.eu/gbfs/2.2/mobi/en/free_bike_status.json,2026-07-06T18:18:00Z,2026-07-06T18:18:00Z
mobi_vancouver,mobi_vancouver_7e51d2ab-2af1-48b4-b3b7-ee5095c2c4b1,7e51d2ab-2af1-48b4-b3b7-ee5095c2c4b1,49.279259,-123.119145,1,FALSE,FALSE,17600,0058,1783361838,2026-07-06T18:18:01Z,2026-07-06T18:18:01Z,2026-07-06T18:17:16Z,2.2,https://gbfs.kappa.fifteen.eu/gbfs/2.2/mobi/en/gbfs.json,https://gbfs.kappa.fifteen.eu/gbfs/2.2/mobi/en/free_bike_status.json,2026-07-06T18:18:00Z,2026-07-06T18:18:00Z
mobi_vancouver,mobi_vancouver_c38e56c8-e8c7-486e-bbea-7815afb2fa42,c38e56c8-e8c7-486e-bbea-7815afb2fa42,49.276768,-123.075636,1,FALSE,FALSE,17600,,1783361838,2026-07-06T18:18:01Z,2026-07-06T18:18:01Z,2026-07-06T18:17:16Z,2.2,https://gbfs.kappa.fifteen.eu/gbfs/2.2/mobi/en/gbfs.json,https://gbfs.kappa.fifteen.eu/gbfs/2.2/mobi/en/free_bike_status.json,2026-07-06T18:18:00Z,2026-07-06T18:18:00Z
mobi_vancouver,mobi_vancouver_0779ae2e-393b-4938-84c4-c76a26880ed3,0779ae2e-393b-4938-84c4-c76a26880ed3,49.276768,-123.075636,1,FALSE,FALSE,17600,,1783361838,2026-07-06T18:18:01Z,2026-07-06T18:18:01Z,2026-07-06T18:17:16Z,2.2,https://gbfs.kappa.fifteen.eu/gbfs/2.2/mobi/en/gbfs.json,https://gbfs.kappa.fifteen.eu/gbfs/2.2/mobi/en/free_bike_status.json,2026-07-06T18:18:00Z,2026-07-06T18:18:00Z
mobi_vancouver,mobi_vancouver_27569fed-4105-4f19-ab08-28553de18b45,27569fed-4105-4f19-ab08-28553de18b45,49.268503,-123.097501,1,FALSE,FALSE,18000,0197,1783361838,2026-07-06T18:18:01Z,2026-07-06T18:18:01Z,2026-07-06T18:17:16Z,2.2,https://gbfs.kappa.fifteen.eu/gbfs/2.2/mobi/en/gbfs.json,https://gbfs.kappa.fifteen.eu/gbfs/2.2/mobi/en/free_bike_status.json,2026-07-06T18:18:00Z,2026-07-06T18:18:00Z
mobi_vancouver,mobi_vancouver_41c7b789-aabb-4df6-ac81-80f4f387b467,41c7b789-aabb-4df6-ac81-80f4f387b467,49.276768,-123.075636,1,FALSE,FALSE,18000,,1783361838,2026-07-06T18:18:01Z,2026-07-06T18:18:01Z,2026-07-06T18:17:16Z,2.2,https://gbfs.kappa.fifteen.eu/gbfs/2.2/mobi/en/gbfs.json,https://gbfs.kappa.fifteen.eu/gbfs/2.2/mobi/en/free_bike_status.json,2026-07-06T18:18:00Z,2026-07-06T18:18:00Z
mobi_vancouver,mobi_vancouver_27a16879-9d0e-4e96-9e4a-a2e9390a5cbf,27a16879-9d0e-4e96-9e4a-a2e9390a5cbf,49.26262,-123.2431,1,FALSE,FALSE,18000,2156,1783361838,2026-07-06T18:18:01Z,2026-07-06T18:18:01Z,2026-07-06T18:17:16Z,2.2,https://gbfs.kappa.fifteen.eu/gbfs/2.2/mobi/en/gbfs.json,https://gbfs.kappa.fifteen.eu/gbfs/2.2/mobi/en/free_bike_status.json,2026-07-06T18:18:00Z,2026-07-06T18:18:00Z
mobi_vancouver,mobi_vancouver_003831fc-c76b-4a96-bc09-b9a93ee6442b,003831fc-c76b-4a96-bc09-b9a93ee6442b,49.276768,-123.075636,1,FALSE,FALSE,18400,,1783361838,2026-07-06T18:18:01Z,2026-07-06T18:18:01Z,2026-07-06T18:17:16Z,2.2,https://gbfs.kappa.fifteen.eu/gbfs/2.2/mobi/en/gbfs.json,https://gbfs.kappa.fifteen.eu/gbfs/2.2/mobi/en/free_bike_status.json,2026-07-06T18:18:00Z,2026-07-06T18:18:00Z
mobi_vancouver,mobi_vancouver_5849d764-11cf-4c16-b826-47420b8c69f3,5849d764-11cf-4c16-b826-47420b8c69f3,49.271044,-123.170661,1,FALSE,FALSE,18400,0450,1783361838,2026-07-06T18:18:01Z,2026-07-06T18:18:01Z,2026-07-06T18:17:16Z,2.2,https://gbfs.kappa.fifteen.eu/gbfs/2.2/mobi/en/gbfs.json,https://gbfs.kappa.fifteen.eu/gbfs/2.2/mobi/en/free_bike_status.json,2026-07-06T18:18:00Z,2026-07-06T18:18:00Z
mobi_vancouver,mobi_vancouver_1930a537-3da2-47b3-b91e-f23d97bf87a3,1930a537-3da2-47b3-b91e-f23d97bf87a3,49.278529,-123.100017,1,FALSE,FALSE,18800,0199,1783361838,2026-07-06T18:18:01Z,2026-07-06T18:18:01Z,2026-07-06T18:17:16Z,2.2,https://gbfs.kappa.fifteen.eu/gbfs/2.2/mobi/en/gbfs.json,https://gbfs.kappa.fifteen.eu/gbfs/2.2/mobi/en/free_bike_status.json,2026-07-06T18:18:00Z,2026-07-06T18:18:00Z
mobi_vancouver,mobi_vancouver_12315893-fe29-4581-b119-569ea77004ca,12315893-fe29-4581-b119-569ea77004ca,49.276768,-123.075636,1,FALSE,FALSE,18800,,1783361838,2026-07-06T18:18:01Z,2026-07-06T18:18:01Z,2026-07-06T18:17:16Z,2.2,https://gbfs.kappa.fifteen.eu/gbfs/2.2/mobi/en/gbfs.json,https://gbfs.kappa.fifteen.eu/gbfs/2.2/mobi/en/free_bike_status.json,2026-07-06T18:18:00Z,2026-07-06T18:18:00Z
mobi_vancouver,mobi_vancouver_90b57317-6d08-4e09-b411-4ad6f4b9826a,90b57317-6d08-4e09-b411-4ad6f4b9826a,49.273584,-123.102233,1,FALSE,FALSE,18800,0193,1783361838,2026-07-06T18:18:01Z,2026-07-06T18:18:01Z,2026-07-06T18:17:16Z,2.2,https://gbfs.kappa.fifteen.eu/gbfs/2.2/mobi/en/gbfs.json,https://gbfs.kappa.fifteen.eu/gbfs/2.2/mobi/en/free_bike_status.json,2026-07-06T18:18:00Z,2026-07-06T18:18:00Z
mobi_vancouver,mobi_vancouver_6f9d1a9d-96f2-45f8-b4e1-7ae66ce94fc4,6f9d1a9d-96f2-45f8-b4e1-7ae66ce94fc4,49.280903,-123.115286,1,FALSE,FALSE,18800,0305,1783361838,2026-07-06T18:18:01Z,2026-07-06T18:18:01Z,2026-07-06T18:17:16Z,2.2,https://gbfs.kappa.fifteen.eu/gbfs/2.2/mobi/en/gbfs.json,https://gbfs.kappa.fifteen.eu/gbfs/2.2/mobi/en/free_bike_status.json,2026-07-06T18:18:00Z,2026-07-06T18:18:00Z
mobi_vancouver,mobi_vancouver_316c1226-fe9a-4d5e-9e28-1d9d74484c17,316c1226-fe9a-4d5e-9e28-1d9d74484c17,49.26518,-123.25868,1,FALSE,FALSE,18800,2112,1783361838,2026-07-06T18:18:01Z,2026-07-06T18:18:01Z,2026-07-06T18:17:16Z,2.2,https://gbfs.kappa.fifteen.eu/gbfs/2.2/mobi/en/gbfs.json,https://gbfs.kappa.fifteen.eu/gbfs/2.2/mobi/en/free_bike_status.json,2026-07-06T18:18:00Z,2026-07-06T18:18:00Z
mobi_vancouver,mobi_vancouver_5e2d8d5d-5d4b-4681-8326-993b4cdb5062,5e2d8d5d-5d4b-4681-8326-993b4cdb5062,49.276768,-123.075636,1,FALSE,FALSE,19200,,1783361838,2026-07-06T18:18:01Z,2026-07-06T18:18:01Z,2026-07-06T18:17:16Z,2.2,https://gbfs.kappa.fifteen.eu/gbfs/2.2/mobi/en/gbfs.json,https://gbfs.kappa.fifteen.eu/gbfs/2.2/mobi/en/free_bike_status.json,2026-07-06T18:18:00Z,2026-07-06T18:18:00Z
mobi_vancouver,mobi_vancouver_bb9b666e-68c5-4639-8be9-38e3220161a6,bb9b666e-68c5-4639-8be9-38e3220161a6,49.276768,-123.075636,1,FALSE,FALSE,19200,,1783361838,2026-07-06T18:18:01Z,2026-07-06T18:18:01Z,2026-07-06T18:17:16Z,2.2,https://gbfs.kappa.fifteen.eu/gbfs/2.2/mobi/en/gbfs.json,https://gbfs.kappa.fifteen.eu/gbfs/2.2/mobi/en/free_bike_status.json,2026-07-06T18:18:00Z,2026-07-06T18:18:00Z
mobi_vancouver,mobi_vancouver_2250a4b9-7f6b-4eac-9096-0e63a8abd014,2250a4b9-7f6b-4eac-9096-0e63a8abd014,49.265005,-123.079481,1,FALSE,FALSE,19200,0236,1783361838,2026-07-06T18:18:01Z,2026-07-06T18:18:01Z,2026-07-06T18:17:16Z,2.2,https://gbfs.kappa.fifteen.eu/gbfs/2.2/mobi/en/gbfs.json,https://gbfs.kappa.fifteen.eu/gbfs/2.2/mobi/en/free_bike_status.json,2026-07-06T18:18:00Z,2026-07-06T18:18:00Z
mobi_vancouver,mobi_vancouver_a4474cff-6f3e-4010-933d-cd236b944b9f,a4474cff-6f3e-4010-933d-cd236b944b9f,49.277333,-123.087359,1,FALSE,FALSE,19200,0219,1783361838,2026-07-06T18:18:01Z,2026-07-06T18:18:01Z,2026-07-06T18:17:16Z,2.2,https://gbfs.kappa.fifteen.eu/gbfs/2.2/mobi/en/gbfs.json,https://gbfs.kappa.fifteen.eu/gbfs/2.2/mobi/en/free_bike_status.json,2026-07-06T18:18:00Z,2026-07-06T18:18:00Z
mobi_vancouver,mobi_vancouver_24b300ff-34ff-43d5-9ba0-da3bf8870574,24b300ff-34ff-43d5-9ba0-da3bf8870574,49.276768,-123.075636,2,FALSE,FALSE,20000,,1783361838,2026-07-06T18:18:01Z,2026-07-06T18:18:01Z,2026-07-06T18:17:16Z,2.2,https://gbfs.kappa.fifteen.eu/gbfs/2.2/mobi/en/gbfs.json,https://gbfs.kappa.fifteen.eu/gbfs/2.2/mobi/en/free_bike_status.json,2026-07-06T18:18:00Z,2026-07-06T18:18:00Z
mobi_vancouver,mobi_vancouver_54a83aed-20f9-47ea-844f-1c48ba569aca,54a83aed-20f9-47ea-844f-1c48ba569aca,49.261263,-123.073707,1,FALSE,FALSE,20000,0245,1783361838,2026-07-06T18:18:01Z,2026-07-06T18:18:01Z,2026-07-06T18:17:16Z,2.2,https://gbfs.kappa.fifteen.eu/gbfs/2.2/mobi/en/gbfs.json,https://gbfs.kappa.fifteen.eu/gbfs/2.2/mobi/en/free_bike_status.json,2026-07-06T18:18:00Z,2026-07-06T18:18:00Z
mobi_vancouver,mobi_vancouver_322ab1cf-e1ea-4344-b799-dbf28566c23a,322ab1cf-e1ea-4344-b799-dbf28566c23a,49.274881,-123.069323,1,FALSE,FALSE,20000,0231,1783361838,2026-07-06T18:18:01Z,2026-07-06T18:18:01Z,2026-07-06T18:17:16Z,2.2,https://gbfs.kappa.fifteen.eu/gbfs/2.2/mobi/en/gbfs.json,https://gbfs.kappa.fifteen.eu/gbfs/2.2/mobi/en/free_bike_status.json,2026-07-06T18:18:00Z,2026-07-06T18:18:00Z
mobi_vancouver,mobi_vancouver_1d8d96d2-6b30-464c-9dd1-90af41340a86,1d8d96d2-6b30-464c-9dd1-90af41340a86,49.272172,-123.097978,1,FALSE,FALSE,20000,0354,1783361838,2026-07-06T18:18:01Z,2026-07-06T18:18:01Z,2026-07-06T18:17:16Z,2.2,https://gbfs.kappa.fifteen.eu/gbfs/2.2/mobi/en/gbfs.json,https://gbfs.kappa.fifteen.eu/gbfs/2.2/mobi/en/free_bike_status.json,2026-07-06T18:18:00Z,2026-07-06T18:18:00Z
mobi_vancouver,mobi_vancouver_8a15c671-4395-4574-9e2f-abdc918b5e8d,8a15c671-4395-4574-9e2f-abdc918b5e8d,49.287528,-123.142139,1,FALSE,FALSE,20400,0028,1783361838,2026-07-06T18:18:01Z,2026-07-06T18:18:01Z,2026-07-06T18:17:16Z,2.2,https://gbfs.kappa.fifteen.eu/gbfs/2.2/mobi/en/gbfs.json,https://gbfs.kappa.fifteen.eu/gbfs/2.2/mobi/en/free_bike_status.json,2026-07-06T18:18:00Z,2026-07-06T18:18:00Z
mobi_vancouver,mobi_vancouver_58c7a93f-15b3-4dda-be9b-b350aa2a31b8,58c7a93f-15b3-4dda-be9b-b350aa2a31b8,49.257654,-123.153212,1,FALSE,FALSE,20400,0113,1783361838,2026-07-06T18:18:01Z,2026-07-06T18:18:01Z,2026-07-06T18:17:16Z,2.2,https://gbfs.kappa.fifteen.eu/gbfs/2.2/mobi/en/gbfs.json,https://gbfs.kappa.fifteen.eu/gbfs/2.2/mobi/en/free_bike_status.json,2026-07-06T18:18:00Z,2026-07-06T18:18:00Z
mobi_vancouver,mobi_vancouver_3ed882d7-90a9-417a-8a4b-2b311f5788c0,3ed882d7-90a9-417a-8a4b-2b311f5788c0,49.262822,-123.14338,1,FALSE,FALSE,20400,0205,1783361838,2026-07-06T18:18:01Z,2026-07-06T18:18:01Z,2026-07-06T18:17:16Z,2.2,https://gbfs.kappa.fifteen.eu/gbfs/2.2/mobi/en/gbfs.json,https://gbfs.kappa.fifteen.eu/gbfs/2.2/mobi/en/free_bike_status.json,2026-07-06T18:18:00Z,2026-07-06T18:18:00Z
mobi_vancouver,mobi_vancouver_028e9124-b802-4936-b1fc-febbd81e79d0,028e9124-b802-4936-b1fc-febbd81e79d0,49.27713,-123.07583,1,FALSE,FALSE,20400,,1783361838,2026-07-06T18:18:01Z,2026-07-06T18:18:01Z,2026-07-06T18:17:16Z,2.2,https://gbfs.kappa.fifteen.eu/gbfs/2.2/mobi/en/gbfs.json,https://gbfs.kappa.fifteen.eu/gbfs/2.2/mobi/en/free_bike_status.json,2026-07-06T18:18:00Z,2026-07-06T18:18:00Z
mobi_vancouver,mobi_vancouver_e0a0df1e-3071-4e33-9858-10fc65ef3d61,e0a0df1e-3071-4e33-9858-10fc65ef3d61,49.27029,-123.135025,1,FALSE,FALSE,20400,0189,1783361838,2026-07-06T18:18:01Z,2026-07-06T18:18:01Z,2026-07-06T18:17:16Z,2.2,https://gbfs.kappa.fifteen.eu/gbfs/2.2/mobi/en/gbfs.json,https://gbfs.kappa.fifteen.eu/gbfs/2.2/mobi/en/free_bike_status.json,2026-07-06T18:18:00Z,2026-07-06T18:18:00Z
mobi_vancouver,mobi_vancouver_e9d09917-bc53-45f9-b002-d81676d23774,e9d09917-bc53-45f9-b002-d81676d23774,49.288682,-123.11818,1,FALSE,FALSE,20800,0201,1783361838,2026-07-06T18:18:01Z,2026-07-06T18:18:01Z,2026-07-06T18:17:16Z,2.2,https://gbfs.kappa.fifteen.eu/gbfs/2.2/mobi/en/gbfs.json,https://gbfs.kappa.fifteen.eu/gbfs/2.2/mobi/en/free_bike_status.json,2026-07-06T18:18:00Z,2026-07-06T18:18:00Z
mobi_vancouver,mobi_vancouver_453df990-9877-47b7-a49b-5b362b43b701,453df990-9877-47b7-a49b-5b362b43b701,49.281301,-123.139108,1,FALSE,FALSE,20800,0084,1783361838,2026-07-06T18:18:01Z,2026-07-06T18:18:01Z,2026-07-06T18:17:16Z,2.2,https://gbfs.kappa.fifteen.eu/gbfs/2.2/mobi/en/gbfs.json,https://gbfs.kappa.fifteen.eu/gbfs/2.2/mobi/en/free_bike_status.json,2026-07-06T18:18:00Z,2026-07-06T18:18:00Z
mobi_vancouver,mobi_vancouver_bfbe71be-1eb2-4c7e-aaef-6b89b76bdda8,bfbe71be-1eb2-4c7e-aaef-6b89b76bdda8,49.261263,-123.073707,1,FALSE,FALSE,20800,0245,1783361838,2026-07-06T18:18:01Z,2026-07-06T18:18:01Z,2026-07-06T18:17:16Z,2.2,https://gbfs.kappa.fifteen.eu/gbfs/2.2/mobi/en/gbfs.json,https://gbfs.kappa.fifteen.eu/gbfs/2.2/mobi/en/free_bike_status.json,2026-07-06T18:18:00Z,2026-07-06T18:18:00Z
mobi_vancouver,mobi_vancouver_276492fc-5780-48b1-b6c6-46f13fcab2a8,276492fc-5780-48b1-b6c6-46f13fcab2a8,49.282409,-123.118541,1,FALSE,FALSE,21200,0015,1783361838,2026-07-06T18:18:01Z,2026-07-06T18:18:01Z,2026-07-06T18:17:16Z,2.2,https://gbfs.kappa.fifteen.eu/gbfs/2.2/mobi/en/gbfs.json,https://gbfs.kappa.fifteen.eu/gbfs/2.2/mobi/en/free_bike_status.json,2026-07-06T18:18:00Z,2026-07-06T18:18:00Z
mobi_vancouver,mobi_vancouver_6e1ca20d-b65a-4402-8e8b-ad0bcae29f3a,6e1ca20d-b65a-4402-8e8b-ad0bcae29f3a,49.256825,-123.105234,1,FALSE,FALSE,21200,0133,1783361838,2026-07-06T18:18:01Z,2026-07-06T18:18:01Z,2026-07-06T18:17:16Z,2.2,https://gbfs.kappa.fifteen.eu/gbfs/2.2/mobi/en/gbfs.json,https://gbfs.kappa.fifteen.eu/gbfs/2.2/mobi/en/free_bike_status.json,2026-07-06T18:18:00Z,2026-07-06T18:18:00Z
mobi_vancouver,mobi_vancouver_fdeb4570-1dcd-4f23-88d3-ed5a9d391818,fdeb4570-1dcd-4f23-88d3-ed5a9d391818,49.27551,-123.13307,1,FALSE,FALSE,21200,0045,1783361838,2026-07-06T18:18:01Z,2026-07-06T18:18:01Z,2026-07-06T18:17:16Z,2.2,https://gbfs.kappa.fifteen.eu/gbfs/2.2/mobi/en/gbfs.json,https://gbfs.kappa.fifteen.eu/gbfs/2.2/mobi/en/free_bike_status.json,2026-07-06T18:18:00Z,2026-07-06T18:18:00Z
mobi_vancouver,mobi_vancouver_17872078-6e2e-49a3-b6c8-32db5d0e5e75,17872078-6e2e-49a3-b6c8-32db5d0e5e75,49.27023,-123.10651,1,FALSE,FALSE,21600,0174,1783361838,2026-07-06T18:18:01Z,2026-07-06T18:18:01Z,2026-07-06T18:17:16Z,2.2,https://gbfs.kappa.fifteen.eu/gbfs/2.2/mobi/en/gbfs.json,https://gbfs.kappa.fifteen.eu/gbfs/2.2/mobi/en/free_bike_status.json,2026-07-06T18:18:00Z,2026-07-06T18:18:00Z
mobi_vancouver,mobi_vancouver_003cd5e2-f37a-4c26-99ec-06f362060b68,003cd5e2-f37a-4c26-99ec-06f362060b68,49.280284,-123.097052,1,FALSE,FALSE,21600,0213,1783361838,2026-07-06T18:18:01Z,2026-07-06T18:18:01Z,2026-07-06T18:17:16Z,2.2,https://gbfs.kappa.fifteen.eu/gbfs/2.2/mobi/en/gbfs.json,https://gbfs.kappa.fifteen.eu/gbfs/2.2/mobi/en/free_bike_status.json,2026-07-06T18:18:00Z,2026-07-06T18:18:00Z
mobi_vancouver,mobi_vancouver_42a747dd-1452-4aba-8f7e-dd9eea945635,42a747dd-1452-4aba-8f7e-dd9eea945635,49.261973,-123.09725,1,FALSE,FALSE,21600,0186,1783361838,2026-07-06T18:18:01Z,2026-07-06T18:18:01Z,2026-07-06T18:17:16Z,2.2,https://gbfs.kappa.fifteen.eu/gbfs/2.2/mobi/en/gbfs.json,https://gbfs.kappa.fifteen.eu/gbfs/2.2/mobi/en/free_bike_status.json,2026-07-06T18:18:00Z,2026-07-06T18:18:00Z
mobi_vancouver,mobi_vancouver_78ae018d-6b22-4ace-8ab4-76097088eb67,78ae018d-6b22-4ace-8ab4-76097088eb67,49.25976,-123.2479,1,FALSE,FALSE,21600,2127,1783361838,2026-07-06T18:18:01Z,2026-07-06T18:18:01Z,2026-07-06T18:17:16Z,2.2,https://gbfs.kappa.fifteen.eu/gbfs/2.2/mobi/en/gbfs.json,https://gbfs.kappa.fifteen.eu/gbfs/2.2/mobi/en/free_bike_status.json,2026-07-06T18:18:00Z,2026-07-06T18:18:00Z
mobi_vancouver,mobi_vancouver_fd300b0c-b9b7-4e13-99ab-80d52f58b60d,fd300b0c-b9b7-4e13-99ab-80d52f58b60d,49.290587,-123.13625,1,FALSE,FALSE,22000,0122,1783361838,2026-07-06T18:18:01Z,2026-07-06T18:18:01Z,2026-07-06T18:17:16Z,2.2,https://gbfs.kappa.fifteen.eu/gbfs/2.2/mobi/en/gbfs.json,https://gbfs.kappa.fifteen.eu/gbfs/2.2/mobi/en/free_bike_status.json,2026-07-06T18:18:00Z,2026-07-06T18:18:00Z
mobi_vancouver,mobi_vancouver_ded76cd6-af2a-4c5a-8737-59c8b5f45529,ded76cd6-af2a-4c5a-8737-59c8b5f45529,49.266924,-123.173849,1,FALSE,FALSE,22000,0443,1783361838,2026-07-06T18:18:01Z,2026-07-06T18:18:01Z,2026-07-06T18:17:16Z,2.2,https://gbfs.kappa.fifteen.eu/gbfs/2.2/mobi/en/gbfs.json,https://gbfs.kappa.fifteen.eu/gbfs/2.2/mobi/en/free_bike_status.json,2026-07-06T18:18:00Z,2026-07-06T18:18:00Z
mobi_vancouver,mobi_vancouver_24614ddb-3150-4df0-b260-c6200dffe681,24614ddb-3150-4df0-b260-c6200dffe681,49.276768,-123.075636,1,FALSE,FALSE,22400,,1783361838,2026-07-06T18:18:01Z,2026-07-06T18:18:01Z,2026-07-06T18:17:16Z,2.2,https://gbfs.kappa.fifteen.eu/gbfs/2.2/mobi/en/gbfs.json,https://gbfs.kappa.fifteen.eu/gbfs/2.2/mobi/en/free_bike_status.json,2026-07-06T18:18:00Z,2026-07-06T18:18:00Z
mobi_vancouver,mobi_vancouver_fa681544-e9cd-4037-af05-f4283d4c8228,fa681544-e9cd-4037-af05-f4283d4c8228,49.276292,-123.150592,1,FALSE,FALSE,22800,0155,1783361838,2026-07-06T18:18:01Z,2026-07-06T18:18:01Z,2026-07-06T18:17:16Z,2.2,https://gbfs.kappa.fifteen.eu/gbfs/2.2/mobi/en/gbfs.json,https://gbfs.kappa.fifteen.eu/gbfs/2.2/mobi/en/free_bike_status.json,2026-07-06T18:18:00Z,2026-07-06T18:18:00Z
mobi_vancouver,mobi_vancouver_ccc7f502-d690-4fa0-9554-a04a6a2e119b,ccc7f502-d690-4fa0-9554-a04a6a2e119b,49.28763,-123.127245,1,FALSE,FALSE,22800,0207,1783361838,2026-07-06T18:18:01Z,2026-07-06T18:18:01Z,2026-07-06T18:17:16Z,2.2,https://gbfs.kappa.fifteen.eu/gbfs/2.2/mobi/en/gbfs.json,https://gbfs.kappa.fifteen.eu/gbfs/2.2/mobi/en/free_bike_status.json,2026-07-06T18:18:00Z,2026-07-06T18:18:00Z
mobi_vancouver,mobi_vancouver_c3b485be-ae54-4eae-ba2e-0eb6aaf900d1,c3b485be-ae54-4eae-ba2e-0eb6aaf900d1,49.28763,-123.127245,1,FALSE,FALSE,22800,0207,1783361838,2026-07-06T18:18:01Z,2026-07-06T18:18:01Z,2026-07-06T18:17:16Z,2.2,https://gbfs.kappa.fifteen.eu/gbfs/2.2/mobi/en/gbfs.json,https://gbfs.kappa.fifteen.eu/gbfs/2.2/mobi/en/free_bike_status.json,2026-07-06T18:18:00Z,2026-07-06T18:18:00Z
mobi_vancouver,mobi_vancouver_173f853f-4408-4f01-bac7-3385a520dbfd,173f853f-4408-4f01-bac7-3385a520dbfd,49.27033,-123.10275,1,FALSE,FALSE,22800,0177,1783361838,2026-07-06T18:18:01Z,2026-07-06T18:18:01Z,2026-07-06T18:17:16Z,2.2,https://gbfs.kappa.fifteen.eu/gbfs/2.2/mobi/en/gbfs.json,https://gbfs.kappa.fifteen.eu/gbfs/2.2/mobi/en/free_bike_status.json,2026-07-06T18:18:00Z,2026-07-06T18:18:00Z
mobi_vancouver,mobi_vancouver_078f91cf-8b9e-4ea9-a482-80ccad9e2dfa,078f91cf-8b9e-4ea9-a482-80ccad9e2dfa,49.302577,-123.155616,1,FALSE,FALSE,22800,0103,1783361838,2026-07-06T18:18:01Z,2026-07-06T18:18:01Z,2026-07-06T18:17:16Z,2.2,https://gbfs.kappa.fifteen.eu/gbfs/2.2/mobi/en/gbfs.json,https://gbfs.kappa.fifteen.eu/gbfs/2.2/mobi/en/free_bike_status.json,2026-07-06T18:18:00Z,2026-07-06T18:18:00Z
mobi_vancouver,mobi_vancouver_75f88434-5fce-419b-81bb-3cbf230158a6,75f88434-5fce-419b-81bb-3cbf230158a6,49.268837,-123.177633,1,FALSE,FALSE,22800,0431,1783361838,2026-07-06T18:18:01Z,2026-07-06T18:18:01Z,2026-07-06T18:17:16Z,2.2,https://gbfs.kappa.fifteen.eu/gbfs/2.2/mobi/en/gbfs.json,https://gbfs.kappa.fifteen.eu/gbfs/2.2/mobi/en/free_bike_status.json,2026-07-06T18:18:00Z,2026-07-06T18:18:00Z
mobi_vancouver,mobi_vancouver_e13992c4-247d-4cb4-855a-3435ff30b3d4,e13992c4-247d-4cb4-855a-3435ff30b3d4,49.285871,-123.12105,1,FALSE,FALSE,23200,0002,1783361838,2026-07-06T18:18:01Z,2026-07-06T18:18:01Z,2026-07-06T18:17:16Z,2.2,https://gbfs.kappa.fifteen.eu/gbfs/2.2/mobi/en/gbfs.json,https://gbfs.kappa.fifteen.eu/gbfs/2.2/mobi/en/free_bike_status.json,2026-07-06T18:18:00Z,2026-07-06T18:18:00Z
mobi_vancouver,mobi_vancouver_fb306ac1-820c-4b81-9fd4-c8848a014025,fb306ac1-820c-4b81-9fd4-c8848a014025,49.288444,-123.139203,1,FALSE,FALSE,23200,0032,1783361838,2026-07-06T18:18:01Z,2026-07-06T18:18:01Z,2026-07-06T18:17:16Z,2.2,https://gbfs.kappa.fifteen.eu/gbfs/2.2/mobi/en/gbfs.json,https://gbfs.kappa.fifteen.eu/gbfs/2.2/mobi/en/free_bike_status.json,2026-07-06T18:18:00Z,2026-07-06T18:18:00Z
mobi_vancouver,mobi_vancouver_2c349f70-1748-4c3b-8467-329108f81d57,2c349f70-1748-4c3b-8467-329108f81d57,49.277436,-123.070427,1,FALSE,FALSE,23200,0223,1783361838,2026-07-06T18:18:01Z,2026-07-06T18:18:01Z,2026-07-06T18:17:16Z,2.2,https://gbfs.kappa.fifteen.eu/gbfs/2.2/mobi/en/gbfs.json,https://gbfs.kappa.fifteen.eu/gbfs/2.2/mobi/en/free_bike_status.json,2026-07-06T18:18:00Z,2026-07-06T18:18:00Z
mobi_vancouver,mobi_vancouver_196212d7-470b-4227-80fe-14e1fe5ad33e,196212d7-470b-4227-80fe-14e1fe5ad33e,49.28062,-123.12482,1,FALSE,FALSE,23600,0037,1783361838,2026-07-06T18:18:01Z,2026-07-06T18:18:01Z,2026-07-06T18:17:16Z,2.2,https://gbfs.kappa.fifteen.eu/gbfs/2.2/mobi/en/gbfs.json,https://gbfs.kappa.fifteen.eu/gbfs/2.2/mobi/en/free_bike_status.json,2026-07-06T18:18:00Z,2026-07-06T18:18:00Z
mobi_vancouver,mobi_vancouver_6b383eb3-1537-49a1-ab41-68be2ebed853,6b383eb3-1537-49a1-ab41-68be2ebed853,49.279739,-123.116251,1,FALSE,FALSE,23600,0025,1783361838,2026-07-06T18:18:01Z,2026-07-06T18:18:01Z,2026-07-06T18:17:16Z,2.2,https://gbfs.kappa.fifteen.eu/gbfs/2.2/mobi/en/gbfs.json,https://gbfs.kappa.fifteen.eu/gbfs/2.2/mobi/en/free_bike_status.json,2026-07-06T18:18:00Z,2026-07-06T18:18:00Z
mobi_vancouver,mobi_vancouver_09345bf1-8fff-4468-9244-66aeca2ef20d,09345bf1-8fff-4468-9244-66aeca2ef20d,49.257654,-123.153212,1,FALSE,FALSE,23600,0113,1783361838,2026-07-06T18:18:01Z,2026-07-06T18:18:01Z,2026-07-06T18:17:16Z,2.2,https://gbfs.kappa.fifteen.eu/gbfs/2.2/mobi/en/gbfs.json,https://gbfs.kappa.fifteen.eu/gbfs/2.2/mobi/en/free_bike_status.json,2026-07-06T18:18:00Z,2026-07-06T18:18:00Z
mobi_vancouver,mobi_vancouver_694bf647-25be-450d-b166-9290b4280953,694bf647-25be-450d-b166-9290b4280953,49.273471,-123.118016,1,FALSE,FALSE,23600,0017,1783361838,2026-07-06T18:18:01Z,2026-07-06T18:18:01Z,2026-07-06T18:17:16Z,2.2,https://gbfs.kappa.fifteen.eu/gbfs/2.2/mobi/en/gbfs.json,https://gbfs.kappa.fifteen.eu/gbfs/2.2/mobi/en/free_bike_status.json,2026-07-06T18:18:00Z,2026-07-06T18:18:00Z
mobi_vancouver,mobi_vancouver_5c6f5269-d2f7-41e6-b1aa-8d1283c379ab,5c6f5269-d2f7-41e6-b1aa-8d1283c379ab,49.302577,-123.155616,1,FALSE,FALSE,23600,0103,1783361838,2026-07-06T18:18:01Z,2026-07-06T18:18:01Z,2026-07-06T18:17:16Z,2.2,https://gbfs.kappa.fifteen.eu/gbfs/2.2/mobi/en/gbfs.json,https://gbfs.kappa.fifteen.eu/gbfs/2.2/mobi/en/free_bike_status.json,2026-07-06T18:18:00Z,2026-07-06T18:18:00Z
mobi_vancouver,mobi_vancouver_889dc023-eccc-4917-be88-d684d71ff687,889dc023-eccc-4917-be88-d684d71ff687,49.276837,-123.075877,1,FALSE,FALSE,23600,,1783361838,2026-07-06T18:18:01Z,2026-07-06T18:18:01Z,2026-07-06T18:17:16Z,2.2,https://gbfs.kappa.fifteen.eu/gbfs/2.2/mobi/en/gbfs.json,https://gbfs.kappa.fifteen.eu/gbfs/2.2/mobi/en/free_bike_status.json,2026-07-06T18:18:00Z,2026-07-06T18:18:00Z
mobi_vancouver,mobi_vancouver_af7157cf-d478-45a1-9ae6-be7decec2e48,af7157cf-d478-45a1-9ae6-be7decec2e48,49.283482,-123.103738,1,FALSE,FALSE,23600,0013,1783361838,2026-07-06T18:18:01Z,2026-07-06T18:18:01Z,2026-07-06T18:17:16Z,2.2,https://gbfs.kappa.fifteen.eu/gbfs/2.2/mobi/en/gbfs.json,https://gbfs.kappa.fifteen.eu/gbfs/2.2/mobi/en/free_bike_status.json,2026-07-06T18:18:00Z,2026-07-06T18:18:00Z
mobi_vancouver,mobi_vancouver_11e1d126-71f9-40a3-b808-0ab1fd104aaa,11e1d126-71f9-40a3-b808-0ab1fd104aaa,49.271721,-123.104207,1,FALSE,FALSE,24000,0011,1783361838,2026-07-06T18:18:01Z,2026-07-06T18:18:01Z,2026-07-06T18:17:16Z,2.2,https://gbfs.kappa.fifteen.eu/gbfs/2.2/mobi/en/gbfs.json,https://gbfs.kappa.fifteen.eu/gbfs/2.2/mobi/en/free_bike_status.json,2026-07-06T18:18:00Z,2026-07-06T18:18:00Z
mobi_vancouver,mobi_vancouver_d7ce1b4f-74b2-4894-a704-f5a3de646a0e,d7ce1b4f-74b2-4894-a704-f5a3de646a0e,49.269969,-123.109623,1,FALSE,FALSE,24000,0173,1783361838,2026-07-06T18:18:01Z,2026-07-06T18:18:01Z,2026-07-06T18:17:16Z,2.2,https://gbfs.kappa.fifteen.eu/gbfs/2.2/mobi/en/gbfs.json,https://gbfs.kappa.fifteen.eu/gbfs/2.2/mobi/en/free_bike_status.json,2026-07-06T18:18:00Z,2026-07-06T18:18:00Z
mobi_vancouver,mobi_vancouver_48ad9454-a3b9-438c-aba9-ca81b01346e9,48ad9454-a3b9-438c-aba9-ca81b01346e9,49.266476,-123.109389,1,FALSE,FALSE,24000,0165,1783361838,2026-07-06T18:18:01Z,2026-07-06T18:18:01Z,2026-07-06T18:17:16Z,2.2,https://gbfs.kappa.fifteen.eu/gbfs/2.2/mobi/en/gbfs.json,https://gbfs.kappa.fifteen.eu/gbfs/2.2/mobi/en/free_bike_status.json,2026-07-06T18:18:00Z,2026-07-06T18:18:00Z
mobi_vancouver,mobi_vancouver_5fbaaa35-01fa-42ef-9709-3d84586e4907,5fbaaa35-01fa-42ef-9709-3d84586e4907,49.256496,-123.075426,1,FALSE,FALSE,24000,0283,1783361838,2026-07-06T18:18:01Z,2026-07-06T18:18:01Z,2026-07-06T18:17:16Z,2.2,https://gbfs.kappa.fifteen.eu/gbfs/2.2/mobi/en/gbfs.json,https://gbfs.kappa.fifteen.eu/gbfs/2.2/mobi/en/free_bike_status.json,2026-07-06T18:18:00Z,2026-07-06T18:18:00Z
mobi_vancouver,mobi_vancouver_35097cd4-4d69-4a5a-b551-fc4457e91971,35097cd4-4d69-4a5a-b551-fc4457e91971,49.302577,-123.155616,1,FALSE,FALSE,24000,0103,1783361838,2026-07-06T18:18:01Z,2026-07-06T18:18:01Z,2026-07-06T18:17:16Z,2.2,https://gbfs.kappa.fifteen.eu/gbfs/2.2/mobi/en/gbfs.json,https://gbfs.kappa.fifteen.eu/gbfs/2.2/mobi/en/free_bike_status.json,2026-07-06T18:18:00Z,2026-07-06T18:18:00Z
mobi_vancouver,mobi_vancouver_962ec56b-4162-4a1b-a34a-205be91d8778,962ec56b-4162-4a1b-a34a-205be91d8778,49.286646,-123.129232,2,FALSE,FALSE,24000,0310,1783361838,2026-07-06T18:18:01Z,2026-07-06T18:18:01Z,2026-07-06T18:17:16Z,2.2,https://gbfs.kappa.fifteen.eu/gbfs/2.2/mobi/en/gbfs.json,https://gbfs.kappa.fifteen.eu/gbfs/2.2/mobi/en/free_bike_status.json,2026-07-06T18:18:00Z,2026-07-06T18:18:00Z
mobi_vancouver,mobi_vancouver_f5de7508-a35a-48a7-9a64-4b82c50e1aa2,f5de7508-a35a-48a7-9a64-4b82c50e1aa2,49.265207,-123.250139,1,FALSE,FALSE,24000,2134,1783361838,2026-07-06T18:18:01Z,2026-07-06T18:18:01Z,2026-07-06T18:17:16Z,2.2,https://gbfs.kappa.fifteen.eu/gbfs/2.2/mobi/en/gbfs.json,https://gbfs.kappa.fifteen.eu/gbfs/2.2/mobi/en/free_bike_status.json,2026-07-06T18:18:00Z,2026-07-06T18:18:00Z
mobi_vancouver,mobi_vancouver_c5f6db07-422b-41ac-864f-6ee59e26b3b6,c5f6db07-422b-41ac-864f-6ee59e26b3b6,49.28972,-123.144028,1,FALSE,FALSE,24400,0047,1783361838,2026-07-06T18:18:01Z,2026-07-06T18:18:01Z,2026-07-06T18:17:16Z,2.2,https://gbfs.kappa.fifteen.eu/gbfs/2.2/mobi/en/gbfs.json,https://gbfs.kappa.fifteen.eu/gbfs/2.2/mobi/en/free_bike_status.json,2026-07-06T18:18:00Z,2026-07-06T18:18:00Z
mobi_vancouver,mobi_vancouver_c57858dd-122b-419b-ad4e-cf7ef4d9fccb,c57858dd-122b-419b-ad4e-cf7ef4d9fccb,49.287528,-123.142139,1,FALSE,FALSE,24400,0028,1783361838,2026-07-06T18:18:01Z,2026-07-06T18:18:01Z,2026-07-06T18:17:16Z,2.2,https://gbfs.kappa.fifteen.eu/gbfs/2.2/mobi/en/gbfs.json,https://gbfs.kappa.fifteen.eu/gbfs/2.2/mobi/en/free_bike_status.json,2026-07-06T18:18:00Z,2026-07-06T18:18:00Z
mobi_vancouver,mobi_vancouver_5d456378-bee3-4211-9fa1-6ba577135f92,5d456378-bee3-4211-9fa1-6ba577135f92,49.28526,-123.141809,1,FALSE,FALSE,24400,0060,1783361838,2026-07-06T18:18:01Z,2026-07-06T18:18:01Z,2026-07-06T18:17:16Z,2.2,https://gbfs.kappa.fifteen.eu/gbfs/2.2/mobi/en/gbfs.json,https://gbfs.kappa.fifteen.eu/gbfs/2.2/mobi/en/free_bike_status.json,2026-07-06T18:18:00Z,2026-07-06T18:18:00Z
mobi_vancouver,mobi_vancouver_55c33d69-b704-489a-b01c-31480c0a7049,55c33d69-b704-489a-b01c-31480c0a7049,49.266456,-123.100324,1,FALSE,FALSE,24400,0198,1783361838,2026-07-06T18:18:01Z,2026-07-06T18:18:01Z,2026-07-06T18:17:16Z,2.2,https://gbfs.kappa.fifteen.eu/gbfs/2.2/mobi/en/gbfs.json,https://gbfs.kappa.fifteen.eu/gbfs/2.2/mobi/en/free_bike_status.json,2026-07-06T18:18:00Z,2026-07-06T18:18:00Z
mobi_vancouver,mobi_vancouver_86621864-284d-4c1b-a7f4-ef7768156f81,86621864-284d-4c1b-a7f4-ef7768156f81,49.283227,-123.120523,1,FALSE,FALSE,24400,0099,1783361838,2026-07-06T18:18:01Z,2026-07-06T18:18:01Z,2026-07-06T18:17:16Z,2.2,https://gbfs.kappa.fifteen.eu/gbfs/2.2/mobi/en/gbfs.json,https://gbfs.kappa.fifteen.eu/gbfs/2.2/mobi/en/free_bike_status.json,2026-07-06T18:18:00Z,2026-07-06T18:18:00Z
mobi_vancouver,mobi_vancouver_56dbfb72-272b-4b60-b176-1b54ae966407,56dbfb72-272b-4b60-b176-1b54ae966407,49.283227,-123.120523,2,FALSE,FALSE,24400,0099,1783361838,2026-07-06T18:18:01Z,2026-07-06T18:18:01Z,2026-07-06T18:17:16Z,2.2,https://gbfs.kappa.fifteen.eu/gbfs/2.2/mobi/en/gbfs.json,https://gbfs.kappa.fifteen.eu/gbfs/2.2/mobi/en/free_bike_status.json,2026-07-06T18:18:00Z,2026-07-06T18:18:00Z
mobi_vancouver,mobi_vancouver_6d1130d3-dac4-4570-9a99-37555be7e1f3,6d1130d3-dac4-4570-9a99-37555be7e1f3,49.273103,-123.069892,1,FALSE,FALSE,24400,0235,1783361838,2026-07-06T18:18:01Z,2026-07-06T18:18:01Z,2026-07-06T18:17:16Z,2.2,https://gbfs.kappa.fifteen.eu/gbfs/2.2/mobi/en/gbfs.json,https://gbfs.kappa.fifteen.eu/gbfs/2.2/mobi/en/free_bike_status.json,2026-07-06T18:18:00Z,2026-07-06T18:18:00Z
mobi_vancouver,mobi_vancouver_a9dc4fc2-90fa-4385-bf57-825bba07a415,a9dc4fc2-90fa-4385-bf57-825bba07a415,49.27751,-123.061429,1,FALSE,FALSE,24400,0617,1783361838,2026-07-06T18:18:01Z,2026-07-06T18:18:01Z,2026-07-06T18:17:16Z,2.2,https://gbfs.kappa.fifteen.eu/gbfs/2.2/mobi/en/gbfs.json,https://gbfs.kappa.fifteen.eu/gbfs/2.2/mobi/en/free_bike_status.json,2026-07-06T18:18:00Z,2026-07-06T18:18:00Z
mobi_vancouver,mobi_vancouver_7f10410a-a795-40b9-84c2-c10e1e68441b,7f10410a-a795-40b9-84c2-c10e1e68441b,49.288444,-123.139203,1,FALSE,FALSE,24800,0032,1783361838,2026-07-06T18:18:01Z,2026-07-06T18:18:01Z,2026-07-06T18:17:16Z,2.2,https://gbfs.kappa.fifteen.eu/gbfs/2.2/mobi/en/gbfs.json,https://gbfs.kappa.fifteen.eu/gbfs/2.2/mobi/en/free_bike_status.json,2026-07-06T18:18:00Z,2026-07-06T18:18:00Z
mobi_vancouver,mobi_vancouver_3f8d8316-4587-4429-a384-1f410f377043,3f8d8316-4587-4429-a384-1f410f377043,49.283227,-123.120523,1,FALSE,FALSE,24800,0099,1783361838,2026-07-06T18:18:01Z,2026-07-06T18:18:01Z,2026-07-06T18:17:16Z,2.2,https://gbfs.kappa.fifteen.eu/gbfs/2.2/mobi/en/gbfs.json,https://gbfs.kappa.fifteen.eu/gbfs/2.2/mobi/en/free_bike_status.json,2026-07-06T18:18:00Z,2026-07-06T18:18:00Z
mobi_vancouver,mobi_vancouver_94363343-d5bb-4f5a-a0fa-da3efdf7dd17,94363343-d5bb-4f5a-a0fa-da3efdf7dd17,49.267859,-123.145782,1,FALSE,FALSE,24800,0139,1783361838,2026-07-06T18:18:01Z,2026-07-06T18:18:01Z,2026-07-06T18:17:16Z,2.2,https://gbfs.kappa.fifteen.eu/gbfs/2.2/mobi/en/gbfs.json,https://gbfs.kappa.fifteen.eu/gbfs/2.2/mobi/en/free_bike_status.json,2026-07-06T18:18:00Z,2026-07-06T18:18:00Z
mobi_vancouver,mobi_vancouver_fc459960-ad39-4594-9559-c9843324a240,fc459960-ad39-4594-9559-c9843324a240,49.28117,-123.104419,1,FALSE,FALSE,24800,0098,1783361838,2026-07-06T18:18:01Z,2026-07-06T18:18:01Z,2026-07-06T18:17:16Z,2.2,https://gbfs.kappa.fifteen.eu/gbfs/2.2/mobi/en/gbfs.json,https://gbfs.kappa.fifteen.eu/gbfs/2.2/mobi/en/free_bike_status.json,2026-07-06T18:18:00Z,2026-07-06T18:18:00Z
mobi_vancouver,mobi_vancouver_e5d47cf7-d338-40cb-81f7-1877d2090cc4,e5d47cf7-d338-40cb-81f7-1877d2090cc4,49.256496,-123.075426,1,FALSE,FALSE,24800,0283,1783361838,2026-07-06T18:18:01Z,2026-07-06T18:18:01Z,2026-07-06T18:17:16Z,2.2,https://gbfs.kappa.fifteen.eu/gbfs/2.2/mobi/en/gbfs.json,https://gbfs.kappa.fifteen.eu/gbfs/2.2/mobi/en/free_bike_status.json,2026-07-06T18:18:00Z,2026-07-06T18:18:00Z
mobi_vancouver,mobi_vancouver_d4034484-5c36-4b49-bd4b-cac480dee4bd,d4034484-5c36-4b49-bd4b-cac480dee4bd,49.257985,-123.083366,1,FALSE,FALSE,24800,0281,1783361838,2026-07-06T18:18:01Z,2026-07-06T18:18:01Z,2026-07-06T18:17:16Z,2.2,https://gbfs.kappa.fifteen.eu/gbfs/2.2/mobi/en/gbfs.json,https://gbfs.kappa.fifteen.eu/gbfs/2.2/mobi/en/free_bike_status.json,2026-07-06T18:18:00Z,2026-07-06T18:18:00Z
mobi_vancouver,mobi_vancouver_3a157a0a-e69a-4aa9-a30c-ace111e604ae,3a157a0a-e69a-4aa9-a30c-ace111e604ae,49.273011,-123.159663,1,FALSE,FALSE,24800,0470,1783361838,2026-07-06T18:18:01Z,2026-07-06T18:18:01Z,2026-07-06T18:17:16Z,2.2,https://gbfs.kappa.fifteen.eu/gbfs/2.2/mobi/en/gbfs.json,https://gbfs.kappa.fifteen.eu/gbfs/2.2/mobi/en/free_bike_status.json,2026-07-06T18:18:00Z,2026-07-06T18:18:00Z
mobi_vancouver,mobi_vancouver_fca897b2-715e-406a-a013-00b6eac71526,fca897b2-715e-406a-a013-00b6eac71526,49.245535,-123.120496,1,FALSE,FALSE,24800,0516,1783361838,2026-07-06T18:18:01Z,2026-07-06T18:18:01Z,2026-07-06T18:17:16Z,2.2,https://gbfs.kappa.fifteen.eu/gbfs/2.2/mobi/en/gbfs.json,https://gbfs.kappa.fifteen.eu/gbfs/2.2/mobi/en/free_bike_status.json,2026-07-06T18:18:00Z,2026-07-06T18:18:00Z
mobi_vancouver,mobi_vancouver_0c6acee2-5261-4dbc-8606-6d63a715ed5f,0c6acee2-5261-4dbc-8606-6d63a715ed5f,49.290587,-123.13625,1,FALSE,FALSE,25200,0122,1783361838,2026-07-06T18:18:01Z,2026-07-06T18:18:01Z,2026-07-06T18:17:16Z,2.2,https://gbfs.kappa.fifteen.eu/gbfs/2.2/mobi/en/gbfs.json,https://gbfs.kappa.fifteen.eu/gbfs/2.2/mobi/en/free_bike_status.json,2026-07-06T18:18:00Z,2026-07-06T18:18:00Z
mobi_vancouver,mobi_vancouver_e17adf76-6219-4eaf-97f9-a8ee2ad0cc44,e17adf76-6219-4eaf-97f9-a8ee2ad0cc44,49.26213,-123.11989,1,FALSE,FALSE,25200,0121,1783361838,2026-07-06T18:18:01Z,2026-07-06T18:18:01Z,2026-07-06T18:17:16Z,2.2,https://gbfs.kappa.fifteen.eu/gbfs/2.2/mobi/en/gbfs.json,https://gbfs.kappa.fifteen.eu/gbfs/2.2/mobi/en/free_bike_status.json,2026-07-06T18:18:00Z,2026-07-06T18:18:00Z
mobi_vancouver,mobi_vancouver_ee9d9e01-9010-4467-a952-fe508559c73c,ee9d9e01-9010-4467-a952-fe508559c73c,49.281301,-123.139108,1,FALSE,FALSE,25600,0084,1783361838,2026-07-06T18:18:01Z,2026-07-06T18:18:01Z,2026-07-06T18:17:16Z,2.2,https://gbfs.kappa.fifteen.eu/gbfs/2.2/mobi/en/gbfs.json,https://gbfs.kappa.fifteen.eu/gbfs/2.2/mobi/en/free_bike_status.json,2026-07-06T18:18:00Z,2026-07-06T18:18:00Z
mobi_vancouver,mobi_vancouver_15d13d08-6528-42b8-89dc-c786cdaa94a1,15d13d08-6528-42b8-89dc-c786cdaa94a1,49.27029,-123.135025,1,FALSE,FALSE,25600,0189,1783361838,2026-07-06T18:18:01Z,2026-07-06T18:18:01Z,2026-07-06T18:17:16Z,2.2,https://gbfs.kappa.fifteen.eu/gbfs/2.2/mobi/en/gbfs.json,https://gbfs.kappa.fifteen.eu/gbfs/2.2/mobi/en/free_bike_status.json,2026-07-06T18:18:00Z,2026-07-06T18:18:00Z
mobi_vancouver,mobi_vancouver_e5d68997-addc-4cdc-ac2e-09d16aacd263,e5d68997-addc-4cdc-ac2e-09d16aacd263,49.282759,-123.106955,1,FALSE,FALSE,26000,0030,1783361838,2026-07-06T18:18:01Z,2026-07-06T18:18:01Z,2026-07-06T18:17:16Z,2.2,https://gbfs.kappa.fifteen.eu/gbfs/2.2/mobi/en/gbfs.json,https://gbfs.kappa.fifteen.eu/gbfs/2.2/mobi/en/free_bike_status.json,2026-07-06T18:18:00Z,2026-07-06T18:18:00Z
mobi_vancouver,mobi_vancouver_e12cf5e5-9f15-43aa-8625-b53202cd9620,e12cf5e5-9f15-43aa-8625-b53202cd9620,0,0,2,FALSE,FALSE,26000,,1783361838,2026-07-06T18:18:01Z,2026-07-06T18:18:01Z,2026-07-06T18:17:16Z,2.2,https://gbfs.kappa.fifteen.eu/gbfs/2.2/mobi/en/gbfs.json,https://gbfs.kappa.fifteen.eu/gbfs/2.2/mobi/en/free_bike_status.json,2026-07-06T18:18:00Z,2026-07-06T18:18:00Z
mobi_vancouver,mobi_vancouver_1d7d4029-8b83-4e9b-a6a4-42168cf3c4f4,1d7d4029-8b83-4e9b-a6a4-42168cf3c4f4,49.28725,-123.11298,1,FALSE,FALSE,26400,0014,1783361838,2026-07-06T18:18:01Z,2026-07-06T18:18:01Z,2026-07-06T18:17:16Z,2.2,https://gbfs.kappa.fifteen.eu/gbfs/2.2/mobi/en/gbfs.json,https://gbfs.kappa.fifteen.eu/gbfs/2.2/mobi/en/free_bike_status.json,2026-07-06T18:18:00Z,2026-07-06T18:18:00Z
mobi_vancouver,mobi_vancouver_b08f3240-2d6f-40f8-ae9a-af8c028cbb82,b08f3240-2d6f-40f8-ae9a-af8c028cbb82,49.29534,-123.150433,1,FALSE,FALSE,26800,0102,1783361838,2026-07-06T18:18:01Z,2026-07-06T18:18:01Z,2026-07-06T18:17:16Z,2.2,https://gbfs.kappa.fifteen.eu/gbfs/2.2/mobi/en/gbfs.json,https://gbfs.kappa.fifteen.eu/gbfs/2.2/mobi/en/free_bike_status.json,2026-07-06T18:18:00Z,2026-07-06T18:18:00Z
mobi_vancouver,mobi_vancouver_ddcabb32-ea2a-4c55-995a-6106fcf08a87,ddcabb32-ea2a-4c55-995a-6106fcf08a87,0,0,2,FALSE,FALSE,29200,,1783361838,2026-07-06T18:18:01Z,2026-07-06T18:18:01Z,2026-07-06T18:17:16Z,2.2,https://gbfs.kappa.fifteen.eu/gbfs/2.2/mobi/en/gbfs.json,https://gbfs.kappa.fifteen.eu/gbfs/2.2/mobi/en/free_bike_status.json,2026-07-06T18:18:00Z,2026-07-06T18:18:00Z
mobi_vancouver,mobi_vancouver_db05f781-ae84-47f4-b965-5a74000eabaf,db05f781-ae84-47f4-b965-5a74000eabaf,49.267561,-123.252261,2,FALSE,FALSE,30000,2132,1783361838,2026-07-06T18:18:01Z,2026-07-06T18:18:01Z,2026-07-06T18:17:16Z,2.2,https://gbfs.kappa.fifteen.eu/gbfs/2.2/mobi/en/gbfs.json,https://gbfs.kappa.fifteen.eu/gbfs/2.2/mobi/en/free_bike_status.json,2026-07-06T18:18:00Z,2026-07-06T18:18:00Z
mobi_vancouver,mobi_vancouver_f4d05544-d800-4a99-b018-0df687bd64cc,f4d05544-d800-4a99-b018-0df687bd64cc,0,0,2,FALSE,FALSE,32000,,1783361838,2026-07-06T18:18:01Z,2026-07-06T18:18:01Z,2026-07-06T18:17:16Z,2.2,https://gbfs.kappa.fifteen.eu/gbfs/2.2/mobi/en/gbfs.json,https://gbfs.kappa.fifteen.eu/gbfs/2.2/mobi/en/free_bike_status.json,2026-07-06T18:18:00Z,2026-07-06T18:18:00Z
mobi_vancouver,mobi_vancouver_164e4146-fba5-47eb-ac8d-acce3829c117,164e4146-fba5-47eb-ac8d-acce3829c117,49.276768,-123.075636,2,FALSE,FALSE,37200,,1783361838,2026-07-06T18:18:01Z,2026-07-06T18:18:01Z,2026-07-06T18:17:16Z,2.2,https://gbfs.kappa.fifteen.eu/gbfs/2.2/mobi/en/gbfs.json,https://gbfs.kappa.fifteen.eu/gbfs/2.2/mobi/en/free_bike_status.json,2026-07-06T18:18:00Z,2026-07-06T18:18:00Z
mobi_vancouver,mobi_vancouver_94605f66-e553-4b3a-b9e5-7d55e8484490,94605f66-e553-4b3a-b9e5-7d55e8484490,49.288506,-123.131238,2,FALSE,FALSE,40000,0096,1783361838,2026-07-06T18:18:01Z,2026-07-06T18:18:01Z,2026-07-06T18:17:16Z,2.2,https://gbfs.kappa.fifteen.eu/gbfs/2.2/mobi/en/gbfs.json,https://gbfs.kappa.fifteen.eu/gbfs/2.2/mobi/en/free_bike_status.json,2026-07-06T18:18:00Z,2026-07-06T18:18:00Z
mobi_vancouver,mobi_vancouver_515328d7-292d-4a9d-bd9d-4a4710324e0e,515328d7-292d-4a9d-bd9d-4a4710324e0e,49.266724,-123.104824,2,FALSE,FALSE,40000,0073,1783361838,2026-07-06T18:18:01Z,2026-07-06T18:18:01Z,2026-07-06T18:17:16Z,2.2,https://gbfs.kappa.fifteen.eu/gbfs/2.2/mobi/en/gbfs.json,https://gbfs.kappa.fifteen.eu/gbfs/2.2/mobi/en/free_bike_status.json,2026-07-06T18:18:00Z,2026-07-06T18:18:00Z
mobi_vancouver,mobi_vancouver_413f8de6-48a1-4574-9f4b-145fcd0b421b,413f8de6-48a1-4574-9f4b-145fcd0b421b,49.287097,-123.118551,2,FALSE,FALSE,40000,0016,1783361838,2026-07-06T18:18:01Z,2026-07-06T18:18:01Z,2026-07-06T18:17:16Z,2.2,https://gbfs.kappa.fifteen.eu/gbfs/2.2/mobi/en/gbfs.json,https://gbfs.kappa.fifteen.eu/gbfs/2.2/mobi/en/free_bike_status.json,2026-07-06T18:18:00Z,2026-07-06T18:18:00Z
mobi_vancouver,mobi_vancouver_a3e11873-d3cc-4089-9bb9-311e5ae9e514,a3e11873-d3cc-4089-9bb9-311e5ae9e514,49.276768,-123.075636,2,FALSE,FALSE,40000,,1783361838,2026-07-06T18:18:01Z,2026-07-06T18:18:01Z,2026-07-06T18:17:16Z,2.2,https://gbfs.kappa.fifteen.eu/gbfs/2.2/mobi/en/gbfs.json,https://gbfs.kappa.fifteen.eu/gbfs/2.2/mobi/en/free_bike_status.json,2026-07-06T18:18:00Z,2026-07-06T18:18:00Z
mobi_vancouver,mobi_vancouver_9dd293db-22f0-4157-b2a5-37a792f5cbd8,9dd293db-22f0-4157-b2a5-37a792f5cbd8,49.277665,-123.073653,2,FALSE,FALSE,40000,0222,1783361838,2026-07-06T18:18:01Z,2026-07-06T18:18:01Z,2026-07-06T18:17:16Z,2.2,https://gbfs.kappa.fifteen.eu/gbfs/2.2/mobi/en/gbfs.json,https://gbfs.kappa.fifteen.eu/gbfs/2.2/mobi/en/free_bike_status.json,2026-07-06T18:18:00Z,2026-07-06T18:18:00Z
mobi_vancouver,mobi_vancouver_43f94b2b-18d4-4b70-bf57-0c5384e7ec95,43f94b2b-18d4-4b70-bf57-0c5384e7ec95,49.269172,-123.25279,2,FALSE,FALSE,40000,2131,1783361838,2026-07-06T18:18:01Z,2026-07-06T18:18:01Z,2026-07-06T18:17:16Z,2.2,https://gbfs.kappa.fifteen.eu/gbfs/2.2/mobi/en/gbfs.json,https://gbfs.kappa.fifteen.eu/gbfs/2.2/mobi/en/free_bike_status.json,2026-07-06T18:18:00Z,2026-07-06T18:18:00Z
mobi_vancouver,mobi_vancouver_b46a49f3-2e21-48a4-9b2b-3e018a7e17d9,b46a49f3-2e21-48a4-9b2b-3e018a7e17d9,49.265089,-123.119425,1,FALSE,TRUE,0,0081,1783361838,2026-07-06T18:18:01Z,2026-07-06T18:18:01Z,2026-07-06T18:17:16Z,2.2,https://gbfs.kappa.fifteen.eu/gbfs/2.2/mobi/en/gbfs.json,https://gbfs.kappa.fifteen.eu/gbfs/2.2/mobi/en/free_bike_status.json,2026-07-06T18:18:00Z,2026-07-06T18:18:00Z
mobi_vancouver,mobi_vancouver_e83667b3-a206-4975-a76e-233c1fe6e881,e83667b3-a206-4975-a76e-233c1fe6e881,49.277615,-123.091654,1,FALSE,TRUE,0,0215,1783361838,2026-07-06T18:18:01Z,2026-07-06T18:18:01Z,2026-07-06T18:17:16Z,2.2,https://gbfs.kappa.fifteen.eu/gbfs/2.2/mobi/en/gbfs.json,https://gbfs.kappa.fifteen.eu/gbfs/2.2/mobi/en/free_bike_status.json,2026-07-06T18:18:00Z,2026-07-06T18:18:00Z
mobi_vancouver,mobi_vancouver_aa18bc97-582d-4aee-a27f-fe7327b25baf,aa18bc97-582d-4aee-a27f-fe7327b25baf,49.270684,-123.073562,2,FALSE,TRUE,2000,0252,1783361838,2026-07-06T18:18:01Z,2026-07-06T18:18:01Z,2026-07-06T18:17:16Z,2.2,https://gbfs.kappa.fifteen.eu/gbfs/2.2/mobi/en/gbfs.json,https://gbfs.kappa.fifteen.eu/gbfs/2.2/mobi/en/free_bike_status.json,2026-07-06T18:18:00Z,2026-07-06T18:18:00Z
mobi_vancouver,mobi_vancouver_31755909-c3f0-4085-9627-8b487d05ee03,31755909-c3f0-4085-9627-8b487d05ee03,49.27549,-123.12882,2,FALSE,TRUE,4400,0318,1783361838,2026-07-06T18:18:01Z,2026-07-06T18:18:01Z,2026-07-06T18:17:16Z,2.2,https://gbfs.kappa.fifteen.eu/gbfs/2.2/mobi/en/gbfs.json,https://gbfs.kappa.fifteen.eu/gbfs/2.2/mobi/en/free_bike_status.json,2026-07-06T18:18:00Z,2026-07-06T18:18:00Z
mobi_vancouver,mobi_vancouver_01703398-9600-4c0e-98b8-bcc2c5509a95,01703398-9600-4c0e-98b8-bcc2c5509a95,49.264326,-123.164725,2,FALSE,TRUE,8400,0464,1783361838,2026-07-06T18:18:01Z,2026-07-06T18:18:01Z,2026-07-06T18:17:16Z,2.2,https://gbfs.kappa.fifteen.eu/gbfs/2.2/mobi/en/gbfs.json,https://gbfs.kappa.fifteen.eu/gbfs/2.2/mobi/en/free_bike_status.json,2026-07-06T18:18:00Z,2026-07-06T18:18:00Z
mobi_vancouver,mobi_vancouver_b636194f-1a9f-4d5d-a03f-7303bc26c59f,b636194f-1a9f-4d5d-a03f-7303bc26c59f,49.288707,-123.11811,1,FALSE,TRUE,8800,0201,1783361838,2026-07-06T18:18:01Z,2026-07-06T18:18:01Z,2026-07-06T18:17:16Z,2.2,https://gbfs.kappa.fifteen.eu/gbfs/2.2/mobi/en/gbfs.json,https://gbfs.kappa.fifteen.eu/gbfs/2.2/mobi/en/free_bike_status.json,2026-07-06T18:18:00Z,2026-07-06T18:18:00Z
mobi_vancouver,mobi_vancouver_d5fd1b01-97c0-46e9-a5e6-52daf0896fe1,d5fd1b01-97c0-46e9-a5e6-52daf0896fe1,49.25976,-123.2479,1,FALSE,TRUE,10000,2127,1783361838,2026-07-06T18:18:01Z,2026-07-06T18:18:01Z,2026-07-06T18:17:16Z,2.2,https://gbfs.kappa.fifteen.eu/gbfs/2.2/mobi/en/gbfs.json,https://gbfs.kappa.fifteen.eu/gbfs/2.2/mobi/en/free_bike_status.json,2026-07-06T18:18:00Z,2026-07-06T18:18:00Z
mobi_vancouver,mobi_vancouver_a6bfec50-dee3-4558-9299-e13d2ec955aa,a6bfec50-dee3-4558-9299-e13d2ec955aa,49.263837,-123.105173,1,FALSE,TRUE,10400,0107,1783361838,2026-07-06T18:18:01Z,2026-07-06T18:18:01Z,2026-07-06T18:17:16Z,2.2,https://gbfs.kappa.fifteen.eu/gbfs/2.2/mobi/en/gbfs.json,https://gbfs.kappa.fifteen.eu/gbfs/2.2/mobi/en/free_bike_status.json,2026-07-06T18:18:00Z,2026-07-06T18:18:00Z
mobi_vancouver,mobi_vancouver_e812b2ff-733f-45e0-81eb-cd53739e33b8,e812b2ff-733f-45e0-81eb-cd53739e33b8,49.273794,-123.114438,1,FALSE,TRUE,10800,0057,1783361838,2026-07-06T18:18:01Z,2026-07-06T18:18:01Z,2026-07-06T18:17:16Z,2.2,https://gbfs.kappa.fifteen.eu/gbfs/2.2/mobi/en/gbfs.json,https://gbfs.kappa.fifteen.eu/gbfs/2.2/mobi/en/free_bike_status.json,2026-07-06T18:18:00Z,2026-07-06T18:18:00Z
mobi_vancouver,mobi_vancouver_623fd6fc-d076-42c4-8ab0-fbf31e8a317e,623fd6fc-d076-42c4-8ab0-fbf31e8a317e,49.282055,-123.133045,1,FALSE,TRUE,11200,0187,1783361838,2026-07-06T18:18:01Z,2026-07-06T18:18:01Z,2026-07-06T18:17:16Z,2.2,https://gbfs.kappa.fifteen.eu/gbfs/2.2/mobi/en/gbfs.json,https://gbfs.kappa.fifteen.eu/gbfs/2.2/mobi/en/free_bike_status.json,2026-07-06T18:18:00Z,2026-07-06T18:18:00Z
mobi_vancouver,mobi_vancouver_96bc2028-8bd0-43fb-9f67-3456523d2c66,96bc2028-8bd0-43fb-9f67-3456523d2c66,49.289124,-123.12196,2,FALSE,TRUE,11200,0034,1783361838,2026-07-06T18:18:01Z,2026-07-06T18:18:01Z,2026-07-06T18:17:16Z,2.2,https://gbfs.kappa.fifteen.eu/gbfs/2.2/mobi/en/gbfs.json,https://gbfs.kappa.fifteen.eu/gbfs/2.2/mobi/en/free_bike_status.json,2026-07-06T18:18:00Z,2026-07-06T18:18:00Z
mobi_vancouver,mobi_vancouver_483d3d31-4e79-43e9-a812-fd6539b7b6ea,483d3d31-4e79-43e9-a812-fd6539b7b6ea,49.265207,-123.250139,1,FALSE,TRUE,11200,2134,1783361838,2026-07-06T18:18:01Z,2026-07-06T18:18:01Z,2026-07-06T18:17:16Z,2.2,https://gbfs.kappa.fifteen.eu/gbfs/2.2/mobi/en/gbfs.json,https://gbfs.kappa.fifteen.eu/gbfs/2.2/mobi/en/free_bike_status.json,2026-07-06T18:18:00Z,2026-07-06T18:18:00Z
mobi_vancouver,mobi_vancouver_eff03f95-a082-43fc-a8d2-b4e3c6d3cdfa,eff03f95-a082-43fc-a8d2-b4e3c6d3cdfa,49.257654,-123.153212,1,FALSE,TRUE,11600,0113,1783361838,2026-07-06T18:18:01Z,2026-07-06T18:18:01Z,2026-07-06T18:17:16Z,2.2,https://gbfs.kappa.fifteen.eu/gbfs/2.2/mobi/en/gbfs.json,https://gbfs.kappa.fifteen.eu/gbfs/2.2/mobi/en/free_bike_status.json,2026-07-06T18:18:00Z,2026-07-06T18:18:00Z
mobi_vancouver,mobi_vancouver_9da46e03-887c-42db-9196-374579276bb1,9da46e03-887c-42db-9196-374579276bb1,49.25478,-123.23621,1,FALSE,TRUE,11600,2252,1783361838,2026-07-06T18:18:01Z,2026-07-06T18:18:01Z,2026-07-06T18:17:16Z,2.2,https://gbfs.kappa.fifteen.eu/gbfs/2.2/mobi/en/gbfs.json,https://gbfs.kappa.fifteen.eu/gbfs/2.2/mobi/en/free_bike_status.json,2026-07-06T18:18:00Z,2026-07-06T18:18:00Z
mobi_vancouver,mobi_vancouver_628eb5d0-4ead-491d-bc3c-ceb6fb9fd58a,628eb5d0-4ead-491d-bc3c-ceb6fb9fd58a,49.269172,-123.25279,1,FALSE,TRUE,11600,2131,1783361838,2026-07-06T18:18:01Z,2026-07-06T18:18:01Z,2026-07-06T18:17:16Z,2.2,https://gbfs.kappa.fifteen.eu/gbfs/2.2/mobi/en/gbfs.json,https://gbfs.kappa.fifteen.eu/gbfs/2.2/mobi/en/free_bike_status.json,2026-07-06T18:18:00Z,2026-07-06T18:18:00Z
mobi_vancouver,mobi_vancouver_b5542033-6ec5-49ff-89ad-caab4bccdd43,b5542033-6ec5-49ff-89ad-caab4bccdd43,49.257654,-123.153212,1,FALSE,TRUE,12400,0113,1783361838,2026-07-06T18:18:01Z,2026-07-06T18:18:01Z,2026-07-06T18:17:16Z,2.2,https://gbfs.kappa.fifteen.eu/gbfs/2.2/mobi/en/gbfs.json,https://gbfs.kappa.fifteen.eu/gbfs/2.2/mobi/en/free_bike_status.json,2026-07-06T18:18:00Z,2026-07-06T18:18:00Z
mobi_vancouver,mobi_vancouver_fd52c053-cefb-4c54-86b5-cb5a1d07e3df,fd52c053-cefb-4c54-86b5-cb5a1d07e3df,49.262598,-123.138921,1,FALSE,TRUE,12400,0070,1783361838,2026-07-06T18:18:01Z,2026-07-06T18:18:01Z,2026-07-06T18:17:16Z,2.2,https://gbfs.kappa.fifteen.eu/gbfs/2.2/mobi/en/gbfs.json,https://gbfs.kappa.fifteen.eu/gbfs/2.2/mobi/en/free_bike_status.json,2026-07-06T18:18:00Z,2026-07-06T18:18:00Z
mobi_vancouver,mobi_vancouver_32c5d42e-c18d-4d29-8814-3089169c1cb6,32c5d42e-c18d-4d29-8814-3089169c1cb6,49.258761,-123.127071,1,FALSE,TRUE,12400,0202,1783361838,2026-07-06T18:18:01Z,2026-07-06T18:18:01Z,2026-07-06T18:17:16Z,2.2,https://gbfs.kappa.fifteen.eu/gbfs/2.2/mobi/en/gbfs.json,https://gbfs.kappa.fifteen.eu/gbfs/2.2/mobi/en/free_bike_status.json,2026-07-06T18:18:00Z,2026-07-06T18:18:00Z
mobi_vancouver,mobi_vancouver_5f0eb0b4-8cee-4a58-b39a-f3752fc96154,5f0eb0b4-8cee-4a58-b39a-f3752fc96154,49.276436,-123.11877,1,FALSE,TRUE,12800,0078,1783361838,2026-07-06T18:18:01Z,2026-07-06T18:18:01Z,2026-07-06T18:17:16Z,2.2,https://gbfs.kappa.fifteen.eu/gbfs/2.2/mobi/en/gbfs.json,https://gbfs.kappa.fifteen.eu/gbfs/2.2/mobi/en/free_bike_status.json,2026-07-06T18:18:00Z,2026-07-06T18:18:00Z
mobi_vancouver,mobi_vancouver_ed38045b-cc11-4e2d-aaa1-ca91327d657b,ed38045b-cc11-4e2d-aaa1-ca91327d657b,49.268837,-123.177633,1,FALSE,TRUE,12800,0431,1783361838,2026-07-06T18:18:01Z,2026-07-06T18:18:01Z,2026-07-06T18:17:16Z,2.2,https://gbfs.kappa.fifteen.eu/gbfs/2.2/mobi/en/gbfs.json,https://gbfs.kappa.fifteen.eu/gbfs/2.2/mobi/en/free_bike_status.json,2026-07-06T18:18:00Z,2026-07-06T18:18:00Z
mobi_vancouver,mobi_vancouver_6b979501-c52b-4bc3-9c18-e93a7a86d461,6b979501-c52b-4bc3-9c18-e93a7a86d461,49.266969,-123.069936,1,FALSE,TRUE,13200,0241,1783361838,2026-07-06T18:18:01Z,2026-07-06T18:18:01Z,2026-07-06T18:17:16Z,2.2,https://gbfs.kappa.fifteen.eu/gbfs/2.2/mobi/en/gbfs.json,https://gbfs.kappa.fifteen.eu/gbfs/2.2/mobi/en/free_bike_status.json,2026-07-06T18:18:00Z,2026-07-06T18:18:00Z
mobi_vancouver,mobi_vancouver_c1c343c9-cfd1-402f-ba42-cdc7d54aac4f,c1c343c9-cfd1-402f-ba42-cdc7d54aac4f,49.276921,-123.121988,1,FALSE,TRUE,13600,0079,1783361838,2026-07-06T18:18:01Z,2026-07-06T18:18:01Z,2026-07-06T18:17:16Z,2.2,https://gbfs.kappa.fifteen.eu/gbfs/2.2/mobi/en/gbfs.json,https://gbfs.kappa.fifteen.eu/gbfs/2.2/mobi/en/free_bike_status.json,2026-07-06T18:18:00Z,2026-07-06T18:18:00Z
mobi_vancouver,mobi_vancouver_2aec2cc2-7186-4b69-925d-a9f9bd39c556,2aec2cc2-7186-4b69-925d-a9f9bd39c556,49.25478,-123.23621,1,FALSE,TRUE,14000,2252,1783361838,2026-07-06T18:18:01Z,2026-07-06T18:18:01Z,2026-07-06T18:17:16Z,2.2,https://gbfs.kappa.fifteen.eu/gbfs/2.2/mobi/en/gbfs.json,https://gbfs.kappa.fifteen.eu/gbfs/2.2/mobi/en/free_bike_status.json,2026-07-06T18:18:00Z,2026-07-06T18:18:00Z
mobi_vancouver,mobi_vancouver_bc908a5b-91b4-4781-8aaf-442fde3a504c,bc908a5b-91b4-4781-8aaf-442fde3a504c,49.26875,-123.25004,1,FALSE,TRUE,14000,2142,1783361838,2026-07-06T18:18:01Z,2026-07-06T18:18:01Z,2026-07-06T18:17:16Z,2.2,https://gbfs.kappa.fifteen.eu/gbfs/2.2/mobi/en/gbfs.json,https://gbfs.kappa.fifteen.eu/gbfs/2.2/mobi/en/free_bike_status.json,2026-07-06T18:18:00Z,2026-07-06T18:18:00Z
mobi_vancouver,mobi_vancouver_776b027a-0630-4b1b-86fb-34f982161589,776b027a-0630-4b1b-86fb-34f982161589,49.25919,-123.148268,2,FALSE,TRUE,14400,0114,1783361838,2026-07-06T18:18:01Z,2026-07-06T18:18:01Z,2026-07-06T18:17:16Z,2.2,https://gbfs.kappa.fifteen.eu/gbfs/2.2/mobi/en/gbfs.json,https://gbfs.kappa.fifteen.eu/gbfs/2.2/mobi/en/free_bike_status.json,2026-07-06T18:18:00Z,2026-07-06T18:18:00Z
mobi_vancouver,mobi_vancouver_42bde6f4-c400-4f92-be8b-92f5e951d3a3,42bde6f4-c400-4f92-be8b-92f5e951d3a3,49.276292,-123.150592,1,FALSE,TRUE,14400,0155,1783361838,2026-07-06T18:18:01Z,2026-07-06T18:18:01Z,2026-07-06T18:17:16Z,2.2,https://gbfs.kappa.fifteen.eu/gbfs/2.2/mobi/en/gbfs.json,https://gbfs.kappa.fifteen.eu/gbfs/2.2/mobi/en/free_bike_status.json,2026-07-06T18:18:00Z,2026-07-06T18:18:00Z
mobi_vancouver,mobi_vancouver_a191a6b5-d909-46fb-a866-323a5cd3fabb,a191a6b5-d909-46fb-a866-323a5cd3fabb,49.268514,-123.157412,1,FALSE,TRUE,14400,0159,1783361838,2026-07-06T18:18:01Z,2026-07-06T18:18:01Z,2026-07-06T18:17:16Z,2.2,https://gbfs.kappa.fifteen.eu/gbfs/2.2/mobi/en/gbfs.json,https://gbfs.kappa.fifteen.eu/gbfs/2.2/mobi/en/free_bike_status.json,2026-07-06T18:18:00Z,2026-07-06T18:18:00Z
mobi_vancouver,mobi_vancouver_ffff2222-847b-49ab-b640-f821eaa9f8d5,ffff2222-847b-49ab-b640-f821eaa9f8d5,49.282758,-123.122092,1,FALSE,TRUE,14400,0019,1783361838,2026-07-06T18:18:01Z,2026-07-06T18:18:01Z,2026-07-06T18:17:16Z,2.2,https://gbfs.kappa.fifteen.eu/gbfs/2.2/mobi/en/gbfs.json,https://gbfs.kappa.fifteen.eu/gbfs/2.2/mobi/en/free_bike_status.json,2026-07-06T18:18:00Z,2026-07-06T18:18:00Z
mobi_vancouver,mobi_vancouver_e0c40e82-6219-48ad-94c4-0c9ef665d0c0,e0c40e82-6219-48ad-94c4-0c9ef665d0c0,49.287464,-123.060771,1,FALSE,TRUE,14400,0611,1783361838,2026-07-06T18:18:01Z,2026-07-06T18:18:01Z,2026-07-06T18:17:16Z,2.2,https://gbfs.kappa.fifteen.eu/gbfs/2.2/mobi/en/gbfs.json,https://gbfs.kappa.fifteen.eu/gbfs/2.2/mobi/en/free_bike_status.json,2026-07-06T18:18:00Z,2026-07-06T18:18:00Z
mobi_vancouver,mobi_vancouver_15ec0f76-88f9-4946-b70c-38c7f9d2188a,15ec0f76-88f9-4946-b70c-38c7f9d2188a,49.289071,-123.138407,1,FALSE,TRUE,14800,0313,1783361838,2026-07-06T18:18:01Z,2026-07-06T18:18:01Z,2026-07-06T18:17:16Z,2.2,https://gbfs.kappa.fifteen.eu/gbfs/2.2/mobi/en/gbfs.json,https://gbfs.kappa.fifteen.eu/gbfs/2.2/mobi/en/free_bike_status.json,2026-07-06T18:18:00Z,2026-07-06T18:18:00Z
mobi_vancouver,mobi_vancouver_5146e8f8-88e1-4fa3-ba35-ff67df2f0476,5146e8f8-88e1-4fa3-ba35-ff67df2f0476,49.274817,-123.069216,1,FALSE,TRUE,15200,0231,1783361838,2026-07-06T18:18:01Z,2026-07-06T18:18:01Z,2026-07-06T18:17:16Z,2.2,https://gbfs.kappa.fifteen.eu/gbfs/2.2/mobi/en/gbfs.json,https://gbfs.kappa.fifteen.eu/gbfs/2.2/mobi/en/free_bike_status.json,2026-07-06T18:18:00Z,2026-07-06T18:18:00Z
mobi_vancouver,mobi_vancouver_460344de-888f-4759-9d63-e87c683cf7da,460344de-888f-4759-9d63-e87c683cf7da,49.257654,-123.153212,1,FALSE,TRUE,15600,0113,1783361838,2026-07-06T18:18:01Z,2026-07-06T18:18:01Z,2026-07-06T18:17:16Z,2.2,https://gbfs.kappa.fifteen.eu/gbfs/2.2/mobi/en/gbfs.json,https://gbfs.kappa.fifteen.eu/gbfs/2.2/mobi/en/free_bike_status.json,2026-07-06T18:18:00Z,2026-07-06T18:18:00Z
mobi_vancouver,mobi_vancouver_9830b7bd-3af6-4a16-b160-75cefb4ea046,9830b7bd-3af6-4a16-b160-75cefb4ea046,49.262206,-123.109091,1,FALSE,TRUE,15600,0172,1783361838,2026-07-06T18:18:01Z,2026-07-06T18:18:01Z,2026-07-06T18:17:16Z,2.2,https://gbfs.kappa.fifteen.eu/gbfs/2.2/mobi/en/gbfs.json,https://gbfs.kappa.fifteen.eu/gbfs/2.2/mobi/en/free_bike_status.json,2026-07-06T18:18:00Z,2026-07-06T18:18:00Z
mobi_vancouver,mobi_vancouver_4af1b53f-dd17-4ebf-9ca8-8ef9a106708a,4af1b53f-dd17-4ebf-9ca8-8ef9a106708a,49.27029,-123.135025,1,FALSE,TRUE,15600,0189,1783361838,2026-07-06T18:18:01Z,2026-07-06T18:18:01Z,2026-07-06T18:17:16Z,2.2,https://gbfs.kappa.fifteen.eu/gbfs/2.2/mobi/en/gbfs.json,https://gbfs.kappa.fifteen.eu/gbfs/2.2/mobi/en/free_bike_status.json,2026-07-06T18:18:00Z,2026-07-06T18:18:00Z
mobi_vancouver,mobi_vancouver_1cd19542-57b0-49b7-a5b0-cffdc5f95e3f,1cd19542-57b0-49b7-a5b0-cffdc5f95e3f,49.279938,-123.127478,1,FALSE,TRUE,16400,0039,1783361838,2026-07-06T18:18:01Z,2026-07-06T18:18:01Z,2026-07-06T18:17:16Z,2.2,https://gbfs.kappa.fifteen.eu/gbfs/2.2/mobi/en/gbfs.json,https://gbfs.kappa.fifteen.eu/gbfs/2.2/mobi/en/free_bike_status.json,2026-07-06T18:18:00Z,2026-07-06T18:18:00Z
mobi_vancouver,mobi_vancouver_a2ddb3f0-b797-46e7-85b6-f710ae7935a0,a2ddb3f0-b797-46e7-85b6-f710ae7935a0,49.262944,-123.148109,1,FALSE,TRUE,16400,0068,1783361838,2026-07-06T18:18:01Z,2026-07-06T18:18:01Z,2026-07-06T18:17:16Z,2.2,https://gbfs.kappa.fifteen.eu/gbfs/2.2/mobi/en/gbfs.json,https://gbfs.kappa.fifteen.eu/gbfs/2.2/mobi/en/free_bike_status.json,2026-07-06T18:18:00Z,2026-07-06T18:18:00Z
mobi_vancouver,mobi_vancouver_fdd23fd8-6c83-459b-b754-c037e2c065f3,fdd23fd8-6c83-459b-b754-c037e2c065f3,49.265336,-123.145823,1,FALSE,TRUE,16400,0140,1783361838,2026-07-06T18:18:01Z,2026-07-06T18:18:01Z,2026-07-06T18:17:16Z,2.2,https://gbfs.kappa.fifteen.eu/gbfs/2.2/mobi/en/gbfs.json,https://gbfs.kappa.fifteen.eu/gbfs/2.2/mobi/en/free_bike_status.json,2026-07-06T18:18:00Z,2026-07-06T18:18:00Z
mobi_vancouver,mobi_vancouver_a16c27f9-d534-4196-bb0a-e7ba68cd8536,a16c27f9-d534-4196-bb0a-e7ba68cd8536,49.261928,-123.096968,2,FALSE,TRUE,16800,0186,1783361838,2026-07-06T18:18:01Z,2026-07-06T18:18:01Z,2026-07-06T18:17:16Z,2.2,https://gbfs.kappa.fifteen.eu/gbfs/2.2/mobi/en/gbfs.json,https://gbfs.kappa.fifteen.eu/gbfs/2.2/mobi/en/free_bike_status.json,2026-07-06T18:18:00Z,2026-07-06T18:18:00Z
mobi_vancouver,mobi_vancouver_0a96d18f-f3d8-45e3-bd5a-c96703894730,0a96d18f-f3d8-45e3-bd5a-c96703894730,49.265198,-123.131043,1,FALSE,TRUE,16800,0192,1783361838,2026-07-06T18:18:01Z,2026-07-06T18:18:01Z,2026-07-06T18:17:16Z,2.2,https://gbfs.kappa.fifteen.eu/gbfs/2.2/mobi/en/gbfs.json,https://gbfs.kappa.fifteen.eu/gbfs/2.2/mobi/en/free_bike_status.json,2026-07-06T18:18:00Z,2026-07-06T18:18:00Z
mobi_vancouver,mobi_vancouver_1579bf57-cbfb-46fc-a9c9-d8ecdd992a40,1579bf57-cbfb-46fc-a9c9-d8ecdd992a40,49.261353,-123.085333,1,FALSE,TRUE,17200,0265,1783361838,2026-07-06T18:18:01Z,2026-07-06T18:18:01Z,2026-07-06T18:17:16Z,2.2,https://gbfs.kappa.fifteen.eu/gbfs/2.2/mobi/en/gbfs.json,https://gbfs.kappa.fifteen.eu/gbfs/2.2/mobi/en/free_bike_status.json,2026-07-06T18:18:00Z,2026-07-06T18:18:00Z
mobi_vancouver,mobi_vancouver_03c612ae-9184-4e57-9619-83d6b9a222b4,03c612ae-9184-4e57-9619-83d6b9a222b4,49.256694,-123.096579,1,FALSE,TRUE,17200,0256,1783361838,2026-07-06T18:18:01Z,2026-07-06T18:18:01Z,2026-07-06T18:17:16Z,2.2,https://gbfs.kappa.fifteen.eu/gbfs/2.2/mobi/en/gbfs.json,https://gbfs.kappa.fifteen.eu/gbfs/2.2/mobi/en/free_bike_status.json,2026-07-06T18:18:00Z,2026-07-06T18:18:00Z
mobi_vancouver,mobi_vancouver_c044d56a-d8d3-4663-9579-357b7fe172b4,c044d56a-d8d3-4663-9579-357b7fe172b4,49.26893,-123.11813,1,FALSE,TRUE,17600,0010,1783361838,2026-07-06T18:18:01Z,2026-07-06T18:18:01Z,2026-07-06T18:17:16Z,2.2,https://gbfs.kappa.fifteen.eu/gbfs/2.2/mobi/en/gbfs.json,https://gbfs.kappa.fifteen.eu/gbfs/2.2/mobi/en/free_bike_status.json,2026-07-06T18:18:00Z,2026-07-06T18:18:00Z
mobi_vancouver,mobi_vancouver_d802ca6f-2f4c-438a-ae0c-49db4956d860,d802ca6f-2f4c-438a-ae0c-49db4956d860,49.279821,-123.10802,1,FALSE,TRUE,17600,0053,1783361838,2026-07-06T18:18:01Z,2026-07-06T18:18:01Z,2026-07-06T18:17:16Z,2.2,https://gbfs.kappa.fifteen.eu/gbfs/2.2/mobi/en/gbfs.json,https://gbfs.kappa.fifteen.eu/gbfs/2.2/mobi/en/free_bike_status.json,2026-07-06T18:18:00Z,2026-07-06T18:18:00Z
mobi_vancouver,mobi_vancouver_a7a018ad-b749-4b93-9af1-62c1a2f5de4a,a7a018ad-b749-4b93-9af1-62c1a2f5de4a,49.267222,-123.153157,1,FALSE,TRUE,17600,0110,1783361838,2026-07-06T18:18:01Z,2026-07-06T18:18:01Z,2026-07-06T18:17:16Z,2.2,https://gbfs.kappa.fifteen.eu/gbfs/2.2/mobi/en/gbfs.json,https://gbfs.kappa.fifteen.eu/gbfs/2.2/mobi/en/free_bike_status.json,2026-07-06T18:18:00Z,2026-07-06T18:18:00Z
mobi_vancouver,mobi_vancouver_b53fbf55-4417-4a40-9bc2-600f956bd666,b53fbf55-4417-4a40-9bc2-600f956bd666,49.262678,-123.13899,1,FALSE,TRUE,17600,0070,1783361838,2026-07-06T18:18:01Z,2026-07-06T18:18:01Z,2026-07-06T18:17:16Z,2.2,https://gbfs.kappa.fifteen.eu/gbfs/2.2/mobi/en/gbfs.json,https://gbfs.kappa.fifteen.eu/gbfs/2.2/mobi/en/free_bike_status.json,2026-07-06T18:18:00Z,2026-07-06T18:18:00Z
mobi_vancouver,mobi_vancouver_ffb8c02a-2146-4b45-a1e2-3325317e86fa,ffb8c02a-2146-4b45-a1e2-3325317e86fa,49.273345,-123.154692,1,FALSE,TRUE,17600,0154,1783361838,2026-07-06T18:18:01Z,2026-07-06T18:18:01Z,2026-07-06T18:17:16Z,2.2,https://gbfs.kappa.fifteen.eu/gbfs/2.2/mobi/en/gbfs.json,https://gbfs.kappa.fifteen.eu/gbfs/2.2/mobi/en/free_bike_status.json,2026-07-06T18:18:00Z,2026-07-06T18:18:00Z
mobi_vancouver,mobi_vancouver_50808450-a693-4608-ada4-dd57cee38d40,50808450-a693-4608-ada4-dd57cee38d40,49.268837,-123.177633,1,FALSE,TRUE,17600,0431,1783361838,2026-07-06T18:18:01Z,2026-07-06T18:18:01Z,2026-07-06T18:17:16Z,2.2,https://gbfs.kappa.fifteen.eu/gbfs/2.2/mobi/en/gbfs.json,https://gbfs.kappa.fifteen.eu/gbfs/2.2/mobi/en/free_bike_status.json,2026-07-06T18:18:00Z,2026-07-06T18:18:00Z
mobi_vancouver,mobi_vancouver_a7ebde9a-5a4f-49c6-967d-f3ab31df0b96,a7ebde9a-5a4f-49c6-967d-f3ab31df0b96,49.275717,-123.142564,1,FALSE,TRUE,18000,0077,1783361838,2026-07-06T18:18:01Z,2026-07-06T18:18:01Z,2026-07-06T18:17:16Z,2.2,https://gbfs.kappa.fifteen.eu/gbfs/2.2/mobi/en/gbfs.json,https://gbfs.kappa.fifteen.eu/gbfs/2.2/mobi/en/free_bike_status.json,2026-07-06T18:18:00Z,2026-07-06T18:18:00Z
mobi_vancouver,mobi_vancouver_7db5745b-4ad4-4f45-8748-3c439cc9c04a,7db5745b-4ad4-4f45-8748-3c439cc9c04a,49.262049,-123.104581,1,FALSE,TRUE,18000,0176,1783361838,2026-07-06T18:18:01Z,2026-07-06T18:18:01Z,2026-07-06T18:17:16Z,2.2,https://gbfs.kappa.fifteen.eu/gbfs/2.2/mobi/en/gbfs.json,https://gbfs.kappa.fifteen.eu/gbfs/2.2/mobi/en/free_bike_status.json,2026-07-06T18:18:00Z,2026-07-06T18:18:00Z
mobi_vancouver,mobi_vancouver_3759951c-75d1-40c5-8404-5aa6f25cb78b,3759951c-75d1-40c5-8404-5aa6f25cb78b,49.268837,-123.177633,1,FALSE,TRUE,18000,0431,1783361838,2026-07-06T18:18:01Z,2026-07-06T18:18:01Z,2026-07-06T18:17:16Z,2.2,https://gbfs.kappa.fifteen.eu/gbfs/2.2/mobi/en/gbfs.json,https://gbfs.kappa.fifteen.eu/gbfs/2.2/mobi/en/free_bike_status.json,2026-07-06T18:18:00Z,2026-07-06T18:18:00Z
mobi_vancouver,mobi_vancouver_0def69cc-1807-422c-ad76-c58dca7293b1,0def69cc-1807-422c-ad76-c58dca7293b1,49.262487,-123.114397,1,FALSE,TRUE,18400,0001,1783361838,2026-07-06T18:18:01Z,2026-07-06T18:18:01Z,2026-07-06T18:17:16Z,2.2,https://gbfs.kappa.fifteen.eu/gbfs/2.2/mobi/en/gbfs.json,https://gbfs.kappa.fifteen.eu/gbfs/2.2/mobi/en/free_bike_status.json,2026-07-06T18:18:00Z,2026-07-06T18:18:00Z
mobi_vancouver,mobi_vancouver_745c1011-73cf-4ffe-a92a-fd5d4b9ef03e,745c1011-73cf-4ffe-a92a-fd5d4b9ef03e,49.289255,-123.132677,1,FALSE,TRUE,18400,0041,1783361838,2026-07-06T18:18:01Z,2026-07-06T18:18:01Z,2026-07-06T18:17:16Z,2.2,https://gbfs.kappa.fifteen.eu/gbfs/2.2/mobi/en/gbfs.json,https://gbfs.kappa.fifteen.eu/gbfs/2.2/mobi/en/free_bike_status.json,2026-07-06T18:18:00Z,2026-07-06T18:18:00Z
mobi_vancouver,mobi_vancouver_a61f8b05-fbab-4592-aafc-245ccafb5a85,a61f8b05-fbab-4592-aafc-245ccafb5a85,49.279342,-123.101822,1,FALSE,TRUE,18400,0055,1783361838,2026-07-06T18:18:01Z,2026-07-06T18:18:01Z,2026-07-06T18:17:16Z,2.2,https://gbfs.kappa.fifteen.eu/gbfs/2.2/mobi/en/gbfs.json,https://gbfs.kappa.fifteen.eu/gbfs/2.2/mobi/en/free_bike_status.json,2026-07-06T18:18:00Z,2026-07-06T18:18:00Z
mobi_vancouver,mobi_vancouver_1fea66e7-412b-433f-88af-6f89dcc1cdc9,1fea66e7-412b-433f-88af-6f89dcc1cdc9,49.268837,-123.177633,1,FALSE,TRUE,18400,0431,1783361838,2026-07-06T18:18:01Z,2026-07-06T18:18:01Z,2026-07-06T18:17:16Z,2.2,https://gbfs.kappa.fifteen.eu/gbfs/2.2/mobi/en/gbfs.json,https://gbfs.kappa.fifteen.eu/gbfs/2.2/mobi/en/free_bike_status.json,2026-07-06T18:18:00Z,2026-07-06T18:18:00Z
mobi_vancouver,mobi_vancouver_d7c90439-ab2f-45a9-bda8-2a81c3149349,d7c90439-ab2f-45a9-bda8-2a81c3149349,49.276915,-123.122765,1,FALSE,TRUE,18800,0027,1783361838,2026-07-06T18:18:01Z,2026-07-06T18:18:01Z,2026-07-06T18:17:16Z,2.2,https://gbfs.kappa.fifteen.eu/gbfs/2.2/mobi/en/gbfs.json,https://gbfs.kappa.fifteen.eu/gbfs/2.2/mobi/en/free_bike_status.json,2026-07-06T18:18:00Z,2026-07-06T18:18:00Z
mobi_vancouver,mobi_vancouver_1d9cf950-4308-4028-9756-dfea435cd7ff,1d9cf950-4308-4028-9756-dfea435cd7ff,49.28062,-123.12482,1,FALSE,TRUE,18800,0037,1783361838,2026-07-06T18:18:01Z,2026-07-06T18:18:01Z,2026-07-06T18:17:16Z,2.2,https://gbfs.kappa.fifteen.eu/gbfs/2.2/mobi/en/gbfs.json,https://gbfs.kappa.fifteen.eu/gbfs/2.2/mobi/en/free_bike_status.json,2026-07-06T18:18:00Z,2026-07-06T18:18:00Z
mobi_vancouver,mobi_vancouver_a695f444-79e6-433d-ad0a-5742d46a0a2d,a695f444-79e6-433d-ad0a-5742d46a0a2d,49.273709,-123.114505,1,FALSE,TRUE,18800,0057,1783361838,2026-07-06T18:18:01Z,2026-07-06T18:18:01Z,2026-07-06T18:17:16Z,2.2,https://gbfs.kappa.fifteen.eu/gbfs/2.2/mobi/en/gbfs.json,https://gbfs.kappa.fifteen.eu/gbfs/2.2/mobi/en/free_bike_status.json,2026-07-06T18:18:00Z,2026-07-06T18:18:00Z
mobi_vancouver,mobi_vancouver_0ef4aa9c-1b9b-4e8c-be55-ba8db48c4a84,0ef4aa9c-1b9b-4e8c-be55-ba8db48c4a84,49.279821,-123.10802,1,FALSE,TRUE,18800,0053,1783361838,2026-07-06T18:18:01Z,2026-07-06T18:18:01Z,2026-07-06T18:17:16Z,2.2,https://gbfs.kappa.fifteen.eu/gbfs/2.2/mobi/en/gbfs.json,https://gbfs.kappa.fifteen.eu/gbfs/2.2/mobi/en/free_bike_status.json,2026-07-06T18:18:00Z,2026-07-06T18:18:00Z
mobi_vancouver,mobi_vancouver_4363cefe-45b5-4212-9fa1-f4a85ea85dd9,4363cefe-45b5-4212-9fa1-f4a85ea85dd9,49.268269,-123.147885,1,FALSE,TRUE,18800,0076,1783361838,2026-07-06T18:18:01Z,2026-07-06T18:18:01Z,2026-07-06T18:17:16Z,2.2,https://gbfs.kappa.fifteen.eu/gbfs/2.2/mobi/en/gbfs.json,https://gbfs.kappa.fifteen.eu/gbfs/2.2/mobi/en/free_bike_status.json,2026-07-06T18:18:00Z,2026-07-06T18:18:00Z
mobi_vancouver,mobi_vancouver_2566b846-305d-4da2-b52d-1f700702d171,2566b846-305d-4da2-b52d-1f700702d171,49.266314,-123.116011,1,FALSE,TRUE,18800,0006,1783361838,2026-07-06T18:18:01Z,2026-07-06T18:18:01Z,2026-07-06T18:17:16Z,2.2,https://gbfs.kappa.fifteen.eu/gbfs/2.2/mobi/en/gbfs.json,https://gbfs.kappa.fifteen.eu/gbfs/2.2/mobi/en/free_bike_status.json,2026-07-06T18:18:00Z,2026-07-06T18:18:00Z
mobi_vancouver,mobi_vancouver_2b13c511-5036-4cd9-8554-83ce66f8ac95,2b13c511-5036-4cd9-8554-83ce66f8ac95,49.270721,-123.146175,2,FALSE,TRUE,18800,0108,1783361838,2026-07-06T18:18:01Z,2026-07-06T18:18:01Z,2026-07-06T18:17:16Z,2.2,https://gbfs.kappa.fifteen.eu/gbfs/2.2/mobi/en/gbfs.json,https://gbfs.kappa.fifteen.eu/gbfs/2.2/mobi/en/free_bike_status.json,2026-07-06T18:18:00Z,2026-07-06T18:18:00Z
mobi_vancouver,mobi_vancouver_7404de09-e8b8-4cb0-8c46-aee5eb0913f9,7404de09-e8b8-4cb0-8c46-aee5eb0913f9,49.265253,-123.145761,1,FALSE,TRUE,18800,0140,1783361838,2026-07-06T18:18:01Z,2026-07-06T18:18:01Z,2026-07-06T18:17:16Z,2.2,https://gbfs.kappa.fifteen.eu/gbfs/2.2/mobi/en/gbfs.json,https://gbfs.kappa.fifteen.eu/gbfs/2.2/mobi/en/free_bike_status.json,2026-07-06T18:18:00Z,2026-07-06T18:18:00Z
mobi_vancouver,mobi_vancouver_5e8f84bc-6b7f-4874-9e9b-f526191b79eb,5e8f84bc-6b7f-4874-9e9b-f526191b79eb,49.269361,-123.13782,1,FALSE,TRUE,19200,0066,1783361838,2026-07-06T18:18:01Z,2026-07-06T18:18:01Z,2026-07-06T18:17:16Z,2.2,https://gbfs.kappa.fifteen.eu/gbfs/2.2/mobi/en/gbfs.json,https://gbfs.kappa.fifteen.eu/gbfs/2.2/mobi/en/free_bike_status.json,2026-07-06T18:18:00Z,2026-07-06T18:18:00Z
mobi_vancouver,mobi_vancouver_c86dbac6-a256-4004-85b7-71f495eca878,c86dbac6-a256-4004-85b7-71f495eca878,49.284062,-123.095097,1,FALSE,TRUE,19200,0161,1783361838,2026-07-06T18:18:01Z,2026-07-06T18:18:01Z,2026-07-06T18:17:16Z,2.2,https://gbfs.kappa.fifteen.eu/gbfs/2.2/mobi/en/gbfs.json,https://gbfs.kappa.fifteen.eu/gbfs/2.2/mobi/en/free_bike_status.json,2026-07-06T18:18:00Z,2026-07-06T18:18:00Z
mobi_vancouver,mobi_vancouver_9444d5b2-ea04-4bcd-953b-633fe827a1c8,9444d5b2-ea04-4bcd-953b-633fe827a1c8,49.288682,-123.11818,1,FALSE,TRUE,20000,0201,1783361838,2026-07-06T18:18:01Z,2026-07-06T18:18:01Z,2026-07-06T18:17:16Z,2.2,https://gbfs.kappa.fifteen.eu/gbfs/2.2/mobi/en/gbfs.json,https://gbfs.kappa.fifteen.eu/gbfs/2.2/mobi/en/free_bike_status.json,2026-07-06T18:18:00Z,2026-07-06T18:18:00Z
mobi_vancouver,mobi_vancouver_62ec55e0-5c4c-48ad-8c24-192986da4867,62ec55e0-5c4c-48ad-8c24-192986da4867,49.27924,-123.119185,2,FALSE,TRUE,20000,0058,1783361838,2026-07-06T18:18:01Z,2026-07-06T18:18:01Z,2026-07-06T18:17:16Z,2.2,https://gbfs.kappa.fifteen.eu/gbfs/2.2/mobi/en/gbfs.json,https://gbfs.kappa.fifteen.eu/gbfs/2.2/mobi/en/free_bike_status.json,2026-07-06T18:18:00Z,2026-07-06T18:18:00Z
mobi_vancouver,mobi_vancouver_5b4a8e2a-ad4c-4839-a4fa-0491e46326b8,5b4a8e2a-ad4c-4839-a4fa-0491e46326b8,49.269969,-123.109623,1,FALSE,TRUE,20000,0173,1783361838,2026-07-06T18:18:01Z,2026-07-06T18:18:01Z,2026-07-06T18:17:16Z,2.2,https://gbfs.kappa.fifteen.eu/gbfs/2.2/mobi/en/gbfs.json,https://gbfs.kappa.fifteen.eu/gbfs/2.2/mobi/en/free_bike_status.json,2026-07-06T18:18:00Z,2026-07-06T18:18:00Z
mobi_vancouver,mobi_vancouver_8e486ec5-3269-4726-b6da-1cc374326fe1,8e486ec5-3269-4726-b6da-1cc374326fe1,49.263236,-123.143339,1,FALSE,TRUE,20000,0205,1783361838,2026-07-06T18:18:01Z,2026-07-06T18:18:01Z,2026-07-06T18:17:16Z,2.2,https://gbfs.kappa.fifteen.eu/gbfs/2.2/mobi/en/gbfs.json,https://gbfs.kappa.fifteen.eu/gbfs/2.2/mobi/en/free_bike_status.json,2026-07-06T18:18:00Z,2026-07-06T18:18:00Z
mobi_vancouver,mobi_vancouver_60270402-0854-45ad-adab-de99713fc82f,60270402-0854-45ad-adab-de99713fc82f,49.277615,-123.091654,1,FALSE,TRUE,20000,0215,1783361838,2026-07-06T18:18:01Z,2026-07-06T18:18:01Z,2026-07-06T18:17:16Z,2.2,https://gbfs.kappa.fifteen.eu/gbfs/2.2/mobi/en/gbfs.json,https://gbfs.kappa.fifteen.eu/gbfs/2.2/mobi/en/free_bike_status.json,2026-07-06T18:18:00Z,2026-07-06T18:18:00Z
mobi_vancouver,mobi_vancouver_6a5be2d0-902a-4f42-b0af-aab2d051559c,6a5be2d0-902a-4f42-b0af-aab2d051559c,49.275683,-123.124388,1,FALSE,TRUE,20400,0082,1783361838,2026-07-06T18:18:01Z,2026-07-06T18:18:01Z,2026-07-06T18:17:16Z,2.2,https://gbfs.kappa.fifteen.eu/gbfs/2.2/mobi/en/gbfs.json,https://gbfs.kappa.fifteen.eu/gbfs/2.2/mobi/en/free_bike_status.json,2026-07-06T18:18:00Z,2026-07-06T18:18:00Z
mobi_vancouver,mobi_vancouver_71c7b04f-558c-4f5f-9ba2-dbcb564d0b88,71c7b04f-558c-4f5f-9ba2-dbcb564d0b88,49.27821,-123.136972,2,FALSE,TRUE,20400,0083,1783361838,2026-07-06T18:18:01Z,2026-07-06T18:18:01Z,2026-07-06T18:17:16Z,2.2,https://gbfs.kappa.fifteen.eu/gbfs/2.2/mobi/en/gbfs.json,https://gbfs.kappa.fifteen.eu/gbfs/2.2/mobi/en/free_bike_status.json,2026-07-06T18:18:00Z,2026-07-06T18:18:00Z
mobi_vancouver,mobi_vancouver_983617a7-20bd-46bf-b6b5-2a7e4aa6b44d,983617a7-20bd-46bf-b6b5-2a7e4aa6b44d,49.291901,-123.140669,1,FALSE,TRUE,20800,0092,1783361838,2026-07-06T18:18:01Z,2026-07-06T18:18:01Z,2026-07-06T18:17:16Z,2.2,https://gbfs.kappa.fifteen.eu/gbfs/2.2/mobi/en/gbfs.json,https://gbfs.kappa.fifteen.eu/gbfs/2.2/mobi/en/free_bike_status.json,2026-07-06T18:18:00Z,2026-07-06T18:18:00Z
mobi_vancouver,mobi_vancouver_cc53c24c-79d9-4a1f-bdb0-6280dd39d8fa,cc53c24c-79d9-4a1f-bdb0-6280dd39d8fa,49.264013,-123.113001,1,FALSE,TRUE,20800,0170,1783361838,2026-07-06T18:18:01Z,2026-07-06T18:18:01Z,2026-07-06T18:17:16Z,2.2,https://gbfs.kappa.fifteen.eu/gbfs/2.2/mobi/en/gbfs.json,https://gbfs.kappa.fifteen.eu/gbfs/2.2/mobi/en/free_bike_status.json,2026-07-06T18:18:00Z,2026-07-06T18:18:00Z
mobi_vancouver,mobi_vancouver_d9bc8dc6-3f48-4423-879f-b9ea4f8a5eab,d9bc8dc6-3f48-4423-879f-b9ea4f8a5eab,49.28512,-123.11242,1,FALSE,TRUE,20800,0308,1783361838,2026-07-06T18:18:01Z,2026-07-06T18:18:01Z,2026-07-06T18:17:16Z,2.2,https://gbfs.kappa.fifteen.eu/gbfs/2.2/mobi/en/gbfs.json,https://gbfs.kappa.fifteen.eu/gbfs/2.2/mobi/en/free_bike_status.json,2026-07-06T18:18:00Z,2026-07-06T18:18:00Z
mobi_vancouver,mobi_vancouver_9374c400-490a-47c5-b02e-9589a502c5de,9374c400-490a-47c5-b02e-9589a502c5de,49.287528,-123.142139,1,FALSE,TRUE,21200,0028,1783361838,2026-07-06T18:18:01Z,2026-07-06T18:18:01Z,2026-07-06T18:17:16Z,2.2,https://gbfs.kappa.fifteen.eu/gbfs/2.2/mobi/en/gbfs.json,https://gbfs.kappa.fifteen.eu/gbfs/2.2/mobi/en/free_bike_status.json,2026-07-06T18:18:00Z,2026-07-06T18:18:00Z
mobi_vancouver,mobi_vancouver_2b71ce6b-a691-48d4-96d6-6058adcd242b,2b71ce6b-a691-48d4-96d6-6058adcd242b,49.291926,-123.128563,1,FALSE,TRUE,21200,0200,1783361838,2026-07-06T18:18:01Z,2026-07-06T18:18:01Z,2026-07-06T18:17:16Z,2.2,https://gbfs.kappa.fifteen.eu/gbfs/2.2/mobi/en/gbfs.json,https://gbfs.kappa.fifteen.eu/gbfs/2.2/mobi/en/free_bike_status.json,2026-07-06T18:18:00Z,2026-07-06T18:18:00Z
mobi_vancouver,mobi_vancouver_7f6efaa0-8685-4447-90ce-08ec4ecd4cbd,7f6efaa0-8685-4447-90ce-08ec4ecd4cbd,49.270721,-123.146175,1,FALSE,TRUE,21600,0108,1783361838,2026-07-06T18:18:01Z,2026-07-06T18:18:01Z,2026-07-06T18:17:16Z,2.2,https://gbfs.kappa.fifteen.eu/gbfs/2.2/mobi/en/gbfs.json,https://gbfs.kappa.fifteen.eu/gbfs/2.2/mobi/en/free_bike_status.json,2026-07-06T18:18:00Z,2026-07-06T18:18:00Z
mobi_vancouver,mobi_vancouver_75c64230-86ad-41f4-a729-79e240f57c41,75c64230-86ad-41f4-a729-79e240f57c41,49.266969,-123.069936,1,FALSE,TRUE,21600,0241,1783361838,2026-07-06T18:18:01Z,2026-07-06T18:18:01Z,2026-07-06T18:17:16Z,2.2,https://gbfs.kappa.fifteen.eu/gbfs/2.2/mobi/en/gbfs.json,https://gbfs.kappa.fifteen.eu/gbfs/2.2/mobi/en/free_bike_status.json,2026-07-06T18:18:00Z,2026-07-06T18:18:00Z
mobi_vancouver,mobi_vancouver_9103a5c2-c90f-45a9-9373-91456d68299f,9103a5c2-c90f-45a9-9373-91456d68299f,49.243375,-123.104978,1,FALSE,TRUE,21600,0557,1783361838,2026-07-06T18:18:01Z,2026-07-06T18:18:01Z,2026-07-06T18:17:16Z,2.2,https://gbfs.kappa.fifteen.eu/gbfs/2.2/mobi/en/gbfs.json,https://gbfs.kappa.fifteen.eu/gbfs/2.2/mobi/en/free_bike_status.json,2026-07-06T18:18:00Z,2026-07-06T18:18:00Z
mobi_vancouver,mobi_vancouver_8036e53f-ffd2-46ff-bb6c-bf0673cc9a2a,8036e53f-ffd2-46ff-bb6c-bf0673cc9a2a,49.266724,-123.104824,1,FALSE,TRUE,22400,0073,1783361838,2026-07-06T18:18:01Z,2026-07-06T18:18:01Z,2026-07-06T18:17:16Z,2.2,https://gbfs.kappa.fifteen.eu/gbfs/2.2/mobi/en/gbfs.json,https://gbfs.kappa.fifteen.eu/gbfs/2.2/mobi/en/free_bike_status.json,2026-07-06T18:18:00Z,2026-07-06T18:18:00Z
mobi_vancouver,mobi_vancouver_59ab1858-9eb7-4281-affb-4164c2fd3e3b,59ab1858-9eb7-4281-affb-4164c2fd3e3b,49.265005,-123.079481,1,FALSE,TRUE,22400,0236,1783361838,2026-07-06T18:18:01Z,2026-07-06T18:18:01Z,2026-07-06T18:17:16Z,2.2,https://gbfs.kappa.fifteen.eu/gbfs/2.2/mobi/en/gbfs.json,https://gbfs.kappa.fifteen.eu/gbfs/2.2/mobi/en/free_bike_status.json,2026-07-06T18:18:00Z,2026-07-06T18:18:00Z
mobi_vancouver,mobi_vancouver_e3564c70-e27a-4126-bed6-3959d2ed8da0,e3564c70-e27a-4126-bed6-3959d2ed8da0,49.270743,-123.115326,1,FALSE,TRUE,22800,0009,1783361838,2026-07-06T18:18:01Z,2026-07-06T18:18:01Z,2026-07-06T18:17:16Z,2.2,https://gbfs.kappa.fifteen.eu/gbfs/2.2/mobi/en/gbfs.json,https://gbfs.kappa.fifteen.eu/gbfs/2.2/mobi/en/free_bike_status.json,2026-07-06T18:18:00Z,2026-07-06T18:18:00Z
mobi_vancouver,mobi_vancouver_d1547c7f-c2ae-4c5f-9735-bdb9b31f4662,d1547c7f-c2ae-4c5f-9735-bdb9b31f4662,49.282409,-123.118541,1,FALSE,TRUE,22800,0015,1783361838,2026-07-06T18:18:01Z,2026-07-06T18:18:01Z,2026-07-06T18:17:16Z,2.2,https://gbfs.kappa.fifteen.eu/gbfs/2.2/mobi/en/gbfs.json,https://gbfs.kappa.fifteen.eu/gbfs/2.2/mobi/en/free_bike_status.json,2026-07-06T18:18:00Z,2026-07-06T18:18:00Z
mobi_vancouver,mobi_vancouver_c261ae89-610f-4532-9d95-d9a1dff625de,c261ae89-610f-4532-9d95-d9a1dff625de,49.279821,-123.10802,1,FALSE,TRUE,22800,0053,1783361838,2026-07-06T18:18:01Z,2026-07-06T18:18:01Z,2026-07-06T18:17:16Z,2.2,https://gbfs.kappa.fifteen.eu/gbfs/2.2/mobi/en/gbfs.json,https://gbfs.kappa.fifteen.eu/gbfs/2.2/mobi/en/free_bike_status.json,2026-07-06T18:18:00Z,2026-07-06T18:18:00Z
mobi_vancouver,mobi_vancouver_29b8de09-f508-4210-b308-f5002afb5fa4,29b8de09-f508-4210-b308-f5002afb5fa4,49.265605,-123.152566,1,FALSE,TRUE,22800,0109,1783361838,2026-07-06T18:18:01Z,2026-07-06T18:18:01Z,2026-07-06T18:17:16Z,2.2,https://gbfs.kappa.fifteen.eu/gbfs/2.2/mobi/en/gbfs.json,https://gbfs.kappa.fifteen.eu/gbfs/2.2/mobi/en/free_bike_status.json,2026-07-06T18:18:00Z,2026-07-06T18:18:00Z
mobi_vancouver,mobi_vancouver_c7e717ef-b0f7-42ca-b8e8-72c28e0cd2bd,c7e717ef-b0f7-42ca-b8e8-72c28e0cd2bd,49.275683,-123.124388,1,FALSE,TRUE,22800,0082,1783361838,2026-07-06T18:18:01Z,2026-07-06T18:18:01Z,2026-07-06T18:17:16Z,2.2,https://gbfs.kappa.fifteen.eu/gbfs/2.2/mobi/en/gbfs.json,https://gbfs.kappa.fifteen.eu/gbfs/2.2/mobi/en/free_bike_status.json,2026-07-06T18:18:00Z,2026-07-06T18:18:00Z
mobi_vancouver,mobi_vancouver_6b72373c-f19b-4783-a13e-4671242f62b0,6b72373c-f19b-4783-a13e-4671242f62b0,49.264937,-123.168058,1,FALSE,TRUE,22800,0452,1783361838,2026-07-06T18:18:01Z,2026-07-06T18:18:01Z,2026-07-06T18:17:16Z,2.2,https://gbfs.kappa.fifteen.eu/gbfs/2.2/mobi/en/gbfs.json,https://gbfs.kappa.fifteen.eu/gbfs/2.2/mobi/en/free_bike_status.json,2026-07-06T18:18:00Z,2026-07-06T18:18:00Z
mobi_vancouver,mobi_vancouver_1fe3dec6-b822-42a7-bdeb-44dbec138dc1,1fe3dec6-b822-42a7-bdeb-44dbec138dc1,49.284554,-123.111031,2,FALSE,TRUE,23600,0250,1783361838,2026-07-06T18:18:01Z,2026-07-06T18:18:01Z,2026-07-06T18:17:16Z,2.2,https://gbfs.kappa.fifteen.eu/gbfs/2.2/mobi/en/gbfs.json,https://gbfs.kappa.fifteen.eu/gbfs/2.2/mobi/en/free_bike_status.json,2026-07-06T18:18:00Z,2026-07-06T18:18:00Z
mobi_vancouver,mobi_vancouver_db912d84-ea8b-42e2-9d92-111e73ba2496,db912d84-ea8b-42e2-9d92-111e73ba2496,49.288732,-123.118189,1,FALSE,TRUE,24000,0201,1783361838,2026-07-06T18:18:01Z,2026-07-06T18:18:01Z,2026-07-06T18:17:16Z,2.2,https://gbfs.kappa.fifteen.eu/gbfs/2.2/mobi/en/gbfs.json,https://gbfs.kappa.fifteen.eu/gbfs/2.2/mobi/en/free_bike_status.json,2026-07-06T18:18:00Z,2026-07-06T18:18:00Z
mobi_vancouver,mobi_vancouver_6504e58c-3f9b-4759-886e-a00afa016aaa,6504e58c-3f9b-4759-886e-a00afa016aaa,49.287528,-123.142139,1,FALSE,TRUE,24000,0028,1783361838,2026-07-06T18:18:01Z,2026-07-06T18:18:01Z,2026-07-06T18:17:16Z,2.2,https://gbfs.kappa.fifteen.eu/gbfs/2.2/mobi/en/gbfs.json,https://gbfs.kappa.fifteen.eu/gbfs/2.2/mobi/en/free_bike_status.json,2026-07-06T18:18:00Z,2026-07-06T18:18:00Z
mobi_vancouver,mobi_vancouver_88ea52bd-f8da-478d-96ff-2b11a7b05ddb,88ea52bd-f8da-478d-96ff-2b11a7b05ddb,49.270277,-123.134903,1,FALSE,TRUE,24800,0189,1783361838,2026-07-06T18:18:01Z,2026-07-06T18:18:01Z,2026-07-06T18:17:16Z,2.2,https://gbfs.kappa.fifteen.eu/gbfs/2.2/mobi/en/gbfs.json,https://gbfs.kappa.fifteen.eu/gbfs/2.2/mobi/en/free_bike_status.json,2026-07-06T18:18:00Z,2026-07-06T18:18:00Z
mobi_vancouver,mobi_vancouver_a2b8866d-74e6-47a8-a50b-f030f9dd678f,a2b8866d-74e6-47a8-a50b-f030f9dd678f,49.28803,-123.142135,2,FALSE,TRUE,31600,0031,1783361838,2026-07-06T18:18:01Z,2026-07-06T18:18:01Z,2026-07-06T18:17:16Z,2.2,https://gbfs.kappa.fifteen.eu/gbfs/2.2/mobi/en/gbfs.json,https://gbfs.kappa.fifteen.eu/gbfs/2.2/mobi/en/free_bike_status.json,2026-07-06T18:18:00Z,2026-07-06T18:18:00Z
mobi_vancouver,mobi_vancouver_17d16e33-a65b-4762-a1ae-fe444bdcbe7a,17d16e33-a65b-4762-a1ae-fe444bdcbe7a,49.281301,-123.139108,2,FALSE,TRUE,38400,0028,1783361838,2026-07-06T18:18:01Z,2026-07-06T18:18:01Z,2026-07-06T18:17:16Z,2.2,https://gbfs.kappa.fifteen.eu/gbfs/2.2/mobi/en/gbfs.json,https://gbfs.kappa.fifteen.eu/gbfs/2.2/mobi/en/free_bike_status.json,2026-07-06T18:18:00Z,2026-07-06T18:18:00Z
mobi_vancouver,mobi_vancouver_414a114e-a306-4d58-bd3b-df48f1e22da1,414a114e-a306-4d58-bd3b-df48f1e22da1,49.2756,-123.102661,2,FALSE,TRUE,40000,0148,1783361838,2026-07-06T18:18:01Z,2026-07-06T18:18:01Z,2026-07-06T18:17:16Z,2.2,https://gbfs.kappa.fifteen.eu/gbfs/2.2/mobi/en/gbfs.json,https://gbfs.kappa.fifteen.eu/gbfs/2.2/mobi/en/free_bike_status.json,2026-07-06T18:18:00Z,2026-07-06T18:18:00Z
mobi_vancouver,mobi_vancouver_258d7032-0011-47ec-9e63-2389bf72db1e,258d7032-0011-47ec-9e63-2389bf72db1e,49.273674,-123.127035,2,FALSE,TRUE,40000,0044,1783361838,2026-07-06T18:18:01Z,2026-07-06T18:18:01Z,2026-07-06T18:17:16Z,2.2,https://gbfs.kappa.fifteen.eu/gbfs/2.2/mobi/en/gbfs.json,https://gbfs.kappa.fifteen.eu/gbfs/2.2/mobi/en/free_bike_status.json,2026-07-06T18:18:00Z,2026-07-06T18:18:00Z
mobi_vancouver,mobi_vancouver_f3a73cd8-3d61-42a8-932f-91b1aff7a789,f3a73cd8-3d61-42a8-932f-91b1aff7a789,49.282758,-123.122092,2,FALSE,TRUE,40000,0019,1783361838,2026-07-06T18:18:01Z,2026-07-06T18:18:01Z,2026-07-06T18:17:16Z,2.2,https://gbfs.kappa.fifteen.eu/gbfs/2.2/mobi/en/gbfs.json,https://gbfs.kappa.fifteen.eu/gbfs/2.2/mobi/en/free_bike_status.json,2026-07-06T18:18:00Z,2026-07-06T18:18:00Z
mobi_vancouver,mobi_vancouver_17169c24-b31e-4d16-85d0-9812fc526b1c,17169c24-b31e-4d16-85d0-9812fc526b1c,49.267561,-123.252261,2,FALSE,TRUE,40000,2132,1783361838,2026-07-06T18:18:01Z,2026-07-06T18:18:01Z,2026-07-06T18:17:16Z,2.2,https://gbfs.kappa.fifteen.eu/gbfs/2.2/mobi/en/gbfs.json,https://gbfs.kappa.fifteen.eu/gbfs/2.2/mobi/en/free_bike_status.json,2026-07-06T18:18:00Z,2026-07-06T18:18:00Z
mobi_vancouver,mobi_vancouver_c8ae6bfb-643c-494b-a1a3-8b3a2d1e5d1f,c8ae6bfb-643c-494b-a1a3-8b3a2d1e5d1f,49.25478,-123.23621,2,FALSE,TRUE,40000,2252,1783361838,2026-07-06T18:18:01Z,2026-07-06T18:18:01Z,2026-07-06T18:17:16Z,2.2,https://gbfs.kappa.fifteen.eu/gbfs/2.2/mobi/en/gbfs.json,https://gbfs.kappa.fifteen.eu/gbfs/2.2/mobi/en/free_bike_status.json,2026-07-06T18:18:00Z,2026-07-06T18:18:00Z
mobi_vancouver,mobi_vancouver_69e9a396-83ae-478a-a1f8-f93e870547ed,69e9a396-83ae-478a-a1f8-f93e870547ed,49.261655,-123.241924,2,FALSE,TRUE,40000,2157,1783361838,2026-07-06T18:18:01Z,2026-07-06T18:18:01Z,2026-07-06T18:17:16Z,2.2,https://gbfs.kappa.fifteen.eu/gbfs/2.2/mobi/en/gbfs.json,https://gbfs.kappa.fifteen.eu/gbfs/2.2/mobi/en/free_bike_status.json,2026-07-06T18:18:00Z,2026-07-06T18:18:00Z
mobi_vancouver,mobi_vancouver_a66d4b03-6e85-4b36-94b2-d0a556bc4c85,a66d4b03-6e85-4b36-94b2-d0a556bc4c85,49.249184,-123.116141,2,FALSE,TRUE,40000,2136,1783361838,2026-07-06T18:18:01Z,2026-07-06T18:18:01Z,2026-07-06T18:17:16Z,2.2,https://gbfs.kappa.fifteen.eu/gbfs/2.2/mobi/en/gbfs.json,https://gbfs.kappa.fifteen.eu/gbfs/2.2/mobi/en/free_bike_status.json,2026-07-06T18:18:00Z,2026-07-06T18:18:00Z
mobi_vancouver,mobi_vancouver_4250d3a2-a577-4d34-b148-c481c315148e,4250d3a2-a577-4d34-b148-c481c315148e,49.264215,-123.117772,2,FALSE,TRUE,0,0008,1783361838,2026-07-06T18:18:01Z,2026-07-06T18:18:01Z,2026-07-06T18:17:16Z,2.2,https://gbfs.kappa.fifteen.eu/gbfs/2.2/mobi/en/gbfs.json,https://gbfs.kappa.fifteen.eu/gbfs/2.2/mobi/en/free_bike_status.json,2026-07-06T18:18:00Z,2026-07-06T18:18:00Z
mobi_vancouver,mobi_vancouver_b6b21cd3-07a8-4013-bc9f-fe566acaf3b9,b6b21cd3-07a8-4013-bc9f-fe566acaf3b9,49.269361,-123.13782,2,FALSE,TRUE,0,0066,1783361838,2026-07-06T18:18:01Z,2026-07-06T18:18:01Z,2026-07-06T18:17:16Z,2.2,https://gbfs.kappa.fifteen.eu/gbfs/2.2/mobi/en/gbfs.json,https://gbfs.kappa.fifteen.eu/gbfs/2.2/mobi/en/free_bike_status.json,2026-07-06T18:18:00Z,2026-07-06T18:18:00Z
mobi_vancouver,mobi_vancouver_489808e7-be0e-43ac-821b-57eb3d0cf4d7,489808e7-be0e-43ac-821b-57eb3d0cf4d7,49.265089,-123.119425,2,FALSE,TRUE,0,0081,1783361838,2026-07-06T18:18:01Z,2026-07-06T18:18:01Z,2026-07-06T18:17:16Z,2.2,https://gbfs.kappa.fifteen.eu/gbfs/2.2/mobi/en/gbfs.json,https://gbfs.kappa.fifteen.eu/gbfs/2.2/mobi/en/free_bike_status.json,2026-07-06T18:18:00Z,2026-07-06T18:18:00Z
mobi_vancouver,mobi_vancouver_fbe018d5-4985-4d3f-9d5c-d75df6c46210,fbe018d5-4985-4d3f-9d5c-d75df6c46210,49.265089,-123.119425,2,FALSE,TRUE,0,0081,1783361838,2026-07-06T18:18:01Z,2026-07-06T18:18:01Z,2026-07-06T18:17:16Z,2.2,https://gbfs.kappa.fifteen.eu/gbfs/2.2/mobi/en/gbfs.json,https://gbfs.kappa.fifteen.eu/gbfs/2.2/mobi/en/free_bike_status.json,2026-07-06T18:18:00Z,2026-07-06T18:18:00Z
mobi_vancouver,mobi_vancouver_15da592b-78df-432d-87d7-1f4fb5060250,15da592b-78df-432d-87d7-1f4fb5060250,49.279259,-123.119145,2,FALSE,TRUE,0,0058,1783361838,2026-07-06T18:18:01Z,2026-07-06T18:18:01Z,2026-07-06T18:17:16Z,2.2,https://gbfs.kappa.fifteen.eu/gbfs/2.2/mobi/en/gbfs.json,https://gbfs.kappa.fifteen.eu/gbfs/2.2/mobi/en/free_bike_status.json,2026-07-06T18:18:00Z,2026-07-06T18:18:00Z
mobi_vancouver,mobi_vancouver_376ffbac-39d2-4056-96e0-0c91c7be3612,376ffbac-39d2-4056-96e0-0c91c7be3612,49.265605,-123.152566,2,FALSE,TRUE,0,0109,1783361838,2026-07-06T18:18:01Z,2026-07-06T18:18:01Z,2026-07-06T18:17:16Z,2.2,https://gbfs.kappa.fifteen.eu/gbfs/2.2/mobi/en/gbfs.json,https://gbfs.kappa.fifteen.eu/gbfs/2.2/mobi/en/free_bike_status.json,2026-07-06T18:18:00Z,2026-07-06T18:18:00Z
mobi_vancouver,mobi_vancouver_53412bd5-ec74-4b25-a5e5-1e2d71f37552,53412bd5-ec74-4b25-a5e5-1e2d71f37552,49.266314,-123.116011,2,FALSE,TRUE,0,0006,1783361838,2026-07-06T18:18:01Z,2026-07-06T18:18:01Z,2026-07-06T18:17:16Z,2.2,https://gbfs.kappa.fifteen.eu/gbfs/2.2/mobi/en/gbfs.json,https://gbfs.kappa.fifteen.eu/gbfs/2.2/mobi/en/free_bike_status.json,2026-07-06T18:18:00Z,2026-07-06T18:18:00Z
mobi_vancouver,mobi_vancouver_9eabcb97-348d-4acf-8d2f-0ebe249aee17,9eabcb97-348d-4acf-8d2f-0ebe249aee17,49.266314,-123.116011,2,FALSE,TRUE,0,0006,1783361838,2026-07-06T18:18:01Z,2026-07-06T18:18:01Z,2026-07-06T18:17:16Z,2.2,https://gbfs.kappa.fifteen.eu/gbfs/2.2/mobi/en/gbfs.json,https://gbfs.kappa.fifteen.eu/gbfs/2.2/mobi/en/free_bike_status.json,2026-07-06T18:18:00Z,2026-07-06T18:18:00Z
mobi_vancouver,mobi_vancouver_b2b59e08-bfa8-4b0d-bde4-fec58a4f5504,b2b59e08-bfa8-4b0d-bde4-fec58a4f5504,49.275938,-123.145939,2,FALSE,TRUE,0,0147,1783361838,2026-07-06T18:18:01Z,2026-07-06T18:18:01Z,2026-07-06T18:17:16Z,2.2,https://gbfs.kappa.fifteen.eu/gbfs/2.2/mobi/en/gbfs.json,https://gbfs.kappa.fifteen.eu/gbfs/2.2/mobi/en/free_bike_status.json,2026-07-06T18:18:00Z,2026-07-06T18:18:00Z
mobi_vancouver,mobi_vancouver_4586601f-9829-448c-bfde-a41bf1d8e02d,4586601f-9829-448c-bfde-a41bf1d8e02d,49.268339,-123.157443,2,FALSE,TRUE,0,0159,1783361838,2026-07-06T18:18:01Z,2026-07-06T18:18:01Z,2026-07-06T18:17:16Z,2.2,https://gbfs.kappa.fifteen.eu/gbfs/2.2/mobi/en/gbfs.json,https://gbfs.kappa.fifteen.eu/gbfs/2.2/mobi/en/free_bike_status.json,2026-07-06T18:18:00Z,2026-07-06T18:18:00Z
mobi_vancouver,mobi_vancouver_d304e36e-d080-4998-9a9d-8e31ca80dee8,d304e36e-d080-4998-9a9d-8e31ca80dee8,49.267222,-123.153157,2,FALSE,TRUE,0,0110,1783361838,2026-07-06T18:18:01Z,2026-07-06T18:18:01Z,2026-07-06T18:17:16Z,2.2,https://gbfs.kappa.fifteen.eu/gbfs/2.2/mobi/en/gbfs.json,https://gbfs.kappa.fifteen.eu/gbfs/2.2/mobi/en/free_bike_status.json,2026-07-06T18:18:00Z,2026-07-06T18:18:00Z
mobi_vancouver,mobi_vancouver_0ba1a3e8-4c49-4024-a8ff-a1d6671207d4,0ba1a3e8-4c49-4024-a8ff-a1d6671207d4,49.266774,-123.141135,2,FALSE,TRUE,0,0153,1783361838,2026-07-06T18:18:01Z,2026-07-06T18:18:01Z,2026-07-06T18:17:16Z,2.2,https://gbfs.kappa.fifteen.eu/gbfs/2.2/mobi/en/gbfs.json,https://gbfs.kappa.fifteen.eu/gbfs/2.2/mobi/en/free_bike_status.json,2026-07-06T18:18:00Z,2026-07-06T18:18:00Z
mobi_vancouver,mobi_vancouver_cdcfa1e7-8642-4b83-a383-411c70a52463,cdcfa1e7-8642-4b83-a383-411c70a52463,49.276897,-123.101746,2,FALSE,TRUE,0,0801,1783361838,2026-07-06T18:18:01Z,2026-07-06T18:18:01Z,2026-07-06T18:17:16Z,2.2,https://gbfs.kappa.fifteen.eu/gbfs/2.2/mobi/en/gbfs.json,https://gbfs.kappa.fifteen.eu/gbfs/2.2/mobi/en/free_bike_status.json,2026-07-06T18:18:00Z,2026-07-06T18:18:00Z
mobi_vancouver,mobi_vancouver_9abdfbfc-efa1-4a31-af2b-3a0c0feef8f0,9abdfbfc-efa1-4a31-af2b-3a0c0feef8f0,49.267859,-123.145782,2,FALSE,TRUE,0,0139,1783361838,2026-07-06T18:18:01Z,2026-07-06T18:18:01Z,2026-07-06T18:17:16Z,2.2,https://gbfs.kappa.fifteen.eu/gbfs/2.2/mobi/en/gbfs.json,https://gbfs.kappa.fifteen.eu/gbfs/2.2/mobi/en/free_bike_status.json,2026-07-06T18:18:00Z,2026-07-06T18:18:00Z
mobi_vancouver,mobi_vancouver_dd16b9be-fd83-4e59-b935-e8d1881c9b1e,dd16b9be-fd83-4e59-b935-e8d1881c9b1e,49.263746,-123.069892,2,FALSE,TRUE,0,0254,1783361838,2026-07-06T18:18:01Z,2026-07-06T18:18:01Z,2026-07-06T18:17:16Z,2.2,https://gbfs.kappa.fifteen.eu/gbfs/2.2/mobi/en/gbfs.json,https://gbfs.kappa.fifteen.eu/gbfs/2.2/mobi/en/free_bike_status.json,2026-07-06T18:18:00Z,2026-07-06T18:18:00Z
mobi_vancouver,mobi_vancouver_616cba60-383b-4ffb-bc9f-c85911f20df3,616cba60-383b-4ffb-bc9f-c85911f20df3,49.284062,-123.095097,2,FALSE,TRUE,0,0161,1783361838,2026-07-06T18:18:01Z,2026-07-06T18:18:01Z,2026-07-06T18:17:16Z,2.2,https://gbfs.kappa.fifteen.eu/gbfs/2.2/mobi/en/gbfs.json,https://gbfs.kappa.fifteen.eu/gbfs/2.2/mobi/en/free_bike_status.json,2026-07-06T18:18:00Z,2026-07-06T18:18:00Z
mobi_vancouver,mobi_vancouver_8073be45-e722-4a4c-80ce-97283f4e62b9,8073be45-e722-4a4c-80ce-97283f4e62b9,49.256496,-123.075426,2,FALSE,TRUE,0,0283,1783361838,2026-07-06T18:18:01Z,2026-07-06T18:18:01Z,2026-07-06T18:17:16Z,2.2,https://gbfs.kappa.fifteen.eu/gbfs/2.2/mobi/en/gbfs.json,https://gbfs.kappa.fifteen.eu/gbfs/2.2/mobi/en/free_bike_status.json,2026-07-06T18:18:00Z,2026-07-06T18:18:00Z
mobi_vancouver,mobi_vancouver_cccb3161-256e-4c3a-8bbc-50954b515985,cccb3161-256e-4c3a-8bbc-50954b515985,49.27551,-123.13307,2,FALSE,TRUE,0,0045,1783361838,2026-07-06T18:18:01Z,2026-07-06T18:18:01Z,2026-07-06T18:17:16Z,2.2,https://gbfs.kappa.fifteen.eu/gbfs/2.2/mobi/en/gbfs.json,https://gbfs.kappa.fifteen.eu/gbfs/2.2/mobi/en/free_bike_status.json,2026-07-06T18:18:00Z,2026-07-06T18:18:00Z
mobi_vancouver,mobi_vancouver_cb4caaff-8bd7-4d7c-b68d-dff6bde6197c,cb4caaff-8bd7-4d7c-b68d-dff6bde6197c,49.290587,-123.13625,2,FALSE,TRUE,0,0122,1783361838,2026-07-06T18:18:01Z,2026-07-06T18:18:01Z,2026-07-06T18:17:16Z,2.2,https://gbfs.kappa.fifteen.eu/gbfs/2.2/mobi/en/gbfs.json,https://gbfs.kappa.fifteen.eu/gbfs/2.2/mobi/en/free_bike_status.json,2026-07-06T18:18:00Z,2026-07-06T18:18:00Z
mobi_vancouver,mobi_vancouver_a8241347-9c00-4d3f-8197-d173840fd2ef,a8241347-9c00-4d3f-8197-d173840fd2ef,49.249184,-123.116141,2,FALSE,TRUE,0,0524,1783361838,2026-07-06T18:18:01Z,2026-07-06T18:18:01Z,2026-07-06T18:17:16Z,2.2,https://gbfs.kappa.fifteen.eu/gbfs/2.2/mobi/en/gbfs.json,https://gbfs.kappa.fifteen.eu/gbfs/2.2/mobi/en/free_bike_status.json,2026-07-06T18:18:00Z,2026-07-06T18:18:00Z
mobi_vancouver,mobi_vancouver_91f69755-ef92-4dbe-a301-f5965642ae0a,91f69755-ef92-4dbe-a301-f5965642ae0a,49.243375,-123.104978,2,FALSE,TRUE,0,0557,1783361838,2026-07-06T18:18:01Z,2026-07-06T18:18:01Z,2026-07-06T18:17:16Z,2.2,https://gbfs.kappa.fifteen.eu/gbfs/2.2/mobi/en/gbfs.json,https://gbfs.kappa.fifteen.eu/gbfs/2.2/mobi/en/free_bike_status.json,2026-07-06T18:18:00Z,2026-07-06T18:18:00Z
mobi_vancouver,mobi_vancouver_27595f54-fa92-4c1c-ab08-9e17c9966050,27595f54-fa92-4c1c-ab08-9e17c9966050,49.293264,-123.132861,2,FALSE,TRUE,0,0181,1783361838,2026-07-06T18:18:01Z,2026-07-06T18:18:01Z,2026-07-06T18:17:16Z,2.2,https://gbfs.kappa.fifteen.eu/gbfs/2.2/mobi/en/gbfs.json,https://gbfs.kappa.fifteen.eu/gbfs/2.2/mobi/en/free_bike_status.json,2026-07-06T18:18:00Z,2026-07-06T18:18:00Z
mobi_vancouver,mobi_vancouver_e604d234-c041-456a-902f-f2561c007809,e604d234-c041-456a-902f-f2561c007809,49.26518,-123.25868,2,FALSE,TRUE,0,2112,1783361838,2026-07-06T18:18:01Z,2026-07-06T18:18:01Z,2026-07-06T18:17:16Z,2.2,https://gbfs.kappa.fifteen.eu/gbfs/2.2/mobi/en/gbfs.json,https://gbfs.kappa.fifteen.eu/gbfs/2.2/mobi/en/free_bike_status.json,2026-07-06T18:18:00Z,2026-07-06T18:18:00Z
mobi_vancouver,mobi_vancouver_5de02b08-4987-42b7-8706-43498ef67112,5de02b08-4987-42b7-8706-43498ef67112,49.2506,-123.23238,2,FALSE,TRUE,0,2255,1783361838,2026-07-06T18:18:01Z,2026-07-06T18:18:01Z,2026-07-06T18:17:16Z,2.2,https://gbfs.kappa.fifteen.eu/gbfs/2.2/mobi/en/gbfs.json,https://gbfs.kappa.fifteen.eu/gbfs/2.2/mobi/en/free_bike_status.json,2026-07-06T18:18:00Z,2026-07-06T18:18:00Z
mobi_vancouver,mobi_vancouver_4d245269-2fe0-47f3-a44f-6ae84b774227,4d245269-2fe0-47f3-a44f-6ae84b774227,49.252691,-123.101289,2,FALSE,TRUE,0,0643,1783361838,2026-07-06T18:18:01Z,2026-07-06T18:18:01Z,2026-07-06T18:17:16Z,2.2,https://gbfs.kappa.fifteen.eu/gbfs/2.2/mobi/en/gbfs.json,https://gbfs.kappa.fifteen.eu/gbfs/2.2/mobi/en/free_bike_status.json,2026-07-06T18:18:00Z,2026-07-06T18:18:00Z
mobi_vancouver,mobi_vancouver_dc5e3387-9b7c-4a98-b27a-ed07ff54f843,dc5e3387-9b7c-4a98-b27a-ed07ff54f843,49.272827,-123.147744,2,FALSE,TRUE,400,0065,1783361838,2026-07-06T18:18:01Z,2026-07-06T18:18:01Z,2026-07-06T18:17:16Z,2.2,https://gbfs.kappa.fifteen.eu/gbfs/2.2/mobi/en/gbfs.json,https://gbfs.kappa.fifteen.eu/gbfs/2.2/mobi/en/free_bike_status.json,2026-07-06T18:18:00Z,2026-07-06T18:18:00Z
mobi_vancouver,mobi_vancouver_fc0725a5-3ec6-48a5-9fc5-306a39f8e29a,fc0725a5-3ec6-48a5-9fc5-306a39f8e29a,49.273568,-123.129935,2,FALSE,TRUE,400,0137,1783361838,2026-07-06T18:18:01Z,2026-07-06T18:18:01Z,2026-07-06T18:17:16Z,2.2,https://gbfs.kappa.fifteen.eu/gbfs/2.2/mobi/en/gbfs.json,https://gbfs.kappa.fifteen.eu/gbfs/2.2/mobi/en/free_bike_status.json,2026-07-06T18:18:00Z,2026-07-06T18:18:00Z
mobi_vancouver,mobi_vancouver_bf6afc80-343d-4d7c-ac11-c1180de6d1ce,bf6afc80-343d-4d7c-ac11-c1180de6d1ce,49.266751,-123.073501,2,FALSE,TRUE,400,0250,1783361838,2026-07-06T18:18:01Z,2026-07-06T18:18:01Z,2026-07-06T18:17:16Z,2.2,https://gbfs.kappa.fifteen.eu/gbfs/2.2/mobi/en/gbfs.json,https://gbfs.kappa.fifteen.eu/gbfs/2.2/mobi/en/free_bike_status.json,2026-07-06T18:18:00Z,2026-07-06T18:18:00Z
mobi_vancouver,mobi_vancouver_e8cc16c2-fdff-49cb-8f2c-ab41769d88bd,e8cc16c2-fdff-49cb-8f2c-ab41769d88bd,49.283482,-123.103738,2,FALSE,TRUE,400,0013,1783361838,2026-07-06T18:18:01Z,2026-07-06T18:18:01Z,2026-07-06T18:17:16Z,2.2,https://gbfs.kappa.fifteen.eu/gbfs/2.2/mobi/en/gbfs.json,https://gbfs.kappa.fifteen.eu/gbfs/2.2/mobi/en/free_bike_status.json,2026-07-06T18:18:00Z,2026-07-06T18:18:00Z
mobi_vancouver,mobi_vancouver_8b6ba6c5-e921-4a73-bbfd-b064f1859044,8b6ba6c5-e921-4a73-bbfd-b064f1859044,49.282214,-123.114101,2,FALSE,TRUE,800,0012,1783361838,2026-07-06T18:18:01Z,2026-07-06T18:18:01Z,2026-07-06T18:17:16Z,2.2,https://gbfs.kappa.fifteen.eu/gbfs/2.2/mobi/en/gbfs.json,https://gbfs.kappa.fifteen.eu/gbfs/2.2/mobi/en/free_bike_status.json,2026-07-06T18:18:00Z,2026-07-06T18:18:00Z
mobi_vancouver,mobi_vancouver_7c1d226a-ac98-4878-a7dc-c34745d3b819,7c1d226a-ac98-4878-a7dc-c34745d3b819,49.279739,-123.116251,2,FALSE,TRUE,800,0025,1783361838,2026-07-06T18:18:01Z,2026-07-06T18:18:01Z,2026-07-06T18:17:16Z,2.2,https://gbfs.kappa.fifteen.eu/gbfs/2.2/mobi/en/gbfs.json,https://gbfs.kappa.fifteen.eu/gbfs/2.2/mobi/en/free_bike_status.json,2026-07-06T18:18:00Z,2026-07-06T18:18:00Z
mobi_vancouver,mobi_vancouver_b63c9c9e-32df-4151-bcb1-25f948adb6f5,b63c9c9e-32df-4151-bcb1-25f948adb6f5,49.265939,-123.1129,2,FALSE,TRUE,800,0171,1783361838,2026-07-06T18:18:01Z,2026-07-06T18:18:01Z,2026-07-06T18:17:16Z,2.2,https://gbfs.kappa.fifteen.eu/gbfs/2.2/mobi/en/gbfs.json,https://gbfs.kappa.fifteen.eu/gbfs/2.2/mobi/en/free_bike_status.json,2026-07-06T18:18:00Z,2026-07-06T18:18:00Z
mobi_vancouver,mobi_vancouver_f8100fd8-cdac-4de9-b680-fb6546ed8b4d,f8100fd8-cdac-4de9-b680-fb6546ed8b4d,49.262822,-123.14338,2,FALSE,TRUE,800,0205,1783361838,2026-07-06T18:18:01Z,2026-07-06T18:18:01Z,2026-07-06T18:17:16Z,2.2,https://gbfs.kappa.fifteen.eu/gbfs/2.2/mobi/en/gbfs.json,https://gbfs.kappa.fifteen.eu/gbfs/2.2/mobi/en/free_bike_status.json,2026-07-06T18:18:00Z,2026-07-06T18:18:00Z
mobi_vancouver,mobi_vancouver_2f062777-3155-4900-bd6c-33dd3e2945c8,2f062777-3155-4900-bd6c-33dd3e2945c8,49.261353,-123.085333,2,FALSE,TRUE,800,0265,1783361838,2026-07-06T18:18:01Z,2026-07-06T18:18:01Z,2026-07-06T18:17:16Z,2.2,https://gbfs.kappa.fifteen.eu/gbfs/2.2/mobi/en/gbfs.json,https://gbfs.kappa.fifteen.eu/gbfs/2.2/mobi/en/free_bike_status.json,2026-07-06T18:18:00Z,2026-07-06T18:18:00Z
mobi_vancouver,mobi_vancouver_1e8e5cb9-4a77-4341-a20c-e233f76f2b02,1e8e5cb9-4a77-4341-a20c-e233f76f2b02,49.258761,-123.127071,2,FALSE,TRUE,800,0202,1783361838,2026-07-06T18:18:01Z,2026-07-06T18:18:01Z,2026-07-06T18:17:16Z,2.2,https://gbfs.kappa.fifteen.eu/gbfs/2.2/mobi/en/gbfs.json,https://gbfs.kappa.fifteen.eu/gbfs/2.2/mobi/en/free_bike_status.json,2026-07-06T18:18:00Z,2026-07-06T18:18:00Z
mobi_vancouver,mobi_vancouver_a3629e39-6dcc-4088-b5b2-1ec3ff5a9374,a3629e39-6dcc-4088-b5b2-1ec3ff5a9374,49.280787,-123.115271,2,FALSE,TRUE,800,0305,1783361838,2026-07-06T18:18:01Z,2026-07-06T18:18:01Z,2026-07-06T18:17:16Z,2.2,https://gbfs.kappa.fifteen.eu/gbfs/2.2/mobi/en/gbfs.json,https://gbfs.kappa.fifteen.eu/gbfs/2.2/mobi/en/free_bike_status.json,2026-07-06T18:18:00Z,2026-07-06T18:18:00Z
mobi_vancouver,mobi_vancouver_41183daa-ae99-405f-8373-b0c1c63c5786,41183daa-ae99-405f-8373-b0c1c63c5786,49.247854,-123.153422,2,FALSE,TRUE,800,0480,1783361838,2026-07-06T18:18:01Z,2026-07-06T18:18:01Z,2026-07-06T18:17:16Z,2.2,https://gbfs.kappa.fifteen.eu/gbfs/2.2/mobi/en/gbfs.json,https://gbfs.kappa.fifteen.eu/gbfs/2.2/mobi/en/free_bike_status.json,2026-07-06T18:18:00Z,2026-07-06T18:18:00Z
mobi_vancouver,mobi_vancouver_ddfae728-15b1-4bb7-8e8f-d12e4397906e,ddfae728-15b1-4bb7-8e8f-d12e4397906e,49.26213,-123.11989,2,FALSE,TRUE,800,0121,1783361838,2026-07-06T18:18:01Z,2026-07-06T18:18:01Z,2026-07-06T18:17:16Z,2.2,https://gbfs.kappa.fifteen.eu/gbfs/2.2/mobi/en/gbfs.json,https://gbfs.kappa.fifteen.eu/gbfs/2.2/mobi/en/free_bike_status.json,2026-07-06T18:18:00Z,2026-07-06T18:18:00Z
mobi_vancouver,mobi_vancouver_cc5e41da-714f-41c0-b79e-2b6199200538,cc5e41da-714f-41c0-b79e-2b6199200538,49.270721,-123.146175,2,FALSE,TRUE,1200,0108,1783361838,2026-07-06T18:18:01Z,2026-07-06T18:18:01Z,2026-07-06T18:17:16Z,2.2,https://gbfs.kappa.fifteen.eu/gbfs/2.2/mobi/en/gbfs.json,https://gbfs.kappa.fifteen.eu/gbfs/2.2/mobi/en/free_bike_status.json,2026-07-06T18:18:00Z,2026-07-06T18:18:00Z
mobi_vancouver,mobi_vancouver_10c13b8b-899c-4a54-b28d-c8e78e7ab715,10c13b8b-899c-4a54-b28d-c8e78e7ab715,49.281506,-123.120101,2,FALSE,TRUE,1200,0063,1783361838,2026-07-06T18:18:01Z,2026-07-06T18:18:01Z,2026-07-06T18:17:16Z,2.2,https://gbfs.kappa.fifteen.eu/gbfs/2.2/mobi/en/gbfs.json,https://gbfs.kappa.fifteen.eu/gbfs/2.2/mobi/en/free_bike_status.json,2026-07-06T18:18:00Z,2026-07-06T18:18:00Z
mobi_vancouver,mobi_vancouver_dea48b39-a008-42f6-9a92-d76ce7dbcdf6,dea48b39-a008-42f6-9a92-d76ce7dbcdf6,49.290112,-123.127062,2,FALSE,TRUE,1200,0035,1783361838,2026-07-06T18:18:01Z,2026-07-06T18:18:01Z,2026-07-06T18:17:16Z,2.2,https://gbfs.kappa.fifteen.eu/gbfs/2.2/mobi/en/gbfs.json,https://gbfs.kappa.fifteen.eu/gbfs/2.2/mobi/en/free_bike_status.json,2026-07-06T18:18:00Z,2026-07-06T18:18:00Z
mobi_vancouver,mobi_vancouver_92ee02ff-99aa-443c-b466-36bcbdac2c88,92ee02ff-99aa-443c-b466-36bcbdac2c88,49.276897,-123.101746,2,FALSE,TRUE,1200,0801,1783361838,2026-07-06T18:18:01Z,2026-07-06T18:18:01Z,2026-07-06T18:17:16Z,2.2,https://gbfs.kappa.fifteen.eu/gbfs/2.2/mobi/en/gbfs.json,https://gbfs.kappa.fifteen.eu/gbfs/2.2/mobi/en/free_bike_status.json,2026-07-06T18:18:00Z,2026-07-06T18:18:00Z
mobi_vancouver,mobi_vancouver_2e0b9bae-ac16-4de1-ad45-60835e669e4f,2e0b9bae-ac16-4de1-ad45-60835e669e4f,49.265198,-123.131043,2,FALSE,TRUE,1200,0192,1783361838,2026-07-06T18:18:01Z,2026-07-06T18:18:01Z,2026-07-06T18:17:16Z,2.2,https://gbfs.kappa.fifteen.eu/gbfs/2.2/mobi/en/gbfs.json,https://gbfs.kappa.fifteen.eu/gbfs/2.2/mobi/en/free_bike_status.json,2026-07-06T18:18:00Z,2026-07-06T18:18:00Z
mobi_vancouver,mobi_vancouver_25b60674-ea0f-4776-9e60-e9595d08359a,25b60674-ea0f-4776-9e60-e9595d08359a,49.271221,-123.191133,2,FALSE,TRUE,1200,0400,1783361838,2026-07-06T18:18:01Z,2026-07-06T18:18:01Z,2026-07-06T18:17:16Z,2.2,https://gbfs.kappa.fifteen.eu/gbfs/2.2/mobi/en/gbfs.json,https://gbfs.kappa.fifteen.eu/gbfs/2.2/mobi/en/free_bike_status.json,2026-07-06T18:18:00Z,2026-07-06T18:18:00Z
mobi_vancouver,mobi_vancouver_cdb62860-7b5c-468e-8221-bc9fa720f4fe,cdb62860-7b5c-468e-8221-bc9fa720f4fe,49.272969,-123.164325,2,FALSE,TRUE,1200,0460,1783361838,2026-07-06T18:18:01Z,2026-07-06T18:18:01Z,2026-07-06T18:17:16Z,2.2,https://gbfs.kappa.fifteen.eu/gbfs/2.2/mobi/en/gbfs.json,https://gbfs.kappa.fifteen.eu/gbfs/2.2/mobi/en/free_bike_status.json,2026-07-06T18:18:00Z,2026-07-06T18:18:00Z
mobi_vancouver,mobi_vancouver_a32dbeef-84e1-4a79-aa0a-2603b05640ee,a32dbeef-84e1-4a79-aa0a-2603b05640ee,49.254818,-123.114785,2,FALSE,TRUE,1200,0531,1783361838,2026-07-06T18:18:01Z,2026-07-06T18:18:01Z,2026-07-06T18:17:16Z,2.2,https://gbfs.kappa.fifteen.eu/gbfs/2.2/mobi/en/gbfs.json,https://gbfs.kappa.fifteen.eu/gbfs/2.2/mobi/en/free_bike_status.json,2026-07-06T18:18:00Z,2026-07-06T18:18:00Z
mobi_vancouver,mobi_vancouver_8c7baf75-5e0b-4c70-bb1c-a10d5302a8e0,8c7baf75-5e0b-4c70-bb1c-a10d5302a8e0,49.249184,-123.116141,2,FALSE,TRUE,1200,0524,1783361838,2026-07-06T18:18:01Z,2026-07-06T18:18:01Z,2026-07-06T18:17:16Z,2.2,https://gbfs.kappa.fifteen.eu/gbfs/2.2/mobi/en/gbfs.json,https://gbfs.kappa.fifteen.eu/gbfs/2.2/mobi/en/free_bike_status.json,2026-07-06T18:18:00Z,2026-07-06T18:18:00Z
mobi_vancouver,mobi_vancouver_932707b4-6a7e-460a-86d6-316e02c67786,932707b4-6a7e-460a-86d6-316e02c67786,49.274232,-123.129998,2,FALSE,TRUE,1200,0314,1783361838,2026-07-06T18:18:01Z,2026-07-06T18:18:01Z,2026-07-06T18:17:16Z,2.2,https://gbfs.kappa.fifteen.eu/gbfs/2.2/mobi/en/gbfs.json,https://gbfs.kappa.fifteen.eu/gbfs/2.2/mobi/en/free_bike_status.json,2026-07-06T18:18:00Z,2026-07-06T18:18:00Z
mobi_vancouver,mobi_vancouver_974709a3-6b21-4884-9e8c-b871b8b2a605,974709a3-6b21-4884-9e8c-b871b8b2a605,49.246243,-123.124373,2,FALSE,TRUE,1200,0505,1783361838,2026-07-06T18:18:01Z,2026-07-06T18:18:01Z,2026-07-06T18:17:16Z,2.2,https://gbfs.kappa.fifteen.eu/gbfs/2.2/mobi/en/gbfs.json,https://gbfs.kappa.fifteen.eu/gbfs/2.2/mobi/en/free_bike_status.json,2026-07-06T18:18:00Z,2026-07-06T18:18:00Z
mobi_vancouver,mobi_vancouver_75e91a87-7c3f-42ee-85d8-2d296da21a85,75e91a87-7c3f-42ee-85d8-2d296da21a85,49.26213,-123.11989,2,FALSE,TRUE,1200,0121,1783361838,2026-07-06T18:18:01Z,2026-07-06T18:18:01Z,2026-07-06T18:17:16Z,2.2,https://gbfs.kappa.fifteen.eu/gbfs/2.2/mobi/en/gbfs.json,https://gbfs.kappa.fifteen.eu/gbfs/2.2/mobi/en/free_bike_status.json,2026-07-06T18:18:00Z,2026-07-06T18:18:00Z
mobi_vancouver,mobi_vancouver_d63deb5b-988e-47e5-81f8-a2b8adfde282,d63deb5b-988e-47e5-81f8-a2b8adfde282,49.282055,-123.133045,2,FALSE,TRUE,1600,0187,1783361838,2026-07-06T18:18:01Z,2026-07-06T18:18:01Z,2026-07-06T18:17:16Z,2.2,https://gbfs.kappa.fifteen.eu/gbfs/2.2/mobi/en/gbfs.json,https://gbfs.kappa.fifteen.eu/gbfs/2.2/mobi/en/free_bike_status.json,2026-07-06T18:18:00Z,2026-07-06T18:18:00Z
mobi_vancouver,mobi_vancouver_ed6a232d-f71d-4d97-a387-d7791545bc5a,ed6a232d-f71d-4d97-a387-d7791545bc5a,49.288506,-123.131238,2,FALSE,TRUE,1600,0096,1783361838,2026-07-06T18:18:01Z,2026-07-06T18:18:01Z,2026-07-06T18:17:16Z,2.2,https://gbfs.kappa.fifteen.eu/gbfs/2.2/mobi/en/gbfs.json,https://gbfs.kappa.fifteen.eu/gbfs/2.2/mobi/en/free_bike_status.json,2026-07-06T18:18:00Z,2026-07-06T18:18:00Z
mobi_vancouver,mobi_vancouver_92701419-a0fc-475f-96aa-57f07deb3caf,92701419-a0fc-475f-96aa-57f07deb3caf,49.266314,-123.116011,2,FALSE,TRUE,1600,0006,1783361838,2026-07-06T18:18:01Z,2026-07-06T18:18:01Z,2026-07-06T18:17:16Z,2.2,https://gbfs.kappa.fifteen.eu/gbfs/2.2/mobi/en/gbfs.json,https://gbfs.kappa.fifteen.eu/gbfs/2.2/mobi/en/free_bike_status.json,2026-07-06T18:18:00Z,2026-07-06T18:18:00Z
mobi_vancouver,mobi_vancouver_6f5ee7be-009d-4a07-ac5c-b4c889addcd2,6f5ee7be-009d-4a07-ac5c-b4c889addcd2,49.268339,-123.157443,2,FALSE,TRUE,1600,0159,1783361838,2026-07-06T18:18:01Z,2026-07-06T18:18:01Z,2026-07-06T18:17:16Z,2.2,https://gbfs.kappa.fifteen.eu/gbfs/2.2/mobi/en/gbfs.json,https://gbfs.kappa.fifteen.eu/gbfs/2.2/mobi/en/free_bike_status.json,2026-07-06T18:18:00Z,2026-07-06T18:18:00Z
mobi_vancouver,mobi_vancouver_e9b4e847-d7e5-4454-b99c-7f0cbc8a3448,e9b4e847-d7e5-4454-b99c-7f0cbc8a3448,49.273355,-123.154493,2,FALSE,TRUE,1600,0154,1783361838,2026-07-06T18:18:01Z,2026-07-06T18:18:01Z,2026-07-06T18:17:16Z,2.2,https://gbfs.kappa.fifteen.eu/gbfs/2.2/mobi/en/gbfs.json,https://gbfs.kappa.fifteen.eu/gbfs/2.2/mobi/en/free_bike_status.json,2026-07-06T18:18:00Z,2026-07-06T18:18:00Z
mobi_vancouver,mobi_vancouver_1d799f16-fe90-4d72-9b75-c424893e1aa6,1d799f16-fe90-4d72-9b75-c424893e1aa6,49.258352,-123.096337,2,FALSE,TRUE,1600,0257,1783361838,2026-07-06T18:18:01Z,2026-07-06T18:18:01Z,2026-07-06T18:17:16Z,2.2,https://gbfs.kappa.fifteen.eu/gbfs/2.2/mobi/en/gbfs.json,https://gbfs.kappa.fifteen.eu/gbfs/2.2/mobi/en/free_bike_status.json,2026-07-06T18:18:00Z,2026-07-06T18:18:00Z
mobi_vancouver,mobi_vancouver_870a0a8a-aae9-4733-ade5-a1990938f5cd,870a0a8a-aae9-4733-ade5-a1990938f5cd,49.28512,-123.11242,2,FALSE,TRUE,1600,0308,1783361838,2026-07-06T18:18:01Z,2026-07-06T18:18:01Z,2026-07-06T18:17:16Z,2.2,https://gbfs.kappa.fifteen.eu/gbfs/2.2/mobi/en/gbfs.json,https://gbfs.kappa.fifteen.eu/gbfs/2.2/mobi/en/free_bike_status.json,2026-07-06T18:18:00Z,2026-07-06T18:18:00Z
mobi_vancouver,mobi_vancouver_63949752-d01a-45ba-9496-b774f09c7f0a,63949752-d01a-45ba-9496-b774f09c7f0a,49.271471,-123.17731,2,FALSE,TRUE,1600,0440,1783361838,2026-07-06T18:18:01Z,2026-07-06T18:18:01Z,2026-07-06T18:17:16Z,2.2,https://gbfs.kappa.fifteen.eu/gbfs/2.2/mobi/en/gbfs.json,https://gbfs.kappa.fifteen.eu/gbfs/2.2/mobi/en/free_bike_status.json,2026-07-06T18:18:00Z,2026-07-06T18:18:00Z
mobi_vancouver,mobi_vancouver_f598026b-bd1e-41e4-b940-50378cc6c636,f598026b-bd1e-41e4-b940-50378cc6c636,49.266636,-123.183661,2,FALSE,TRUE,1600,0414,1783361838,2026-07-06T18:18:01Z,2026-07-06T18:18:01Z,2026-07-06T18:17:16Z,2.2,https://gbfs.kappa.fifteen.eu/gbfs/2.2/mobi/en/gbfs.json,https://gbfs.kappa.fifteen.eu/gbfs/2.2/mobi/en/free_bike_status.json,2026-07-06T18:18:00Z,2026-07-06T18:18:00Z
mobi_vancouver,mobi_vancouver_713e0f64-c257-45d5-992a-84e4ed239c3d,713e0f64-c257-45d5-992a-84e4ed239c3d,49.259469,-123.145718,2,FALSE,TRUE,1600,0210,1783361838,2026-07-06T18:18:01Z,2026-07-06T18:18:01Z,2026-07-06T18:17:16Z,2.2,https://gbfs.kappa.fifteen.eu/gbfs/2.2/mobi/en/gbfs.json,https://gbfs.kappa.fifteen.eu/gbfs/2.2/mobi/en/free_bike_status.json,2026-07-06T18:18:00Z,2026-07-06T18:18:00Z
mobi_vancouver,mobi_vancouver_bc6d5070-da41-4a78-af16-a85e5269dc75,bc6d5070-da41-4a78-af16-a85e5269dc75,49.26213,-123.11989,2,FALSE,TRUE,1600,0121,1783361838,2026-07-06T18:18:01Z,2026-07-06T18:18:01Z,2026-07-06T18:17:16Z,2.2,https://gbfs.kappa.fifteen.eu/gbfs/2.2/mobi/en/gbfs.json,https://gbfs.kappa.fifteen.eu/gbfs/2.2/mobi/en/free_bike_status.json,2026-07-06T18:18:00Z,2026-07-06T18:18:00Z
mobi_vancouver,mobi_vancouver_98aba9dc-754a-487d-a0bd-397eddf69641,98aba9dc-754a-487d-a0bd-397eddf69641,49.276436,-123.11877,2,FALSE,TRUE,2000,0078,1783361838,2026-07-06T18:18:01Z,2026-07-06T18:18:01Z,2026-07-06T18:17:16Z,2.2,https://gbfs.kappa.fifteen.eu/gbfs/2.2/mobi/en/gbfs.json,https://gbfs.kappa.fifteen.eu/gbfs/2.2/mobi/en/free_bike_status.json,2026-07-06T18:18:00Z,2026-07-06T18:18:00Z
mobi_vancouver,mobi_vancouver_c07d10ee-ac63-46d6-8de9-981e29c60595,c07d10ee-ac63-46d6-8de9-981e29c60595,49.257654,-123.153212,2,FALSE,TRUE,2000,0113,1783361838,2026-07-06T18:18:01Z,2026-07-06T18:18:01Z,2026-07-06T18:17:16Z,2.2,https://gbfs.kappa.fifteen.eu/gbfs/2.2/mobi/en/gbfs.json,https://gbfs.kappa.fifteen.eu/gbfs/2.2/mobi/en/free_bike_status.json,2026-07-06T18:18:00Z,2026-07-06T18:18:00Z
mobi_vancouver,mobi_vancouver_df45ef20-0479-465d-a31d-d0385e8e8d22,df45ef20-0479-465d-a31d-d0385e8e8d22,49.2653,-123.13811,2,FALSE,TRUE,2000,0069,1783361838,2026-07-06T18:18:01Z,2026-07-06T18:18:01Z,2026-07-06T18:17:16Z,2.2,https://gbfs.kappa.fifteen.eu/gbfs/2.2/mobi/en/gbfs.json,https://gbfs.kappa.fifteen.eu/gbfs/2.2/mobi/en/free_bike_status.json,2026-07-06T18:18:00Z,2026-07-06T18:18:00Z
mobi_vancouver,mobi_vancouver_df90ce0f-b26f-4175-b49e-64c471a2573f,df90ce0f-b26f-4175-b49e-64c471a2573f,49.256845,-123.120071,2,FALSE,TRUE,2000,0130,1783361838,2026-07-06T18:18:01Z,2026-07-06T18:18:01Z,2026-07-06T18:17:16Z,2.2,https://gbfs.kappa.fifteen.eu/gbfs/2.2/mobi/en/gbfs.json,https://gbfs.kappa.fifteen.eu/gbfs/2.2/mobi/en/free_bike_status.json,2026-07-06T18:18:00Z,2026-07-06T18:18:00Z
mobi_vancouver,mobi_vancouver_becaa96d-94ef-4e19-ae42-78df3fe7926f,becaa96d-94ef-4e19-ae42-78df3fe7926f,49.25849,-123.104799,2,FALSE,TRUE,2000,0132,1783361838,2026-07-06T18:18:01Z,2026-07-06T18:18:01Z,2026-07-06T18:17:16Z,2.2,https://gbfs.kappa.fifteen.eu/gbfs/2.2/mobi/en/gbfs.json,https://gbfs.kappa.fifteen.eu/gbfs/2.2/mobi/en/free_bike_status.json,2026-07-06T18:18:00Z,2026-07-06T18:18:00Z
mobi_vancouver,mobi_vancouver_f6e195d8-9c7a-443c-af97-34e74f284fed,f6e195d8-9c7a-443c-af97-34e74f284fed,49.279369,-123.091241,2,FALSE,TRUE,2000,0229,1783361838,2026-07-06T18:18:01Z,2026-07-06T18:18:01Z,2026-07-06T18:17:16Z,2.2,https://gbfs.kappa.fifteen.eu/gbfs/2.2/mobi/en/gbfs.json,https://gbfs.kappa.fifteen.eu/gbfs/2.2/mobi/en/free_bike_status.json,2026-07-06T18:18:00Z,2026-07-06T18:18:00Z
mobi_vancouver,mobi_vancouver_2a6aefc8-460f-4b54-b3f1-914fa7ce4037,2a6aefc8-460f-4b54-b3f1-914fa7ce4037,49.265242,-123.095577,2,FALSE,TRUE,2000,0297,1783361838,2026-07-06T18:18:01Z,2026-07-06T18:18:01Z,2026-07-06T18:17:16Z,2.2,https://gbfs.kappa.fifteen.eu/gbfs/2.2/mobi/en/gbfs.json,https://gbfs.kappa.fifteen.eu/gbfs/2.2/mobi/en/free_bike_status.json,2026-07-06T18:18:00Z,2026-07-06T18:18:00Z
mobi_vancouver,mobi_vancouver_3ab96c78-f694-4e6f-8a39-b0e2b724cfb3,3ab96c78-f694-4e6f-8a39-b0e2b724cfb3,49.28512,-123.11242,2,FALSE,TRUE,2000,0308,1783361838,2026-07-06T18:18:01Z,2026-07-06T18:18:01Z,2026-07-06T18:17:16Z,2.2,https://gbfs.kappa.fifteen.eu/gbfs/2.2/mobi/en/gbfs.json,https://gbfs.kappa.fifteen.eu/gbfs/2.2/mobi/en/free_bike_status.json,2026-07-06T18:18:00Z,2026-07-06T18:18:00Z
mobi_vancouver,mobi_vancouver_88622bfc-7e7e-4554-a503-cf81f9824ea0,88622bfc-7e7e-4554-a503-cf81f9824ea0,49.273011,-123.159663,2,FALSE,TRUE,2000,0470,1783361838,2026-07-06T18:18:01Z,2026-07-06T18:18:01Z,2026-07-06T18:17:16Z,2.2,https://gbfs.kappa.fifteen.eu/gbfs/2.2/mobi/en/gbfs.json,https://gbfs.kappa.fifteen.eu/gbfs/2.2/mobi/en/free_bike_status.json,2026-07-06T18:18:00Z,2026-07-06T18:18:00Z
mobi_vancouver,mobi_vancouver_8e508696-ffe8-4c0f-ac51-c87b0ba66496,8e508696-ffe8-4c0f-ac51-c87b0ba66496,49.266924,-123.173849,2,FALSE,TRUE,2000,0443,1783361838,2026-07-06T18:18:01Z,2026-07-06T18:18:01Z,2026-07-06T18:17:16Z,2.2,https://gbfs.kappa.fifteen.eu/gbfs/2.2/mobi/en/gbfs.json,https://gbfs.kappa.fifteen.eu/gbfs/2.2/mobi/en/free_bike_status.json,2026-07-06T18:18:00Z,2026-07-06T18:18:00Z
mobi_vancouver,mobi_vancouver_712c7d0f-dc24-4ca8-93c5-c003d810042f,712c7d0f-dc24-4ca8-93c5-c003d810042f,49.238105,-123.154966,2,FALSE,TRUE,2000,0482,1783361838,2026-07-06T18:18:01Z,2026-07-06T18:18:01Z,2026-07-06T18:17:16Z,2.2,https://gbfs.kappa.fifteen.eu/gbfs/2.2/mobi/en/gbfs.json,https://gbfs.kappa.fifteen.eu/gbfs/2.2/mobi/en/free_bike_status.json,2026-07-06T18:18:00Z,2026-07-06T18:18:00Z
mobi_vancouver,mobi_vancouver_4d32b919-206e-45ee-8219-4b6eb7b9c270,4d32b919-206e-45ee-8219-4b6eb7b9c270,49.264019,-123.209176,2,FALSE,TRUE,2000,0716,1783361838,2026-07-06T18:18:01Z,2026-07-06T18:18:01Z,2026-07-06T18:17:16Z,2.2,https://gbfs.kappa.fifteen.eu/gbfs/2.2/mobi/en/gbfs.json,https://gbfs.kappa.fifteen.eu/gbfs/2.2/mobi/en/free_bike_status.json,2026-07-06T18:18:00Z,2026-07-06T18:18:00Z
mobi_vancouver,mobi_vancouver_79f213b6-ffc2-4edd-b280-9acc4f0ba982,79f213b6-ffc2-4edd-b280-9acc4f0ba982,49.28972,-123.144028,2,FALSE,TRUE,2400,0047,1783361838,2026-07-06T18:18:01Z,2026-07-06T18:18:01Z,2026-07-06T18:17:16Z,2.2,https://gbfs.kappa.fifteen.eu/gbfs/2.2/mobi/en/gbfs.json,https://gbfs.kappa.fifteen.eu/gbfs/2.2/mobi/en/free_bike_status.json,2026-07-06T18:18:00Z,2026-07-06T18:18:00Z
mobi_vancouver,mobi_vancouver_980dcd83-86c0-46b6-829d-936555360560,980dcd83-86c0-46b6-829d-936555360560,49.272827,-123.147744,2,FALSE,TRUE,2400,0065,1783361838,2026-07-06T18:18:01Z,2026-07-06T18:18:01Z,2026-07-06T18:17:16Z,2.2,https://gbfs.kappa.fifteen.eu/gbfs/2.2/mobi/en/gbfs.json,https://gbfs.kappa.fifteen.eu/gbfs/2.2/mobi/en/free_bike_status.json,2026-07-06T18:18:00Z,2026-07-06T18:18:00Z
mobi_vancouver,mobi_vancouver_31480362-387e-4ef9-ac5c-21b429ff6a90,31480362-387e-4ef9-ac5c-21b429ff6a90,49.270721,-123.146175,2,FALSE,TRUE,2400,0108,1783361838,2026-07-06T18:18:01Z,2026-07-06T18:18:01Z,2026-07-06T18:17:16Z,2.2,https://gbfs.kappa.fifteen.eu/gbfs/2.2/mobi/en/gbfs.json,https://gbfs.kappa.fifteen.eu/gbfs/2.2/mobi/en/free_bike_status.json,2026-07-06T18:18:00Z,2026-07-06T18:18:00Z
mobi_vancouver,mobi_vancouver_fd0b42cc-1a22-4273-91ca-bf0b1d966aeb,fd0b42cc-1a22-4273-91ca-bf0b1d966aeb,49.265939,-123.1129,2,FALSE,TRUE,2400,0171,1783361838,2026-07-06T18:18:01Z,2026-07-06T18:18:01Z,2026-07-06T18:17:16Z,2.2,https://gbfs.kappa.fifteen.eu/gbfs/2.2/mobi/en/gbfs.json,https://gbfs.kappa.fifteen.eu/gbfs/2.2/mobi/en/free_bike_status.json,2026-07-06T18:18:00Z,2026-07-06T18:18:00Z
mobi_vancouver,mobi_vancouver_01aa707a-4875-47da-b5cb-20255312a0aa,01aa707a-4875-47da-b5cb-20255312a0aa,49.275938,-123.145939,2,FALSE,TRUE,2400,0147,1783361838,2026-07-06T18:18:01Z,2026-07-06T18:18:01Z,2026-07-06T18:17:16Z,2.2,https://gbfs.kappa.fifteen.eu/gbfs/2.2/mobi/en/gbfs.json,https://gbfs.kappa.fifteen.eu/gbfs/2.2/mobi/en/free_bike_status.json,2026-07-06T18:18:00Z,2026-07-06T18:18:00Z
mobi_vancouver,mobi_vancouver_e9878e82-6941-4a18-a28f-c5c3c4add521,e9878e82-6941-4a18-a28f-c5c3c4add521,49.262598,-123.138921,2,FALSE,TRUE,2400,0070,1783361838,2026-07-06T18:18:01Z,2026-07-06T18:18:01Z,2026-07-06T18:17:16Z,2.2,https://gbfs.kappa.fifteen.eu/gbfs/2.2/mobi/en/gbfs.json,https://gbfs.kappa.fifteen.eu/gbfs/2.2/mobi/en/free_bike_status.json,2026-07-06T18:18:00Z,2026-07-06T18:18:00Z
mobi_vancouver,mobi_vancouver_16f65d04-1255-43e4-a3a7-d42163bf0230,16f65d04-1255-43e4-a3a7-d42163bf0230,49.278529,-123.100017,2,FALSE,TRUE,2400,0199,1783361838,2026-07-06T18:18:01Z,2026-07-06T18:18:01Z,2026-07-06T18:17:16Z,2.2,https://gbfs.kappa.fifteen.eu/gbfs/2.2/mobi/en/gbfs.json,https://gbfs.kappa.fifteen.eu/gbfs/2.2/mobi/en/free_bike_status.json,2026-07-06T18:18:00Z,2026-07-06T18:18:00Z
mobi_vancouver,mobi_vancouver_687c53e8-4487-4e22-a5e4-7396ad007e69,687c53e8-4487-4e22-a5e4-7396ad007e69,49.262835,-123.152626,2,FALSE,TRUE,2400,0075,1783361838,2026-07-06T18:18:01Z,2026-07-06T18:18:01Z,2026-07-06T18:17:16Z,2.2,https://gbfs.kappa.fifteen.eu/gbfs/2.2/mobi/en/gbfs.json,https://gbfs.kappa.fifteen.eu/gbfs/2.2/mobi/en/free_bike_status.json,2026-07-06T18:18:00Z,2026-07-06T18:18:00Z
mobi_vancouver,mobi_vancouver_cfb75dcd-765f-4031-b861-01215cf1b8cf,cfb75dcd-765f-4031-b861-01215cf1b8cf,49.258761,-123.127071,1,FALSE,TRUE,2400,0531,1783361838,2026-07-06T18:18:01Z,2026-07-06T18:18:01Z,2026-07-06T18:17:16Z,2.2,https://gbfs.kappa.fifteen.eu/gbfs/2.2/mobi/en/gbfs.json,https://gbfs.kappa.fifteen.eu/gbfs/2.2/mobi/en/free_bike_status.json,2026-07-06T18:18:00Z,2026-07-06T18:18:00Z
mobi_vancouver,mobi_vancouver_74838f82-e33d-4c3e-bf79-c1e1be3db624,74838f82-e33d-4c3e-bf79-c1e1be3db624,49.263523,-123.155267,2,FALSE,TRUE,2400,0516,1783361838,2026-07-06T18:18:01Z,2026-07-06T18:18:01Z,2026-07-06T18:17:16Z,2.2,https://gbfs.kappa.fifteen.eu/gbfs/2.2/mobi/en/gbfs.json,https://gbfs.kappa.fifteen.eu/gbfs/2.2/mobi/en/free_bike_status.json,2026-07-06T18:18:00Z,2026-07-06T18:18:00Z
mobi_vancouver,mobi_vancouver_c6f968d8-cf1d-45fe-a5da-266167e0927b,c6f968d8-cf1d-45fe-a5da-266167e0927b,49.27808,-123.130557,2,FALSE,TRUE,2800,0089,1783361838,2026-07-06T18:18:01Z,2026-07-06T18:18:01Z,2026-07-06T18:17:16Z,2.2,https://gbfs.kappa.fifteen.eu/gbfs/2.2/mobi/en/gbfs.json,https://gbfs.kappa.fifteen.eu/gbfs/2.2/mobi/en/free_bike_status.json,2026-07-06T18:18:00Z,2026-07-06T18:18:00Z
mobi_vancouver,mobi_vancouver_090cfab5-d0dd-4d81-ab33-88bee9764a75,090cfab5-d0dd-4d81-ab33-88bee9764a75,49.279739,-123.116251,2,FALSE,TRUE,2800,0025,1783361838,2026-07-06T18:18:01Z,2026-07-06T18:18:01Z,2026-07-06T18:17:16Z,2.2,https://gbfs.kappa.fifteen.eu/gbfs/2.2/mobi/en/gbfs.json,https://gbfs.kappa.fifteen.eu/gbfs/2.2/mobi/en/free_bike_status.json,2026-07-06T18:18:00Z,2026-07-06T18:18:00Z
mobi_vancouver,mobi_vancouver_8ae318e2-e329-4b8a-be3a-9d4f33b8abb2,8ae318e2-e329-4b8a-be3a-9d4f33b8abb2,49.277844,-123.120942,2,FALSE,TRUE,2800,0079,1783361838,2026-07-06T18:18:01Z,2026-07-06T18:18:01Z,2026-07-06T18:17:16Z,2.2,https://gbfs.kappa.fifteen.eu/gbfs/2.2/mobi/en/gbfs.json,https://gbfs.kappa.fifteen.eu/gbfs/2.2/mobi/en/free_bike_status.json,2026-07-06T18:18:00Z,2026-07-06T18:18:00Z
mobi_vancouver,mobi_vancouver_4bcd1f46-214e-4a5d-a875-0189de8a4e2c,4bcd1f46-214e-4a5d-a875-0189de8a4e2c,49.272827,-123.147744,2,FALSE,TRUE,2800,0065,1783361838,2026-07-06T18:18:01Z,2026-07-06T18:18:01Z,2026-07-06T18:17:16Z,2.2,https://gbfs.kappa.fifteen.eu/gbfs/2.2/mobi/en/gbfs.json,https://gbfs.kappa.fifteen.eu/gbfs/2.2/mobi/en/free_bike_status.json,2026-07-06T18:18:00Z,2026-07-06T18:18:00Z
mobi_vancouver,mobi_vancouver_714908f3-18ce-4b0a-a628-855fa9bf86bd,714908f3-18ce-4b0a-a628-855fa9bf86bd,49.262206,-123.109091,2,FALSE,TRUE,2800,0172,1783361838,2026-07-06T18:18:01Z,2026-07-06T18:18:01Z,2026-07-06T18:17:16Z,2.2,https://gbfs.kappa.fifteen.eu/gbfs/2.2/mobi/en/gbfs.json,https://gbfs.kappa.fifteen.eu/gbfs/2.2/mobi/en/free_bike_status.json,2026-07-06T18:18:00Z,2026-07-06T18:18:00Z
mobi_vancouver,mobi_vancouver_b722db87-b5ca-4af7-8beb-be77aa31e056,b722db87-b5ca-4af7-8beb-be77aa31e056,49.277178,-123.13,2,FALSE,TRUE,2800,0196,1783361838,2026-07-06T18:18:01Z,2026-07-06T18:18:01Z,2026-07-06T18:17:16Z,2.2,https://gbfs.kappa.fifteen.eu/gbfs/2.2/mobi/en/gbfs.json,https://gbfs.kappa.fifteen.eu/gbfs/2.2/mobi/en/free_bike_status.json,2026-07-06T18:18:00Z,2026-07-06T18:18:00Z
mobi_vancouver,mobi_vancouver_87a630e4-c3cf-44c9-8fe9-3ba826d706ab,87a630e4-c3cf-44c9-8fe9-3ba826d706ab,49.258761,-123.127071,2,FALSE,TRUE,2800,0202,1783361838,2026-07-06T18:18:01Z,2026-07-06T18:18:01Z,2026-07-06T18:17:16Z,2.2,https://gbfs.kappa.fifteen.eu/gbfs/2.2/mobi/en/gbfs.json,https://gbfs.kappa.fifteen.eu/gbfs/2.2/mobi/en/free_bike_status.json,2026-07-06T18:18:00Z,2026-07-06T18:18:00Z
mobi_vancouver,mobi_vancouver_74aa5a29-75f1-41cb-886d-0719a8751b00,74aa5a29-75f1-41cb-886d-0719a8751b00,49.289124,-123.12196,2,FALSE,TRUE,2800,0034,1783361838,2026-07-06T18:18:01Z,2026-07-06T18:18:01Z,2026-07-06T18:17:16Z,2.2,https://gbfs.kappa.fifteen.eu/gbfs/2.2/mobi/en/gbfs.json,https://gbfs.kappa.fifteen.eu/gbfs/2.2/mobi/en/free_bike_status.json,2026-07-06T18:18:00Z,2026-07-06T18:18:00Z
mobi_vancouver,mobi_vancouver_c2359e52-8627-44c2-87fd-97e9301d2f86,c2359e52-8627-44c2-87fd-97e9301d2f86,49.264483,-123.173926,2,FALSE,TRUE,2800,0444,1783361838,2026-07-06T18:18:01Z,2026-07-06T18:18:01Z,2026-07-06T18:17:16Z,2.2,https://gbfs.kappa.fifteen.eu/gbfs/2.2/mobi/en/gbfs.json,https://gbfs.kappa.fifteen.eu/gbfs/2.2/mobi/en/free_bike_status.json,2026-07-06T18:18:00Z,2026-07-06T18:18:00Z
mobi_vancouver,mobi_vancouver_29853880-6c22-4768-8a1a-e77014864aa7,29853880-6c22-4768-8a1a-e77014864aa7,49.273011,-123.159663,2,FALSE,TRUE,2800,0470,1783361838,2026-07-06T18:18:01Z,2026-07-06T18:18:01Z,2026-07-06T18:17:16Z,2.2,https://gbfs.kappa.fifteen.eu/gbfs/2.2/mobi/en/gbfs.json,https://gbfs.kappa.fifteen.eu/gbfs/2.2/mobi/en/free_bike_status.json,2026-07-06T18:18:00Z,2026-07-06T18:18:00Z
mobi_vancouver,mobi_vancouver_f14cc8d1-dde4-4cd0-bb7b-97afa31e5e27,f14cc8d1-dde4-4cd0-bb7b-97afa31e5e27,49.273011,-123.159663,2,FALSE,TRUE,2800,0470,1783361838,2026-07-06T18:18:01Z,2026-07-06T18:18:01Z,2026-07-06T18:17:16Z,2.2,https://gbfs.kappa.fifteen.eu/gbfs/2.2/mobi/en/gbfs.json,https://gbfs.kappa.fifteen.eu/gbfs/2.2/mobi/en/free_bike_status.json,2026-07-06T18:18:00Z,2026-07-06T18:18:00Z
mobi_vancouver,mobi_vancouver_94e89066-8418-4ef7-bb37-d77b851052b0,94e89066-8418-4ef7-bb37-d77b851052b0,49.243375,-123.104978,2,FALSE,TRUE,2800,0557,1783361838,2026-07-06T18:18:01Z,2026-07-06T18:18:01Z,2026-07-06T18:17:16Z,2.2,https://gbfs.kappa.fifteen.eu/gbfs/2.2/mobi/en/gbfs.json,https://gbfs.kappa.fifteen.eu/gbfs/2.2/mobi/en/free_bike_status.json,2026-07-06T18:18:00Z,2026-07-06T18:18:00Z
mobi_vancouver,mobi_vancouver_1a2f18f1-5ba4-4169-8f75-5c5ece418ad8,1a2f18f1-5ba4-4169-8f75-5c5ece418ad8,49.261742,-123.13148,2,FALSE,TRUE,3200,0166,1783361838,2026-07-06T18:18:01Z,2026-07-06T18:18:01Z,2026-07-06T18:17:16Z,2.2,https://gbfs.kappa.fifteen.eu/gbfs/2.2/mobi/en/gbfs.json,https://gbfs.kappa.fifteen.eu/gbfs/2.2/mobi/en/free_bike_status.json,2026-07-06T18:18:00Z,2026-07-06T18:18:00Z
mobi_vancouver,mobi_vancouver_6d408e9c-934c-4c4a-9107-d2abb65f70f4,6d408e9c-934c-4c4a-9107-d2abb65f70f4,49.267222,-123.153157,2,FALSE,TRUE,3200,0110,1783361838,2026-07-06T18:18:01Z,2026-07-06T18:18:01Z,2026-07-06T18:17:16Z,2.2,https://gbfs.kappa.fifteen.eu/gbfs/2.2/mobi/en/gbfs.json,https://gbfs.kappa.fifteen.eu/gbfs/2.2/mobi/en/free_bike_status.json,2026-07-06T18:18:00Z,2026-07-06T18:18:00Z
mobi_vancouver,mobi_vancouver_537709e4-a26c-479b-93e7-bb11ce7b90ef,537709e4-a26c-479b-93e7-bb11ce7b90ef,49.271741,-123.155421,2,FALSE,TRUE,3200,0204,1783361838,2026-07-06T18:18:01Z,2026-07-06T18:18:01Z,2026-07-06T18:17:16Z,2.2,https://gbfs.kappa.fifteen.eu/gbfs/2.2/mobi/en/gbfs.json,https://gbfs.kappa.fifteen.eu/gbfs/2.2/mobi/en/free_bike_status.json,2026-07-06T18:18:00Z,2026-07-06T18:18:00Z
mobi_vancouver,mobi_vancouver_1a699181-7874-4370-8323-d5ced67731e1,1a699181-7874-4370-8323-d5ced67731e1,49.28117,-123.104419,2,FALSE,TRUE,3200,0098,1783361838,2026-07-06T18:18:01Z,2026-07-06T18:18:01Z,2026-07-06T18:17:16Z,2.2,https://gbfs.kappa.fifteen.eu/gbfs/2.2/mobi/en/gbfs.json,https://gbfs.kappa.fifteen.eu/gbfs/2.2/mobi/en/free_bike_status.json,2026-07-06T18:18:00Z,2026-07-06T18:18:00Z
mobi_vancouver,mobi_vancouver_03416281-3f88-4844-a053-9d2215a8bc30,03416281-3f88-4844-a053-9d2215a8bc30,49.263518,-123.09568,2,FALSE,TRUE,3200,0262,1783361838,2026-07-06T18:18:01Z,2026-07-06T18:18:01Z,2026-07-06T18:17:16Z,2.2,https://gbfs.kappa.fifteen.eu/gbfs/2.2/mobi/en/gbfs.json,https://gbfs.kappa.fifteen.eu/gbfs/2.2/mobi/en/free_bike_status.json,2026-07-06T18:18:00Z,2026-07-06T18:18:00Z
mobi_vancouver,mobi_vancouver_74b45553-7340-422a-96d2-e9c1c8e651d7,74b45553-7340-422a-96d2-e9c1c8e651d7,49.264483,-123.173926,2,FALSE,TRUE,3200,0444,1783361838,2026-07-06T18:18:01Z,2026-07-06T18:18:01Z,2026-07-06T18:17:16Z,2.2,https://gbfs.kappa.fifteen.eu/gbfs/2.2/mobi/en/gbfs.json,https://gbfs.kappa.fifteen.eu/gbfs/2.2/mobi/en/free_bike_status.json,2026-07-06T18:18:00Z,2026-07-06T18:18:00Z
mobi_vancouver,mobi_vancouver_101de80a-2fb0-4939-a9f5-f66f05045f18,101de80a-2fb0-4939-a9f5-f66f05045f18,49.273011,-123.159663,2,FALSE,TRUE,3200,0470,1783361838,2026-07-06T18:18:01Z,2026-07-06T18:18:01Z,2026-07-06T18:17:16Z,2.2,https://gbfs.kappa.fifteen.eu/gbfs/2.2/mobi/en/gbfs.json,https://gbfs.kappa.fifteen.eu/gbfs/2.2/mobi/en/free_bike_status.json,2026-07-06T18:18:00Z,2026-07-06T18:18:00Z
mobi_vancouver,mobi_vancouver_2e4234e6-551c-4c20-b7e4-121ba0d5bcf8,2e4234e6-551c-4c20-b7e4-121ba0d5bcf8,49.282214,-123.114101,2,FALSE,TRUE,3600,0012,1783361838,2026-07-06T18:18:01Z,2026-07-06T18:18:01Z,2026-07-06T18:17:16Z,2.2,https://gbfs.kappa.fifteen.eu/gbfs/2.2/mobi/en/gbfs.json,https://gbfs.kappa.fifteen.eu/gbfs/2.2/mobi/en/free_bike_status.json,2026-07-06T18:18:00Z,2026-07-06T18:18:00Z
mobi_vancouver,mobi_vancouver_4e541926-21da-4a6d-85e9-bb13d1693d44,4e541926-21da-4a6d-85e9-bb13d1693d44,49.279739,-123.116251,2,FALSE,TRUE,3600,0025,1783361838,2026-07-06T18:18:01Z,2026-07-06T18:18:01Z,2026-07-06T18:17:16Z,2.2,https://gbfs.kappa.fifteen.eu/gbfs/2.2/mobi/en/gbfs.json,https://gbfs.kappa.fifteen.eu/gbfs/2.2/mobi/en/free_bike_status.json,2026-07-06T18:18:00Z,2026-07-06T18:18:00Z
mobi_vancouver,mobi_vancouver_474e7782-18b8-45b4-b386-5c1dd2fb7e81,474e7782-18b8-45b4-b386-5c1dd2fb7e81,49.273355,-123.154493,2,FALSE,TRUE,3600,0154,1783361838,2026-07-06T18:18:01Z,2026-07-06T18:18:01Z,2026-07-06T18:17:16Z,2.2,https://gbfs.kappa.fifteen.eu/gbfs/2.2/mobi/en/gbfs.json,https://gbfs.kappa.fifteen.eu/gbfs/2.2/mobi/en/free_bike_status.json,2026-07-06T18:18:00Z,2026-07-06T18:18:00Z
mobi_vancouver,mobi_vancouver_48b2199a-ab05-4896-9465-00b9d34d61a3,48b2199a-ab05-4896-9465-00b9d34d61a3,49.277178,-123.13,2,FALSE,TRUE,3600,0196,1783361838,2026-07-06T18:18:01Z,2026-07-06T18:18:01Z,2026-07-06T18:17:16Z,2.2,https://gbfs.kappa.fifteen.eu/gbfs/2.2/mobi/en/gbfs.json,https://gbfs.kappa.fifteen.eu/gbfs/2.2/mobi/en/free_bike_status.json,2026-07-06T18:18:00Z,2026-07-06T18:18:00Z
mobi_vancouver,mobi_vancouver_0545f9bc-29c2-46b9-8382-8d8f8b86e3cb,0545f9bc-29c2-46b9-8382-8d8f8b86e3cb,49.267725,-123.11311,2,FALSE,TRUE,3600,0144,1783361838,2026-07-06T18:18:01Z,2026-07-06T18:18:01Z,2026-07-06T18:17:16Z,2.2,https://gbfs.kappa.fifteen.eu/gbfs/2.2/mobi/en/gbfs.json,https://gbfs.kappa.fifteen.eu/gbfs/2.2/mobi/en/free_bike_status.json,2026-07-06T18:18:00Z,2026-07-06T18:18:00Z
mobi_vancouver,mobi_vancouver_23ce89b7-aa2f-422e-82dc-5d3461f33149,23ce89b7-aa2f-422e-82dc-5d3461f33149,49.26518,-123.25868,2,FALSE,TRUE,3600,2112,1783361838,2026-07-06T18:18:01Z,2026-07-06T18:18:01Z,2026-07-06T18:17:16Z,2.2,https://gbfs.kappa.fifteen.eu/gbfs/2.2/mobi/en/gbfs.json,https://gbfs.kappa.fifteen.eu/gbfs/2.2/mobi/en/free_bike_status.json,2026-07-06T18:18:00Z,2026-07-06T18:18:00Z
mobi_vancouver,mobi_vancouver_86735d9d-d97f-474f-bde8-e37d14bbf7b3,86735d9d-d97f-474f-bde8-e37d14bbf7b3,49.279259,-123.119145,2,FALSE,TRUE,4000,0058,1783361838,2026-07-06T18:18:01Z,2026-07-06T18:18:01Z,2026-07-06T18:17:16Z,2.2,https://gbfs.kappa.fifteen.eu/gbfs/2.2/mobi/en/gbfs.json,https://gbfs.kappa.fifteen.eu/gbfs/2.2/mobi/en/free_bike_status.json,2026-07-06T18:18:00Z,2026-07-06T18:18:00Z
mobi_vancouver,mobi_vancouver_076217cd-74e2-4074-8391-bb5e164c4ccc,076217cd-74e2-4074-8391-bb5e164c4ccc,49.282503,-123.124697,2,FALSE,TRUE,4000,0217,1783361838,2026-07-06T18:18:01Z,2026-07-06T18:18:01Z,2026-07-06T18:17:16Z,2.2,https://gbfs.kappa.fifteen.eu/gbfs/2.2/mobi/en/gbfs.json,https://gbfs.kappa.fifteen.eu/gbfs/2.2/mobi/en/free_bike_status.json,2026-07-06T18:18:00Z,2026-07-06T18:18:00Z
mobi_vancouver,mobi_vancouver_872405dc-c0a0-4427-9333-850e6452d94f,872405dc-c0a0-4427-9333-850e6452d94f,49.27709,-123.07589,2,FALSE,TRUE,4400,,1783361838,2026-07-06T18:18:01Z,2026-07-06T18:18:01Z,2026-07-06T18:17:16Z,2.2,https://gbfs.kappa.fifteen.eu/gbfs/2.2/mobi/en/gbfs.json,https://gbfs.kappa.fifteen.eu/gbfs/2.2/mobi/en/free_bike_status.json,2026-07-06T18:18:00Z,2026-07-06T18:18:00Z
mobi_vancouver,mobi_vancouver_e3e1308c-5877-47cb-85e4-6260650902c7,e3e1308c-5877-47cb-85e4-6260650902c7,49.282214,-123.114101,2,FALSE,TRUE,4800,0012,1783361838,2026-07-06T18:18:01Z,2026-07-06T18:18:01Z,2026-07-06T18:17:16Z,2.2,https://gbfs.kappa.fifteen.eu/gbfs/2.2/mobi/en/gbfs.json,https://gbfs.kappa.fifteen.eu/gbfs/2.2/mobi/en/free_bike_status.json,2026-07-06T18:18:00Z,2026-07-06T18:18:00Z
mobi_vancouver,mobi_vancouver_f88810f6-976e-428b-81c3-cad632877427,f88810f6-976e-428b-81c3-cad632877427,49.266456,-123.100324,2,FALSE,TRUE,4800,0198,1783361838,2026-07-06T18:18:01Z,2026-07-06T18:18:01Z,2026-07-06T18:17:16Z,2.2,https://gbfs.kappa.fifteen.eu/gbfs/2.2/mobi/en/gbfs.json,https://gbfs.kappa.fifteen.eu/gbfs/2.2/mobi/en/free_bike_status.json,2026-07-06T18:18:00Z,2026-07-06T18:18:00Z
mobi_vancouver,mobi_vancouver_d0a925a3-33a9-4666-9f4f-67e7a400cf91,d0a925a3-33a9-4666-9f4f-67e7a400cf91,49.280216,-123.117639,2,FALSE,TRUE,5200,0129,1783361838,2026-07-06T18:18:01Z,2026-07-06T18:18:01Z,2026-07-06T18:17:16Z,2.2,https://gbfs.kappa.fifteen.eu/gbfs/2.2/mobi/en/gbfs.json,https://gbfs.kappa.fifteen.eu/gbfs/2.2/mobi/en/free_bike_status.json,2026-07-06T18:18:00Z,2026-07-06T18:18:00Z
mobi_vancouver,mobi_vancouver_76a00e8b-4189-418f-81d8-78bb14ce04b9,76a00e8b-4189-418f-81d8-78bb14ce04b9,49.27709,-123.07589,2,FALSE,TRUE,5200,,1783361838,2026-07-06T18:18:01Z,2026-07-06T18:18:01Z,2026-07-06T18:17:16Z,2.2,https://gbfs.kappa.fifteen.eu/gbfs/2.2/mobi/en/gbfs.json,https://gbfs.kappa.fifteen.eu/gbfs/2.2/mobi/en/free_bike_status.json,2026-07-06T18:18:00Z,2026-07-06T18:18:00Z
mobi_vancouver,mobi_vancouver_891b8b4e-88bf-46e6-83dc-9a9f85aafcf2,891b8b4e-88bf-46e6-83dc-9a9f85aafcf2,49.282503,-123.124697,2,FALSE,TRUE,5600,0217,1783361838,2026-07-06T18:18:01Z,2026-07-06T18:18:01Z,2026-07-06T18:17:16Z,2.2,https://gbfs.kappa.fifteen.eu/gbfs/2.2/mobi/en/gbfs.json,https://gbfs.kappa.fifteen.eu/gbfs/2.2/mobi/en/free_bike_status.json,2026-07-06T18:18:00Z,2026-07-06T18:18:00Z
mobi_vancouver,mobi_vancouver_4a36a391-7653-42eb-bf56-ec37e4f8f798,4a36a391-7653-42eb-bf56-ec37e4f8f798,49.299292,-123.130281,2,FALSE,TRUE,6400,0101,1783361838,2026-07-06T18:18:01Z,2026-07-06T18:18:01Z,2026-07-06T18:17:16Z,2.2,https://gbfs.kappa.fifteen.eu/gbfs/2.2/mobi/en/gbfs.json,https://gbfs.kappa.fifteen.eu/gbfs/2.2/mobi/en/free_bike_status.json,2026-07-06T18:18:00Z,2026-07-06T18:18:00Z
mobi_vancouver,mobi_vancouver_f5f573d5-7ba1-476d-8a82-1a3fcfe10ff0,f5f573d5-7ba1-476d-8a82-1a3fcfe10ff0,49.282503,-123.124697,2,FALSE,TRUE,6400,0217,1783361838,2026-07-06T18:18:01Z,2026-07-06T18:18:01Z,2026-07-06T18:17:16Z,2.2,https://gbfs.kappa.fifteen.eu/gbfs/2.2/mobi/en/gbfs.json,https://gbfs.kappa.fifteen.eu/gbfs/2.2/mobi/en/free_bike_status.json,2026-07-06T18:18:00Z,2026-07-06T18:18:00Z
mobi_vancouver,mobi_vancouver_42f14c4c-d47c-4c57-8dcf-5db5f66b364a,42f14c4c-d47c-4c57-8dcf-5db5f66b364a,49.27023,-123.10651,2,FALSE,TRUE,6800,0174,1783361838,2026-07-06T18:18:01Z,2026-07-06T18:18:01Z,2026-07-06T18:17:16Z,2.2,https://gbfs.kappa.fifteen.eu/gbfs/2.2/mobi/en/gbfs.json,https://gbfs.kappa.fifteen.eu/gbfs/2.2/mobi/en/free_bike_status.json,2026-07-06T18:18:00Z,2026-07-06T18:18:00Z
mobi_vancouver,mobi_vancouver_4a414f06-c194-4662-b84d-005bebd34162,4a414f06-c194-4662-b84d-005bebd34162,49.282214,-123.114101,2,FALSE,TRUE,7600,0012,1783361838,2026-07-06T18:18:01Z,2026-07-06T18:18:01Z,2026-07-06T18:17:16Z,2.2,https://gbfs.kappa.fifteen.eu/gbfs/2.2/mobi/en/gbfs.json,https://gbfs.kappa.fifteen.eu/gbfs/2.2/mobi/en/free_bike_status.json,2026-07-06T18:18:00Z,2026-07-06T18:18:00Z
mobi_vancouver,mobi_vancouver_534c803d-3d6d-4ce6-af8f-b208c18ad171,534c803d-3d6d-4ce6-af8f-b208c18ad171,49.282503,-123.124697,2,FALSE,TRUE,8800,0217,1783361838,2026-07-06T18:18:01Z,2026-07-06T18:18:01Z,2026-07-06T18:17:16Z,2.2,https://gbfs.kappa.fifteen.eu/gbfs/2.2/mobi/en/gbfs.json,https://gbfs.kappa.fifteen.eu/gbfs/2.2/mobi/en/free_bike_status.json,2026-07-06T18:18:00Z,2026-07-06T18:18:00Z
mobi_vancouver,mobi_vancouver_eaee9496-1842-4f5a-9604-13ae276929e6,eaee9496-1842-4f5a-9604-13ae276929e6,49.282503,-123.124697,2,FALSE,TRUE,8800,0217,1783361838,2026-07-06T18:18:01Z,2026-07-06T18:18:01Z,2026-07-06T18:17:16Z,2.2,https://gbfs.kappa.fifteen.eu/gbfs/2.2/mobi/en/gbfs.json,https://gbfs.kappa.fifteen.eu/gbfs/2.2/mobi/en/free_bike_status.json,2026-07-06T18:18:00Z,2026-07-06T18:18:00Z
mobi_vancouver,mobi_vancouver_04d5a57d-cb36-4eca-9578-0ca88895e1e4,04d5a57d-cb36-4eca-9578-0ca88895e1e4,49.282214,-123.114101,2,FALSE,TRUE,10000,0012,1783361838,2026-07-06T18:18:01Z,2026-07-06T18:18:01Z,2026-07-06T18:17:16Z,2.2,https://gbfs.kappa.fifteen.eu/gbfs/2.2/mobi/en/gbfs.json,https://gbfs.kappa.fifteen.eu/gbfs/2.2/mobi/en/free_bike_status.json,2026-07-06T18:18:00Z,2026-07-06T18:18:00Z
mobi_vancouver,mobi_vancouver_5274a5c3-ecac-482d-867b-5dbd65534ff4,5274a5c3-ecac-482d-867b-5dbd65534ff4,49.288506,-123.131238,2,FALSE,TRUE,10000,0096,1783361838,2026-07-06T18:18:01Z,2026-07-06T18:18:01Z,2026-07-06T18:17:16Z,2.2,https://gbfs.kappa.fifteen.eu/gbfs/2.2/mobi/en/gbfs.json,https://gbfs.kappa.fifteen.eu/gbfs/2.2/mobi/en/free_bike_status.json,2026-07-06T18:18:00Z,2026-07-06T18:18:00Z
mobi_vancouver,mobi_vancouver_35e75056-c800-4a32-b539-800f5b980964,35e75056-c800-4a32-b539-800f5b980964,49.280216,-123.117639,2,FALSE,TRUE,10400,0129,1783361838,2026-07-06T18:18:01Z,2026-07-06T18:18:01Z,2026-07-06T18:17:16Z,2.2,https://gbfs.kappa.fifteen.eu/gbfs/2.2/mobi/en/gbfs.json,https://gbfs.kappa.fifteen.eu/gbfs/2.2/mobi/en/free_bike_status.json,2026-07-06T18:18:00Z,2026-07-06T18:18:00Z
mobi_vancouver,mobi_vancouver_eb833cbd-4350-46c1-b603-8f2baee64181,eb833cbd-4350-46c1-b603-8f2baee64181,49.280216,-123.117639,2,FALSE,TRUE,10800,0129,1783361838,2026-07-06T18:18:01Z,2026-07-06T18:18:01Z,2026-07-06T18:17:16Z,2.2,https://gbfs.kappa.fifteen.eu/gbfs/2.2/mobi/en/gbfs.json,https://gbfs.kappa.fifteen.eu/gbfs/2.2/mobi/en/free_bike_status.json,2026-07-06T18:18:00Z,2026-07-06T18:18:00Z
mobi_vancouver,mobi_vancouver_e6099e60-2a63-4c0d-80de-ea2ddcb765bc,e6099e60-2a63-4c0d-80de-ea2ddcb765bc,49.266579,-123.248549,2,FALSE,TRUE,11600,2143,1783361838,2026-07-06T18:18:01Z,2026-07-06T18:18:01Z,2026-07-06T18:17:16Z,2.2,https://gbfs.kappa.fifteen.eu/gbfs/2.2/mobi/en/gbfs.json,https://gbfs.kappa.fifteen.eu/gbfs/2.2/mobi/en/free_bike_status.json,2026-07-06T18:18:00Z,2026-07-06T18:18:00Z
mobi_vancouver,mobi_vancouver_a71ad7d9-4bc8-44b6-9efc-47c99dfeab36,a71ad7d9-4bc8-44b6-9efc-47c99dfeab36,49.27023,-123.10651,2,FALSE,TRUE,12000,0174,1783361838,2026-07-06T18:18:01Z,2026-07-06T18:18:01Z,2026-07-06T18:17:16Z,2.2,https://gbfs.kappa.fifteen.eu/gbfs/2.2/mobi/en/gbfs.json,https://gbfs.kappa.fifteen.eu/gbfs/2.2/mobi/en/free_bike_status.json,2026-07-06T18:18:00Z,2026-07-06T18:18:00Z
mobi_vancouver,mobi_vancouver_16eac0ca-6201-4b4b-80eb-6e4b9858da6f,16eac0ca-6201-4b4b-80eb-6e4b9858da6f,49.280216,-123.117639,2,FALSE,TRUE,12400,0129,1783361838,2026-07-06T18:18:01Z,2026-07-06T18:18:01Z,2026-07-06T18:17:16Z,2.2,https://gbfs.kappa.fifteen.eu/gbfs/2.2/mobi/en/gbfs.json,https://gbfs.kappa.fifteen.eu/gbfs/2.2/mobi/en/free_bike_status.json,2026-07-06T18:18:00Z,2026-07-06T18:18:00Z
mobi_vancouver,mobi_vancouver_4566412f-8596-4a94-95f1-8f2a864a73aa,4566412f-8596-4a94-95f1-8f2a864a73aa,49.266579,-123.248549,2,FALSE,TRUE,13600,2143,1783361838,2026-07-06T18:18:01Z,2026-07-06T18:18:01Z,2026-07-06T18:17:16Z,2.2,https://gbfs.kappa.fifteen.eu/gbfs/2.2/mobi/en/gbfs.json,https://gbfs.kappa.fifteen.eu/gbfs/2.2/mobi/en/free_bike_status.json,2026-07-06T18:18:00Z,2026-07-06T18:18:00Z
mobi_vancouver,mobi_vancouver_0a414908-15c4-4c78-9943-f5b802600b3a,0a414908-15c4-4c78-9943-f5b802600b3a,49.282503,-123.124697,2,FALSE,TRUE,14000,0217,1783361838,2026-07-06T18:18:01Z,2026-07-06T18:18:01Z,2026-07-06T18:17:16Z,2.2,https://gbfs.kappa.fifteen.eu/gbfs/2.2/mobi/en/gbfs.json,https://gbfs.kappa.fifteen.eu/gbfs/2.2/mobi/en/free_bike_status.json,2026-07-06T18:18:00Z,2026-07-06T18:18:00Z
mobi_vancouver,mobi_vancouver_af109ca8-f4c1-41b5-b028-f965d3464190,af109ca8-f4c1-41b5-b028-f965d3464190,49.264215,-123.117772,2,FALSE,TRUE,14800,0008,1783361838,2026-07-06T18:18:01Z,2026-07-06T18:18:01Z,2026-07-06T18:17:16Z,2.2,https://gbfs.kappa.fifteen.eu/gbfs/2.2/mobi/en/gbfs.json,https://gbfs.kappa.fifteen.eu/gbfs/2.2/mobi/en/free_bike_status.json,2026-07-06T18:18:00Z,2026-07-06T18:18:00Z
mobi_vancouver,mobi_vancouver_cdec8d05-98f8-4037-9f11-c743ba1b8ab9,cdec8d05-98f8-4037-9f11-c743ba1b8ab9,49.282503,-123.124697,2,FALSE,TRUE,16400,0217,1783361838,2026-07-06T18:18:01Z,2026-07-06T18:18:01Z,2026-07-06T18:17:16Z,2.2,https://gbfs.kappa.fifteen.eu/gbfs/2.2/mobi/en/gbfs.json,https://gbfs.kappa.fifteen.eu/gbfs/2.2/mobi/en/free_bike_status.json,2026-07-06T18:18:00Z,2026-07-06T18:18:00Z
mobi_vancouver,mobi_vancouver_f6bf5b23-9334-4728-ad22-8cb832996131,f6bf5b23-9334-4728-ad22-8cb832996131,49.282214,-123.114101,2,FALSE,TRUE,19200,0012,1783361838,2026-07-06T18:18:01Z,2026-07-06T18:18:01Z,2026-07-06T18:17:16Z,2.2,https://gbfs.kappa.fifteen.eu/gbfs/2.2/mobi/en/gbfs.json,https://gbfs.kappa.fifteen.eu/gbfs/2.2/mobi/en/free_bike_status.json,2026-07-06T18:18:00Z,2026-07-06T18:18:00Z
mobi_vancouver,mobi_vancouver_f4f47edb-25d4-422e-9675-879a712396e3,f4f47edb-25d4-422e-9675-879a712396e3,49.279259,-123.119145,2,FALSE,TRUE,27600,0058,1783361838,2026-07-06T18:18:01Z,2026-07-06T18:18:01Z,2026-07-06T18:17:16Z,2.2,https://gbfs.kappa.fifteen.eu/gbfs/2.2/mobi/en/gbfs.json,https://gbfs.kappa.fifteen.eu/gbfs/2.2/mobi/en/free_bike_status.json,2026-07-06T18:18:00Z,2026-07-06T18:18:00Z
lime_vancouver,lime_vancouver_3e2f1393-3885-49f9-8ac1-cb63e909bd0a,3e2f1393-3885-49f9-8ac1-cb63e909bd0a,49.266151,-123.098817,2,FALSE,FALSE,37272,NA,1783361882,2026-07-06T18:18:03Z,2026-07-06T18:18:03Z,2026-07-06T18:18:03Z,2.2,https://data.lime.bike/api/partners/v2/gbfs/vancouver_bc/gbfs.json,https://data.lime.bike/api/partners/v2/gbfs/vancouver_bc/free_bike_status,2026-07-06T18:18:00Z,2026-07-06T18:18:00Z
lime_vancouver,lime_vancouver_05a5c9db-78f1-4f32-aca3-a50a1df283c9,05a5c9db-78f1-4f32-aca3-a50a1df283c9,49.271643,-123.073407,2,FALSE,FALSE,21211,NA,1783361882,2026-07-06T18:18:03Z,2026-07-06T18:18:03Z,2026-07-06T18:18:03Z,2.2,https://data.lime.bike/api/partners/v2/gbfs/vancouver_bc/gbfs.json,https://data.lime.bike/api/partners/v2/gbfs/vancouver_bc/free_bike_status,2026-07-06T18:18:00Z,2026-07-06T18:18:00Z
lime_vancouver,lime_vancouver_d84b8c5e-ada1-47cf-b0c3-dc90bdc7d8d5,d84b8c5e-ada1-47cf-b0c3-dc90bdc7d8d5,49.259281,-123.045267,2,FALSE,FALSE,13084,NA,1783361882,2026-07-06T18:18:03Z,2026-07-06T18:18:03Z,2026-07-06T18:18:03Z,2.2,https://data.lime.bike/api/partners/v2/gbfs/vancouver_bc/gbfs.json,https://data.lime.bike/api/partners/v2/gbfs/vancouver_bc/free_bike_status,2026-07-06T18:18:00Z,2026-07-06T18:18:00Z
lime_vancouver,lime_vancouver_ed38e039-d913-4777-9b8a-c1f08506bad1,ed38e039-d913-4777-9b8a-c1f08506bad1,49.279499,-123.100116,2,FALSE,FALSE,33651,NA,1783361882,2026-07-06T18:18:03Z,2026-07-06T18:18:03Z,2026-07-06T18:18:03Z,2.2,https://data.lime.bike/api/partners/v2/gbfs/vancouver_bc/gbfs.json,https://data.lime.bike/api/partners/v2/gbfs/vancouver_bc/free_bike_status,2026-07-06T18:18:00Z,2026-07-06T18:18:00Z
lime_vancouver,lime_vancouver_50fc7ec1-3337-4533-a945-34c7881231ab,50fc7ec1-3337-4533-a945-34c7881231ab,49.273316,-123.128522,2,FALSE,FALSE,36741,NA,1783361882,2026-07-06T18:18:03Z,2026-07-06T18:18:03Z,2026-07-06T18:18:03Z,2.2,https://data.lime.bike/api/partners/v2/gbfs/vancouver_bc/gbfs.json,https://data.lime.bike/api/partners/v2/gbfs/vancouver_bc/free_bike_status,2026-07-06T18:18:00Z,2026-07-06T18:18:00Z
lime_vancouver,lime_vancouver_adaf2e41-03e6-41bc-822f-3306ba7a13f3,adaf2e41-03e6-41bc-822f-3306ba7a13f3,49.290687,-123.133724,2,FALSE,FALSE,34681,NA,1783361882,2026-07-06T18:18:03Z,2026-07-06T18:18:03Z,2026-07-06T18:18:03Z,2.2,https://data.lime.bike/api/partners/v2/gbfs/vancouver_bc/gbfs.json,https://data.lime.bike/api/partners/v2/gbfs/vancouver_bc/free_bike_status,2026-07-06T18:18:00Z,2026-07-06T18:18:00Z
lime_vancouver,lime_vancouver_e5ed957f-73ad-44c8-be9a-dc13b3c508bd,e5ed957f-73ad-44c8-be9a-dc13b3c508bd,49.266109,-123.098813,2,FALSE,FALSE,13551,NA,1783361882,2026-07-06T18:18:03Z,2026-07-06T18:18:03Z,2026-07-06T18:18:03Z,2.2,https://data.lime.bike/api/partners/v2/gbfs/vancouver_bc/gbfs.json,https://data.lime.bike/api/partners/v2/gbfs/vancouver_bc/free_bike_status,2026-07-06T18:18:00Z,2026-07-06T18:18:00Z
lime_vancouver,lime_vancouver_687ed7ad-0994-4fc2-b119-ed3212019914,687ed7ad-0994-4fc2-b119-ed3212019914,49.287309,-123.126514,2,FALSE,FALSE,18797,NA,1783361882,2026-07-06T18:18:03Z,2026-07-06T18:18:03Z,2026-07-06T18:18:03Z,2.2,https://data.lime.bike/api/partners/v2/gbfs/vancouver_bc/gbfs.json,https://data.lime.bike/api/partners/v2/gbfs/vancouver_bc/free_bike_status,2026-07-06T18:18:00Z,2026-07-06T18:18:00Z
lime_vancouver,lime_vancouver_a6be655c-4732-43a7-bfed-4289098c94ea,a6be655c-4732-43a7-bfed-4289098c94ea,49.2746,-123.087159,2,FALSE,FALSE,25122,NA,1783361882,2026-07-06T18:18:03Z,2026-07-06T18:18:03Z,2026-07-06T18:18:03Z,2.2,https://data.lime.bike/api/partners/v2/gbfs/vancouver_bc/gbfs.json,https://data.lime.bike/api/partners/v2/gbfs/vancouver_bc/free_bike_status,2026-07-06T18:18:00Z,2026-07-06T18:18:00Z
lime_vancouver,lime_vancouver_fe88c0af-547b-4707-a8f6-918a1b6aa215,fe88c0af-547b-4707-a8f6-918a1b6aa215,49.261489,-123.079649,2,FALSE,FALSE,7049,NA,1783361882,2026-07-06T18:18:03Z,2026-07-06T18:18:03Z,2026-07-06T18:18:03Z,2.2,https://data.lime.bike/api/partners/v2/gbfs/vancouver_bc/gbfs.json,https://data.lime.bike/api/partners/v2/gbfs/vancouver_bc/free_bike_status,2026-07-06T18:18:00Z,2026-07-06T18:18:00Z
lime_vancouver,lime_vancouver_651d17d0-2b9e-456b-9c57-bb524ccbbd5a,651d17d0-2b9e-456b-9c57-bb524ccbbd5a,49.280807,-123.025594,2,FALSE,FALSE,38302,NA,1783361882,2026-07-06T18:18:03Z,2026-07-06T18:18:03Z,2026-07-06T18:18:03Z,2.2,https://data.lime.bike/api/partners/v2/gbfs/vancouver_bc/gbfs.json,https://data.lime.bike/api/partners/v2/gbfs/vancouver_bc/free_bike_status,2026-07-06T18:18:00Z,2026-07-06T18:18:00Z
lime_vancouver,lime_vancouver_737e7494-1338-4352-8f9e-2e69f1029247,737e7494-1338-4352-8f9e-2e69f1029247,49.269955,-123.135753,2,FALSE,FALSE,37272,NA,1783361882,2026-07-06T18:18:03Z,2026-07-06T18:18:03Z,2026-07-06T18:18:03Z,2.2,https://data.lime.bike/api/partners/v2/gbfs/vancouver_bc/gbfs.json,https://data.lime.bike/api/partners/v2/gbfs/vancouver_bc/free_bike_status,2026-07-06T18:18:00Z,2026-07-06T18:18:00Z
lime_vancouver,lime_vancouver_7be01b0b-0d00-41f6-8b9c-3ff87642dbdf,7be01b0b-0d00-41f6-8b9c-3ff87642dbdf,49.266336,-123.098735,2,FALSE,FALSE,4361,NA,1783361882,2026-07-06T18:18:03Z,2026-07-06T18:18:03Z,2026-07-06T18:18:03Z,2.2,https://data.lime.bike/api/partners/v2/gbfs/vancouver_bc/gbfs.json,https://data.lime.bike/api/partners/v2/gbfs/vancouver_bc/free_bike_status,2026-07-06T18:18:00Z,2026-07-06T18:18:00Z
lime_vancouver,lime_vancouver_7fc785cf-91d5-49cf-944a-3855000dbc79,7fc785cf-91d5-49cf-944a-3855000dbc79,49.254539,-123.072819,2,FALSE,FALSE,44514,NA,1783361882,2026-07-06T18:18:03Z,2026-07-06T18:18:03Z,2026-07-06T18:18:03Z,2.2,https://data.lime.bike/api/partners/v2/gbfs/vancouver_bc/gbfs.json,https://data.lime.bike/api/partners/v2/gbfs/vancouver_bc/free_bike_status,2026-07-06T18:18:00Z,2026-07-06T18:18:00Z
lime_vancouver,lime_vancouver_42808580-39d0-4d96-a667-9e7e1ae8be8e,42808580-39d0-4d96-a667-9e7e1ae8be8e,49.287108,-123.125724,2,FALSE,FALSE,10734,NA,1783361882,2026-07-06T18:18:03Z,2026-07-06T18:18:03Z,2026-07-06T18:18:03Z,2.2,https://data.lime.bike/api/partners/v2/gbfs/vancouver_bc/gbfs.json,https://data.lime.bike/api/partners/v2/gbfs/vancouver_bc/free_bike_status,2026-07-06T18:18:00Z,2026-07-06T18:18:00Z
lime_vancouver,lime_vancouver_01e7a79c-f52b-4fad-bea2-e4aca875cab5,01e7a79c-f52b-4fad-bea2-e4aca875cab5,49.283346,-123.102317,2,FALSE,FALSE,12134,NA,1783361882,2026-07-06T18:18:03Z,2026-07-06T18:18:03Z,2026-07-06T18:18:03Z,2.2,https://data.lime.bike/api/partners/v2/gbfs/vancouver_bc/gbfs.json,https://data.lime.bike/api/partners/v2/gbfs/vancouver_bc/free_bike_status,2026-07-06T18:18:00Z,2026-07-06T18:18:00Z
lime_vancouver,lime_vancouver_fa8015f7-b66c-40e9-a4e6-95fb1412f349,fa8015f7-b66c-40e9-a4e6-95fb1412f349,49.28367,-123.110577,2,FALSE,FALSE,20246,NA,1783361882,2026-07-06T18:18:03Z,2026-07-06T18:18:03Z,2026-07-06T18:18:03Z,2.2,https://data.lime.bike/api/partners/v2/gbfs/vancouver_bc/gbfs.json,https://data.lime.bike/api/partners/v2/gbfs/vancouver_bc/free_bike_status,2026-07-06T18:18:00Z,2026-07-06T18:18:00Z
lime_vancouver,lime_vancouver_05038ac7-f24f-4572-9aec-2570e60bf5ee,05038ac7-f24f-4572-9aec-2570e60bf5ee,49.283706,-123.110655,2,FALSE,FALSE,42969,NA,1783361882,2026-07-06T18:18:03Z,2026-07-06T18:18:03Z,2026-07-06T18:18:03Z,2.2,https://data.lime.bike/api/partners/v2/gbfs/vancouver_bc/gbfs.json,https://data.lime.bike/api/partners/v2/gbfs/vancouver_bc/free_bike_status,2026-07-06T18:18:00Z,2026-07-06T18:18:00Z
lime_vancouver,lime_vancouver_e2db84e2-a3b3-4ddf-9693-6b5c6c732835,e2db84e2-a3b3-4ddf-9693-6b5c6c732835,49.273862,-123.144244,2,FALSE,FALSE,13084,NA,1783361882,2026-07-06T18:18:03Z,2026-07-06T18:18:03Z,2026-07-06T18:18:03Z,2.2,https://data.lime.bike/api/partners/v2/gbfs/vancouver_bc/gbfs.json,https://data.lime.bike/api/partners/v2/gbfs/vancouver_bc/free_bike_status,2026-07-06T18:18:00Z,2026-07-06T18:18:00Z
lime_vancouver,lime_vancouver_a69a92df-324a-4563-a464-b1feaef2e6ea,a69a92df-324a-4563-a464-b1feaef2e6ea,49.235462,-123.030949,2,FALSE,FALSE,43999,NA,1783361882,2026-07-06T18:18:03Z,2026-07-06T18:18:03Z,2026-07-06T18:18:03Z,2.2,https://data.lime.bike/api/partners/v2/gbfs/vancouver_bc/gbfs.json,https://data.lime.bike/api/partners/v2/gbfs/vancouver_bc/free_bike_status,2026-07-06T18:18:00Z,2026-07-06T18:18:00Z
lime_vancouver,lime_vancouver_7195e279-5586-4b77-a35b-3391777d251d,7195e279-5586-4b77-a35b-3391777d251d,49.282959,-123.106775,2,FALSE,FALSE,25122,NA,1783361882,2026-07-06T18:18:03Z,2026-07-06T18:18:03Z,2026-07-06T18:18:03Z,2.2,https://data.lime.bike/api/partners/v2/gbfs/vancouver_bc/gbfs.json,https://data.lime.bike/api/partners/v2/gbfs/vancouver_bc/free_bike_status,2026-07-06T18:18:00Z,2026-07-06T18:18:00Z
lime_vancouver,lime_vancouver_f4fe5744-5829-4271-a588-fd6d70b16444,f4fe5744-5829-4271-a588-fd6d70b16444,49.231065,-123.032589,2,FALSE,FALSE,15450,NA,1783361882,2026-07-06T18:18:03Z,2026-07-06T18:18:03Z,2026-07-06T18:18:03Z,2.2,https://data.lime.bike/api/partners/v2/gbfs/vancouver_bc/gbfs.json,https://data.lime.bike/api/partners/v2/gbfs/vancouver_bc/free_bike_status,2026-07-06T18:18:00Z,2026-07-06T18:18:00Z
lime_vancouver,lime_vancouver_4bfa1915-f5dc-43da-b682-0e5a233cc322,4bfa1915-f5dc-43da-b682-0e5a233cc322,49.238581,-123.051682,2,FALSE,FALSE,5697,NA,1783361882,2026-07-06T18:18:03Z,2026-07-06T18:18:03Z,2026-07-06T18:18:03Z,2.2,https://data.lime.bike/api/partners/v2/gbfs/vancouver_bc/gbfs.json,https://data.lime.bike/api/partners/v2/gbfs/vancouver_bc/free_bike_status,2026-07-06T18:18:00Z,2026-07-06T18:18:00Z
lime_vancouver,lime_vancouver_437da42d-c8a0-44ec-a7c1-3ea118a18b10,437da42d-c8a0-44ec-a7c1-3ea118a18b10,49.29061,-123.13379,2,FALSE,FALSE,13084,NA,1783361882,2026-07-06T18:18:03Z,2026-07-06T18:18:03Z,2026-07-06T18:18:03Z,2.2,https://data.lime.bike/api/partners/v2/gbfs/vancouver_bc/gbfs.json,https://data.lime.bike/api/partners/v2/gbfs/vancouver_bc/free_bike_status,2026-07-06T18:18:00Z,2026-07-06T18:18:00Z
lime_vancouver,lime_vancouver_e55b74f1-aeb8-42d1-9804-b91e3a2c7a0e,e55b74f1-aeb8-42d1-9804-b91e3a2c7a0e,49.279187,-123.04723,2,FALSE,FALSE,32637,NA,1783361882,2026-07-06T18:18:03Z,2026-07-06T18:18:03Z,2026-07-06T18:18:03Z,2.2,https://data.lime.bike/api/partners/v2/gbfs/vancouver_bc/gbfs.json,https://data.lime.bike/api/partners/v2/gbfs/vancouver_bc/free_bike_status,2026-07-06T18:18:00Z,2026-07-06T18:18:00Z
lime_vancouver,lime_vancouver_1b57b0c3-8849-4dac-8b59-5818bb4c47c9,1b57b0c3-8849-4dac-8b59-5818bb4c47c9,49.288447,-123.115946,2,FALSE,FALSE,34681,NA,1783361882,2026-07-06T18:18:03Z,2026-07-06T18:18:03Z,2026-07-06T18:18:03Z,2.2,https://data.lime.bike/api/partners/v2/gbfs/vancouver_bc/gbfs.json,https://data.lime.bike/api/partners/v2/gbfs/vancouver_bc/free_bike_status,2026-07-06T18:18:00Z,2026-07-06T18:18:00Z
lime_vancouver,lime_vancouver_e5f8a366-707f-47f5-8c50-91781c0fb403,e5f8a366-707f-47f5-8c50-91781c0fb403,49.273831,-123.144271,2,FALSE,FALSE,13551,NA,1783361882,2026-07-06T18:18:03Z,2026-07-06T18:18:03Z,2026-07-06T18:18:03Z,2.2,https://data.lime.bike/api/partners/v2/gbfs/vancouver_bc/gbfs.json,https://data.lime.bike/api/partners/v2/gbfs/vancouver_bc/free_bike_status,2026-07-06T18:18:00Z,2026-07-06T18:18:00Z
lime_vancouver,lime_vancouver_d96088c8-a494-4271-9527-98336ad0c6d2,d96088c8-a494-4271-9527-98336ad0c6d2,49.287086,-123.122759,2,FALSE,FALSE,10268,NA,1783361882,2026-07-06T18:18:03Z,2026-07-06T18:18:03Z,2026-07-06T18:18:03Z,2.2,https://data.lime.bike/api/partners/v2/gbfs/vancouver_bc/gbfs.json,https://data.lime.bike/api/partners/v2/gbfs/vancouver_bc/free_bike_status,2026-07-06T18:18:00Z,2026-07-06T18:18:00Z
lime_vancouver,lime_vancouver_af4c1873-e162-4d0a-91c8-15686864473c,af4c1873-e162-4d0a-91c8-15686864473c,49.283951,-123.119943,2,FALSE,FALSE,5246,NA,1783361882,2026-07-06T18:18:03Z,2026-07-06T18:18:03Z,2026-07-06T18:18:03Z,2.2,https://data.lime.bike/api/partners/v2/gbfs/vancouver_bc/gbfs.json,https://data.lime.bike/api/partners/v2/gbfs/vancouver_bc/free_bike_status,2026-07-06T18:18:00Z,2026-07-06T18:18:00Z
lime_vancouver,lime_vancouver_a8558137-3156-4081-87f2-32b3f134643b,a8558137-3156-4081-87f2-32b3f134643b,49.279626,-123.102427,2,FALSE,FALSE,23158,NA,1783361882,2026-07-06T18:18:03Z,2026-07-06T18:18:03Z,2026-07-06T18:18:03Z,2.2,https://data.lime.bike/api/partners/v2/gbfs/vancouver_bc/gbfs.json,https://data.lime.bike/api/partners/v2/gbfs/vancouver_bc/free_bike_status,2026-07-06T18:18:00Z,2026-07-06T18:18:00Z
lime_vancouver,lime_vancouver_0e620424-aa49-43b9-9a5f-e1319cb5aca2,0e620424-aa49-43b9-9a5f-e1319cb5aca2,49.275367,-123.092416,2,FALSE,FALSE,39880,NA,1783361882,2026-07-06T18:18:03Z,2026-07-06T18:18:03Z,2026-07-06T18:18:03Z,2.2,https://data.lime.bike/api/partners/v2/gbfs/vancouver_bc/gbfs.json,https://data.lime.bike/api/partners/v2/gbfs/vancouver_bc/free_bike_status,2026-07-06T18:18:00Z,2026-07-06T18:18:00Z
lime_vancouver,lime_vancouver_f8056aa1-e4c9-4fea-b849-66f24a56c06e,f8056aa1-e4c9-4fea-b849-66f24a56c06e,49.244539,-123.07592,2,FALSE,FALSE,5246,NA,1783361882,2026-07-06T18:18:03Z,2026-07-06T18:18:03Z,2026-07-06T18:18:03Z,2.2,https://data.lime.bike/api/partners/v2/gbfs/vancouver_bc/gbfs.json,https://data.lime.bike/api/partners/v2/gbfs/vancouver_bc/free_bike_status,2026-07-06T18:18:00Z,2026-07-06T18:18:00Z
lime_vancouver,lime_vancouver_00892e42-bb94-445b-a4f0-1db4b65eeceb,00892e42-bb94-445b-a4f0-1db4b65eeceb,49.269776,-123.135654,2,FALSE,FALSE,29612,NA,1783361882,2026-07-06T18:18:03Z,2026-07-06T18:18:03Z,2026-07-06T18:18:03Z,2.2,https://data.lime.bike/api/partners/v2/gbfs/vancouver_bc/gbfs.json,https://data.lime.bike/api/partners/v2/gbfs/vancouver_bc/free_bike_status,2026-07-06T18:18:00Z,2026-07-06T18:18:00Z
lime_vancouver,lime_vancouver_758f1460-9046-418d-88d8-6c998d07a605,758f1460-9046-418d-88d8-6c998d07a605,49.266135,-123.09886,2,FALSE,FALSE,6132,NA,1783361882,2026-07-06T18:18:03Z,2026-07-06T18:18:03Z,2026-07-06T18:18:03Z,2.2,https://data.lime.bike/api/partners/v2/gbfs/vancouver_bc/gbfs.json,https://data.lime.bike/api/partners/v2/gbfs/vancouver_bc/free_bike_status,2026-07-06T18:18:00Z,2026-07-06T18:18:00Z
lime_vancouver,lime_vancouver_3e5a0939-7556-4404-b981-9458dae2a350,3e5a0939-7556-4404-b981-9458dae2a350,49.269769,-123.135594,2,FALSE,FALSE,12134,NA,1783361882,2026-07-06T18:18:03Z,2026-07-06T18:18:03Z,2026-07-06T18:18:03Z,2.2,https://data.lime.bike/api/partners/v2/gbfs/vancouver_bc/gbfs.json,https://data.lime.bike/api/partners/v2/gbfs/vancouver_bc/free_bike_status,2026-07-06T18:18:00Z,2026-07-06T18:18:00Z
lime_vancouver,lime_vancouver_dac7deba-6df2-4e35-9a43-9a1c4551f4b3,dac7deba-6df2-4e35-9a43-9a1c4551f4b3,49.281022,-123.134257,2,FALSE,FALSE,4361,NA,1783361882,2026-07-06T18:18:03Z,2026-07-06T18:18:03Z,2026-07-06T18:18:03Z,2.2,https://data.lime.bike/api/partners/v2/gbfs/vancouver_bc/gbfs.json,https://data.lime.bike/api/partners/v2/gbfs/vancouver_bc/free_bike_status,2026-07-06T18:18:00Z,2026-07-06T18:18:00Z
lime_vancouver,lime_vancouver_19a7b8c9-a470-4cc2-aa51-8b0272d44536,19a7b8c9-a470-4cc2-aa51-8b0272d44536,49.283339,-123.115709,2,FALSE,FALSE,19280,NA,1783361882,2026-07-06T18:18:03Z,2026-07-06T18:18:03Z,2026-07-06T18:18:03Z,2.2,https://data.lime.bike/api/partners/v2/gbfs/vancouver_bc/gbfs.json,https://data.lime.bike/api/partners/v2/gbfs/vancouver_bc/free_bike_status,2026-07-06T18:18:00Z,2026-07-06T18:18:00Z
lime_vancouver,lime_vancouver_89c5f000-f93e-4b06-bd82-b9d1f0d94590,89c5f000-f93e-4b06-bd82-b9d1f0d94590,49.28093,-123.025551,2,FALSE,FALSE,6582,NA,1783361882,2026-07-06T18:18:03Z,2026-07-06T18:18:03Z,2026-07-06T18:18:03Z,2.2,https://data.lime.bike/api/partners/v2/gbfs/vancouver_bc/gbfs.json,https://data.lime.bike/api/partners/v2/gbfs/vancouver_bc/free_bike_status,2026-07-06T18:18:00Z,2026-07-06T18:18:00Z
lime_vancouver,lime_vancouver_3350a49f-4239-4b4c-966d-f14890d7ea96,3350a49f-4239-4b4c-966d-f14890d7ea96,49.291043,-123.127532,2,FALSE,FALSE,17832,NA,1783361882,2026-07-06T18:18:03Z,2026-07-06T18:18:03Z,2026-07-06T18:18:03Z,2.2,https://data.lime.bike/api/partners/v2/gbfs/vancouver_bc/gbfs.json,https://data.lime.bike/api/partners/v2/gbfs/vancouver_bc/free_bike_status,2026-07-06T18:18:00Z,2026-07-06T18:18:00Z
lime_vancouver,lime_vancouver_a556c4c9-9cf4-4d7d-ab08-18fda4d28ba0,a556c4c9-9cf4-4d7d-ab08-18fda4d28ba0,49.280957,-123.089459,2,FALSE,FALSE,40395,NA,1783361882,2026-07-06T18:18:03Z,2026-07-06T18:18:03Z,2026-07-06T18:18:03Z,2.2,https://data.lime.bike/api/partners/v2/gbfs/vancouver_bc/gbfs.json,https://data.lime.bike/api/partners/v2/gbfs/vancouver_bc/free_bike_status,2026-07-06T18:18:00Z,2026-07-06T18:18:00Z
lime_vancouver,lime_vancouver_49687831-7057-47cb-bbd0-c5061b96a374,49687831-7057-47cb-bbd0-c5061b96a374,49.280348,-123.03079,2,FALSE,FALSE,27600,NA,1783361882,2026-07-06T18:18:03Z,2026-07-06T18:18:03Z,2026-07-06T18:18:03Z,2.2,https://data.lime.bike/api/partners/v2/gbfs/vancouver_bc/gbfs.json,https://data.lime.bike/api/partners/v2/gbfs/vancouver_bc/free_bike_status,2026-07-06T18:18:00Z,2026-07-06T18:18:00Z
lime_vancouver,lime_vancouver_a5104f5d-24a9-48ff-9abe-e402ab86aa84,a5104f5d-24a9-48ff-9abe-e402ab86aa84,49.286864,-123.125695,2,FALSE,FALSE,33651,NA,1783361882,2026-07-06T18:18:03Z,2026-07-06T18:18:03Z,2026-07-06T18:18:03Z,2.2,https://data.lime.bike/api/partners/v2/gbfs/vancouver_bc/gbfs.json,https://data.lime.bike/api/partners/v2/gbfs/vancouver_bc/free_bike_status,2026-07-06T18:18:00Z,2026-07-06T18:18:00Z
lime_vancouver,lime_vancouver_c8150bc4-b55f-433d-8729-9f5793bf0775,c8150bc4-b55f-433d-8729-9f5793bf0775,49.227231,-123.074237,2,FALSE,FALSE,43484,NA,1783361882,2026-07-06T18:18:03Z,2026-07-06T18:18:03Z,2026-07-06T18:18:03Z,2.2,https://data.lime.bike/api/partners/v2/gbfs/vancouver_bc/gbfs.json,https://data.lime.bike/api/partners/v2/gbfs/vancouver_bc/free_bike_status,2026-07-06T18:18:00Z,2026-07-06T18:18:00Z
lime_vancouver,lime_vancouver_fd49671a-22c6-45e2-96b2-0a9c14686624,fd49671a-22c6-45e2-96b2-0a9c14686624,49.280859,-123.112214,2,FALSE,FALSE,16882,NA,1783361882,2026-07-06T18:18:03Z,2026-07-06T18:18:03Z,2026-07-06T18:18:03Z,2.2,https://data.lime.bike/api/partners/v2/gbfs/vancouver_bc/gbfs.json,https://data.lime.bike/api/partners/v2/gbfs/vancouver_bc/free_bike_status,2026-07-06T18:18:00Z,2026-07-06T18:18:00Z
lime_vancouver,lime_vancouver_a1457862-7d00-4bee-99c7-295aaf3ce327,a1457862-7d00-4bee-99c7-295aaf3ce327,49.26327,-123.089211,2,FALSE,FALSE,32139,NA,1783361882,2026-07-06T18:18:03Z,2026-07-06T18:18:03Z,2026-07-06T18:18:03Z,2.2,https://data.lime.bike/api/partners/v2/gbfs/vancouver_bc/gbfs.json,https://data.lime.bike/api/partners/v2/gbfs/vancouver_bc/free_bike_status,2026-07-06T18:18:00Z,2026-07-06T18:18:00Z
lime_vancouver,lime_vancouver_151b32a8-ca1e-4e94-9292-8f87bb4fc72b,151b32a8-ca1e-4e94-9292-8f87bb4fc72b,49.283504,-123.102341,2,FALSE,FALSE,24124,NA,1783361882,2026-07-06T18:18:03Z,2026-07-06T18:18:03Z,2026-07-06T18:18:03Z,2.2,https://data.lime.bike/api/partners/v2/gbfs/vancouver_bc/gbfs.json,https://data.lime.bike/api/partners/v2/gbfs/vancouver_bc/free_bike_status,2026-07-06T18:18:00Z,2026-07-06T18:18:00Z
lime_vancouver,lime_vancouver_740f5176-e756-4d7e-a76a-c64a7cf2528d,740f5176-e756-4d7e-a76a-c64a7cf2528d,49.2851,-123.139127,2,FALSE,FALSE,17832,NA,1783361882,2026-07-06T18:18:03Z,2026-07-06T18:18:03Z,2026-07-06T18:18:03Z,2.2,https://data.lime.bike/api/partners/v2/gbfs/vancouver_bc/gbfs.json,https://data.lime.bike/api/partners/v2/gbfs/vancouver_bc/free_bike_status,2026-07-06T18:18:00Z,2026-07-06T18:18:00Z
lime_vancouver,lime_vancouver_b8d149af-25bb-4d96-a656-337a3111bfaa,b8d149af-25bb-4d96-a656-337a3111bfaa,49.283603,-123.110411,2,FALSE,FALSE,37787,NA,1783361882,2026-07-06T18:18:03Z,2026-07-06T18:18:03Z,2026-07-06T18:18:03Z,2.2,https://data.lime.bike/api/partners/v2/gbfs/vancouver_bc/gbfs.json,https://data.lime.bike/api/partners/v2/gbfs/vancouver_bc/free_bike_status,2026-07-06T18:18:00Z,2026-07-06T18:18:00Z
lime_vancouver,lime_vancouver_07cd9009-e475-467a-9002-ad27fea9f32d,07cd9009-e475-467a-9002-ad27fea9f32d,49.259338,-123.045253,2,FALSE,FALSE,21694,NA,1783361882,2026-07-06T18:18:03Z,2026-07-06T18:18:03Z,2026-07-06T18:18:03Z,2.2,https://data.lime.bike/api/partners/v2/gbfs/vancouver_bc/gbfs.json,https://data.lime.bike/api/partners/v2/gbfs/vancouver_bc/free_bike_status,2026-07-06T18:18:00Z,2026-07-06T18:18:00Z
lime_vancouver,lime_vancouver_7ad2e027-b8e0-41f0-b1fa-9aa0647d4663,7ad2e027-b8e0-41f0-b1fa-9aa0647d4663,49.285242,-123.139195,2,FALSE,FALSE,38302,NA,1783361882,2026-07-06T18:18:03Z,2026-07-06T18:18:03Z,2026-07-06T18:18:03Z,2.2,https://data.lime.bike/api/partners/v2/gbfs/vancouver_bc/gbfs.json,https://data.lime.bike/api/partners/v2/gbfs/vancouver_bc/free_bike_status,2026-07-06T18:18:00Z,2026-07-06T18:18:00Z
lime_vancouver,lime_vancouver_c447a430-94e0-45c1-ab0a-19d5616aab00,c447a430-94e0-45c1-ab0a-19d5616aab00,49.27764,-123.095267,2,FALSE,FALSE,17832,NA,1783361882,2026-07-06T18:18:03Z,2026-07-06T18:18:03Z,2026-07-06T18:18:03Z,2.2,https://data.lime.bike/api/partners/v2/gbfs/vancouver_bc/gbfs.json,https://data.lime.bike/api/partners/v2/gbfs/vancouver_bc/free_bike_status,2026-07-06T18:18:00Z,2026-07-06T18:18:00Z
lime_vancouver,lime_vancouver_d75f4360-95a3-447a-9d9d-23674a13c768,d75f4360-95a3-447a-9d9d-23674a13c768,49.271064,-123.155027,2,FALSE,FALSE,5246,NA,1783361882,2026-07-06T18:18:03Z,2026-07-06T18:18:03Z,2026-07-06T18:18:03Z,2.2,https://data.lime.bike/api/partners/v2/gbfs/vancouver_bc/gbfs.json,https://data.lime.bike/api/partners/v2/gbfs/vancouver_bc/free_bike_status,2026-07-06T18:18:00Z,2026-07-06T18:18:00Z
lime_vancouver,lime_vancouver_85361a7b-9a9e-410b-a71c-a6658a9cb6dd,85361a7b-9a9e-410b-a71c-a6658a9cb6dd,49.269708,-123.135596,2,FALSE,FALSE,31125,NA,1783361882,2026-07-06T18:18:03Z,2026-07-06T18:18:03Z,2026-07-06T18:18:03Z,2.2,https://data.lime.bike/api/partners/v2/gbfs/vancouver_bc/gbfs.json,https://data.lime.bike/api/partners/v2/gbfs/vancouver_bc/free_bike_status,2026-07-06T18:18:00Z,2026-07-06T18:18:00Z
lime_vancouver,lime_vancouver_f4e99fcb-224d-4315-ab52-a5cc9e6abab5,f4e99fcb-224d-4315-ab52-a5cc9e6abab5,49.254549,-123.072857,2,FALSE,FALSE,45013,NA,1783361882,2026-07-06T18:18:03Z,2026-07-06T18:18:03Z,2026-07-06T18:18:03Z,2.2,https://data.lime.bike/api/partners/v2/gbfs/vancouver_bc/gbfs.json,https://data.lime.bike/api/partners/v2/gbfs/vancouver_bc/free_bike_status,2026-07-06T18:18:00Z,2026-07-06T18:18:00Z
lime_vancouver,lime_vancouver_75ccb342-e76c-4fb2-aca2-3f5fe27f4dda,75ccb342-e76c-4fb2-aca2-3f5fe27f4dda,49.280859,-123.084849,2,FALSE,FALSE,35196,NA,1783361882,2026-07-06T18:18:03Z,2026-07-06T18:18:03Z,2026-07-06T18:18:03Z,2.2,https://data.lime.bike/api/partners/v2/gbfs/vancouver_bc/gbfs.json,https://data.lime.bike/api/partners/v2/gbfs/vancouver_bc/free_bike_status,2026-07-06T18:18:00Z,2026-07-06T18:18:00Z
lime_vancouver,lime_vancouver_5a37487c-7572-4063-950e-d77577905d95,5a37487c-7572-4063-950e-d77577905d95,49.269687,-123.135599,2,FALSE,FALSE,34166,NA,1783361882,2026-07-06T18:18:03Z,2026-07-06T18:18:03Z,2026-07-06T18:18:03Z,2.2,https://data.lime.bike/api/partners/v2/gbfs/vancouver_bc/gbfs.json,https://data.lime.bike/api/partners/v2/gbfs/vancouver_bc/free_bike_status,2026-07-06T18:18:00Z,2026-07-06T18:18:00Z
lime_vancouver,lime_vancouver_b3851e96-3929-41fd-b0ce-d9e58db24421,b3851e96-3929-41fd-b0ce-d9e58db24421,49.265847,-123.041486,2,FALSE,FALSE,40395,NA,1783361882,2026-07-06T18:18:03Z,2026-07-06T18:18:03Z,2026-07-06T18:18:03Z,2.2,https://data.lime.bike/api/partners/v2/gbfs/vancouver_bc/gbfs.json,https://data.lime.bike/api/partners/v2/gbfs/vancouver_bc/free_bike_status,2026-07-06T18:18:00Z,2026-07-06T18:18:00Z
lime_vancouver,lime_vancouver_ebb442ef-4259-4727-acf9-9cc3b200f7c1,ebb442ef-4259-4727-acf9-9cc3b200f7c1,49.264933,-123.117177,2,FALSE,FALSE,27600,NA,1783361882,2026-07-06T18:18:03Z,2026-07-06T18:18:03Z,2026-07-06T18:18:03Z,2.2,https://data.lime.bike/api/partners/v2/gbfs/vancouver_bc/gbfs.json,https://data.lime.bike/api/partners/v2/gbfs/vancouver_bc/free_bike_status,2026-07-06T18:18:00Z,2026-07-06T18:18:00Z
lime_vancouver,lime_vancouver_83cdbbf8-62e9-4deb-b777-585174814e80,83cdbbf8-62e9-4deb-b777-585174814e80,49.269656,-123.135724,2,FALSE,FALSE,4361,NA,1783361882,2026-07-06T18:18:03Z,2026-07-06T18:18:03Z,2026-07-06T18:18:03Z,2.2,https://data.lime.bike/api/partners/v2/gbfs/vancouver_bc/gbfs.json,https://data.lime.bike/api/partners/v2/gbfs/vancouver_bc/free_bike_status,2026-07-06T18:18:00Z,2026-07-06T18:18:00Z
lime_vancouver,lime_vancouver_d555435a-0e55-4981-a72b-28ad8dfc5eaf,d555435a-0e55-4981-a72b-28ad8dfc5eaf,49.273086,-123.069317,2,FALSE,FALSE,38833,NA,1783361882,2026-07-06T18:18:03Z,2026-07-06T18:18:03Z,2026-07-06T18:18:03Z,2.2,https://data.lime.bike/api/partners/v2/gbfs/vancouver_bc/gbfs.json,https://data.lime.bike/api/partners/v2/gbfs/vancouver_bc/free_bike_status,2026-07-06T18:18:00Z,2026-07-06T18:18:00Z
lime_vancouver,lime_vancouver_4956997e-d78b-4689-a3bc-0e45df97adfd,4956997e-d78b-4689-a3bc-0e45df97adfd,49.280921,-123.025602,2,FALSE,FALSE,27600,NA,1783361882,2026-07-06T18:18:03Z,2026-07-06T18:18:03Z,2026-07-06T18:18:03Z,2.2,https://data.lime.bike/api/partners/v2/gbfs/vancouver_bc/gbfs.json,https://data.lime.bike/api/partners/v2/gbfs/vancouver_bc/free_bike_status,2026-07-06T18:18:00Z,2026-07-06T18:18:00Z
lime_vancouver,lime_vancouver_f130046c-8e59-4bba-a7ec-60fc1a449334,f130046c-8e59-4bba-a7ec-60fc1a449334,49.280207,-123.07921,2,FALSE,FALSE,32139,NA,1783361882,2026-07-06T18:18:03Z,2026-07-06T18:18:03Z,2026-07-06T18:18:03Z,2.2,https://data.lime.bike/api/partners/v2/gbfs/vancouver_bc/gbfs.json,https://data.lime.bike/api/partners/v2/gbfs/vancouver_bc/free_bike_status,2026-07-06T18:18:00Z,2026-07-06T18:18:00Z
lime_vancouver,lime_vancouver_aedf6448-6c78-4aca-8ed3-dcad17ba36df,aedf6448-6c78-4aca-8ed3-dcad17ba36df,49.289961,-123.124226,2,FALSE,FALSE,19763,NA,1783361882,2026-07-06T18:18:03Z,2026-07-06T18:18:03Z,2026-07-06T18:18:03Z,2.2,https://data.lime.bike/api/partners/v2/gbfs/vancouver_bc/gbfs.json,https://data.lime.bike/api/partners/v2/gbfs/vancouver_bc/free_bike_status,2026-07-06T18:18:00Z,2026-07-06T18:18:00Z
lime_vancouver,lime_vancouver_1bea2086-27ad-4d26-b5be-096a96e2bb79,1bea2086-27ad-4d26-b5be-096a96e2bb79,49.272425,-123.041524,2,FALSE,FALSE,22177,NA,1783361882,2026-07-06T18:18:03Z,2026-07-06T18:18:03Z,2026-07-06T18:18:03Z,2.2,https://data.lime.bike/api/partners/v2/gbfs/vancouver_bc/gbfs.json,https://data.lime.bike/api/partners/v2/gbfs/vancouver_bc/free_bike_status,2026-07-06T18:18:00Z,2026-07-06T18:18:00Z
lime_vancouver,lime_vancouver_c077c3c2-1974-48f9-8ac1-05a0a36c8e4e,c077c3c2-1974-48f9-8ac1-05a0a36c8e4e,49.250745,-123.083746,2,FALSE,FALSE,40395,NA,1783361882,2026-07-06T18:18:03Z,2026-07-06T18:18:03Z,2026-07-06T18:18:03Z,2.2,https://data.lime.bike/api/partners/v2/gbfs/vancouver_bc/gbfs.json,https://data.lime.bike/api/partners/v2/gbfs/vancouver_bc/free_bike_status,2026-07-06T18:18:00Z,2026-07-06T18:18:00Z
lime_vancouver,lime_vancouver_8924ffaa-8974-42a9-a793-fcc3041c2bfd,8924ffaa-8974-42a9-a793-fcc3041c2bfd,49.235405,-123.030873,2,FALSE,FALSE,35196,NA,1783361882,2026-07-06T18:18:03Z,2026-07-06T18:18:03Z,2026-07-06T18:18:03Z,2.2,https://data.lime.bike/api/partners/v2/gbfs/vancouver_bc/gbfs.json,https://data.lime.bike/api/partners/v2/gbfs/vancouver_bc/free_bike_status,2026-07-06T18:18:00Z,2026-07-06T18:18:00Z
lime_vancouver,lime_vancouver_662a4916-93fa-47c9-8951-e32fa9211f0e,662a4916-93fa-47c9-8951-e32fa9211f0e,49.265019,-123.119815,2,FALSE,FALSE,33152,NA,1783361882,2026-07-06T18:18:03Z,2026-07-06T18:18:03Z,2026-07-06T18:18:03Z,2.2,https://data.lime.bike/api/partners/v2/gbfs/vancouver_bc/gbfs.json,https://data.lime.bike/api/partners/v2/gbfs/vancouver_bc/free_bike_status,2026-07-06T18:18:00Z,2026-07-06T18:18:00Z
lime_vancouver,lime_vancouver_82bb3a26-a4e0-44cf-8554-f2f5050e3e25,82bb3a26-a4e0-44cf-8554-f2f5050e3e25,49.23527,-123.037622,2,FALSE,FALSE,33651,NA,1783361882,2026-07-06T18:18:03Z,2026-07-06T18:18:03Z,2026-07-06T18:18:03Z,2.2,https://data.lime.bike/api/partners/v2/gbfs/vancouver_bc/gbfs.json,https://data.lime.bike/api/partners/v2/gbfs/vancouver_bc/free_bike_status,2026-07-06T18:18:00Z,2026-07-06T18:18:00Z
lime_vancouver,lime_vancouver_41364e02-4c83-4864-96bd-a992b2dfb8c7,41364e02-4c83-4864-96bd-a992b2dfb8c7,49.258379,-123.049867,2,FALSE,FALSE,7950,NA,1783361882,2026-07-06T18:18:03Z,2026-07-06T18:18:03Z,2026-07-06T18:18:03Z,2.2,https://data.lime.bike/api/partners/v2/gbfs/vancouver_bc/gbfs.json,https://data.lime.bike/api/partners/v2/gbfs/vancouver_bc/free_bike_status,2026-07-06T18:18:00Z,2026-07-06T18:18:00Z
lime_vancouver,lime_vancouver_2e4255e7-00ce-460a-88de-e84528f1c071,2e4255e7-00ce-460a-88de-e84528f1c071,49.277608,-123.094597,2,FALSE,FALSE,32637,NA,1783361882,2026-07-06T18:18:03Z,2026-07-06T18:18:03Z,2026-07-06T18:18:03Z,2.2,https://data.lime.bike/api/partners/v2/gbfs/vancouver_bc/gbfs.json,https://data.lime.bike/api/partners/v2/gbfs/vancouver_bc/free_bike_status,2026-07-06T18:18:00Z,2026-07-06T18:18:00Z
lime_vancouver,lime_vancouver_ff92e8b4-0ce4-4b17-8d32-b5f13228211a,ff92e8b4-0ce4-4b17-8d32-b5f13228211a,49.248743,-123.039368,2,FALSE,FALSE,6582,NA,1783361882,2026-07-06T18:18:03Z,2026-07-06T18:18:03Z,2026-07-06T18:18:03Z,2.2,https://data.lime.bike/api/partners/v2/gbfs/vancouver_bc/gbfs.json,https://data.lime.bike/api/partners/v2/gbfs/vancouver_bc/free_bike_status,2026-07-06T18:18:00Z,2026-07-06T18:18:00Z
lime_vancouver,lime_vancouver_61b42567-5639-4306-ac41-e85c0245f79d,61b42567-5639-4306-ac41-e85c0245f79d,49.266928,-123.109503,2,FALSE,FALSE,4796,NA,1783361882,2026-07-06T18:18:03Z,2026-07-06T18:18:03Z,2026-07-06T18:18:03Z,2.2,https://data.lime.bike/api/partners/v2/gbfs/vancouver_bc/gbfs.json,https://data.lime.bike/api/partners/v2/gbfs/vancouver_bc/free_bike_status,2026-07-06T18:18:00Z,2026-07-06T18:18:00Z
lime_vancouver,lime_vancouver_ec2f0de9-823d-487a-a2dc-0a0e42f774c1,ec2f0de9-823d-487a-a2dc-0a0e42f774c1,49.273299,-123.128604,2,FALSE,FALSE,35711,NA,1783361882,2026-07-06T18:18:03Z,2026-07-06T18:18:03Z,2026-07-06T18:18:03Z,2.2,https://data.lime.bike/api/partners/v2/gbfs/vancouver_bc/gbfs.json,https://data.lime.bike/api/partners/v2/gbfs/vancouver_bc/free_bike_status,2026-07-06T18:18:00Z,2026-07-06T18:18:00Z
lime_vancouver,lime_vancouver_76841eaf-b831-4e17-bc10-257e9dd1c68d,76841eaf-b831-4e17-bc10-257e9dd1c68d,49.271357,-123.067334,2,FALSE,FALSE,45528,NA,1783361882,2026-07-06T18:18:03Z,2026-07-06T18:18:03Z,2026-07-06T18:18:03Z,2.2,https://data.lime.bike/api/partners/v2/gbfs/vancouver_bc/gbfs.json,https://data.lime.bike/api/partners/v2/gbfs/vancouver_bc/free_bike_status,2026-07-06T18:18:00Z,2026-07-06T18:18:00Z
lime_vancouver,lime_vancouver_1e21c640-0c70-466c-be38-b674c22c80a6,1e21c640-0c70-466c-be38-b674c22c80a6,49.263829,-123.109131,2,FALSE,FALSE,14967,NA,1783361882,2026-07-06T18:18:03Z,2026-07-06T18:18:03Z,2026-07-06T18:18:03Z,2.2,https://data.lime.bike/api/partners/v2/gbfs/vancouver_bc/gbfs.json,https://data.lime.bike/api/partners/v2/gbfs/vancouver_bc/free_bike_status,2026-07-06T18:18:00Z,2026-07-06T18:18:00Z
lime_vancouver,lime_vancouver_4ded52d3-70e5-4d58-b991-651eeafc9e83,4ded52d3-70e5-4d58-b991-651eeafc9e83,49.271268,-123.146333,2,FALSE,FALSE,5246,NA,1783361882,2026-07-06T18:18:03Z,2026-07-06T18:18:03Z,2026-07-06T18:18:03Z,2.2,https://data.lime.bike/api/partners/v2/gbfs/vancouver_bc/gbfs.json,https://data.lime.bike/api/partners/v2/gbfs/vancouver_bc/free_bike_status,2026-07-06T18:18:00Z,2026-07-06T18:18:00Z
lime_vancouver,lime_vancouver_7f084d32-9518-4959-b816-d00f5b3ee688,7f084d32-9518-4959-b816-d00f5b3ee688,49.229307,-123.030183,2,FALSE,FALSE,10734,NA,1783361882,2026-07-06T18:18:03Z,2026-07-06T18:18:03Z,2026-07-06T18:18:03Z,2.2,https://data.lime.bike/api/partners/v2/gbfs/vancouver_bc/gbfs.json,https://data.lime.bike/api/partners/v2/gbfs/vancouver_bc/free_bike_status,2026-07-06T18:18:00Z,2026-07-06T18:18:00Z
lime_vancouver,lime_vancouver_5db2ca02-4e36-4073-a210-aaad6127ea67,5db2ca02-4e36-4073-a210-aaad6127ea67,49.27311,-123.069262,2,FALSE,FALSE,13551,NA,1783361882,2026-07-06T18:18:03Z,2026-07-06T18:18:03Z,2026-07-06T18:18:03Z,2.2,https://data.lime.bike/api/partners/v2/gbfs/vancouver_bc/gbfs.json,https://data.lime.bike/api/partners/v2/gbfs/vancouver_bc/free_bike_status,2026-07-06T18:18:00Z,2026-07-06T18:18:00Z
lime_vancouver,lime_vancouver_be6db368-1bec-4e60-b132-4c8609e98549,be6db368-1bec-4e60-b132-4c8609e98549,49.256449,-123.034175,2,FALSE,FALSE,42969,NA,1783361882,2026-07-06T18:18:03Z,2026-07-06T18:18:03Z,2026-07-06T18:18:03Z,2.2,https://data.lime.bike/api/partners/v2/gbfs/vancouver_bc/gbfs.json,https://data.lime.bike/api/partners/v2/gbfs/vancouver_bc/free_bike_status,2026-07-06T18:18:00Z,2026-07-06T18:18:00Z
lime_vancouver,lime_vancouver_b8c80e8e-74b8-496d-a00d-357cc4277cd6,b8c80e8e-74b8-496d-a00d-357cc4277cd6,49.23855,-123.051668,2,FALSE,FALSE,14967,NA,1783361882,2026-07-06T18:18:03Z,2026-07-06T18:18:03Z,2026-07-06T18:18:03Z,2.2,https://data.lime.bike/api/partners/v2/gbfs/vancouver_bc/gbfs.json,https://data.lime.bike/api/partners/v2/gbfs/vancouver_bc/free_bike_status,2026-07-06T18:18:00Z,2026-07-06T18:18:00Z
lime_vancouver,lime_vancouver_9af6356f-b2df-4eb7-a89a-c090d0f25543,9af6356f-b2df-4eb7-a89a-c090d0f25543,49.277527,-123.056959,2,FALSE,FALSE,40395,NA,1783361882,2026-07-06T18:18:03Z,2026-07-06T18:18:03Z,2026-07-06T18:18:03Z,2.2,https://data.lime.bike/api/partners/v2/gbfs/vancouver_bc/gbfs.json,https://data.lime.bike/api/partners/v2/gbfs/vancouver_bc/free_bike_status,2026-07-06T18:18:00Z,2026-07-06T18:18:00Z
lime_vancouver,lime_vancouver_15519298-2dc9-4ab5-ac11-a98f30202042,15519298-2dc9-4ab5-ac11-a98f30202042,49.263783,-123.070047,2,FALSE,FALSE,10268,NA,1783361882,2026-07-06T18:18:03Z,2026-07-06T18:18:03Z,2026-07-06T18:18:03Z,2.2,https://data.lime.bike/api/partners/v2/gbfs/vancouver_bc/gbfs.json,https://data.lime.bike/api/partners/v2/gbfs/vancouver_bc/free_bike_status,2026-07-06T18:18:00Z,2026-07-06T18:18:00Z
lime_vancouver,lime_vancouver_755cc4a3-01b4-4a6d-91eb-1b0c04dba9db,755cc4a3-01b4-4a6d-91eb-1b0c04dba9db,49.291647,-123.138221,2,FALSE,FALSE,31125,NA,1783361882,2026-07-06T18:18:03Z,2026-07-06T18:18:03Z,2026-07-06T18:18:03Z,2.2,https://data.lime.bike/api/partners/v2/gbfs/vancouver_bc/gbfs.json,https://data.lime.bike/api/partners/v2/gbfs/vancouver_bc/free_bike_status,2026-07-06T18:18:00Z,2026-07-06T18:18:00Z
lime_vancouver,lime_vancouver_56ea934e-e4f4-4f67-b28a-d72c1e993f3f,56ea934e-e4f4-4f67-b28a-d72c1e993f3f,49.254017,-123.083698,2,FALSE,FALSE,35711,NA,1783361882,2026-07-06T18:18:03Z,2026-07-06T18:18:03Z,2026-07-06T18:18:03Z,2.2,https://data.lime.bike/api/partners/v2/gbfs/vancouver_bc/gbfs.json,https://data.lime.bike/api/partners/v2/gbfs/vancouver_bc/free_bike_status,2026-07-06T18:18:00Z,2026-07-06T18:18:00Z
lime_vancouver,lime_vancouver_b31c581b-f9bb-4499-83ac-07cf54410da0,b31c581b-f9bb-4499-83ac-07cf54410da0,49.281978,-123.120857,2,FALSE,FALSE,42454,NA,1783361882,2026-07-06T18:18:03Z,2026-07-06T18:18:03Z,2026-07-06T18:18:03Z,2.2,https://data.lime.bike/api/partners/v2/gbfs/vancouver_bc/gbfs.json,https://data.lime.bike/api/partners/v2/gbfs/vancouver_bc/free_bike_status,2026-07-06T18:18:00Z,2026-07-06T18:18:00Z
lime_vancouver,lime_vancouver_eae45d92-a4fb-4bf5-9df7-5b6c952aa74f,eae45d92-a4fb-4bf5-9df7-5b6c952aa74f,49.272307,-123.033994,2,FALSE,FALSE,4361,NA,1783361882,2026-07-06T18:18:03Z,2026-07-06T18:18:03Z,2026-07-06T18:18:03Z,2.2,https://data.lime.bike/api/partners/v2/gbfs/vancouver_bc/gbfs.json,https://data.lime.bike/api/partners/v2/gbfs/vancouver_bc/free_bike_status,2026-07-06T18:18:00Z,2026-07-06T18:18:00Z
lime_vancouver,lime_vancouver_a527696e-a392-4c02-a8db-275382d27a6a,a527696e-a392-4c02-a8db-275382d27a6a,49.286222,-123.122198,2,FALSE,FALSE,25122,NA,1783361882,2026-07-06T18:18:03Z,2026-07-06T18:18:03Z,2026-07-06T18:18:03Z,2.2,https://data.lime.bike/api/partners/v2/gbfs/vancouver_bc/gbfs.json,https://data.lime.bike/api/partners/v2/gbfs/vancouver_bc/free_bike_status,2026-07-06T18:18:00Z,2026-07-06T18:18:00Z
lime_vancouver,lime_vancouver_5d7fa79e-4d7f-4337-a3a8-df110d5bbde3,5d7fa79e-4d7f-4337-a3a8-df110d5bbde3,49.285864,-123.120038,2,FALSE,FALSE,36226,NA,1783361882,2026-07-06T18:18:03Z,2026-07-06T18:18:03Z,2026-07-06T18:18:03Z,2.2,https://data.lime.bike/api/partners/v2/gbfs/vancouver_bc/gbfs.json,https://data.lime.bike/api/partners/v2/gbfs/vancouver_bc/free_bike_status,2026-07-06T18:18:00Z,2026-07-06T18:18:00Z
lime_vancouver,lime_vancouver_2a2dd558-2dd1-4e9e-a83e-6608afdcc954,2a2dd558-2dd1-4e9e-a83e-6608afdcc954,49.282086,-123.10699,2,FALSE,FALSE,30610,NA,1783361882,2026-07-06T18:18:03Z,2026-07-06T18:18:03Z,2026-07-06T18:18:03Z,2.2,https://data.lime.bike/api/partners/v2/gbfs/vancouver_bc/gbfs.json,https://data.lime.bike/api/partners/v2/gbfs/vancouver_bc/free_bike_status,2026-07-06T18:18:00Z,2026-07-06T18:18:00Z
lime_vancouver,lime_vancouver_34431f8a-598d-4679-a103-baecee222a88,34431f8a-598d-4679-a103-baecee222a88,49.250414,-123.026311,2,FALSE,FALSE,37787,NA,1783361882,2026-07-06T18:18:03Z,2026-07-06T18:18:03Z,2026-07-06T18:18:03Z,2.2,https://data.lime.bike/api/partners/v2/gbfs/vancouver_bc/gbfs.json,https://data.lime.bike/api/partners/v2/gbfs/vancouver_bc/free_bike_status,2026-07-06T18:18:00Z,2026-07-06T18:18:00Z
lime_vancouver,lime_vancouver_b7d3e675-c9cd-47be-a040-0ceea3b6d6af,b7d3e675-c9cd-47be-a040-0ceea3b6d6af,49.269727,-123.135659,2,FALSE,FALSE,3058,NA,1783361882,2026-07-06T18:18:03Z,2026-07-06T18:18:03Z,2026-07-06T18:18:03Z,2.2,https://data.lime.bike/api/partners/v2/gbfs/vancouver_bc/gbfs.json,https://data.lime.bike/api/partners/v2/gbfs/vancouver_bc/free_bike_status,2026-07-06T18:18:00Z,2026-07-06T18:18:00Z
lime_vancouver,lime_vancouver_ee0cfef4-707f-4d2e-9d58-130063e131fd,ee0cfef4-707f-4d2e-9d58-130063e131fd,49.277504,-123.056915,2,FALSE,FALSE,44514,NA,1783361882,2026-07-06T18:18:03Z,2026-07-06T18:18:03Z,2026-07-06T18:18:03Z,2.2,https://data.lime.bike/api/partners/v2/gbfs/vancouver_bc/gbfs.json,https://data.lime.bike/api/partners/v2/gbfs/vancouver_bc/free_bike_status,2026-07-06T18:18:00Z,2026-07-06T18:18:00Z
lime_vancouver,lime_vancouver_8eb45b61-b10b-4e4c-a366-252a08d3597d,8eb45b61-b10b-4e4c-a366-252a08d3597d,49.263274,-123.089154,2,FALSE,FALSE,36741,NA,1783361882,2026-07-06T18:18:03Z,2026-07-06T18:18:03Z,2026-07-06T18:18:03Z,2.2,https://data.lime.bike/api/partners/v2/gbfs/vancouver_bc/gbfs.json,https://data.lime.bike/api/partners/v2/gbfs/vancouver_bc/free_bike_status,2026-07-06T18:18:00Z,2026-07-06T18:18:00Z
lime_vancouver,lime_vancouver_a30230c0-490d-4dff-8d30-a77d224013c2,a30230c0-490d-4dff-8d30-a77d224013c2,49.290032,-123.131183,2,FALSE,FALSE,6582,NA,1783361882,2026-07-06T18:18:03Z,2026-07-06T18:18:03Z,2026-07-06T18:18:03Z,2.2,https://data.lime.bike/api/partners/v2/gbfs/vancouver_bc/gbfs.json,https://data.lime.bike/api/partners/v2/gbfs/vancouver_bc/free_bike_status,2026-07-06T18:18:00Z,2026-07-06T18:18:00Z
lime_vancouver,lime_vancouver_76583c9c-325e-4018-ac4b-ee9393588996,76583c9c-325e-4018-ac4b-ee9393588996,49.227209,-123.074227,2,FALSE,FALSE,24623,NA,1783361882,2026-07-06T18:18:03Z,2026-07-06T18:18:03Z,2026-07-06T18:18:03Z,2.2,https://data.lime.bike/api/partners/v2/gbfs/vancouver_bc/gbfs.json,https://data.lime.bike/api/partners/v2/gbfs/vancouver_bc/free_bike_status,2026-07-06T18:18:00Z,2026-07-06T18:18:00Z
lime_vancouver,lime_vancouver_a79af7b4-ac19-4132-950b-2a96cddb4a32,a79af7b4-ac19-4132-950b-2a96cddb4a32,49.282989,-123.10684,2,FALSE,FALSE,11201,NA,1783361882,2026-07-06T18:18:03Z,2026-07-06T18:18:03Z,2026-07-06T18:18:03Z,2.2,https://data.lime.bike/api/partners/v2/gbfs/vancouver_bc/gbfs.json,https://data.lime.bike/api/partners/v2/gbfs/vancouver_bc/free_bike_status,2026-07-06T18:18:00Z,2026-07-06T18:18:00Z
lime_vancouver,lime_vancouver_09e4f9ab-066e-4cd2-a22e-97e645da3ae2,09e4f9ab-066e-4cd2-a22e-97e645da3ae2,49.269814,-123.135658,2,FALSE,FALSE,17365,NA,1783361882,2026-07-06T18:18:03Z,2026-07-06T18:18:03Z,2026-07-06T18:18:03Z,2.2,https://data.lime.bike/api/partners/v2/gbfs/vancouver_bc/gbfs.json,https://data.lime.bike/api/partners/v2/gbfs/vancouver_bc/free_bike_status,2026-07-06T18:18:00Z,2026-07-06T18:18:00Z
lime_vancouver,lime_vancouver_96e4e312-0105-4172-ac8b-b106f13f8106,96e4e312-0105-4172-ac8b-b106f13f8106,49.263851,-123.109197,2,FALSE,FALSE,24124,NA,1783361882,2026-07-06T18:18:03Z,2026-07-06T18:18:03Z,2026-07-06T18:18:03Z,2.2,https://data.lime.bike/api/partners/v2/gbfs/vancouver_bc/gbfs.json,https://data.lime.bike/api/partners/v2/gbfs/vancouver_bc/free_bike_status,2026-07-06T18:18:00Z,2026-07-06T18:18:00Z
lime_vancouver,lime_vancouver_24efae37-1f5f-4c09-a55b-2d14b4ad27a6,24efae37-1f5f-4c09-a55b-2d14b4ad27a6,49.265509,-123.143598,2,FALSE,FALSE,12601,NA,1783361882,2026-07-06T18:18:03Z,2026-07-06T18:18:03Z,2026-07-06T18:18:03Z,2.2,https://data.lime.bike/api/partners/v2/gbfs/vancouver_bc/gbfs.json,https://data.lime.bike/api/partners/v2/gbfs/vancouver_bc/free_bike_status,2026-07-06T18:18:00Z,2026-07-06T18:18:00Z
lime_vancouver,lime_vancouver_8f4e1162-98d0-4f11-86e5-968fd600f6f3,8f4e1162-98d0-4f11-86e5-968fd600f6f3,49.280331,-123.030842,2,FALSE,FALSE,45528,NA,1783361882,2026-07-06T18:18:03Z,2026-07-06T18:18:03Z,2026-07-06T18:18:03Z,2.2,https://data.lime.bike/api/partners/v2/gbfs/vancouver_bc/gbfs.json,https://data.lime.bike/api/partners/v2/gbfs/vancouver_bc/free_bike_status,2026-07-06T18:18:00Z,2026-07-06T18:18:00Z
lime_vancouver,lime_vancouver_e6e35583-302b-481e-80c9-170929ac7abb,e6e35583-302b-481e-80c9-170929ac7abb,49.288519,-123.046783,2,FALSE,FALSE,6582,NA,1783361882,2026-07-06T18:18:03Z,2026-07-06T18:18:03Z,2026-07-06T18:18:03Z,2.2,https://data.lime.bike/api/partners/v2/gbfs/vancouver_bc/gbfs.json,https://data.lime.bike/api/partners/v2/gbfs/vancouver_bc/free_bike_status,2026-07-06T18:18:00Z,2026-07-06T18:18:00Z
lime_vancouver,lime_vancouver_451a674b-59b9-4f77-9b5c-e4b30c234797,451a674b-59b9-4f77-9b5c-e4b30c234797,49.250692,-123.083763,2,FALSE,FALSE,9334,NA,1783361882,2026-07-06T18:18:03Z,2026-07-06T18:18:03Z,2026-07-06T18:18:03Z,2.2,https://data.lime.bike/api/partners/v2/gbfs/vancouver_bc/gbfs.json,https://data.lime.bike/api/partners/v2/gbfs/vancouver_bc/free_bike_status,2026-07-06T18:18:00Z,2026-07-06T18:18:00Z
lime_vancouver,lime_vancouver_8ae60b94-a8fd-4560-b8ae-90a5718d01cc,8ae60b94-a8fd-4560-b8ae-90a5718d01cc,49.283282,-123.116004,2,FALSE,FALSE,37787,NA,1783361882,2026-07-06T18:18:03Z,2026-07-06T18:18:03Z,2026-07-06T18:18:03Z,2.2,https://data.lime.bike/api/partners/v2/gbfs/vancouver_bc/gbfs.json,https://data.lime.bike/api/partners/v2/gbfs/vancouver_bc/free_bike_status,2026-07-06T18:18:00Z,2026-07-06T18:18:00Z
lime_vancouver,lime_vancouver_4b845f9b-51f1-4148-b690-a470d909e48f,4b845f9b-51f1-4148-b690-a470d909e48f,49.295895,-123.135823,2,FALSE,FALSE,36741,NA,1783361882,2026-07-06T18:18:03Z,2026-07-06T18:18:03Z,2026-07-06T18:18:03Z,2.2,https://data.lime.bike/api/partners/v2/gbfs/vancouver_bc/gbfs.json,https://data.lime.bike/api/partners/v2/gbfs/vancouver_bc/free_bike_status,2026-07-06T18:18:00Z,2026-07-06T18:18:00Z
lime_vancouver,lime_vancouver_e944e3e0-ce9d-4ab3-9c29-8c872b8cc2d1,e944e3e0-ce9d-4ab3-9c29-8c872b8cc2d1,49.274589,-123.087208,2,FALSE,FALSE,21211,NA,1783361882,2026-07-06T18:18:03Z,2026-07-06T18:18:03Z,2026-07-06T18:18:03Z,2.2,https://data.lime.bike/api/partners/v2/gbfs/vancouver_bc/gbfs.json,https://data.lime.bike/api/partners/v2/gbfs/vancouver_bc/free_bike_status,2026-07-06T18:18:00Z,2026-07-06T18:18:00Z
lime_vancouver,lime_vancouver_25005e4e-b6c4-4e49-84e0-bebbf7c3660f,25005e4e-b6c4-4e49-84e0-bebbf7c3660f,49.267521,-123.036255,2,FALSE,FALSE,35196,NA,1783361882,2026-07-06T18:18:03Z,2026-07-06T18:18:03Z,2026-07-06T18:18:03Z,2.2,https://data.lime.bike/api/partners/v2/gbfs/vancouver_bc/gbfs.json,https://data.lime.bike/api/partners/v2/gbfs/vancouver_bc/free_bike_status,2026-07-06T18:18:00Z,2026-07-06T18:18:00Z
lime_vancouver,lime_vancouver_1425c611-30d2-40f9-a1c2-9e6b6ea4ea2a,1425c611-30d2-40f9-a1c2-9e6b6ea4ea2a,49.283222,-123.11572,2,FALSE,FALSE,35711,NA,1783361882,2026-07-06T18:18:03Z,2026-07-06T18:18:03Z,2026-07-06T18:18:03Z,2.2,https://data.lime.bike/api/partners/v2/gbfs/vancouver_bc/gbfs.json,https://data.lime.bike/api/partners/v2/gbfs/vancouver_bc/free_bike_status,2026-07-06T18:18:00Z,2026-07-06T18:18:00Z
lime_vancouver,lime_vancouver_9e87f794-2240-4df6-98b6-8a6e98d1242c,9e87f794-2240-4df6-98b6-8a6e98d1242c,49.284356,-123.030913,2,FALSE,FALSE,35711,NA,1783361882,2026-07-06T18:18:03Z,2026-07-06T18:18:03Z,2026-07-06T18:18:03Z,2.2,https://data.lime.bike/api/partners/v2/gbfs/vancouver_bc/gbfs.json,https://data.lime.bike/api/partners/v2/gbfs/vancouver_bc/free_bike_status,2026-07-06T18:18:00Z,2026-07-06T18:18:00Z
lime_vancouver,lime_vancouver_d6d8fb30-a96b-4281-b8ff-7476f923a217,d6d8fb30-a96b-4281-b8ff-7476f923a217,49.239782,-123.047032,2,FALSE,FALSE,12601,NA,1783361882,2026-07-06T18:18:03Z,2026-07-06T18:18:03Z,2026-07-06T18:18:03Z,2.2,https://data.lime.bike/api/partners/v2/gbfs/vancouver_bc/gbfs.json,https://data.lime.bike/api/partners/v2/gbfs/vancouver_bc/free_bike_status,2026-07-06T18:18:00Z,2026-07-06T18:18:00Z
lime_vancouver,lime_vancouver_72ef4246-9889-4658-9dbc-055830248692,72ef4246-9889-4658-9dbc-055830248692,49.258362,-123.049975,2,FALSE,FALSE,29612,NA,1783361882,2026-07-06T18:18:03Z,2026-07-06T18:18:03Z,2026-07-06T18:18:03Z,2.2,https://data.lime.bike/api/partners/v2/gbfs/vancouver_bc/gbfs.json,https://data.lime.bike/api/partners/v2/gbfs/vancouver_bc/free_bike_status,2026-07-06T18:18:00Z,2026-07-06T18:18:00Z
lime_vancouver,lime_vancouver_0f16eaeb-b988-44e1-92e1-247d47d877e7,0f16eaeb-b988-44e1-92e1-247d47d877e7,49.291543,-123.137589,2,FALSE,FALSE,24124,NA,1783361882,2026-07-06T18:18:03Z,2026-07-06T18:18:03Z,2026-07-06T18:18:03Z,2.2,https://data.lime.bike/api/partners/v2/gbfs/vancouver_bc/gbfs.json,https://data.lime.bike/api/partners/v2/gbfs/vancouver_bc/free_bike_status,2026-07-06T18:18:00Z,2026-07-06T18:18:00Z
lime_vancouver,lime_vancouver_210df317-36eb-4d96-9967-2e769d3668b4,210df317-36eb-4d96-9967-2e769d3668b4,49.239994,-123.074128,2,FALSE,FALSE,15916,NA,1783361882,2026-07-06T18:18:03Z,2026-07-06T18:18:03Z,2026-07-06T18:18:03Z,2.2,https://data.lime.bike/api/partners/v2/gbfs/vancouver_bc/gbfs.json,https://data.lime.bike/api/partners/v2/gbfs/vancouver_bc/free_bike_status,2026-07-06T18:18:00Z,2026-07-06T18:18:00Z
lime_vancouver,lime_vancouver_83d5cdad-d09d-406e-8a5c-e2ff4a7bdae5,83d5cdad-d09d-406e-8a5c-e2ff4a7bdae5,49.283034,-123.106758,2,FALSE,FALSE,12134,NA,1783361882,2026-07-06T18:18:03Z,2026-07-06T18:18:03Z,2026-07-06T18:18:03Z,2.2,https://data.lime.bike/api/partners/v2/gbfs/vancouver_bc/gbfs.json,https://data.lime.bike/api/partners/v2/gbfs/vancouver_bc/free_bike_status,2026-07-06T18:18:00Z,2026-07-06T18:18:00Z
lime_vancouver,lime_vancouver_309e1c25-e23a-44b7-a09d-6abb27bed527,309e1c25-e23a-44b7-a09d-6abb27bed527,49.266094,-123.098798,2,FALSE,FALSE,27101,NA,1783361882,2026-07-06T18:18:03Z,2026-07-06T18:18:03Z,2026-07-06T18:18:03Z,2.2,https://data.lime.bike/api/partners/v2/gbfs/vancouver_bc/gbfs.json,https://data.lime.bike/api/partners/v2/gbfs/vancouver_bc/free_bike_status,2026-07-06T18:18:00Z,2026-07-06T18:18:00Z
lime_vancouver,lime_vancouver_6b4e8150-54a3-485d-b0b6-7783e1500423,6b4e8150-54a3-485d-b0b6-7783e1500423,49.280863,-123.025554,2,FALSE,FALSE,9334,NA,1783361882,2026-07-06T18:18:03Z,2026-07-06T18:18:03Z,2026-07-06T18:18:03Z,2.2,https://data.lime.bike/api/partners/v2/gbfs/vancouver_bc/gbfs.json,https://data.lime.bike/api/partners/v2/gbfs/vancouver_bc/free_bike_status,2026-07-06T18:18:00Z,2026-07-06T18:18:00Z
lime_vancouver,lime_vancouver_a69462f7-bd7a-4012-85f5-636a0a316e83,a69462f7-bd7a-4012-85f5-636a0a316e83,49.2637,-123.157618,2,FALSE,FALSE,46558,NA,1783361882,2026-07-06T18:18:03Z,2026-07-06T18:18:03Z,2026-07-06T18:18:03Z,2.2,https://data.lime.bike/api/partners/v2/gbfs/vancouver_bc/gbfs.json,https://data.lime.bike/api/partners/v2/gbfs/vancouver_bc/free_bike_status,2026-07-06T18:18:00Z,2026-07-06T18:18:00Z
lime_vancouver,lime_vancouver_e447ff6b-4f13-42f2-b009-13100e2a12b4,e447ff6b-4f13-42f2-b009-13100e2a12b4,49.282908,-123.134676,2,FALSE,FALSE,17832,NA,1783361882,2026-07-06T18:18:03Z,2026-07-06T18:18:03Z,2026-07-06T18:18:03Z,2.2,https://data.lime.bike/api/partners/v2/gbfs/vancouver_bc/gbfs.json,https://data.lime.bike/api/partners/v2/gbfs/vancouver_bc/free_bike_status,2026-07-06T18:18:00Z,2026-07-06T18:18:00Z
lime_vancouver,lime_vancouver_567004da-89cb-49f0-8311-6c2d4139cf55,567004da-89cb-49f0-8311-6c2d4139cf55,49.280201,-123.079154,2,FALSE,FALSE,35196,NA,1783361882,2026-07-06T18:18:03Z,2026-07-06T18:18:03Z,2026-07-06T18:18:03Z,2.2,https://data.lime.bike/api/partners/v2/gbfs/vancouver_bc/gbfs.json,https://data.lime.bike/api/partners/v2/gbfs/vancouver_bc/free_bike_status,2026-07-06T18:18:00Z,2026-07-06T18:18:00Z
lime_vancouver,lime_vancouver_16823c38-b510-4bcd-b5a2-3894941cacea,16823c38-b510-4bcd-b5a2-3894941cacea,49.265015,-123.117167,2,FALSE,FALSE,41940,NA,1783361882,2026-07-06T18:18:03Z,2026-07-06T18:18:03Z,2026-07-06T18:18:03Z,2.2,https://data.lime.bike/api/partners/v2/gbfs/vancouver_bc/gbfs.json,https://data.lime.bike/api/partners/v2/gbfs/vancouver_bc/free_bike_status,2026-07-06T18:18:00Z,2026-07-06T18:18:00Z
lime_vancouver,lime_vancouver_8ec725f9-c9ea-4e73-9116-be15e7755a55,8ec725f9-c9ea-4e73-9116-be15e7755a55,49.288681,-123.120319,2,FALSE,FALSE,23641,NA,1783361882,2026-07-06T18:18:03Z,2026-07-06T18:18:03Z,2026-07-06T18:18:03Z,2.2,https://data.lime.bike/api/partners/v2/gbfs/vancouver_bc/gbfs.json,https://data.lime.bike/api/partners/v2/gbfs/vancouver_bc/free_bike_status,2026-07-06T18:18:00Z,2026-07-06T18:18:00Z
lime_vancouver,lime_vancouver_766c29a6-bdbb-45cf-91a0-6b2260b3ff44,766c29a6-bdbb-45cf-91a0-6b2260b3ff44,49.26665,-123.115736,2,FALSE,FALSE,4796,NA,1783361882,2026-07-06T18:18:03Z,2026-07-06T18:18:03Z,2026-07-06T18:18:03Z,2.2,https://data.lime.bike/api/partners/v2/gbfs/vancouver_bc/gbfs.json,https://data.lime.bike/api/partners/v2/gbfs/vancouver_bc/free_bike_status,2026-07-06T18:18:00Z,2026-07-06T18:18:00Z
lime_vancouver,lime_vancouver_6337360e-b3ea-47e9-8909-aaaf0aeeecca,6337360e-b3ea-47e9-8909-aaaf0aeeecca,49.290903,-123.12796,2,FALSE,FALSE,13551,NA,1783361882,2026-07-06T18:18:03Z,2026-07-06T18:18:03Z,2026-07-06T18:18:03Z,2.2,https://data.lime.bike/api/partners/v2/gbfs/vancouver_bc/gbfs.json,https://data.lime.bike/api/partners/v2/gbfs/vancouver_bc/free_bike_status,2026-07-06T18:18:00Z,2026-07-06T18:18:00Z
lime_vancouver,lime_vancouver_e01646b9-65e4-4724-b3ef-98cca8ff96e1,e01646b9-65e4-4724-b3ef-98cca8ff96e1,49.271011,-123.155007,2,FALSE,FALSE,11201,NA,1783361882,2026-07-06T18:18:03Z,2026-07-06T18:18:03Z,2026-07-06T18:18:03Z,2.2,https://data.lime.bike/api/partners/v2/gbfs/vancouver_bc/gbfs.json,https://data.lime.bike/api/partners/v2/gbfs/vancouver_bc/free_bike_status,2026-07-06T18:18:00Z,2026-07-06T18:18:00Z
lime_vancouver,lime_vancouver_d5594d19-10ff-468e-85c9-01e431c38ba0,d5594d19-10ff-468e-85c9-01e431c38ba0,49.267344,-123.155135,2,FALSE,FALSE,18797,NA,1783361882,2026-07-06T18:18:03Z,2026-07-06T18:18:03Z,2026-07-06T18:18:03Z,2.2,https://data.lime.bike/api/partners/v2/gbfs/vancouver_bc/gbfs.json,https://data.lime.bike/api/partners/v2/gbfs/vancouver_bc/free_bike_status,2026-07-06T18:18:00Z,2026-07-06T18:18:00Z
lime_vancouver,lime_vancouver_75f2f18f-497f-4fab-8f60-5a7ce6b809c5,75f2f18f-497f-4fab-8f60-5a7ce6b809c5,49.283664,-123.110663,2,FALSE,FALSE,7500,NA,1783361882,2026-07-06T18:18:03Z,2026-07-06T18:18:03Z,2026-07-06T18:18:03Z,2.2,https://data.lime.bike/api/partners/v2/gbfs/vancouver_bc/gbfs.json,https://data.lime.bike/api/partners/v2/gbfs/vancouver_bc/free_bike_status,2026-07-06T18:18:00Z,2026-07-06T18:18:00Z
lime_vancouver,lime_vancouver_e328a138-ccab-4f28-866f-9a64d0946741,e328a138-ccab-4f28-866f-9a64d0946741,49.235201000000004,-123.037586,2,FALSE,FALSE,27101,NA,1783361882,2026-07-06T18:18:03Z,2026-07-06T18:18:03Z,2026-07-06T18:18:03Z,2.2,https://data.lime.bike/api/partners/v2/gbfs/vancouver_bc/gbfs.json,https://data.lime.bike/api/partners/v2/gbfs/vancouver_bc/free_bike_status,2026-07-06T18:18:00Z,2026-07-06T18:18:00Z
lime_vancouver,lime_vancouver_eb72c0f2-d8b9-40bc-9e6d-48600e445ab2,eb72c0f2-d8b9-40bc-9e6d-48600e445ab2,49.27322,-123.068949,2,FALSE,FALSE,23158,NA,1783361882,2026-07-06T18:18:03Z,2026-07-06T18:18:03Z,2026-07-06T18:18:03Z,2.2,https://data.lime.bike/api/partners/v2/gbfs/vancouver_bc/gbfs.json,https://data.lime.bike/api/partners/v2/gbfs/vancouver_bc/free_bike_status,2026-07-06T18:18:00Z,2026-07-06T18:18:00Z
lime_vancouver,lime_vancouver_c15786e3-7848-4460-8a08-665b01175ee4,c15786e3-7848-4460-8a08-665b01175ee4,49.263278,-123.089241,2,FALSE,FALSE,38302,NA,1783361882,2026-07-06T18:18:03Z,2026-07-06T18:18:03Z,2026-07-06T18:18:03Z,2.2,https://data.lime.bike/api/partners/v2/gbfs/vancouver_bc/gbfs.json,https://data.lime.bike/api/partners/v2/gbfs/vancouver_bc/free_bike_status,2026-07-06T18:18:00Z,2026-07-06T18:18:00Z
lime_vancouver,lime_vancouver_f9b91c6d-918c-4756-b58d-a9af3ed61fd9,f9b91c6d-918c-4756-b58d-a9af3ed61fd9,49.236889,-123.074482,2,FALSE,FALSE,7049,NA,1783361882,2026-07-06T18:18:03Z,2026-07-06T18:18:03Z,2026-07-06T18:18:03Z,2.2,https://data.lime.bike/api/partners/v2/gbfs/vancouver_bc/gbfs.json,https://data.lime.bike/api/partners/v2/gbfs/vancouver_bc/free_bike_status,2026-07-06T18:18:00Z,2026-07-06T18:18:00Z
lime_vancouver,lime_vancouver_feb9d9fa-e115-4e86-91b9-284b7ac9f8f5,feb9d9fa-e115-4e86-91b9-284b7ac9f8f5,49.263831,-123.109185,2,FALSE,FALSE,13551,NA,1783361882,2026-07-06T18:18:03Z,2026-07-06T18:18:03Z,2026-07-06T18:18:03Z,2.2,https://data.lime.bike/api/partners/v2/gbfs/vancouver_bc/gbfs.json,https://data.lime.bike/api/partners/v2/gbfs/vancouver_bc/free_bike_status,2026-07-06T18:18:00Z,2026-07-06T18:18:00Z
lime_vancouver,lime_vancouver_3dfd4719-d9f3-46af-8ee8-30e98b69a6c0,3dfd4719-d9f3-46af-8ee8-30e98b69a6c0,49.280946,-123.134253,2,FALSE,FALSE,9801,NA,1783361882,2026-07-06T18:18:03Z,2026-07-06T18:18:03Z,2026-07-06T18:18:03Z,2.2,https://data.lime.bike/api/partners/v2/gbfs/vancouver_bc/gbfs.json,https://data.lime.bike/api/partners/v2/gbfs/vancouver_bc/free_bike_status,2026-07-06T18:18:00Z,2026-07-06T18:18:00Z
lime_vancouver,lime_vancouver_483e2bbc-2f00-451d-9766-2e58e185f701,483e2bbc-2f00-451d-9766-2e58e185f701,49.269665,-123.131938,2,FALSE,FALSE,42454,NA,1783361882,2026-07-06T18:18:03Z,2026-07-06T18:18:03Z,2026-07-06T18:18:03Z,2.2,https://data.lime.bike/api/partners/v2/gbfs/vancouver_bc/gbfs.json,https://data.lime.bike/api/partners/v2/gbfs/vancouver_bc/free_bike_status,2026-07-06T18:18:00Z,2026-07-06T18:18:00Z
lime_vancouver,lime_vancouver_c5fcf257-032a-4a16-9464-eb1513c74b2c,c5fcf257-032a-4a16-9464-eb1513c74b2c,49.273352,-123.128613,2,FALSE,FALSE,20246,NA,1783361882,2026-07-06T18:18:03Z,2026-07-06T18:18:03Z,2026-07-06T18:18:03Z,2.2,https://data.lime.bike/api/partners/v2/gbfs/vancouver_bc/gbfs.json,https://data.lime.bike/api/partners/v2/gbfs/vancouver_bc/free_bike_status,2026-07-06T18:18:00Z,2026-07-06T18:18:00Z
lime_vancouver,lime_vancouver_9329ffbb-5755-444a-b36b-f65a0201b1aa,9329ffbb-5755-444a-b36b-f65a0201b1aa,49.266722,-123.115645,2,FALSE,FALSE,31624,NA,1783361882,2026-07-06T18:18:03Z,2026-07-06T18:18:03Z,2026-07-06T18:18:03Z,2.2,https://data.lime.bike/api/partners/v2/gbfs/vancouver_bc/gbfs.json,https://data.lime.bike/api/partners/v2/gbfs/vancouver_bc/free_bike_status,2026-07-06T18:18:00Z,2026-07-06T18:18:00Z
lime_vancouver,lime_vancouver_df33feb7-5bf9-4e6c-afd4-85d9e6d44191,df33feb7-5bf9-4e6c-afd4-85d9e6d44191,49.277576,-123.095299,2,FALSE,FALSE,46043,NA,1783361882,2026-07-06T18:18:03Z,2026-07-06T18:18:03Z,2026-07-06T18:18:03Z,2.2,https://data.lime.bike/api/partners/v2/gbfs/vancouver_bc/gbfs.json,https://data.lime.bike/api/partners/v2/gbfs/vancouver_bc/free_bike_status,2026-07-06T18:18:00Z,2026-07-06T18:18:00Z
lime_vancouver,lime_vancouver_cb7e3a69-09a7-4194-bea9-bfef24ff8051,cb7e3a69-09a7-4194-bea9-bfef24ff8051,49.279418,-123.102361,2,FALSE,FALSE,13551,NA,1783361882,2026-07-06T18:18:03Z,2026-07-06T18:18:03Z,2026-07-06T18:18:03Z,2.2,https://data.lime.bike/api/partners/v2/gbfs/vancouver_bc/gbfs.json,https://data.lime.bike/api/partners/v2/gbfs/vancouver_bc/free_bike_status,2026-07-06T18:18:00Z,2026-07-06T18:18:00Z
lime_vancouver,lime_vancouver_1ace63d9-59ec-47ac-adb8-322c467eb6b3,1ace63d9-59ec-47ac-adb8-322c467eb6b3,49.271183,-123.135356,2,FALSE,FALSE,39880,NA,1783361882,2026-07-06T18:18:03Z,2026-07-06T18:18:03Z,2026-07-06T18:18:03Z,2.2,https://data.lime.bike/api/partners/v2/gbfs/vancouver_bc/gbfs.json,https://data.lime.bike/api/partners/v2/gbfs/vancouver_bc/free_bike_status,2026-07-06T18:18:00Z,2026-07-06T18:18:00Z
lime_vancouver,lime_vancouver_104d207f-ebc3-42ab-ae15-fdfa1b0ffc09,104d207f-ebc3-42ab-ae15-fdfa1b0ffc09,49.265856,-123.04148,2,FALSE,FALSE,14967,NA,1783361882,2026-07-06T18:18:03Z,2026-07-06T18:18:03Z,2026-07-06T18:18:03Z,2.2,https://data.lime.bike/api/partners/v2/gbfs/vancouver_bc/gbfs.json,https://data.lime.bike/api/partners/v2/gbfs/vancouver_bc/free_bike_status,2026-07-06T18:18:00Z,2026-07-06T18:18:00Z
lime_vancouver,lime_vancouver_6951005b-6eee-490c-aa68-218c55217db9,6951005b-6eee-490c-aa68-218c55217db9,49.235242,-123.037587,2,FALSE,FALSE,6582,NA,1783361882,2026-07-06T18:18:03Z,2026-07-06T18:18:03Z,2026-07-06T18:18:03Z,2.2,https://data.lime.bike/api/partners/v2/gbfs/vancouver_bc/gbfs.json,https://data.lime.bike/api/partners/v2/gbfs/vancouver_bc/free_bike_status,2026-07-06T18:18:00Z,2026-07-06T18:18:00Z
lime_vancouver,lime_vancouver_fdda19c9-004d-48e0-b4cb-53184fd1fdc4,fdda19c9-004d-48e0-b4cb-53184fd1fdc4,49.279455,-123.10016,2,FALSE,FALSE,19763,NA,1783361882,2026-07-06T18:18:03Z,2026-07-06T18:18:03Z,2026-07-06T18:18:03Z,2.2,https://data.lime.bike/api/partners/v2/gbfs/vancouver_bc/gbfs.json,https://data.lime.bike/api/partners/v2/gbfs/vancouver_bc/free_bike_status,2026-07-06T18:18:00Z,2026-07-06T18:18:00Z
lime_vancouver,lime_vancouver_36253a46-7ad3-4a6b-806e-822325252739,36253a46-7ad3-4a6b-806e-822325252739,49.267912,-123.155216,2,FALSE,FALSE,35711,NA,1783361882,2026-07-06T18:18:03Z,2026-07-06T18:18:03Z,2026-07-06T18:18:03Z,2.2,https://data.lime.bike/api/partners/v2/gbfs/vancouver_bc/gbfs.json,https://data.lime.bike/api/partners/v2/gbfs/vancouver_bc/free_bike_status,2026-07-06T18:18:00Z,2026-07-06T18:18:00Z
lime_vancouver,lime_vancouver_7f23f63c-c143-4255-bfbf-500b276a3cd9,7f23f63c-c143-4255-bfbf-500b276a3cd9,49.273887,-123.144378,2,FALSE,FALSE,4361,NA,1783361882,2026-07-06T18:18:03Z,2026-07-06T18:18:03Z,2026-07-06T18:18:03Z,2.2,https://data.lime.bike/api/partners/v2/gbfs/vancouver_bc/gbfs.json,https://data.lime.bike/api/partners/v2/gbfs/vancouver_bc/free_bike_status,2026-07-06T18:18:00Z,2026-07-06T18:18:00Z
lime_vancouver,lime_vancouver_8d6bd92b-344f-4abb-96a9-5423eca9d3c9,8d6bd92b-344f-4abb-96a9-5423eca9d3c9,49.265488,-123.143582,2,FALSE,FALSE,8884,NA,1783361882,2026-07-06T18:18:03Z,2026-07-06T18:18:03Z,2026-07-06T18:18:03Z,2.2,https://data.lime.bike/api/partners/v2/gbfs/vancouver_bc/gbfs.json,https://data.lime.bike/api/partners/v2/gbfs/vancouver_bc/free_bike_status,2026-07-06T18:18:00Z,2026-07-06T18:18:00Z
lime_vancouver,lime_vancouver_bae17000-c791-47df-98ef-553b266fec48,bae17000-c791-47df-98ef-553b266fec48,49.280919,-123.08946,2,FALSE,FALSE,12134,NA,1783361882,2026-07-06T18:18:03Z,2026-07-06T18:18:03Z,2026-07-06T18:18:03Z,2.2,https://data.lime.bike/api/partners/v2/gbfs/vancouver_bc/gbfs.json,https://data.lime.bike/api/partners/v2/gbfs/vancouver_bc/free_bike_status,2026-07-06T18:18:00Z,2026-07-06T18:18:00Z
lime_vancouver,lime_vancouver_caf754fd-36fd-4d57-b69f-6620c77de40a,caf754fd-36fd-4d57-b69f-6620c77de40a,49.240034,-123.074123,2,FALSE,FALSE,16882,NA,1783361882,2026-07-06T18:18:03Z,2026-07-06T18:18:03Z,2026-07-06T18:18:03Z,2.2,https://data.lime.bike/api/partners/v2/gbfs/vancouver_bc/gbfs.json,https://data.lime.bike/api/partners/v2/gbfs/vancouver_bc/free_bike_status,2026-07-06T18:18:00Z,2026-07-06T18:18:00Z
lime_vancouver,lime_vancouver_0d5a8b22-8ec1-475c-aeba-d4bb1055cafe,0d5a8b22-8ec1-475c-aeba-d4bb1055cafe,49.273352,-123.128594,2,FALSE,FALSE,9801,NA,1783361882,2026-07-06T18:18:03Z,2026-07-06T18:18:03Z,2026-07-06T18:18:03Z,2.2,https://data.lime.bike/api/partners/v2/gbfs/vancouver_bc/gbfs.json,https://data.lime.bike/api/partners/v2/gbfs/vancouver_bc/free_bike_status,2026-07-06T18:18:00Z,2026-07-06T18:18:00Z
lime_vancouver,lime_vancouver_b5ddf495-62c0-47c4-a54d-3b63bdd14561,b5ddf495-62c0-47c4-a54d-3b63bdd14561,49.254539,-123.072841,2,FALSE,FALSE,6132,NA,1783361882,2026-07-06T18:18:03Z,2026-07-06T18:18:03Z,2026-07-06T18:18:03Z,2.2,https://data.lime.bike/api/partners/v2/gbfs/vancouver_bc/gbfs.json,https://data.lime.bike/api/partners/v2/gbfs/vancouver_bc/free_bike_status,2026-07-06T18:18:00Z,2026-07-06T18:18:00Z
lime_vancouver,lime_vancouver_e7780ff7-6cac-4d4e-8a1c-aa3410f6c241,e7780ff7-6cac-4d4e-8a1c-aa3410f6c241,49.280955,-123.025591,2,FALSE,FALSE,7049,NA,1783361882,2026-07-06T18:18:03Z,2026-07-06T18:18:03Z,2026-07-06T18:18:03Z,2.2,https://data.lime.bike/api/partners/v2/gbfs/vancouver_bc/gbfs.json,https://data.lime.bike/api/partners/v2/gbfs/vancouver_bc/free_bike_status,2026-07-06T18:18:00Z,2026-07-06T18:18:00Z
lime_vancouver,lime_vancouver_11b93bbf-fb75-4306-bc3c-63ca5496a803,11b93bbf-fb75-4306-bc3c-63ca5496a803,49.279594,-123.102456,2,FALSE,FALSE,45528,NA,1783361882,2026-07-06T18:18:03Z,2026-07-06T18:18:03Z,2026-07-06T18:18:03Z,2.2,https://data.lime.bike/api/partners/v2/gbfs/vancouver_bc/gbfs.json,https://data.lime.bike/api/partners/v2/gbfs/vancouver_bc/free_bike_status,2026-07-06T18:18:00Z,2026-07-06T18:18:00Z
lime_vancouver,lime_vancouver_3fd8e4dd-f4a2-4e2f-9431-82b69293996e,3fd8e4dd-f4a2-4e2f-9431-82b69293996e,49.274618,-123.087191,2,FALSE,FALSE,14500,NA,1783361882,2026-07-06T18:18:03Z,2026-07-06T18:18:03Z,2026-07-06T18:18:03Z,2.2,https://data.lime.bike/api/partners/v2/gbfs/vancouver_bc/gbfs.json,https://data.lime.bike/api/partners/v2/gbfs/vancouver_bc/free_bike_status,2026-07-06T18:18:00Z,2026-07-06T18:18:00Z
lime_vancouver,lime_vancouver_0eac48e1-451a-41f0-8563-c2c54fafe823,0eac48e1-451a-41f0-8563-c2c54fafe823,49.263826,-123.109194,2,FALSE,FALSE,36741,NA,1783361882,2026-07-06T18:18:03Z,2026-07-06T18:18:03Z,2026-07-06T18:18:03Z,2.2,https://data.lime.bike/api/partners/v2/gbfs/vancouver_bc/gbfs.json,https://data.lime.bike/api/partners/v2/gbfs/vancouver_bc/free_bike_status,2026-07-06T18:18:00Z,2026-07-06T18:18:00Z
lime_vancouver,lime_vancouver_3fff3a02-dcb2-40fb-801b-cb833a9609bd,3fff3a02-dcb2-40fb-801b-cb833a9609bd,49.274033,-123.073171,2,FALSE,FALSE,30610,NA,1783361882,2026-07-06T18:18:03Z,2026-07-06T18:18:03Z,2026-07-06T18:18:03Z,2.2,https://data.lime.bike/api/partners/v2/gbfs/vancouver_bc/gbfs.json,https://data.lime.bike/api/partners/v2/gbfs/vancouver_bc/free_bike_status,2026-07-06T18:18:00Z,2026-07-06T18:18:00Z
lime_vancouver,lime_vancouver_c23c441d-d177-46e5-b3fa-2b8ccc628508,c23c441d-d177-46e5-b3fa-2b8ccc628508,49.263847,-123.109195,2,FALSE,FALSE,5697,NA,1783361882,2026-07-06T18:18:03Z,2026-07-06T18:18:03Z,2026-07-06T18:18:03Z,2.2,https://data.lime.bike/api/partners/v2/gbfs/vancouver_bc/gbfs.json,https://data.lime.bike/api/partners/v2/gbfs/vancouver_bc/free_bike_status,2026-07-06T18:18:00Z,2026-07-06T18:18:00Z
lime_vancouver,lime_vancouver_d3abfc97-9848-48ef-a5db-1fae5f78c37c,d3abfc97-9848-48ef-a5db-1fae5f78c37c,49.281686,-123.123505,2,FALSE,FALSE,28099,NA,1783361882,2026-07-06T18:18:03Z,2026-07-06T18:18:03Z,2026-07-06T18:18:03Z,2.2,https://data.lime.bike/api/partners/v2/gbfs/vancouver_bc/gbfs.json,https://data.lime.bike/api/partners/v2/gbfs/vancouver_bc/free_bike_status,2026-07-06T18:18:00Z,2026-07-06T18:18:00Z
lime_vancouver,lime_vancouver_9c8ed36b-4e17-4401-91c6-837c4f101be9,9c8ed36b-4e17-4401-91c6-837c4f101be9,49.246253,-123.033565,2,FALSE,FALSE,5246,NA,1783361882,2026-07-06T18:18:03Z,2026-07-06T18:18:03Z,2026-07-06T18:18:03Z,2.2,https://data.lime.bike/api/partners/v2/gbfs/vancouver_bc/gbfs.json,https://data.lime.bike/api/partners/v2/gbfs/vancouver_bc/free_bike_status,2026-07-06T18:18:00Z,2026-07-06T18:18:00Z
lime_vancouver,lime_vancouver_f03e1bba-f892-4473-b4bf-3adb97aa5a8b,f03e1bba-f892-4473-b4bf-3adb97aa5a8b,49.266199,-123.140711,2,FALSE,FALSE,4796,NA,1783361882,2026-07-06T18:18:03Z,2026-07-06T18:18:03Z,2026-07-06T18:18:03Z,2.2,https://data.lime.bike/api/partners/v2/gbfs/vancouver_bc/gbfs.json,https://data.lime.bike/api/partners/v2/gbfs/vancouver_bc/free_bike_status,2026-07-06T18:18:00Z,2026-07-06T18:18:00Z
lime_vancouver,lime_vancouver_bd26794f-9438-4599-89be-d7a91e38259b,bd26794f-9438-4599-89be-d7a91e38259b,49.256437,-123.039309,2,FALSE,FALSE,13551,NA,1783361882,2026-07-06T18:18:03Z,2026-07-06T18:18:03Z,2026-07-06T18:18:03Z,2.2,https://data.lime.bike/api/partners/v2/gbfs/vancouver_bc/gbfs.json,https://data.lime.bike/api/partners/v2/gbfs/vancouver_bc/free_bike_status,2026-07-06T18:18:00Z,2026-07-06T18:18:00Z
lime_vancouver,lime_vancouver_3c37f732-20aa-46b1-aa85-05314aa60bdc,3c37f732-20aa-46b1-aa85-05314aa60bdc,49.283029,-123.106802,2,FALSE,FALSE,3927,NA,1783361882,2026-07-06T18:18:03Z,2026-07-06T18:18:03Z,2026-07-06T18:18:03Z,2.2,https://data.lime.bike/api/partners/v2/gbfs/vancouver_bc/gbfs.json,https://data.lime.bike/api/partners/v2/gbfs/vancouver_bc/free_bike_status,2026-07-06T18:18:00Z,2026-07-06T18:18:00Z
lime_vancouver,lime_vancouver_bd862dcb-05c0-4a8c-b0e7-057c5715a8fa,bd862dcb-05c0-4a8c-b0e7-057c5715a8fa,49.264801,-123.164898,2,FALSE,FALSE,8884,NA,1783361882,2026-07-06T18:18:03Z,2026-07-06T18:18:03Z,2026-07-06T18:18:03Z,2.2,https://data.lime.bike/api/partners/v2/gbfs/vancouver_bc/gbfs.json,https://data.lime.bike/api/partners/v2/gbfs/vancouver_bc/free_bike_status,2026-07-06T18:18:00Z,2026-07-06T18:18:00Z
lime_vancouver,lime_vancouver_ad5bbf38-2693-4698-befb-b8efce19783c,ad5bbf38-2693-4698-befb-b8efce19783c,49.250709,-123.083752,2,FALSE,FALSE,18314,NA,1783361882,2026-07-06T18:18:03Z,2026-07-06T18:18:03Z,2026-07-06T18:18:03Z,2.2,https://data.lime.bike/api/partners/v2/gbfs/vancouver_bc/gbfs.json,https://data.lime.bike/api/partners/v2/gbfs/vancouver_bc/free_bike_status,2026-07-06T18:18:00Z,2026-07-06T18:18:00Z
lime_vancouver,lime_vancouver_60c2671a-bcbf-4fad-9a04-1b1324834a3f,60c2671a-bcbf-4fad-9a04-1b1324834a3f,49.269815,-123.135659,2,FALSE,FALSE,38302,NA,1783361882,2026-07-06T18:18:03Z,2026-07-06T18:18:03Z,2026-07-06T18:18:03Z,2.2,https://data.lime.bike/api/partners/v2/gbfs/vancouver_bc/gbfs.json,https://data.lime.bike/api/partners/v2/gbfs/vancouver_bc/free_bike_status,2026-07-06T18:18:00Z,2026-07-06T18:18:00Z
lime_vancouver,lime_vancouver_36613541-e72a-4dae-935e-cfc047b6e50f,36613541-e72a-4dae-935e-cfc047b6e50f,49.271327,-123.146394,2,FALSE,FALSE,7049,NA,1783361882,2026-07-06T18:18:03Z,2026-07-06T18:18:03Z,2026-07-06T18:18:03Z,2.2,https://data.lime.bike/api/partners/v2/gbfs/vancouver_bc/gbfs.json,https://data.lime.bike/api/partners/v2/gbfs/vancouver_bc/free_bike_status,2026-07-06T18:18:00Z,2026-07-06T18:18:00Z
lime_vancouver,lime_vancouver_169db43e-5b8b-4b97-bb0f-9799a3bcd78f,169db43e-5b8b-4b97-bb0f-9799a3bcd78f,49.279616,-123.102439,2,FALSE,FALSE,5246,NA,1783361882,2026-07-06T18:18:03Z,2026-07-06T18:18:03Z,2026-07-06T18:18:03Z,2.2,https://data.lime.bike/api/partners/v2/gbfs/vancouver_bc/gbfs.json,https://data.lime.bike/api/partners/v2/gbfs/vancouver_bc/free_bike_status,2026-07-06T18:18:00Z,2026-07-06T18:18:00Z
lime_vancouver,lime_vancouver_2772b58c-837b-48ee-a8e5-35e01d4b73fe,2772b58c-837b-48ee-a8e5-35e01d4b73fe,49.286844,-123.125399,2,FALSE,FALSE,19763,NA,1783361882,2026-07-06T18:18:03Z,2026-07-06T18:18:03Z,2026-07-06T18:18:03Z,2.2,https://data.lime.bike/api/partners/v2/gbfs/vancouver_bc/gbfs.json,https://data.lime.bike/api/partners/v2/gbfs/vancouver_bc/free_bike_status,2026-07-06T18:18:00Z,2026-07-06T18:18:00Z
lime_vancouver,lime_vancouver_af803c69-3479-4e56-8a14-c18ab3e00cee,af803c69-3479-4e56-8a14-c18ab3e00cee,49.264982,-123.11714,2,FALSE,FALSE,43484,NA,1783361882,2026-07-06T18:18:03Z,2026-07-06T18:18:03Z,2026-07-06T18:18:03Z,2.2,https://data.lime.bike/api/partners/v2/gbfs/vancouver_bc/gbfs.json,https://data.lime.bike/api/partners/v2/gbfs/vancouver_bc/free_bike_status,2026-07-06T18:18:00Z,2026-07-06T18:18:00Z
lime_vancouver,lime_vancouver_1e3dde11-099b-4624-90d9-f6e8c700a54e,1e3dde11-099b-4624-90d9-f6e8c700a54e,49.269724,-123.135651,2,FALSE,FALSE,11201,NA,1783361882,2026-07-06T18:18:03Z,2026-07-06T18:18:03Z,2026-07-06T18:18:03Z,2.2,https://data.lime.bike/api/partners/v2/gbfs/vancouver_bc/gbfs.json,https://data.lime.bike/api/partners/v2/gbfs/vancouver_bc/free_bike_status,2026-07-06T18:18:00Z,2026-07-06T18:18:00Z
lime_vancouver,lime_vancouver_6210be8e-a003-4177-ba42-326a38a8e5fd,6210be8e-a003-4177-ba42-326a38a8e5fd,49.265276,-123.135723,2,FALSE,FALSE,39880,NA,1783361882,2026-07-06T18:18:03Z,2026-07-06T18:18:03Z,2026-07-06T18:18:03Z,2.2,https://data.lime.bike/api/partners/v2/gbfs/vancouver_bc/gbfs.json,https://data.lime.bike/api/partners/v2/gbfs/vancouver_bc/free_bike_status,2026-07-06T18:18:00Z,2026-07-06T18:18:00Z
lime_vancouver,lime_vancouver_457e2676-bd0e-4c45-be29-d276878b3313,457e2676-bd0e-4c45-be29-d276878b3313,49.244536,-123.075983,2,FALSE,FALSE,35196,NA,1783361882,2026-07-06T18:18:03Z,2026-07-06T18:18:03Z,2026-07-06T18:18:03Z,2.2,https://data.lime.bike/api/partners/v2/gbfs/vancouver_bc/gbfs.json,https://data.lime.bike/api/partners/v2/gbfs/vancouver_bc/free_bike_status,2026-07-06T18:18:00Z,2026-07-06T18:18:00Z
lime_vancouver,lime_vancouver_5f9dadec-873b-40c3-b3f3-a5e92f70cd66,5f9dadec-873b-40c3-b3f3-a5e92f70cd66,49.283324,-123.115792,2,FALSE,FALSE,14017,NA,1783361882,2026-07-06T18:18:03Z,2026-07-06T18:18:03Z,2026-07-06T18:18:03Z,2.2,https://data.lime.bike/api/partners/v2/gbfs/vancouver_bc/gbfs.json,https://data.lime.bike/api/partners/v2/gbfs/vancouver_bc/free_bike_status,2026-07-06T18:18:00Z,2026-07-06T18:18:00Z
lime_vancouver,lime_vancouver_febd6df4-9b00-4d2a-a035-a16c0a454524,febd6df4-9b00-4d2a-a035-a16c0a454524,49.269726,-123.135605,2,FALSE,FALSE,8417,NA,1783361882,2026-07-06T18:18:03Z,2026-07-06T18:18:03Z,2026-07-06T18:18:03Z,2.2,https://data.lime.bike/api/partners/v2/gbfs/vancouver_bc/gbfs.json,https://data.lime.bike/api/partners/v2/gbfs/vancouver_bc/free_bike_status,2026-07-06T18:18:00Z,2026-07-06T18:18:00Z
lime_vancouver,lime_vancouver_cb780c3d-851c-4afd-bd2e-83310d5a527b,cb780c3d-851c-4afd-bd2e-83310d5a527b,49.258379,-123.049941,2,FALSE,FALSE,5697,NA,1783361882,2026-07-06T18:18:03Z,2026-07-06T18:18:03Z,2026-07-06T18:18:03Z,2.2,https://data.lime.bike/api/partners/v2/gbfs/vancouver_bc/gbfs.json,https://data.lime.bike/api/partners/v2/gbfs/vancouver_bc/free_bike_status,2026-07-06T18:18:00Z,2026-07-06T18:18:00Z
lime_vancouver,lime_vancouver_098365a8-dafe-4552-a89c-bae298d88f27,098365a8-dafe-4552-a89c-bae298d88f27,49.269913,-123.13579,2,FALSE,FALSE,27600,NA,1783361882,2026-07-06T18:18:03Z,2026-07-06T18:18:03Z,2026-07-06T18:18:03Z,2.2,https://data.lime.bike/api/partners/v2/gbfs/vancouver_bc/gbfs.json,https://data.lime.bike/api/partners/v2/gbfs/vancouver_bc/free_bike_status,2026-07-06T18:18:00Z,2026-07-06T18:18:00Z
lime_vancouver,lime_vancouver_c969f8a6-7367-47b6-8324-c14a4e88a186,c969f8a6-7367-47b6-8324-c14a4e88a186,49.244851,-123.052154,2,FALSE,FALSE,39880,NA,1783361882,2026-07-06T18:18:03Z,2026-07-06T18:18:03Z,2026-07-06T18:18:03Z,2.2,https://data.lime.bike/api/partners/v2/gbfs/vancouver_bc/gbfs.json,https://data.lime.bike/api/partners/v2/gbfs/vancouver_bc/free_bike_status,2026-07-06T18:18:00Z,2026-07-06T18:18:00Z
lime_vancouver,lime_vancouver_cdb78440-fb1a-44bd-b963-eeb8bbd7beb4,cdb78440-fb1a-44bd-b963-eeb8bbd7beb4,49.266266,-123.140562,2,FALSE,FALSE,6582,NA,1783361882,2026-07-06T18:18:03Z,2026-07-06T18:18:03Z,2026-07-06T18:18:03Z,2.2,https://data.lime.bike/api/partners/v2/gbfs/vancouver_bc/gbfs.json,https://data.lime.bike/api/partners/v2/gbfs/vancouver_bc/free_bike_status,2026-07-06T18:18:00Z,2026-07-06T18:18:00Z
lime_vancouver,lime_vancouver_295b57e2-c805-4c09-a8ac-6661d3353aac,295b57e2-c805-4c09-a8ac-6661d3353aac,49.277598,-123.095263,2,FALSE,FALSE,13084,NA,1783361882,2026-07-06T18:18:03Z,2026-07-06T18:18:03Z,2026-07-06T18:18:03Z,2.2,https://data.lime.bike/api/partners/v2/gbfs/vancouver_bc/gbfs.json,https://data.lime.bike/api/partners/v2/gbfs/vancouver_bc/free_bike_status,2026-07-06T18:18:00Z,2026-07-06T18:18:00Z
lime_vancouver,lime_vancouver_1168de8e-cf81-49c2-b613-fb6391825b9e,1168de8e-cf81-49c2-b613-fb6391825b9e,49.259245,-123.045329,2,FALSE,FALSE,43484,NA,1783361882,2026-07-06T18:18:03Z,2026-07-06T18:18:03Z,2026-07-06T18:18:03Z,2.2,https://data.lime.bike/api/partners/v2/gbfs/vancouver_bc/gbfs.json,https://data.lime.bike/api/partners/v2/gbfs/vancouver_bc/free_bike_status,2026-07-06T18:18:00Z,2026-07-06T18:18:00Z
lime_vancouver,lime_vancouver_b4c0e862-c031-4fac-9e36-fab9a6834796,b4c0e862-c031-4fac-9e36-fab9a6834796,49.263215,-123.089247,2,FALSE,FALSE,12134,NA,1783361882,2026-07-06T18:18:03Z,2026-07-06T18:18:03Z,2026-07-06T18:18:03Z,2.2,https://data.lime.bike/api/partners/v2/gbfs/vancouver_bc/gbfs.json,https://data.lime.bike/api/partners/v2/gbfs/vancouver_bc/free_bike_status,2026-07-06T18:18:00Z,2026-07-06T18:18:00Z
lime_vancouver,lime_vancouver_a809c4e6-4809-4c3a-bac1-8a14cd0a96c9,a809c4e6-4809-4c3a-bac1-8a14cd0a96c9,49.285517,-123.046799,2,FALSE,FALSE,39880,NA,1783361882,2026-07-06T18:18:03Z,2026-07-06T18:18:03Z,2026-07-06T18:18:03Z,2.2,https://data.lime.bike/api/partners/v2/gbfs/vancouver_bc/gbfs.json,https://data.lime.bike/api/partners/v2/gbfs/vancouver_bc/free_bike_status,2026-07-06T18:18:00Z,2026-07-06T18:18:00Z
lime_vancouver,lime_vancouver_b6eb9842-8bb7-4a0d-9a25-496dfa811974,b6eb9842-8bb7-4a0d-9a25-496dfa811974,49.26378,-123.069979,2,FALSE,FALSE,41425,NA,1783361882,2026-07-06T18:18:03Z,2026-07-06T18:18:03Z,2026-07-06T18:18:03Z,2.2,https://data.lime.bike/api/partners/v2/gbfs/vancouver_bc/gbfs.json,https://data.lime.bike/api/partners/v2/gbfs/vancouver_bc/free_bike_status,2026-07-06T18:18:00Z,2026-07-06T18:18:00Z
lime_vancouver,lime_vancouver_7546c793-70bb-4d6c-b46b-9ea08e31de13,7546c793-70bb-4d6c-b46b-9ea08e31de13,49.275026,-123.067688,2,FALSE,FALSE,8884,NA,1783361882,2026-07-06T18:18:03Z,2026-07-06T18:18:03Z,2026-07-06T18:18:03Z,2.2,https://data.lime.bike/api/partners/v2/gbfs/vancouver_bc/gbfs.json,https://data.lime.bike/api/partners/v2/gbfs/vancouver_bc/free_bike_status,2026-07-06T18:18:00Z,2026-07-06T18:18:00Z
lime_vancouver,lime_vancouver_d6c5a5e5-e103-4ba3-abf3-361aebc86828,d6c5a5e5-e103-4ba3-abf3-361aebc86828,49.244527,-123.075939,2,FALSE,FALSE,32139,NA,1783361882,2026-07-06T18:18:03Z,2026-07-06T18:18:03Z,2026-07-06T18:18:03Z,2.2,https://data.lime.bike/api/partners/v2/gbfs/vancouver_bc/gbfs.json,https://data.lime.bike/api/partners/v2/gbfs/vancouver_bc/free_bike_status,2026-07-06T18:18:00Z,2026-07-06T18:18:00Z
lime_vancouver,lime_vancouver_8c8bbe12-6ce4-459a-a3fe-e5d780b1e04b,8c8bbe12-6ce4-459a-a3fe-e5d780b1e04b,49.288035,-123.116213,2,FALSE,FALSE,31125,NA,1783361882,2026-07-06T18:18:03Z,2026-07-06T18:18:03Z,2026-07-06T18:18:03Z,2.2,https://data.lime.bike/api/partners/v2/gbfs/vancouver_bc/gbfs.json,https://data.lime.bike/api/partners/v2/gbfs/vancouver_bc/free_bike_status,2026-07-06T18:18:00Z,2026-07-06T18:18:00Z
lime_vancouver,lime_vancouver_6fab03b1-ef32-44d6-8ac4-f4742f19ee51,6fab03b1-ef32-44d6-8ac4-f4742f19ee51,49.277673,-123.072992,2,FALSE,FALSE,9334,NA,1783361882,2026-07-06T18:18:03Z,2026-07-06T18:18:03Z,2026-07-06T18:18:03Z,2.2,https://data.lime.bike/api/partners/v2/gbfs/vancouver_bc/gbfs.json,https://data.lime.bike/api/partners/v2/gbfs/vancouver_bc/free_bike_status,2026-07-06T18:18:00Z,2026-07-06T18:18:00Z
lime_vancouver,lime_vancouver_3929582c-c448-4cf3-919a-3b0a5a78d41d,3929582c-c448-4cf3-919a-3b0a5a78d41d,49.268034,-123.155167,2,FALSE,FALSE,43999,NA,1783361882,2026-07-06T18:18:03Z,2026-07-06T18:18:03Z,2026-07-06T18:18:03Z,2.2,https://data.lime.bike/api/partners/v2/gbfs/vancouver_bc/gbfs.json,https://data.lime.bike/api/partners/v2/gbfs/vancouver_bc/free_bike_status,2026-07-06T18:18:00Z,2026-07-06T18:18:00Z
lime_vancouver,lime_vancouver_2785ec67-a123-4039-9c86-f9183b58536c,2785ec67-a123-4039-9c86-f9183b58536c,49.279423,-123.099916,2,FALSE,FALSE,36741,NA,1783361882,2026-07-06T18:18:03Z,2026-07-06T18:18:03Z,2026-07-06T18:18:03Z,2.2,https://data.lime.bike/api/partners/v2/gbfs/vancouver_bc/gbfs.json,https://data.lime.bike/api/partners/v2/gbfs/vancouver_bc/free_bike_status,2026-07-06T18:18:00Z,2026-07-06T18:18:00Z
lime_vancouver,lime_vancouver_4cdba578-1b75-4e30-a16a-6ef892813d26,4cdba578-1b75-4e30-a16a-6ef892813d26,49.28581,-123.120678,2,FALSE,FALSE,9801,NA,1783361882,2026-07-06T18:18:03Z,2026-07-06T18:18:03Z,2026-07-06T18:18:03Z,2.2,https://data.lime.bike/api/partners/v2/gbfs/vancouver_bc/gbfs.json,https://data.lime.bike/api/partners/v2/gbfs/vancouver_bc/free_bike_status,2026-07-06T18:18:00Z,2026-07-06T18:18:00Z
lime_vancouver,lime_vancouver_2bece609-1f05-41a3-b974-9640cf4e4786,2bece609-1f05-41a3-b974-9640cf4e4786,49.279573,-123.102445,2,FALSE,FALSE,17832,NA,1783361882,2026-07-06T18:18:03Z,2026-07-06T18:18:03Z,2026-07-06T18:18:03Z,2.2,https://data.lime.bike/api/partners/v2/gbfs/vancouver_bc/gbfs.json,https://data.lime.bike/api/partners/v2/gbfs/vancouver_bc/free_bike_status,2026-07-06T18:18:00Z,2026-07-06T18:18:00Z
lime_vancouver,lime_vancouver_ed9bb5f2-b1ae-496f-ba85-c28836d747e1,ed9bb5f2-b1ae-496f-ba85-c28836d747e1,49.273135,-123.069305,2,FALSE,FALSE,10734,NA,1783361882,2026-07-06T18:18:03Z,2026-07-06T18:18:03Z,2026-07-06T18:18:03Z,2.2,https://data.lime.bike/api/partners/v2/gbfs/vancouver_bc/gbfs.json,https://data.lime.bike/api/partners/v2/gbfs/vancouver_bc/free_bike_status,2026-07-06T18:18:00Z,2026-07-06T18:18:00Z
lime_vancouver,lime_vancouver_9d815dab-c461-4efa-bf70-dfca80c67e1d,9d815dab-c461-4efa-bf70-dfca80c67e1d,49.288539,-123.117418,2,FALSE,FALSE,12601,NA,1783361882,2026-07-06T18:18:03Z,2026-07-06T18:18:03Z,2026-07-06T18:18:03Z,2.2,https://data.lime.bike/api/partners/v2/gbfs/vancouver_bc/gbfs.json,https://data.lime.bike/api/partners/v2/gbfs/vancouver_bc/free_bike_status,2026-07-06T18:18:00Z,2026-07-06T18:18:00Z
lime_vancouver,lime_vancouver_9adab0d1-4896-44f6-95e7-7d6f3d6e0e5e,9adab0d1-4896-44f6-95e7-7d6f3d6e0e5e,49.278802,-123.115255,2,FALSE,FALSE,24623,NA,1783361882,2026-07-06T18:18:03Z,2026-07-06T18:18:03Z,2026-07-06T18:18:03Z,2.2,https://data.lime.bike/api/partners/v2/gbfs/vancouver_bc/gbfs.json,https://data.lime.bike/api/partners/v2/gbfs/vancouver_bc/free_bike_status,2026-07-06T18:18:00Z,2026-07-06T18:18:00Z
lime_vancouver,lime_vancouver_2a65caeb-7dbc-4874-bad9-8228d12c20cd,2a65caeb-7dbc-4874-bad9-8228d12c20cd,49.290737,-123.127503,2,FALSE,FALSE,30111,NA,1783361882,2026-07-06T18:18:03Z,2026-07-06T18:18:03Z,2026-07-06T18:18:03Z,2.2,https://data.lime.bike/api/partners/v2/gbfs/vancouver_bc/gbfs.json,https://data.lime.bike/api/partners/v2/gbfs/vancouver_bc/free_bike_status,2026-07-06T18:18:00Z,2026-07-06T18:18:00Z
lime_vancouver,lime_vancouver_a74a02cb-42d2-41c7-9a85-bf52ac941da3,a74a02cb-42d2-41c7-9a85-bf52ac941da3,49.246851,-123.060171,2,FALSE,FALSE,27600,NA,1783361882,2026-07-06T18:18:03Z,2026-07-06T18:18:03Z,2026-07-06T18:18:03Z,2.2,https://data.lime.bike/api/partners/v2/gbfs/vancouver_bc/gbfs.json,https://data.lime.bike/api/partners/v2/gbfs/vancouver_bc/free_bike_status,2026-07-06T18:18:00Z,2026-07-06T18:18:00Z
lime_vancouver,lime_vancouver_3800b33b-ad8a-4f16-8ef8-365dbd447f7f,3800b33b-ad8a-4f16-8ef8-365dbd447f7f,49.271339,-123.146431,2,FALSE,FALSE,28598,NA,1783361882,2026-07-06T18:18:03Z,2026-07-06T18:18:03Z,2026-07-06T18:18:03Z,2.2,https://data.lime.bike/api/partners/v2/gbfs/vancouver_bc/gbfs.json,https://data.lime.bike/api/partners/v2/gbfs/vancouver_bc/free_bike_status,2026-07-06T18:18:00Z,2026-07-06T18:18:00Z
lime_vancouver,lime_vancouver_23a849c9-1944-4e51-965c-59f1eec50516,23a849c9-1944-4e51-965c-59f1eec50516,49.275932,-123.145778,2,FALSE,FALSE,8417,NA,1783361882,2026-07-06T18:18:03Z,2026-07-06T18:18:03Z,2026-07-06T18:18:03Z,2.2,https://data.lime.bike/api/partners/v2/gbfs/vancouver_bc/gbfs.json,https://data.lime.bike/api/partners/v2/gbfs/vancouver_bc/free_bike_status,2026-07-06T18:18:00Z,2026-07-06T18:18:00Z
lime_vancouver,lime_vancouver_061606c9-d8d4-43b1-8f20-4bf6d0a7b3aa,061606c9-d8d4-43b1-8f20-4bf6d0a7b3aa,49.272426,-123.041521,2,FALSE,FALSE,30111,NA,1783361882,2026-07-06T18:18:03Z,2026-07-06T18:18:03Z,2026-07-06T18:18:03Z,2.2,https://data.lime.bike/api/partners/v2/gbfs/vancouver_bc/gbfs.json,https://data.lime.bike/api/partners/v2/gbfs/vancouver_bc/free_bike_status,2026-07-06T18:18:00Z,2026-07-06T18:18:00Z
lime_vancouver,lime_vancouver_92999290-c9ef-4894-ab66-dd63628fbe50,92999290-c9ef-4894-ab66-dd63628fbe50,49.283701,-123.110494,2,FALSE,FALSE,37272,NA,1783361882,2026-07-06T18:18:03Z,2026-07-06T18:18:03Z,2026-07-06T18:18:03Z,2.2,https://data.lime.bike/api/partners/v2/gbfs/vancouver_bc/gbfs.json,https://data.lime.bike/api/partners/v2/gbfs/vancouver_bc/free_bike_status,2026-07-06T18:18:00Z,2026-07-06T18:18:00Z
lime_vancouver,lime_vancouver_3e779611-fc67-46d1-b0f3-1caca51a5f48,3e779611-fc67-46d1-b0f3-1caca51a5f48,49.286739,-123.02963,2,FALSE,FALSE,17365,NA,1783361882,2026-07-06T18:18:03Z,2026-07-06T18:18:03Z,2026-07-06T18:18:03Z,2.2,https://data.lime.bike/api/partners/v2/gbfs/vancouver_bc/gbfs.json,https://data.lime.bike/api/partners/v2/gbfs/vancouver_bc/free_bike_status,2026-07-06T18:18:00Z,2026-07-06T18:18:00Z
lime_vancouver,lime_vancouver_d4b6288b-0245-433f-97a3-19fd12874468,d4b6288b-0245-433f-97a3-19fd12874468,49.266816,-123.049589,2,FALSE,FALSE,4796,NA,1783361882,2026-07-06T18:18:03Z,2026-07-06T18:18:03Z,2026-07-06T18:18:03Z,2.2,https://data.lime.bike/api/partners/v2/gbfs/vancouver_bc/gbfs.json,https://data.lime.bike/api/partners/v2/gbfs/vancouver_bc/free_bike_status,2026-07-06T18:18:00Z,2026-07-06T18:18:00Z
lime_vancouver,lime_vancouver_b25de887-ff8c-4ead-b0d4-8ca40047b5c4,b25de887-ff8c-4ead-b0d4-8ca40047b5c4,49.288696,-123.120692,2,FALSE,FALSE,43484,NA,1783361882,2026-07-06T18:18:03Z,2026-07-06T18:18:03Z,2026-07-06T18:18:03Z,2.2,https://data.lime.bike/api/partners/v2/gbfs/vancouver_bc/gbfs.json,https://data.lime.bike/api/partners/v2/gbfs/vancouver_bc/free_bike_status,2026-07-06T18:18:00Z,2026-07-06T18:18:00Z
lime_vancouver,lime_vancouver_8e899ad5-1e6e-4d98-ac48-543054d17848,8e899ad5-1e6e-4d98-ac48-543054d17848,49.269076,-123.164478,2,FALSE,FALSE,6132,NA,1783361882,2026-07-06T18:18:03Z,2026-07-06T18:18:03Z,2026-07-06T18:18:03Z,2.2,https://data.lime.bike/api/partners/v2/gbfs/vancouver_bc/gbfs.json,https://data.lime.bike/api/partners/v2/gbfs/vancouver_bc/free_bike_status,2026-07-06T18:18:00Z,2026-07-06T18:18:00Z
lime_vancouver,lime_vancouver_daf4809d-63c6-4c2c-959a-9281c8a178b1,daf4809d-63c6-4c2c-959a-9281c8a178b1,49.266966,-123.143397,2,FALSE,FALSE,43999,NA,1783361882,2026-07-06T18:18:03Z,2026-07-06T18:18:03Z,2026-07-06T18:18:03Z,2.2,https://data.lime.bike/api/partners/v2/gbfs/vancouver_bc/gbfs.json,https://data.lime.bike/api/partners/v2/gbfs/vancouver_bc/free_bike_status,2026-07-06T18:18:00Z,2026-07-06T18:18:00Z
lime_vancouver,lime_vancouver_38cf00a2-1c9d-4b00-82e1-fcaabb672c50,38cf00a2-1c9d-4b00-82e1-fcaabb672c50,49.271622,-123.073433,2,FALSE,FALSE,19763,NA,1783361882,2026-07-06T18:18:03Z,2026-07-06T18:18:03Z,2026-07-06T18:18:03Z,2.2,https://data.lime.bike/api/partners/v2/gbfs/vancouver_bc/gbfs.json,https://data.lime.bike/api/partners/v2/gbfs/vancouver_bc/free_bike_status,2026-07-06T18:18:00Z,2026-07-06T18:18:00Z
lime_vancouver,lime_vancouver_703e0082-9106-47cf-9679-d9430d8b2382,703e0082-9106-47cf-9679-d9430d8b2382,49.249839,-123.036499,2,FALSE,FALSE,43999,NA,1783361882,2026-07-06T18:18:03Z,2026-07-06T18:18:03Z,2026-07-06T18:18:03Z,2.2,https://data.lime.bike/api/partners/v2/gbfs/vancouver_bc/gbfs.json,https://data.lime.bike/api/partners/v2/gbfs/vancouver_bc/free_bike_status,2026-07-06T18:18:00Z,2026-07-06T18:18:00Z
lime_vancouver,lime_vancouver_5604222d-d65c-445b-9f6c-5f5cd07f382e,5604222d-d65c-445b-9f6c-5f5cd07f382e,49.277417,-123.043561,2,FALSE,FALSE,39348,NA,1783361882,2026-07-06T18:18:03Z,2026-07-06T18:18:03Z,2026-07-06T18:18:03Z,2.2,https://data.lime.bike/api/partners/v2/gbfs/vancouver_bc/gbfs.json,https://data.lime.bike/api/partners/v2/gbfs/vancouver_bc/free_bike_status,2026-07-06T18:18:00Z,2026-07-06T18:18:00Z
lime_vancouver,lime_vancouver_95d8e376-e5e4-4b22-b267-9b6d1ebfb607,95d8e376-e5e4-4b22-b267-9b6d1ebfb607,49.289956,-123.124222,2,FALSE,FALSE,6582,NA,1783361882,2026-07-06T18:18:03Z,2026-07-06T18:18:03Z,2026-07-06T18:18:03Z,2.2,https://data.lime.bike/api/partners/v2/gbfs/vancouver_bc/gbfs.json,https://data.lime.bike/api/partners/v2/gbfs/vancouver_bc/free_bike_status,2026-07-06T18:18:00Z,2026-07-06T18:18:00Z
lime_vancouver,lime_vancouver_95229427-187f-4f1f-84ad-afd426ba5ba1,95229427-187f-4f1f-84ad-afd426ba5ba1,49.273917,-123.061631,2,FALSE,FALSE,45528,NA,1783361882,2026-07-06T18:18:03Z,2026-07-06T18:18:03Z,2026-07-06T18:18:03Z,2.2,https://data.lime.bike/api/partners/v2/gbfs/vancouver_bc/gbfs.json,https://data.lime.bike/api/partners/v2/gbfs/vancouver_bc/free_bike_status,2026-07-06T18:18:00Z,2026-07-06T18:18:00Z
lime_vancouver,lime_vancouver_c25fea32-d709-4136-9a4a-8c6ad63211f9,c25fea32-d709-4136-9a4a-8c6ad63211f9,49.269149,-123.150285,2,FALSE,FALSE,17365,NA,1783361882,2026-07-06T18:18:03Z,2026-07-06T18:18:03Z,2026-07-06T18:18:03Z,2.2,https://data.lime.bike/api/partners/v2/gbfs/vancouver_bc/gbfs.json,https://data.lime.bike/api/partners/v2/gbfs/vancouver_bc/free_bike_status,2026-07-06T18:18:00Z,2026-07-06T18:18:00Z
lime_vancouver,lime_vancouver_975fd566-08e2-4720-8fa2-f7658408f18d,975fd566-08e2-4720-8fa2-f7658408f18d,49.265006,-123.117394,2,FALSE,FALSE,5697,NA,1783361882,2026-07-06T18:18:03Z,2026-07-06T18:18:03Z,2026-07-06T18:18:03Z,2.2,https://data.lime.bike/api/partners/v2/gbfs/vancouver_bc/gbfs.json,https://data.lime.bike/api/partners/v2/gbfs/vancouver_bc/free_bike_status,2026-07-06T18:18:00Z,2026-07-06T18:18:00Z
lime_vancouver,lime_vancouver_3c17d97b-dd6d-40d7-9688-b2324666dbb9,3c17d97b-dd6d-40d7-9688-b2324666dbb9,49.268699,-123.073805,2,FALSE,FALSE,6582,NA,1783361882,2026-07-06T18:18:03Z,2026-07-06T18:18:03Z,2026-07-06T18:18:03Z,2.2,https://data.lime.bike/api/partners/v2/gbfs/vancouver_bc/gbfs.json,https://data.lime.bike/api/partners/v2/gbfs/vancouver_bc/free_bike_status,2026-07-06T18:18:00Z,2026-07-06T18:18:00Z
lime_vancouver,lime_vancouver_5bd9869e-fc56-41d4-85ea-e7b0dd532138,5bd9869e-fc56-41d4-85ea-e7b0dd532138,49.277418,-123.043559,2,FALSE,FALSE,25605,NA,1783361882,2026-07-06T18:18:03Z,2026-07-06T18:18:03Z,2026-07-06T18:18:03Z,2.2,https://data.lime.bike/api/partners/v2/gbfs/vancouver_bc/gbfs.json,https://data.lime.bike/api/partners/v2/gbfs/vancouver_bc/free_bike_status,2026-07-06T18:18:00Z,2026-07-06T18:18:00Z
lime_vancouver,lime_vancouver_d53782c2-d28a-409c-8f0d-8cfd5fdd7718,d53782c2-d28a-409c-8f0d-8cfd5fdd7718,49.262586,-123.119903,2,FALSE,FALSE,35711,NA,1783361882,2026-07-06T18:18:03Z,2026-07-06T18:18:03Z,2026-07-06T18:18:03Z,2.2,https://data.lime.bike/api/partners/v2/gbfs/vancouver_bc/gbfs.json,https://data.lime.bike/api/partners/v2/gbfs/vancouver_bc/free_bike_status,2026-07-06T18:18:00Z,2026-07-06T18:18:00Z
lime_vancouver,lime_vancouver_4a5d02f1-56e8-4655-8c94-58c3473be9c3,4a5d02f1-56e8-4655-8c94-58c3473be9c3,49.285535,-123.046779,2,FALSE,FALSE,5246,NA,1783361882,2026-07-06T18:18:03Z,2026-07-06T18:18:03Z,2026-07-06T18:18:03Z,2.2,https://data.lime.bike/api/partners/v2/gbfs/vancouver_bc/gbfs.json,https://data.lime.bike/api/partners/v2/gbfs/vancouver_bc/free_bike_status,2026-07-06T18:18:00Z,2026-07-06T18:18:00Z
lime_vancouver,lime_vancouver_7f1cbbb5-4e2c-4624-be35-37545458fac6,7f1cbbb5-4e2c-4624-be35-37545458fac6,49.283069,-123.115674,2,FALSE,FALSE,42969,NA,1783361882,2026-07-06T18:18:03Z,2026-07-06T18:18:03Z,2026-07-06T18:18:03Z,2.2,https://data.lime.bike/api/partners/v2/gbfs/vancouver_bc/gbfs.json,https://data.lime.bike/api/partners/v2/gbfs/vancouver_bc/free_bike_status,2026-07-06T18:18:00Z,2026-07-06T18:18:00Z
lime_vancouver,lime_vancouver_0c599983-d9fe-48eb-8155-dff47454b2c7,0c599983-d9fe-48eb-8155-dff47454b2c7,49.279247,-123.046859,2,FALSE,FALSE,32637,NA,1783361882,2026-07-06T18:18:03Z,2026-07-06T18:18:03Z,2026-07-06T18:18:03Z,2.2,https://data.lime.bike/api/partners/v2/gbfs/vancouver_bc/gbfs.json,https://data.lime.bike/api/partners/v2/gbfs/vancouver_bc/free_bike_status,2026-07-06T18:18:00Z,2026-07-06T18:18:00Z
lime_vancouver,lime_vancouver_df4be533-ddb4-44c7-8a79-a0a186ba9eee,df4be533-ddb4-44c7-8a79-a0a186ba9eee,49.288529,-123.046809,2,FALSE,FALSE,42454,NA,1783361882,2026-07-06T18:18:03Z,2026-07-06T18:18:03Z,2026-07-06T18:18:03Z,2.2,https://data.lime.bike/api/partners/v2/gbfs/vancouver_bc/gbfs.json,https://data.lime.bike/api/partners/v2/gbfs/vancouver_bc/free_bike_status,2026-07-06T18:18:00Z,2026-07-06T18:18:00Z
lime_vancouver,lime_vancouver_77e506bd-385d-4ec3-81f0-ea69deed8cc9,77e506bd-385d-4ec3-81f0-ea69deed8cc9,49.266416,-123.148323,2,FALSE,FALSE,30610,NA,1783361882,2026-07-06T18:18:03Z,2026-07-06T18:18:03Z,2026-07-06T18:18:03Z,2.2,https://data.lime.bike/api/partners/v2/gbfs/vancouver_bc/gbfs.json,https://data.lime.bike/api/partners/v2/gbfs/vancouver_bc/free_bike_status,2026-07-06T18:18:00Z,2026-07-06T18:18:00Z
lime_vancouver,lime_vancouver_589f3f96-b4a2-4b8d-898d-3b98f0b04285,589f3f96-b4a2-4b8d-898d-3b98f0b04285,49.26613,-123.098841,2,FALSE,FALSE,29097,NA,1783361882,2026-07-06T18:18:03Z,2026-07-06T18:18:03Z,2026-07-06T18:18:03Z,2.2,https://data.lime.bike/api/partners/v2/gbfs/vancouver_bc/gbfs.json,https://data.lime.bike/api/partners/v2/gbfs/vancouver_bc/free_bike_status,2026-07-06T18:18:00Z,2026-07-06T18:18:00Z
lime_vancouver,lime_vancouver_42748a6b-1193-4766-9c7d-649c70b08053,42748a6b-1193-4766-9c7d-649c70b08053,49.244823,-123.052133,2,FALSE,FALSE,40910,NA,1783361882,2026-07-06T18:18:03Z,2026-07-06T18:18:03Z,2026-07-06T18:18:03Z,2.2,https://data.lime.bike/api/partners/v2/gbfs/vancouver_bc/gbfs.json,https://data.lime.bike/api/partners/v2/gbfs/vancouver_bc/free_bike_status,2026-07-06T18:18:00Z,2026-07-06T18:18:00Z
lime_vancouver,lime_vancouver_e01d541e-d6b3-413c-8ab9-f334c69bcde4,e01d541e-d6b3-413c-8ab9-f334c69bcde4,49.283789,-123.119337,2,FALSE,FALSE,6582,NA,1783361882,2026-07-06T18:18:03Z,2026-07-06T18:18:03Z,2026-07-06T18:18:03Z,2.2,https://data.lime.bike/api/partners/v2/gbfs/vancouver_bc/gbfs.json,https://data.lime.bike/api/partners/v2/gbfs/vancouver_bc/free_bike_status,2026-07-06T18:18:00Z,2026-07-06T18:18:00Z
lime_vancouver,lime_vancouver_cfb30ca9-3e65-424f-928d-2b6e0710de99,cfb30ca9-3e65-424f-928d-2b6e0710de99,49.235875,-123.049107,2,FALSE,FALSE,26104,NA,1783361882,2026-07-06T18:18:03Z,2026-07-06T18:18:03Z,2026-07-06T18:18:03Z,2.2,https://data.lime.bike/api/partners/v2/gbfs/vancouver_bc/gbfs.json,https://data.lime.bike/api/partners/v2/gbfs/vancouver_bc/free_bike_status,2026-07-06T18:18:00Z,2026-07-06T18:18:00Z
lime_vancouver,lime_vancouver_0393510c-c254-40cb-bac2-be41dbcb0541,0393510c-c254-40cb-bac2-be41dbcb0541,49.277433,-123.086524,2,FALSE,FALSE,39348,NA,1783361882,2026-07-06T18:18:03Z,2026-07-06T18:18:03Z,2026-07-06T18:18:03Z,2.2,https://data.lime.bike/api/partners/v2/gbfs/vancouver_bc/gbfs.json,https://data.lime.bike/api/partners/v2/gbfs/vancouver_bc/free_bike_status,2026-07-06T18:18:00Z,2026-07-06T18:18:00Z
lime_vancouver,lime_vancouver_c0f452d4-7693-4555-9cc9-da9dab1e86cc,c0f452d4-7693-4555-9cc9-da9dab1e86cc,49.275001,-123.06767,2,FALSE,FALSE,7500,NA,1783361882,2026-07-06T18:18:03Z,2026-07-06T18:18:03Z,2026-07-06T18:18:03Z,2.2,https://data.lime.bike/api/partners/v2/gbfs/vancouver_bc/gbfs.json,https://data.lime.bike/api/partners/v2/gbfs/vancouver_bc/free_bike_status,2026-07-06T18:18:00Z,2026-07-06T18:18:00Z
lime_vancouver,lime_vancouver_d38dad63-0bd8-4183-80a5-50b778c60713,d38dad63-0bd8-4183-80a5-50b778c60713,49.283344,-123.102208,2,FALSE,FALSE,37272,NA,1783361882,2026-07-06T18:18:03Z,2026-07-06T18:18:03Z,2026-07-06T18:18:03Z,2.2,https://data.lime.bike/api/partners/v2/gbfs/vancouver_bc/gbfs.json,https://data.lime.bike/api/partners/v2/gbfs/vancouver_bc/free_bike_status,2026-07-06T18:18:00Z,2026-07-06T18:18:00Z
lime_vancouver,lime_vancouver_07f15354-801d-4c7b-bab7-4111ffd68085,07f15354-801d-4c7b-bab7-4111ffd68085,49.277628,-123.095341,2,FALSE,FALSE,40910,NA,1783361882,2026-07-06T18:18:03Z,2026-07-06T18:18:03Z,2026-07-06T18:18:03Z,2.2,https://data.lime.bike/api/partners/v2/gbfs/vancouver_bc/gbfs.json,https://data.lime.bike/api/partners/v2/gbfs/vancouver_bc/free_bike_status,2026-07-06T18:18:00Z,2026-07-06T18:18:00Z
lime_vancouver,lime_vancouver_d35eeaa9-66e8-480d-906f-649215e89ada,d35eeaa9-66e8-480d-906f-649215e89ada,49.244553,-123.075893,2,FALSE,FALSE,36226,NA,1783361882,2026-07-06T18:18:03Z,2026-07-06T18:18:03Z,2026-07-06T18:18:03Z,2.2,https://data.lime.bike/api/partners/v2/gbfs/vancouver_bc/gbfs.json,https://data.lime.bike/api/partners/v2/gbfs/vancouver_bc/free_bike_status,2026-07-06T18:18:00Z,2026-07-06T18:18:00Z
lime_vancouver,lime_vancouver_4ad45a23-30b1-4c8d-b5fd-8f7b1cdd90b0,4ad45a23-30b1-4c8d-b5fd-8f7b1cdd90b0,49.279597,-123.109995,2,FALSE,FALSE,37787,NA,1783361882,2026-07-06T18:18:03Z,2026-07-06T18:18:03Z,2026-07-06T18:18:03Z,2.2,https://data.lime.bike/api/partners/v2/gbfs/vancouver_bc/gbfs.json,https://data.lime.bike/api/partners/v2/gbfs/vancouver_bc/free_bike_status,2026-07-06T18:18:00Z,2026-07-06T18:18:00Z
lime_vancouver,lime_vancouver_d5eb9255-4e9d-4835-b806-27cd10975a25,d5eb9255-4e9d-4835-b806-27cd10975a25,49.277277,-123.079721,2,FALSE,FALSE,39880,NA,1783361882,2026-07-06T18:18:03Z,2026-07-06T18:18:03Z,2026-07-06T18:18:03Z,2.2,https://data.lime.bike/api/partners/v2/gbfs/vancouver_bc/gbfs.json,https://data.lime.bike/api/partners/v2/gbfs/vancouver_bc/free_bike_status,2026-07-06T18:18:00Z,2026-07-06T18:18:00Z
lime_vancouver,lime_vancouver_4ee3446b-2c19-41df-81ff-de2f3db47ca9,4ee3446b-2c19-41df-81ff-de2f3db47ca9,49.286352,-123.139937,2,FALSE,FALSE,33651,NA,1783361882,2026-07-06T18:18:03Z,2026-07-06T18:18:03Z,2026-07-06T18:18:03Z,2.2,https://data.lime.bike/api/partners/v2/gbfs/vancouver_bc/gbfs.json,https://data.lime.bike/api/partners/v2/gbfs/vancouver_bc/free_bike_status,2026-07-06T18:18:00Z,2026-07-06T18:18:00Z
lime_vancouver,lime_vancouver_de0423b3-2103-4bee-a878-4cd5fcfc6b38,de0423b3-2103-4bee-a878-4cd5fcfc6b38,49.263458,-123.098857,2,FALSE,FALSE,25122,NA,1783361882,2026-07-06T18:18:03Z,2026-07-06T18:18:03Z,2026-07-06T18:18:03Z,2.2,https://data.lime.bike/api/partners/v2/gbfs/vancouver_bc/gbfs.json,https://data.lime.bike/api/partners/v2/gbfs/vancouver_bc/free_bike_status,2026-07-06T18:18:00Z,2026-07-06T18:18:00Z
lime_vancouver,lime_vancouver_819b183d-325e-4bf8-99e2-71bc9f8da936,819b183d-325e-4bf8-99e2-71bc9f8da936,49.260276,-123.073644,2,FALSE,FALSE,15916,NA,1783361882,2026-07-06T18:18:03Z,2026-07-06T18:18:03Z,2026-07-06T18:18:03Z,2.2,https://data.lime.bike/api/partners/v2/gbfs/vancouver_bc/gbfs.json,https://data.lime.bike/api/partners/v2/gbfs/vancouver_bc/free_bike_status,2026-07-06T18:18:00Z,2026-07-06T18:18:00Z
lime_vancouver,lime_vancouver_3ceed642-18fe-4a01-b736-17312c283d41,3ceed642-18fe-4a01-b736-17312c283d41,49.271844,-123.164757,2,FALSE,FALSE,4796,NA,1783361882,2026-07-06T18:18:03Z,2026-07-06T18:18:03Z,2026-07-06T18:18:03Z,2.2,https://data.lime.bike/api/partners/v2/gbfs/vancouver_bc/gbfs.json,https://data.lime.bike/api/partners/v2/gbfs/vancouver_bc/free_bike_status,2026-07-06T18:18:00Z,2026-07-06T18:18:00Z
lime_vancouver,lime_vancouver_3fe7b1ee-1ec7-4448-ae5d-55b4fa982df3,3fe7b1ee-1ec7-4448-ae5d-55b4fa982df3,49.281721,-123.074171,2,FALSE,FALSE,41940,NA,1783361882,2026-07-06T18:18:03Z,2026-07-06T18:18:03Z,2026-07-06T18:18:03Z,2.2,https://data.lime.bike/api/partners/v2/gbfs/vancouver_bc/gbfs.json,https://data.lime.bike/api/partners/v2/gbfs/vancouver_bc/free_bike_status,2026-07-06T18:18:00Z,2026-07-06T18:18:00Z
lime_vancouver,lime_vancouver_9a3a0421-df8f-4eec-9446-1f264fa005aa,9a3a0421-df8f-4eec-9446-1f264fa005aa,49.271009,-123.155103,2,FALSE,FALSE,9801,NA,1783361882,2026-07-06T18:18:03Z,2026-07-06T18:18:03Z,2026-07-06T18:18:03Z,2.2,https://data.lime.bike/api/partners/v2/gbfs/vancouver_bc/gbfs.json,https://data.lime.bike/api/partners/v2/gbfs/vancouver_bc/free_bike_status,2026-07-06T18:18:00Z,2026-07-06T18:18:00Z
lime_vancouver,lime_vancouver_a77bce2b-597e-4f5d-8b00-4cc7501f13d5,a77bce2b-597e-4f5d-8b00-4cc7501f13d5,49.258737000000004,-123.057148,2,FALSE,FALSE,10268,NA,1783361882,2026-07-06T18:18:03Z,2026-07-06T18:18:03Z,2026-07-06T18:18:03Z,2.2,https://data.lime.bike/api/partners/v2/gbfs/vancouver_bc/gbfs.json,https://data.lime.bike/api/partners/v2/gbfs/vancouver_bc/free_bike_status,2026-07-06T18:18:00Z,2026-07-06T18:18:00Z
lime_vancouver,lime_vancouver_d2248b51-988d-4090-9121-1b3c081116b0,d2248b51-988d-4090-9121-1b3c081116b0,49.273882,-123.144318,2,FALSE,FALSE,23641,NA,1783361882,2026-07-06T18:18:03Z,2026-07-06T18:18:03Z,2026-07-06T18:18:03Z,2.2,https://data.lime.bike/api/partners/v2/gbfs/vancouver_bc/gbfs.json,https://data.lime.bike/api/partners/v2/gbfs/vancouver_bc/free_bike_status,2026-07-06T18:18:00Z,2026-07-06T18:18:00Z
lime_vancouver,lime_vancouver_6555c5ab-353d-436f-b6c0-ae27a95d69bd,6555c5ab-353d-436f-b6c0-ae27a95d69bd,49.270972,-123.155,2,FALSE,FALSE,9334,NA,1783361882,2026-07-06T18:18:03Z,2026-07-06T18:18:03Z,2026-07-06T18:18:03Z,2.2,https://data.lime.bike/api/partners/v2/gbfs/vancouver_bc/gbfs.json,https://data.lime.bike/api/partners/v2/gbfs/vancouver_bc/free_bike_status,2026-07-06T18:18:00Z,2026-07-06T18:18:00Z
lime_vancouver,lime_vancouver_d053a4af-160d-408c-8dab-78653c1802c1,d053a4af-160d-408c-8dab-78653c1802c1,49.244821,-123.045965,2,FALSE,FALSE,19763,NA,1783361882,2026-07-06T18:18:03Z,2026-07-06T18:18:03Z,2026-07-06T18:18:03Z,2.2,https://data.lime.bike/api/partners/v2/gbfs/vancouver_bc/gbfs.json,https://data.lime.bike/api/partners/v2/gbfs/vancouver_bc/free_bike_status,2026-07-06T18:18:00Z,2026-07-06T18:18:00Z
lime_vancouver,lime_vancouver_cfabe5b9-7a8f-4d44-945f-57d2e24ebec1,cfabe5b9-7a8f-4d44-945f-57d2e24ebec1,49.283147,-123.115854,2,FALSE,FALSE,10268,NA,1783361882,2026-07-06T18:18:03Z,2026-07-06T18:18:03Z,2026-07-06T18:18:03Z,2.2,https://data.lime.bike/api/partners/v2/gbfs/vancouver_bc/gbfs.json,https://data.lime.bike/api/partners/v2/gbfs/vancouver_bc/free_bike_status,2026-07-06T18:18:00Z,2026-07-06T18:18:00Z
lime_vancouver,lime_vancouver_d80fb2d8-0483-4d81-8c2f-5fbf8ee058c8,d80fb2d8-0483-4d81-8c2f-5fbf8ee058c8,49.288467,-123.046823,2,FALSE,FALSE,6132,NA,1783361882,2026-07-06T18:18:03Z,2026-07-06T18:18:03Z,2026-07-06T18:18:03Z,2.2,https://data.lime.bike/api/partners/v2/gbfs/vancouver_bc/gbfs.json,https://data.lime.bike/api/partners/v2/gbfs/vancouver_bc/free_bike_status,2026-07-06T18:18:00Z,2026-07-06T18:18:00Z
lime_vancouver,lime_vancouver_227489ca-16f7-4a6d-a455-822f46a6a510,227489ca-16f7-4a6d-a455-822f46a6a510,49.243515,-123.073609,2,FALSE,FALSE,26602,NA,1783361882,2026-07-06T18:18:03Z,2026-07-06T18:18:03Z,2026-07-06T18:18:03Z,2.2,https://data.lime.bike/api/partners/v2/gbfs/vancouver_bc/gbfs.json,https://data.lime.bike/api/partners/v2/gbfs/vancouver_bc/free_bike_status,2026-07-06T18:18:00Z,2026-07-06T18:18:00Z
lime_vancouver,lime_vancouver_cb812620-61de-46ba-be3e-98f81abdc798,cb812620-61de-46ba-be3e-98f81abdc798,49.239796,-123.047064,2,FALSE,FALSE,31624,NA,1783361882,2026-07-06T18:18:03Z,2026-07-06T18:18:03Z,2026-07-06T18:18:03Z,2.2,https://data.lime.bike/api/partners/v2/gbfs/vancouver_bc/gbfs.json,https://data.lime.bike/api/partners/v2/gbfs/vancouver_bc/free_bike_status,2026-07-06T18:18:00Z,2026-07-06T18:18:00Z
lime_vancouver,lime_vancouver_903c66ad-7a34-4971-bf0d-927a5a8cccab,903c66ad-7a34-4971-bf0d-927a5a8cccab,49.269902,-123.13559,2,FALSE,FALSE,30111,NA,1783361882,2026-07-06T18:18:03Z,2026-07-06T18:18:03Z,2026-07-06T18:18:03Z,2.2,https://data.lime.bike/api/partners/v2/gbfs/vancouver_bc/gbfs.json,https://data.lime.bike/api/partners/v2/gbfs/vancouver_bc/free_bike_status,2026-07-06T18:18:00Z,2026-07-06T18:18:00Z
lime_vancouver,lime_vancouver_c5d02ce7-8b39-42bd-810b-963d42447b4f,c5d02ce7-8b39-42bd-810b-963d42447b4f,49.271847,-123.16472,2,FALSE,FALSE,15916,NA,1783361882,2026-07-06T18:18:03Z,2026-07-06T18:18:03Z,2026-07-06T18:18:03Z,2.2,https://data.lime.bike/api/partners/v2/gbfs/vancouver_bc/gbfs.json,https://data.lime.bike/api/partners/v2/gbfs/vancouver_bc/free_bike_status,2026-07-06T18:18:00Z,2026-07-06T18:18:00Z
lime_vancouver,lime_vancouver_0362769a-43d7-48ec-a3e4-26fc9864b6b6,0362769a-43d7-48ec-a3e4-26fc9864b6b6,49.279672,-123.102609,2,FALSE,FALSE,14017,NA,1783361882,2026-07-06T18:18:03Z,2026-07-06T18:18:03Z,2026-07-06T18:18:03Z,2.2,https://data.lime.bike/api/partners/v2/gbfs/vancouver_bc/gbfs.json,https://data.lime.bike/api/partners/v2/gbfs/vancouver_bc/free_bike_status,2026-07-06T18:18:00Z,2026-07-06T18:18:00Z
lime_vancouver,lime_vancouver_8ba3134e-aeb3-4325-aabf-42d462b4a43d,8ba3134e-aeb3-4325-aabf-42d462b4a43d,49.24771,-123.073495,2,FALSE,FALSE,6132,NA,1783361882,2026-07-06T18:18:03Z,2026-07-06T18:18:03Z,2026-07-06T18:18:03Z,2.2,https://data.lime.bike/api/partners/v2/gbfs/vancouver_bc/gbfs.json,https://data.lime.bike/api/partners/v2/gbfs/vancouver_bc/free_bike_status,2026-07-06T18:18:00Z,2026-07-06T18:18:00Z
lime_vancouver,lime_vancouver_7d7aefa7-5a78-4d8a-839f-1fb6c5061f84,7d7aefa7-5a78-4d8a-839f-1fb6c5061f84,49.259298,-123.045376,2,FALSE,FALSE,20246,NA,1783361882,2026-07-06T18:18:03Z,2026-07-06T18:18:03Z,2026-07-06T18:18:03Z,2.2,https://data.lime.bike/api/partners/v2/gbfs/vancouver_bc/gbfs.json,https://data.lime.bike/api/partners/v2/gbfs/vancouver_bc/free_bike_status,2026-07-06T18:18:00Z,2026-07-06T18:18:00Z
lime_vancouver,lime_vancouver_69223858-942c-4098-b419-7c8baf64c47c,69223858-942c-4098-b419-7c8baf64c47c,49.266287,-123.104732,2,FALSE,FALSE,5246,NA,1783361882,2026-07-06T18:18:03Z,2026-07-06T18:18:03Z,2026-07-06T18:18:03Z,2.2,https://data.lime.bike/api/partners/v2/gbfs/vancouver_bc/gbfs.json,https://data.lime.bike/api/partners/v2/gbfs/vancouver_bc/free_bike_status,2026-07-06T18:18:00Z,2026-07-06T18:18:00Z
lime_vancouver,lime_vancouver_af5e98d8-dcde-4bd8-9894-1b158e4bc0c4,af5e98d8-dcde-4bd8-9894-1b158e4bc0c4,49.281889,-123.107464,2,FALSE,FALSE,37787,NA,1783361882,2026-07-06T18:18:03Z,2026-07-06T18:18:03Z,2026-07-06T18:18:03Z,2.2,https://data.lime.bike/api/partners/v2/gbfs/vancouver_bc/gbfs.json,https://data.lime.bike/api/partners/v2/gbfs/vancouver_bc/free_bike_status,2026-07-06T18:18:00Z,2026-07-06T18:18:00Z
lime_vancouver,lime_vancouver_256fda23-9422-492e-b838-8f5ab0dca6a1,256fda23-9422-492e-b838-8f5ab0dca6a1,49.280713,-123.084831,2,FALSE,FALSE,6582,NA,1783361882,2026-07-06T18:18:03Z,2026-07-06T18:18:03Z,2026-07-06T18:18:03Z,2.2,https://data.lime.bike/api/partners/v2/gbfs/vancouver_bc/gbfs.json,https://data.lime.bike/api/partners/v2/gbfs/vancouver_bc/free_bike_status,2026-07-06T18:18:00Z,2026-07-06T18:18:00Z
lime_vancouver,lime_vancouver_eaa0d1fe-2869-47c7-bbdb-2f2d3b5ad5e1,eaa0d1fe-2869-47c7-bbdb-2f2d3b5ad5e1,49.256451,-123.034102,2,FALSE,FALSE,15916,NA,1783361882,2026-07-06T18:18:03Z,2026-07-06T18:18:03Z,2026-07-06T18:18:03Z,2.2,https://data.lime.bike/api/partners/v2/gbfs/vancouver_bc/gbfs.json,https://data.lime.bike/api/partners/v2/gbfs/vancouver_bc/free_bike_status,2026-07-06T18:18:00Z,2026-07-06T18:18:00Z
lime_vancouver,lime_vancouver_79d91b89-bbbb-4a16-a0ee-0eadb8e01d46,79d91b89-bbbb-4a16-a0ee-0eadb8e01d46,49.280226,-123.036663,2,FALSE,FALSE,10734,NA,1783361882,2026-07-06T18:18:03Z,2026-07-06T18:18:03Z,2026-07-06T18:18:03Z,2.2,https://data.lime.bike/api/partners/v2/gbfs/vancouver_bc/gbfs.json,https://data.lime.bike/api/partners/v2/gbfs/vancouver_bc/free_bike_status,2026-07-06T18:18:00Z,2026-07-06T18:18:00Z
lime_vancouver,lime_vancouver_46a963a5-3d31-4089-9944-18c511836f49,46a963a5-3d31-4089-9944-18c511836f49,49.262666,-123.139131,2,FALSE,FALSE,35196,NA,1783361882,2026-07-06T18:18:03Z,2026-07-06T18:18:03Z,2026-07-06T18:18:03Z,2.2,https://data.lime.bike/api/partners/v2/gbfs/vancouver_bc/gbfs.json,https://data.lime.bike/api/partners/v2/gbfs/vancouver_bc/free_bike_status,2026-07-06T18:18:00Z,2026-07-06T18:18:00Z
lime_vancouver,lime_vancouver_6bcefe83-dac1-41bc-aa3e-4dc6809d69bd,6bcefe83-dac1-41bc-aa3e-4dc6809d69bd,49.256422,-123.039255,2,FALSE,FALSE,15450,NA,1783361882,2026-07-06T18:18:03Z,2026-07-06T18:18:03Z,2026-07-06T18:18:03Z,2.2,https://data.lime.bike/api/partners/v2/gbfs/vancouver_bc/gbfs.json,https://data.lime.bike/api/partners/v2/gbfs/vancouver_bc/free_bike_status,2026-07-06T18:18:00Z,2026-07-06T18:18:00Z
lime_vancouver,lime_vancouver_8637fbd3-ba15-4fa3-9c4f-07e85e2518df,8637fbd3-ba15-4fa3-9c4f-07e85e2518df,49.266144,-123.098843,2,FALSE,FALSE,10734,NA,1783361882,2026-07-06T18:18:03Z,2026-07-06T18:18:03Z,2026-07-06T18:18:03Z,2.2,https://data.lime.bike/api/partners/v2/gbfs/vancouver_bc/gbfs.json,https://data.lime.bike/api/partners/v2/gbfs/vancouver_bc/free_bike_status,2026-07-06T18:18:00Z,2026-07-06T18:18:00Z
lime_vancouver,lime_vancouver_9146d075-9f81-4a2f-b9f9-ac593ff21f46,9146d075-9f81-4a2f-b9f9-ac593ff21f46,49.239985,-123.074128,2,FALSE,FALSE,26602,NA,1783361882,2026-07-06T18:18:03Z,2026-07-06T18:18:03Z,2026-07-06T18:18:03Z,2.2,https://data.lime.bike/api/partners/v2/gbfs/vancouver_bc/gbfs.json,https://data.lime.bike/api/partners/v2/gbfs/vancouver_bc/free_bike_status,2026-07-06T18:18:00Z,2026-07-06T18:18:00Z
lime_vancouver,lime_vancouver_7bb739f1-dcb9-4b1f-860b-92e2eb34bbda,7bb739f1-dcb9-4b1f-860b-92e2eb34bbda,49.28375,-123.110448,2,FALSE,FALSE,15916,NA,1783361882,2026-07-06T18:18:03Z,2026-07-06T18:18:03Z,2026-07-06T18:18:03Z,2.2,https://data.lime.bike/api/partners/v2/gbfs/vancouver_bc/gbfs.json,https://data.lime.bike/api/partners/v2/gbfs/vancouver_bc/free_bike_status,2026-07-06T18:18:00Z,2026-07-06T18:18:00Z
lime_vancouver,lime_vancouver_35350c8b-6adb-43fb-bcb5-2e4b648c6736,35350c8b-6adb-43fb-bcb5-2e4b648c6736,49.281952,-123.124006,2,FALSE,FALSE,45528,NA,1783361882,2026-07-06T18:18:03Z,2026-07-06T18:18:03Z,2026-07-06T18:18:03Z,2.2,https://data.lime.bike/api/partners/v2/gbfs/vancouver_bc/gbfs.json,https://data.lime.bike/api/partners/v2/gbfs/vancouver_bc/free_bike_status,2026-07-06T18:18:00Z,2026-07-06T18:18:00Z
lime_vancouver,lime_vancouver_9c4d5bb2-73a9-49d5-b11b-cd4f24a3d509,9c4d5bb2-73a9-49d5-b11b-cd4f24a3d509,49.283026,-123.115432,2,FALSE,FALSE,14017,NA,1783361882,2026-07-06T18:18:03Z,2026-07-06T18:18:03Z,2026-07-06T18:18:03Z,2.2,https://data.lime.bike/api/partners/v2/gbfs/vancouver_bc/gbfs.json,https://data.lime.bike/api/partners/v2/gbfs/vancouver_bc/free_bike_status,2026-07-06T18:18:00Z,2026-07-06T18:18:00Z
lime_vancouver,lime_vancouver_0f7e6c84-be2a-4a13-8c69-7c916a6d37f7,0f7e6c84-be2a-4a13-8c69-7c916a6d37f7,49.246252,-123.033575,2,FALSE,FALSE,3492,NA,1783361882,2026-07-06T18:18:03Z,2026-07-06T18:18:03Z,2026-07-06T18:18:03Z,2.2,https://data.lime.bike/api/partners/v2/gbfs/vancouver_bc/gbfs.json,https://data.lime.bike/api/partners/v2/gbfs/vancouver_bc/free_bike_status,2026-07-06T18:18:00Z,2026-07-06T18:18:00Z
lime_vancouver,lime_vancouver_181854cf-8d8e-4149-8246-22da61f90118,181854cf-8d8e-4149-8246-22da61f90118,49.262398,-123.119973,2,FALSE,FALSE,18797,NA,1783361882,2026-07-06T18:18:03Z,2026-07-06T18:18:03Z,2026-07-06T18:18:03Z,2.2,https://data.lime.bike/api/partners/v2/gbfs/vancouver_bc/gbfs.json,https://data.lime.bike/api/partners/v2/gbfs/vancouver_bc/free_bike_status,2026-07-06T18:18:00Z,2026-07-06T18:18:00Z
lime_vancouver,lime_vancouver_1f5d02d6-c096-4576-9667-9a9deb7a96af,1f5d02d6-c096-4576-9667-9a9deb7a96af,49.264619,-123.148451,2,FALSE,FALSE,24124,NA,1783361882,2026-07-06T18:18:03Z,2026-07-06T18:18:03Z,2026-07-06T18:18:03Z,2.2,https://data.lime.bike/api/partners/v2/gbfs/vancouver_bc/gbfs.json,https://data.lime.bike/api/partners/v2/gbfs/vancouver_bc/free_bike_status,2026-07-06T18:18:00Z,2026-07-06T18:18:00Z
lime_vancouver,lime_vancouver_d7743668-d7b0-4e22-abb5-82bd8eda1042,d7743668-d7b0-4e22-abb5-82bd8eda1042,49.268459,-123.159781,2,FALSE,FALSE,7049,NA,1783361882,2026-07-06T18:18:03Z,2026-07-06T18:18:03Z,2026-07-06T18:18:03Z,2.2,https://data.lime.bike/api/partners/v2/gbfs/vancouver_bc/gbfs.json,https://data.lime.bike/api/partners/v2/gbfs/vancouver_bc/free_bike_status,2026-07-06T18:18:00Z,2026-07-06T18:18:00Z
lime_vancouver,lime_vancouver_e5e298e3-142b-4e74-9253-8e8a63d437bc,e5e298e3-142b-4e74-9253-8e8a63d437bc,49.244804,-123.045977,2,FALSE,FALSE,30610,NA,1783361882,2026-07-06T18:18:03Z,2026-07-06T18:18:03Z,2026-07-06T18:18:03Z,2.2,https://data.lime.bike/api/partners/v2/gbfs/vancouver_bc/gbfs.json,https://data.lime.bike/api/partners/v2/gbfs/vancouver_bc/free_bike_status,2026-07-06T18:18:00Z,2026-07-06T18:18:00Z
lime_vancouver,lime_vancouver_1aa2163e-2c02-4494-858d-1bd3a74ae4d2,1aa2163e-2c02-4494-858d-1bd3a74ae4d2,49.290968,-123.127607,2,FALSE,FALSE,40910,NA,1783361882,2026-07-06T18:18:03Z,2026-07-06T18:18:03Z,2026-07-06T18:18:03Z,2.2,https://data.lime.bike/api/partners/v2/gbfs/vancouver_bc/gbfs.json,https://data.lime.bike/api/partners/v2/gbfs/vancouver_bc/free_bike_status,2026-07-06T18:18:00Z,2026-07-06T18:18:00Z
lime_vancouver,lime_vancouver_d783eb7f-a67e-4fb1-98f1-687b623073e9,d783eb7f-a67e-4fb1-98f1-687b623073e9,49.260334,-123.073641,2,FALSE,FALSE,16399,NA,1783361882,2026-07-06T18:18:03Z,2026-07-06T18:18:03Z,2026-07-06T18:18:03Z,2.2,https://data.lime.bike/api/partners/v2/gbfs/vancouver_bc/gbfs.json,https://data.lime.bike/api/partners/v2/gbfs/vancouver_bc/free_bike_status,2026-07-06T18:18:00Z,2026-07-06T18:18:00Z
lime_vancouver,lime_vancouver_e5449c0a-53f7-4ae1-8bb6-882bb33a0808,e5449c0a-53f7-4ae1-8bb6-882bb33a0808,49.28302,-123.106818,2,FALSE,FALSE,27101,NA,1783361882,2026-07-06T18:18:03Z,2026-07-06T18:18:03Z,2026-07-06T18:18:03Z,2.2,https://data.lime.bike/api/partners/v2/gbfs/vancouver_bc/gbfs.json,https://data.lime.bike/api/partners/v2/gbfs/vancouver_bc/free_bike_status,2026-07-06T18:18:00Z,2026-07-06T18:18:00Z
lime_vancouver,lime_vancouver_4f69a9bc-3d5d-41fd-8094-43e98ada7121,4f69a9bc-3d5d-41fd-8094-43e98ada7121,49.263878,-123.034079,2,FALSE,FALSE,6132,NA,1783361882,2026-07-06T18:18:03Z,2026-07-06T18:18:03Z,2026-07-06T18:18:03Z,2.2,https://data.lime.bike/api/partners/v2/gbfs/vancouver_bc/gbfs.json,https://data.lime.bike/api/partners/v2/gbfs/vancouver_bc/free_bike_status,2026-07-06T18:18:00Z,2026-07-06T18:18:00Z
lime_vancouver,lime_vancouver_93e5eb42-2539-42e5-998d-6bf9695f8929,93e5eb42-2539-42e5-998d-6bf9695f8929,49.269816,-123.135616,2,FALSE,FALSE,11201,NA,1783361882,2026-07-06T18:18:03Z,2026-07-06T18:18:03Z,2026-07-06T18:18:03Z,2.2,https://data.lime.bike/api/partners/v2/gbfs/vancouver_bc/gbfs.json,https://data.lime.bike/api/partners/v2/gbfs/vancouver_bc/free_bike_status,2026-07-06T18:18:00Z,2026-07-06T18:18:00Z
lime_vancouver,lime_vancouver_e883be1b-bde6-4157-8075-ae2683e02f46,e883be1b-bde6-4157-8075-ae2683e02f46,49.283295,-123.11581,2,FALSE,FALSE,43484,NA,1783361882,2026-07-06T18:18:03Z,2026-07-06T18:18:03Z,2026-07-06T18:18:03Z,2.2,https://data.lime.bike/api/partners/v2/gbfs/vancouver_bc/gbfs.json,https://data.lime.bike/api/partners/v2/gbfs/vancouver_bc/free_bike_status,2026-07-06T18:18:00Z,2026-07-06T18:18:00Z
lime_vancouver,lime_vancouver_d0b51fc9-d2a3-4cb1-bdb3-a8349afbf94b,d0b51fc9-d2a3-4cb1-bdb3-a8349afbf94b,49.264653,-123.148457,2,FALSE,FALSE,41425,NA,1783361882,2026-07-06T18:18:03Z,2026-07-06T18:18:03Z,2026-07-06T18:18:03Z,2.2,https://data.lime.bike/api/partners/v2/gbfs/vancouver_bc/gbfs.json,https://data.lime.bike/api/partners/v2/gbfs/vancouver_bc/free_bike_status,2026-07-06T18:18:00Z,2026-07-06T18:18:00Z
lime_vancouver,lime_vancouver_8caad435-7f3a-446c-880c-22fcccd9f0a1,8caad435-7f3a-446c-880c-22fcccd9f0a1,49.283811,-123.120027,2,FALSE,FALSE,20728,NA,1783361882,2026-07-06T18:18:03Z,2026-07-06T18:18:03Z,2026-07-06T18:18:03Z,2.2,https://data.lime.bike/api/partners/v2/gbfs/vancouver_bc/gbfs.json,https://data.lime.bike/api/partners/v2/gbfs/vancouver_bc/free_bike_status,2026-07-06T18:18:00Z,2026-07-06T18:18:00Z
lime_vancouver,lime_vancouver_cd536a7f-9782-4198-bcff-b4c4d8e5f759,cd536a7f-9782-4198-bcff-b4c4d8e5f759,49.265509,-123.14363,2,FALSE,FALSE,39348,NA,1783361882,2026-07-06T18:18:03Z,2026-07-06T18:18:03Z,2026-07-06T18:18:03Z,2.2,https://data.lime.bike/api/partners/v2/gbfs/vancouver_bc/gbfs.json,https://data.lime.bike/api/partners/v2/gbfs/vancouver_bc/free_bike_status,2026-07-06T18:18:00Z,2026-07-06T18:18:00Z
lime_vancouver,lime_vancouver_2bef60e6-79a2-4b9d-9683-c246a21ed311,2bef60e6-79a2-4b9d-9683-c246a21ed311,49.268048,-123.155224,2,FALSE,FALSE,28598,NA,1783361882,2026-07-06T18:18:03Z,2026-07-06T18:18:03Z,2026-07-06T18:18:03Z,2.2,https://data.lime.bike/api/partners/v2/gbfs/vancouver_bc/gbfs.json,https://data.lime.bike/api/partners/v2/gbfs/vancouver_bc/free_bike_status,2026-07-06T18:18:00Z,2026-07-06T18:18:00Z
lime_vancouver,lime_vancouver_eeb46ffa-a9ce-4a86-bdd1-dab0ec20cc40,eeb46ffa-a9ce-4a86-bdd1-dab0ec20cc40,49.264336,-123.081624,2,FALSE,FALSE,33152,NA,1783361882,2026-07-06T18:18:03Z,2026-07-06T18:18:03Z,2026-07-06T18:18:03Z,2.2,https://data.lime.bike/api/partners/v2/gbfs/vancouver_bc/gbfs.json,https://data.lime.bike/api/partners/v2/gbfs/vancouver_bc/free_bike_status,2026-07-06T18:18:00Z,2026-07-06T18:18:00Z
lime_vancouver,lime_vancouver_d3097cb6-fd8a-4995-8a7f-323842077344,d3097cb6-fd8a-4995-8a7f-323842077344,49.26432,-123.08161,2,FALSE,FALSE,44514,NA,1783361882,2026-07-06T18:18:03Z,2026-07-06T18:18:03Z,2026-07-06T18:18:03Z,2.2,https://data.lime.bike/api/partners/v2/gbfs/vancouver_bc/gbfs.json,https://data.lime.bike/api/partners/v2/gbfs/vancouver_bc/free_bike_status,2026-07-06T18:18:00Z,2026-07-06T18:18:00Z
lime_vancouver,lime_vancouver_b15e3882-7701-40d3-8a42-504a50d1f505,b15e3882-7701-40d3-8a42-504a50d1f505,49.283371,-123.115901,2,FALSE,FALSE,34681,NA,1783361882,2026-07-06T18:18:03Z,2026-07-06T18:18:03Z,2026-07-06T18:18:03Z,2.2,https://data.lime.bike/api/partners/v2/gbfs/vancouver_bc/gbfs.json,https://data.lime.bike/api/partners/v2/gbfs/vancouver_bc/free_bike_status,2026-07-06T18:18:00Z,2026-07-06T18:18:00Z
lime_vancouver,lime_vancouver_a2c24c99-b624-4e15-ad2a-9fd0d86d7dc7,a2c24c99-b624-4e15-ad2a-9fd0d86d7dc7,49.271314,-123.146405,2,FALSE,FALSE,40395,NA,1783361882,2026-07-06T18:18:03Z,2026-07-06T18:18:03Z,2026-07-06T18:18:03Z,2.2,https://data.lime.bike/api/partners/v2/gbfs/vancouver_bc/gbfs.json,https://data.lime.bike/api/partners/v2/gbfs/vancouver_bc/free_bike_status,2026-07-06T18:18:00Z,2026-07-06T18:18:00Z
lime_vancouver,lime_vancouver_215cfc1e-c783-4c5b-8ab0-319d90cb85d5,215cfc1e-c783-4c5b-8ab0-319d90cb85d5,49.283312,-123.11596,2,FALSE,FALSE,32139,NA,1783361882,2026-07-06T18:18:03Z,2026-07-06T18:18:03Z,2026-07-06T18:18:03Z,2.2,https://data.lime.bike/api/partners/v2/gbfs/vancouver_bc/gbfs.json,https://data.lime.bike/api/partners/v2/gbfs/vancouver_bc/free_bike_status,2026-07-06T18:18:00Z,2026-07-06T18:18:00Z
lime_vancouver,lime_vancouver_ce33a5ee-829e-4f7f-8891-018890b4600c,ce33a5ee-829e-4f7f-8891-018890b4600c,49.243297,-123.02669,2,FALSE,FALSE,42454,NA,1783361882,2026-07-06T18:18:03Z,2026-07-06T18:18:03Z,2026-07-06T18:18:03Z,2.2,https://data.lime.bike/api/partners/v2/gbfs/vancouver_bc/gbfs.json,https://data.lime.bike/api/partners/v2/gbfs/vancouver_bc/free_bike_status,2026-07-06T18:18:00Z,2026-07-06T18:18:00Z
lime_vancouver,lime_vancouver_74ac8c58-ef58-41bb-b350-1baceec9020f,74ac8c58-ef58-41bb-b350-1baceec9020f,49.24982,-123.036495,2,FALSE,FALSE,43999,NA,1783361882,2026-07-06T18:18:03Z,2026-07-06T18:18:03Z,2026-07-06T18:18:03Z,2.2,https://data.lime.bike/api/partners/v2/gbfs/vancouver_bc/gbfs.json,https://data.lime.bike/api/partners/v2/gbfs/vancouver_bc/free_bike_status,2026-07-06T18:18:00Z,2026-07-06T18:18:00Z
lime_vancouver,lime_vancouver_739e4465-414a-4432-93f4-14c808e7c8f8,739e4465-414a-4432-93f4-14c808e7c8f8,49.239809,-123.047115,2,FALSE,FALSE,17832,NA,1783361882,2026-07-06T18:18:03Z,2026-07-06T18:18:03Z,2026-07-06T18:18:03Z,2.2,https://data.lime.bike/api/partners/v2/gbfs/vancouver_bc/gbfs.json,https://data.lime.bike/api/partners/v2/gbfs/vancouver_bc/free_bike_status,2026-07-06T18:18:00Z,2026-07-06T18:18:00Z
lime_vancouver,lime_vancouver_becdf162-1309-48bc-a264-805f248973e7,becdf162-1309-48bc-a264-805f248973e7,49.264663,-123.148518,2,FALSE,FALSE,25605,NA,1783361882,2026-07-06T18:18:03Z,2026-07-06T18:18:03Z,2026-07-06T18:18:03Z,2.2,https://data.lime.bike/api/partners/v2/gbfs/vancouver_bc/gbfs.json,https://data.lime.bike/api/partners/v2/gbfs/vancouver_bc/free_bike_status,2026-07-06T18:18:00Z,2026-07-06T18:18:00Z
lime_vancouver,lime_vancouver_74bd20de-79fe-4c8f-847e-d2ac645e72a1,74bd20de-79fe-4c8f-847e-d2ac645e72a1,49.281794,-123.107112,2,FALSE,FALSE,38833,NA,1783361882,2026-07-06T18:18:03Z,2026-07-06T18:18:03Z,2026-07-06T18:18:03Z,2.2,https://data.lime.bike/api/partners/v2/gbfs/vancouver_bc/gbfs.json,https://data.lime.bike/api/partners/v2/gbfs/vancouver_bc/free_bike_status,2026-07-06T18:18:00Z,2026-07-06T18:18:00Z
lime_vancouver,lime_vancouver_fc5e61b4-481e-412f-8210-709868d132c3,fc5e61b4-481e-412f-8210-709868d132c3,49.286593,-123.121688,2,FALSE,FALSE,33651,NA,1783361882,2026-07-06T18:18:03Z,2026-07-06T18:18:03Z,2026-07-06T18:18:03Z,2.2,https://data.lime.bike/api/partners/v2/gbfs/vancouver_bc/gbfs.json,https://data.lime.bike/api/partners/v2/gbfs/vancouver_bc/free_bike_status,2026-07-06T18:18:00Z,2026-07-06T18:18:00Z
lime_vancouver,lime_vancouver_26214bf5-54a2-45ad-9d85-cde7f9afdde2,26214bf5-54a2-45ad-9d85-cde7f9afdde2,49.283752,-123.110569,2,FALSE,FALSE,36226,NA,1783361882,2026-07-06T18:18:03Z,2026-07-06T18:18:03Z,2026-07-06T18:18:03Z,2.2,https://data.lime.bike/api/partners/v2/gbfs/vancouver_bc/gbfs.json,https://data.lime.bike/api/partners/v2/gbfs/vancouver_bc/free_bike_status,2026-07-06T18:18:00Z,2026-07-06T18:18:00Z
lime_vancouver,lime_vancouver_88f04b87-7bc2-4f81-9cb9-fa02189f86c7,88f04b87-7bc2-4f81-9cb9-fa02189f86c7,49.273167,-123.123359,2,FALSE,FALSE,25122,NA,1783361882,2026-07-06T18:18:03Z,2026-07-06T18:18:03Z,2026-07-06T18:18:03Z,2.2,https://data.lime.bike/api/partners/v2/gbfs/vancouver_bc/gbfs.json,https://data.lime.bike/api/partners/v2/gbfs/vancouver_bc/free_bike_status,2026-07-06T18:18:00Z,2026-07-06T18:18:00Z
lime_vancouver,lime_vancouver_6b330634-d9dc-461a-a33e-55702aa41290,6b330634-d9dc-461a-a33e-55702aa41290,49.2603,-123.073603,2,FALSE,FALSE,7500,NA,1783361882,2026-07-06T18:18:03Z,2026-07-06T18:18:03Z,2026-07-06T18:18:03Z,2.2,https://data.lime.bike/api/partners/v2/gbfs/vancouver_bc/gbfs.json,https://data.lime.bike/api/partners/v2/gbfs/vancouver_bc/free_bike_status,2026-07-06T18:18:00Z,2026-07-06T18:18:00Z
lime_vancouver,lime_vancouver_ab333be6-d3ae-4c54-b493-f10fe14ac4cc,ab333be6-d3ae-4c54-b493-f10fe14ac4cc,49.265877,-123.041475,2,FALSE,FALSE,25122,NA,1783361882,2026-07-06T18:18:03Z,2026-07-06T18:18:03Z,2026-07-06T18:18:03Z,2.2,https://data.lime.bike/api/partners/v2/gbfs/vancouver_bc/gbfs.json,https://data.lime.bike/api/partners/v2/gbfs/vancouver_bc/free_bike_status,2026-07-06T18:18:00Z,2026-07-06T18:18:00Z
lime_vancouver,lime_vancouver_7d33c82f-c6cd-4437-a4ab-08a710c945ee,7d33c82f-c6cd-4437-a4ab-08a710c945ee,49.28387,-123.119841,2,FALSE,FALSE,37272,NA,1783361882,2026-07-06T18:18:03Z,2026-07-06T18:18:03Z,2026-07-06T18:18:03Z,2.2,https://data.lime.bike/api/partners/v2/gbfs/vancouver_bc/gbfs.json,https://data.lime.bike/api/partners/v2/gbfs/vancouver_bc/free_bike_status,2026-07-06T18:18:00Z,2026-07-06T18:18:00Z
lime_vancouver,lime_vancouver_c9367379-f78d-4ca5-a36a-786a8b6170cf,c9367379-f78d-4ca5-a36a-786a8b6170cf,49.256442,-123.03957,2,FALSE,FALSE,6582,NA,1783361882,2026-07-06T18:18:03Z,2026-07-06T18:18:03Z,2026-07-06T18:18:03Z,2.2,https://data.lime.bike/api/partners/v2/gbfs/vancouver_bc/gbfs.json,https://data.lime.bike/api/partners/v2/gbfs/vancouver_bc/free_bike_status,2026-07-06T18:18:00Z,2026-07-06T18:18:00Z
lime_vancouver,lime_vancouver_70da825a-4ae0-43ac-8ae6-c185d5c6df28,70da825a-4ae0-43ac-8ae6-c185d5c6df28,49.264652,-123.148639,2,FALSE,FALSE,14017,NA,1783361882,2026-07-06T18:18:03Z,2026-07-06T18:18:03Z,2026-07-06T18:18:03Z,2.2,https://data.lime.bike/api/partners/v2/gbfs/vancouver_bc/gbfs.json,https://data.lime.bike/api/partners/v2/gbfs/vancouver_bc/free_bike_status,2026-07-06T18:18:00Z,2026-07-06T18:18:00Z
lime_vancouver,lime_vancouver_424185db-31d2-4ac1-936d-5e6f92380724,424185db-31d2-4ac1-936d-5e6f92380724,49.256441,-123.039364,2,FALSE,FALSE,7500,NA,1783361882,2026-07-06T18:18:03Z,2026-07-06T18:18:03Z,2026-07-06T18:18:03Z,2.2,https://data.lime.bike/api/partners/v2/gbfs/vancouver_bc/gbfs.json,https://data.lime.bike/api/partners/v2/gbfs/vancouver_bc/free_bike_status,2026-07-06T18:18:00Z,2026-07-06T18:18:00Z
lime_vancouver,lime_vancouver_648f6bed-94eb-4a36-86d2-618a6cad7a68,648f6bed-94eb-4a36-86d2-618a6cad7a68,49.272441,-123.041537,2,FALSE,FALSE,17365,NA,1783361882,2026-07-06T18:18:03Z,2026-07-06T18:18:03Z,2026-07-06T18:18:03Z,2.2,https://data.lime.bike/api/partners/v2/gbfs/vancouver_bc/gbfs.json,https://data.lime.bike/api/partners/v2/gbfs/vancouver_bc/free_bike_status,2026-07-06T18:18:00Z,2026-07-06T18:18:00Z
lime_vancouver,lime_vancouver_2f161c48-c65e-459c-8811-54382606cf19,2f161c48-c65e-459c-8811-54382606cf19,49.286011,-123.120643,2,FALSE,FALSE,7950,NA,1783361882,2026-07-06T18:18:03Z,2026-07-06T18:18:03Z,2026-07-06T18:18:03Z,2.2,https://data.lime.bike/api/partners/v2/gbfs/vancouver_bc/gbfs.json,https://data.lime.bike/api/partners/v2/gbfs/vancouver_bc/free_bike_status,2026-07-06T18:18:00Z,2026-07-06T18:18:00Z
lime_vancouver,lime_vancouver_67a74f2f-21e5-46af-9146-7260f0adb583,67a74f2f-21e5-46af-9146-7260f0adb583,49.286617,-123.126114,2,FALSE,FALSE,26104,NA,1783361882,2026-07-06T18:18:03Z,2026-07-06T18:18:03Z,2026-07-06T18:18:03Z,2.2,https://data.lime.bike/api/partners/v2/gbfs/vancouver_bc/gbfs.json,https://data.lime.bike/api/partners/v2/gbfs/vancouver_bc/free_bike_status,2026-07-06T18:18:00Z,2026-07-06T18:18:00Z
lime_vancouver,lime_vancouver_74573504-1011-440e-9299-d32d076eb8c0,74573504-1011-440e-9299-d32d076eb8c0,49.262473,-123.119857,2,FALSE,FALSE,32637,NA,1783361882,2026-07-06T18:18:03Z,2026-07-06T18:18:03Z,2026-07-06T18:18:03Z,2.2,https://data.lime.bike/api/partners/v2/gbfs/vancouver_bc/gbfs.json,https://data.lime.bike/api/partners/v2/gbfs/vancouver_bc/free_bike_status,2026-07-06T18:18:00Z,2026-07-06T18:18:00Z
lime_vancouver,lime_vancouver_99c23466-76ae-4c7e-b42c-1b6a8b002e80,99c23466-76ae-4c7e-b42c-1b6a8b002e80,49.264669,-123.148484,2,FALSE,FALSE,25122,NA,1783361882,2026-07-06T18:18:03Z,2026-07-06T18:18:03Z,2026-07-06T18:18:03Z,2.2,https://data.lime.bike/api/partners/v2/gbfs/vancouver_bc/gbfs.json,https://data.lime.bike/api/partners/v2/gbfs/vancouver_bc/free_bike_status,2026-07-06T18:18:00Z,2026-07-06T18:18:00Z
lime_vancouver,lime_vancouver_0903a844-fe76-4ffd-8699-f9d870d59e3d,0903a844-fe76-4ffd-8699-f9d870d59e3d,49.239965,-123.074147,2,FALSE,FALSE,36741,NA,1783361882,2026-07-06T18:18:03Z,2026-07-06T18:18:03Z,2026-07-06T18:18:03Z,2.2,https://data.lime.bike/api/partners/v2/gbfs/vancouver_bc/gbfs.json,https://data.lime.bike/api/partners/v2/gbfs/vancouver_bc/free_bike_status,2026-07-06T18:18:00Z,2026-07-06T18:18:00Z
lime_vancouver,lime_vancouver_9b7f19ce-499b-44b9-a672-dfb44085370f,9b7f19ce-499b-44b9-a672-dfb44085370f,49.274083,-123.028663,2,FALSE,FALSE,16882,NA,1783361882,2026-07-06T18:18:03Z,2026-07-06T18:18:03Z,2026-07-06T18:18:03Z,2.2,https://data.lime.bike/api/partners/v2/gbfs/vancouver_bc/gbfs.json,https://data.lime.bike/api/partners/v2/gbfs/vancouver_bc/free_bike_status,2026-07-06T18:18:00Z,2026-07-06T18:18:00Z
lime_vancouver,lime_vancouver_9c4a0341-f4b1-4d26-aee7-0fb5ab3f8531,9c4a0341-f4b1-4d26-aee7-0fb5ab3f8531,49.283387,-123.102256,2,FALSE,FALSE,8884,NA,1783361882,2026-07-06T18:18:03Z,2026-07-06T18:18:03Z,2026-07-06T18:18:03Z,2.2,https://data.lime.bike/api/partners/v2/gbfs/vancouver_bc/gbfs.json,https://data.lime.bike/api/partners/v2/gbfs/vancouver_bc/free_bike_status,2026-07-06T18:18:00Z,2026-07-06T18:18:00Z
lime_vancouver,lime_vancouver_ca8e8315-adac-4ac4-b2d1-72c7e7721a12,ca8e8315-adac-4ac4-b2d1-72c7e7721a12,49.280761,-123.112001,2,FALSE,FALSE,12601,NA,1783361882,2026-07-06T18:18:03Z,2026-07-06T18:18:03Z,2026-07-06T18:18:03Z,2.2,https://data.lime.bike/api/partners/v2/gbfs/vancouver_bc/gbfs.json,https://data.lime.bike/api/partners/v2/gbfs/vancouver_bc/free_bike_status,2026-07-06T18:18:00Z,2026-07-06T18:18:00Z
lime_vancouver,lime_vancouver_c925a878-41b8-4d3b-b4db-e0c2d29264ee,c925a878-41b8-4d3b-b4db-e0c2d29264ee,49.271844,-123.164713,2,FALSE,FALSE,20246,NA,1783361882,2026-07-06T18:18:03Z,2026-07-06T18:18:03Z,2026-07-06T18:18:03Z,2.2,https://data.lime.bike/api/partners/v2/gbfs/vancouver_bc/gbfs.json,https://data.lime.bike/api/partners/v2/gbfs/vancouver_bc/free_bike_status,2026-07-06T18:18:00Z,2026-07-06T18:18:00Z
lime_vancouver,lime_vancouver_f1aa0993-dd13-4407-bb9d-802ddbd33237,f1aa0993-dd13-4407-bb9d-802ddbd33237,49.286521,-123.122214,2,FALSE,FALSE,13084,NA,1783361882,2026-07-06T18:18:03Z,2026-07-06T18:18:03Z,2026-07-06T18:18:03Z,2.2,https://data.lime.bike/api/partners/v2/gbfs/vancouver_bc/gbfs.json,https://data.lime.bike/api/partners/v2/gbfs/vancouver_bc/free_bike_status,2026-07-06T18:18:00Z,2026-07-06T18:18:00Z
lime_vancouver,lime_vancouver_dd7207d6-ba4d-422b-986c-b40b6cb045c7,dd7207d6-ba4d-422b-986c-b40b6cb045c7,49.277445,-123.087077,2,FALSE,FALSE,7049,NA,1783361882,2026-07-06T18:18:03Z,2026-07-06T18:18:03Z,2026-07-06T18:18:03Z,2.2,https://data.lime.bike/api/partners/v2/gbfs/vancouver_bc/gbfs.json,https://data.lime.bike/api/partners/v2/gbfs/vancouver_bc/free_bike_status,2026-07-06T18:18:00Z,2026-07-06T18:18:00Z
lime_vancouver,lime_vancouver_3e681ee3-ad3c-4c8a-b0f1-6d11079204f4,3e681ee3-ad3c-4c8a-b0f1-6d11079204f4,49.263998,-123.104938,2,FALSE,FALSE,4796,NA,1783361882,2026-07-06T18:18:03Z,2026-07-06T18:18:03Z,2026-07-06T18:18:03Z,2.2,https://data.lime.bike/api/partners/v2/gbfs/vancouver_bc/gbfs.json,https://data.lime.bike/api/partners/v2/gbfs/vancouver_bc/free_bike_status,2026-07-06T18:18:00Z,2026-07-06T18:18:00Z
lime_vancouver,lime_vancouver_6b3af60d-c896-481a-a57d-b440d1b6cbd5,6b3af60d-c896-481a-a57d-b440d1b6cbd5,49.260183,-123.072589,2,FALSE,FALSE,33152,NA,1783361882,2026-07-06T18:18:03Z,2026-07-06T18:18:03Z,2026-07-06T18:18:03Z,2.2,https://data.lime.bike/api/partners/v2/gbfs/vancouver_bc/gbfs.json,https://data.lime.bike/api/partners/v2/gbfs/vancouver_bc/free_bike_status,2026-07-06T18:18:00Z,2026-07-06T18:18:00Z
lime_vancouver,lime_vancouver_d435f606-2e68-486a-b7f3-13f6de5bcbd9,d435f606-2e68-486a-b7f3-13f6de5bcbd9,49.254088,-123.083617,2,FALSE,FALSE,15450,NA,1783361882,2026-07-06T18:18:03Z,2026-07-06T18:18:03Z,2026-07-06T18:18:03Z,2.2,https://data.lime.bike/api/partners/v2/gbfs/vancouver_bc/gbfs.json,https://data.lime.bike/api/partners/v2/gbfs/vancouver_bc/free_bike_status,2026-07-06T18:18:00Z,2026-07-06T18:18:00Z
lime_vancouver,lime_vancouver_47b6f046-9556-456c-96b8-f8cd22a4a799,47b6f046-9556-456c-96b8-f8cd22a4a799,49.281481,-123.057889,2,FALSE,FALSE,35711,NA,1783361882,2026-07-06T18:18:03Z,2026-07-06T18:18:03Z,2026-07-06T18:18:03Z,2.2,https://data.lime.bike/api/partners/v2/gbfs/vancouver_bc/gbfs.json,https://data.lime.bike/api/partners/v2/gbfs/vancouver_bc/free_bike_status,2026-07-06T18:18:00Z,2026-07-06T18:18:00Z
lime_vancouver,lime_vancouver_0e4a531e-2c9d-4717-b240-ef55e68bac77,0e4a531e-2c9d-4717-b240-ef55e68bac77,49.291825,-123.13822,2,FALSE,FALSE,4361,NA,1783361882,2026-07-06T18:18:03Z,2026-07-06T18:18:03Z,2026-07-06T18:18:03Z,2.2,https://data.lime.bike/api/partners/v2/gbfs/vancouver_bc/gbfs.json,https://data.lime.bike/api/partners/v2/gbfs/vancouver_bc/free_bike_status,2026-07-06T18:18:00Z,2026-07-06T18:18:00Z
lime_vancouver,lime_vancouver_f6a4fa30-a35f-4f4b-af37-7fb4da226e5e,f6a4fa30-a35f-4f4b-af37-7fb4da226e5e,49.269737,-123.135575,2,FALSE,FALSE,40910,NA,1783361882,2026-07-06T18:18:03Z,2026-07-06T18:18:03Z,2026-07-06T18:18:03Z,2.2,https://data.lime.bike/api/partners/v2/gbfs/vancouver_bc/gbfs.json,https://data.lime.bike/api/partners/v2/gbfs/vancouver_bc/free_bike_status,2026-07-06T18:18:00Z,2026-07-06T18:18:00Z
lime_vancouver,lime_vancouver_52aa2b9d-43a9-4096-87e0-d7ee9b146aa6,52aa2b9d-43a9-4096-87e0-d7ee9b146aa6,49.254004,-123.083671,2,FALSE,FALSE,45528,NA,1783361882,2026-07-06T18:18:03Z,2026-07-06T18:18:03Z,2026-07-06T18:18:03Z,2.2,https://data.lime.bike/api/partners/v2/gbfs/vancouver_bc/gbfs.json,https://data.lime.bike/api/partners/v2/gbfs/vancouver_bc/free_bike_status,2026-07-06T18:18:00Z,2026-07-06T18:18:00Z
lime_vancouver,lime_vancouver_6d12c74d-3ed9-4530-81b9-16981bfa4bac,6d12c74d-3ed9-4530-81b9-16981bfa4bac,49.262306,-123.049687,2,FALSE,FALSE,5246,NA,1783361882,2026-07-06T18:18:03Z,2026-07-06T18:18:03Z,2026-07-06T18:18:03Z,2.2,https://data.lime.bike/api/partners/v2/gbfs/vancouver_bc/gbfs.json,https://data.lime.bike/api/partners/v2/gbfs/vancouver_bc/free_bike_status,2026-07-06T18:18:00Z,2026-07-06T18:18:00Z
lime_vancouver,lime_vancouver_41e1a11c-1d18-4a6d-9f44-d3ea6006dfc0,41e1a11c-1d18-4a6d-9f44-d3ea6006dfc0,49.281053,-123.11218,2,FALSE,FALSE,31624,NA,1783361882,2026-07-06T18:18:03Z,2026-07-06T18:18:03Z,2026-07-06T18:18:03Z,2.2,https://data.lime.bike/api/partners/v2/gbfs/vancouver_bc/gbfs.json,https://data.lime.bike/api/partners/v2/gbfs/vancouver_bc/free_bike_status,2026-07-06T18:18:00Z,2026-07-06T18:18:00Z
lime_vancouver,lime_vancouver_6015f37e-5260-4561-a7e2-2565c01f7dc7,6015f37e-5260-4561-a7e2-2565c01f7dc7,49.274077,-123.028682,2,FALSE,FALSE,32637,NA,1783361882,2026-07-06T18:18:03Z,2026-07-06T18:18:03Z,2026-07-06T18:18:03Z,2.2,https://data.lime.bike/api/partners/v2/gbfs/vancouver_bc/gbfs.json,https://data.lime.bike/api/partners/v2/gbfs/vancouver_bc/free_bike_status,2026-07-06T18:18:00Z,2026-07-06T18:18:00Z
lime_vancouver,lime_vancouver_e7929a6c-e943-47cd-9f8c-59f37ed2a7d3,e7929a6c-e943-47cd-9f8c-59f37ed2a7d3,49.271107,-123.135601,2,FALSE,FALSE,39880,NA,1783361882,2026-07-06T18:18:03Z,2026-07-06T18:18:03Z,2026-07-06T18:18:03Z,2.2,https://data.lime.bike/api/partners/v2/gbfs/vancouver_bc/gbfs.json,https://data.lime.bike/api/partners/v2/gbfs/vancouver_bc/free_bike_status,2026-07-06T18:18:00Z,2026-07-06T18:18:00Z
lime_vancouver,lime_vancouver_80d773fb-95df-4baf-8285-d4336020719f,80d773fb-95df-4baf-8285-d4336020719f,49.243505999999996,-123.073609,2,FALSE,FALSE,34681,NA,1783361882,2026-07-06T18:18:03Z,2026-07-06T18:18:03Z,2026-07-06T18:18:03Z,2.2,https://data.lime.bike/api/partners/v2/gbfs/vancouver_bc/gbfs.json,https://data.lime.bike/api/partners/v2/gbfs/vancouver_bc/free_bike_status,2026-07-06T18:18:00Z,2026-07-06T18:18:00Z
lime_vancouver,lime_vancouver_5678ebed-bd29-4cee-9dc2-847bcd2cc4d1,5678ebed-bd29-4cee-9dc2-847bcd2cc4d1,49.283118,-123.106848,2,FALSE,FALSE,11201,NA,1783361882,2026-07-06T18:18:03Z,2026-07-06T18:18:03Z,2026-07-06T18:18:03Z,2.2,https://data.lime.bike/api/partners/v2/gbfs/vancouver_bc/gbfs.json,https://data.lime.bike/api/partners/v2/gbfs/vancouver_bc/free_bike_status,2026-07-06T18:18:00Z,2026-07-06T18:18:00Z
lime_vancouver,lime_vancouver_8e4877c3-a140-4824-9b84-ff0879fba23e,8e4877c3-a140-4824-9b84-ff0879fba23e,49.28201,-123.120636,2,FALSE,FALSE,31125,NA,1783361882,2026-07-06T18:18:03Z,2026-07-06T18:18:03Z,2026-07-06T18:18:03Z,2.2,https://data.lime.bike/api/partners/v2/gbfs/vancouver_bc/gbfs.json,https://data.lime.bike/api/partners/v2/gbfs/vancouver_bc/free_bike_status,2026-07-06T18:18:00Z,2026-07-06T18:18:00Z
lime_vancouver,lime_vancouver_e0a31f4b-b22d-4060-98fd-abe9631fd1c6,e0a31f4b-b22d-4060-98fd-abe9631fd1c6,49.266667,-123.10479,2,FALSE,FALSE,9334,NA,1783361882,2026-07-06T18:18:03Z,2026-07-06T18:18:03Z,2026-07-06T18:18:03Z,2.2,https://data.lime.bike/api/partners/v2/gbfs/vancouver_bc/gbfs.json,https://data.lime.bike/api/partners/v2/gbfs/vancouver_bc/free_bike_status,2026-07-06T18:18:00Z,2026-07-06T18:18:00Z
lime_vancouver,lime_vancouver_f29de081-6789-4a91-a35c-2dbca54c1d80,f29de081-6789-4a91-a35c-2dbca54c1d80,49.287007,-123.12556,2,FALSE,FALSE,36741,NA,1783361882,2026-07-06T18:18:03Z,2026-07-06T18:18:03Z,2026-07-06T18:18:03Z,2.2,https://data.lime.bike/api/partners/v2/gbfs/vancouver_bc/gbfs.json,https://data.lime.bike/api/partners/v2/gbfs/vancouver_bc/free_bike_status,2026-07-06T18:18:00Z,2026-07-06T18:18:00Z
lime_vancouver,lime_vancouver_892c9602-720c-420b-80ba-63db3722179d,892c9602-720c-420b-80ba-63db3722179d,49.279199,-123.04678,2,FALSE,FALSE,44514,NA,1783361882,2026-07-06T18:18:03Z,2026-07-06T18:18:03Z,2026-07-06T18:18:03Z,2.2,https://data.lime.bike/api/partners/v2/gbfs/vancouver_bc/gbfs.json,https://data.lime.bike/api/partners/v2/gbfs/vancouver_bc/free_bike_status,2026-07-06T18:18:00Z,2026-07-06T18:18:00Z
lime_vancouver,lime_vancouver_d31a67ec-4973-4c63-acee-304542dde719,d31a67ec-4973-4c63-acee-304542dde719,49.281857,-123.123537,2,FALSE,FALSE,11668,NA,1783361882,2026-07-06T18:18:03Z,2026-07-06T18:18:03Z,2026-07-06T18:18:03Z,2.2,https://data.lime.bike/api/partners/v2/gbfs/vancouver_bc/gbfs.json,https://data.lime.bike/api/partners/v2/gbfs/vancouver_bc/free_bike_status,2026-07-06T18:18:00Z,2026-07-06T18:18:00Z
lime_vancouver,lime_vancouver_0266cb1f-d79d-424d-a915-6644fc65fa5d,0266cb1f-d79d-424d-a915-6644fc65fa5d,49.290696,-123.13375,2,FALSE,FALSE,16399,NA,1783361882,2026-07-06T18:18:03Z,2026-07-06T18:18:03Z,2026-07-06T18:18:03Z,2.2,https://data.lime.bike/api/partners/v2/gbfs/vancouver_bc/gbfs.json,https://data.lime.bike/api/partners/v2/gbfs/vancouver_bc/free_bike_status,2026-07-06T18:18:00Z,2026-07-06T18:18:00Z
lime_vancouver,lime_vancouver_db7d7121-fe16-4be9-9096-d4f7f46013d3,db7d7121-fe16-4be9-9096-d4f7f46013d3,49.280339,-123.131461,2,FALSE,FALSE,30111,NA,1783361882,2026-07-06T18:18:03Z,2026-07-06T18:18:03Z,2026-07-06T18:18:03Z,2.2,https://data.lime.bike/api/partners/v2/gbfs/vancouver_bc/gbfs.json,https://data.lime.bike/api/partners/v2/gbfs/vancouver_bc/free_bike_status,2026-07-06T18:18:00Z,2026-07-06T18:18:00Z
lime_vancouver,lime_vancouver_7121a233-2fea-4229-a87c-8f937f77c754,7121a233-2fea-4229-a87c-8f937f77c754,49.286977,-123.125724,2,FALSE,FALSE,6582,NA,1783361882,2026-07-06T18:18:03Z,2026-07-06T18:18:03Z,2026-07-06T18:18:03Z,2.2,https://data.lime.bike/api/partners/v2/gbfs/vancouver_bc/gbfs.json,https://data.lime.bike/api/partners/v2/gbfs/vancouver_bc/free_bike_status,2026-07-06T18:18:00Z,2026-07-06T18:18:00Z
lime_vancouver,lime_vancouver_26ad33dd-1df3-48f8-8510-eb5c3dafd6b8,26ad33dd-1df3-48f8-8510-eb5c3dafd6b8,49.261546,-123.087896,2,FALSE,FALSE,9334,NA,1783361882,2026-07-06T18:18:03Z,2026-07-06T18:18:03Z,2026-07-06T18:18:03Z,2.2,https://data.lime.bike/api/partners/v2/gbfs/vancouver_bc/gbfs.json,https://data.lime.bike/api/partners/v2/gbfs/vancouver_bc/free_bike_status,2026-07-06T18:18:00Z,2026-07-06T18:18:00Z
lime_vancouver,lime_vancouver_4c3cad2d-1550-43d5-a885-852192f01edc,4c3cad2d-1550-43d5-a885-852192f01edc,49.266808,-123.049597,2,FALSE,FALSE,7049,NA,1783361882,2026-07-06T18:18:03Z,2026-07-06T18:18:03Z,2026-07-06T18:18:03Z,2.2,https://data.lime.bike/api/partners/v2/gbfs/vancouver_bc/gbfs.json,https://data.lime.bike/api/partners/v2/gbfs/vancouver_bc/free_bike_status,2026-07-06T18:18:00Z,2026-07-06T18:18:00Z
lime_vancouver,lime_vancouver_f95e501f-7852-43d6-8bce-525e25ddeae2,f95e501f-7852-43d6-8bce-525e25ddeae2,49.283078,-123.115639,2,FALSE,FALSE,16399,NA,1783361882,2026-07-06T18:18:03Z,2026-07-06T18:18:03Z,2026-07-06T18:18:03Z,2.2,https://data.lime.bike/api/partners/v2/gbfs/vancouver_bc/gbfs.json,https://data.lime.bike/api/partners/v2/gbfs/vancouver_bc/free_bike_status,2026-07-06T18:18:00Z,2026-07-06T18:18:00Z
lime_vancouver,lime_vancouver_7c935dcf-e903-4f85-a34a-3ba44850f10c,7c935dcf-e903-4f85-a34a-3ba44850f10c,49.281857,-123.120388,2,FALSE,FALSE,12134,NA,1783361882,2026-07-06T18:18:03Z,2026-07-06T18:18:03Z,2026-07-06T18:18:03Z,2.2,https://data.lime.bike/api/partners/v2/gbfs/vancouver_bc/gbfs.json,https://data.lime.bike/api/partners/v2/gbfs/vancouver_bc/free_bike_status,2026-07-06T18:18:00Z,2026-07-06T18:18:00Z
lime_vancouver,lime_vancouver_2d686fe0-9cde-4092-9e0f-d8f24c2479d0,2d686fe0-9cde-4092-9e0f-d8f24c2479d0,49.265287,-123.135789,2,FALSE,FALSE,28598,NA,1783361882,2026-07-06T18:18:03Z,2026-07-06T18:18:03Z,2026-07-06T18:18:03Z,2.2,https://data.lime.bike/api/partners/v2/gbfs/vancouver_bc/gbfs.json,https://data.lime.bike/api/partners/v2/gbfs/vancouver_bc/free_bike_status,2026-07-06T18:18:00Z,2026-07-06T18:18:00Z
lime_vancouver,lime_vancouver_a2b87149-48ab-44ea-9a0b-d3715df3c92d,a2b87149-48ab-44ea-9a0b-d3715df3c92d,49.273805,-123.121141,2,FALSE,FALSE,39348,NA,1783361882,2026-07-06T18:18:03Z,2026-07-06T18:18:03Z,2026-07-06T18:18:03Z,2.2,https://data.lime.bike/api/partners/v2/gbfs/vancouver_bc/gbfs.json,https://data.lime.bike/api/partners/v2/gbfs/vancouver_bc/free_bike_status,2026-07-06T18:18:00Z,2026-07-06T18:18:00Z
lime_vancouver,lime_vancouver_b66103df-7083-4103-b5c2-207cc183df9c,b66103df-7083-4103-b5c2-207cc183df9c,49.271851,-123.164676,2,FALSE,FALSE,8884,NA,1783361882,2026-07-06T18:18:03Z,2026-07-06T18:18:03Z,2026-07-06T18:18:03Z,2.2,https://data.lime.bike/api/partners/v2/gbfs/vancouver_bc/gbfs.json,https://data.lime.bike/api/partners/v2/gbfs/vancouver_bc/free_bike_status,2026-07-06T18:18:00Z,2026-07-06T18:18:00Z
lime_vancouver,lime_vancouver_df7b0d7a-a2b3-43c4-97c7-1860a5d60fc4,df7b0d7a-a2b3-43c4-97c7-1860a5d60fc4,49.266309,-123.104791,2,FALSE,FALSE,29097,NA,1783361882,2026-07-06T18:18:03Z,2026-07-06T18:18:03Z,2026-07-06T18:18:03Z,2.2,https://data.lime.bike/api/partners/v2/gbfs/vancouver_bc/gbfs.json,https://data.lime.bike/api/partners/v2/gbfs/vancouver_bc/free_bike_status,2026-07-06T18:18:00Z,2026-07-06T18:18:00Z
lime_vancouver,lime_vancouver_5cde18ec-7fda-463b-9cd5-af5598b41d6b,5cde18ec-7fda-463b-9cd5-af5598b41d6b,49.239784,-123.047069,2,FALSE,FALSE,9334,NA,1783361882,2026-07-06T18:18:03Z,2026-07-06T18:18:03Z,2026-07-06T18:18:03Z,2.2,https://data.lime.bike/api/partners/v2/gbfs/vancouver_bc/gbfs.json,https://data.lime.bike/api/partners/v2/gbfs/vancouver_bc/free_bike_status,2026-07-06T18:18:00Z,2026-07-06T18:18:00Z
lime_vancouver,lime_vancouver_13df08b1-eed4-48e6-a948-f4972393c036,13df08b1-eed4-48e6-a948-f4972393c036,49.23587,-123.049069,2,FALSE,FALSE,6582,NA,1783361882,2026-07-06T18:18:03Z,2026-07-06T18:18:03Z,2026-07-06T18:18:03Z,2.2,https://data.lime.bike/api/partners/v2/gbfs/vancouver_bc/gbfs.json,https://data.lime.bike/api/partners/v2/gbfs/vancouver_bc/free_bike_status,2026-07-06T18:18:00Z,2026-07-06T18:18:00Z
lime_vancouver,lime_vancouver_b5499b1c-83a9-4b92-9168-da7441c55600,b5499b1c-83a9-4b92-9168-da7441c55600,49.273318,-123.123508,2,FALSE,FALSE,11201,NA,1783361882,2026-07-06T18:18:03Z,2026-07-06T18:18:03Z,2026-07-06T18:18:03Z,2.2,https://data.lime.bike/api/partners/v2/gbfs/vancouver_bc/gbfs.json,https://data.lime.bike/api/partners/v2/gbfs/vancouver_bc/free_bike_status,2026-07-06T18:18:00Z,2026-07-06T18:18:00Z
lime_vancouver,lime_vancouver_c72ecf62-85b1-4f23-9dad-42c2caeeeeb3,c72ecf62-85b1-4f23-9dad-42c2caeeeeb3,49.259288,-123.045334,2,FALSE,FALSE,6132,NA,1783361882,2026-07-06T18:18:03Z,2026-07-06T18:18:03Z,2026-07-06T18:18:03Z,2.2,https://data.lime.bike/api/partners/v2/gbfs/vancouver_bc/gbfs.json,https://data.lime.bike/api/partners/v2/gbfs/vancouver_bc/free_bike_status,2026-07-06T18:18:00Z,2026-07-06T18:18:00Z
lime_vancouver,lime_vancouver_9d290619-0267-4e8c-a5b2-516b24658ba1,9d290619-0267-4e8c-a5b2-516b24658ba1,49.26646,-123.148374,2,FALSE,FALSE,20246,NA,1783361882,2026-07-06T18:18:03Z,2026-07-06T18:18:03Z,2026-07-06T18:18:03Z,2.2,https://data.lime.bike/api/partners/v2/gbfs/vancouver_bc/gbfs.json,https://data.lime.bike/api/partners/v2/gbfs/vancouver_bc/free_bike_status,2026-07-06T18:18:00Z,2026-07-06T18:18:00Z
lime_vancouver,lime_vancouver_aa236537-fd6d-4f1a-b95c-1b8a66728603,aa236537-fd6d-4f1a-b95c-1b8a66728603,49.28186,-123.107206,2,FALSE,FALSE,9801,NA,1783361882,2026-07-06T18:18:03Z,2026-07-06T18:18:03Z,2026-07-06T18:18:03Z,2.2,https://data.lime.bike/api/partners/v2/gbfs/vancouver_bc/gbfs.json,https://data.lime.bike/api/partners/v2/gbfs/vancouver_bc/free_bike_status,2026-07-06T18:18:00Z,2026-07-06T18:18:00Z
lime_vancouver,lime_vancouver_a6f809e6-b841-46ca-9550-33ec547f218b,a6f809e6-b841-46ca-9550-33ec547f218b,49.26542,-123.096729,2,FALSE,FALSE,36741,NA,1783361882,2026-07-06T18:18:03Z,2026-07-06T18:18:03Z,2026-07-06T18:18:03Z,2.2,https://data.lime.bike/api/partners/v2/gbfs/vancouver_bc/gbfs.json,https://data.lime.bike/api/partners/v2/gbfs/vancouver_bc/free_bike_status,2026-07-06T18:18:00Z,2026-07-06T18:18:00Z
lime_vancouver,lime_vancouver_882d37d6-9794-4c54-8619-b391835b4c48,882d37d6-9794-4c54-8619-b391835b4c48,49.24486,-123.045688,2,FALSE,FALSE,38302,NA,1783361882,2026-07-06T18:18:03Z,2026-07-06T18:18:03Z,2026-07-06T18:18:03Z,2.2,https://data.lime.bike/api/partners/v2/gbfs/vancouver_bc/gbfs.json,https://data.lime.bike/api/partners/v2/gbfs/vancouver_bc/free_bike_status,2026-07-06T18:18:00Z,2026-07-06T18:18:00Z
lime_vancouver,lime_vancouver_3fd9fd3b-af69-49f0-9a75-4fe55c56d0ae,3fd9fd3b-af69-49f0-9a75-4fe55c56d0ae,49.269773,-123.135635,2,FALSE,FALSE,3492,NA,1783361882,2026-07-06T18:18:03Z,2026-07-06T18:18:03Z,2026-07-06T18:18:03Z,2.2,https://data.lime.bike/api/partners/v2/gbfs/vancouver_bc/gbfs.json,https://data.lime.bike/api/partners/v2/gbfs/vancouver_bc/free_bike_status,2026-07-06T18:18:00Z,2026-07-06T18:18:00Z
lime_vancouver,lime_vancouver_83472f84-4ea5-4a2c-8f34-6628c97059e4,83472f84-4ea5-4a2c-8f34-6628c97059e4,49.229305,-123.030217,2,FALSE,FALSE,6582,NA,1783361882,2026-07-06T18:18:03Z,2026-07-06T18:18:03Z,2026-07-06T18:18:03Z,2.2,https://data.lime.bike/api/partners/v2/gbfs/vancouver_bc/gbfs.json,https://data.lime.bike/api/partners/v2/gbfs/vancouver_bc/free_bike_status,2026-07-06T18:18:00Z,2026-07-06T18:18:00Z
lime_vancouver,lime_vancouver_3f4d8cc1-73f3-4c15-b9ff-8d45965941fe,3f4d8cc1-73f3-4c15-b9ff-8d45965941fe,49.280262,-123.079239,2,FALSE,FALSE,42454,NA,1783361882,2026-07-06T18:18:03Z,2026-07-06T18:18:03Z,2026-07-06T18:18:03Z,2.2,https://data.lime.bike/api/partners/v2/gbfs/vancouver_bc/gbfs.json,https://data.lime.bike/api/partners/v2/gbfs/vancouver_bc/free_bike_status,2026-07-06T18:18:00Z,2026-07-06T18:18:00Z
lime_vancouver,lime_vancouver_bfd7ba6e-a0df-425f-8314-56b2bc6e4c7c,bfd7ba6e-a0df-425f-8314-56b2bc6e4c7c,49.281067,-123.134273,2,FALSE,FALSE,6132,NA,1783361882,2026-07-06T18:18:03Z,2026-07-06T18:18:03Z,2026-07-06T18:18:03Z,2.2,https://data.lime.bike/api/partners/v2/gbfs/vancouver_bc/gbfs.json,https://data.lime.bike/api/partners/v2/gbfs/vancouver_bc/free_bike_status,2026-07-06T18:18:00Z,2026-07-06T18:18:00Z
lime_vancouver,lime_vancouver_c15027d1-ef4f-4f02-8ec3-dc274d5788ab,c15027d1-ef4f-4f02-8ec3-dc274d5788ab,49.280891,-123.089431,2,FALSE,FALSE,29097,NA,1783361882,2026-07-06T18:18:03Z,2026-07-06T18:18:03Z,2026-07-06T18:18:03Z,2.2,https://data.lime.bike/api/partners/v2/gbfs/vancouver_bc/gbfs.json,https://data.lime.bike/api/partners/v2/gbfs/vancouver_bc/free_bike_status,2026-07-06T18:18:00Z,2026-07-06T18:18:00Z
lime_vancouver,lime_vancouver_390de96c-0eb6-418a-99b6-c2f08b46a177,390de96c-0eb6-418a-99b6-c2f08b46a177,49.266392,-123.148363,2,FALSE,FALSE,47073,NA,1783361882,2026-07-06T18:18:03Z,2026-07-06T18:18:03Z,2026-07-06T18:18:03Z,2.2,https://data.lime.bike/api/partners/v2/gbfs/vancouver_bc/gbfs.json,https://data.lime.bike/api/partners/v2/gbfs/vancouver_bc/free_bike_status,2026-07-06T18:18:00Z,2026-07-06T18:18:00Z
lime_vancouver,lime_vancouver_3fca9b5a-29fd-49fe-8164-f016bb8bfc1a,3fca9b5a-29fd-49fe-8164-f016bb8bfc1a,49.269725,-123.135527,2,FALSE,FALSE,27600,NA,1783361882,2026-07-06T18:18:03Z,2026-07-06T18:18:03Z,2026-07-06T18:18:03Z,2.2,https://data.lime.bike/api/partners/v2/gbfs/vancouver_bc/gbfs.json,https://data.lime.bike/api/partners/v2/gbfs/vancouver_bc/free_bike_status,2026-07-06T18:18:00Z,2026-07-06T18:18:00Z
lime_vancouver,lime_vancouver_797af566-63b1-471a-af0f-fa75e021cba9,797af566-63b1-471a-af0f-fa75e021cba9,49.235399,-123.030951,2,FALSE,FALSE,11668,NA,1783361882,2026-07-06T18:18:03Z,2026-07-06T18:18:03Z,2026-07-06T18:18:03Z,2.2,https://data.lime.bike/api/partners/v2/gbfs/vancouver_bc/gbfs.json,https://data.lime.bike/api/partners/v2/gbfs/vancouver_bc/free_bike_status,2026-07-06T18:18:00Z,2026-07-06T18:18:00Z
lime_vancouver,lime_vancouver_b54a9e3f-f34d-47e8-97ee-6634a5e06833,b54a9e3f-f34d-47e8-97ee-6634a5e06833,49.274074,-123.028643,2,FALSE,FALSE,30111,NA,1783361882,2026-07-06T18:18:03Z,2026-07-06T18:18:03Z,2026-07-06T18:18:03Z,2.2,https://data.lime.bike/api/partners/v2/gbfs/vancouver_bc/gbfs.json,https://data.lime.bike/api/partners/v2/gbfs/vancouver_bc/free_bike_status,2026-07-06T18:18:00Z,2026-07-06T18:18:00Z
lime_vancouver,lime_vancouver_286e2c1e-7956-41b7-8fe5-8c4f0017f8f5,286e2c1e-7956-41b7-8fe5-8c4f0017f8f5,49.260308,-123.073595,2,FALSE,FALSE,29612,NA,1783361882,2026-07-06T18:18:03Z,2026-07-06T18:18:03Z,2026-07-06T18:18:03Z,2.2,https://data.lime.bike/api/partners/v2/gbfs/vancouver_bc/gbfs.json,https://data.lime.bike/api/partners/v2/gbfs/vancouver_bc/free_bike_status,2026-07-06T18:18:00Z,2026-07-06T18:18:00Z
lime_vancouver,lime_vancouver_0f23b5aa-f360-4d7b-8169-fd7891d0b55d,0f23b5aa-f360-4d7b-8169-fd7891d0b55d,49.283101,-123.115448,2,FALSE,FALSE,15916,NA,1783361882,2026-07-06T18:18:03Z,2026-07-06T18:18:03Z,2026-07-06T18:18:03Z,2.2,https://data.lime.bike/api/partners/v2/gbfs/vancouver_bc/gbfs.json,https://data.lime.bike/api/partners/v2/gbfs/vancouver_bc/free_bike_status,2026-07-06T18:18:00Z,2026-07-06T18:18:00Z
lime_vancouver,lime_vancouver_750fa632-2ff7-4fad-80c4-6efffcccd224,750fa632-2ff7-4fad-80c4-6efffcccd224,49.263293,-123.062028,2,FALSE,FALSE,12134,NA,1783361882,2026-07-06T18:18:03Z,2026-07-06T18:18:03Z,2026-07-06T18:18:03Z,2.2,https://data.lime.bike/api/partners/v2/gbfs/vancouver_bc/gbfs.json,https://data.lime.bike/api/partners/v2/gbfs/vancouver_bc/free_bike_status,2026-07-06T18:18:00Z,2026-07-06T18:18:00Z
lime_vancouver,lime_vancouver_0afa665e-79e9-4f35-864b-0045d306ffa2,0afa665e-79e9-4f35-864b-0045d306ffa2,49.266267,-123.104696,2,FALSE,FALSE,21694,NA,1783361882,2026-07-06T18:18:03Z,2026-07-06T18:18:03Z,2026-07-06T18:18:03Z,2.2,https://data.lime.bike/api/partners/v2/gbfs/vancouver_bc/gbfs.json,https://data.lime.bike/api/partners/v2/gbfs/vancouver_bc/free_bike_status,2026-07-06T18:18:00Z,2026-07-06T18:18:00Z
lime_vancouver,lime_vancouver_6123c0b3-1688-42e0-94b2-0a3fd7e957e0,6123c0b3-1688-42e0-94b2-0a3fd7e957e0,49.269835,-123.135588,2,FALSE,FALSE,45013,NA,1783361882,2026-07-06T18:18:03Z,2026-07-06T18:18:03Z,2026-07-06T18:18:03Z,2.2,https://data.lime.bike/api/partners/v2/gbfs/vancouver_bc/gbfs.json,https://data.lime.bike/api/partners/v2/gbfs/vancouver_bc/free_bike_status,2026-07-06T18:18:00Z,2026-07-06T18:18:00Z
lime_vancouver,lime_vancouver_95da6020-2b62-4c58-be73-23e086cd5311,95da6020-2b62-4c58-be73-23e086cd5311,49.262691,-123.14629,2,FALSE,FALSE,12134,NA,1783361882,2026-07-06T18:18:03Z,2026-07-06T18:18:03Z,2026-07-06T18:18:03Z,2.2,https://data.lime.bike/api/partners/v2/gbfs/vancouver_bc/gbfs.json,https://data.lime.bike/api/partners/v2/gbfs/vancouver_bc/free_bike_status,2026-07-06T18:18:00Z,2026-07-06T18:18:00Z
lime_vancouver,lime_vancouver_2b482d95-2ec6-45d4-8d0c-b2878fe83635,2b482d95-2ec6-45d4-8d0c-b2878fe83635,49.273954,-123.125155,2,FALSE,FALSE,37787,NA,1783361882,2026-07-06T18:18:03Z,2026-07-06T18:18:03Z,2026-07-06T18:18:03Z,2.2,https://data.lime.bike/api/partners/v2/gbfs/vancouver_bc/gbfs.json,https://data.lime.bike/api/partners/v2/gbfs/vancouver_bc/free_bike_status,2026-07-06T18:18:00Z,2026-07-06T18:18:00Z
lime_vancouver,lime_vancouver_a7bc1a4a-07bc-4d6a-bb26-eaa00654887b,a7bc1a4a-07bc-4d6a-bb26-eaa00654887b,49.26529,-123.135765,2,FALSE,FALSE,10734,NA,1783361882,2026-07-06T18:18:03Z,2026-07-06T18:18:03Z,2026-07-06T18:18:03Z,2.2,https://data.lime.bike/api/partners/v2/gbfs/vancouver_bc/gbfs.json,https://data.lime.bike/api/partners/v2/gbfs/vancouver_bc/free_bike_status,2026-07-06T18:18:00Z,2026-07-06T18:18:00Z
lime_vancouver,lime_vancouver_0e1772f6-4b69-4ad7-8858-1e84d8b0fffd,0e1772f6-4b69-4ad7-8858-1e84d8b0fffd,49.281505,-123.057906,2,FALSE,FALSE,14967,NA,1783361882,2026-07-06T18:18:03Z,2026-07-06T18:18:03Z,2026-07-06T18:18:03Z,2.2,https://data.lime.bike/api/partners/v2/gbfs/vancouver_bc/gbfs.json,https://data.lime.bike/api/partners/v2/gbfs/vancouver_bc/free_bike_status,2026-07-06T18:18:00Z,2026-07-06T18:18:00Z
lime_vancouver,lime_vancouver_50ee5fa1-a347-4ede-bf6c-48d835f6f031,50ee5fa1-a347-4ede-bf6c-48d835f6f031,49.235847,-123.055225,2,FALSE,FALSE,30610,NA,1783361882,2026-07-06T18:18:03Z,2026-07-06T18:18:03Z,2026-07-06T18:18:03Z,2.2,https://data.lime.bike/api/partners/v2/gbfs/vancouver_bc/gbfs.json,https://data.lime.bike/api/partners/v2/gbfs/vancouver_bc/free_bike_status,2026-07-06T18:18:00Z,2026-07-06T18:18:00Z
lime_vancouver,lime_vancouver_53f6b378-f060-4e89-8491-d9c7463c837b,53f6b378-f060-4e89-8491-d9c7463c837b,49.232584,-123.051746,2,FALSE,FALSE,33152,NA,1783361882,2026-07-06T18:18:03Z,2026-07-06T18:18:03Z,2026-07-06T18:18:03Z,2.2,https://data.lime.bike/api/partners/v2/gbfs/vancouver_bc/gbfs.json,https://data.lime.bike/api/partners/v2/gbfs/vancouver_bc/free_bike_status,2026-07-06T18:18:00Z,2026-07-06T18:18:00Z
lime_vancouver,lime_vancouver_713e05c4-f3c8-49b5-9d4a-3daacc52798e,713e05c4-f3c8-49b5-9d4a-3daacc52798e,49.228478,-123.058753,2,FALSE,FALSE,27600,NA,1783361882,2026-07-06T18:18:03Z,2026-07-06T18:18:03Z,2026-07-06T18:18:03Z,2.2,https://data.lime.bike/api/partners/v2/gbfs/vancouver_bc/gbfs.json,https://data.lime.bike/api/partners/v2/gbfs/vancouver_bc/free_bike_status,2026-07-06T18:18:00Z,2026-07-06T18:18:00Z
lime_vancouver,lime_vancouver_d33211d3-6220-4e73-b192-dfa653d4f269,d33211d3-6220-4e73-b192-dfa653d4f269,49.267795,-123.069372,2,FALSE,FALSE,15916,NA,1783361882,2026-07-06T18:18:03Z,2026-07-06T18:18:03Z,2026-07-06T18:18:03Z,2.2,https://data.lime.bike/api/partners/v2/gbfs/vancouver_bc/gbfs.json,https://data.lime.bike/api/partners/v2/gbfs/vancouver_bc/free_bike_status,2026-07-06T18:18:00Z,2026-07-06T18:18:00Z
lime_vancouver,lime_vancouver_6d39df9f-a8a5-4a49-a510-06228fdf4b3d,6d39df9f-a8a5-4a49-a510-06228fdf4b3d,49.247697,-123.073441,2,FALSE,FALSE,37272,NA,1783361882,2026-07-06T18:18:03Z,2026-07-06T18:18:03Z,2026-07-06T18:18:03Z,2.2,https://data.lime.bike/api/partners/v2/gbfs/vancouver_bc/gbfs.json,https://data.lime.bike/api/partners/v2/gbfs/vancouver_bc/free_bike_status,2026-07-06T18:18:00Z,2026-07-06T18:18:00Z
lime_vancouver,lime_vancouver_56700066-896e-4a5d-9867-def7c1eca95d,56700066-896e-4a5d-9867-def7c1eca95d,49.280921,-123.112102,2,FALSE,FALSE,15450,NA,1783361882,2026-07-06T18:18:03Z,2026-07-06T18:18:03Z,2026-07-06T18:18:03Z,2.2,https://data.lime.bike/api/partners/v2/gbfs/vancouver_bc/gbfs.json,https://data.lime.bike/api/partners/v2/gbfs/vancouver_bc/free_bike_status,2026-07-06T18:18:00Z,2026-07-06T18:18:00Z
lime_vancouver,lime_vancouver_be42c34a-da09-477b-a7a2-8c7ad0d2bf04,be42c34a-da09-477b-a7a2-8c7ad0d2bf04,49.268315,-123.104631,2,FALSE,FALSE,7049,NA,1783361882,2026-07-06T18:18:03Z,2026-07-06T18:18:03Z,2026-07-06T18:18:03Z,2.2,https://data.lime.bike/api/partners/v2/gbfs/vancouver_bc/gbfs.json,https://data.lime.bike/api/partners/v2/gbfs/vancouver_bc/free_bike_status,2026-07-06T18:18:00Z,2026-07-06T18:18:00Z
lime_vancouver,lime_vancouver_dfdc710f-7037-4fcb-bc50-9af5b79fb926,dfdc710f-7037-4fcb-bc50-9af5b79fb926,49.266723,-123.109447,2,FALSE,FALSE,10268,NA,1783361882,2026-07-06T18:18:03Z,2026-07-06T18:18:03Z,2026-07-06T18:18:03Z,2.2,https://data.lime.bike/api/partners/v2/gbfs/vancouver_bc/gbfs.json,https://data.lime.bike/api/partners/v2/gbfs/vancouver_bc/free_bike_status,2026-07-06T18:18:00Z,2026-07-06T18:18:00Z
lime_vancouver,lime_vancouver_3730909b-cc22-4087-98ba-d9956c4b1256,3730909b-cc22-4087-98ba-d9956c4b1256,49.283222,-123.115669,2,FALSE,FALSE,45528,NA,1783361882,2026-07-06T18:18:03Z,2026-07-06T18:18:03Z,2026-07-06T18:18:03Z,2.2,https://data.lime.bike/api/partners/v2/gbfs/vancouver_bc/gbfs.json,https://data.lime.bike/api/partners/v2/gbfs/vancouver_bc/free_bike_status,2026-07-06T18:18:00Z,2026-07-06T18:18:00Z
lime_vancouver,lime_vancouver_5b36015f-a5f0-41cc-8036-edf4528df14c,5b36015f-a5f0-41cc-8036-edf4528df14c,49.2714,-123.146344,2,FALSE,FALSE,29612,NA,1783361882,2026-07-06T18:18:03Z,2026-07-06T18:18:03Z,2026-07-06T18:18:03Z,2.2,https://data.lime.bike/api/partners/v2/gbfs/vancouver_bc/gbfs.json,https://data.lime.bike/api/partners/v2/gbfs/vancouver_bc/free_bike_status,2026-07-06T18:18:00Z,2026-07-06T18:18:00Z
lime_vancouver,lime_vancouver_8b28c256-0f8e-4c21-a9e5-bfb04266552c,8b28c256-0f8e-4c21-a9e5-bfb04266552c,49.237427,-123.036237,2,FALSE,FALSE,46043,NA,1783361882,2026-07-06T18:18:03Z,2026-07-06T18:18:03Z,2026-07-06T18:18:03Z,2.2,https://data.lime.bike/api/partners/v2/gbfs/vancouver_bc/gbfs.json,https://data.lime.bike/api/partners/v2/gbfs/vancouver_bc/free_bike_status,2026-07-06T18:18:00Z,2026-07-06T18:18:00Z
lime_vancouver,lime_vancouver_c481cf06-9555-4a75-bd5a-9ab680ccee58,c481cf06-9555-4a75-bd5a-9ab680ccee58,49.232894,-123.074226,2,FALSE,FALSE,6132,NA,1783361882,2026-07-06T18:18:03Z,2026-07-06T18:18:03Z,2026-07-06T18:18:03Z,2.2,https://data.lime.bike/api/partners/v2/gbfs/vancouver_bc/gbfs.json,https://data.lime.bike/api/partners/v2/gbfs/vancouver_bc/free_bike_status,2026-07-06T18:18:00Z,2026-07-06T18:18:00Z
lime_vancouver,lime_vancouver_904a2304-ffa8-42ef-8c57-9e8f2539a6ba,904a2304-ffa8-42ef-8c57-9e8f2539a6ba,49.271327,-123.067345,2,FALSE,FALSE,17365,NA,1783361882,2026-07-06T18:18:03Z,2026-07-06T18:18:03Z,2026-07-06T18:18:03Z,2.2,https://data.lime.bike/api/partners/v2/gbfs/vancouver_bc/gbfs.json,https://data.lime.bike/api/partners/v2/gbfs/vancouver_bc/free_bike_status,2026-07-06T18:18:00Z,2026-07-06T18:18:00Z
lime_vancouver,lime_vancouver_a0688393-72f0-4be4-9f5e-258b1b1cacca,a0688393-72f0-4be4-9f5e-258b1b1cacca,49.271211,-123.049536,2,FALSE,FALSE,11668,NA,1783361882,2026-07-06T18:18:03Z,2026-07-06T18:18:03Z,2026-07-06T18:18:03Z,2.2,https://data.lime.bike/api/partners/v2/gbfs/vancouver_bc/gbfs.json,https://data.lime.bike/api/partners/v2/gbfs/vancouver_bc/free_bike_status,2026-07-06T18:18:00Z,2026-07-06T18:18:00Z
lime_vancouver,lime_vancouver_28692aff-c452-4f8f-9a82-981fd4a0217b,28692aff-c452-4f8f-9a82-981fd4a0217b,49.235844,-123.055177,2,FALSE,FALSE,35196,NA,1783361882,2026-07-06T18:18:03Z,2026-07-06T18:18:03Z,2026-07-06T18:18:03Z,2.2,https://data.lime.bike/api/partners/v2/gbfs/vancouver_bc/gbfs.json,https://data.lime.bike/api/partners/v2/gbfs/vancouver_bc/free_bike_status,2026-07-06T18:18:00Z,2026-07-06T18:18:00Z
lime_vancouver,lime_vancouver_a07fd5fd-af15-4b45-94ed-e88f5f16e5bb,a07fd5fd-af15-4b45-94ed-e88f5f16e5bb,49.273113,-123.069267,2,FALSE,FALSE,37787,NA,1783361882,2026-07-06T18:18:03Z,2026-07-06T18:18:03Z,2026-07-06T18:18:03Z,2.2,https://data.lime.bike/api/partners/v2/gbfs/vancouver_bc/gbfs.json,https://data.lime.bike/api/partners/v2/gbfs/vancouver_bc/free_bike_status,2026-07-06T18:18:00Z,2026-07-06T18:18:00Z
lime_vancouver,lime_vancouver_99d09a76-c77a-484d-accd-da5dcd60b5a2,99d09a76-c77a-484d-accd-da5dcd60b5a2,49.274082,-123.028649,2,FALSE,FALSE,5697,NA,1783361882,2026-07-06T18:18:03Z,2026-07-06T18:18:03Z,2026-07-06T18:18:03Z,2.2,https://data.lime.bike/api/partners/v2/gbfs/vancouver_bc/gbfs.json,https://data.lime.bike/api/partners/v2/gbfs/vancouver_bc/free_bike_status,2026-07-06T18:18:00Z,2026-07-06T18:18:00Z
lime_vancouver,lime_vancouver_f48c0eee-5a3e-404d-8c28-8ef3e649b538,f48c0eee-5a3e-404d-8c28-8ef3e649b538,49.238803,-123.026937,2,FALSE,FALSE,17365,NA,1783361882,2026-07-06T18:18:03Z,2026-07-06T18:18:03Z,2026-07-06T18:18:03Z,2.2,https://data.lime.bike/api/partners/v2/gbfs/vancouver_bc/gbfs.json,https://data.lime.bike/api/partners/v2/gbfs/vancouver_bc/free_bike_status,2026-07-06T18:18:00Z,2026-07-06T18:18:00Z
lime_vancouver,lime_vancouver_3b49be68-c2d3-4263-b74d-1be9bd95fea6,3b49be68-c2d3-4263-b74d-1be9bd95fea6,49.283654,-123.112667,2,FALSE,FALSE,35711,NA,1783361882,2026-07-06T18:18:03Z,2026-07-06T18:18:03Z,2026-07-06T18:18:03Z,2.2,https://data.lime.bike/api/partners/v2/gbfs/vancouver_bc/gbfs.json,https://data.lime.bike/api/partners/v2/gbfs/vancouver_bc/free_bike_status,2026-07-06T18:18:00Z,2026-07-06T18:18:00Z
lime_vancouver,lime_vancouver_8be3c10c-635d-4e17-9d7e-76a237e8ee32,8be3c10c-635d-4e17-9d7e-76a237e8ee32,49.281646,-123.119897,2,FALSE,FALSE,14967,NA,1783361882,2026-07-06T18:18:03Z,2026-07-06T18:18:03Z,2026-07-06T18:18:03Z,2.2,https://data.lime.bike/api/partners/v2/gbfs/vancouver_bc/gbfs.json,https://data.lime.bike/api/partners/v2/gbfs/vancouver_bc/free_bike_status,2026-07-06T18:18:00Z,2026-07-06T18:18:00Z
lime_vancouver,lime_vancouver_4f860667-67a8-4707-8c74-ed4d8ea57658,4f860667-67a8-4707-8c74-ed4d8ea57658,49.271172,-123.049527,2,FALSE,FALSE,26104,NA,1783361882,2026-07-06T18:18:03Z,2026-07-06T18:18:03Z,2026-07-06T18:18:03Z,2.2,https://data.lime.bike/api/partners/v2/gbfs/vancouver_bc/gbfs.json,https://data.lime.bike/api/partners/v2/gbfs/vancouver_bc/free_bike_status,2026-07-06T18:18:00Z,2026-07-06T18:18:00Z
lime_vancouver,lime_vancouver_3d8d5d02-76a8-403f-ae80-838d9234b3ed,3d8d5d02-76a8-403f-ae80-838d9234b3ed,49.280899,-123.025602,2,FALSE,FALSE,32139,NA,1783361882,2026-07-06T18:18:03Z,2026-07-06T18:18:03Z,2026-07-06T18:18:03Z,2.2,https://data.lime.bike/api/partners/v2/gbfs/vancouver_bc/gbfs.json,https://data.lime.bike/api/partners/v2/gbfs/vancouver_bc/free_bike_status,2026-07-06T18:18:00Z,2026-07-06T18:18:00Z
lime_vancouver,lime_vancouver_6aabc90f-1c8d-4b30-a759-dd5c1c186065,6aabc90f-1c8d-4b30-a759-dd5c1c186065,49.260325,-123.073628,2,FALSE,FALSE,35711,NA,1783361882,2026-07-06T18:18:03Z,2026-07-06T18:18:03Z,2026-07-06T18:18:03Z,2.2,https://data.lime.bike/api/partners/v2/gbfs/vancouver_bc/gbfs.json,https://data.lime.bike/api/partners/v2/gbfs/vancouver_bc/free_bike_status,2026-07-06T18:18:00Z,2026-07-06T18:18:00Z
lime_vancouver,lime_vancouver_807558f0-cef8-4a68-a4bb-91ef748d3b45,807558f0-cef8-4a68-a4bb-91ef748d3b45,49.262203,-123.049683,2,FALSE,FALSE,5697,NA,1783361882,2026-07-06T18:18:03Z,2026-07-06T18:18:03Z,2026-07-06T18:18:03Z,2.2,https://data.lime.bike/api/partners/v2/gbfs/vancouver_bc/gbfs.json,https://data.lime.bike/api/partners/v2/gbfs/vancouver_bc/free_bike_status,2026-07-06T18:18:00Z,2026-07-06T18:18:00Z
lime_vancouver,lime_vancouver_fe3d871a-5d78-412e-b4e6-cef2ae47b0d6,fe3d871a-5d78-412e-b4e6-cef2ae47b0d6,49.263653,-123.157614,2,FALSE,FALSE,32637,NA,1783361882,2026-07-06T18:18:03Z,2026-07-06T18:18:03Z,2026-07-06T18:18:03Z,2.2,https://data.lime.bike/api/partners/v2/gbfs/vancouver_bc/gbfs.json,https://data.lime.bike/api/partners/v2/gbfs/vancouver_bc/free_bike_status,2026-07-06T18:18:00Z,2026-07-06T18:18:00Z
lime_vancouver,lime_vancouver_74fd5fd6-d867-4383-ad31-dbd812f04f41,74fd5fd6-d867-4383-ad31-dbd812f04f41,49.263972,-123.104878,2,FALSE,FALSE,36741,NA,1783361882,2026-07-06T18:18:03Z,2026-07-06T18:18:03Z,2026-07-06T18:18:03Z,2.2,https://data.lime.bike/api/partners/v2/gbfs/vancouver_bc/gbfs.json,https://data.lime.bike/api/partners/v2/gbfs/vancouver_bc/free_bike_status,2026-07-06T18:18:00Z,2026-07-06T18:18:00Z
lime_vancouver,lime_vancouver_221bdb04-d573-46a8-a74b-46ba72cbea37,221bdb04-d573-46a8-a74b-46ba72cbea37,49.231058,-123.032541,2,FALSE,FALSE,42969,NA,1783361882,2026-07-06T18:18:03Z,2026-07-06T18:18:03Z,2026-07-06T18:18:03Z,2.2,https://data.lime.bike/api/partners/v2/gbfs/vancouver_bc/gbfs.json,https://data.lime.bike/api/partners/v2/gbfs/vancouver_bc/free_bike_status,2026-07-06T18:18:00Z,2026-07-06T18:18:00Z
lime_vancouver,lime_vancouver_b2c448fd-ff64-42a4-b36d-fbcd28fef10a,b2c448fd-ff64-42a4-b36d-fbcd28fef10a,49.269224,-123.039036,2,FALSE,FALSE,39348,NA,1783361882,2026-07-06T18:18:03Z,2026-07-06T18:18:03Z,2026-07-06T18:18:03Z,2.2,https://data.lime.bike/api/partners/v2/gbfs/vancouver_bc/gbfs.json,https://data.lime.bike/api/partners/v2/gbfs/vancouver_bc/free_bike_status,2026-07-06T18:18:00Z,2026-07-06T18:18:00Z
lime_vancouver,lime_vancouver_c4b36ab9-c5c3-4365-a6f4-510ddc7699fe,c4b36ab9-c5c3-4365-a6f4-510ddc7699fe,49.278595,-123.115138,2,FALSE,FALSE,20728,NA,1783361882,2026-07-06T18:18:03Z,2026-07-06T18:18:03Z,2026-07-06T18:18:03Z,2.2,https://data.lime.bike/api/partners/v2/gbfs/vancouver_bc/gbfs.json,https://data.lime.bike/api/partners/v2/gbfs/vancouver_bc/free_bike_status,2026-07-06T18:18:00Z,2026-07-06T18:18:00Z
lime_vancouver,lime_vancouver_7eec74ae-7494-4a1d-b11e-2e27ad4d9802,7eec74ae-7494-4a1d-b11e-2e27ad4d9802,49.286839,-123.125879,2,FALSE,FALSE,20728,NA,1783361882,2026-07-06T18:18:03Z,2026-07-06T18:18:03Z,2026-07-06T18:18:03Z,2.2,https://data.lime.bike/api/partners/v2/gbfs/vancouver_bc/gbfs.json,https://data.lime.bike/api/partners/v2/gbfs/vancouver_bc/free_bike_status,2026-07-06T18:18:00Z,2026-07-06T18:18:00Z
lime_vancouver,lime_vancouver_5002c9e5-038a-465c-bd99-2627ec5ba6f1,5002c9e5-038a-465c-bd99-2627ec5ba6f1,49.26681,-123.143328,2,FALSE,FALSE,34166,NA,1783361882,2026-07-06T18:18:03Z,2026-07-06T18:18:03Z,2026-07-06T18:18:03Z,2.2,https://data.lime.bike/api/partners/v2/gbfs/vancouver_bc/gbfs.json,https://data.lime.bike/api/partners/v2/gbfs/vancouver_bc/free_bike_status,2026-07-06T18:18:00Z,2026-07-06T18:18:00Z
lime_vancouver,lime_vancouver_38c788c1-2323-4f32-8a6b-ec1c6a9b968f,38c788c1-2323-4f32-8a6b-ec1c6a9b968f,49.279558,-123.068404,2,FALSE,FALSE,41425,NA,1783361882,2026-07-06T18:18:03Z,2026-07-06T18:18:03Z,2026-07-06T18:18:03Z,2.2,https://data.lime.bike/api/partners/v2/gbfs/vancouver_bc/gbfs.json,https://data.lime.bike/api/partners/v2/gbfs/vancouver_bc/free_bike_status,2026-07-06T18:18:00Z,2026-07-06T18:18:00Z
lime_vancouver,lime_vancouver_1153fa2e-a713-4d27-8f33-4e4253789cc0,1153fa2e-a713-4d27-8f33-4e4253789cc0,49.281803,-123.120252,2,FALSE,FALSE,5697,NA,1783361882,2026-07-06T18:18:03Z,2026-07-06T18:18:03Z,2026-07-06T18:18:03Z,2.2,https://data.lime.bike/api/partners/v2/gbfs/vancouver_bc/gbfs.json,https://data.lime.bike/api/partners/v2/gbfs/vancouver_bc/free_bike_status,2026-07-06T18:18:00Z,2026-07-06T18:18:00Z
lime_vancouver,lime_vancouver_849efb62-dadf-4963-8e1c-f5dfdd042d79,849efb62-dadf-4963-8e1c-f5dfdd042d79,49.266733,-123.109508,2,FALSE,FALSE,4796,NA,1783361882,2026-07-06T18:18:03Z,2026-07-06T18:18:03Z,2026-07-06T18:18:03Z,2.2,https://data.lime.bike/api/partners/v2/gbfs/vancouver_bc/gbfs.json,https://data.lime.bike/api/partners/v2/gbfs/vancouver_bc/free_bike_status,2026-07-06T18:18:00Z,2026-07-06T18:18:00Z
lime_vancouver,lime_vancouver_997d0256-3422-41e8-9dd3-ba39f048f63e,997d0256-3422-41e8-9dd3-ba39f048f63e,49.271174,-123.135322,2,FALSE,FALSE,20246,NA,1783361882,2026-07-06T18:18:03Z,2026-07-06T18:18:03Z,2026-07-06T18:18:03Z,2.2,https://data.lime.bike/api/partners/v2/gbfs/vancouver_bc/gbfs.json,https://data.lime.bike/api/partners/v2/gbfs/vancouver_bc/free_bike_status,2026-07-06T18:18:00Z,2026-07-06T18:18:00Z
lime_vancouver,lime_vancouver_3bfee48d-aafa-4751-9f99-36b32aa3e776,3bfee48d-aafa-4751-9f99-36b32aa3e776,49.264007,-123.10487,2,FALSE,FALSE,44514,NA,1783361882,2026-07-06T18:18:03Z,2026-07-06T18:18:03Z,2026-07-06T18:18:03Z,2.2,https://data.lime.bike/api/partners/v2/gbfs/vancouver_bc/gbfs.json,https://data.lime.bike/api/partners/v2/gbfs/vancouver_bc/free_bike_status,2026-07-06T18:18:00Z,2026-07-06T18:18:00Z
lime_vancouver,lime_vancouver_40cdda49-2b5d-4f85-a5d3-09593477164c,40cdda49-2b5d-4f85-a5d3-09593477164c,49.266953,-123.143371,2,FALSE,FALSE,4796,NA,1783361882,2026-07-06T18:18:03Z,2026-07-06T18:18:03Z,2026-07-06T18:18:03Z,2.2,https://data.lime.bike/api/partners/v2/gbfs/vancouver_bc/gbfs.json,https://data.lime.bike/api/partners/v2/gbfs/vancouver_bc/free_bike_status,2026-07-06T18:18:00Z,2026-07-06T18:18:00Z
lime_vancouver,lime_vancouver_297b826d-b749-4ab7-a00d-917ece02c3d0,297b826d-b749-4ab7-a00d-917ece02c3d0,49.264983,-123.117164,2,FALSE,FALSE,12601,NA,1783361882,2026-07-06T18:18:03Z,2026-07-06T18:18:03Z,2026-07-06T18:18:03Z,2.2,https://data.lime.bike/api/partners/v2/gbfs/vancouver_bc/gbfs.json,https://data.lime.bike/api/partners/v2/gbfs/vancouver_bc/free_bike_status,2026-07-06T18:18:00Z,2026-07-06T18:18:00Z
lime_vancouver,lime_vancouver_bea10c64-b4e6-456a-8a84-4b3d89ca43a1,bea10c64-b4e6-456a-8a84-4b3d89ca43a1,49.250435,-123.026338,2,FALSE,FALSE,6582,NA,1783361882,2026-07-06T18:18:03Z,2026-07-06T18:18:03Z,2026-07-06T18:18:03Z,2.2,https://data.lime.bike/api/partners/v2/gbfs/vancouver_bc/gbfs.json,https://data.lime.bike/api/partners/v2/gbfs/vancouver_bc/free_bike_status,2026-07-06T18:18:00Z,2026-07-06T18:18:00Z
lime_vancouver,lime_vancouver_22686cf0-889a-4018-8526-222770604e39,22686cf0-889a-4018-8526-222770604e39,49.287062,-123.125895,2,FALSE,FALSE,4796,NA,1783361882,2026-07-06T18:18:03Z,2026-07-06T18:18:03Z,2026-07-06T18:18:03Z,2.2,https://data.lime.bike/api/partners/v2/gbfs/vancouver_bc/gbfs.json,https://data.lime.bike/api/partners/v2/gbfs/vancouver_bc/free_bike_status,2026-07-06T18:18:00Z,2026-07-06T18:18:00Z
lime_vancouver,lime_vancouver_c7b08a69-a3f5-4169-9adf-a0913f0c8f61,c7b08a69-a3f5-4169-9adf-a0913f0c8f61,49.280971,-123.13425,2,FALSE,FALSE,4361,NA,1783361882,2026-07-06T18:18:03Z,2026-07-06T18:18:03Z,2026-07-06T18:18:03Z,2.2,https://data.lime.bike/api/partners/v2/gbfs/vancouver_bc/gbfs.json,https://data.lime.bike/api/partners/v2/gbfs/vancouver_bc/free_bike_status,2026-07-06T18:18:00Z,2026-07-06T18:18:00Z
lime_vancouver,lime_vancouver_c50bb0e1-ad92-40b9-8b1f-77e81999d8f1,c50bb0e1-ad92-40b9-8b1f-77e81999d8f1,49.283251,-123.115834,2,FALSE,FALSE,40395,NA,1783361883,2026-07-06T18:18:03Z,2026-07-06T18:18:03Z,2026-07-06T18:18:03Z,2.2,https://data.lime.bike/api/partners/v2/gbfs/vancouver_bc/gbfs.json,https://data.lime.bike/api/partners/v2/gbfs/vancouver_bc/free_bike_status,2026-07-06T18:18:00Z,2026-07-06T18:18:00Z
lime_vancouver,lime_vancouver_2d690f76-ae0c-4acc-b9de-1be0a71d0fc1,2d690f76-ae0c-4acc-b9de-1be0a71d0fc1,49.264638,-123.148446,2,FALSE,FALSE,11201,NA,1783361883,2026-07-06T18:18:03Z,2026-07-06T18:18:03Z,2026-07-06T18:18:03Z,2.2,https://data.lime.bike/api/partners/v2/gbfs/vancouver_bc/gbfs.json,https://data.lime.bike/api/partners/v2/gbfs/vancouver_bc/free_bike_status,2026-07-06T18:18:00Z,2026-07-06T18:18:00Z
lime_vancouver,lime_vancouver_7640ed40-1d2c-4a29-8bb5-7ad16dcb2e8f,7640ed40-1d2c-4a29-8bb5-7ad16dcb2e8f,49.267933,-123.155157,2,FALSE,FALSE,37272,NA,1783361883,2026-07-06T18:18:03Z,2026-07-06T18:18:03Z,2026-07-06T18:18:03Z,2.2,https://data.lime.bike/api/partners/v2/gbfs/vancouver_bc/gbfs.json,https://data.lime.bike/api/partners/v2/gbfs/vancouver_bc/free_bike_status,2026-07-06T18:18:00Z,2026-07-06T18:18:00Z
lime_vancouver,lime_vancouver_9769d767-d4ca-442a-8fa7-79ef0a54621b,9769d767-d4ca-442a-8fa7-79ef0a54621b,49.290059,-123.12423,2,FALSE,FALSE,30610,NA,1783361883,2026-07-06T18:18:03Z,2026-07-06T18:18:03Z,2026-07-06T18:18:03Z,2.2,https://data.lime.bike/api/partners/v2/gbfs/vancouver_bc/gbfs.json,https://data.lime.bike/api/partners/v2/gbfs/vancouver_bc/free_bike_status,2026-07-06T18:18:00Z,2026-07-06T18:18:00Z
lime_vancouver,lime_vancouver_029eedc8-c175-470d-a6f1-61d3262a48be,029eedc8-c175-470d-a6f1-61d3262a48be,49.277278,-123.079678,2,FALSE,FALSE,18314,NA,1783361883,2026-07-06T18:18:03Z,2026-07-06T18:18:03Z,2026-07-06T18:18:03Z,2.2,https://data.lime.bike/api/partners/v2/gbfs/vancouver_bc/gbfs.json,https://data.lime.bike/api/partners/v2/gbfs/vancouver_bc/free_bike_status,2026-07-06T18:18:00Z,2026-07-06T18:18:00Z
lime_vancouver,lime_vancouver_dfeec206-a734-4271-a6a1-4f688661537e,dfeec206-a734-4271-a6a1-4f688661537e,49.280254,-123.036516,2,FALSE,FALSE,3927,NA,1783361883,2026-07-06T18:18:03Z,2026-07-06T18:18:03Z,2026-07-06T18:18:03Z,2.2,https://data.lime.bike/api/partners/v2/gbfs/vancouver_bc/gbfs.json,https://data.lime.bike/api/partners/v2/gbfs/vancouver_bc/free_bike_status,2026-07-06T18:18:00Z,2026-07-06T18:18:00Z
lime_vancouver,lime_vancouver_2b2beeb0-ecab-44ab-ac4b-753ac58c1b8a,2b2beeb0-ecab-44ab-ac4b-753ac58c1b8a,49.262726,-123.146251,2,FALSE,FALSE,7950,NA,1783361883,2026-07-06T18:18:03Z,2026-07-06T18:18:03Z,2026-07-06T18:18:03Z,2.2,https://data.lime.bike/api/partners/v2/gbfs/vancouver_bc/gbfs.json,https://data.lime.bike/api/partners/v2/gbfs/vancouver_bc/free_bike_status,2026-07-06T18:18:00Z,2026-07-06T18:18:00Z
lime_vancouver,lime_vancouver_523213fa-41b0-45f9-ae6c-0b684490bbec,523213fa-41b0-45f9-ae6c-0b684490bbec,49.235201000000004,-123.037595,2,FALSE,FALSE,4361,NA,1783361883,2026-07-06T18:18:03Z,2026-07-06T18:18:03Z,2026-07-06T18:18:03Z,2.2,https://data.lime.bike/api/partners/v2/gbfs/vancouver_bc/gbfs.json,https://data.lime.bike/api/partners/v2/gbfs/vancouver_bc/free_bike_status,2026-07-06T18:18:00Z,2026-07-06T18:18:00Z
lime_vancouver,lime_vancouver_de541ff3-3d49-446f-ae73-a122fb907686,de541ff3-3d49-446f-ae73-a122fb907686,49.246695,-123.060202,2,FALSE,FALSE,5246,NA,1783361883,2026-07-06T18:18:03Z,2026-07-06T18:18:03Z,2026-07-06T18:18:03Z,2.2,https://data.lime.bike/api/partners/v2/gbfs/vancouver_bc/gbfs.json,https://data.lime.bike/api/partners/v2/gbfs/vancouver_bc/free_bike_status,2026-07-06T18:18:00Z,2026-07-06T18:18:00Z
lime_vancouver,lime_vancouver_cf4804f2-b00c-4fcf-8a89-d72c237b8f33,cf4804f2-b00c-4fcf-8a89-d72c237b8f33,49.264009,-123.104876,2,FALSE,FALSE,17365,NA,1783361883,2026-07-06T18:18:03Z,2026-07-06T18:18:03Z,2026-07-06T18:18:03Z,2.2,https://data.lime.bike/api/partners/v2/gbfs/vancouver_bc/gbfs.json,https://data.lime.bike/api/partners/v2/gbfs/vancouver_bc/free_bike_status,2026-07-06T18:18:00Z,2026-07-06T18:18:00Z
lime_vancouver,lime_vancouver_58a7e838-adbf-41f4-b9b5-3bcab3f127cc,58a7e838-adbf-41f4-b9b5-3bcab3f127cc,49.259349,-123.0454,2,FALSE,FALSE,23158,NA,1783361883,2026-07-06T18:18:03Z,2026-07-06T18:18:03Z,2026-07-06T18:18:03Z,2.2,https://data.lime.bike/api/partners/v2/gbfs/vancouver_bc/gbfs.json,https://data.lime.bike/api/partners/v2/gbfs/vancouver_bc/free_bike_status,2026-07-06T18:18:00Z,2026-07-06T18:18:00Z
lime_vancouver,lime_vancouver_014c93c2-8ea6-4578-ba24-68a3b423662b,014c93c2-8ea6-4578-ba24-68a3b423662b,49.281903,-123.120664,2,FALSE,FALSE,34166,NA,1783361883,2026-07-06T18:18:03Z,2026-07-06T18:18:03Z,2026-07-06T18:18:03Z,2.2,https://data.lime.bike/api/partners/v2/gbfs/vancouver_bc/gbfs.json,https://data.lime.bike/api/partners/v2/gbfs/vancouver_bc/free_bike_status,2026-07-06T18:18:00Z,2026-07-06T18:18:00Z
lime_vancouver,lime_vancouver_efbad978-0b09-4dc6-861d-408d02eaef67,efbad978-0b09-4dc6-861d-408d02eaef67,49.266299,-123.104803,2,FALSE,FALSE,7049,NA,1783361883,2026-07-06T18:18:03Z,2026-07-06T18:18:03Z,2026-07-06T18:18:03Z,2.2,https://data.lime.bike/api/partners/v2/gbfs/vancouver_bc/gbfs.json,https://data.lime.bike/api/partners/v2/gbfs/vancouver_bc/free_bike_status,2026-07-06T18:18:00Z,2026-07-06T18:18:00Z
lime_vancouver,lime_vancouver_09ff8c98-1fde-430c-b348-c2fad4849f41,09ff8c98-1fde-430c-b348-c2fad4849f41,49.263784,-123.070013,2,FALSE,FALSE,31125,NA,1783361883,2026-07-06T18:18:03Z,2026-07-06T18:18:03Z,2026-07-06T18:18:03Z,2.2,https://data.lime.bike/api/partners/v2/gbfs/vancouver_bc/gbfs.json,https://data.lime.bike/api/partners/v2/gbfs/vancouver_bc/free_bike_status,2026-07-06T18:18:00Z,2026-07-06T18:18:00Z
lime_vancouver,lime_vancouver_19f552e9-bd03-46a8-a3a5-9541160450e1,19f552e9-bd03-46a8-a3a5-9541160450e1,49.269703,-123.135591,2,FALSE,FALSE,38833,NA,1783361883,2026-07-06T18:18:03Z,2026-07-06T18:18:03Z,2026-07-06T18:18:03Z,2.2,https://data.lime.bike/api/partners/v2/gbfs/vancouver_bc/gbfs.json,https://data.lime.bike/api/partners/v2/gbfs/vancouver_bc/free_bike_status,2026-07-06T18:18:00Z,2026-07-06T18:18:00Z
lime_vancouver,lime_vancouver_d85e6b07-e142-4791-9430-f25c77def34f,d85e6b07-e142-4791-9430-f25c77def34f,49.28161,-123.120454,2,FALSE,FALSE,35711,NA,1783361883,2026-07-06T18:18:03Z,2026-07-06T18:18:03Z,2026-07-06T18:18:03Z,2.2,https://data.lime.bike/api/partners/v2/gbfs/vancouver_bc/gbfs.json,https://data.lime.bike/api/partners/v2/gbfs/vancouver_bc/free_bike_status,2026-07-06T18:18:00Z,2026-07-06T18:18:00Z
lime_vancouver,lime_vancouver_daf07233-9fad-46a3-be50-64e7257167fa,daf07233-9fad-46a3-be50-64e7257167fa,49.293327,-123.135637,2,FALSE,FALSE,14967,NA,1783361883,2026-07-06T18:18:03Z,2026-07-06T18:18:03Z,2026-07-06T18:18:03Z,2.2,https://data.lime.bike/api/partners/v2/gbfs/vancouver_bc/gbfs.json,https://data.lime.bike/api/partners/v2/gbfs/vancouver_bc/free_bike_status,2026-07-06T18:18:00Z,2026-07-06T18:18:00Z
lime_vancouver,lime_vancouver_00fb819b-f695-4374-86ec-67ddcab55b34,00fb819b-f695-4374-86ec-67ddcab55b34,49.264045,-123.10497,2,FALSE,FALSE,17365,NA,1783361883,2026-07-06T18:18:03Z,2026-07-06T18:18:03Z,2026-07-06T18:18:03Z,2.2,https://data.lime.bike/api/partners/v2/gbfs/vancouver_bc/gbfs.json,https://data.lime.bike/api/partners/v2/gbfs/vancouver_bc/free_bike_status,2026-07-06T18:18:00Z,2026-07-06T18:18:00Z
lime_vancouver,lime_vancouver_be713518-92dc-41ae-a7e5-42694d8b28f6,be713518-92dc-41ae-a7e5-42694d8b28f6,49.227204,-123.074243,2,FALSE,FALSE,44514,NA,1783361883,2026-07-06T18:18:03Z,2026-07-06T18:18:03Z,2026-07-06T18:18:03Z,2.2,https://data.lime.bike/api/partners/v2/gbfs/vancouver_bc/gbfs.json,https://data.lime.bike/api/partners/v2/gbfs/vancouver_bc/free_bike_status,2026-07-06T18:18:00Z,2026-07-06T18:18:00Z
lime_vancouver,lime_vancouver_54cbf686-9f5a-4e22-b4df-2fc91d44dd2f,54cbf686-9f5a-4e22-b4df-2fc91d44dd2f,49.283706,-123.097914,2,FALSE,FALSE,4796,NA,1783361883,2026-07-06T18:18:03Z,2026-07-06T18:18:03Z,2026-07-06T18:18:03Z,2.2,https://data.lime.bike/api/partners/v2/gbfs/vancouver_bc/gbfs.json,https://data.lime.bike/api/partners/v2/gbfs/vancouver_bc/free_bike_status,2026-07-06T18:18:00Z,2026-07-06T18:18:00Z
lime_vancouver,lime_vancouver_d3d882d0-8c96-4468-9c57-ef1912a46edb,d3d882d0-8c96-4468-9c57-ef1912a46edb,49.283677,-123.110532,2,FALSE,FALSE,28099,NA,1783361883,2026-07-06T18:18:03Z,2026-07-06T18:18:03Z,2026-07-06T18:18:03Z,2.2,https://data.lime.bike/api/partners/v2/gbfs/vancouver_bc/gbfs.json,https://data.lime.bike/api/partners/v2/gbfs/vancouver_bc/free_bike_status,2026-07-06T18:18:00Z,2026-07-06T18:18:00Z
lime_vancouver,lime_vancouver_1a3ba72d-cebc-432d-8bc5-58b59c2ef8ac,1a3ba72d-cebc-432d-8bc5-58b59c2ef8ac,49.248769,-123.039346,2,FALSE,FALSE,38833,NA,1783361883,2026-07-06T18:18:03Z,2026-07-06T18:18:03Z,2026-07-06T18:18:03Z,2.2,https://data.lime.bike/api/partners/v2/gbfs/vancouver_bc/gbfs.json,https://data.lime.bike/api/partners/v2/gbfs/vancouver_bc/free_bike_status,2026-07-06T18:18:00Z,2026-07-06T18:18:00Z
lime_vancouver,lime_vancouver_29fed9a3-46f4-461f-a9c3-ba541a9eca19,29fed9a3-46f4-461f-a9c3-ba541a9eca19,49.274091,-123.028714,2,FALSE,FALSE,12134,NA,1783361883,2026-07-06T18:18:03Z,2026-07-06T18:18:03Z,2026-07-06T18:18:03Z,2.2,https://data.lime.bike/api/partners/v2/gbfs/vancouver_bc/gbfs.json,https://data.lime.bike/api/partners/v2/gbfs/vancouver_bc/free_bike_status,2026-07-06T18:18:00Z,2026-07-06T18:18:00Z
lime_vancouver,lime_vancouver_8325c519-ba3f-4c1f-9a00-53938bc4a575,8325c519-ba3f-4c1f-9a00-53938bc4a575,49.236899,-123.074451,2,FALSE,FALSE,45528,NA,1783361883,2026-07-06T18:18:03Z,2026-07-06T18:18:03Z,2026-07-06T18:18:03Z,2.2,https://data.lime.bike/api/partners/v2/gbfs/vancouver_bc/gbfs.json,https://data.lime.bike/api/partners/v2/gbfs/vancouver_bc/free_bike_status,2026-07-06T18:18:00Z,2026-07-06T18:18:00Z
lime_vancouver,lime_vancouver_dd65b1c8-3a39-445e-b91f-3c224bd8585a,dd65b1c8-3a39-445e-b91f-3c224bd8585a,49.277289,-123.079688,2,FALSE,FALSE,46043,NA,1783361883,2026-07-06T18:18:03Z,2026-07-06T18:18:03Z,2026-07-06T18:18:03Z,2.2,https://data.lime.bike/api/partners/v2/gbfs/vancouver_bc/gbfs.json,https://data.lime.bike/api/partners/v2/gbfs/vancouver_bc/free_bike_status,2026-07-06T18:18:00Z,2026-07-06T18:18:00Z
lime_vancouver,lime_vancouver_1409d3e1-d9e6-49aa-a98c-6cc7b5183c48,1409d3e1-d9e6-49aa-a98c-6cc7b5183c48,49.269738,-123.135714,2,FALSE,FALSE,29097,NA,1783361883,2026-07-06T18:18:03Z,2026-07-06T18:18:03Z,2026-07-06T18:18:03Z,2.2,https://data.lime.bike/api/partners/v2/gbfs/vancouver_bc/gbfs.json,https://data.lime.bike/api/partners/v2/gbfs/vancouver_bc/free_bike_status,2026-07-06T18:18:00Z,2026-07-06T18:18:00Z
lime_vancouver,lime_vancouver_2d4104ea-18ec-49fa-b2be-14f1ccdf4014,2d4104ea-18ec-49fa-b2be-14f1ccdf4014,49.285497,-123.127854,2,FALSE,FALSE,36226,NA,1783361883,2026-07-06T18:18:03Z,2026-07-06T18:18:03Z,2026-07-06T18:18:03Z,2.2,https://data.lime.bike/api/partners/v2/gbfs/vancouver_bc/gbfs.json,https://data.lime.bike/api/partners/v2/gbfs/vancouver_bc/free_bike_status,2026-07-06T18:18:00Z,2026-07-06T18:18:00Z
lime_vancouver,lime_vancouver_25d71ce7-169c-4073-9d78-825f96c80a23,25d71ce7-169c-4073-9d78-825f96c80a23,49.283096,-123.11553,2,FALSE,FALSE,36226,NA,1783361883,2026-07-06T18:18:03Z,2026-07-06T18:18:03Z,2026-07-06T18:18:03Z,2.2,https://data.lime.bike/api/partners/v2/gbfs/vancouver_bc/gbfs.json,https://data.lime.bike/api/partners/v2/gbfs/vancouver_bc/free_bike_status,2026-07-06T18:18:00Z,2026-07-06T18:18:00Z
lime_vancouver,lime_vancouver_aaee4c0b-f575-4d1a-83bd-03427a070e69,aaee4c0b-f575-4d1a-83bd-03427a070e69,49.269121,-123.150278,2,FALSE,FALSE,27101,NA,1783361883,2026-07-06T18:18:03Z,2026-07-06T18:18:03Z,2026-07-06T18:18:03Z,2.2,https://data.lime.bike/api/partners/v2/gbfs/vancouver_bc/gbfs.json,https://data.lime.bike/api/partners/v2/gbfs/vancouver_bc/free_bike_status,2026-07-06T18:18:00Z,2026-07-06T18:18:00Z
lime_vancouver,lime_vancouver_bf05950b-7eb0-4098-8eec-73b97b52cf02,bf05950b-7eb0-4098-8eec-73b97b52cf02,49.283014,-123.115556,2,FALSE,FALSE,25122,NA,1783361883,2026-07-06T18:18:03Z,2026-07-06T18:18:03Z,2026-07-06T18:18:03Z,2.2,https://data.lime.bike/api/partners/v2/gbfs/vancouver_bc/gbfs.json,https://data.lime.bike/api/partners/v2/gbfs/vancouver_bc/free_bike_status,2026-07-06T18:18:00Z,2026-07-06T18:18:00Z
lime_vancouver,lime_vancouver_8fe89ff3-10b0-4bb2-b9ae-107a8f92f7a4,8fe89ff3-10b0-4bb2-b9ae-107a8f92f7a4,49.259313,-123.045335,2,FALSE,FALSE,40910,NA,1783361883,2026-07-06T18:18:03Z,2026-07-06T18:18:03Z,2026-07-06T18:18:03Z,2.2,https://data.lime.bike/api/partners/v2/gbfs/vancouver_bc/gbfs.json,https://data.lime.bike/api/partners/v2/gbfs/vancouver_bc/free_bike_status,2026-07-06T18:18:00Z,2026-07-06T18:18:00Z
lime_vancouver,lime_vancouver_5de63064-6123-458e-b6d9-f401e927b1fa,5de63064-6123-458e-b6d9-f401e927b1fa,49.283618,-123.112712,2,FALSE,FALSE,39348,NA,1783361883,2026-07-06T18:18:03Z,2026-07-06T18:18:03Z,2026-07-06T18:18:03Z,2.2,https://data.lime.bike/api/partners/v2/gbfs/vancouver_bc/gbfs.json,https://data.lime.bike/api/partners/v2/gbfs/vancouver_bc/free_bike_status,2026-07-06T18:18:00Z,2026-07-06T18:18:00Z
lime_vancouver,lime_vancouver_53e45cdc-9931-426d-847b-c795d2d2a152,53e45cdc-9931-426d-847b-c795d2d2a152,49.259246,-123.045385,2,FALSE,FALSE,38302,NA,1783361883,2026-07-06T18:18:03Z,2026-07-06T18:18:03Z,2026-07-06T18:18:03Z,2.2,https://data.lime.bike/api/partners/v2/gbfs/vancouver_bc/gbfs.json,https://data.lime.bike/api/partners/v2/gbfs/vancouver_bc/free_bike_status,2026-07-06T18:18:00Z,2026-07-06T18:18:00Z
lime_vancouver,lime_vancouver_6b4ca25c-4646-4d39-8521-9ded880fd49e,6b4ca25c-4646-4d39-8521-9ded880fd49e,49.266444,-123.084656,2,FALSE,FALSE,14500,NA,1783361883,2026-07-06T18:18:03Z,2026-07-06T18:18:03Z,2026-07-06T18:18:03Z,2.2,https://data.lime.bike/api/partners/v2/gbfs/vancouver_bc/gbfs.json,https://data.lime.bike/api/partners/v2/gbfs/vancouver_bc/free_bike_status,2026-07-06T18:18:00Z,2026-07-06T18:18:00Z
lime_vancouver,lime_vancouver_6767a0a8-4741-4dab-b767-0dd4c7219ba1,6767a0a8-4741-4dab-b767-0dd4c7219ba1,49.266852,-123.04961,2,FALSE,FALSE,7950,NA,1783361883,2026-07-06T18:18:03Z,2026-07-06T18:18:03Z,2026-07-06T18:18:03Z,2.2,https://data.lime.bike/api/partners/v2/gbfs/vancouver_bc/gbfs.json,https://data.lime.bike/api/partners/v2/gbfs/vancouver_bc/free_bike_status,2026-07-06T18:18:00Z,2026-07-06T18:18:00Z
lime_vancouver,lime_vancouver_da985187-92f1-45d0-bd6f-65b0684e89b4,da985187-92f1-45d0-bd6f-65b0684e89b4,49.269148,-123.150291,2,FALSE,FALSE,16882,NA,1783361883,2026-07-06T18:18:03Z,2026-07-06T18:18:03Z,2026-07-06T18:18:03Z,2.2,https://data.lime.bike/api/partners/v2/gbfs/vancouver_bc/gbfs.json,https://data.lime.bike/api/partners/v2/gbfs/vancouver_bc/free_bike_status,2026-07-06T18:18:00Z,2026-07-06T18:18:00Z
lime_vancouver,lime_vancouver_fe0ea66b-4284-49e6-988c-45646a6fdfd8,fe0ea66b-4284-49e6-988c-45646a6fdfd8,49.269882,-123.135692,2,FALSE,FALSE,37787,NA,1783361883,2026-07-06T18:18:03Z,2026-07-06T18:18:03Z,2026-07-06T18:18:03Z,2.2,https://data.lime.bike/api/partners/v2/gbfs/vancouver_bc/gbfs.json,https://data.lime.bike/api/partners/v2/gbfs/vancouver_bc/free_bike_status,2026-07-06T18:18:00Z,2026-07-06T18:18:00Z
lime_vancouver,lime_vancouver_5a81fc7f-2ad1-47d0-95ac-6e39a7a37e77,5a81fc7f-2ad1-47d0-95ac-6e39a7a37e77,49.271125,-123.135369,2,FALSE,FALSE,16882,NA,1783361883,2026-07-06T18:18:03Z,2026-07-06T18:18:03Z,2026-07-06T18:18:03Z,2.2,https://data.lime.bike/api/partners/v2/gbfs/vancouver_bc/gbfs.json,https://data.lime.bike/api/partners/v2/gbfs/vancouver_bc/free_bike_status,2026-07-06T18:18:00Z,2026-07-06T18:18:00Z
lime_vancouver,lime_vancouver_a21e2008-96fb-4881-b1aa-cb44fa8ef44b,a21e2008-96fb-4881-b1aa-cb44fa8ef44b,49.279327,-123.100379,2,FALSE,FALSE,14017,NA,1783361883,2026-07-06T18:18:03Z,2026-07-06T18:18:03Z,2026-07-06T18:18:03Z,2.2,https://data.lime.bike/api/partners/v2/gbfs/vancouver_bc/gbfs.json,https://data.lime.bike/api/partners/v2/gbfs/vancouver_bc/free_bike_status,2026-07-06T18:18:00Z,2026-07-06T18:18:00Z
lime_vancouver,lime_vancouver_606faacd-072c-4575-82d9-f9ff90351e38,606faacd-072c-4575-82d9-f9ff90351e38,49.273081,-123.049422,2,FALSE,FALSE,9801,NA,1783361883,2026-07-06T18:18:03Z,2026-07-06T18:18:03Z,2026-07-06T18:18:03Z,2.2,https://data.lime.bike/api/partners/v2/gbfs/vancouver_bc/gbfs.json,https://data.lime.bike/api/partners/v2/gbfs/vancouver_bc/free_bike_status,2026-07-06T18:18:00Z,2026-07-06T18:18:00Z
lime_vancouver,lime_vancouver_5e197474-ecb4-4fd5-833c-10df74f11410,5e197474-ecb4-4fd5-833c-10df74f11410,49.28372,-123.097893,2,FALSE,FALSE,20246,NA,1783361883,2026-07-06T18:18:03Z,2026-07-06T18:18:03Z,2026-07-06T18:18:03Z,2.2,https://data.lime.bike/api/partners/v2/gbfs/vancouver_bc/gbfs.json,https://data.lime.bike/api/partners/v2/gbfs/vancouver_bc/free_bike_status,2026-07-06T18:18:00Z,2026-07-06T18:18:00Z
lime_vancouver,lime_vancouver_e2953626-3bdf-4a0e-a97b-96a87dafc897,e2953626-3bdf-4a0e-a97b-96a87dafc897,49.266199,-123.101682,2,FALSE,FALSE,38833,NA,1783361883,2026-07-06T18:18:03Z,2026-07-06T18:18:03Z,2026-07-06T18:18:03Z,2.2,https://data.lime.bike/api/partners/v2/gbfs/vancouver_bc/gbfs.json,https://data.lime.bike/api/partners/v2/gbfs/vancouver_bc/free_bike_status,2026-07-06T18:18:00Z,2026-07-06T18:18:00Z
lime_vancouver,lime_vancouver_06f333d6-4d0c-43d4-bd14-8abf3d997c9b,06f333d6-4d0c-43d4-bd14-8abf3d997c9b,49.283614,-123.112732,2,FALSE,FALSE,40910,NA,1783361883,2026-07-06T18:18:03Z,2026-07-06T18:18:03Z,2026-07-06T18:18:03Z,2.2,https://data.lime.bike/api/partners/v2/gbfs/vancouver_bc/gbfs.json,https://data.lime.bike/api/partners/v2/gbfs/vancouver_bc/free_bike_status,2026-07-06T18:18:00Z,2026-07-06T18:18:00Z
lime_vancouver,lime_vancouver_6168c80c-6470-49f0-adbc-5b7da4c32eed,6168c80c-6470-49f0-adbc-5b7da4c32eed,49.265054,-123.057091,2,FALSE,FALSE,13551,NA,1783361883,2026-07-06T18:18:03Z,2026-07-06T18:18:03Z,2026-07-06T18:18:03Z,2.2,https://data.lime.bike/api/partners/v2/gbfs/vancouver_bc/gbfs.json,https://data.lime.bike/api/partners/v2/gbfs/vancouver_bc/free_bike_status,2026-07-06T18:18:00Z,2026-07-06T18:18:00Z
lime_vancouver,lime_vancouver_a112f163-0144-4259-9cb8-60790d4985f1,a112f163-0144-4259-9cb8-60790d4985f1,49.268476,-123.159809,2,FALSE,FALSE,8417,NA,1783361883,2026-07-06T18:18:03Z,2026-07-06T18:18:03Z,2026-07-06T18:18:03Z,2.2,https://data.lime.bike/api/partners/v2/gbfs/vancouver_bc/gbfs.json,https://data.lime.bike/api/partners/v2/gbfs/vancouver_bc/free_bike_status,2026-07-06T18:18:00Z,2026-07-06T18:18:00Z
lime_vancouver,lime_vancouver_d49597af-ce9b-401a-af63-3d4700380a0b,d49597af-ce9b-401a-af63-3d4700380a0b,49.26539,-123.143637,2,FALSE,FALSE,40395,NA,1783361883,2026-07-06T18:18:03Z,2026-07-06T18:18:03Z,2026-07-06T18:18:03Z,2.2,https://data.lime.bike/api/partners/v2/gbfs/vancouver_bc/gbfs.json,https://data.lime.bike/api/partners/v2/gbfs/vancouver_bc/free_bike_status,2026-07-06T18:18:00Z,2026-07-06T18:18:00Z
lime_vancouver,lime_vancouver_63996e60-40ea-4668-a34b-08f4f5f5ccef,63996e60-40ea-4668-a34b-08f4f5f5ccef,49.227197,-123.074262,2,FALSE,FALSE,16399,NA,1783361883,2026-07-06T18:18:03Z,2026-07-06T18:18:03Z,2026-07-06T18:18:03Z,2.2,https://data.lime.bike/api/partners/v2/gbfs/vancouver_bc/gbfs.json,https://data.lime.bike/api/partners/v2/gbfs/vancouver_bc/free_bike_status,2026-07-06T18:18:00Z,2026-07-06T18:18:00Z
lime_vancouver,lime_vancouver_fb485505-4211-44ab-89cd-d31ed63ec0c3,fb485505-4211-44ab-89cd-d31ed63ec0c3,49.279881,-123.110416,2,FALSE,FALSE,44514,NA,1783361883,2026-07-06T18:18:03Z,2026-07-06T18:18:03Z,2026-07-06T18:18:03Z,2.2,https://data.lime.bike/api/partners/v2/gbfs/vancouver_bc/gbfs.json,https://data.lime.bike/api/partners/v2/gbfs/vancouver_bc/free_bike_status,2026-07-06T18:18:00Z,2026-07-06T18:18:00Z
lime_vancouver,lime_vancouver_628c2d99-56d2-4964-9c9b-12a605c7fa14,628c2d99-56d2-4964-9c9b-12a605c7fa14,49.28165,-123.074098,2,FALSE,FALSE,26602,NA,1783361883,2026-07-06T18:18:03Z,2026-07-06T18:18:03Z,2026-07-06T18:18:03Z,2.2,https://data.lime.bike/api/partners/v2/gbfs/vancouver_bc/gbfs.json,https://data.lime.bike/api/partners/v2/gbfs/vancouver_bc/free_bike_status,2026-07-06T18:18:00Z,2026-07-06T18:18:00Z
lime_vancouver,lime_vancouver_405aafed-5f50-451e-ade5-2cdf6a284230,405aafed-5f50-451e-ade5-2cdf6a284230,49.269708,-123.131919,2,FALSE,FALSE,14010,NA,1783361883,2026-07-06T18:18:03Z,2026-07-06T18:18:03Z,2026-07-06T18:18:03Z,2.2,https://data.lime.bike/api/partners/v2/gbfs/vancouver_bc/gbfs.json,https://data.lime.bike/api/partners/v2/gbfs/vancouver_bc/free_bike_status,2026-07-06T18:18:00Z,2026-07-06T18:18:00Z
lime_vancouver,lime_vancouver_5c3fd756-34f2-4b4e-af30-920e94171948,5c3fd756-34f2-4b4e-af30-920e94171948,49.277594,-123.095307,2,FALSE,FALSE,47073,NA,1783361883,2026-07-06T18:18:03Z,2026-07-06T18:18:03Z,2026-07-06T18:18:03Z,2.2,https://data.lime.bike/api/partners/v2/gbfs/vancouver_bc/gbfs.json,https://data.lime.bike/api/partners/v2/gbfs/vancouver_bc/free_bike_status,2026-07-06T18:18:00Z,2026-07-06T18:18:00Z
lime_vancouver,lime_vancouver_12cd3377-842d-4447-b0cb-40f03ea61ea3,12cd3377-842d-4447-b0cb-40f03ea61ea3,49.275968,-123.145735,2,FALSE,FALSE,25605,NA,1783361883,2026-07-06T18:18:03Z,2026-07-06T18:18:03Z,2026-07-06T18:18:03Z,2.2,https://data.lime.bike/api/partners/v2/gbfs/vancouver_bc/gbfs.json,https://data.lime.bike/api/partners/v2/gbfs/vancouver_bc/free_bike_status,2026-07-06T18:18:00Z,2026-07-06T18:18:00Z
lime_vancouver,lime_vancouver_84b3c180-a2aa-4032-9f45-16dfb747f604,84b3c180-a2aa-4032-9f45-16dfb747f604,49.281456,-123.049425,2,FALSE,FALSE,13551,NA,1783361883,2026-07-06T18:18:03Z,2026-07-06T18:18:03Z,2026-07-06T18:18:03Z,2.2,https://data.lime.bike/api/partners/v2/gbfs/vancouver_bc/gbfs.json,https://data.lime.bike/api/partners/v2/gbfs/vancouver_bc/free_bike_status,2026-07-06T18:18:00Z,2026-07-06T18:18:00Z
lime_vancouver,lime_vancouver_1ab5ab99-64ef-4a6c-9a79-fead67a5d5d9,1ab5ab99-64ef-4a6c-9a79-fead67a5d5d9,49.265276,-123.135621,2,FALSE,FALSE,3058,NA,1783361883,2026-07-06T18:18:03Z,2026-07-06T18:18:03Z,2026-07-06T18:18:03Z,2.2,https://data.lime.bike/api/partners/v2/gbfs/vancouver_bc/gbfs.json,https://data.lime.bike/api/partners/v2/gbfs/vancouver_bc/free_bike_status,2026-07-06T18:18:00Z,2026-07-06T18:18:00Z
lime_vancouver,lime_vancouver_3ad78fce-b939-4cda-9654-6ce2668fbb31,3ad78fce-b939-4cda-9654-6ce2668fbb31,49.239987,-123.074114,2,FALSE,FALSE,12134,NA,1783361883,2026-07-06T18:18:03Z,2026-07-06T18:18:03Z,2026-07-06T18:18:03Z,2.2,https://data.lime.bike/api/partners/v2/gbfs/vancouver_bc/gbfs.json,https://data.lime.bike/api/partners/v2/gbfs/vancouver_bc/free_bike_status,2026-07-06T18:18:00Z,2026-07-06T18:18:00Z
lime_vancouver,lime_vancouver_8f37a4a8-002a-4803-bba9-a26ba61348ea,8f37a4a8-002a-4803-bba9-a26ba61348ea,49.279759,-123.110229,2,FALSE,FALSE,23158,NA,1783361883,2026-07-06T18:18:03Z,2026-07-06T18:18:03Z,2026-07-06T18:18:03Z,2.2,https://data.lime.bike/api/partners/v2/gbfs/vancouver_bc/gbfs.json,https://data.lime.bike/api/partners/v2/gbfs/vancouver_bc/free_bike_status,2026-07-06T18:18:00Z,2026-07-06T18:18:00Z
lime_vancouver,lime_vancouver_9e8f766a-a8de-4acc-a7ab-81ce009606af,9e8f766a-a8de-4acc-a7ab-81ce009606af,49.283849,-123.097929,2,FALSE,FALSE,12601,NA,1783361883,2026-07-06T18:18:03Z,2026-07-06T18:18:03Z,2026-07-06T18:18:03Z,2.2,https://data.lime.bike/api/partners/v2/gbfs/vancouver_bc/gbfs.json,https://data.lime.bike/api/partners/v2/gbfs/vancouver_bc/free_bike_status,2026-07-06T18:18:00Z,2026-07-06T18:18:00Z
lime_vancouver,lime_vancouver_23090f85-04c3-4d7d-ab76-593d3a1035cf,23090f85-04c3-4d7d-ab76-593d3a1035cf,49.280867,-123.089444,2,FALSE,FALSE,12134,NA,1783361883,2026-07-06T18:18:03Z,2026-07-06T18:18:03Z,2026-07-06T18:18:03Z,2.2,https://data.lime.bike/api/partners/v2/gbfs/vancouver_bc/gbfs.json,https://data.lime.bike/api/partners/v2/gbfs/vancouver_bc/free_bike_status,2026-07-06T18:18:00Z,2026-07-06T18:18:00Z
lime_vancouver,lime_vancouver_48174893-1f3e-4f0b-85b4-65994c83fa94,48174893-1f3e-4f0b-85b4-65994c83fa94,49.231056,-123.032506,2,FALSE,FALSE,7049,NA,1783361883,2026-07-06T18:18:03Z,2026-07-06T18:18:03Z,2026-07-06T18:18:03Z,2.2,https://data.lime.bike/api/partners/v2/gbfs/vancouver_bc/gbfs.json,https://data.lime.bike/api/partners/v2/gbfs/vancouver_bc/free_bike_status,2026-07-06T18:18:00Z,2026-07-06T18:18:00Z
lime_vancouver,lime_vancouver_79f2a0c2-ff1b-44b0-9206-808c31a10703,79f2a0c2-ff1b-44b0-9206-808c31a10703,49.281894,-123.120485,2,FALSE,FALSE,6132,NA,1783361883,2026-07-06T18:18:03Z,2026-07-06T18:18:03Z,2026-07-06T18:18:03Z,2.2,https://data.lime.bike/api/partners/v2/gbfs/vancouver_bc/gbfs.json,https://data.lime.bike/api/partners/v2/gbfs/vancouver_bc/free_bike_status,2026-07-06T18:18:00Z,2026-07-06T18:18:00Z
lime_vancouver,lime_vancouver_097672b6-fe6e-4d28-adfb-dc7ef966f165,097672b6-fe6e-4d28-adfb-dc7ef966f165,49.249838,-123.036521,2,FALSE,FALSE,24124,NA,1783361883,2026-07-06T18:18:03Z,2026-07-06T18:18:03Z,2026-07-06T18:18:03Z,2.2,https://data.lime.bike/api/partners/v2/gbfs/vancouver_bc/gbfs.json,https://data.lime.bike/api/partners/v2/gbfs/vancouver_bc/free_bike_status,2026-07-06T18:18:00Z,2026-07-06T18:18:00Z
lime_vancouver,lime_vancouver_980b9554-dac8-4246-a6cf-8b019f81108e,980b9554-dac8-4246-a6cf-8b019f81108e,49.264007,-123.10485,2,FALSE,FALSE,44514,NA,1783361883,2026-07-06T18:18:03Z,2026-07-06T18:18:03Z,2026-07-06T18:18:03Z,2.2,https://data.lime.bike/api/partners/v2/gbfs/vancouver_bc/gbfs.json,https://data.lime.bike/api/partners/v2/gbfs/vancouver_bc/free_bike_status,2026-07-06T18:18:00Z,2026-07-06T18:18:00Z
lime_vancouver,lime_vancouver_c81b2252-6f9f-41fd-8565-43dece4087ab,c81b2252-6f9f-41fd-8565-43dece4087ab,49.268906,-123.164467,2,FALSE,FALSE,29097,NA,1783361883,2026-07-06T18:18:03Z,2026-07-06T18:18:03Z,2026-07-06T18:18:03Z,2.2,https://data.lime.bike/api/partners/v2/gbfs/vancouver_bc/gbfs.json,https://data.lime.bike/api/partners/v2/gbfs/vancouver_bc/free_bike_status,2026-07-06T18:18:00Z,2026-07-06T18:18:00Z
lime_vancouver,lime_vancouver_fde393e8-3822-420c-90c6-68bfa1e4a285,fde393e8-3822-420c-90c6-68bfa1e4a285,49.269177,-123.15027,2,FALSE,FALSE,13551,NA,1783361883,2026-07-06T18:18:03Z,2026-07-06T18:18:03Z,2026-07-06T18:18:03Z,2.2,https://data.lime.bike/api/partners/v2/gbfs/vancouver_bc/gbfs.json,https://data.lime.bike/api/partners/v2/gbfs/vancouver_bc/free_bike_status,2026-07-06T18:18:00Z,2026-07-06T18:18:00Z
lime_vancouver,lime_vancouver_75628789-ca32-43f7-b4c4-6c736411bc0e,75628789-ca32-43f7-b4c4-6c736411bc0e,49.258693,-123.057151,2,FALSE,FALSE,9801,NA,1783361883,2026-07-06T18:18:03Z,2026-07-06T18:18:03Z,2026-07-06T18:18:03Z,2.2,https://data.lime.bike/api/partners/v2/gbfs/vancouver_bc/gbfs.json,https://data.lime.bike/api/partners/v2/gbfs/vancouver_bc/free_bike_status,2026-07-06T18:18:00Z,2026-07-06T18:18:00Z
lime_vancouver,lime_vancouver_99b1b193-9429-4045-ba27-6f08b4d0a2ee,99b1b193-9429-4045-ba27-6f08b4d0a2ee,49.258745,-123.057128,2,FALSE,FALSE,30111,NA,1783361883,2026-07-06T18:18:03Z,2026-07-06T18:18:03Z,2026-07-06T18:18:03Z,2.2,https://data.lime.bike/api/partners/v2/gbfs/vancouver_bc/gbfs.json,https://data.lime.bike/api/partners/v2/gbfs/vancouver_bc/free_bike_status,2026-07-06T18:18:00Z,2026-07-06T18:18:00Z
lime_vancouver,lime_vancouver_a041518e-c781-4a83-8d88-e1d542a6cf88,a041518e-c781-4a83-8d88-e1d542a6cf88,49.279972,-123.110626,2,FALSE,FALSE,27101,NA,1783361883,2026-07-06T18:18:03Z,2026-07-06T18:18:03Z,2026-07-06T18:18:03Z,2.2,https://data.lime.bike/api/partners/v2/gbfs/vancouver_bc/gbfs.json,https://data.lime.bike/api/partners/v2/gbfs/vancouver_bc/free_bike_status,2026-07-06T18:18:00Z,2026-07-06T18:18:00Z
lime_vancouver,lime_vancouver_38216175-6ced-4e26-9d27-036985ad24f9,38216175-6ced-4e26-9d27-036985ad24f9,49.269723,-123.135686,2,FALSE,FALSE,16399,NA,1783361883,2026-07-06T18:18:03Z,2026-07-06T18:18:03Z,2026-07-06T18:18:03Z,2.2,https://data.lime.bike/api/partners/v2/gbfs/vancouver_bc/gbfs.json,https://data.lime.bike/api/partners/v2/gbfs/vancouver_bc/free_bike_status,2026-07-06T18:18:00Z,2026-07-06T18:18:00Z
lime_vancouver,lime_vancouver_b10a2975-e2ce-4ed8-9be3-eeec35886cd3,b10a2975-e2ce-4ed8-9be3-eeec35886cd3,49.283601,-123.110469,2,FALSE,FALSE,21211,NA,1783361883,2026-07-06T18:18:03Z,2026-07-06T18:18:03Z,2026-07-06T18:18:03Z,2.2,https://data.lime.bike/api/partners/v2/gbfs/vancouver_bc/gbfs.json,https://data.lime.bike/api/partners/v2/gbfs/vancouver_bc/free_bike_status,2026-07-06T18:18:00Z,2026-07-06T18:18:00Z
lime_vancouver,lime_vancouver_8565cf1a-c299-4404-af60-e1923b24a488,8565cf1a-c299-4404-af60-e1923b24a488,49.2911,-123.127679,2,FALSE,FALSE,5246,NA,1783361883,2026-07-06T18:18:03Z,2026-07-06T18:18:03Z,2026-07-06T18:18:03Z,2.2,https://data.lime.bike/api/partners/v2/gbfs/vancouver_bc/gbfs.json,https://data.lime.bike/api/partners/v2/gbfs/vancouver_bc/free_bike_status,2026-07-06T18:18:00Z,2026-07-06T18:18:00Z
lime_vancouver,lime_vancouver_50ef5dcb-c9fd-4254-88ff-34930e250f71,50ef5dcb-c9fd-4254-88ff-34930e250f71,49.235211,-123.037568,2,FALSE,FALSE,39348,NA,1783361883,2026-07-06T18:18:03Z,2026-07-06T18:18:03Z,2026-07-06T18:18:03Z,2.2,https://data.lime.bike/api/partners/v2/gbfs/vancouver_bc/gbfs.json,https://data.lime.bike/api/partners/v2/gbfs/vancouver_bc/free_bike_status,2026-07-06T18:18:00Z,2026-07-06T18:18:00Z
lime_vancouver,lime_vancouver_97119c5e-438f-44c8-ade1-2af5160f3396,97119c5e-438f-44c8-ade1-2af5160f3396,49.263506,-123.098864,2,FALSE,FALSE,5246,NA,1783361883,2026-07-06T18:18:03Z,2026-07-06T18:18:03Z,2026-07-06T18:18:03Z,2.2,https://data.lime.bike/api/partners/v2/gbfs/vancouver_bc/gbfs.json,https://data.lime.bike/api/partners/v2/gbfs/vancouver_bc/free_bike_status,2026-07-06T18:18:00Z,2026-07-06T18:18:00Z
lime_vancouver,lime_vancouver_28a831d9-44e0-474b-82d0-8628b0095ae5,28a831d9-44e0-474b-82d0-8628b0095ae5,49.288586,-123.119953,2,FALSE,FALSE,2639,NA,1783361883,2026-07-06T18:18:03Z,2026-07-06T18:18:03Z,2026-07-06T18:18:03Z,2.2,https://data.lime.bike/api/partners/v2/gbfs/vancouver_bc/gbfs.json,https://data.lime.bike/api/partners/v2/gbfs/vancouver_bc/free_bike_status,2026-07-06T18:18:00Z,2026-07-06T18:18:00Z
lime_vancouver,lime_vancouver_fc99f732-86f8-4454-9f8d-8d6db21ca8a5,fc99f732-86f8-4454-9f8d-8d6db21ca8a5,49.283745,-123.11051,2,FALSE,FALSE,33651,NA,1783361883,2026-07-06T18:18:03Z,2026-07-06T18:18:03Z,2026-07-06T18:18:03Z,2.2,https://data.lime.bike/api/partners/v2/gbfs/vancouver_bc/gbfs.json,https://data.lime.bike/api/partners/v2/gbfs/vancouver_bc/free_bike_status,2026-07-06T18:18:00Z,2026-07-06T18:18:00Z
lime_vancouver,lime_vancouver_eaedf941-ee38-481b-b685-0e5fef4641d5,eaedf941-ee38-481b-b685-0e5fef4641d5,49.291882,-123.138028,2,FALSE,FALSE,47073,NA,1783361883,2026-07-06T18:18:03Z,2026-07-06T18:18:03Z,2026-07-06T18:18:03Z,2.2,https://data.lime.bike/api/partners/v2/gbfs/vancouver_bc/gbfs.json,https://data.lime.bike/api/partners/v2/gbfs/vancouver_bc/free_bike_status,2026-07-06T18:18:00Z,2026-07-06T18:18:00Z
lime_vancouver,lime_vancouver_f72f9a6d-d6b7-47a7-b74b-60c4313c6774,f72f9a6d-d6b7-47a7-b74b-60c4313c6774,49.281881,-123.107158,2,FALSE,FALSE,19280,NA,1783361883,2026-07-06T18:18:03Z,2026-07-06T18:18:03Z,2026-07-06T18:18:03Z,2.2,https://data.lime.bike/api/partners/v2/gbfs/vancouver_bc/gbfs.json,https://data.lime.bike/api/partners/v2/gbfs/vancouver_bc/free_bike_status,2026-07-06T18:18:00Z,2026-07-06T18:18:00Z
lime_vancouver,lime_vancouver_7d7b0840-0ef9-4221-98c5-fb79db37c63e,7d7b0840-0ef9-4221-98c5-fb79db37c63e,49.265425,-123.096609,2,FALSE,FALSE,7950,NA,1783361883,2026-07-06T18:18:03Z,2026-07-06T18:18:03Z,2026-07-06T18:18:03Z,2.2,https://data.lime.bike/api/partners/v2/gbfs/vancouver_bc/gbfs.json,https://data.lime.bike/api/partners/v2/gbfs/vancouver_bc/free_bike_status,2026-07-06T18:18:00Z,2026-07-06T18:18:00Z
lime_vancouver,lime_vancouver_b0917b33-bb71-4663-a2a2-46298e3a9ef2,b0917b33-bb71-4663-a2a2-46298e3a9ef2,49.269587,-123.131937,2,FALSE,FALSE,17365,NA,1783361883,2026-07-06T18:18:03Z,2026-07-06T18:18:03Z,2026-07-06T18:18:03Z,2.2,https://data.lime.bike/api/partners/v2/gbfs/vancouver_bc/gbfs.json,https://data.lime.bike/api/partners/v2/gbfs/vancouver_bc/free_bike_status,2026-07-06T18:18:00Z,2026-07-06T18:18:00Z
lime_vancouver,lime_vancouver_62dbc83a-83fd-4ff7-a950-72940fbfdb68,62dbc83a-83fd-4ff7-a950-72940fbfdb68,49.28038,-123.030813,2,FALSE,FALSE,5246,NA,1783361883,2026-07-06T18:18:03Z,2026-07-06T18:18:03Z,2026-07-06T18:18:03Z,2.2,https://data.lime.bike/api/partners/v2/gbfs/vancouver_bc/gbfs.json,https://data.lime.bike/api/partners/v2/gbfs/vancouver_bc/free_bike_status,2026-07-06T18:18:00Z,2026-07-06T18:18:00Z
lime_vancouver,lime_vancouver_1bdb303e-5607-486b-9006-64856a5bad00,1bdb303e-5607-486b-9006-64856a5bad00,49.269741,-123.135604,2,FALSE,FALSE,40395,NA,1783361883,2026-07-06T18:18:03Z,2026-07-06T18:18:03Z,2026-07-06T18:18:03Z,2.2,https://data.lime.bike/api/partners/v2/gbfs/vancouver_bc/gbfs.json,https://data.lime.bike/api/partners/v2/gbfs/vancouver_bc/free_bike_status,2026-07-06T18:18:00Z,2026-07-06T18:18:00Z
lime_vancouver,lime_vancouver_7b53085c-cf13-4e78-9888-0b74236a5c2c,7b53085c-cf13-4e78-9888-0b74236a5c2c,49.248741,-123.039371,2,FALSE,FALSE,20728,NA,1783361883,2026-07-06T18:18:03Z,2026-07-06T18:18:03Z,2026-07-06T18:18:03Z,2.2,https://data.lime.bike/api/partners/v2/gbfs/vancouver_bc/gbfs.json,https://data.lime.bike/api/partners/v2/gbfs/vancouver_bc/free_bike_status,2026-07-06T18:18:00Z,2026-07-06T18:18:00Z
lime_vancouver,lime_vancouver_c137a067-2539-4a26-bd78-3cfb7d614001,c137a067-2539-4a26-bd78-3cfb7d614001,49.286762,-123.029645,2,FALSE,FALSE,5246,NA,1783361883,2026-07-06T18:18:03Z,2026-07-06T18:18:03Z,2026-07-06T18:18:03Z,2.2,https://data.lime.bike/api/partners/v2/gbfs/vancouver_bc/gbfs.json,https://data.lime.bike/api/partners/v2/gbfs/vancouver_bc/free_bike_status,2026-07-06T18:18:00Z,2026-07-06T18:18:00Z
lime_vancouver,lime_vancouver_bd1ce2c4-162d-4d56-bbf3-69a3d764989e,bd1ce2c4-162d-4d56-bbf3-69a3d764989e,49.26555,-123.143664,2,FALSE,FALSE,42969,NA,1783361883,2026-07-06T18:18:03Z,2026-07-06T18:18:03Z,2026-07-06T18:18:03Z,2.2,https://data.lime.bike/api/partners/v2/gbfs/vancouver_bc/gbfs.json,https://data.lime.bike/api/partners/v2/gbfs/vancouver_bc/free_bike_status,2026-07-06T18:18:00Z,2026-07-06T18:18:00Z
lime_vancouver,lime_vancouver_f4eb263b-b0cd-43a6-a721-6daabdf810e9,f4eb263b-b0cd-43a6-a721-6daabdf810e9,49.229193,-123.023944,2,FALSE,FALSE,12698,NA,1783361883,2026-07-06T18:18:03Z,2026-07-06T18:18:03Z,2026-07-06T18:18:03Z,2.2,https://data.lime.bike/api/partners/v2/gbfs/vancouver_bc/gbfs.json,https://data.lime.bike/api/partners/v2/gbfs/vancouver_bc/free_bike_status,2026-07-06T18:18:00Z,2026-07-06T18:18:00Z
lime_vancouver,lime_vancouver_51dc632a-b7ed-476b-86ca-c9e6ff025a98,51dc632a-b7ed-476b-86ca-c9e6ff025a98,49.232876,-123.074214,2,FALSE,FALSE,43999,NA,1783361883,2026-07-06T18:18:03Z,2026-07-06T18:18:03Z,2026-07-06T18:18:03Z,2.2,https://data.lime.bike/api/partners/v2/gbfs/vancouver_bc/gbfs.json,https://data.lime.bike/api/partners/v2/gbfs/vancouver_bc/free_bike_status,2026-07-06T18:18:00Z,2026-07-06T18:18:00Z
lime_vancouver,lime_vancouver_5d6571b6-216c-4966-a53c-9f6b1d88830e,5d6571b6-216c-4966-a53c-9f6b1d88830e,49.269064,-123.104626,2,FALSE,FALSE,15450,NA,1783361883,2026-07-06T18:18:03Z,2026-07-06T18:18:03Z,2026-07-06T18:18:03Z,2.2,https://data.lime.bike/api/partners/v2/gbfs/vancouver_bc/gbfs.json,https://data.lime.bike/api/partners/v2/gbfs/vancouver_bc/free_bike_status,2026-07-06T18:18:00Z,2026-07-06T18:18:00Z
lime_vancouver,lime_vancouver_259874ea-e05c-413d-bc14-ae66d5c788cd,259874ea-e05c-413d-bc14-ae66d5c788cd,49.27402,-123.073169,2,FALSE,FALSE,4796,NA,1783361883,2026-07-06T18:18:03Z,2026-07-06T18:18:03Z,2026-07-06T18:18:03Z,2.2,https://data.lime.bike/api/partners/v2/gbfs/vancouver_bc/gbfs.json,https://data.lime.bike/api/partners/v2/gbfs/vancouver_bc/free_bike_status,2026-07-06T18:18:00Z,2026-07-06T18:18:00Z
lime_vancouver,lime_vancouver_9034e52b-e31c-4e9f-a481-95ec13b9e48a,9034e52b-e31c-4e9f-a481-95ec13b9e48a,49.281481,-123.137339,2,FALSE,FALSE,20246,NA,1783361883,2026-07-06T18:18:03Z,2026-07-06T18:18:03Z,2026-07-06T18:18:03Z,2.2,https://data.lime.bike/api/partners/v2/gbfs/vancouver_bc/gbfs.json,https://data.lime.bike/api/partners/v2/gbfs/vancouver_bc/free_bike_status,2026-07-06T18:18:00Z,2026-07-06T18:18:00Z
lime_vancouver,lime_vancouver_207e92b7-628a-463b-9b04-adc321e38d30,207e92b7-628a-463b-9b04-adc321e38d30,49.262722,-123.139122,2,FALSE,FALSE,5697,NA,1783361883,2026-07-06T18:18:03Z,2026-07-06T18:18:03Z,2026-07-06T18:18:03Z,2.2,https://data.lime.bike/api/partners/v2/gbfs/vancouver_bc/gbfs.json,https://data.lime.bike/api/partners/v2/gbfs/vancouver_bc/free_bike_status,2026-07-06T18:18:00Z,2026-07-06T18:18:00Z
lime_vancouver,lime_vancouver_5c84b12e-e1a2-402d-bbea-1d571627c41a,5c84b12e-e1a2-402d-bbea-1d571627c41a,49.289887,-123.124179,2,FALSE,FALSE,35196,NA,1783361883,2026-07-06T18:18:03Z,2026-07-06T18:18:03Z,2026-07-06T18:18:03Z,2.2,https://data.lime.bike/api/partners/v2/gbfs/vancouver_bc/gbfs.json,https://data.lime.bike/api/partners/v2/gbfs/vancouver_bc/free_bike_status,2026-07-06T18:18:00Z,2026-07-06T18:18:00Z
lime_vancouver,lime_vancouver_21b96e54-4f5d-43df-929d-fa44223cdb0f,21b96e54-4f5d-43df-929d-fa44223cdb0f,49.238593,-123.051711,2,FALSE,FALSE,31125,NA,1783361883,2026-07-06T18:18:03Z,2026-07-06T18:18:03Z,2026-07-06T18:18:03Z,2.2,https://data.lime.bike/api/partners/v2/gbfs/vancouver_bc/gbfs.json,https://data.lime.bike/api/partners/v2/gbfs/vancouver_bc/free_bike_status,2026-07-06T18:18:00Z,2026-07-06T18:18:00Z
lime_vancouver,lime_vancouver_820e855a-46d1-489c-b2c5-7f2c14e26971,820e855a-46d1-489c-b2c5-7f2c14e26971,49.256463,-123.034159,2,FALSE,FALSE,7049,NA,1783361883,2026-07-06T18:18:03Z,2026-07-06T18:18:03Z,2026-07-06T18:18:03Z,2.2,https://data.lime.bike/api/partners/v2/gbfs/vancouver_bc/gbfs.json,https://data.lime.bike/api/partners/v2/gbfs/vancouver_bc/free_bike_status,2026-07-06T18:18:00Z,2026-07-06T18:18:00Z
lime_vancouver,lime_vancouver_2b1f4d85-6f8d-47a8-a096-5f8b16211a89,2b1f4d85-6f8d-47a8-a096-5f8b16211a89,49.263734,-123.157677,2,FALSE,FALSE,9801,NA,1783361883,2026-07-06T18:18:03Z,2026-07-06T18:18:03Z,2026-07-06T18:18:03Z,2.2,https://data.lime.bike/api/partners/v2/gbfs/vancouver_bc/gbfs.json,https://data.lime.bike/api/partners/v2/gbfs/vancouver_bc/free_bike_status,2026-07-06T18:18:00Z,2026-07-06T18:18:00Z
lime_vancouver,lime_vancouver_37cd7028-0dcb-401c-bbe4-7e73dcb1e905,37cd7028-0dcb-401c-bbe4-7e73dcb1e905,49.273862,-123.144268,2,FALSE,FALSE,6582,NA,1783361883,2026-07-06T18:18:03Z,2026-07-06T18:18:03Z,2026-07-06T18:18:03Z,2.2,https://data.lime.bike/api/partners/v2/gbfs/vancouver_bc/gbfs.json,https://data.lime.bike/api/partners/v2/gbfs/vancouver_bc/free_bike_status,2026-07-06T18:18:00Z,2026-07-06T18:18:00Z
lime_vancouver,lime_vancouver_2ea56fc3-874b-4250-931a-16d13b26a000,2ea56fc3-874b-4250-931a-16d13b26a000,49.259313,-123.045461,2,FALSE,FALSE,7049,NA,1783361883,2026-07-06T18:18:03Z,2026-07-06T18:18:03Z,2026-07-06T18:18:03Z,2.2,https://data.lime.bike/api/partners/v2/gbfs/vancouver_bc/gbfs.json,https://data.lime.bike/api/partners/v2/gbfs/vancouver_bc/free_bike_status,2026-07-06T18:18:00Z,2026-07-06T18:18:00Z
lime_vancouver,lime_vancouver_b833fe82-48a1-40ec-bda0-8872b83d42d9,b833fe82-48a1-40ec-bda0-8872b83d42d9,49.248745,-123.039333,2,FALSE,FALSE,40910,NA,1783361883,2026-07-06T18:18:03Z,2026-07-06T18:18:03Z,2026-07-06T18:18:03Z,2.2,https://data.lime.bike/api/partners/v2/gbfs/vancouver_bc/gbfs.json,https://data.lime.bike/api/partners/v2/gbfs/vancouver_bc/free_bike_status,2026-07-06T18:18:00Z,2026-07-06T18:18:00Z
lime_vancouver,lime_vancouver_1fa3bc4f-5013-4bb5-85e2-6ffbbf0af5cf,1fa3bc4f-5013-4bb5-85e2-6ffbbf0af5cf,49.262686,-123.155352,2,FALSE,FALSE,47073,NA,1783361883,2026-07-06T18:18:03Z,2026-07-06T18:18:03Z,2026-07-06T18:18:03Z,2.2,https://data.lime.bike/api/partners/v2/gbfs/vancouver_bc/gbfs.json,https://data.lime.bike/api/partners/v2/gbfs/vancouver_bc/free_bike_status,2026-07-06T18:18:00Z,2026-07-06T18:18:00Z
lime_vancouver,lime_vancouver_41ebb035-dcdf-42f8-8a40-6d3b7d00017a,41ebb035-dcdf-42f8-8a40-6d3b7d00017a,49.274051,-123.073114,2,FALSE,FALSE,29612,NA,1783361883,2026-07-06T18:18:03Z,2026-07-06T18:18:03Z,2026-07-06T18:18:03Z,2.2,https://data.lime.bike/api/partners/v2/gbfs/vancouver_bc/gbfs.json,https://data.lime.bike/api/partners/v2/gbfs/vancouver_bc/free_bike_status,2026-07-06T18:18:00Z,2026-07-06T18:18:00Z
lime_vancouver,lime_vancouver_ac3b8b14-4826-475d-b305-2250b910c6ef,ac3b8b14-4826-475d-b305-2250b910c6ef,49.283619,-123.112655,2,FALSE,FALSE,20728,NA,1783361883,2026-07-06T18:18:03Z,2026-07-06T18:18:03Z,2026-07-06T18:18:03Z,2.2,https://data.lime.bike/api/partners/v2/gbfs/vancouver_bc/gbfs.json,https://data.lime.bike/api/partners/v2/gbfs/vancouver_bc/free_bike_status,2026-07-06T18:18:00Z,2026-07-06T18:18:00Z
lime_vancouver,lime_vancouver_4f0676d4-96d6-420d-af28-c5032d8d96da,4f0676d4-96d6-420d-af28-c5032d8d96da,49.280956,-123.089402,2,FALSE,FALSE,38302,NA,1783361883,2026-07-06T18:18:03Z,2026-07-06T18:18:03Z,2026-07-06T18:18:03Z,2.2,https://data.lime.bike/api/partners/v2/gbfs/vancouver_bc/gbfs.json,https://data.lime.bike/api/partners/v2/gbfs/vancouver_bc/free_bike_status,2026-07-06T18:18:00Z,2026-07-06T18:18:00Z
lime_vancouver,lime_vancouver_af8e165f-a0fd-47f8-bd64-fb775d37500e,af8e165f-a0fd-47f8-bd64-fb775d37500e,49.283463,-123.112694,2,FALSE,FALSE,21211,NA,1783361883,2026-07-06T18:18:03Z,2026-07-06T18:18:03Z,2026-07-06T18:18:03Z,2.2,https://data.lime.bike/api/partners/v2/gbfs/vancouver_bc/gbfs.json,https://data.lime.bike/api/partners/v2/gbfs/vancouver_bc/free_bike_status,2026-07-06T18:18:00Z,2026-07-06T18:18:00Z
lime_vancouver,lime_vancouver_c21c9f3a-5078-48af-a869-8d21cc0449e3,c21c9f3a-5078-48af-a869-8d21cc0449e3,49.267262,-123.091016,2,FALSE,FALSE,25122,NA,1783361883,2026-07-06T18:18:03Z,2026-07-06T18:18:03Z,2026-07-06T18:18:03Z,2.2,https://data.lime.bike/api/partners/v2/gbfs/vancouver_bc/gbfs.json,https://data.lime.bike/api/partners/v2/gbfs/vancouver_bc/free_bike_status,2026-07-06T18:18:00Z,2026-07-06T18:18:00Z
lime_vancouver,lime_vancouver_70e6360f-eebe-4031-b203-f3f0c03f23d2,70e6360f-eebe-4031-b203-f3f0c03f23d2,49.259324,-123.04535,2,FALSE,FALSE,31624,NA,1783361883,2026-07-06T18:18:03Z,2026-07-06T18:18:03Z,2026-07-06T18:18:03Z,2.2,https://data.lime.bike/api/partners/v2/gbfs/vancouver_bc/gbfs.json,https://data.lime.bike/api/partners/v2/gbfs/vancouver_bc/free_bike_status,2026-07-06T18:18:00Z,2026-07-06T18:18:00Z
lime_vancouver,lime_vancouver_a91ba18d-fbd2-46d2-bb10-75f99923b442,a91ba18d-fbd2-46d2-bb10-75f99923b442,49.279467,-123.105886,2,FALSE,FALSE,18797,NA,1783361883,2026-07-06T18:18:03Z,2026-07-06T18:18:03Z,2026-07-06T18:18:03Z,2.2,https://data.lime.bike/api/partners/v2/gbfs/vancouver_bc/gbfs.json,https://data.lime.bike/api/partners/v2/gbfs/vancouver_bc/free_bike_status,2026-07-06T18:18:00Z,2026-07-06T18:18:00Z
lime_vancouver,lime_vancouver_4b24a87a-d71c-4b41-8ecb-35e41a329dc3,4b24a87a-d71c-4b41-8ecb-35e41a329dc3,49.277516,-123.091393,2,FALSE,FALSE,22660,NA,1783361883,2026-07-06T18:18:03Z,2026-07-06T18:18:03Z,2026-07-06T18:18:03Z,2.2,https://data.lime.bike/api/partners/v2/gbfs/vancouver_bc/gbfs.json,https://data.lime.bike/api/partners/v2/gbfs/vancouver_bc/free_bike_status,2026-07-06T18:18:00Z,2026-07-06T18:18:00Z
lime_vancouver,lime_vancouver_da3e574e-f3d4-4a51-8fd1-c2cdd0a94e3a,da3e574e-f3d4-4a51-8fd1-c2cdd0a94e3a,49.235853,-123.05517,2,FALSE,FALSE,28598,NA,1783361883,2026-07-06T18:18:03Z,2026-07-06T18:18:03Z,2026-07-06T18:18:03Z,2.2,https://data.lime.bike/api/partners/v2/gbfs/vancouver_bc/gbfs.json,https://data.lime.bike/api/partners/v2/gbfs/vancouver_bc/free_bike_status,2026-07-06T18:18:00Z,2026-07-06T18:18:00Z
lime_vancouver,lime_vancouver_eaae80b8-484f-464b-acdc-110ad7c3b263,eaae80b8-484f-464b-acdc-110ad7c3b263,49.26986,-123.135567,2,FALSE,FALSE,37272,NA,1783361883,2026-07-06T18:18:03Z,2026-07-06T18:18:03Z,2026-07-06T18:18:03Z,2.2,https://data.lime.bike/api/partners/v2/gbfs/vancouver_bc/gbfs.json,https://data.lime.bike/api/partners/v2/gbfs/vancouver_bc/free_bike_status,2026-07-06T18:18:00Z,2026-07-06T18:18:00Z
lime_vancouver,lime_vancouver_f146cfff-5068-416d-9364-332ab230f232,f146cfff-5068-416d-9364-332ab230f232,49.252375,-123.034121,2,FALSE,FALSE,26104,NA,1783361883,2026-07-06T18:18:03Z,2026-07-06T18:18:03Z,2026-07-06T18:18:03Z,2.2,https://data.lime.bike/api/partners/v2/gbfs/vancouver_bc/gbfs.json,https://data.lime.bike/api/partners/v2/gbfs/vancouver_bc/free_bike_status,2026-07-06T18:18:00Z,2026-07-06T18:18:00Z
lime_vancouver,lime_vancouver_c8bef9ea-6161-4be2-a024-c995203b2ac5,c8bef9ea-6161-4be2-a024-c995203b2ac5,49.269221,-123.039059,2,FALSE,FALSE,38302,NA,1783361883,2026-07-06T18:18:03Z,2026-07-06T18:18:03Z,2026-07-06T18:18:03Z,2.2,https://data.lime.bike/api/partners/v2/gbfs/vancouver_bc/gbfs.json,https://data.lime.bike/api/partners/v2/gbfs/vancouver_bc/free_bike_status,2026-07-06T18:18:00Z,2026-07-06T18:18:00Z
lime_vancouver,lime_vancouver_80c24edb-e389-41b9-a7ce-08de6df070db,80c24edb-e389-41b9-a7ce-08de6df070db,49.259265,-123.045332,2,FALSE,FALSE,44514,NA,1783361883,2026-07-06T18:18:03Z,2026-07-06T18:18:03Z,2026-07-06T18:18:03Z,2.2,https://data.lime.bike/api/partners/v2/gbfs/vancouver_bc/gbfs.json,https://data.lime.bike/api/partners/v2/gbfs/vancouver_bc/free_bike_status,2026-07-06T18:18:00Z,2026-07-06T18:18:00Z
lime_vancouver,lime_vancouver_fdbf735b-9b06-4fc6-b385-c5d14e72e498,fdbf735b-9b06-4fc6-b385-c5d14e72e498,49.265877,-123.041498,2,FALSE,FALSE,6582,NA,1783361883,2026-07-06T18:18:03Z,2026-07-06T18:18:03Z,2026-07-06T18:18:03Z,2.2,https://data.lime.bike/api/partners/v2/gbfs/vancouver_bc/gbfs.json,https://data.lime.bike/api/partners/v2/gbfs/vancouver_bc/free_bike_status,2026-07-06T18:18:00Z,2026-07-06T18:18:00Z
lime_vancouver,lime_vancouver_c6104d6d-ff8f-4b37-bc51-86c7267b196b,c6104d6d-ff8f-4b37-bc51-86c7267b196b,49.271831,-123.164708,2,FALSE,FALSE,4796,NA,1783361883,2026-07-06T18:18:03Z,2026-07-06T18:18:03Z,2026-07-06T18:18:03Z,2.2,https://data.lime.bike/api/partners/v2/gbfs/vancouver_bc/gbfs.json,https://data.lime.bike/api/partners/v2/gbfs/vancouver_bc/free_bike_status,2026-07-06T18:18:00Z,2026-07-06T18:18:00Z
lime_vancouver,lime_vancouver_d1b1dbee-66cf-4657-962b-bf8aebefbda1,d1b1dbee-66cf-4657-962b-bf8aebefbda1,49.28992,-123.124087,2,FALSE,FALSE,19280,NA,1783361883,2026-07-06T18:18:03Z,2026-07-06T18:18:03Z,2026-07-06T18:18:03Z,2.2,https://data.lime.bike/api/partners/v2/gbfs/vancouver_bc/gbfs.json,https://data.lime.bike/api/partners/v2/gbfs/vancouver_bc/free_bike_status,2026-07-06T18:18:00Z,2026-07-06T18:18:00Z
lime_vancouver,lime_vancouver_1d953b7b-a4ae-4d44-9735-637bbebf7509,1d953b7b-a4ae-4d44-9735-637bbebf7509,49.291931,-123.138088,2,FALSE,FALSE,22660,NA,1783361883,2026-07-06T18:18:03Z,2026-07-06T18:18:03Z,2026-07-06T18:18:03Z,2.2,https://data.lime.bike/api/partners/v2/gbfs/vancouver_bc/gbfs.json,https://data.lime.bike/api/partners/v2/gbfs/vancouver_bc/free_bike_status,2026-07-06T18:18:00Z,2026-07-06T18:18:00Z
lime_vancouver,lime_vancouver_835866d9-ebdf-4f13-b962-e06d65016047,835866d9-ebdf-4f13-b962-e06d65016047,49.271816,-123.146041,2,FALSE,FALSE,24124,NA,1783361883,2026-07-06T18:18:03Z,2026-07-06T18:18:03Z,2026-07-06T18:18:03Z,2.2,https://data.lime.bike/api/partners/v2/gbfs/vancouver_bc/gbfs.json,https://data.lime.bike/api/partners/v2/gbfs/vancouver_bc/free_bike_status,2026-07-06T18:18:00Z,2026-07-06T18:18:00Z
lime_vancouver,lime_vancouver_8be49587-4f92-4730-976f-bc4a2b992323,8be49587-4f92-4730-976f-bc4a2b992323,49.244779,-123.045776,2,FALSE,FALSE,7950,NA,1783361883,2026-07-06T18:18:03Z,2026-07-06T18:18:03Z,2026-07-06T18:18:03Z,2.2,https://data.lime.bike/api/partners/v2/gbfs/vancouver_bc/gbfs.json,https://data.lime.bike/api/partners/v2/gbfs/vancouver_bc/free_bike_status,2026-07-06T18:18:00Z,2026-07-06T18:18:00Z
lime_vancouver,lime_vancouver_c1ebebd1-1fd1-4ec3-8d2f-dbf70be8950d,c1ebebd1-1fd1-4ec3-8d2f-dbf70be8950d,49.231055,-123.03254,2,FALSE,FALSE,6132,NA,1783361883,2026-07-06T18:18:03Z,2026-07-06T18:18:03Z,2026-07-06T18:18:03Z,2.2,https://data.lime.bike/api/partners/v2/gbfs/vancouver_bc/gbfs.json,https://data.lime.bike/api/partners/v2/gbfs/vancouver_bc/free_bike_status,2026-07-06T18:18:00Z,2026-07-06T18:18:00Z
lime_vancouver,lime_vancouver_392574a4-e270-4b75-9f57-499170e7aa38,392574a4-e270-4b75-9f57-499170e7aa38,49.277429,-123.087092,2,FALSE,FALSE,35711,NA,1783361883,2026-07-06T18:18:03Z,2026-07-06T18:18:03Z,2026-07-06T18:18:03Z,2.2,https://data.lime.bike/api/partners/v2/gbfs/vancouver_bc/gbfs.json,https://data.lime.bike/api/partners/v2/gbfs/vancouver_bc/free_bike_status,2026-07-06T18:18:00Z,2026-07-06T18:18:00Z
lime_vancouver,lime_vancouver_592660c0-5906-4480-9ada-139096dd6ed2,592660c0-5906-4480-9ada-139096dd6ed2,49.266961,-123.143611,2,FALSE,FALSE,5697,NA,1783361883,2026-07-06T18:18:03Z,2026-07-06T18:18:03Z,2026-07-06T18:18:03Z,2.2,https://data.lime.bike/api/partners/v2/gbfs/vancouver_bc/gbfs.json,https://data.lime.bike/api/partners/v2/gbfs/vancouver_bc/free_bike_status,2026-07-06T18:18:00Z,2026-07-06T18:18:00Z
lime_vancouver,lime_vancouver_23aa0341-de35-4753-8f29-902a3d47125b,23aa0341-de35-4753-8f29-902a3d47125b,49.265458,-123.096672,2,FALSE,FALSE,6582,NA,1783361883,2026-07-06T18:18:03Z,2026-07-06T18:18:03Z,2026-07-06T18:18:03Z,2.2,https://data.lime.bike/api/partners/v2/gbfs/vancouver_bc/gbfs.json,https://data.lime.bike/api/partners/v2/gbfs/vancouver_bc/free_bike_status,2026-07-06T18:18:00Z,2026-07-06T18:18:00Z
lime_vancouver,lime_vancouver_2ad24226-e2a2-4250-9bae-93c2da95a960,2ad24226-e2a2-4250-9bae-93c2da95a960,49.283615,-123.11265,2,FALSE,FALSE,43484,NA,1783361883,2026-07-06T18:18:03Z,2026-07-06T18:18:03Z,2026-07-06T18:18:03Z,2.2,https://data.lime.bike/api/partners/v2/gbfs/vancouver_bc/gbfs.json,https://data.lime.bike/api/partners/v2/gbfs/vancouver_bc/free_bike_status,2026-07-06T18:18:00Z,2026-07-06T18:18:00Z
lime_vancouver,lime_vancouver_c50f92b5-ee77-4f3c-a107-41452cb806ac,c50f92b5-ee77-4f3c-a107-41452cb806ac,49.266326,-123.08479,2,FALSE,FALSE,15450,NA,1783361883,2026-07-06T18:18:03Z,2026-07-06T18:18:03Z,2026-07-06T18:18:03Z,2.2,https://data.lime.bike/api/partners/v2/gbfs/vancouver_bc/gbfs.json,https://data.lime.bike/api/partners/v2/gbfs/vancouver_bc/free_bike_status,2026-07-06T18:18:00Z,2026-07-06T18:18:00Z
lime_vancouver,lime_vancouver_cff379d5-b5e4-434f-a69d-c32d32b0efdb,cff379d5-b5e4-434f-a69d-c32d32b0efdb,49.277627,-123.049204,2,FALSE,FALSE,6582,NA,1783361883,2026-07-06T18:18:03Z,2026-07-06T18:18:03Z,2026-07-06T18:18:03Z,2.2,https://data.lime.bike/api/partners/v2/gbfs/vancouver_bc/gbfs.json,https://data.lime.bike/api/partners/v2/gbfs/vancouver_bc/free_bike_status,2026-07-06T18:18:00Z,2026-07-06T18:18:00Z
lime_vancouver,lime_vancouver_ac03e589-ccd2-45c6-8f7c-a180ecaa54b6,ac03e589-ccd2-45c6-8f7c-a180ecaa54b6,49.281809,-123.123563,2,FALSE,FALSE,18797,NA,1783361883,2026-07-06T18:18:03Z,2026-07-06T18:18:03Z,2026-07-06T18:18:03Z,2.2,https://data.lime.bike/api/partners/v2/gbfs/vancouver_bc/gbfs.json,https://data.lime.bike/api/partners/v2/gbfs/vancouver_bc/free_bike_status,2026-07-06T18:18:00Z,2026-07-06T18:18:00Z
lime_vancouver,lime_vancouver_cb5c8007-b62d-48b3-913f-0b0dbfac5c1a,cb5c8007-b62d-48b3-913f-0b0dbfac5c1a,49.227214,-123.074215,2,FALSE,FALSE,13551,NA,1783361883,2026-07-06T18:18:03Z,2026-07-06T18:18:03Z,2026-07-06T18:18:03Z,2.2,https://data.lime.bike/api/partners/v2/gbfs/vancouver_bc/gbfs.json,https://data.lime.bike/api/partners/v2/gbfs/vancouver_bc/free_bike_status,2026-07-06T18:18:00Z,2026-07-06T18:18:00Z
lime_vancouver,lime_vancouver_bf7bf7b4-a185-4bc5-beac-730cd6dd6633,bf7bf7b4-a185-4bc5-beac-730cd6dd6633,49.243269,-123.026681,2,FALSE,FALSE,13084,NA,1783361883,2026-07-06T18:18:03Z,2026-07-06T18:18:03Z,2026-07-06T18:18:03Z,2.2,https://data.lime.bike/api/partners/v2/gbfs/vancouver_bc/gbfs.json,https://data.lime.bike/api/partners/v2/gbfs/vancouver_bc/free_bike_status,2026-07-06T18:18:00Z,2026-07-06T18:18:00Z
lime_vancouver,lime_vancouver_aaa4ca43-c180-44c9-a656-a00553455d4a,aaa4ca43-c180-44c9-a656-a00553455d4a,49.288239,-123.115826,2,FALSE,FALSE,27600,NA,1783361883,2026-07-06T18:18:03Z,2026-07-06T18:18:03Z,2026-07-06T18:18:03Z,2.2,https://data.lime.bike/api/partners/v2/gbfs/vancouver_bc/gbfs.json,https://data.lime.bike/api/partners/v2/gbfs/vancouver_bc/free_bike_status,2026-07-06T18:18:00Z,2026-07-06T18:18:00Z
lime_vancouver,lime_vancouver_ee69476e-89f8-4694-a037-80cd93426811,ee69476e-89f8-4694-a037-80cd93426811,49.265283,-123.135631,2,FALSE,FALSE,37787,NA,1783361883,2026-07-06T18:18:03Z,2026-07-06T18:18:03Z,2026-07-06T18:18:03Z,2.2,https://data.lime.bike/api/partners/v2/gbfs/vancouver_bc/gbfs.json,https://data.lime.bike/api/partners/v2/gbfs/vancouver_bc/free_bike_status,2026-07-06T18:18:00Z,2026-07-06T18:18:00Z
lime_vancouver,lime_vancouver_1f0810b2-9f36-4fa2-99f5-420a9f95a93d,1f0810b2-9f36-4fa2-99f5-420a9f95a93d,49.235426,-123.030883,2,FALSE,FALSE,20246,NA,1783361883,2026-07-06T18:18:03Z,2026-07-06T18:18:03Z,2026-07-06T18:18:03Z,2.2,https://data.lime.bike/api/partners/v2/gbfs/vancouver_bc/gbfs.json,https://data.lime.bike/api/partners/v2/gbfs/vancouver_bc/free_bike_status,2026-07-06T18:18:00Z,2026-07-06T18:18:00Z
lime_vancouver,lime_vancouver_38693fb2-8aca-48a2-8462-20fb22de86fb,38693fb2-8aca-48a2-8462-20fb22de86fb,49.262646,-123.139054,2,FALSE,FALSE,16882,NA,1783361883,2026-07-06T18:18:03Z,2026-07-06T18:18:03Z,2026-07-06T18:18:03Z,2.2,https://data.lime.bike/api/partners/v2/gbfs/vancouver_bc/gbfs.json,https://data.lime.bike/api/partners/v2/gbfs/vancouver_bc/free_bike_status,2026-07-06T18:18:00Z,2026-07-06T18:18:00Z
lime_vancouver,lime_vancouver_e5a120d1-1d81-4763-92da-7b44afe570d0,e5a120d1-1d81-4763-92da-7b44afe570d0,49.282971,-123.054962,2,FALSE,FALSE,4361,NA,1783361883,2026-07-06T18:18:03Z,2026-07-06T18:18:03Z,2026-07-06T18:18:03Z,2.2,https://data.lime.bike/api/partners/v2/gbfs/vancouver_bc/gbfs.json,https://data.lime.bike/api/partners/v2/gbfs/vancouver_bc/free_bike_status,2026-07-06T18:18:00Z,2026-07-06T18:18:00Z
lime_vancouver,lime_vancouver_43c6721b-cff5-4d9d-9599-2bce190bbef8,43c6721b-cff5-4d9d-9599-2bce190bbef8,49.229192,-123.023989,2,FALSE,FALSE,25991,NA,1783361883,2026-07-06T18:18:03Z,2026-07-06T18:18:03Z,2026-07-06T18:18:03Z,2.2,https://data.lime.bike/api/partners/v2/gbfs/vancouver_bc/gbfs.json,https://data.lime.bike/api/partners/v2/gbfs/vancouver_bc/free_bike_status,2026-07-06T18:18:00Z,2026-07-06T18:18:00Z
lime_vancouver,lime_vancouver_ffaffb9a-96ec-48b3-8ca6-40c9b2fd4e06,ffaffb9a-96ec-48b3-8ca6-40c9b2fd4e06,49.262534,-123.11973,2,FALSE,FALSE,21694,NA,1783361883,2026-07-06T18:18:03Z,2026-07-06T18:18:03Z,2026-07-06T18:18:03Z,2.2,https://data.lime.bike/api/partners/v2/gbfs/vancouver_bc/gbfs.json,https://data.lime.bike/api/partners/v2/gbfs/vancouver_bc/free_bike_status,2026-07-06T18:18:00Z,2026-07-06T18:18:00Z
lime_vancouver,lime_vancouver_bcba730c-d3d7-4162-b366-46be13130db5,bcba730c-d3d7-4162-b366-46be13130db5,49.250705,-123.083756,2,FALSE,FALSE,4796,NA,1783361883,2026-07-06T18:18:03Z,2026-07-06T18:18:03Z,2026-07-06T18:18:03Z,2.2,https://data.lime.bike/api/partners/v2/gbfs/vancouver_bc/gbfs.json,https://data.lime.bike/api/partners/v2/gbfs/vancouver_bc/free_bike_status,2026-07-06T18:18:00Z,2026-07-06T18:18:00Z
lime_vancouver,lime_vancouver_3e7e5c45-dfd1-4c02-857f-d37d8653e153,3e7e5c45-dfd1-4c02-857f-d37d8653e153,49.266953,-123.143422,2,FALSE,FALSE,22177,NA,1783361883,2026-07-06T18:18:03Z,2026-07-06T18:18:03Z,2026-07-06T18:18:03Z,2.2,https://data.lime.bike/api/partners/v2/gbfs/vancouver_bc/gbfs.json,https://data.lime.bike/api/partners/v2/gbfs/vancouver_bc/free_bike_status,2026-07-06T18:18:00Z,2026-07-06T18:18:00Z
lime_vancouver,lime_vancouver_614cec17-2823-4b01-8fdc-3e7352ff1a54,614cec17-2823-4b01-8fdc-3e7352ff1a54,49.248739,-123.039294,2,FALSE,FALSE,30111,NA,1783361883,2026-07-06T18:18:03Z,2026-07-06T18:18:03Z,2026-07-06T18:18:03Z,2.2,https://data.lime.bike/api/partners/v2/gbfs/vancouver_bc/gbfs.json,https://data.lime.bike/api/partners/v2/gbfs/vancouver_bc/free_bike_status,2026-07-06T18:18:00Z,2026-07-06T18:18:00Z
lime_vancouver,lime_vancouver_2f61dfb8-57da-4bab-b586-d86241c5ae69,2f61dfb8-57da-4bab-b586-d86241c5ae69,49.265297,-123.135778,2,FALSE,FALSE,9801,NA,1783361883,2026-07-06T18:18:03Z,2026-07-06T18:18:03Z,2026-07-06T18:18:03Z,2.2,https://data.lime.bike/api/partners/v2/gbfs/vancouver_bc/gbfs.json,https://data.lime.bike/api/partners/v2/gbfs/vancouver_bc/free_bike_status,2026-07-06T18:18:00Z,2026-07-06T18:18:00Z
lime_vancouver,lime_vancouver_51c00649-8f65-488b-a1fd-fb213bc30f28,51c00649-8f65-488b-a1fd-fb213bc30f28,49.238594,-123.051658,2,FALSE,FALSE,45528,NA,1783361883,2026-07-06T18:18:03Z,2026-07-06T18:18:03Z,2026-07-06T18:18:03Z,2.2,https://data.lime.bike/api/partners/v2/gbfs/vancouver_bc/gbfs.json,https://data.lime.bike/api/partners/v2/gbfs/vancouver_bc/free_bike_status,2026-07-06T18:18:00Z,2026-07-06T18:18:00Z
lime_vancouver,lime_vancouver_e78c7fa9-fc50-49bd-b89f-0dcdb5663452,e78c7fa9-fc50-49bd-b89f-0dcdb5663452,49.267255,-123.090987,2,FALSE,FALSE,13084,NA,1783361883,2026-07-06T18:18:03Z,2026-07-06T18:18:03Z,2026-07-06T18:18:03Z,2.2,https://data.lime.bike/api/partners/v2/gbfs/vancouver_bc/gbfs.json,https://data.lime.bike/api/partners/v2/gbfs/vancouver_bc/free_bike_status,2026-07-06T18:18:00Z,2026-07-06T18:18:00Z
lime_vancouver,lime_vancouver_3102c9ac-22db-422c-a270-d296ab26d5ac,3102c9ac-22db-422c-a270-d296ab26d5ac,49.249823,-123.036499,2,FALSE,FALSE,5697,NA,1783361883,2026-07-06T18:18:03Z,2026-07-06T18:18:03Z,2026-07-06T18:18:03Z,2.2,https://data.lime.bike/api/partners/v2/gbfs/vancouver_bc/gbfs.json,https://data.lime.bike/api/partners/v2/gbfs/vancouver_bc/free_bike_status,2026-07-06T18:18:00Z,2026-07-06T18:18:00Z
lime_vancouver,lime_vancouver_39f88e22-35e1-4b5f-ac10-5076a59f364b,39f88e22-35e1-4b5f-ac10-5076a59f364b,49.264971,-123.117176,2,FALSE,FALSE,25605,NA,1783361883,2026-07-06T18:18:03Z,2026-07-06T18:18:03Z,2026-07-06T18:18:03Z,2.2,https://data.lime.bike/api/partners/v2/gbfs/vancouver_bc/gbfs.json,https://data.lime.bike/api/partners/v2/gbfs/vancouver_bc/free_bike_status,2026-07-06T18:18:00Z,2026-07-06T18:18:00Z
lime_vancouver,lime_vancouver_6f79592d-7d7a-4d63-907f-fd629c723e6c,6f79592d-7d7a-4d63-907f-fd629c723e6c,49.262447,-123.119826,2,FALSE,FALSE,37787,NA,1783361883,2026-07-06T18:18:03Z,2026-07-06T18:18:03Z,2026-07-06T18:18:03Z,2.2,https://data.lime.bike/api/partners/v2/gbfs/vancouver_bc/gbfs.json,https://data.lime.bike/api/partners/v2/gbfs/vancouver_bc/free_bike_status,2026-07-06T18:18:00Z,2026-07-06T18:18:00Z
lime_vancouver,lime_vancouver_90b7173b-7175-4546-857b-da80402d9e5f,90b7173b-7175-4546-857b-da80402d9e5f,49.267785,-123.069494,2,FALSE,FALSE,3492,NA,1783361883,2026-07-06T18:18:03Z,2026-07-06T18:18:03Z,2026-07-06T18:18:03Z,2.2,https://data.lime.bike/api/partners/v2/gbfs/vancouver_bc/gbfs.json,https://data.lime.bike/api/partners/v2/gbfs/vancouver_bc/free_bike_status,2026-07-06T18:18:00Z,2026-07-06T18:18:00Z
lime_vancouver,lime_vancouver_8575f676-f81b-4e0e-bc98-b780a87c6d48,8575f676-f81b-4e0e-bc98-b780a87c6d48,49.287014,-123.125821,2,FALSE,FALSE,3492,NA,1783361883,2026-07-06T18:18:03Z,2026-07-06T18:18:03Z,2026-07-06T18:18:03Z,2.2,https://data.lime.bike/api/partners/v2/gbfs/vancouver_bc/gbfs.json,https://data.lime.bike/api/partners/v2/gbfs/vancouver_bc/free_bike_status,2026-07-06T18:18:00Z,2026-07-06T18:18:00Z
lime_vancouver,lime_vancouver_a68a0558-9196-455a-956e-5cdba62c41e8,a68a0558-9196-455a-956e-5cdba62c41e8,49.247715,-123.073457,2,FALSE,FALSE,45013,NA,1783361883,2026-07-06T18:18:03Z,2026-07-06T18:18:03Z,2026-07-06T18:18:03Z,2.2,https://data.lime.bike/api/partners/v2/gbfs/vancouver_bc/gbfs.json,https://data.lime.bike/api/partners/v2/gbfs/vancouver_bc/free_bike_status,2026-07-06T18:18:00Z,2026-07-06T18:18:00Z
lime_vancouver,lime_vancouver_a767c454-e22d-485c-8276-cf6b52430f2a,a767c454-e22d-485c-8276-cf6b52430f2a,49.273085,-123.069259,2,FALSE,FALSE,22177,NA,1783361883,2026-07-06T18:18:03Z,2026-07-06T18:18:03Z,2026-07-06T18:18:03Z,2.2,https://data.lime.bike/api/partners/v2/gbfs/vancouver_bc/gbfs.json,https://data.lime.bike/api/partners/v2/gbfs/vancouver_bc/free_bike_status,2026-07-06T18:18:00Z,2026-07-06T18:18:00Z
lime_vancouver,lime_vancouver_df42e6eb-4b1e-4c9a-b970-b48d13247435,df42e6eb-4b1e-4c9a-b970-b48d13247435,49.276777,-123.122744,2,FALSE,FALSE,25605,NA,1783361883,2026-07-06T18:18:03Z,2026-07-06T18:18:03Z,2026-07-06T18:18:03Z,2.2,https://data.lime.bike/api/partners/v2/gbfs/vancouver_bc/gbfs.json,https://data.lime.bike/api/partners/v2/gbfs/vancouver_bc/free_bike_status,2026-07-06T18:18:00Z,2026-07-06T18:18:00Z
lime_vancouver,lime_vancouver_91f4d96a-3ef7-4889-a87c-96644ee13e4e,91f4d96a-3ef7-4889-a87c-96644ee13e4e,49.283326,-123.115682,2,FALSE,FALSE,8417,NA,1783361883,2026-07-06T18:18:03Z,2026-07-06T18:18:03Z,2026-07-06T18:18:03Z,2.2,https://data.lime.bike/api/partners/v2/gbfs/vancouver_bc/gbfs.json,https://data.lime.bike/api/partners/v2/gbfs/vancouver_bc/free_bike_status,2026-07-06T18:18:00Z,2026-07-06T18:18:00Z
lime_vancouver,lime_vancouver_4a260d41-7027-44a1-ba7e-a66f5579e6f4,4a260d41-7027-44a1-ba7e-a66f5579e6f4,49.263948,-123.104926,2,FALSE,FALSE,7049,NA,1783361883,2026-07-06T18:18:03Z,2026-07-06T18:18:03Z,2026-07-06T18:18:03Z,2.2,https://data.lime.bike/api/partners/v2/gbfs/vancouver_bc/gbfs.json,https://data.lime.bike/api/partners/v2/gbfs/vancouver_bc/free_bike_status,2026-07-06T18:18:00Z,2026-07-06T18:18:00Z
lime_vancouver,lime_vancouver_29bcbe94-8bc0-4644-9ec3-f2def31c248e,29bcbe94-8bc0-4644-9ec3-f2def31c248e,49.280815,-123.109032,2,FALSE,FALSE,14500,NA,1783361883,2026-07-06T18:18:03Z,2026-07-06T18:18:03Z,2026-07-06T18:18:03Z,2.2,https://data.lime.bike/api/partners/v2/gbfs/vancouver_bc/gbfs.json,https://data.lime.bike/api/partners/v2/gbfs/vancouver_bc/free_bike_status,2026-07-06T18:18:00Z,2026-07-06T18:18:00Z
lime_vancouver,lime_vancouver_f36d34e9-910d-44d4-89cd-6ca8d7791b2e,f36d34e9-910d-44d4-89cd-6ca8d7791b2e,49.239945,-123.074138,2,FALSE,FALSE,7950,NA,1783361883,2026-07-06T18:18:03Z,2026-07-06T18:18:03Z,2026-07-06T18:18:03Z,2.2,https://data.lime.bike/api/partners/v2/gbfs/vancouver_bc/gbfs.json,https://data.lime.bike/api/partners/v2/gbfs/vancouver_bc/free_bike_status,2026-07-06T18:18:00Z,2026-07-06T18:18:00Z
lime_vancouver,lime_vancouver_4421bcc2-ed42-4e23-bd57-750dffb9a4d6,4421bcc2-ed42-4e23-bd57-750dffb9a4d6,49.265284,-123.117151,2,FALSE,FALSE,5246,NA,1783361883,2026-07-06T18:18:03Z,2026-07-06T18:18:03Z,2026-07-06T18:18:03Z,2.2,https://data.lime.bike/api/partners/v2/gbfs/vancouver_bc/gbfs.json,https://data.lime.bike/api/partners/v2/gbfs/vancouver_bc/free_bike_status,2026-07-06T18:18:00Z,2026-07-06T18:18:00Z
lime_vancouver,lime_vancouver_86e35288-5557-4764-8dd2-30b30b9a6d3b,86e35288-5557-4764-8dd2-30b30b9a6d3b,49.27423,-123.125056,2,FALSE,FALSE,12134,NA,1783361883,2026-07-06T18:18:03Z,2026-07-06T18:18:03Z,2026-07-06T18:18:03Z,2.2,https://data.lime.bike/api/partners/v2/gbfs/vancouver_bc/gbfs.json,https://data.lime.bike/api/partners/v2/gbfs/vancouver_bc/free_bike_status,2026-07-06T18:18:00Z,2026-07-06T18:18:00Z
lime_vancouver,lime_vancouver_dc553ab2-6e85-41c0-92eb-e39511ee8e8b,dc553ab2-6e85-41c0-92eb-e39511ee8e8b,49.264034,-123.104916,2,FALSE,FALSE,13551,NA,1783361883,2026-07-06T18:18:03Z,2026-07-06T18:18:03Z,2026-07-06T18:18:03Z,2.2,https://data.lime.bike/api/partners/v2/gbfs/vancouver_bc/gbfs.json,https://data.lime.bike/api/partners/v2/gbfs/vancouver_bc/free_bike_status,2026-07-06T18:18:00Z,2026-07-06T18:18:00Z
lime_vancouver,lime_vancouver_9256f376-26f1-4a55-9c73-b6716a22e64c,9256f376-26f1-4a55-9c73-b6716a22e64c,49.266215,-123.084595,2,FALSE,FALSE,36226,NA,1783361883,2026-07-06T18:18:03Z,2026-07-06T18:18:03Z,2026-07-06T18:18:03Z,2.2,https://data.lime.bike/api/partners/v2/gbfs/vancouver_bc/gbfs.json,https://data.lime.bike/api/partners/v2/gbfs/vancouver_bc/free_bike_status,2026-07-06T18:18:00Z,2026-07-06T18:18:00Z
lime_vancouver,lime_vancouver_fa2607bb-1a63-47f9-b3a1-272a756a2bfe,fa2607bb-1a63-47f9-b3a1-272a756a2bfe,49.265419,-123.096818,2,FALSE,FALSE,29612,NA,1783361883,2026-07-06T18:18:03Z,2026-07-06T18:18:03Z,2026-07-06T18:18:03Z,2.2,https://data.lime.bike/api/partners/v2/gbfs/vancouver_bc/gbfs.json,https://data.lime.bike/api/partners/v2/gbfs/vancouver_bc/free_bike_status,2026-07-06T18:18:00Z,2026-07-06T18:18:00Z
lime_vancouver,lime_vancouver_7ec4fc55-0b64-4599-bc7f-b96cb31239bf,7ec4fc55-0b64-4599-bc7f-b96cb31239bf,49.229204,-123.024006,2,FALSE,FALSE,33973,NA,1783361883,2026-07-06T18:18:03Z,2026-07-06T18:18:03Z,2026-07-06T18:18:03Z,2.2,https://data.lime.bike/api/partners/v2/gbfs/vancouver_bc/gbfs.json,https://data.lime.bike/api/partners/v2/gbfs/vancouver_bc/free_bike_status,2026-07-06T18:18:00Z,2026-07-06T18:18:00Z
lime_vancouver,lime_vancouver_a7e43d68-df55-454b-9c7f-d455549c449e,a7e43d68-df55-454b-9c7f-d455549c449e,49.235889,-123.049155,2,FALSE,FALSE,3058,NA,1783361883,2026-07-06T18:18:03Z,2026-07-06T18:18:03Z,2026-07-06T18:18:03Z,2.2,https://data.lime.bike/api/partners/v2/gbfs/vancouver_bc/gbfs.json,https://data.lime.bike/api/partners/v2/gbfs/vancouver_bc/free_bike_status,2026-07-06T18:18:00Z,2026-07-06T18:18:00Z
lime_vancouver,lime_vancouver_4af3c93e-632a-4f8b-b3b9-d1e257da8bfc,4af3c93e-632a-4f8b-b3b9-d1e257da8bfc,49.260327,-123.073648,2,FALSE,FALSE,14017,NA,1783361883,2026-07-06T18:18:03Z,2026-07-06T18:18:03Z,2026-07-06T18:18:03Z,2.2,https://data.lime.bike/api/partners/v2/gbfs/vancouver_bc/gbfs.json,https://data.lime.bike/api/partners/v2/gbfs/vancouver_bc/free_bike_status,2026-07-06T18:18:00Z,2026-07-06T18:18:00Z
lime_vancouver,lime_vancouver_9b900a0c-4f27-4b8a-aa8c-178d3ee5f0b1,9b900a0c-4f27-4b8a-aa8c-178d3ee5f0b1,49.251624,-123.072203,2,FALSE,FALSE,14017,NA,1783361883,2026-07-06T18:18:03Z,2026-07-06T18:18:03Z,2026-07-06T18:18:03Z,2.2,https://data.lime.bike/api/partners/v2/gbfs/vancouver_bc/gbfs.json,https://data.lime.bike/api/partners/v2/gbfs/vancouver_bc/free_bike_status,2026-07-06T18:18:00Z,2026-07-06T18:18:00Z
lime_vancouver,lime_vancouver_638a9a7c-dc2f-449a-8e61-f8364bd3f8ed,638a9a7c-dc2f-449a-8e61-f8364bd3f8ed,49.238781,-123.026918,2,FALSE,FALSE,12134,NA,1783361883,2026-07-06T18:18:03Z,2026-07-06T18:18:03Z,2026-07-06T18:18:03Z,2.2,https://data.lime.bike/api/partners/v2/gbfs/vancouver_bc/gbfs.json,https://data.lime.bike/api/partners/v2/gbfs/vancouver_bc/free_bike_status,2026-07-06T18:18:00Z,2026-07-06T18:18:00Z
lime_vancouver,lime_vancouver_3e863945-af1f-4d3b-90f7-c442da5ffd99,3e863945-af1f-4d3b-90f7-c442da5ffd99,49.288325,-123.116023,2,FALSE,FALSE,23641,NA,1783361883,2026-07-06T18:18:03Z,2026-07-06T18:18:03Z,2026-07-06T18:18:03Z,2.2,https://data.lime.bike/api/partners/v2/gbfs/vancouver_bc/gbfs.json,https://data.lime.bike/api/partners/v2/gbfs/vancouver_bc/free_bike_status,2026-07-06T18:18:00Z,2026-07-06T18:18:00Z
lime_vancouver,lime_vancouver_a63d1ce8-36ef-4352-ba10-bb1661e4a7d9,a63d1ce8-36ef-4352-ba10-bb1661e4a7d9,49.260389,-123.073625,2,FALSE,FALSE,38833,NA,1783361883,2026-07-06T18:18:03Z,2026-07-06T18:18:03Z,2026-07-06T18:18:03Z,2.2,https://data.lime.bike/api/partners/v2/gbfs/vancouver_bc/gbfs.json,https://data.lime.bike/api/partners/v2/gbfs/vancouver_bc/free_bike_status,2026-07-06T18:18:00Z,2026-07-06T18:18:00Z
lime_vancouver,lime_vancouver_8d3b2325-c516-448d-aa20-92f053ea85ca,8d3b2325-c516-448d-aa20-92f053ea85ca,49.265537,-123.143692,2,FALSE,FALSE,25122,NA,1783361883,2026-07-06T18:18:03Z,2026-07-06T18:18:03Z,2026-07-06T18:18:03Z,2.2,https://data.lime.bike/api/partners/v2/gbfs/vancouver_bc/gbfs.json,https://data.lime.bike/api/partners/v2/gbfs/vancouver_bc/free_bike_status,2026-07-06T18:18:00Z,2026-07-06T18:18:00Z
lime_vancouver,lime_vancouver_4c0de767-0e7e-425a-aed6-ac3a1e3aae6f,4c0de767-0e7e-425a-aed6-ac3a1e3aae6f,49.288684,-123.119901,2,FALSE,FALSE,18797,NA,1783361883,2026-07-06T18:18:03Z,2026-07-06T18:18:03Z,2026-07-06T18:18:03Z,2.2,https://data.lime.bike/api/partners/v2/gbfs/vancouver_bc/gbfs.json,https://data.lime.bike/api/partners/v2/gbfs/vancouver_bc/free_bike_status,2026-07-06T18:18:00Z,2026-07-06T18:18:00Z
lime_vancouver,lime_vancouver_0fd951da-e371-4f98-b0db-8be925932698,0fd951da-e371-4f98-b0db-8be925932698,49.281927,-123.120338,2,FALSE,FALSE,24623,NA,1783361883,2026-07-06T18:18:03Z,2026-07-06T18:18:03Z,2026-07-06T18:18:03Z,2.2,https://data.lime.bike/api/partners/v2/gbfs/vancouver_bc/gbfs.json,https://data.lime.bike/api/partners/v2/gbfs/vancouver_bc/free_bike_status,2026-07-06T18:18:00Z,2026-07-06T18:18:00Z
lime_vancouver,lime_vancouver_ccb6383b-abce-419a-a15e-fd817a56471d,ccb6383b-abce-419a-a15e-fd817a56471d,49.28634,-123.12226,2,FALSE,FALSE,30111,NA,1783361883,2026-07-06T18:18:03Z,2026-07-06T18:18:03Z,2026-07-06T18:18:03Z,2.2,https://data.lime.bike/api/partners/v2/gbfs/vancouver_bc/gbfs.json,https://data.lime.bike/api/partners/v2/gbfs/vancouver_bc/free_bike_status,2026-07-06T18:18:00Z,2026-07-06T18:18:00Z
lime_vancouver,lime_vancouver_0a79c4b4-4ff9-4d51-a3b7-90fdbd14c7b1,0a79c4b4-4ff9-4d51-a3b7-90fdbd14c7b1,49.281055,-123.107479,2,FALSE,FALSE,25605,NA,1783361883,2026-07-06T18:18:03Z,2026-07-06T18:18:03Z,2026-07-06T18:18:03Z,2.2,https://data.lime.bike/api/partners/v2/gbfs/vancouver_bc/gbfs.json,https://data.lime.bike/api/partners/v2/gbfs/vancouver_bc/free_bike_status,2026-07-06T18:18:00Z,2026-07-06T18:18:00Z
lime_vancouver,lime_vancouver_27dda7a3-1f86-4720-a226-96516b88fe00,27dda7a3-1f86-4720-a226-96516b88fe00,49.265287,-123.13575,2,FALSE,FALSE,12134,NA,1783361883,2026-07-06T18:18:03Z,2026-07-06T18:18:03Z,2026-07-06T18:18:03Z,2.2,https://data.lime.bike/api/partners/v2/gbfs/vancouver_bc/gbfs.json,https://data.lime.bike/api/partners/v2/gbfs/vancouver_bc/free_bike_status,2026-07-06T18:18:00Z,2026-07-06T18:18:00Z
lime_vancouver,lime_vancouver_c870c83a-0daa-4156-a228-45390467d5f5,c870c83a-0daa-4156-a228-45390467d5f5,49.235411,-123.030905,2,FALSE,FALSE,43999,NA,1783361883,2026-07-06T18:18:03Z,2026-07-06T18:18:03Z,2026-07-06T18:18:03Z,2.2,https://data.lime.bike/api/partners/v2/gbfs/vancouver_bc/gbfs.json,https://data.lime.bike/api/partners/v2/gbfs/vancouver_bc/free_bike_status,2026-07-06T18:18:00Z,2026-07-06T18:18:00Z
lime_vancouver,lime_vancouver_f7f3c3f2-78d2-4e88-94e6-286fa13db017,f7f3c3f2-78d2-4e88-94e6-286fa13db017,49.288567,-123.119895,2,FALSE,FALSE,42454,NA,1783361883,2026-07-06T18:18:03Z,2026-07-06T18:18:03Z,2026-07-06T18:18:03Z,2.2,https://data.lime.bike/api/partners/v2/gbfs/vancouver_bc/gbfs.json,https://data.lime.bike/api/partners/v2/gbfs/vancouver_bc/free_bike_status,2026-07-06T18:18:00Z,2026-07-06T18:18:00Z
lime_vancouver,lime_vancouver_734cbd61-7060-413b-b6fe-01d2399bf16a,734cbd61-7060-413b-b6fe-01d2399bf16a,49.262706,-123.15548,2,FALSE,FALSE,37787,NA,1783361883,2026-07-06T18:18:03Z,2026-07-06T18:18:03Z,2026-07-06T18:18:03Z,2.2,https://data.lime.bike/api/partners/v2/gbfs/vancouver_bc/gbfs.json,https://data.lime.bike/api/partners/v2/gbfs/vancouver_bc/free_bike_status,2026-07-06T18:18:00Z,2026-07-06T18:18:00Z
lime_vancouver,lime_vancouver_bb0ceb53-b75e-4cb8-ba7e-cc8bf3c87597,bb0ceb53-b75e-4cb8-ba7e-cc8bf3c87597,49.238568,-123.051727,2,FALSE,FALSE,23158,NA,1783361883,2026-07-06T18:18:03Z,2026-07-06T18:18:03Z,2026-07-06T18:18:03Z,2.2,https://data.lime.bike/api/partners/v2/gbfs/vancouver_bc/gbfs.json,https://data.lime.bike/api/partners/v2/gbfs/vancouver_bc/free_bike_status,2026-07-06T18:18:00Z,2026-07-06T18:18:00Z
lime_vancouver,lime_vancouver_bf4fa274-5764-4703-b19d-9f964ef3eeab,bf4fa274-5764-4703-b19d-9f964ef3eeab,49.26917,-123.150291,2,FALSE,FALSE,5246,NA,1783361883,2026-07-06T18:18:03Z,2026-07-06T18:18:03Z,2026-07-06T18:18:03Z,2.2,https://data.lime.bike/api/partners/v2/gbfs/vancouver_bc/gbfs.json,https://data.lime.bike/api/partners/v2/gbfs/vancouver_bc/free_bike_status,2026-07-06T18:18:00Z,2026-07-06T18:18:00Z
lime_vancouver,lime_vancouver_7dc2c806-d66f-4ce0-aeb8-0fd488e41703,7dc2c806-d66f-4ce0-aeb8-0fd488e41703,49.2668,-123.073513,2,FALSE,FALSE,16882,NA,1783361883,2026-07-06T18:18:03Z,2026-07-06T18:18:03Z,2026-07-06T18:18:03Z,2.2,https://data.lime.bike/api/partners/v2/gbfs/vancouver_bc/gbfs.json,https://data.lime.bike/api/partners/v2/gbfs/vancouver_bc/free_bike_status,2026-07-06T18:18:00Z,2026-07-06T18:18:00Z
lime_vancouver,lime_vancouver_9d78a4d4-3d96-4fed-ac95-565b831b20d4,9d78a4d4-3d96-4fed-ac95-565b831b20d4,49.280241,-123.1179,2,FALSE,FALSE,5246,NA,1783361883,2026-07-06T18:18:03Z,2026-07-06T18:18:03Z,2026-07-06T18:18:03Z,2.2,https://data.lime.bike/api/partners/v2/gbfs/vancouver_bc/gbfs.json,https://data.lime.bike/api/partners/v2/gbfs/vancouver_bc/free_bike_status,2026-07-06T18:18:00Z,2026-07-06T18:18:00Z
lime_vancouver,lime_vancouver_47bdc08e-6804-4910-993d-60976f86a94a,47bdc08e-6804-4910-993d-60976f86a94a,49.288177,-123.115877,2,FALSE,FALSE,35711,NA,1783361883,2026-07-06T18:18:03Z,2026-07-06T18:18:03Z,2026-07-06T18:18:03Z,2.2,https://data.lime.bike/api/partners/v2/gbfs/vancouver_bc/gbfs.json,https://data.lime.bike/api/partners/v2/gbfs/vancouver_bc/free_bike_status,2026-07-06T18:18:00Z,2026-07-06T18:18:00Z
lime_vancouver,lime_vancouver_b8f8e16a-6dc2-4b5b-84e0-ba7dcdc640b4,b8f8e16a-6dc2-4b5b-84e0-ba7dcdc640b4,49.265982,-123.062165,2,FALSE,FALSE,9801,NA,1783361883,2026-07-06T18:18:03Z,2026-07-06T18:18:03Z,2026-07-06T18:18:03Z,2.2,https://data.lime.bike/api/partners/v2/gbfs/vancouver_bc/gbfs.json,https://data.lime.bike/api/partners/v2/gbfs/vancouver_bc/free_bike_status,2026-07-06T18:18:00Z,2026-07-06T18:18:00Z
lime_vancouver,lime_vancouver_6c5994e7-0c13-4279-b008-c213a4691877,6c5994e7-0c13-4279-b008-c213a4691877,49.266681,-123.112392,2,FALSE,FALSE,36741,NA,1783361883,2026-07-06T18:18:03Z,2026-07-06T18:18:03Z,2026-07-06T18:18:03Z,2.2,https://data.lime.bike/api/partners/v2/gbfs/vancouver_bc/gbfs.json,https://data.lime.bike/api/partners/v2/gbfs/vancouver_bc/free_bike_status,2026-07-06T18:18:00Z,2026-07-06T18:18:00Z
lime_vancouver,lime_vancouver_19995a94-7985-4269-bf76-976085948ebd,19995a94-7985-4269-bf76-976085948ebd,49.263722,-123.157609,2,FALSE,FALSE,5246,NA,1783361883,2026-07-06T18:18:03Z,2026-07-06T18:18:03Z,2026-07-06T18:18:03Z,2.2,https://data.lime.bike/api/partners/v2/gbfs/vancouver_bc/gbfs.json,https://data.lime.bike/api/partners/v2/gbfs/vancouver_bc/free_bike_status,2026-07-06T18:18:00Z,2026-07-06T18:18:00Z
lime_vancouver,lime_vancouver_7688ad6d-95b5-4718-a547-7f5aca824dec,7688ad6d-95b5-4718-a547-7f5aca824dec,49.285567,-123.120911,2,FALSE,FALSE,37787,NA,1783361883,2026-07-06T18:18:03Z,2026-07-06T18:18:03Z,2026-07-06T18:18:03Z,2.2,https://data.lime.bike/api/partners/v2/gbfs/vancouver_bc/gbfs.json,https://data.lime.bike/api/partners/v2/gbfs/vancouver_bc/free_bike_status,2026-07-06T18:18:00Z,2026-07-06T18:18:00Z
lime_vancouver,lime_vancouver_36305599-0c6c-4edd-aabc-beef526c3bf4,36305599-0c6c-4edd-aabc-beef526c3bf4,49.260348,-123.073636,2,FALSE,FALSE,11201,NA,1783361883,2026-07-06T18:18:03Z,2026-07-06T18:18:03Z,2026-07-06T18:18:03Z,2.2,https://data.lime.bike/api/partners/v2/gbfs/vancouver_bc/gbfs.json,https://data.lime.bike/api/partners/v2/gbfs/vancouver_bc/free_bike_status,2026-07-06T18:18:00Z,2026-07-06T18:18:00Z
lime_vancouver,lime_vancouver_5cf46b17-d65f-485a-91ba-bd95597d6a9b,5cf46b17-d65f-485a-91ba-bd95597d6a9b,49.235385,-123.030808,2,FALSE,FALSE,41425,NA,1783361883,2026-07-06T18:18:03Z,2026-07-06T18:18:03Z,2026-07-06T18:18:03Z,2.2,https://data.lime.bike/api/partners/v2/gbfs/vancouver_bc/gbfs.json,https://data.lime.bike/api/partners/v2/gbfs/vancouver_bc/free_bike_status,2026-07-06T18:18:00Z,2026-07-06T18:18:00Z
lime_vancouver,lime_vancouver_d3c3345f-0269-4498-a77e-99cdd4eee83b,d3c3345f-0269-4498-a77e-99cdd4eee83b,49.250769,-123.083793,2,FALSE,FALSE,4796,NA,1783361883,2026-07-06T18:18:03Z,2026-07-06T18:18:03Z,2026-07-06T18:18:03Z,2.2,https://data.lime.bike/api/partners/v2/gbfs/vancouver_bc/gbfs.json,https://data.lime.bike/api/partners/v2/gbfs/vancouver_bc/free_bike_status,2026-07-06T18:18:00Z,2026-07-06T18:18:00Z
lime_vancouver,lime_vancouver_a14189e8-8ac0-478c-9beb-04d98075c7fb,a14189e8-8ac0-478c-9beb-04d98075c7fb,49.263871,-123.0341,2,FALSE,FALSE,8417,NA,1783361883,2026-07-06T18:18:03Z,2026-07-06T18:18:03Z,2026-07-06T18:18:03Z,2.2,https://data.lime.bike/api/partners/v2/gbfs/vancouver_bc/gbfs.json,https://data.lime.bike/api/partners/v2/gbfs/vancouver_bc/free_bike_status,2026-07-06T18:18:00Z,2026-07-06T18:18:00Z
lime_vancouver,lime_vancouver_a0fb5991-a4b5-45bf-a347-48b785d4b762,a0fb5991-a4b5-45bf-a347-48b785d4b762,49.263802,-123.070073,2,FALSE,FALSE,22177,NA,1783361883,2026-07-06T18:18:03Z,2026-07-06T18:18:03Z,2026-07-06T18:18:03Z,2.2,https://data.lime.bike/api/partners/v2/gbfs/vancouver_bc/gbfs.json,https://data.lime.bike/api/partners/v2/gbfs/vancouver_bc/free_bike_status,2026-07-06T18:18:00Z,2026-07-06T18:18:00Z
lime_vancouver,lime_vancouver_179cf480-b23b-46ba-b9bc-4e5b4054c803,179cf480-b23b-46ba-b9bc-4e5b4054c803,49.285905,-123.120052,2,FALSE,FALSE,40910,NA,1783361883,2026-07-06T18:18:03Z,2026-07-06T18:18:03Z,2026-07-06T18:18:03Z,2.2,https://data.lime.bike/api/partners/v2/gbfs/vancouver_bc/gbfs.json,https://data.lime.bike/api/partners/v2/gbfs/vancouver_bc/free_bike_status,2026-07-06T18:18:00Z,2026-07-06T18:18:00Z
lime_vancouver,lime_vancouver_18daf456-8cc1-4ccd-88b4-95a91dfd2a3e,18daf456-8cc1-4ccd-88b4-95a91dfd2a3e,49.26273,-123.146284,2,FALSE,FALSE,7049,NA,1783361883,2026-07-06T18:18:03Z,2026-07-06T18:18:03Z,2026-07-06T18:18:03Z,2.2,https://data.lime.bike/api/partners/v2/gbfs/vancouver_bc/gbfs.json,https://data.lime.bike/api/partners/v2/gbfs/vancouver_bc/free_bike_status,2026-07-06T18:18:00Z,2026-07-06T18:18:00Z
lime_vancouver,lime_vancouver_d1ca449b-3808-452a-acf4-384ac0be44c2,d1ca449b-3808-452a-acf4-384ac0be44c2,49.267552,-123.155076,2,FALSE,FALSE,34681,NA,1783361883,2026-07-06T18:18:03Z,2026-07-06T18:18:03Z,2026-07-06T18:18:03Z,2.2,https://data.lime.bike/api/partners/v2/gbfs/vancouver_bc/gbfs.json,https://data.lime.bike/api/partners/v2/gbfs/vancouver_bc/free_bike_status,2026-07-06T18:18:00Z,2026-07-06T18:18:00Z
lime_vancouver,lime_vancouver_82843afc-8335-403e-bc76-4e3f45364c2f,82843afc-8335-403e-bc76-4e3f45364c2f,49.264324,-123.081541,2,FALSE,FALSE,5697,NA,1783361883,2026-07-06T18:18:03Z,2026-07-06T18:18:03Z,2026-07-06T18:18:03Z,2.2,https://data.lime.bike/api/partners/v2/gbfs/vancouver_bc/gbfs.json,https://data.lime.bike/api/partners/v2/gbfs/vancouver_bc/free_bike_status,2026-07-06T18:18:00Z,2026-07-06T18:18:00Z
lime_vancouver,lime_vancouver_3ee875a8-3fb7-4fb0-8a04-c779c1442cc9,3ee875a8-3fb7-4fb0-8a04-c779c1442cc9,49.286746,-123.122519,2,FALSE,FALSE,7500,NA,1783361883,2026-07-06T18:18:03Z,2026-07-06T18:18:03Z,2026-07-06T18:18:03Z,2.2,https://data.lime.bike/api/partners/v2/gbfs/vancouver_bc/gbfs.json,https://data.lime.bike/api/partners/v2/gbfs/vancouver_bc/free_bike_status,2026-07-06T18:18:00Z,2026-07-06T18:18:00Z
lime_vancouver,lime_vancouver_29ec1a1e-25e0-4b65-b642-2ec15e218858,29ec1a1e-25e0-4b65-b642-2ec15e218858,49.280337,-123.106552,2,FALSE,FALSE,7049,NA,1783361883,2026-07-06T18:18:03Z,2026-07-06T18:18:03Z,2026-07-06T18:18:03Z,2.2,https://data.lime.bike/api/partners/v2/gbfs/vancouver_bc/gbfs.json,https://data.lime.bike/api/partners/v2/gbfs/vancouver_bc/free_bike_status,2026-07-06T18:18:00Z,2026-07-06T18:18:00Z
lime_vancouver,lime_vancouver_a3c4ef46-cb51-49df-9b3c-24835662f947,a3c4ef46-cb51-49df-9b3c-24835662f947,49.264004,-123.104822,2,FALSE,FALSE,27101,NA,1783361883,2026-07-06T18:18:03Z,2026-07-06T18:18:03Z,2026-07-06T18:18:03Z,2.2,https://data.lime.bike/api/partners/v2/gbfs/vancouver_bc/gbfs.json,https://data.lime.bike/api/partners/v2/gbfs/vancouver_bc/free_bike_status,2026-07-06T18:18:00Z,2026-07-06T18:18:00Z
lime_vancouver,lime_vancouver_f2acc579-7f43-470d-ab3b-d9921d08a2f5,f2acc579-7f43-470d-ab3b-d9921d08a2f5,49.240747,-123.038021,2,FALSE,FALSE,8417,NA,1783361883,2026-07-06T18:18:03Z,2026-07-06T18:18:03Z,2026-07-06T18:18:03Z,2.2,https://data.lime.bike/api/partners/v2/gbfs/vancouver_bc/gbfs.json,https://data.lime.bike/api/partners/v2/gbfs/vancouver_bc/free_bike_status,2026-07-06T18:18:00Z,2026-07-06T18:18:00Z
lime_vancouver,lime_vancouver_be193cfe-19b5-44f4-b1ac-c80ab2e4cd6c,be193cfe-19b5-44f4-b1ac-c80ab2e4cd6c,49.283041,-123.106634,2,FALSE,FALSE,7950,NA,1783361883,2026-07-06T18:18:03Z,2026-07-06T18:18:03Z,2026-07-06T18:18:03Z,2.2,https://data.lime.bike/api/partners/v2/gbfs/vancouver_bc/gbfs.json,https://data.lime.bike/api/partners/v2/gbfs/vancouver_bc/free_bike_status,2026-07-06T18:18:00Z,2026-07-06T18:18:00Z
lime_vancouver,lime_vancouver_92fafeb6-ac47-4f56-a8f0-5a13cbf1bd01,92fafeb6-ac47-4f56-a8f0-5a13cbf1bd01,49.283597,-123.112653,2,FALSE,FALSE,7950,NA,1783361883,2026-07-06T18:18:03Z,2026-07-06T18:18:03Z,2026-07-06T18:18:03Z,2.2,https://data.lime.bike/api/partners/v2/gbfs/vancouver_bc/gbfs.json,https://data.lime.bike/api/partners/v2/gbfs/vancouver_bc/free_bike_status,2026-07-06T18:18:00Z,2026-07-06T18:18:00Z
lime_vancouver,lime_vancouver_c49449bb-dbee-4f30-a543-4b25914c46ac,c49449bb-dbee-4f30-a543-4b25914c46ac,49.238785,-123.026922,2,FALSE,FALSE,40395,NA,1783361883,2026-07-06T18:18:03Z,2026-07-06T18:18:03Z,2026-07-06T18:18:03Z,2.2,https://data.lime.bike/api/partners/v2/gbfs/vancouver_bc/gbfs.json,https://data.lime.bike/api/partners/v2/gbfs/vancouver_bc/free_bike_status,2026-07-06T18:18:00Z,2026-07-06T18:18:00Z
lime_vancouver,lime_vancouver_d467ca19-5dfb-41db-bafc-97b8cfe32eb1,d467ca19-5dfb-41db-bafc-97b8cfe32eb1,49.266117,-123.101557,2,FALSE,FALSE,12601,NA,1783361883,2026-07-06T18:18:03Z,2026-07-06T18:18:03Z,2026-07-06T18:18:03Z,2.2,https://data.lime.bike/api/partners/v2/gbfs/vancouver_bc/gbfs.json,https://data.lime.bike/api/partners/v2/gbfs/vancouver_bc/free_bike_status,2026-07-06T18:18:00Z,2026-07-06T18:18:00Z
lime_vancouver,lime_vancouver_6a267506-bbdc-48d5-a877-c564f8d36345,6a267506-bbdc-48d5-a877-c564f8d36345,49.237429,-123.036213,2,FALSE,FALSE,7049,NA,1783361883,2026-07-06T18:18:03Z,2026-07-06T18:18:03Z,2026-07-06T18:18:03Z,2.2,https://data.lime.bike/api/partners/v2/gbfs/vancouver_bc/gbfs.json,https://data.lime.bike/api/partners/v2/gbfs/vancouver_bc/free_bike_status,2026-07-06T18:18:00Z,2026-07-06T18:18:00Z
lime_vancouver,lime_vancouver_7cb24131-3bb3-4ff1-b576-6ffe3101970c,7cb24131-3bb3-4ff1-b576-6ffe3101970c,49.258717,-123.057112,2,FALSE,FALSE,24623,NA,1783361883,2026-07-06T18:18:03Z,2026-07-06T18:18:03Z,2026-07-06T18:18:03Z,2.2,https://data.lime.bike/api/partners/v2/gbfs/vancouver_bc/gbfs.json,https://data.lime.bike/api/partners/v2/gbfs/vancouver_bc/free_bike_status,2026-07-06T18:18:00Z,2026-07-06T18:18:00Z
lime_vancouver,lime_vancouver_1a5445e1-9b50-4b68-ac4c-6a597a387e93,1a5445e1-9b50-4b68-ac4c-6a597a387e93,49.256431,-123.039304,2,FALSE,FALSE,6132,NA,1783361883,2026-07-06T18:18:03Z,2026-07-06T18:18:03Z,2026-07-06T18:18:03Z,2.2,https://data.lime.bike/api/partners/v2/gbfs/vancouver_bc/gbfs.json,https://data.lime.bike/api/partners/v2/gbfs/vancouver_bc/free_bike_status,2026-07-06T18:18:00Z,2026-07-06T18:18:00Z
lime_vancouver,lime_vancouver_9c060ac0-8bfe-4825-8a4e-c9a3e386dd1b,9c060ac0-8bfe-4825-8a4e-c9a3e386dd1b,49.279249,-123.046729,2,FALSE,FALSE,22177,NA,1783361883,2026-07-06T18:18:03Z,2026-07-06T18:18:03Z,2026-07-06T18:18:03Z,2.2,https://data.lime.bike/api/partners/v2/gbfs/vancouver_bc/gbfs.json,https://data.lime.bike/api/partners/v2/gbfs/vancouver_bc/free_bike_status,2026-07-06T18:18:00Z,2026-07-06T18:18:00Z
lime_vancouver,lime_vancouver_376c67e9-44a7-4379-aa8f-93084847034f,376c67e9-44a7-4379-aa8f-93084847034f,49.27536,-123.092352,2,FALSE,FALSE,37787,NA,1783361883,2026-07-06T18:18:03Z,2026-07-06T18:18:03Z,2026-07-06T18:18:03Z,2.2,https://data.lime.bike/api/partners/v2/gbfs/vancouver_bc/gbfs.json,https://data.lime.bike/api/partners/v2/gbfs/vancouver_bc/free_bike_status,2026-07-06T18:18:00Z,2026-07-06T18:18:00Z
lime_vancouver,lime_vancouver_0a453a37-807c-4339-9b48-9b1f0c4c0172,0a453a37-807c-4339-9b48-9b1f0c4c0172,49.25239,-123.034138,2,FALSE,FALSE,16882,NA,1783361883,2026-07-06T18:18:03Z,2026-07-06T18:18:03Z,2026-07-06T18:18:03Z,2.2,https://data.lime.bike/api/partners/v2/gbfs/vancouver_bc/gbfs.json,https://data.lime.bike/api/partners/v2/gbfs/vancouver_bc/free_bike_status,2026-07-06T18:18:00Z,2026-07-06T18:18:00Z
lime_vancouver,lime_vancouver_c78cf0fd-19c7-486a-9b15-d86935c345ce,c78cf0fd-19c7-486a-9b15-d86935c345ce,49.286478,-123.122516,2,FALSE,FALSE,23641,NA,1783361883,2026-07-06T18:18:03Z,2026-07-06T18:18:03Z,2026-07-06T18:18:03Z,2.2,https://data.lime.bike/api/partners/v2/gbfs/vancouver_bc/gbfs.json,https://data.lime.bike/api/partners/v2/gbfs/vancouver_bc/free_bike_status,2026-07-06T18:18:00Z,2026-07-06T18:18:00Z
lime_vancouver,lime_vancouver_04749134-f8e2-4369-a95f-41065b91e16d,04749134-f8e2-4369-a95f-41065b91e16d,49.281686,-123.120589,2,FALSE,FALSE,33152,NA,1783361883,2026-07-06T18:18:03Z,2026-07-06T18:18:03Z,2026-07-06T18:18:03Z,2.2,https://data.lime.bike/api/partners/v2/gbfs/vancouver_bc/gbfs.json,https://data.lime.bike/api/partners/v2/gbfs/vancouver_bc/free_bike_status,2026-07-06T18:18:00Z,2026-07-06T18:18:00Z
lime_vancouver,lime_vancouver_f4cc2c42-cc6c-452b-a93f-caf7365ee4e3,f4cc2c42-cc6c-452b-a93f-caf7365ee4e3,49.267762,-123.069367,2,FALSE,FALSE,40910,NA,1783361883,2026-07-06T18:18:03Z,2026-07-06T18:18:03Z,2026-07-06T18:18:03Z,2.2,https://data.lime.bike/api/partners/v2/gbfs/vancouver_bc/gbfs.json,https://data.lime.bike/api/partners/v2/gbfs/vancouver_bc/free_bike_status,2026-07-06T18:18:00Z,2026-07-06T18:18:00Z
lime_vancouver,lime_vancouver_c00283f8-97f6-4b52-b213-85bc363e667f,c00283f8-97f6-4b52-b213-85bc363e667f,49.264992,-123.117109,2,FALSE,FALSE,10268,NA,1783361883,2026-07-06T18:18:03Z,2026-07-06T18:18:03Z,2026-07-06T18:18:03Z,2.2,https://data.lime.bike/api/partners/v2/gbfs/vancouver_bc/gbfs.json,https://data.lime.bike/api/partners/v2/gbfs/vancouver_bc/free_bike_status,2026-07-06T18:18:00Z,2026-07-06T18:18:00Z
lime_vancouver,lime_vancouver_b845e6df-d2a4-45fa-9518-82e9798bbbf5,b845e6df-d2a4-45fa-9518-82e9798bbbf5,49.25045,-123.026301,2,FALSE,FALSE,39880,NA,1783361883,2026-07-06T18:18:03Z,2026-07-06T18:18:03Z,2026-07-06T18:18:03Z,2.2,https://data.lime.bike/api/partners/v2/gbfs/vancouver_bc/gbfs.json,https://data.lime.bike/api/partners/v2/gbfs/vancouver_bc/free_bike_status,2026-07-06T18:18:00Z,2026-07-06T18:18:00Z
lime_vancouver,lime_vancouver_40129728-88e2-4883-b86d-f4cadfe883dc,40129728-88e2-4883-b86d-f4cadfe883dc,49.273994,-123.073194,2,FALSE,FALSE,40910,NA,1783361883,2026-07-06T18:18:03Z,2026-07-06T18:18:03Z,2026-07-06T18:18:03Z,2.2,https://data.lime.bike/api/partners/v2/gbfs/vancouver_bc/gbfs.json,https://data.lime.bike/api/partners/v2/gbfs/vancouver_bc/free_bike_status,2026-07-06T18:18:00Z,2026-07-06T18:18:00Z
lime_vancouver,lime_vancouver_d1257a50-bda0-45d8-991e-a292ec11e4ac,d1257a50-bda0-45d8-991e-a292ec11e4ac,49.288515,-123.119859,2,FALSE,FALSE,36226,NA,1783361883,2026-07-06T18:18:03Z,2026-07-06T18:18:03Z,2026-07-06T18:18:03Z,2.2,https://data.lime.bike/api/partners/v2/gbfs/vancouver_bc/gbfs.json,https://data.lime.bike/api/partners/v2/gbfs/vancouver_bc/free_bike_status,2026-07-06T18:18:00Z,2026-07-06T18:18:00Z
lime_vancouver,lime_vancouver_58a66df0-ccf5-4d1d-b909-daa32738b210,58a66df0-ccf5-4d1d-b909-daa32738b210,49.235501,-123.031219,2,FALSE,FALSE,9801,NA,1783361883,2026-07-06T18:18:03Z,2026-07-06T18:18:03Z,2026-07-06T18:18:03Z,2.2,https://data.lime.bike/api/partners/v2/gbfs/vancouver_bc/gbfs.json,https://data.lime.bike/api/partners/v2/gbfs/vancouver_bc/free_bike_status,2026-07-06T18:18:00Z,2026-07-06T18:18:00Z
lime_vancouver,lime_vancouver_c6f58cbc-3f6a-408c-86d5-67cb4bd0ebaf,c6f58cbc-3f6a-408c-86d5-67cb4bd0ebaf,49.240036,-123.074093,2,FALSE,FALSE,3492,NA,1783361883,2026-07-06T18:18:03Z,2026-07-06T18:18:03Z,2026-07-06T18:18:03Z,2.2,https://data.lime.bike/api/partners/v2/gbfs/vancouver_bc/gbfs.json,https://data.lime.bike/api/partners/v2/gbfs/vancouver_bc/free_bike_status,2026-07-06T18:18:00Z,2026-07-06T18:18:00Z
lime_vancouver,lime_vancouver_b29b9e53-0c39-4c79-8382-d7e93a9800a3,b29b9e53-0c39-4c79-8382-d7e93a9800a3,49.271069,-123.135502,2,FALSE,FALSE,38302,NA,1783361883,2026-07-06T18:18:03Z,2026-07-06T18:18:03Z,2026-07-06T18:18:03Z,2.2,https://data.lime.bike/api/partners/v2/gbfs/vancouver_bc/gbfs.json,https://data.lime.bike/api/partners/v2/gbfs/vancouver_bc/free_bike_status,2026-07-06T18:18:00Z,2026-07-06T18:18:00Z
lime_vancouver,lime_vancouver_85e46425-8a87-45aa-858f-7f764fbcb7f1,85e46425-8a87-45aa-858f-7f764fbcb7f1,49.280928,-123.08941,2,FALSE,FALSE,4361,NA,1783361883,2026-07-06T18:18:03Z,2026-07-06T18:18:03Z,2026-07-06T18:18:03Z,2.2,https://data.lime.bike/api/partners/v2/gbfs/vancouver_bc/gbfs.json,https://data.lime.bike/api/partners/v2/gbfs/vancouver_bc/free_bike_status,2026-07-06T18:18:00Z,2026-07-06T18:18:00Z
lime_vancouver,lime_vancouver_674b5dd5-7013-4a5e-b503-7008b398b96a,674b5dd5-7013-4a5e-b503-7008b398b96a,49.265263,-123.13568,2,FALSE,FALSE,9334,NA,1783361883,2026-07-06T18:18:03Z,2026-07-06T18:18:03Z,2026-07-06T18:18:03Z,2.2,https://data.lime.bike/api/partners/v2/gbfs/vancouver_bc/gbfs.json,https://data.lime.bike/api/partners/v2/gbfs/vancouver_bc/free_bike_status,2026-07-06T18:18:00Z,2026-07-06T18:18:00Z
lime_vancouver,lime_vancouver_4ca0aaba-f7a2-4a7f-abd3-263765043dda,4ca0aaba-f7a2-4a7f-abd3-263765043dda,49.25874,-123.057075,2,FALSE,FALSE,4361,NA,1783361883,2026-07-06T18:18:03Z,2026-07-06T18:18:03Z,2026-07-06T18:18:03Z,2.2,https://data.lime.bike/api/partners/v2/gbfs/vancouver_bc/gbfs.json,https://data.lime.bike/api/partners/v2/gbfs/vancouver_bc/free_bike_status,2026-07-06T18:18:00Z,2026-07-06T18:18:00Z
lime_vancouver,lime_vancouver_507a63bb-04f0-4e69-a666-43d9ccc8ff32,507a63bb-04f0-4e69-a666-43d9ccc8ff32,49.280825,-123.025658,2,FALSE,FALSE,34681,NA,1783361883,2026-07-06T18:18:03Z,2026-07-06T18:18:03Z,2026-07-06T18:18:03Z,2.2,https://data.lime.bike/api/partners/v2/gbfs/vancouver_bc/gbfs.json,https://data.lime.bike/api/partners/v2/gbfs/vancouver_bc/free_bike_status,2026-07-06T18:18:00Z,2026-07-06T18:18:00Z
lime_vancouver,lime_vancouver_05b362c3-4575-4c81-b8dd-2144da47aa2f,05b362c3-4575-4c81-b8dd-2144da47aa2f,49.271068,-123.135449,2,FALSE,FALSE,41940,NA,1783361883,2026-07-06T18:18:03Z,2026-07-06T18:18:03Z,2026-07-06T18:18:03Z,2.2,https://data.lime.bike/api/partners/v2/gbfs/vancouver_bc/gbfs.json,https://data.lime.bike/api/partners/v2/gbfs/vancouver_bc/free_bike_status,2026-07-06T18:18:00Z,2026-07-06T18:18:00Z
lime_vancouver,lime_vancouver_4b281ec9-b011-4b0e-87ff-11ff9831c499,4b281ec9-b011-4b0e-87ff-11ff9831c499,49.270494,-123.147948,2,FALSE,FALSE,17832,NA,1783361883,2026-07-06T18:18:03Z,2026-07-06T18:18:03Z,2026-07-06T18:18:03Z,2.2,https://data.lime.bike/api/partners/v2/gbfs/vancouver_bc/gbfs.json,https://data.lime.bike/api/partners/v2/gbfs/vancouver_bc/free_bike_status,2026-07-06T18:18:00Z,2026-07-06T18:18:00Z
lime_vancouver,lime_vancouver_89c8e1fc-fe4a-4d5c-98bc-eea3a7c7eb6e,89c8e1fc-fe4a-4d5c-98bc-eea3a7c7eb6e,49.265508,-123.143485,2,FALSE,FALSE,13551,NA,1783361883,2026-07-06T18:18:03Z,2026-07-06T18:18:03Z,2026-07-06T18:18:03Z,2.2,https://data.lime.bike/api/partners/v2/gbfs/vancouver_bc/gbfs.json,https://data.lime.bike/api/partners/v2/gbfs/vancouver_bc/free_bike_status,2026-07-06T18:18:00Z,2026-07-06T18:18:00Z
lime_vancouver,lime_vancouver_e2a99cef-1dd2-4de0-a274-a9f0460d5584,e2a99cef-1dd2-4de0-a274-a9f0460d5584,49.265009,-123.05687,2,FALSE,FALSE,39348,NA,1783361883,2026-07-06T18:18:03Z,2026-07-06T18:18:03Z,2026-07-06T18:18:03Z,2.2,https://data.lime.bike/api/partners/v2/gbfs/vancouver_bc/gbfs.json,https://data.lime.bike/api/partners/v2/gbfs/vancouver_bc/free_bike_status,2026-07-06T18:18:00Z,2026-07-06T18:18:00Z
lime_vancouver,lime_vancouver_70546ef8-da87-44e8-ad12-4207ccc6f6d8,70546ef8-da87-44e8-ad12-4207ccc6f6d8,49.254047,-123.083667,2,FALSE,FALSE,10268,NA,1783361883,2026-07-06T18:18:03Z,2026-07-06T18:18:03Z,2026-07-06T18:18:03Z,2.2,https://data.lime.bike/api/partners/v2/gbfs/vancouver_bc/gbfs.json,https://data.lime.bike/api/partners/v2/gbfs/vancouver_bc/free_bike_status,2026-07-06T18:18:00Z,2026-07-06T18:18:00Z
lime_vancouver,lime_vancouver_9d3dca78-350e-40dc-9b93-29bdc769e063,9d3dca78-350e-40dc-9b93-29bdc769e063,49.250459,-123.026328,2,FALSE,FALSE,4796,NA,1783361883,2026-07-06T18:18:03Z,2026-07-06T18:18:03Z,2026-07-06T18:18:03Z,2.2,https://data.lime.bike/api/partners/v2/gbfs/vancouver_bc/gbfs.json,https://data.lime.bike/api/partners/v2/gbfs/vancouver_bc/free_bike_status,2026-07-06T18:18:00Z,2026-07-06T18:18:00Z
lime_vancouver,lime_vancouver_6c748175-7a7b-4984-8a95-9760d959b93e,6c748175-7a7b-4984-8a95-9760d959b93e,49.264619,-123.148523,2,FALSE,FALSE,4796,NA,1783361883,2026-07-06T18:18:03Z,2026-07-06T18:18:03Z,2026-07-06T18:18:03Z,2.2,https://data.lime.bike/api/partners/v2/gbfs/vancouver_bc/gbfs.json,https://data.lime.bike/api/partners/v2/gbfs/vancouver_bc/free_bike_status,2026-07-06T18:18:00Z,2026-07-06T18:18:00Z
lime_vancouver,lime_vancouver_18406a34-9a0a-41a9-bcb9-1a2e7c9d54c2,18406a34-9a0a-41a9-bcb9-1a2e7c9d54c2,49.250736,-123.083741,2,FALSE,FALSE,9334,NA,1783361883,2026-07-06T18:18:03Z,2026-07-06T18:18:03Z,2026-07-06T18:18:03Z,2.2,https://data.lime.bike/api/partners/v2/gbfs/vancouver_bc/gbfs.json,https://data.lime.bike/api/partners/v2/gbfs/vancouver_bc/free_bike_status,2026-07-06T18:18:00Z,2026-07-06T18:18:00Z
lime_vancouver,lime_vancouver_82102cd3-3fb9-4eb4-b4b2-dd4d7ff0e202,82102cd3-3fb9-4eb4-b4b2-dd4d7ff0e202,49.273702,-123.144271,2,FALSE,FALSE,7500,NA,1783361883,2026-07-06T18:18:03Z,2026-07-06T18:18:03Z,2026-07-06T18:18:03Z,2.2,https://data.lime.bike/api/partners/v2/gbfs/vancouver_bc/gbfs.json,https://data.lime.bike/api/partners/v2/gbfs/vancouver_bc/free_bike_status,2026-07-06T18:18:00Z,2026-07-06T18:18:00Z
lime_vancouver,lime_vancouver_3471eeb7-1c51-4056-b8f8-34db34439d14,3471eeb7-1c51-4056-b8f8-34db34439d14,49.227746,-123.071406,2,FALSE,FALSE,44514,NA,1783361883,2026-07-06T18:18:03Z,2026-07-06T18:18:03Z,2026-07-06T18:18:03Z,2.2,https://data.lime.bike/api/partners/v2/gbfs/vancouver_bc/gbfs.json,https://data.lime.bike/api/partners/v2/gbfs/vancouver_bc/free_bike_status,2026-07-06T18:18:00Z,2026-07-06T18:18:00Z
lime_vancouver,lime_vancouver_95095044-5510-4747-93a1-035334488900,95095044-5510-4747-93a1-035334488900,49.274036,-123.073297,2,FALSE,FALSE,18314,NA,1783361883,2026-07-06T18:18:03Z,2026-07-06T18:18:03Z,2026-07-06T18:18:03Z,2.2,https://data.lime.bike/api/partners/v2/gbfs/vancouver_bc/gbfs.json,https://data.lime.bike/api/partners/v2/gbfs/vancouver_bc/free_bike_status,2026-07-06T18:18:00Z,2026-07-06T18:18:00Z
lime_vancouver,lime_vancouver_220645fd-0c34-4250-b263-638253ef2f48,220645fd-0c34-4250-b263-638253ef2f48,49.262722,-123.139122,2,FALSE,FALSE,14017,NA,1783361883,2026-07-06T18:18:03Z,2026-07-06T18:18:03Z,2026-07-06T18:18:03Z,2.2,https://data.lime.bike/api/partners/v2/gbfs/vancouver_bc/gbfs.json,https://data.lime.bike/api/partners/v2/gbfs/vancouver_bc/free_bike_status,2026-07-06T18:18:00Z,2026-07-06T18:18:00Z
lime_vancouver,lime_vancouver_2e10702f-07db-4e77-84dd-55c110fd87b4,2e10702f-07db-4e77-84dd-55c110fd87b4,49.284965,-123.095197,2,FALSE,FALSE,17365,NA,1783361883,2026-07-06T18:18:03Z,2026-07-06T18:18:03Z,2026-07-06T18:18:03Z,2.2,https://data.lime.bike/api/partners/v2/gbfs/vancouver_bc/gbfs.json,https://data.lime.bike/api/partners/v2/gbfs/vancouver_bc/free_bike_status,2026-07-06T18:18:00Z,2026-07-06T18:18:00Z
lime_vancouver,lime_vancouver_d004b769-fdcd-455e-b9d5-701e13b6826e,d004b769-fdcd-455e-b9d5-701e13b6826e,49.281062,-123.112426,2,FALSE,FALSE,35711,NA,1783361883,2026-07-06T18:18:03Z,2026-07-06T18:18:03Z,2026-07-06T18:18:03Z,2.2,https://data.lime.bike/api/partners/v2/gbfs/vancouver_bc/gbfs.json,https://data.lime.bike/api/partners/v2/gbfs/vancouver_bc/free_bike_status,2026-07-06T18:18:00Z,2026-07-06T18:18:00Z
lime_vancouver,lime_vancouver_285b2510-c52c-45e1-940a-92b7bd9f741d,285b2510-c52c-45e1-940a-92b7bd9f741d,49.265891,-123.041484,2,FALSE,FALSE,12601,NA,1783361883,2026-07-06T18:18:03Z,2026-07-06T18:18:03Z,2026-07-06T18:18:03Z,2.2,https://data.lime.bike/api/partners/v2/gbfs/vancouver_bc/gbfs.json,https://data.lime.bike/api/partners/v2/gbfs/vancouver_bc/free_bike_status,2026-07-06T18:18:00Z,2026-07-06T18:18:00Z
lime_vancouver,lime_vancouver_0070d194-e5d8-4b99-bb42-c3d981f556d6,0070d194-e5d8-4b99-bb42-c3d981f556d6,49.244805,-123.045965,2,FALSE,FALSE,30111,NA,1783361883,2026-07-06T18:18:03Z,2026-07-06T18:18:03Z,2026-07-06T18:18:03Z,2.2,https://data.lime.bike/api/partners/v2/gbfs/vancouver_bc/gbfs.json,https://data.lime.bike/api/partners/v2/gbfs/vancouver_bc/free_bike_status,2026-07-06T18:18:00Z,2026-07-06T18:18:00Z
lime_vancouver,lime_vancouver_5feda993-eeac-4617-aeea-b8d96a3fbfe2,5feda993-eeac-4617-aeea-b8d96a3fbfe2,49.271176,-123.135523,2,FALSE,FALSE,32139,NA,1783361883,2026-07-06T18:18:03Z,2026-07-06T18:18:03Z,2026-07-06T18:18:03Z,2.2,https://data.lime.bike/api/partners/v2/gbfs/vancouver_bc/gbfs.json,https://data.lime.bike/api/partners/v2/gbfs/vancouver_bc/free_bike_status,2026-07-06T18:18:00Z,2026-07-06T18:18:00Z
lime_vancouver,lime_vancouver_c27f4807-1ee4-42e8-8093-c698f1ad34ae,c27f4807-1ee4-42e8-8093-c698f1ad34ae,49.290929,-123.127611,2,FALSE,FALSE,4361,NA,1783361883,2026-07-06T18:18:03Z,2026-07-06T18:18:03Z,2026-07-06T18:18:03Z,2.2,https://data.lime.bike/api/partners/v2/gbfs/vancouver_bc/gbfs.json,https://data.lime.bike/api/partners/v2/gbfs/vancouver_bc/free_bike_status,2026-07-06T18:18:00Z,2026-07-06T18:18:00Z
lime_vancouver,lime_vancouver_ff3af8d4-599f-43d1-b81c-f056753312d3,ff3af8d4-599f-43d1-b81c-f056753312d3,49.24764,-123.073464,2,FALSE,FALSE,29612,NA,1783361883,2026-07-06T18:18:03Z,2026-07-06T18:18:03Z,2026-07-06T18:18:03Z,2.2,https://data.lime.bike/api/partners/v2/gbfs/vancouver_bc/gbfs.json,https://data.lime.bike/api/partners/v2/gbfs/vancouver_bc/free_bike_status,2026-07-06T18:18:00Z,2026-07-06T18:18:00Z
lime_vancouver,lime_vancouver_3fd83ffc-0973-4a4b-9ce1-b5066b734864,3fd83ffc-0973-4a4b-9ce1-b5066b734864,49.263934,-123.104844,2,FALSE,FALSE,32139,NA,1783361883,2026-07-06T18:18:03Z,2026-07-06T18:18:03Z,2026-07-06T18:18:03Z,2.2,https://data.lime.bike/api/partners/v2/gbfs/vancouver_bc/gbfs.json,https://data.lime.bike/api/partners/v2/gbfs/vancouver_bc/free_bike_status,2026-07-06T18:18:00Z,2026-07-06T18:18:00Z
lime_vancouver,lime_vancouver_511d98e6-c380-49ef-937f-e4b7a8c0aa90,511d98e6-c380-49ef-937f-e4b7a8c0aa90,49.262201,-123.111188,2,FALSE,FALSE,14967,NA,1783361883,2026-07-06T18:18:03Z,2026-07-06T18:18:03Z,2026-07-06T18:18:03Z,2.2,https://data.lime.bike/api/partners/v2/gbfs/vancouver_bc/gbfs.json,https://data.lime.bike/api/partners/v2/gbfs/vancouver_bc/free_bike_status,2026-07-06T18:18:00Z,2026-07-06T18:18:00Z
lime_vancouver,lime_vancouver_1a75d9dd-0c41-4482-99b1-48e8dbc80742,1a75d9dd-0c41-4482-99b1-48e8dbc80742,49.262236,-123.04968,2,FALSE,FALSE,5697,NA,1783361883,2026-07-06T18:18:03Z,2026-07-06T18:18:03Z,2026-07-06T18:18:03Z,2.2,https://data.lime.bike/api/partners/v2/gbfs/vancouver_bc/gbfs.json,https://data.lime.bike/api/partners/v2/gbfs/vancouver_bc/free_bike_status,2026-07-06T18:18:00Z,2026-07-06T18:18:00Z
lime_vancouver,lime_vancouver_d2071bf8-eb71-4119-a981-81b8ccbd4b23,d2071bf8-eb71-4119-a981-81b8ccbd4b23,49.258721,-123.057112,2,FALSE,FALSE,34681,NA,1783361883,2026-07-06T18:18:03Z,2026-07-06T18:18:03Z,2026-07-06T18:18:03Z,2.2,https://data.lime.bike/api/partners/v2/gbfs/vancouver_bc/gbfs.json,https://data.lime.bike/api/partners/v2/gbfs/vancouver_bc/free_bike_status,2026-07-06T18:18:00Z,2026-07-06T18:18:00Z
lime_vancouver,lime_vancouver_6e6f104b-0c0d-413a-9544-e4e12903848f,6e6f104b-0c0d-413a-9544-e4e12903848f,49.258711,-123.057053,2,FALSE,FALSE,7049,NA,1783361883,2026-07-06T18:18:03Z,2026-07-06T18:18:03Z,2026-07-06T18:18:03Z,2.2,https://data.lime.bike/api/partners/v2/gbfs/vancouver_bc/gbfs.json,https://data.lime.bike/api/partners/v2/gbfs/vancouver_bc/free_bike_status,2026-07-06T18:18:00Z,2026-07-06T18:18:00Z
lime_vancouver,lime_vancouver_cfb69afb-8929-48f9-a26f-9700f35deede,cfb69afb-8929-48f9-a26f-9700f35deede,49.2812,-123.11262,2,FALSE,FALSE,15916,NA,1783361883,2026-07-06T18:18:03Z,2026-07-06T18:18:03Z,2026-07-06T18:18:03Z,2.2,https://data.lime.bike/api/partners/v2/gbfs/vancouver_bc/gbfs.json,https://data.lime.bike/api/partners/v2/gbfs/vancouver_bc/free_bike_status,2026-07-06T18:18:00Z,2026-07-06T18:18:00Z
lime_vancouver,lime_vancouver_0c636a20-9b16-4ce2-9c33-3262ab24cd9f,0c636a20-9b16-4ce2-9c33-3262ab24cd9f,49.283784,-123.119566,2,FALSE,FALSE,32637,NA,1783361883,2026-07-06T18:18:03Z,2026-07-06T18:18:03Z,2026-07-06T18:18:03Z,2.2,https://data.lime.bike/api/partners/v2/gbfs/vancouver_bc/gbfs.json,https://data.lime.bike/api/partners/v2/gbfs/vancouver_bc/free_bike_status,2026-07-06T18:18:00Z,2026-07-06T18:18:00Z
lime_vancouver,lime_vancouver_70951892-1bf2-47f9-9f27-8c00b1a1ac83,70951892-1bf2-47f9-9f27-8c00b1a1ac83,49.266474,-123.148148,2,FALSE,FALSE,26602,NA,1783361883,2026-07-06T18:18:03Z,2026-07-06T18:18:03Z,2026-07-06T18:18:03Z,2.2,https://data.lime.bike/api/partners/v2/gbfs/vancouver_bc/gbfs.json,https://data.lime.bike/api/partners/v2/gbfs/vancouver_bc/free_bike_status,2026-07-06T18:18:00Z,2026-07-06T18:18:00Z
lime_vancouver,lime_vancouver_c36aa288-f1e0-4ebf-a81d-b8866dc2b461,c36aa288-f1e0-4ebf-a81d-b8866dc2b461,49.285806,-123.121926,2,FALSE,FALSE,35711,NA,1783361883,2026-07-06T18:18:03Z,2026-07-06T18:18:03Z,2026-07-06T18:18:03Z,2.2,https://data.lime.bike/api/partners/v2/gbfs/vancouver_bc/gbfs.json,https://data.lime.bike/api/partners/v2/gbfs/vancouver_bc/free_bike_status,2026-07-06T18:18:00Z,2026-07-06T18:18:00Z
lime_vancouver,lime_vancouver_5cd1be63-a8ac-481e-b2d7-66720463da6b,5cd1be63-a8ac-481e-b2d7-66720463da6b,49.258363,-123.049912,2,FALSE,FALSE,9801,NA,1783361883,2026-07-06T18:18:03Z,2026-07-06T18:18:03Z,2026-07-06T18:18:03Z,2.2,https://data.lime.bike/api/partners/v2/gbfs/vancouver_bc/gbfs.json,https://data.lime.bike/api/partners/v2/gbfs/vancouver_bc/free_bike_status,2026-07-06T18:18:00Z,2026-07-06T18:18:00Z
lime_vancouver,lime_vancouver_ddaad12f-3df5-47d4-bc9c-b99e4bb08f99,ddaad12f-3df5-47d4-bc9c-b99e4bb08f99,49.28886,-123.119891,2,FALSE,FALSE,29097,NA,1783361883,2026-07-06T18:18:03Z,2026-07-06T18:18:03Z,2026-07-06T18:18:03Z,2.2,https://data.lime.bike/api/partners/v2/gbfs/vancouver_bc/gbfs.json,https://data.lime.bike/api/partners/v2/gbfs/vancouver_bc/free_bike_status,2026-07-06T18:18:00Z,2026-07-06T18:18:00Z
lime_vancouver,lime_vancouver_47d3e6be-f7c1-43c0-be75-238f470f324f,47d3e6be-f7c1-43c0-be75-238f470f324f,49.27116,-123.049536,2,FALSE,FALSE,21211,NA,1783361883,2026-07-06T18:18:03Z,2026-07-06T18:18:03Z,2026-07-06T18:18:03Z,2.2,https://data.lime.bike/api/partners/v2/gbfs/vancouver_bc/gbfs.json,https://data.lime.bike/api/partners/v2/gbfs/vancouver_bc/free_bike_status,2026-07-06T18:18:00Z,2026-07-06T18:18:00Z
lime_vancouver,lime_vancouver_03c4097f-adc1-4d99-a3a4-cec92928b5c2,03c4097f-adc1-4d99-a3a4-cec92928b5c2,49.263918,-123.10494,2,FALSE,FALSE,22177,NA,1783361883,2026-07-06T18:18:03Z,2026-07-06T18:18:03Z,2026-07-06T18:18:03Z,2.2,https://data.lime.bike/api/partners/v2/gbfs/vancouver_bc/gbfs.json,https://data.lime.bike/api/partners/v2/gbfs/vancouver_bc/free_bike_status,2026-07-06T18:18:00Z,2026-07-06T18:18:00Z
lime_vancouver,lime_vancouver_b80d8237-c487-4f50-94e3-9cc913a5b877,b80d8237-c487-4f50-94e3-9cc913a5b877,49.271855,-123.164684,2,FALSE,FALSE,6582,NA,1783361883,2026-07-06T18:18:03Z,2026-07-06T18:18:03Z,2026-07-06T18:18:03Z,2.2,https://data.lime.bike/api/partners/v2/gbfs/vancouver_bc/gbfs.json,https://data.lime.bike/api/partners/v2/gbfs/vancouver_bc/free_bike_status,2026-07-06T18:18:00Z,2026-07-06T18:18:00Z
lime_vancouver,lime_vancouver_c70f95a4-7ddf-477a-a0d7-401a25c8ef5b,c70f95a4-7ddf-477a-a0d7-401a25c8ef5b,49.265019,-123.056961,2,FALSE,FALSE,24124,NA,1783361883,2026-07-06T18:18:03Z,2026-07-06T18:18:03Z,2026-07-06T18:18:03Z,2.2,https://data.lime.bike/api/partners/v2/gbfs/vancouver_bc/gbfs.json,https://data.lime.bike/api/partners/v2/gbfs/vancouver_bc/free_bike_status,2026-07-06T18:18:00Z,2026-07-06T18:18:00Z
lime_vancouver,lime_vancouver_bcdc1552-783d-4005-abcc-10d862f4b1a4,bcdc1552-783d-4005-abcc-10d862f4b1a4,49.284956,-123.095225,2,FALSE,FALSE,30610,NA,1783361883,2026-07-06T18:18:03Z,2026-07-06T18:18:03Z,2026-07-06T18:18:03Z,2.2,https://data.lime.bike/api/partners/v2/gbfs/vancouver_bc/gbfs.json,https://data.lime.bike/api/partners/v2/gbfs/vancouver_bc/free_bike_status,2026-07-06T18:18:00Z,2026-07-06T18:18:00Z
lime_vancouver,lime_vancouver_d5613624-6921-42e6-889e-5d2c0713b455,d5613624-6921-42e6-889e-5d2c0713b455,49.228454,-123.058736,2,FALSE,FALSE,39880,NA,1783361883,2026-07-06T18:18:03Z,2026-07-06T18:18:03Z,2026-07-06T18:18:03Z,2.2,https://data.lime.bike/api/partners/v2/gbfs/vancouver_bc/gbfs.json,https://data.lime.bike/api/partners/v2/gbfs/vancouver_bc/free_bike_status,2026-07-06T18:18:00Z,2026-07-06T18:18:00Z
lime_vancouver,lime_vancouver_63e2863c-2459-478a-9a35-e79874162999,63e2863c-2459-478a-9a35-e79874162999,49.242912,-123.031211,2,FALSE,FALSE,26602,NA,1783361883,2026-07-06T18:18:03Z,2026-07-06T18:18:03Z,2026-07-06T18:18:03Z,2.2,https://data.lime.bike/api/partners/v2/gbfs/vancouver_bc/gbfs.json,https://data.lime.bike/api/partners/v2/gbfs/vancouver_bc/free_bike_status,2026-07-06T18:18:00Z,2026-07-06T18:18:00Z
lime_vancouver,lime_vancouver_c60e3d23-7223-417d-8646-e36911e6db98,c60e3d23-7223-417d-8646-e36911e6db98,49.281578,-123.137272,2,FALSE,FALSE,45528,NA,1783361883,2026-07-06T18:18:03Z,2026-07-06T18:18:03Z,2026-07-06T18:18:03Z,2.2,https://data.lime.bike/api/partners/v2/gbfs/vancouver_bc/gbfs.json,https://data.lime.bike/api/partners/v2/gbfs/vancouver_bc/free_bike_status,2026-07-06T18:18:00Z,2026-07-06T18:18:00Z
lime_vancouver,lime_vancouver_01e8e29d-13fd-4302-9afd-2f1580761c29,01e8e29d-13fd-4302-9afd-2f1580761c29,49.274046,-123.125198,2,FALSE,FALSE,46558,NA,1783361883,2026-07-06T18:18:03Z,2026-07-06T18:18:03Z,2026-07-06T18:18:03Z,2.2,https://data.lime.bike/api/partners/v2/gbfs/vancouver_bc/gbfs.json,https://data.lime.bike/api/partners/v2/gbfs/vancouver_bc/free_bike_status,2026-07-06T18:18:00Z,2026-07-06T18:18:00Z
lime_vancouver,lime_vancouver_fb15d77c-18d7-4b94-ab5b-03047500fe2a,fb15d77c-18d7-4b94-ab5b-03047500fe2a,49.273243,-123.123423,2,FALSE,FALSE,40910,NA,1783361883,2026-07-06T18:18:03Z,2026-07-06T18:18:03Z,2026-07-06T18:18:03Z,2.2,https://data.lime.bike/api/partners/v2/gbfs/vancouver_bc/gbfs.json,https://data.lime.bike/api/partners/v2/gbfs/vancouver_bc/free_bike_status,2026-07-06T18:18:00Z,2026-07-06T18:18:00Z
lime_vancouver,lime_vancouver_41a8c46b-df16-4d9b-b979-a1fad68c9855,41a8c46b-df16-4d9b-b979-a1fad68c9855,49.27955,-123.105666,2,FALSE,FALSE,10268,NA,1783361883,2026-07-06T18:18:03Z,2026-07-06T18:18:03Z,2026-07-06T18:18:03Z,2.2,https://data.lime.bike/api/partners/v2/gbfs/vancouver_bc/gbfs.json,https://data.lime.bike/api/partners/v2/gbfs/vancouver_bc/free_bike_status,2026-07-06T18:18:00Z,2026-07-06T18:18:00Z
lime_vancouver,lime_vancouver_a87845ba-4701-480c-b56a-26d23f869ccd,a87845ba-4701-480c-b56a-26d23f869ccd,49.281776,-123.10717,2,FALSE,FALSE,16399,NA,1783361883,2026-07-06T18:18:03Z,2026-07-06T18:18:03Z,2026-07-06T18:18:03Z,2.2,https://data.lime.bike/api/partners/v2/gbfs/vancouver_bc/gbfs.json,https://data.lime.bike/api/partners/v2/gbfs/vancouver_bc/free_bike_status,2026-07-06T18:18:00Z,2026-07-06T18:18:00Z
lime_vancouver,lime_vancouver_cf19cb8c-b1d3-4271-a4c2-56410d749000,cf19cb8c-b1d3-4271-a4c2-56410d749000,49.242891,-123.031173,2,FALSE,FALSE,17365,NA,1783361883,2026-07-06T18:18:03Z,2026-07-06T18:18:03Z,2026-07-06T18:18:03Z,2.2,https://data.lime.bike/api/partners/v2/gbfs/vancouver_bc/gbfs.json,https://data.lime.bike/api/partners/v2/gbfs/vancouver_bc/free_bike_status,2026-07-06T18:18:00Z,2026-07-06T18:18:00Z
lime_vancouver,lime_vancouver_df673368-adaa-4a27-bfbd-125ca98f5c64,df673368-adaa-4a27-bfbd-125ca98f5c64,49.28025,-123.106323,2,FALSE,FALSE,31125,NA,1783361883,2026-07-06T18:18:03Z,2026-07-06T18:18:03Z,2026-07-06T18:18:03Z,2.2,https://data.lime.bike/api/partners/v2/gbfs/vancouver_bc/gbfs.json,https://data.lime.bike/api/partners/v2/gbfs/vancouver_bc/free_bike_status,2026-07-06T18:18:00Z,2026-07-06T18:18:00Z
lime_vancouver,lime_vancouver_37cc169f-217a-475d-bd79-ddfecd911545,37cc169f-217a-475d-bd79-ddfecd911545,49.266684,-123.109441,2,FALSE,FALSE,25605,NA,1783361883,2026-07-06T18:18:03Z,2026-07-06T18:18:03Z,2026-07-06T18:18:03Z,2.2,https://data.lime.bike/api/partners/v2/gbfs/vancouver_bc/gbfs.json,https://data.lime.bike/api/partners/v2/gbfs/vancouver_bc/free_bike_status,2026-07-06T18:18:00Z,2026-07-06T18:18:00Z
lime_vancouver,lime_vancouver_ccbacca9-3a15-4355-a337-fcc884ff994d,ccbacca9-3a15-4355-a337-fcc884ff994d,49.282473,-123.068388,2,FALSE,FALSE,7500,NA,1783361883,2026-07-06T18:18:03Z,2026-07-06T18:18:03Z,2026-07-06T18:18:03Z,2.2,https://data.lime.bike/api/partners/v2/gbfs/vancouver_bc/gbfs.json,https://data.lime.bike/api/partners/v2/gbfs/vancouver_bc/free_bike_status,2026-07-06T18:18:00Z,2026-07-06T18:18:00Z
lime_vancouver,lime_vancouver_a8ed4b5e-abdb-442f-93bd-12444b67aecd,a8ed4b5e-abdb-442f-93bd-12444b67aecd,49.262731,-123.155616,2,FALSE,FALSE,14967,NA,1783361883,2026-07-06T18:18:03Z,2026-07-06T18:18:03Z,2026-07-06T18:18:03Z,2.2,https://data.lime.bike/api/partners/v2/gbfs/vancouver_bc/gbfs.json,https://data.lime.bike/api/partners/v2/gbfs/vancouver_bc/free_bike_status,2026-07-06T18:18:00Z,2026-07-06T18:18:00Z
lime_vancouver,lime_vancouver_e828bd82-e043-4788-b7b1-2c7aee318097,e828bd82-e043-4788-b7b1-2c7aee318097,49.244806,-123.052144,2,FALSE,FALSE,3927,NA,1783361883,2026-07-06T18:18:03Z,2026-07-06T18:18:03Z,2026-07-06T18:18:03Z,2.2,https://data.lime.bike/api/partners/v2/gbfs/vancouver_bc/gbfs.json,https://data.lime.bike/api/partners/v2/gbfs/vancouver_bc/free_bike_status,2026-07-06T18:18:00Z,2026-07-06T18:18:00Z
lime_vancouver,lime_vancouver_26328d51-708d-4620-9168-862c8b59134f,26328d51-708d-4620-9168-862c8b59134f,49.244553,-123.075944,2,FALSE,FALSE,4796,NA,1783361883,2026-07-06T18:18:03Z,2026-07-06T18:18:03Z,2026-07-06T18:18:03Z,2.2,https://data.lime.bike/api/partners/v2/gbfs/vancouver_bc/gbfs.json,https://data.lime.bike/api/partners/v2/gbfs/vancouver_bc/free_bike_status,2026-07-06T18:18:00Z,2026-07-06T18:18:00Z
lime_vancouver,lime_vancouver_f598c37b-a04d-457f-8058-c4beca3e9348,f598c37b-a04d-457f-8058-c4beca3e9348,49.266668,-123.115608,2,FALSE,FALSE,6582,NA,1783361883,2026-07-06T18:18:03Z,2026-07-06T18:18:03Z,2026-07-06T18:18:03Z,2.2,https://data.lime.bike/api/partners/v2/gbfs/vancouver_bc/gbfs.json,https://data.lime.bike/api/partners/v2/gbfs/vancouver_bc/free_bike_status,2026-07-06T18:18:00Z,2026-07-06T18:18:00Z
lime_vancouver,lime_vancouver_69065323-c2e8-4f71-afd6-feeca4da23b8,69065323-c2e8-4f71-afd6-feeca4da23b8,49.231091,-123.032616,2,FALSE,FALSE,18314,NA,1783361883,2026-07-06T18:18:03Z,2026-07-06T18:18:03Z,2026-07-06T18:18:03Z,2.2,https://data.lime.bike/api/partners/v2/gbfs/vancouver_bc/gbfs.json,https://data.lime.bike/api/partners/v2/gbfs/vancouver_bc/free_bike_status,2026-07-06T18:18:00Z,2026-07-06T18:18:00Z
lime_vancouver,lime_vancouver_670369f2-ae28-4cde-951f-9daecf631671,670369f2-ae28-4cde-951f-9daecf631671,49.229197,-123.023958,2,FALSE,FALSE,23094,NA,1783361883,2026-07-06T18:18:03Z,2026-07-06T18:18:03Z,2026-07-06T18:18:03Z,2.2,https://data.lime.bike/api/partners/v2/gbfs/vancouver_bc/gbfs.json,https://data.lime.bike/api/partners/v2/gbfs/vancouver_bc/free_bike_status,2026-07-06T18:18:00Z,2026-07-06T18:18:00Z
lime_vancouver,lime_vancouver_14220c86-dd49-4b71-bfab-9023f1b77494,14220c86-dd49-4b71-bfab-9023f1b77494,49.283445,-123.112665,2,FALSE,FALSE,11201,NA,1783361883,2026-07-06T18:18:03Z,2026-07-06T18:18:03Z,2026-07-06T18:18:03Z,2.2,https://data.lime.bike/api/partners/v2/gbfs/vancouver_bc/gbfs.json,https://data.lime.bike/api/partners/v2/gbfs/vancouver_bc/free_bike_status,2026-07-06T18:18:00Z,2026-07-06T18:18:00Z
lime_vancouver,lime_vancouver_52d11947-e252-43e7-a2d0-ef2d37f59b76,52d11947-e252-43e7-a2d0-ef2d37f59b76,49.235886,-123.049096,2,FALSE,FALSE,17832,NA,1783361883,2026-07-06T18:18:03Z,2026-07-06T18:18:03Z,2026-07-06T18:18:03Z,2.2,https://data.lime.bike/api/partners/v2/gbfs/vancouver_bc/gbfs.json,https://data.lime.bike/api/partners/v2/gbfs/vancouver_bc/free_bike_status,2026-07-06T18:18:00Z,2026-07-06T18:18:00Z
lime_vancouver,lime_vancouver_6bdeaf2b-8468-43b1-b52f-6d93bd004db3,6bdeaf2b-8468-43b1-b52f-6d93bd004db3,49.290649,-123.133488,2,FALSE,FALSE,20246,NA,1783361883,2026-07-06T18:18:03Z,2026-07-06T18:18:03Z,2026-07-06T18:18:03Z,2.2,https://data.lime.bike/api/partners/v2/gbfs/vancouver_bc/gbfs.json,https://data.lime.bike/api/partners/v2/gbfs/vancouver_bc/free_bike_status,2026-07-06T18:18:00Z,2026-07-06T18:18:00Z
lime_vancouver,lime_vancouver_9fa128a6-7542-493f-978b-92c87a532a31,9fa128a6-7542-493f-978b-92c87a532a31,49.278435,-123.114965,2,FALSE,FALSE,34681,NA,1783361883,2026-07-06T18:18:03Z,2026-07-06T18:18:03Z,2026-07-06T18:18:03Z,2.2,https://data.lime.bike/api/partners/v2/gbfs/vancouver_bc/gbfs.json,https://data.lime.bike/api/partners/v2/gbfs/vancouver_bc/free_bike_status,2026-07-06T18:18:00Z,2026-07-06T18:18:00Z
lime_vancouver,lime_vancouver_5293e8e7-9dfa-4ac4-bead-2961b9fbb5ff,5293e8e7-9dfa-4ac4-bead-2961b9fbb5ff,49.232622,-123.05174,2,FALSE,FALSE,29097,NA,1783361883,2026-07-06T18:18:03Z,2026-07-06T18:18:03Z,2026-07-06T18:18:03Z,2.2,https://data.lime.bike/api/partners/v2/gbfs/vancouver_bc/gbfs.json,https://data.lime.bike/api/partners/v2/gbfs/vancouver_bc/free_bike_status,2026-07-06T18:18:00Z,2026-07-06T18:18:00Z
lime_vancouver,lime_vancouver_37f9c4b7-0ff9-46a1-beb1-935d70779871,37f9c4b7-0ff9-46a1-beb1-935d70779871,49.269046,-123.16446,2,FALSE,FALSE,7049,NA,1783361883,2026-07-06T18:18:03Z,2026-07-06T18:18:03Z,2026-07-06T18:18:03Z,2.2,https://data.lime.bike/api/partners/v2/gbfs/vancouver_bc/gbfs.json,https://data.lime.bike/api/partners/v2/gbfs/vancouver_bc/free_bike_status,2026-07-06T18:18:00Z,2026-07-06T18:18:00Z
lime_vancouver,lime_vancouver_eeaaee6f-d589-41a4-99f3-38e6e96c53fa,eeaaee6f-d589-41a4-99f3-38e6e96c53fa,49.2359,-123.049096,2,FALSE,FALSE,45013,NA,1783361883,2026-07-06T18:18:03Z,2026-07-06T18:18:03Z,2026-07-06T18:18:03Z,2.2,https://data.lime.bike/api/partners/v2/gbfs/vancouver_bc/gbfs.json,https://data.lime.bike/api/partners/v2/gbfs/vancouver_bc/free_bike_status,2026-07-06T18:18:00Z,2026-07-06T18:18:00Z
lime_vancouver,lime_vancouver_860c608e-120c-4a2d-b72b-bc5cc583412d,860c608e-120c-4a2d-b72b-bc5cc583412d,49.283828,-123.11981,2,FALSE,FALSE,18314,NA,1783361883,2026-07-06T18:18:03Z,2026-07-06T18:18:03Z,2026-07-06T18:18:03Z,2.2,https://data.lime.bike/api/partners/v2/gbfs/vancouver_bc/gbfs.json,https://data.lime.bike/api/partners/v2/gbfs/vancouver_bc/free_bike_status,2026-07-06T18:18:00Z,2026-07-06T18:18:00Z
lime_vancouver,lime_vancouver_876c26c1-7ab4-4377-b112-94e0fd6a3fac,876c26c1-7ab4-4377-b112-94e0fd6a3fac,49.254358,-123.068472,2,FALSE,FALSE,6582,NA,1783361883,2026-07-06T18:18:03Z,2026-07-06T18:18:03Z,2026-07-06T18:18:03Z,2.2,https://data.lime.bike/api/partners/v2/gbfs/vancouver_bc/gbfs.json,https://data.lime.bike/api/partners/v2/gbfs/vancouver_bc/free_bike_status,2026-07-06T18:18:00Z,2026-07-06T18:18:00Z
lime_vancouver,lime_vancouver_c5e10452-2b5f-4108-8df0-816a823836bb,c5e10452-2b5f-4108-8df0-816a823836bb,49.2649,-123.164851,2,FALSE,FALSE,5697,NA,1783361883,2026-07-06T18:18:03Z,2026-07-06T18:18:03Z,2026-07-06T18:18:03Z,2.2,https://data.lime.bike/api/partners/v2/gbfs/vancouver_bc/gbfs.json,https://data.lime.bike/api/partners/v2/gbfs/vancouver_bc/free_bike_status,2026-07-06T18:18:00Z,2026-07-06T18:18:00Z
lime_vancouver,lime_vancouver_ee194703-8213-4864-bdc9-7c5a4b814b9c,ee194703-8213-4864-bdc9-7c5a4b814b9c,49.263827,-123.109196,2,FALSE,FALSE,37272,NA,1783361883,2026-07-06T18:18:03Z,2026-07-06T18:18:03Z,2026-07-06T18:18:03Z,2.2,https://data.lime.bike/api/partners/v2/gbfs/vancouver_bc/gbfs.json,https://data.lime.bike/api/partners/v2/gbfs/vancouver_bc/free_bike_status,2026-07-06T18:18:00Z,2026-07-06T18:18:00Z
lime_vancouver,lime_vancouver_0894bfb5-eb23-4293-9956-3ff8b0627d76,0894bfb5-eb23-4293-9956-3ff8b0627d76,49.264915,-123.117172,2,FALSE,FALSE,38833,NA,1783361883,2026-07-06T18:18:03Z,2026-07-06T18:18:03Z,2026-07-06T18:18:03Z,2.2,https://data.lime.bike/api/partners/v2/gbfs/vancouver_bc/gbfs.json,https://data.lime.bike/api/partners/v2/gbfs/vancouver_bc/free_bike_status,2026-07-06T18:18:00Z,2026-07-06T18:18:00Z
lime_vancouver,lime_vancouver_b56d4e86-616f-44c5-b9ee-bfa8aacf7ca8,b56d4e86-616f-44c5-b9ee-bfa8aacf7ca8,49.273101,-123.069279,2,FALSE,FALSE,38833,NA,1783361883,2026-07-06T18:18:03Z,2026-07-06T18:18:03Z,2026-07-06T18:18:03Z,2.2,https://data.lime.bike/api/partners/v2/gbfs/vancouver_bc/gbfs.json,https://data.lime.bike/api/partners/v2/gbfs/vancouver_bc/free_bike_status,2026-07-06T18:18:00Z,2026-07-06T18:18:00Z
lime_vancouver,lime_vancouver_c249239f-a12a-4b92-a8d0-af9341faebc1,c249239f-a12a-4b92-a8d0-af9341faebc1,49.283932,-123.119881,2,FALSE,FALSE,6582,NA,1783361883,2026-07-06T18:18:03Z,2026-07-06T18:18:03Z,2026-07-06T18:18:03Z,2.2,https://data.lime.bike/api/partners/v2/gbfs/vancouver_bc/gbfs.json,https://data.lime.bike/api/partners/v2/gbfs/vancouver_bc/free_bike_status,2026-07-06T18:18:00Z,2026-07-06T18:18:00Z
lime_vancouver,lime_vancouver_89a88d31-bd16-4d65-86c7-a6767b74867e,89a88d31-bd16-4d65-86c7-a6767b74867e,49.262512,-123.119907,2,FALSE,FALSE,31125,NA,1783361883,2026-07-06T18:18:03Z,2026-07-06T18:18:03Z,2026-07-06T18:18:03Z,2.2,https://data.lime.bike/api/partners/v2/gbfs/vancouver_bc/gbfs.json,https://data.lime.bike/api/partners/v2/gbfs/vancouver_bc/free_bike_status,2026-07-06T18:18:00Z,2026-07-06T18:18:00Z
lime_vancouver,lime_vancouver_33ad6fb3-811a-4300-9d81-e6c2ad721416,33ad6fb3-811a-4300-9d81-e6c2ad721416,49.242885,-123.03119,2,FALSE,FALSE,34166,NA,1783361883,2026-07-06T18:18:03Z,2026-07-06T18:18:03Z,2026-07-06T18:18:03Z,2.2,https://data.lime.bike/api/partners/v2/gbfs/vancouver_bc/gbfs.json,https://data.lime.bike/api/partners/v2/gbfs/vancouver_bc/free_bike_status,2026-07-06T18:18:00Z,2026-07-06T18:18:00Z
lime_vancouver,lime_vancouver_40aec996-9939-4fa7-b99d-3705f4e47cf2,40aec996-9939-4fa7-b99d-3705f4e47cf2,49.280934,-123.025567,2,FALSE,FALSE,21694,NA,1783361883,2026-07-06T18:18:03Z,2026-07-06T18:18:03Z,2026-07-06T18:18:03Z,2.2,https://data.lime.bike/api/partners/v2/gbfs/vancouver_bc/gbfs.json,https://data.lime.bike/api/partners/v2/gbfs/vancouver_bc/free_bike_status,2026-07-06T18:18:00Z,2026-07-06T18:18:00Z
lime_vancouver,lime_vancouver_cd74df68-9265-40be-8fee-6474e902e743,cd74df68-9265-40be-8fee-6474e902e743,49.26386,-123.034053,2,FALSE,FALSE,5246,NA,1783361883,2026-07-06T18:18:03Z,2026-07-06T18:18:03Z,2026-07-06T18:18:03Z,2.2,https://data.lime.bike/api/partners/v2/gbfs/vancouver_bc/gbfs.json,https://data.lime.bike/api/partners/v2/gbfs/vancouver_bc/free_bike_status,2026-07-06T18:18:00Z,2026-07-06T18:18:00Z
lime_vancouver,lime_vancouver_a24b38f5-1b39-43cc-88e3-37691ba9cead,a24b38f5-1b39-43cc-88e3-37691ba9cead,49.265024,-123.056867,2,FALSE,FALSE,40910,NA,1783361883,2026-07-06T18:18:03Z,2026-07-06T18:18:03Z,2026-07-06T18:18:03Z,2.2,https://data.lime.bike/api/partners/v2/gbfs/vancouver_bc/gbfs.json,https://data.lime.bike/api/partners/v2/gbfs/vancouver_bc/free_bike_status,2026-07-06T18:18:00Z,2026-07-06T18:18:00Z
lime_vancouver,lime_vancouver_6253f3da-9c90-4886-ac29-c9f1a5b14033,6253f3da-9c90-4886-ac29-c9f1a5b14033,49.250397,-123.026236,2,FALSE,FALSE,39348,NA,1783361883,2026-07-06T18:18:03Z,2026-07-06T18:18:03Z,2026-07-06T18:18:03Z,2.2,https://data.lime.bike/api/partners/v2/gbfs/vancouver_bc/gbfs.json,https://data.lime.bike/api/partners/v2/gbfs/vancouver_bc/free_bike_status,2026-07-06T18:18:00Z,2026-07-06T18:18:00Z
lime_vancouver,lime_vancouver_b42a9aa6-b0f5-41fe-9ad1-673e04e0f6b3,b42a9aa6-b0f5-41fe-9ad1-673e04e0f6b3,49.26754,-123.036233,2,FALSE,FALSE,33152,NA,1783361883,2026-07-06T18:18:03Z,2026-07-06T18:18:03Z,2026-07-06T18:18:03Z,2.2,https://data.lime.bike/api/partners/v2/gbfs/vancouver_bc/gbfs.json,https://data.lime.bike/api/partners/v2/gbfs/vancouver_bc/free_bike_status,2026-07-06T18:18:00Z,2026-07-06T18:18:00Z
lime_vancouver,lime_vancouver_1fa11cd1-63c4-4617-a4ea-7eb48309b9fc,1fa11cd1-63c4-4617-a4ea-7eb48309b9fc,49.262235,-123.111238,2,FALSE,FALSE,36741,NA,1783361883,2026-07-06T18:18:03Z,2026-07-06T18:18:03Z,2026-07-06T18:18:03Z,2.2,https://data.lime.bike/api/partners/v2/gbfs/vancouver_bc/gbfs.json,https://data.lime.bike/api/partners/v2/gbfs/vancouver_bc/free_bike_status,2026-07-06T18:18:00Z,2026-07-06T18:18:00Z
lime_vancouver,lime_vancouver_d4d4f6d8-4c1c-4f45-9076-6e02aa4e14df,d4d4f6d8-4c1c-4f45-9076-6e02aa4e14df,49.283206,-123.115743,2,FALSE,FALSE,13551,NA,1783361883,2026-07-06T18:18:03Z,2026-07-06T18:18:03Z,2026-07-06T18:18:03Z,2.2,https://data.lime.bike/api/partners/v2/gbfs/vancouver_bc/gbfs.json,https://data.lime.bike/api/partners/v2/gbfs/vancouver_bc/free_bike_status,2026-07-06T18:18:00Z,2026-07-06T18:18:00Z
lime_vancouver,lime_vancouver_4aac3f4d-27e5-4494-9ef5-c58a82129253,4aac3f4d-27e5-4494-9ef5-c58a82129253,49.286733,-123.029621,2,FALSE,FALSE,13551,NA,1783361883,2026-07-06T18:18:03Z,2026-07-06T18:18:03Z,2026-07-06T18:18:03Z,2.2,https://data.lime.bike/api/partners/v2/gbfs/vancouver_bc/gbfs.json,https://data.lime.bike/api/partners/v2/gbfs/vancouver_bc/free_bike_status,2026-07-06T18:18:00Z,2026-07-06T18:18:00Z
lime_vancouver,lime_vancouver_ac175920-e462-41a3-a6d9-35ff77e8770f,ac175920-e462-41a3-a6d9-35ff77e8770f,49.281146,-123.112201,2,FALSE,FALSE,32139,NA,1783361883,2026-07-06T18:18:03Z,2026-07-06T18:18:03Z,2026-07-06T18:18:03Z,2.2,https://data.lime.bike/api/partners/v2/gbfs/vancouver_bc/gbfs.json,https://data.lime.bike/api/partners/v2/gbfs/vancouver_bc/free_bike_status,2026-07-06T18:18:00Z,2026-07-06T18:18:00Z
lime_vancouver,lime_vancouver_38c0349b-d1e7-4e73-8435-aac9d82e5a7c,38c0349b-d1e7-4e73-8435-aac9d82e5a7c,49.286234,-123.121982,2,FALSE,FALSE,7500,NA,1783361883,2026-07-06T18:18:03Z,2026-07-06T18:18:03Z,2026-07-06T18:18:03Z,2.2,https://data.lime.bike/api/partners/v2/gbfs/vancouver_bc/gbfs.json,https://data.lime.bike/api/partners/v2/gbfs/vancouver_bc/free_bike_status,2026-07-06T18:18:00Z,2026-07-06T18:18:00Z
lime_vancouver,lime_vancouver_b5f41aea-2fc2-4047-b8c5-888db61b0768,b5f41aea-2fc2-4047-b8c5-888db61b0768,49.275107,-123.132887,2,FALSE,FALSE,15450,NA,1783361883,2026-07-06T18:18:03Z,2026-07-06T18:18:03Z,2026-07-06T18:18:03Z,2.2,https://data.lime.bike/api/partners/v2/gbfs/vancouver_bc/gbfs.json,https://data.lime.bike/api/partners/v2/gbfs/vancouver_bc/free_bike_status,2026-07-06T18:18:00Z,2026-07-06T18:18:00Z
lime_vancouver,lime_vancouver_178ab297-ac57-495a-9384-6855eca50cdb,178ab297-ac57-495a-9384-6855eca50cdb,49.254018,-123.083664,2,FALSE,FALSE,40395,NA,1783361883,2026-07-06T18:18:03Z,2026-07-06T18:18:03Z,2026-07-06T18:18:03Z,2.2,https://data.lime.bike/api/partners/v2/gbfs/vancouver_bc/gbfs.json,https://data.lime.bike/api/partners/v2/gbfs/vancouver_bc/free_bike_status,2026-07-06T18:18:00Z,2026-07-06T18:18:00Z
lime_vancouver,lime_vancouver_d10dfb00-5905-4ede-94c6-7dc78f6c7c6d,d10dfb00-5905-4ede-94c6-7dc78f6c7c6d,49.293407,-123.135915,2,FALSE,FALSE,38833,NA,1783361883,2026-07-06T18:18:03Z,2026-07-06T18:18:03Z,2026-07-06T18:18:03Z,2.2,https://data.lime.bike/api/partners/v2/gbfs/vancouver_bc/gbfs.json,https://data.lime.bike/api/partners/v2/gbfs/vancouver_bc/free_bike_status,2026-07-06T18:18:00Z,2026-07-06T18:18:00Z
lime_vancouver,lime_vancouver_c1c41569-84bc-497d-bfff-74347715ef9f,c1c41569-84bc-497d-bfff-74347715ef9f,49.266713,-123.112447,2,FALSE,FALSE,9801,NA,1783361883,2026-07-06T18:18:03Z,2026-07-06T18:18:03Z,2026-07-06T18:18:03Z,2.2,https://data.lime.bike/api/partners/v2/gbfs/vancouver_bc/gbfs.json,https://data.lime.bike/api/partners/v2/gbfs/vancouver_bc/free_bike_status,2026-07-06T18:18:00Z,2026-07-06T18:18:00Z
lime_vancouver,lime_vancouver_e1efbcb6-6050-4cec-8d14-479e3251e2c9,e1efbcb6-6050-4cec-8d14-479e3251e2c9,49.264669,-123.148553,2,FALSE,FALSE,6582,NA,1783361883,2026-07-06T18:18:03Z,2026-07-06T18:18:03Z,2026-07-06T18:18:03Z,2.2,https://data.lime.bike/api/partners/v2/gbfs/vancouver_bc/gbfs.json,https://data.lime.bike/api/partners/v2/gbfs/vancouver_bc/free_bike_status,2026-07-06T18:18:00Z,2026-07-06T18:18:00Z
lime_vancouver,lime_vancouver_fbe11e09-962f-477d-8b15-2725decb07fa,fbe11e09-962f-477d-8b15-2725decb07fa,49.264293,-123.081615,2,FALSE,FALSE,44514,NA,1783361883,2026-07-06T18:18:03Z,2026-07-06T18:18:03Z,2026-07-06T18:18:03Z,2.2,https://data.lime.bike/api/partners/v2/gbfs/vancouver_bc/gbfs.json,https://data.lime.bike/api/partners/v2/gbfs/vancouver_bc/free_bike_status,2026-07-06T18:18:00Z,2026-07-06T18:18:00Z
lime_vancouver,lime_vancouver_a06eebd8-4b6e-409f-8f32-872cfe56f4ae,a06eebd8-4b6e-409f-8f32-872cfe56f4ae,49.257766,-123.07345,2,FALSE,FALSE,36741,NA,1783361883,2026-07-06T18:18:03Z,2026-07-06T18:18:03Z,2026-07-06T18:18:03Z,2.2,https://data.lime.bike/api/partners/v2/gbfs/vancouver_bc/gbfs.json,https://data.lime.bike/api/partners/v2/gbfs/vancouver_bc/free_bike_status,2026-07-06T18:18:00Z,2026-07-06T18:18:00Z
lime_vancouver,lime_vancouver_7daa19fe-7c57-45b6-81d4-d1d2c4f8e90d,7daa19fe-7c57-45b6-81d4-d1d2c4f8e90d,49.265889,-123.041478,2,FALSE,FALSE,32139,NA,1783361883,2026-07-06T18:18:03Z,2026-07-06T18:18:03Z,2026-07-06T18:18:03Z,2.2,https://data.lime.bike/api/partners/v2/gbfs/vancouver_bc/gbfs.json,https://data.lime.bike/api/partners/v2/gbfs/vancouver_bc/free_bike_status,2026-07-06T18:18:00Z,2026-07-06T18:18:00Z
lime_vancouver,lime_vancouver_786f67cb-4c17-4549-a9fb-28d6e193a656,786f67cb-4c17-4549-a9fb-28d6e193a656,49.271416,-123.146378,2,FALSE,FALSE,43999,NA,1783361883,2026-07-06T18:18:03Z,2026-07-06T18:18:03Z,2026-07-06T18:18:03Z,2.2,https://data.lime.bike/api/partners/v2/gbfs/vancouver_bc/gbfs.json,https://data.lime.bike/api/partners/v2/gbfs/vancouver_bc/free_bike_status,2026-07-06T18:18:00Z,2026-07-06T18:18:00Z
lime_vancouver,lime_vancouver_3b471165-f5ba-49c9-bc45-219676df9bce,3b471165-f5ba-49c9-bc45-219676df9bce,49.275513,-123.132827,2,FALSE,FALSE,15916,NA,1783361883,2026-07-06T18:18:03Z,2026-07-06T18:18:03Z,2026-07-06T18:18:03Z,2.2,https://data.lime.bike/api/partners/v2/gbfs/vancouver_bc/gbfs.json,https://data.lime.bike/api/partners/v2/gbfs/vancouver_bc/free_bike_status,2026-07-06T18:18:00Z,2026-07-06T18:18:00Z
lime_vancouver,lime_vancouver_139ab57c-5ecb-44d8-a1fe-015db431576c,139ab57c-5ecb-44d8-a1fe-015db431576c,49.262232,-123.111195,2,FALSE,FALSE,14017,NA,1783361883,2026-07-06T18:18:03Z,2026-07-06T18:18:03Z,2026-07-06T18:18:03Z,2.2,https://data.lime.bike/api/partners/v2/gbfs/vancouver_bc/gbfs.json,https://data.lime.bike/api/partners/v2/gbfs/vancouver_bc/free_bike_status,2026-07-06T18:18:00Z,2026-07-06T18:18:00Z
lime_vancouver,lime_vancouver_8d9e9f97-7279-428e-81ef-a5f86ba7da00,8d9e9f97-7279-428e-81ef-a5f86ba7da00,49.262396,-123.114951,2,FALSE,FALSE,32139,NA,1783361883,2026-07-06T18:18:03Z,2026-07-06T18:18:03Z,2026-07-06T18:18:03Z,2.2,https://data.lime.bike/api/partners/v2/gbfs/vancouver_bc/gbfs.json,https://data.lime.bike/api/partners/v2/gbfs/vancouver_bc/free_bike_status,2026-07-06T18:18:00Z,2026-07-06T18:18:00Z
lime_vancouver,lime_vancouver_4d0a9452-f421-4742-8062-d5f70b471548,4d0a9452-f421-4742-8062-d5f70b471548,49.283437,-123.112898,2,FALSE,FALSE,24124,NA,1783361883,2026-07-06T18:18:03Z,2026-07-06T18:18:03Z,2026-07-06T18:18:03Z,2.2,https://data.lime.bike/api/partners/v2/gbfs/vancouver_bc/gbfs.json,https://data.lime.bike/api/partners/v2/gbfs/vancouver_bc/free_bike_status,2026-07-06T18:18:00Z,2026-07-06T18:18:00Z
lime_vancouver,lime_vancouver_ad3302ef-663e-45d0-ab97-f44db34678dd,ad3302ef-663e-45d0-ab97-f44db34678dd,49.254184,-123.083692,2,FALSE,FALSE,15450,NA,1783361883,2026-07-06T18:18:03Z,2026-07-06T18:18:03Z,2026-07-06T18:18:03Z,2.2,https://data.lime.bike/api/partners/v2/gbfs/vancouver_bc/gbfs.json,https://data.lime.bike/api/partners/v2/gbfs/vancouver_bc/free_bike_status,2026-07-06T18:18:00Z,2026-07-06T18:18:00Z
lime_vancouver,lime_vancouver_6b7567ff-52c6-4b64-b51c-b113d34a43f0,6b7567ff-52c6-4b64-b51c-b113d34a43f0,49.266214,-123.101662,2,FALSE,FALSE,17365,NA,1783361883,2026-07-06T18:18:03Z,2026-07-06T18:18:03Z,2026-07-06T18:18:03Z,2.2,https://data.lime.bike/api/partners/v2/gbfs/vancouver_bc/gbfs.json,https://data.lime.bike/api/partners/v2/gbfs/vancouver_bc/free_bike_status,2026-07-06T18:18:00Z,2026-07-06T18:18:00Z
lime_vancouver,lime_vancouver_ac49a05c-305d-448d-ac83-f9c60de03853,ac49a05c-305d-448d-ac83-f9c60de03853,49.263338,-123.089188,2,FALSE,FALSE,3492,NA,1783361883,2026-07-06T18:18:03Z,2026-07-06T18:18:03Z,2026-07-06T18:18:03Z,2.2,https://data.lime.bike/api/partners/v2/gbfs/vancouver_bc/gbfs.json,https://data.lime.bike/api/partners/v2/gbfs/vancouver_bc/free_bike_status,2026-07-06T18:18:00Z,2026-07-06T18:18:00Z
lime_vancouver,lime_vancouver_6d4a6a0b-9fdb-4a33-bf5f-e9e56a91fd09,6d4a6a0b-9fdb-4a33-bf5f-e9e56a91fd09,49.281476,-123.057865,2,FALSE,FALSE,3927,NA,1783361883,2026-07-06T18:18:03Z,2026-07-06T18:18:03Z,2026-07-06T18:18:03Z,2.2,https://data.lime.bike/api/partners/v2/gbfs/vancouver_bc/gbfs.json,https://data.lime.bike/api/partners/v2/gbfs/vancouver_bc/free_bike_status,2026-07-06T18:18:00Z,2026-07-06T18:18:00Z
lime_vancouver,lime_vancouver_1c6c4524-e03b-428b-9800-f561c5e97d51,1c6c4524-e03b-428b-9800-f561c5e97d51,49.242885,-123.031162,2,FALSE,FALSE,3492,NA,1783361883,2026-07-06T18:18:03Z,2026-07-06T18:18:03Z,2026-07-06T18:18:03Z,2.2,https://data.lime.bike/api/partners/v2/gbfs/vancouver_bc/gbfs.json,https://data.lime.bike/api/partners/v2/gbfs/vancouver_bc/free_bike_status,2026-07-06T18:18:00Z,2026-07-06T18:18:00Z
lime_vancouver,lime_vancouver_e0975061-5d0b-4a38-8456-39756120c0f5,e0975061-5d0b-4a38-8456-39756120c0f5,49.266398,-123.148328,2,FALSE,FALSE,4361,NA,1783361883,2026-07-06T18:18:03Z,2026-07-06T18:18:03Z,2026-07-06T18:18:03Z,2.2,https://data.lime.bike/api/partners/v2/gbfs/vancouver_bc/gbfs.json,https://data.lime.bike/api/partners/v2/gbfs/vancouver_bc/free_bike_status,2026-07-06T18:18:00Z,2026-07-06T18:18:00Z
lime_vancouver,lime_vancouver_e9de2a9e-ebdc-4875-843d-0b2f7da439e2,e9de2a9e-ebdc-4875-843d-0b2f7da439e2,49.267776,-123.06939,2,FALSE,FALSE,44514,NA,1783361883,2026-07-06T18:18:03Z,2026-07-06T18:18:03Z,2026-07-06T18:18:03Z,2.2,https://data.lime.bike/api/partners/v2/gbfs/vancouver_bc/gbfs.json,https://data.lime.bike/api/partners/v2/gbfs/vancouver_bc/free_bike_status,2026-07-06T18:18:00Z,2026-07-06T18:18:00Z
lime_vancouver,lime_vancouver_4ad8ed4b-90f3-41d1-aaa3-50aeb9a7fbfb,4ad8ed4b-90f3-41d1-aaa3-50aeb9a7fbfb,49.265479,-123.09674,2,FALSE,FALSE,10268,NA,1783361883,2026-07-06T18:18:03Z,2026-07-06T18:18:03Z,2026-07-06T18:18:03Z,2.2,https://data.lime.bike/api/partners/v2/gbfs/vancouver_bc/gbfs.json,https://data.lime.bike/api/partners/v2/gbfs/vancouver_bc/free_bike_status,2026-07-06T18:18:00Z,2026-07-06T18:18:00Z
lime_vancouver,lime_vancouver_b20fc166-b705-46cf-b29f-8986d47e75f1,b20fc166-b705-46cf-b29f-8986d47e75f1,49.288583,-123.119915,2,FALSE,FALSE,25605,NA,1783361883,2026-07-06T18:18:03Z,2026-07-06T18:18:03Z,2026-07-06T18:18:03Z,2.2,https://data.lime.bike/api/partners/v2/gbfs/vancouver_bc/gbfs.json,https://data.lime.bike/api/partners/v2/gbfs/vancouver_bc/free_bike_status,2026-07-06T18:18:00Z,2026-07-06T18:18:00Z
lime_vancouver,lime_vancouver_f9f09cd8-31fd-4fa2-98bd-f3a2a293abb0,f9f09cd8-31fd-4fa2-98bd-f3a2a293abb0,49.262217,-123.115558,2,FALSE,FALSE,26602,NA,1783361883,2026-07-06T18:18:03Z,2026-07-06T18:18:03Z,2026-07-06T18:18:03Z,2.2,https://data.lime.bike/api/partners/v2/gbfs/vancouver_bc/gbfs.json,https://data.lime.bike/api/partners/v2/gbfs/vancouver_bc/free_bike_status,2026-07-06T18:18:00Z,2026-07-06T18:18:00Z
lime_vancouver,lime_vancouver_7af4a716-b078-4de6-9157-e4bfe34d5470,7af4a716-b078-4de6-9157-e4bfe34d5470,49.281085,-123.057803,2,FALSE,FALSE,34166,NA,1783361883,2026-07-06T18:18:03Z,2026-07-06T18:18:03Z,2026-07-06T18:18:03Z,2.2,https://data.lime.bike/api/partners/v2/gbfs/vancouver_bc/gbfs.json,https://data.lime.bike/api/partners/v2/gbfs/vancouver_bc/free_bike_status,2026-07-06T18:18:00Z,2026-07-06T18:18:00Z
lime_vancouver,lime_vancouver_16850e2c-e508-4de2-9461-ea5ce9745641,16850e2c-e508-4de2-9461-ea5ce9745641,49.286747,-123.02966,2,FALSE,FALSE,34166,NA,1783361883,2026-07-06T18:18:03Z,2026-07-06T18:18:03Z,2026-07-06T18:18:03Z,2.2,https://data.lime.bike/api/partners/v2/gbfs/vancouver_bc/gbfs.json,https://data.lime.bike/api/partners/v2/gbfs/vancouver_bc/free_bike_status,2026-07-06T18:18:00Z,2026-07-06T18:18:00Z
lime_vancouver,lime_vancouver_ef75f5b1-3f78-4caa-81a4-dcf4c8068808,ef75f5b1-3f78-4caa-81a4-dcf4c8068808,49.238578,-123.051733,2,FALSE,FALSE,42454,NA,1783361883,2026-07-06T18:18:03Z,2026-07-06T18:18:03Z,2026-07-06T18:18:03Z,2.2,https://data.lime.bike/api/partners/v2/gbfs/vancouver_bc/gbfs.json,https://data.lime.bike/api/partners/v2/gbfs/vancouver_bc/free_bike_status,2026-07-06T18:18:00Z,2026-07-06T18:18:00Z
lime_vancouver,lime_vancouver_9f793a6f-d983-4d37-b6c8-f2437055f3f2,9f793a6f-d983-4d37-b6c8-f2437055f3f2,49.288173,-123.115917,2,FALSE,FALSE,34166,NA,1783361883,2026-07-06T18:18:03Z,2026-07-06T18:18:03Z,2026-07-06T18:18:03Z,2.2,https://data.lime.bike/api/partners/v2/gbfs/vancouver_bc/gbfs.json,https://data.lime.bike/api/partners/v2/gbfs/vancouver_bc/free_bike_status,2026-07-06T18:18:00Z,2026-07-06T18:18:00Z
lime_vancouver,lime_vancouver_8e6faa45-a4ef-44c6-8087-99bd19982179,8e6faa45-a4ef-44c6-8087-99bd19982179,49.291129,-123.127736,2,FALSE,FALSE,12601,NA,1783361883,2026-07-06T18:18:03Z,2026-07-06T18:18:03Z,2026-07-06T18:18:03Z,2.2,https://data.lime.bike/api/partners/v2/gbfs/vancouver_bc/gbfs.json,https://data.lime.bike/api/partners/v2/gbfs/vancouver_bc/free_bike_status,2026-07-06T18:18:00Z,2026-07-06T18:18:00Z
lime_vancouver,lime_vancouver_f39c3665-6ff0-4822-b616-de7500c12b23,f39c3665-6ff0-4822-b616-de7500c12b23,49.283707,-123.110622,2,FALSE,FALSE,42969,NA,1783361883,2026-07-06T18:18:03Z,2026-07-06T18:18:03Z,2026-07-06T18:18:03Z,2.2,https://data.lime.bike/api/partners/v2/gbfs/vancouver_bc/gbfs.json,https://data.lime.bike/api/partners/v2/gbfs/vancouver_bc/free_bike_status,2026-07-06T18:18:00Z,2026-07-06T18:18:00Z
lime_vancouver,lime_vancouver_c4aee0a8-b22d-4c13-9925-4461cb5f5a2b,c4aee0a8-b22d-4c13-9925-4461cb5f5a2b,49.266677,-123.112444,2,FALSE,FALSE,8884,NA,1783361883,2026-07-06T18:18:03Z,2026-07-06T18:18:03Z,2026-07-06T18:18:03Z,2.2,https://data.lime.bike/api/partners/v2/gbfs/vancouver_bc/gbfs.json,https://data.lime.bike/api/partners/v2/gbfs/vancouver_bc/free_bike_status,2026-07-06T18:18:00Z,2026-07-06T18:18:00Z
lime_vancouver,lime_vancouver_a8c22052-8929-433d-98ee-d3f3570d604e,a8c22052-8929-433d-98ee-d3f3570d604e,49.283455,-123.112845,2,FALSE,FALSE,19763,NA,1783361883,2026-07-06T18:18:03Z,2026-07-06T18:18:03Z,2026-07-06T18:18:03Z,2.2,https://data.lime.bike/api/partners/v2/gbfs/vancouver_bc/gbfs.json,https://data.lime.bike/api/partners/v2/gbfs/vancouver_bc/free_bike_status,2026-07-06T18:18:00Z,2026-07-06T18:18:00Z
lime_vancouver,lime_vancouver_3e0090df-cec8-4ae5-9750-bf7ba573f1b6,3e0090df-cec8-4ae5-9750-bf7ba573f1b6,49.269701,-123.131824,2,FALSE,FALSE,36741,NA,1783361883,2026-07-06T18:18:03Z,2026-07-06T18:18:03Z,2026-07-06T18:18:03Z,2.2,https://data.lime.bike/api/partners/v2/gbfs/vancouver_bc/gbfs.json,https://data.lime.bike/api/partners/v2/gbfs/vancouver_bc/free_bike_status,2026-07-06T18:18:00Z,2026-07-06T18:18:00Z
lime_vancouver,lime_vancouver_9a46bc9e-2c5a-4e27-9c0b-15fa794a8854,9a46bc9e-2c5a-4e27-9c0b-15fa794a8854,49.283673,-123.112667,2,FALSE,FALSE,12601,NA,1783361883,2026-07-06T18:18:03Z,2026-07-06T18:18:03Z,2026-07-06T18:18:03Z,2.2,https://data.lime.bike/api/partners/v2/gbfs/vancouver_bc/gbfs.json,https://data.lime.bike/api/partners/v2/gbfs/vancouver_bc/free_bike_status,2026-07-06T18:18:00Z,2026-07-06T18:18:00Z
lime_vancouver,lime_vancouver_e5d25912-2dd6-46ff-a151-416920958da3,e5d25912-2dd6-46ff-a151-416920958da3,49.24763,-123.073456,2,FALSE,FALSE,35196,NA,1783361883,2026-07-06T18:18:03Z,2026-07-06T18:18:03Z,2026-07-06T18:18:03Z,2.2,https://data.lime.bike/api/partners/v2/gbfs/vancouver_bc/gbfs.json,https://data.lime.bike/api/partners/v2/gbfs/vancouver_bc/free_bike_status,2026-07-06T18:18:00Z,2026-07-06T18:18:00Z
lime_vancouver,lime_vancouver_93b4dc76-0e15-42ab-b941-412ba4d28732,93b4dc76-0e15-42ab-b941-412ba4d28732,49.277665,-123.073021,2,FALSE,FALSE,6132,NA,1783361883,2026-07-06T18:18:03Z,2026-07-06T18:18:03Z,2026-07-06T18:18:03Z,2.2,https://data.lime.bike/api/partners/v2/gbfs/vancouver_bc/gbfs.json,https://data.lime.bike/api/partners/v2/gbfs/vancouver_bc/free_bike_status,2026-07-06T18:18:00Z,2026-07-06T18:18:00Z
lime_vancouver,lime_vancouver_b0ae27bf-7e11-4ca9-b49e-b67323aabec7,b0ae27bf-7e11-4ca9-b49e-b67323aabec7,49.285,-123.095192,2,FALSE,FALSE,4361,NA,1783361883,2026-07-06T18:18:03Z,2026-07-06T18:18:03Z,2026-07-06T18:18:03Z,2.2,https://data.lime.bike/api/partners/v2/gbfs/vancouver_bc/gbfs.json,https://data.lime.bike/api/partners/v2/gbfs/vancouver_bc/free_bike_status,2026-07-06T18:18:00Z,2026-07-06T18:18:00Z
lime_vancouver,lime_vancouver_4482e102-6240-49f1-82cb-578c33041245,4482e102-6240-49f1-82cb-578c33041245,49.271202,-123.135467,2,FALSE,FALSE,26602,NA,1783361883,2026-07-06T18:18:03Z,2026-07-06T18:18:03Z,2026-07-06T18:18:03Z,2.2,https://data.lime.bike/api/partners/v2/gbfs/vancouver_bc/gbfs.json,https://data.lime.bike/api/partners/v2/gbfs/vancouver_bc/free_bike_status,2026-07-06T18:18:00Z,2026-07-06T18:18:00Z
lime_vancouver,lime_vancouver_f971166e-336a-43e7-85c4-285409be4f5b,f971166e-336a-43e7-85c4-285409be4f5b,49.284612,-123.030967,2,FALSE,FALSE,4796,NA,1783361883,2026-07-06T18:18:03Z,2026-07-06T18:18:03Z,2026-07-06T18:18:03Z,2.2,https://data.lime.bike/api/partners/v2/gbfs/vancouver_bc/gbfs.json,https://data.lime.bike/api/partners/v2/gbfs/vancouver_bc/free_bike_status,2026-07-06T18:18:00Z,2026-07-06T18:18:00Z
lime_vancouver,lime_vancouver_9dc844da-db20-43e4-8306-f57ec8c26bed,9dc844da-db20-43e4-8306-f57ec8c26bed,49.285068,-123.09527,2,FALSE,FALSE,30111,NA,1783361883,2026-07-06T18:18:03Z,2026-07-06T18:18:03Z,2026-07-06T18:18:03Z,2.2,https://data.lime.bike/api/partners/v2/gbfs/vancouver_bc/gbfs.json,https://data.lime.bike/api/partners/v2/gbfs/vancouver_bc/free_bike_status,2026-07-06T18:18:00Z,2026-07-06T18:18:00Z
lime_vancouver,lime_vancouver_fc9e7a9f-f613-4e09-a158-691836c96099,fc9e7a9f-f613-4e09-a158-691836c96099,49.266935,-123.143352,2,FALSE,FALSE,32139,NA,1783361883,2026-07-06T18:18:03Z,2026-07-06T18:18:03Z,2026-07-06T18:18:03Z,2.2,https://data.lime.bike/api/partners/v2/gbfs/vancouver_bc/gbfs.json,https://data.lime.bike/api/partners/v2/gbfs/vancouver_bc/free_bike_status,2026-07-06T18:18:00Z,2026-07-06T18:18:00Z
lime_vancouver,lime_vancouver_0b15660f-a1f9-4893-95e4-26b9c80e25dc,0b15660f-a1f9-4893-95e4-26b9c80e25dc,49.269724,-123.061831,2,FALSE,FALSE,5246,NA,1783361883,2026-07-06T18:18:03Z,2026-07-06T18:18:03Z,2026-07-06T18:18:03Z,2.2,https://data.lime.bike/api/partners/v2/gbfs/vancouver_bc/gbfs.json,https://data.lime.bike/api/partners/v2/gbfs/vancouver_bc/free_bike_status,2026-07-06T18:18:00Z,2026-07-06T18:18:00Z
lime_vancouver,lime_vancouver_25968d79-b304-43fa-af16-10d34edc4ef7,25968d79-b304-43fa-af16-10d34edc4ef7,49.24671,-123.060149,2,FALSE,FALSE,37272,NA,1783361883,2026-07-06T18:18:03Z,2026-07-06T18:18:03Z,2026-07-06T18:18:03Z,2.2,https://data.lime.bike/api/partners/v2/gbfs/vancouver_bc/gbfs.json,https://data.lime.bike/api/partners/v2/gbfs/vancouver_bc/free_bike_status,2026-07-06T18:18:00Z,2026-07-06T18:18:00Z
lime_vancouver,lime_vancouver_fdb23629-b75f-44e3-b327-5dfa9d99a6bd,fdb23629-b75f-44e3-b327-5dfa9d99a6bd,49.271334,-123.057937,2,FALSE,FALSE,4796,NA,1783361883,2026-07-06T18:18:03Z,2026-07-06T18:18:03Z,2026-07-06T18:18:03Z,2.2,https://data.lime.bike/api/partners/v2/gbfs/vancouver_bc/gbfs.json,https://data.lime.bike/api/partners/v2/gbfs/vancouver_bc/free_bike_status,2026-07-06T18:18:00Z,2026-07-06T18:18:00Z
lime_vancouver,lime_vancouver_df73151a-efef-43a3-9bc7-c349fe27d7ab,df73151a-efef-43a3-9bc7-c349fe27d7ab,49.266672,-123.112405,2,FALSE,FALSE,5246,NA,1783361883,2026-07-06T18:18:03Z,2026-07-06T18:18:03Z,2026-07-06T18:18:03Z,2.2,https://data.lime.bike/api/partners/v2/gbfs/vancouver_bc/gbfs.json,https://data.lime.bike/api/partners/v2/gbfs/vancouver_bc/free_bike_status,2026-07-06T18:18:00Z,2026-07-06T18:18:00Z
lime_vancouver,lime_vancouver_484c55bd-4d10-4209-9e7c-3feebc97506a,484c55bd-4d10-4209-9e7c-3feebc97506a,49.288673,-123.119699,2,FALSE,FALSE,25605,NA,1783361883,2026-07-06T18:18:03Z,2026-07-06T18:18:03Z,2026-07-06T18:18:03Z,2.2,https://data.lime.bike/api/partners/v2/gbfs/vancouver_bc/gbfs.json,https://data.lime.bike/api/partners/v2/gbfs/vancouver_bc/free_bike_status,2026-07-06T18:18:00Z,2026-07-06T18:18:00Z
lime_vancouver,lime_vancouver_74a4e8e8-d786-41f0-9490-facce838a843,74a4e8e8-d786-41f0-9490-facce838a843,49.283762,-123.097905,2,FALSE,FALSE,41940,NA,1783361883,2026-07-06T18:18:03Z,2026-07-06T18:18:03Z,2026-07-06T18:18:03Z,2.2,https://data.lime.bike/api/partners/v2/gbfs/vancouver_bc/gbfs.json,https://data.lime.bike/api/partners/v2/gbfs/vancouver_bc/free_bike_status,2026-07-06T18:18:00Z,2026-07-06T18:18:00Z
lime_vancouver,lime_vancouver_37c1f1de-4f0e-4c96-8599-2999edf117aa,37c1f1de-4f0e-4c96-8599-2999edf117aa,49.264676,-123.148396,2,FALSE,FALSE,14500,NA,1783361883,2026-07-06T18:18:03Z,2026-07-06T18:18:03Z,2026-07-06T18:18:03Z,2.2,https://data.lime.bike/api/partners/v2/gbfs/vancouver_bc/gbfs.json,https://data.lime.bike/api/partners/v2/gbfs/vancouver_bc/free_bike_status,2026-07-06T18:18:00Z,2026-07-06T18:18:00Z
lime_vancouver,lime_vancouver_6b125b44-8e80-4818-b847-c30009bb0338,6b125b44-8e80-4818-b847-c30009bb0338,49.229314,-123.030169,2,FALSE,FALSE,11201,NA,1783361883,2026-07-06T18:18:03Z,2026-07-06T18:18:03Z,2026-07-06T18:18:03Z,2.2,https://data.lime.bike/api/partners/v2/gbfs/vancouver_bc/gbfs.json,https://data.lime.bike/api/partners/v2/gbfs/vancouver_bc/free_bike_status,2026-07-06T18:18:00Z,2026-07-06T18:18:00Z
lime_vancouver,lime_vancouver_c015c599-d55f-491f-9111-7f94864fa897,c015c599-d55f-491f-9111-7f94864fa897,49.263949,-123.104878,2,FALSE,FALSE,45528,NA,1783361883,2026-07-06T18:18:03Z,2026-07-06T18:18:03Z,2026-07-06T18:18:03Z,2.2,https://data.lime.bike/api/partners/v2/gbfs/vancouver_bc/gbfs.json,https://data.lime.bike/api/partners/v2/gbfs/vancouver_bc/free_bike_status,2026-07-06T18:18:00Z,2026-07-06T18:18:00Z
lime_vancouver,lime_vancouver_947ab794-1fb4-44fc-8fe5-a5aad564d34c,947ab794-1fb4-44fc-8fe5-a5aad564d34c,49.269616,-123.061878,2,FALSE,FALSE,31624,NA,1783361883,2026-07-06T18:18:03Z,2026-07-06T18:18:03Z,2026-07-06T18:18:03Z,2.2,https://data.lime.bike/api/partners/v2/gbfs/vancouver_bc/gbfs.json,https://data.lime.bike/api/partners/v2/gbfs/vancouver_bc/free_bike_status,2026-07-06T18:18:00Z,2026-07-06T18:18:00Z
lime_vancouver,lime_vancouver_226dfd9f-1e13-4232-8743-3d571bedb227,226dfd9f-1e13-4232-8743-3d571bedb227,49.268185,-123.109266,2,FALSE,FALSE,31125,NA,1783361883,2026-07-06T18:18:03Z,2026-07-06T18:18:03Z,2026-07-06T18:18:03Z,2.2,https://data.lime.bike/api/partners/v2/gbfs/vancouver_bc/gbfs.json,https://data.lime.bike/api/partners/v2/gbfs/vancouver_bc/free_bike_status,2026-07-06T18:18:00Z,2026-07-06T18:18:00Z
lime_vancouver,lime_vancouver_a7915a76-c2e1-49fe-92e2-7bae8cdf0085,a7915a76-c2e1-49fe-92e2-7bae8cdf0085,49.26973,-123.135646,2,FALSE,FALSE,9334,NA,1783361883,2026-07-06T18:18:03Z,2026-07-06T18:18:03Z,2026-07-06T18:18:03Z,2.2,https://data.lime.bike/api/partners/v2/gbfs/vancouver_bc/gbfs.json,https://data.lime.bike/api/partners/v2/gbfs/vancouver_bc/free_bike_status,2026-07-06T18:18:00Z,2026-07-06T18:18:00Z
lime_vancouver,lime_vancouver_2310596b-54bd-4d8f-bd0d-10d4b25a266b,2310596b-54bd-4d8f-bd0d-10d4b25a266b,49.280118,-123.131681,2,FALSE,FALSE,4796,NA,1783361883,2026-07-06T18:18:03Z,2026-07-06T18:18:03Z,2026-07-06T18:18:03Z,2.2,https://data.lime.bike/api/partners/v2/gbfs/vancouver_bc/gbfs.json,https://data.lime.bike/api/partners/v2/gbfs/vancouver_bc/free_bike_status,2026-07-06T18:18:00Z,2026-07-06T18:18:00Z
lime_vancouver,lime_vancouver_dccb1581-62b0-41c6-98d3-42937d2e9c72,dccb1581-62b0-41c6-98d3-42937d2e9c72,49.269703,-123.135673,2,FALSE,FALSE,6132,NA,1783361883,2026-07-06T18:18:03Z,2026-07-06T18:18:03Z,2026-07-06T18:18:03Z,2.2,https://data.lime.bike/api/partners/v2/gbfs/vancouver_bc/gbfs.json,https://data.lime.bike/api/partners/v2/gbfs/vancouver_bc/free_bike_status,2026-07-06T18:18:00Z,2026-07-06T18:18:00Z
lime_vancouver,lime_vancouver_a8fa3d8c-118b-44da-a662-34089e698069,a8fa3d8c-118b-44da-a662-34089e698069,49.25404,-123.083666,2,FALSE,FALSE,16882,NA,1783361883,2026-07-06T18:18:03Z,2026-07-06T18:18:03Z,2026-07-06T18:18:03Z,2.2,https://data.lime.bike/api/partners/v2/gbfs/vancouver_bc/gbfs.json,https://data.lime.bike/api/partners/v2/gbfs/vancouver_bc/free_bike_status,2026-07-06T18:18:00Z,2026-07-06T18:18:00Z
lime_vancouver,lime_vancouver_c5c7cf43-8127-4daf-9578-65f207ded015,c5c7cf43-8127-4daf-9578-65f207ded015,49.266243,-123.104832,2,FALSE,FALSE,42454,NA,1783361883,2026-07-06T18:18:03Z,2026-07-06T18:18:03Z,2026-07-06T18:18:03Z,2.2,https://data.lime.bike/api/partners/v2/gbfs/vancouver_bc/gbfs.json,https://data.lime.bike/api/partners/v2/gbfs/vancouver_bc/free_bike_status,2026-07-06T18:18:00Z,2026-07-06T18:18:00Z
lime_vancouver,lime_vancouver_9c12248d-fc23-4f7a-88c1-121a81833097,9c12248d-fc23-4f7a-88c1-121a81833097,49.265447,-123.09676,2,FALSE,FALSE,43484,NA,1783361883,2026-07-06T18:18:03Z,2026-07-06T18:18:03Z,2026-07-06T18:18:03Z,2.2,https://data.lime.bike/api/partners/v2/gbfs/vancouver_bc/gbfs.json,https://data.lime.bike/api/partners/v2/gbfs/vancouver_bc/free_bike_status,2026-07-06T18:18:00Z,2026-07-06T18:18:00Z
lime_vancouver,lime_vancouver_b1863942-b432-4973-8a64-57b5b64fd1f5,b1863942-b432-4973-8a64-57b5b64fd1f5,49.271172,-123.049513,2,FALSE,FALSE,5246,NA,1783361883,2026-07-06T18:18:03Z,2026-07-06T18:18:03Z,2026-07-06T18:18:03Z,2.2,https://data.lime.bike/api/partners/v2/gbfs/vancouver_bc/gbfs.json,https://data.lime.bike/api/partners/v2/gbfs/vancouver_bc/free_bike_status,2026-07-06T18:18:00Z,2026-07-06T18:18:00Z
lime_vancouver,lime_vancouver_20e7306d-fa2e-40e7-908e-efb42e38e27f,20e7306d-fa2e-40e7-908e-efb42e38e27f,49.266188,-123.098877,2,FALSE,FALSE,42969,NA,1783361883,2026-07-06T18:18:03Z,2026-07-06T18:18:03Z,2026-07-06T18:18:03Z,2.2,https://data.lime.bike/api/partners/v2/gbfs/vancouver_bc/gbfs.json,https://data.lime.bike/api/partners/v2/gbfs/vancouver_bc/free_bike_status,2026-07-06T18:18:00Z,2026-07-06T18:18:00Z
lime_vancouver,lime_vancouver_ea866a0e-0eae-46f3-933c-9b07e54714ab,ea866a0e-0eae-46f3-933c-9b07e54714ab,49.25934,-123.045154,2,FALSE,FALSE,39880,NA,1783361883,2026-07-06T18:18:03Z,2026-07-06T18:18:03Z,2026-07-06T18:18:03Z,2.2,https://data.lime.bike/api/partners/v2/gbfs/vancouver_bc/gbfs.json,https://data.lime.bike/api/partners/v2/gbfs/vancouver_bc/free_bike_status,2026-07-06T18:18:00Z,2026-07-06T18:18:00Z
lime_vancouver,lime_vancouver_8dae490d-e8fe-4a48-a3aa-52996b01ac61,8dae490d-e8fe-4a48-a3aa-52996b01ac61,49.269631,-123.132019,2,FALSE,FALSE,27101,NA,1783361883,2026-07-06T18:18:03Z,2026-07-06T18:18:03Z,2026-07-06T18:18:03Z,2.2,https://data.lime.bike/api/partners/v2/gbfs/vancouver_bc/gbfs.json,https://data.lime.bike/api/partners/v2/gbfs/vancouver_bc/free_bike_status,2026-07-06T18:18:00Z,2026-07-06T18:18:00Z
lime_vancouver,lime_vancouver_a289ee67-e724-42c3-9062-7e36529dee16,a289ee67-e724-42c3-9062-7e36529dee16,49.286422,-123.122258,2,FALSE,FALSE,36226,NA,1783361883,2026-07-06T18:18:03Z,2026-07-06T18:18:03Z,2026-07-06T18:18:03Z,2.2,https://data.lime.bike/api/partners/v2/gbfs/vancouver_bc/gbfs.json,https://data.lime.bike/api/partners/v2/gbfs/vancouver_bc/free_bike_status,2026-07-06T18:18:00Z,2026-07-06T18:18:00Z
lime_vancouver,lime_vancouver_7018e8f4-b4a9-4d6c-b744-c729d7f86d36,7018e8f4-b4a9-4d6c-b744-c729d7f86d36,49.231055,-123.032516,2,FALSE,FALSE,43999,NA,1783361883,2026-07-06T18:18:03Z,2026-07-06T18:18:03Z,2026-07-06T18:18:03Z,2.2,https://data.lime.bike/api/partners/v2/gbfs/vancouver_bc/gbfs.json,https://data.lime.bike/api/partners/v2/gbfs/vancouver_bc/free_bike_status,2026-07-06T18:18:00Z,2026-07-06T18:18:00Z
lime_vancouver,lime_vancouver_1659a2fc-6b29-4c83-a2c8-f1ccc125b737,1659a2fc-6b29-4c83-a2c8-f1ccc125b737,49.267546,-123.0362,2,FALSE,FALSE,13551,NA,1783361883,2026-07-06T18:18:03Z,2026-07-06T18:18:03Z,2026-07-06T18:18:03Z,2.2,https://data.lime.bike/api/partners/v2/gbfs/vancouver_bc/gbfs.json,https://data.lime.bike/api/partners/v2/gbfs/vancouver_bc/free_bike_status,2026-07-06T18:18:00Z,2026-07-06T18:18:00Z
lime_vancouver,lime_vancouver_cb1fc9e9-c966-40dd-ba85-3377b52148a2,cb1fc9e9-c966-40dd-ba85-3377b52148a2,49.288535,-123.120009,2,FALSE,FALSE,28099,NA,1783361883,2026-07-06T18:18:03Z,2026-07-06T18:18:03Z,2026-07-06T18:18:03Z,2.2,https://data.lime.bike/api/partners/v2/gbfs/vancouver_bc/gbfs.json,https://data.lime.bike/api/partners/v2/gbfs/vancouver_bc/free_bike_status,2026-07-06T18:18:00Z,2026-07-06T18:18:00Z
lime_vancouver,lime_vancouver_bfadbeee-c7f3-48fe-9804-14b2e66d8889,bfadbeee-c7f3-48fe-9804-14b2e66d8889,49.290893,-123.127575,2,FALSE,FALSE,15916,NA,1783361883,2026-07-06T18:18:03Z,2026-07-06T18:18:03Z,2026-07-06T18:18:03Z,2.2,https://data.lime.bike/api/partners/v2/gbfs/vancouver_bc/gbfs.json,https://data.lime.bike/api/partners/v2/gbfs/vancouver_bc/free_bike_status,2026-07-06T18:18:00Z,2026-07-06T18:18:00Z
lime_vancouver,lime_vancouver_40b6f9b2-cb82-4514-95b0-52dfe88ddd50,40b6f9b2-cb82-4514-95b0-52dfe88ddd50,49.243493,-123.07362,2,FALSE,FALSE,34166,NA,1783361883,2026-07-06T18:18:03Z,2026-07-06T18:18:03Z,2026-07-06T18:18:03Z,2.2,https://data.lime.bike/api/partners/v2/gbfs/vancouver_bc/gbfs.json,https://data.lime.bike/api/partners/v2/gbfs/vancouver_bc/free_bike_status,2026-07-06T18:18:00Z,2026-07-06T18:18:00Z
lime_vancouver,lime_vancouver_0c0ed119-d721-47c5-956a-938686cc5d21,0c0ed119-d721-47c5-956a-938686cc5d21,49.229187,-123.023958,2,FALSE,FALSE,3090,NA,1783361883,2026-07-06T18:18:03Z,2026-07-06T18:18:03Z,2026-07-06T18:18:03Z,2.2,https://data.lime.bike/api/partners/v2/gbfs/vancouver_bc/gbfs.json,https://data.lime.bike/api/partners/v2/gbfs/vancouver_bc/free_bike_status,2026-07-06T18:18:00Z,2026-07-06T18:18:00Z
lime_vancouver,lime_vancouver_579ed426-251f-4853-9431-5bf19b3fcd81,579ed426-251f-4853-9431-5bf19b3fcd81,49.271324,-123.135448,2,FALSE,FALSE,34166,NA,1783361883,2026-07-06T18:18:03Z,2026-07-06T18:18:03Z,2026-07-06T18:18:03Z,2.2,https://data.lime.bike/api/partners/v2/gbfs/vancouver_bc/gbfs.json,https://data.lime.bike/api/partners/v2/gbfs/vancouver_bc/free_bike_status,2026-07-06T18:18:00Z,2026-07-06T18:18:00Z
lime_vancouver,lime_vancouver_16c64c04-46b0-481c-a82c-0adbdd191b4e,16c64c04-46b0-481c-a82c-0adbdd191b4e,49.283347,-123.115794,2,FALSE,FALSE,32637,NA,1783361883,2026-07-06T18:18:03Z,2026-07-06T18:18:03Z,2026-07-06T18:18:03Z,2.2,https://data.lime.bike/api/partners/v2/gbfs/vancouver_bc/gbfs.json,https://data.lime.bike/api/partners/v2/gbfs/vancouver_bc/free_bike_status,2026-07-06T18:18:00Z,2026-07-06T18:18:00Z
lime_vancouver,lime_vancouver_eb5457d2-7865-4786-b67c-2acff853f5ef,eb5457d2-7865-4786-b67c-2acff853f5ef,49.275961,-123.145738,2,FALSE,FALSE,39348,NA,1783361883,2026-07-06T18:18:03Z,2026-07-06T18:18:03Z,2026-07-06T18:18:03Z,2.2,https://data.lime.bike/api/partners/v2/gbfs/vancouver_bc/gbfs.json,https://data.lime.bike/api/partners/v2/gbfs/vancouver_bc/free_bike_status,2026-07-06T18:18:00Z,2026-07-06T18:18:00Z
lime_vancouver,lime_vancouver_4e550b82-70d6-4771-919e-fecb0d7af05f,4e550b82-70d6-4771-919e-fecb0d7af05f,49.263804,-123.096953,2,FALSE,FALSE,39880,NA,1783361883,2026-07-06T18:18:03Z,2026-07-06T18:18:03Z,2026-07-06T18:18:03Z,2.2,https://data.lime.bike/api/partners/v2/gbfs/vancouver_bc/gbfs.json,https://data.lime.bike/api/partners/v2/gbfs/vancouver_bc/free_bike_status,2026-07-06T18:18:00Z,2026-07-06T18:18:00Z
lime_vancouver,lime_vancouver_32943f71-75eb-4842-b263-f500695b5fd3,32943f71-75eb-4842-b263-f500695b5fd3,49.263848,-123.109242,2,FALSE,FALSE,4796,NA,1783361883,2026-07-06T18:18:03Z,2026-07-06T18:18:03Z,2026-07-06T18:18:03Z,2.2,https://data.lime.bike/api/partners/v2/gbfs/vancouver_bc/gbfs.json,https://data.lime.bike/api/partners/v2/gbfs/vancouver_bc/free_bike_status,2026-07-06T18:18:00Z,2026-07-06T18:18:00Z
lime_vancouver,lime_vancouver_ce8708ba-c716-4f70-9dac-b3da204d3a72,ce8708ba-c716-4f70-9dac-b3da204d3a72,49.271204,-123.04952,2,FALSE,FALSE,7500,NA,1783361883,2026-07-06T18:18:03Z,2026-07-06T18:18:03Z,2026-07-06T18:18:03Z,2.2,https://data.lime.bike/api/partners/v2/gbfs/vancouver_bc/gbfs.json,https://data.lime.bike/api/partners/v2/gbfs/vancouver_bc/free_bike_status,2026-07-06T18:18:00Z,2026-07-06T18:18:00Z
lime_vancouver,lime_vancouver_18f11dc7-8983-455f-92e2-508f60e946f0,18f11dc7-8983-455f-92e2-508f60e946f0,49.251615,-123.07225,2,FALSE,FALSE,17365,NA,1783361883,2026-07-06T18:18:03Z,2026-07-06T18:18:03Z,2026-07-06T18:18:03Z,2.2,https://data.lime.bike/api/partners/v2/gbfs/vancouver_bc/gbfs.json,https://data.lime.bike/api/partners/v2/gbfs/vancouver_bc/free_bike_status,2026-07-06T18:18:00Z,2026-07-06T18:18:00Z
lime_vancouver,lime_vancouver_4ab4d33b-3706-420b-880d-e8abde8b5e64,4ab4d33b-3706-420b-880d-e8abde8b5e64,49.264652,-123.148382,2,FALSE,FALSE,19280,NA,1783361883,2026-07-06T18:18:03Z,2026-07-06T18:18:03Z,2026-07-06T18:18:03Z,2.2,https://data.lime.bike/api/partners/v2/gbfs/vancouver_bc/gbfs.json,https://data.lime.bike/api/partners/v2/gbfs/vancouver_bc/free_bike_status,2026-07-06T18:18:00Z,2026-07-06T18:18:00Z
lime_vancouver,lime_vancouver_6418bcc8-4a97-4ab3-91ed-8f32cf572e8e,6418bcc8-4a97-4ab3-91ed-8f32cf572e8e,49.281913,-123.120418,2,FALSE,FALSE,24623,NA,1783361883,2026-07-06T18:18:03Z,2026-07-06T18:18:03Z,2026-07-06T18:18:03Z,2.2,https://data.lime.bike/api/partners/v2/gbfs/vancouver_bc/gbfs.json,https://data.lime.bike/api/partners/v2/gbfs/vancouver_bc/free_bike_status,2026-07-06T18:18:00Z,2026-07-06T18:18:00Z
lime_vancouver,lime_vancouver_98e0bcc9-b29f-4864-a37a-7929a26abf97,98e0bcc9-b29f-4864-a37a-7929a26abf97,49.250456,-123.026314,2,FALSE,FALSE,4796,NA,1783361883,2026-07-06T18:18:03Z,2026-07-06T18:18:03Z,2026-07-06T18:18:03Z,2.2,https://data.lime.bike/api/partners/v2/gbfs/vancouver_bc/gbfs.json,https://data.lime.bike/api/partners/v2/gbfs/vancouver_bc/free_bike_status,2026-07-06T18:18:00Z,2026-07-06T18:18:00Z
lime_vancouver,lime_vancouver_af00a136-06b9-4a43-8ebd-4fbf8a1697e9,af00a136-06b9-4a43-8ebd-4fbf8a1697e9,49.275267,-123.132881,2,FALSE,FALSE,9801,NA,1783361883,2026-07-06T18:18:03Z,2026-07-06T18:18:03Z,2026-07-06T18:18:03Z,2.2,https://data.lime.bike/api/partners/v2/gbfs/vancouver_bc/gbfs.json,https://data.lime.bike/api/partners/v2/gbfs/vancouver_bc/free_bike_status,2026-07-06T18:18:00Z,2026-07-06T18:18:00Z
lime_vancouver,lime_vancouver_0f610682-2e95-416b-88fa-d0247d8d2c52,0f610682-2e95-416b-88fa-d0247d8d2c52,49.283607,-123.112639,2,FALSE,FALSE,16399,NA,1783361883,2026-07-06T18:18:03Z,2026-07-06T18:18:03Z,2026-07-06T18:18:03Z,2.2,https://data.lime.bike/api/partners/v2/gbfs/vancouver_bc/gbfs.json,https://data.lime.bike/api/partners/v2/gbfs/vancouver_bc/free_bike_status,2026-07-06T18:18:00Z,2026-07-06T18:18:00Z
lime_vancouver,lime_vancouver_e965a7ba-bbe8-4ce4-be9b-d88a86b88049,e965a7ba-bbe8-4ce4-be9b-d88a86b88049,49.28866,-123.119768,2,FALSE,FALSE,18314,NA,1783361883,2026-07-06T18:18:03Z,2026-07-06T18:18:03Z,2026-07-06T18:18:03Z,2.2,https://data.lime.bike/api/partners/v2/gbfs/vancouver_bc/gbfs.json,https://data.lime.bike/api/partners/v2/gbfs/vancouver_bc/free_bike_status,2026-07-06T18:18:00Z,2026-07-06T18:18:00Z
lime_vancouver,lime_vancouver_cb7a481e-db1d-4e03-b51d-12ab4f7ac806,cb7a481e-db1d-4e03-b51d-12ab4f7ac806,49.249804,-123.036508,2,FALSE,FALSE,17832,NA,1783361883,2026-07-06T18:18:03Z,2026-07-06T18:18:03Z,2026-07-06T18:18:03Z,2.2,https://data.lime.bike/api/partners/v2/gbfs/vancouver_bc/gbfs.json,https://data.lime.bike/api/partners/v2/gbfs/vancouver_bc/free_bike_status,2026-07-06T18:18:00Z,2026-07-06T18:18:00Z
lime_vancouver,lime_vancouver_a03f9839-6b65-47a4-966d-58b0f1d6b73c,a03f9839-6b65-47a4-966d-58b0f1d6b73c,49.262501,-123.119753,2,FALSE,FALSE,32637,NA,1783361883,2026-07-06T18:18:03Z,2026-07-06T18:18:03Z,2026-07-06T18:18:03Z,2.2,https://data.lime.bike/api/partners/v2/gbfs/vancouver_bc/gbfs.json,https://data.lime.bike/api/partners/v2/gbfs/vancouver_bc/free_bike_status,2026-07-06T18:18:00Z,2026-07-06T18:18:00Z
lime_vancouver,lime_vancouver_f469ecfa-1740-4d06-a829-581cb660a5a0,f469ecfa-1740-4d06-a829-581cb660a5a0,49.282986,-123.115609,2,FALSE,FALSE,33651,NA,1783361883,2026-07-06T18:18:03Z,2026-07-06T18:18:03Z,2026-07-06T18:18:03Z,2.2,https://data.lime.bike/api/partners/v2/gbfs/vancouver_bc/gbfs.json,https://data.lime.bike/api/partners/v2/gbfs/vancouver_bc/free_bike_status,2026-07-06T18:18:00Z,2026-07-06T18:18:00Z
lime_vancouver,lime_vancouver_83af2044-08a7-470f-9aa7-b175eb7b2f64,83af2044-08a7-470f-9aa7-b175eb7b2f64,49.262686,-123.155326,2,FALSE,FALSE,12601,NA,1783361883,2026-07-06T18:18:03Z,2026-07-06T18:18:03Z,2026-07-06T18:18:03Z,2.2,https://data.lime.bike/api/partners/v2/gbfs/vancouver_bc/gbfs.json,https://data.lime.bike/api/partners/v2/gbfs/vancouver_bc/free_bike_status,2026-07-06T18:18:00Z,2026-07-06T18:18:00Z
lime_vancouver,lime_vancouver_440d70e9-de51-43bd-b1bb-9571ef58ce5f,440d70e9-de51-43bd-b1bb-9571ef58ce5f,49.244838,-123.04596,2,FALSE,FALSE,34166,NA,1783361883,2026-07-06T18:18:03Z,2026-07-06T18:18:03Z,2026-07-06T18:18:03Z,2.2,https://data.lime.bike/api/partners/v2/gbfs/vancouver_bc/gbfs.json,https://data.lime.bike/api/partners/v2/gbfs/vancouver_bc/free_bike_status,2026-07-06T18:18:00Z,2026-07-06T18:18:00Z
lime_vancouver,lime_vancouver_c5da6b53-0f14-4f2a-961d-f474bd9cd9d4,c5da6b53-0f14-4f2a-961d-f474bd9cd9d4,49.280926,-123.089442,2,FALSE,FALSE,16399,NA,1783361883,2026-07-06T18:18:03Z,2026-07-06T18:18:03Z,2026-07-06T18:18:03Z,2.2,https://data.lime.bike/api/partners/v2/gbfs/vancouver_bc/gbfs.json,https://data.lime.bike/api/partners/v2/gbfs/vancouver_bc/free_bike_status,2026-07-06T18:18:00Z,2026-07-06T18:18:00Z
lime_vancouver,lime_vancouver_c9a18930-9142-4cfa-bfc3-a111e964e1cd,c9a18930-9142-4cfa-bfc3-a111e964e1cd,49.264008,-123.104881,2,FALSE,FALSE,8417,NA,1783361883,2026-07-06T18:18:03Z,2026-07-06T18:18:03Z,2026-07-06T18:18:03Z,2.2,https://data.lime.bike/api/partners/v2/gbfs/vancouver_bc/gbfs.json,https://data.lime.bike/api/partners/v2/gbfs/vancouver_bc/free_bike_status,2026-07-06T18:18:00Z,2026-07-06T18:18:00Z
lime_vancouver,lime_vancouver_68934fb6-8e8c-40f1-8b1b-26d4f2d83925,68934fb6-8e8c-40f1-8b1b-26d4f2d83925,49.266251,-123.140503,2,FALSE,FALSE,43999,NA,1783361883,2026-07-06T18:18:03Z,2026-07-06T18:18:03Z,2026-07-06T18:18:03Z,2.2,https://data.lime.bike/api/partners/v2/gbfs/vancouver_bc/gbfs.json,https://data.lime.bike/api/partners/v2/gbfs/vancouver_bc/free_bike_status,2026-07-06T18:18:00Z,2026-07-06T18:18:00Z
lime_vancouver,lime_vancouver_2ebdff83-93a2-412f-9913-e8d0ef61819a,2ebdff83-93a2-412f-9913-e8d0ef61819a,49.283543,-123.112635,2,FALSE,FALSE,3492,NA,1783361883,2026-07-06T18:18:03Z,2026-07-06T18:18:03Z,2026-07-06T18:18:03Z,2.2,https://data.lime.bike/api/partners/v2/gbfs/vancouver_bc/gbfs.json,https://data.lime.bike/api/partners/v2/gbfs/vancouver_bc/free_bike_status,2026-07-06T18:18:00Z,2026-07-06T18:18:00Z
lime_vancouver,lime_vancouver_97dc8e46-cae9-4b25-957a-f6d7d1b49163,97dc8e46-cae9-4b25-957a-f6d7d1b49163,49.231072,-123.032574,2,FALSE,FALSE,40910,NA,1783361883,2026-07-06T18:18:03Z,2026-07-06T18:18:03Z,2026-07-06T18:18:03Z,2.2,https://data.lime.bike/api/partners/v2/gbfs/vancouver_bc/gbfs.json,https://data.lime.bike/api/partners/v2/gbfs/vancouver_bc/free_bike_status,2026-07-06T18:18:00Z,2026-07-06T18:18:00Z
lime_vancouver,lime_vancouver_302beef1-20ee-4a18-8936-a5e2ee387155,302beef1-20ee-4a18-8936-a5e2ee387155,49.235857,-123.055195,2,FALSE,FALSE,6582,NA,1783361883,2026-07-06T18:18:03Z,2026-07-06T18:18:03Z,2026-07-06T18:18:03Z,2.2,https://data.lime.bike/api/partners/v2/gbfs/vancouver_bc/gbfs.json,https://data.lime.bike/api/partners/v2/gbfs/vancouver_bc/free_bike_status,2026-07-06T18:18:00Z,2026-07-06T18:18:00Z
lime_vancouver,lime_vancouver_ff5db5d4-5e39-4e82-973a-fc5f88c17844,ff5db5d4-5e39-4e82-973a-fc5f88c17844,49.262222,-123.11551300000001,2,FALSE,FALSE,27101,NA,1783361883,2026-07-06T18:18:03Z,2026-07-06T18:18:03Z,2026-07-06T18:18:03Z,2.2,https://data.lime.bike/api/partners/v2/gbfs/vancouver_bc/gbfs.json,https://data.lime.bike/api/partners/v2/gbfs/vancouver_bc/free_bike_status,2026-07-06T18:18:00Z,2026-07-06T18:18:00Z
lime_vancouver,lime_vancouver_492dc0bc-e794-47e8-a686-34fe24e71681,492dc0bc-e794-47e8-a686-34fe24e71681,49.231019,-123.032534,2,FALSE,FALSE,34681,NA,1783361883,2026-07-06T18:18:03Z,2026-07-06T18:18:03Z,2026-07-06T18:18:03Z,2.2,https://data.lime.bike/api/partners/v2/gbfs/vancouver_bc/gbfs.json,https://data.lime.bike/api/partners/v2/gbfs/vancouver_bc/free_bike_status,2026-07-06T18:18:00Z,2026-07-06T18:18:00Z
lime_vancouver,lime_vancouver_980d43e7-6b37-4d7e-9fbb-4b6d32d447c7,980d43e7-6b37-4d7e-9fbb-4b6d32d447c7,49.266219,-123.104742,2,FALSE,FALSE,10734,NA,1783361883,2026-07-06T18:18:03Z,2026-07-06T18:18:03Z,2026-07-06T18:18:03Z,2.2,https://data.lime.bike/api/partners/v2/gbfs/vancouver_bc/gbfs.json,https://data.lime.bike/api/partners/v2/gbfs/vancouver_bc/free_bike_status,2026-07-06T18:18:00Z,2026-07-06T18:18:00Z
lime_vancouver,lime_vancouver_28eb0446-9649-4892-873f-b82d230b51f3,28eb0446-9649-4892-873f-b82d230b51f3,49.266665,-123.112484,2,FALSE,FALSE,16399,NA,1783361883,2026-07-06T18:18:03Z,2026-07-06T18:18:03Z,2026-07-06T18:18:03Z,2.2,https://data.lime.bike/api/partners/v2/gbfs/vancouver_bc/gbfs.json,https://data.lime.bike/api/partners/v2/gbfs/vancouver_bc/free_bike_status,2026-07-06T18:18:00Z,2026-07-06T18:18:00Z
lime_vancouver,lime_vancouver_c88958c8-4fbf-4211-9cc3-9f1981f4d592,c88958c8-4fbf-4211-9cc3-9f1981f4d592,49.25934,-123.045286,2,FALSE,FALSE,6582,NA,1783361883,2026-07-06T18:18:03Z,2026-07-06T18:18:03Z,2026-07-06T18:18:03Z,2.2,https://data.lime.bike/api/partners/v2/gbfs/vancouver_bc/gbfs.json,https://data.lime.bike/api/partners/v2/gbfs/vancouver_bc/free_bike_status,2026-07-06T18:18:00Z,2026-07-06T18:18:00Z
lime_vancouver,lime_vancouver_a160c8c7-b077-4e8c-9d9a-83b9919f1693,a160c8c7-b077-4e8c-9d9a-83b9919f1693,49.286683,-123.121985,2,FALSE,FALSE,33651,NA,1783361883,2026-07-06T18:18:03Z,2026-07-06T18:18:03Z,2026-07-06T18:18:03Z,2.2,https://data.lime.bike/api/partners/v2/gbfs/vancouver_bc/gbfs.json,https://data.lime.bike/api/partners/v2/gbfs/vancouver_bc/free_bike_status,2026-07-06T18:18:00Z,2026-07-06T18:18:00Z
lime_vancouver,lime_vancouver_8d062647-7eab-437d-b48d-2ebd96542991,8d062647-7eab-437d-b48d-2ebd96542991,49.271071,-123.135581,2,FALSE,FALSE,41425,NA,1783361883,2026-07-06T18:18:03Z,2026-07-06T18:18:03Z,2026-07-06T18:18:03Z,2.2,https://data.lime.bike/api/partners/v2/gbfs/vancouver_bc/gbfs.json,https://data.lime.bike/api/partners/v2/gbfs/vancouver_bc/free_bike_status,2026-07-06T18:18:00Z,2026-07-06T18:18:00Z
lime_vancouver,lime_vancouver_a9dba769-da53-4022-b347-cd7c10c8f7dd,a9dba769-da53-4022-b347-cd7c10c8f7dd,49.27596,-123.14579,2,FALSE,FALSE,29097,NA,1783361883,2026-07-06T18:18:03Z,2026-07-06T18:18:03Z,2026-07-06T18:18:03Z,2.2,https://data.lime.bike/api/partners/v2/gbfs/vancouver_bc/gbfs.json,https://data.lime.bike/api/partners/v2/gbfs/vancouver_bc/free_bike_status,2026-07-06T18:18:00Z,2026-07-06T18:18:00Z
lime_vancouver,lime_vancouver_56b76fe2-18df-4474-b659-013427b0cc0a,56b76fe2-18df-4474-b659-013427b0cc0a,49.262294,-123.115739,2,FALSE,FALSE,5697,NA,1783361883,2026-07-06T18:18:03Z,2026-07-06T18:18:03Z,2026-07-06T18:18:03Z,2.2,https://data.lime.bike/api/partners/v2/gbfs/vancouver_bc/gbfs.json,https://data.lime.bike/api/partners/v2/gbfs/vancouver_bc/free_bike_status,2026-07-06T18:18:00Z,2026-07-06T18:18:00Z
lime_vancouver,lime_vancouver_1a7b237f-d68d-458e-a768-ca7834c0e71c,1a7b237f-d68d-458e-a768-ca7834c0e71c,49.288808,-123.119751,2,FALSE,FALSE,43484,NA,1783361883,2026-07-06T18:18:03Z,2026-07-06T18:18:03Z,2026-07-06T18:18:03Z,2.2,https://data.lime.bike/api/partners/v2/gbfs/vancouver_bc/gbfs.json,https://data.lime.bike/api/partners/v2/gbfs/vancouver_bc/free_bike_status,2026-07-06T18:18:00Z,2026-07-06T18:18:00Z
lime_vancouver,lime_vancouver_46236e54-cc41-4fcd-a4ef-cc092b46f03e,46236e54-cc41-4fcd-a4ef-cc092b46f03e,49.283972,-123.089649,2,FALSE,FALSE,27600,NA,1783361883,2026-07-06T18:18:03Z,2026-07-06T18:18:03Z,2026-07-06T18:18:03Z,2.2,https://data.lime.bike/api/partners/v2/gbfs/vancouver_bc/gbfs.json,https://data.lime.bike/api/partners/v2/gbfs/vancouver_bc/free_bike_status,2026-07-06T18:18:00Z,2026-07-06T18:18:00Z
lime_vancouver,lime_vancouver_130f5b97-4ebd-4969-863e-7941a1d063ba,130f5b97-4ebd-4969-863e-7941a1d063ba,49.265045,-123.056916,2,FALSE,FALSE,10734,NA,1783361883,2026-07-06T18:18:03Z,2026-07-06T18:18:03Z,2026-07-06T18:18:03Z,2.2,https://data.lime.bike/api/partners/v2/gbfs/vancouver_bc/gbfs.json,https://data.lime.bike/api/partners/v2/gbfs/vancouver_bc/free_bike_status,2026-07-06T18:18:00Z,2026-07-06T18:18:00Z
lime_vancouver,lime_vancouver_333930b8-e024-4114-931e-3d0b1d1ec186,333930b8-e024-4114-931e-3d0b1d1ec186,49.254291,-123.068565,2,FALSE,FALSE,7950,NA,1783361883,2026-07-06T18:18:03Z,2026-07-06T18:18:03Z,2026-07-06T18:18:03Z,2.2,https://data.lime.bike/api/partners/v2/gbfs/vancouver_bc/gbfs.json,https://data.lime.bike/api/partners/v2/gbfs/vancouver_bc/free_bike_status,2026-07-06T18:18:00Z,2026-07-06T18:18:00Z
lime_vancouver,lime_vancouver_ef694f84-4104-4f75-a23f-179ea7db47ff,ef694f84-4104-4f75-a23f-179ea7db47ff,49.262466,-123.119874,2,FALSE,FALSE,42454,NA,1783361883,2026-07-06T18:18:03Z,2026-07-06T18:18:03Z,2026-07-06T18:18:03Z,2.2,https://data.lime.bike/api/partners/v2/gbfs/vancouver_bc/gbfs.json,https://data.lime.bike/api/partners/v2/gbfs/vancouver_bc/free_bike_status,2026-07-06T18:18:00Z,2026-07-06T18:18:00Z
lime_vancouver,lime_vancouver_1f637146-be91-4ae6-9d3b-72ffa5ac407f,1f637146-be91-4ae6-9d3b-72ffa5ac407f,49.246241,-123.033577,2,FALSE,FALSE,17365,NA,1783361883,2026-07-06T18:18:03Z,2026-07-06T18:18:03Z,2026-07-06T18:18:03Z,2.2,https://data.lime.bike/api/partners/v2/gbfs/vancouver_bc/gbfs.json,https://data.lime.bike/api/partners/v2/gbfs/vancouver_bc/free_bike_status,2026-07-06T18:18:00Z,2026-07-06T18:18:00Z
lime_vancouver,lime_vancouver_8307a7c6-7281-47e4-8fed-00ca8a17f260,8307a7c6-7281-47e4-8fed-00ca8a17f260,49.274087,-123.028698,2,FALSE,FALSE,25122,NA,1783361883,2026-07-06T18:18:03Z,2026-07-06T18:18:03Z,2026-07-06T18:18:03Z,2.2,https://data.lime.bike/api/partners/v2/gbfs/vancouver_bc/gbfs.json,https://data.lime.bike/api/partners/v2/gbfs/vancouver_bc/free_bike_status,2026-07-06T18:18:00Z,2026-07-06T18:18:00Z
lime_vancouver,lime_vancouver_1eec55ca-5405-4b57-9698-b453b7bb29d4,1eec55ca-5405-4b57-9698-b453b7bb29d4,49.282025,-123.12026,2,FALSE,FALSE,10734,NA,1783361883,2026-07-06T18:18:03Z,2026-07-06T18:18:03Z,2026-07-06T18:18:03Z,2.2,https://data.lime.bike/api/partners/v2/gbfs/vancouver_bc/gbfs.json,https://data.lime.bike/api/partners/v2/gbfs/vancouver_bc/free_bike_status,2026-07-06T18:18:00Z,2026-07-06T18:18:00Z
lime_vancouver,lime_vancouver_2b81f94e-e522-444d-bc2a-92c9e44f8a8a,2b81f94e-e522-444d-bc2a-92c9e44f8a8a,49.288206,-123.115864,2,FALSE,FALSE,37272,NA,1783361883,2026-07-06T18:18:03Z,2026-07-06T18:18:03Z,2026-07-06T18:18:03Z,2.2,https://data.lime.bike/api/partners/v2/gbfs/vancouver_bc/gbfs.json,https://data.lime.bike/api/partners/v2/gbfs/vancouver_bc/free_bike_status,2026-07-06T18:18:00Z,2026-07-06T18:18:00Z
lime_vancouver,lime_vancouver_c9f293bd-ab28-4acd-8e1b-9bcdabff9e2f,c9f293bd-ab28-4acd-8e1b-9bcdabff9e2f,49.274025,-123.073184,2,FALSE,FALSE,4361,NA,1783361883,2026-07-06T18:18:03Z,2026-07-06T18:18:03Z,2026-07-06T18:18:03Z,2.2,https://data.lime.bike/api/partners/v2/gbfs/vancouver_bc/gbfs.json,https://data.lime.bike/api/partners/v2/gbfs/vancouver_bc/free_bike_status,2026-07-06T18:18:00Z,2026-07-06T18:18:00Z
lime_vancouver,lime_vancouver_40e943c8-20f0-4827-adfa-2d030e3e15fc,40e943c8-20f0-4827-adfa-2d030e3e15fc,49.262462,-123.119784,2,FALSE,FALSE,4796,NA,1783361883,2026-07-06T18:18:03Z,2026-07-06T18:18:03Z,2026-07-06T18:18:03Z,2.2,https://data.lime.bike/api/partners/v2/gbfs/vancouver_bc/gbfs.json,https://data.lime.bike/api/partners/v2/gbfs/vancouver_bc/free_bike_status,2026-07-06T18:18:00Z,2026-07-06T18:18:00Z
lime_vancouver,lime_vancouver_28edb570-250f-4792-9b69-fa318471a9cd,28edb570-250f-4792-9b69-fa318471a9cd,49.263455,-123.098849,2,FALSE,FALSE,4796,NA,1783361883,2026-07-06T18:18:03Z,2026-07-06T18:18:03Z,2026-07-06T18:18:03Z,2.2,https://data.lime.bike/api/partners/v2/gbfs/vancouver_bc/gbfs.json,https://data.lime.bike/api/partners/v2/gbfs/vancouver_bc/free_bike_status,2026-07-06T18:18:00Z,2026-07-06T18:18:00Z
lime_vancouver,lime_vancouver_2fdfaa48-4b96-4ebf-b3f2-038212d60a7a,2fdfaa48-4b96-4ebf-b3f2-038212d60a7a,49.283193,-123.115398,2,FALSE,FALSE,33651,NA,1783361883,2026-07-06T18:18:03Z,2026-07-06T18:18:03Z,2026-07-06T18:18:03Z,2.2,https://data.lime.bike/api/partners/v2/gbfs/vancouver_bc/gbfs.json,https://data.lime.bike/api/partners/v2/gbfs/vancouver_bc/free_bike_status,2026-07-06T18:18:00Z,2026-07-06T18:18:00Z
lime_vancouver,lime_vancouver_33ab87aa-635b-4cee-a99c-95ed1aa1b7de,33ab87aa-635b-4cee-a99c-95ed1aa1b7de,49.279585,-123.106094,2,FALSE,FALSE,29097,NA,1783361883,2026-07-06T18:18:03Z,2026-07-06T18:18:03Z,2026-07-06T18:18:03Z,2.2,https://data.lime.bike/api/partners/v2/gbfs/vancouver_bc/gbfs.json,https://data.lime.bike/api/partners/v2/gbfs/vancouver_bc/free_bike_status,2026-07-06T18:18:00Z,2026-07-06T18:18:00Z
lime_vancouver,lime_vancouver_e180d6ba-6bf3-4bd6-8a17-eea21eb71f6e,e180d6ba-6bf3-4bd6-8a17-eea21eb71f6e,49.249813,-123.036501,2,FALSE,FALSE,17832,NA,1783361883,2026-07-06T18:18:03Z,2026-07-06T18:18:03Z,2026-07-06T18:18:03Z,2.2,https://data.lime.bike/api/partners/v2/gbfs/vancouver_bc/gbfs.json,https://data.lime.bike/api/partners/v2/gbfs/vancouver_bc/free_bike_status,2026-07-06T18:18:00Z,2026-07-06T18:18:00Z
lime_vancouver,lime_vancouver_6bd8009a-6bfc-43a0-b10d-2330978f6887,6bd8009a-6bfc-43a0-b10d-2330978f6887,49.28024,-123.036515,2,FALSE,FALSE,9334,NA,1783361883,2026-07-06T18:18:03Z,2026-07-06T18:18:03Z,2026-07-06T18:18:03Z,2.2,https://data.lime.bike/api/partners/v2/gbfs/vancouver_bc/gbfs.json,https://data.lime.bike/api/partners/v2/gbfs/vancouver_bc/free_bike_status,2026-07-06T18:18:00Z,2026-07-06T18:18:00Z
lime_vancouver,lime_vancouver_31c25358-65c2-4dbd-a1f7-3dcb4a71f9e2,31c25358-65c2-4dbd-a1f7-3dcb4a71f9e2,49.266652,-123.109483,2,FALSE,FALSE,4361,NA,1783361883,2026-07-06T18:18:03Z,2026-07-06T18:18:03Z,2026-07-06T18:18:03Z,2.2,https://data.lime.bike/api/partners/v2/gbfs/vancouver_bc/gbfs.json,https://data.lime.bike/api/partners/v2/gbfs/vancouver_bc/free_bike_status,2026-07-06T18:18:00Z,2026-07-06T18:18:00Z
lime_vancouver,lime_vancouver_5953e680-f03f-41fc-ba97-5eb054b75f2d,5953e680-f03f-41fc-ba97-5eb054b75f2d,49.273298,-123.128598,2,FALSE,FALSE,16882,NA,1783361883,2026-07-06T18:18:03Z,2026-07-06T18:18:03Z,2026-07-06T18:18:03Z,2.2,https://data.lime.bike/api/partners/v2/gbfs/vancouver_bc/gbfs.json,https://data.lime.bike/api/partners/v2/gbfs/vancouver_bc/free_bike_status,2026-07-06T18:18:00Z,2026-07-06T18:18:00Z
lime_vancouver,lime_vancouver_7a1b3e91-ee1d-40f6-8091-f36d852ae92a,7a1b3e91-ee1d-40f6-8091-f36d852ae92a,49.246713,-123.060208,2,FALSE,FALSE,8417,NA,1783361883,2026-07-06T18:18:03Z,2026-07-06T18:18:03Z,2026-07-06T18:18:03Z,2.2,https://data.lime.bike/api/partners/v2/gbfs/vancouver_bc/gbfs.json,https://data.lime.bike/api/partners/v2/gbfs/vancouver_bc/free_bike_status,2026-07-06T18:18:00Z,2026-07-06T18:18:00Z
lime_vancouver,lime_vancouver_c851648a-b4e7-46ae-abaf-fd4d273297e9,c851648a-b4e7-46ae-abaf-fd4d273297e9,49.262545,-123.119701,2,FALSE,FALSE,16882,NA,1783361883,2026-07-06T18:18:03Z,2026-07-06T18:18:03Z,2026-07-06T18:18:03Z,2.2,https://data.lime.bike/api/partners/v2/gbfs/vancouver_bc/gbfs.json,https://data.lime.bike/api/partners/v2/gbfs/vancouver_bc/free_bike_status,2026-07-06T18:18:00Z,2026-07-06T18:18:00Z
lime_vancouver,lime_vancouver_a3171623-c859-40c2-a5ca-2dd551a0dce1,a3171623-c859-40c2-a5ca-2dd551a0dce1,49.285841,-123.120286,2,FALSE,FALSE,44514,NA,1783361883,2026-07-06T18:18:03Z,2026-07-06T18:18:03Z,2026-07-06T18:18:03Z,2.2,https://data.lime.bike/api/partners/v2/gbfs/vancouver_bc/gbfs.json,https://data.lime.bike/api/partners/v2/gbfs/vancouver_bc/free_bike_status,2026-07-06T18:18:00Z,2026-07-06T18:18:00Z
lime_vancouver,lime_vancouver_2549f276-bd47-4cbd-a332-614e81667576,2549f276-bd47-4cbd-a332-614e81667576,49.28345,-123.102291,2,FALSE,FALSE,39880,NA,1783361883,2026-07-06T18:18:03Z,2026-07-06T18:18:03Z,2026-07-06T18:18:03Z,2.2,https://data.lime.bike/api/partners/v2/gbfs/vancouver_bc/gbfs.json,https://data.lime.bike/api/partners/v2/gbfs/vancouver_bc/free_bike_status,2026-07-06T18:18:00Z,2026-07-06T18:18:00Z
lime_vancouver,lime_vancouver_6fbcbb7b-2ff4-43f5-a2f3-2447fa3cbb48,6fbcbb7b-2ff4-43f5-a2f3-2447fa3cbb48,49.286405,-123.121989,2,FALSE,FALSE,30610,NA,1783361883,2026-07-06T18:18:03Z,2026-07-06T18:18:03Z,2026-07-06T18:18:03Z,2.2,https://data.lime.bike/api/partners/v2/gbfs/vancouver_bc/gbfs.json,https://data.lime.bike/api/partners/v2/gbfs/vancouver_bc/free_bike_status,2026-07-06T18:18:00Z,2026-07-06T18:18:00Z
lime_vancouver,lime_vancouver_476389f4-0a4c-47c1-aa49-1dd420b86999,476389f4-0a4c-47c1-aa49-1dd420b86999,49.258718,-123.057141,2,FALSE,FALSE,12601,NA,1783361883,2026-07-06T18:18:03Z,2026-07-06T18:18:03Z,2026-07-06T18:18:03Z,2.2,https://data.lime.bike/api/partners/v2/gbfs/vancouver_bc/gbfs.json,https://data.lime.bike/api/partners/v2/gbfs/vancouver_bc/free_bike_status,2026-07-06T18:18:00Z,2026-07-06T18:18:00Z
lime_vancouver,lime_vancouver_ab1b99eb-5cea-46bc-9688-08773d8ba987,ab1b99eb-5cea-46bc-9688-08773d8ba987,49.263938,-123.104921,2,FALSE,FALSE,31125,NA,1783361883,2026-07-06T18:18:03Z,2026-07-06T18:18:03Z,2026-07-06T18:18:03Z,2.2,https://data.lime.bike/api/partners/v2/gbfs/vancouver_bc/gbfs.json,https://data.lime.bike/api/partners/v2/gbfs/vancouver_bc/free_bike_status,2026-07-06T18:18:00Z,2026-07-06T18:18:00Z
lime_vancouver,lime_vancouver_9c0509fd-2844-4da9-bf7f-1d2e7beb5eaa,9c0509fd-2844-4da9-bf7f-1d2e7beb5eaa,49.26689,-123.1126,2,FALSE,FALSE,17365,NA,1783361883,2026-07-06T18:18:03Z,2026-07-06T18:18:03Z,2026-07-06T18:18:03Z,2.2,https://data.lime.bike/api/partners/v2/gbfs/vancouver_bc/gbfs.json,https://data.lime.bike/api/partners/v2/gbfs/vancouver_bc/free_bike_status,2026-07-06T18:18:00Z,2026-07-06T18:18:00Z
lime_vancouver,lime_vancouver_a63e6036-5d02-4dc2-bbaa-575051392e27,a63e6036-5d02-4dc2-bbaa-575051392e27,49.283133,-123.046666,2,FALSE,FALSE,12601,NA,1783361883,2026-07-06T18:18:03Z,2026-07-06T18:18:03Z,2026-07-06T18:18:03Z,2.2,https://data.lime.bike/api/partners/v2/gbfs/vancouver_bc/gbfs.json,https://data.lime.bike/api/partners/v2/gbfs/vancouver_bc/free_bike_status,2026-07-06T18:18:00Z,2026-07-06T18:18:00Z
lime_vancouver,lime_vancouver_bddcb9d7-0e00-45ff-b62b-15894c2b8688,bddcb9d7-0e00-45ff-b62b-15894c2b8688,49.277646,-123.095502,2,FALSE,FALSE,31125,NA,1783361883,2026-07-06T18:18:03Z,2026-07-06T18:18:03Z,2026-07-06T18:18:03Z,2.2,https://data.lime.bike/api/partners/v2/gbfs/vancouver_bc/gbfs.json,https://data.lime.bike/api/partners/v2/gbfs/vancouver_bc/free_bike_status,2026-07-06T18:18:00Z,2026-07-06T18:18:00Z
lime_vancouver,lime_vancouver_1f269d72-7d26-4eb7-b2f8-865b93513882,1f269d72-7d26-4eb7-b2f8-865b93513882,49.271315,-123.146165,2,FALSE,FALSE,47073,NA,1783361883,2026-07-06T18:18:03Z,2026-07-06T18:18:03Z,2026-07-06T18:18:03Z,2.2,https://data.lime.bike/api/partners/v2/gbfs/vancouver_bc/gbfs.json,https://data.lime.bike/api/partners/v2/gbfs/vancouver_bc/free_bike_status,2026-07-06T18:18:00Z,2026-07-06T18:18:00Z
lime_vancouver,lime_vancouver_caedf91e-ac0a-4ce5-bf40-537a8087bd59,caedf91e-ac0a-4ce5-bf40-537a8087bd59,49.262734,-123.146262,2,FALSE,FALSE,7500,NA,1783361883,2026-07-06T18:18:03Z,2026-07-06T18:18:03Z,2026-07-06T18:18:03Z,2.2,https://data.lime.bike/api/partners/v2/gbfs/vancouver_bc/gbfs.json,https://data.lime.bike/api/partners/v2/gbfs/vancouver_bc/free_bike_status,2026-07-06T18:18:00Z,2026-07-06T18:18:00Z
lime_vancouver,lime_vancouver_aa55fa3e-16c2-487e-aa20-9b4caa9c4f70,aa55fa3e-16c2-487e-aa20-9b4caa9c4f70,49.280256,-123.117469,2,FALSE,FALSE,28598,NA,1783361883,2026-07-06T18:18:03Z,2026-07-06T18:18:03Z,2026-07-06T18:18:03Z,2.2,https://data.lime.bike/api/partners/v2/gbfs/vancouver_bc/gbfs.json,https://data.lime.bike/api/partners/v2/gbfs/vancouver_bc/free_bike_status,2026-07-06T18:18:00Z,2026-07-06T18:18:00Z
lime_vancouver,lime_vancouver_7471b2df-38f8-4c31-9161-3109014deb10,7471b2df-38f8-4c31-9161-3109014deb10,49.262736,-123.139058,2,FALSE,FALSE,30111,NA,1783361883,2026-07-06T18:18:03Z,2026-07-06T18:18:03Z,2026-07-06T18:18:03Z,2.2,https://data.lime.bike/api/partners/v2/gbfs/vancouver_bc/gbfs.json,https://data.lime.bike/api/partners/v2/gbfs/vancouver_bc/free_bike_status,2026-07-06T18:18:00Z,2026-07-06T18:18:00Z
lime_vancouver,lime_vancouver_848f6b66-6956-4ff3-851e-b823b5ddae04,848f6b66-6956-4ff3-851e-b823b5ddae04,49.24453,-123.075922,2,FALSE,FALSE,30111,NA,1783361883,2026-07-06T18:18:03Z,2026-07-06T18:18:03Z,2026-07-06T18:18:03Z,2.2,https://data.lime.bike/api/partners/v2/gbfs/vancouver_bc/gbfs.json,https://data.lime.bike/api/partners/v2/gbfs/vancouver_bc/free_bike_status,2026-07-06T18:18:00Z,2026-07-06T18:18:00Z
lime_vancouver,lime_vancouver_a2339563-cd98-4282-8577-283f0fdab450,a2339563-cd98-4282-8577-283f0fdab450,49.272308,-123.033979,2,FALSE,FALSE,11668,NA,1783361883,2026-07-06T18:18:03Z,2026-07-06T18:18:03Z,2026-07-06T18:18:03Z,2.2,https://data.lime.bike/api/partners/v2/gbfs/vancouver_bc/gbfs.json,https://data.lime.bike/api/partners/v2/gbfs/vancouver_bc/free_bike_status,2026-07-06T18:18:00Z,2026-07-06T18:18:00Z
lime_vancouver,lime_vancouver_85ddaf14-ddc7-46dd-a1f0-70d7ad6333bd,85ddaf14-ddc7-46dd-a1f0-70d7ad6333bd,49.262224,-123.115664,2,FALSE,FALSE,7950,NA,1783361883,2026-07-06T18:18:03Z,2026-07-06T18:18:03Z,2026-07-06T18:18:03Z,2.2,https://data.lime.bike/api/partners/v2/gbfs/vancouver_bc/gbfs.json,https://data.lime.bike/api/partners/v2/gbfs/vancouver_bc/free_bike_status,2026-07-06T18:18:00Z,2026-07-06T18:18:00Z
lime_vancouver,lime_vancouver_8aa85c1d-0b6e-44f0-abfe-6c52d439985a,8aa85c1d-0b6e-44f0-abfe-6c52d439985a,49.264024,-123.104983,2,FALSE,FALSE,36741,NA,1783361883,2026-07-06T18:18:03Z,2026-07-06T18:18:03Z,2026-07-06T18:18:03Z,2.2,https://data.lime.bike/api/partners/v2/gbfs/vancouver_bc/gbfs.json,https://data.lime.bike/api/partners/v2/gbfs/vancouver_bc/free_bike_status,2026-07-06T18:18:00Z,2026-07-06T18:18:00Z
lime_vancouver,lime_vancouver_fcacd758-ca6d-419a-a551-d7fdabeb34f6,fcacd758-ca6d-419a-a551-d7fdabeb34f6,49.280916,-123.025584,2,FALSE,FALSE,15450,NA,1783361883,2026-07-06T18:18:03Z,2026-07-06T18:18:03Z,2026-07-06T18:18:03Z,2.2,https://data.lime.bike/api/partners/v2/gbfs/vancouver_bc/gbfs.json,https://data.lime.bike/api/partners/v2/gbfs/vancouver_bc/free_bike_status,2026-07-06T18:18:00Z,2026-07-06T18:18:00Z
lime_vancouver,lime_vancouver_a3e0b029-3149-425d-963b-aad547243c81,a3e0b029-3149-425d-963b-aad547243c81,49.266216,-123.140558,2,FALSE,FALSE,47073,NA,1783361883,2026-07-06T18:18:03Z,2026-07-06T18:18:03Z,2026-07-06T18:18:03Z,2.2,https://data.lime.bike/api/partners/v2/gbfs/vancouver_bc/gbfs.json,https://data.lime.bike/api/partners/v2/gbfs/vancouver_bc/free_bike_status,2026-07-06T18:18:00Z,2026-07-06T18:18:00Z
lime_vancouver,lime_vancouver_8bbd6f78-b287-4ae4-8ef6-9ef6124dac39,8bbd6f78-b287-4ae4-8ef6-9ef6124dac39,49.244808,-123.045954,2,FALSE,FALSE,25605,NA,1783361883,2026-07-06T18:18:03Z,2026-07-06T18:18:03Z,2026-07-06T18:18:03Z,2.2,https://data.lime.bike/api/partners/v2/gbfs/vancouver_bc/gbfs.json,https://data.lime.bike/api/partners/v2/gbfs/vancouver_bc/free_bike_status,2026-07-06T18:18:00Z,2026-07-06T18:18:00Z
lime_vancouver,lime_vancouver_09e97c81-595c-4a09-a3c8-a0b1d9913fe4,09e97c81-595c-4a09-a3c8-a0b1d9913fe4,49.272331,-123.03395,2,FALSE,FALSE,38833,NA,1783361883,2026-07-06T18:18:03Z,2026-07-06T18:18:03Z,2026-07-06T18:18:03Z,2.2,https://data.lime.bike/api/partners/v2/gbfs/vancouver_bc/gbfs.json,https://data.lime.bike/api/partners/v2/gbfs/vancouver_bc/free_bike_status,2026-07-06T18:18:00Z,2026-07-06T18:18:00Z
lime_vancouver,lime_vancouver_07cecc5b-68bd-407d-8ea3-264ba0e54f0b,07cecc5b-68bd-407d-8ea3-264ba0e54f0b,49.261498,-123.0797,2,FALSE,FALSE,9801,NA,1783361883,2026-07-06T18:18:03Z,2026-07-06T18:18:03Z,2026-07-06T18:18:03Z,2.2,https://data.lime.bike/api/partners/v2/gbfs/vancouver_bc/gbfs.json,https://data.lime.bike/api/partners/v2/gbfs/vancouver_bc/free_bike_status,2026-07-06T18:18:00Z,2026-07-06T18:18:00Z
lime_vancouver,lime_vancouver_82d3d278-f714-4080-addb-86ecdb6afdc9,82d3d278-f714-4080-addb-86ecdb6afdc9,49.262339,-123.096103,2,FALSE,FALSE,7950,NA,1783361883,2026-07-06T18:18:03Z,2026-07-06T18:18:03Z,2026-07-06T18:18:03Z,2.2,https://data.lime.bike/api/partners/v2/gbfs/vancouver_bc/gbfs.json,https://data.lime.bike/api/partners/v2/gbfs/vancouver_bc/free_bike_status,2026-07-06T18:18:00Z,2026-07-06T18:18:00Z
lime_vancouver,lime_vancouver_08568ec4-823e-48a3-b9f1-7380edb405b7,08568ec4-823e-48a3-b9f1-7380edb405b7,49.263476,-123.098854,2,FALSE,FALSE,8884,NA,1783361883,2026-07-06T18:18:03Z,2026-07-06T18:18:03Z,2026-07-06T18:18:03Z,2.2,https://data.lime.bike/api/partners/v2/gbfs/vancouver_bc/gbfs.json,https://data.lime.bike/api/partners/v2/gbfs/vancouver_bc/free_bike_status,2026-07-06T18:18:00Z,2026-07-06T18:18:00Z
lime_vancouver,lime_vancouver_daf8a26e-2dc3-4d67-8323-7ce5d3ba9abf,daf8a26e-2dc3-4d67-8323-7ce5d3ba9abf,49.266679,-123.109476,2,FALSE,FALSE,4796,NA,1783361883,2026-07-06T18:18:03Z,2026-07-06T18:18:03Z,2026-07-06T18:18:03Z,2.2,https://data.lime.bike/api/partners/v2/gbfs/vancouver_bc/gbfs.json,https://data.lime.bike/api/partners/v2/gbfs/vancouver_bc/free_bike_status,2026-07-06T18:18:00Z,2026-07-06T18:18:00Z
lime_vancouver,lime_vancouver_6df6945c-63cd-45ae-9962-063e365071ef,6df6945c-63cd-45ae-9962-063e365071ef,49.27409,-123.028699,2,FALSE,FALSE,23158,NA,1783361883,2026-07-06T18:18:03Z,2026-07-06T18:18:03Z,2026-07-06T18:18:03Z,2.2,https://data.lime.bike/api/partners/v2/gbfs/vancouver_bc/gbfs.json,https://data.lime.bike/api/partners/v2/gbfs/vancouver_bc/free_bike_status,2026-07-06T18:18:00Z,2026-07-06T18:18:00Z
lime_vancouver,lime_vancouver_0f7fb916-d256-477c-8e10-89e8d77ce9b9,0f7fb916-d256-477c-8e10-89e8d77ce9b9,49.261493,-123.079697,2,FALSE,FALSE,28099,NA,1783361883,2026-07-06T18:18:03Z,2026-07-06T18:18:03Z,2026-07-06T18:18:03Z,2.2,https://data.lime.bike/api/partners/v2/gbfs/vancouver_bc/gbfs.json,https://data.lime.bike/api/partners/v2/gbfs/vancouver_bc/free_bike_status,2026-07-06T18:18:00Z,2026-07-06T18:18:00Z
lime_vancouver,lime_vancouver_4a670df5-d536-47aa-9ab9-e6ca97f9faad,4a670df5-d536-47aa-9ab9-e6ca97f9faad,49.280238,-123.036514,2,FALSE,FALSE,34166,NA,1783361883,2026-07-06T18:18:03Z,2026-07-06T18:18:03Z,2026-07-06T18:18:03Z,2.2,https://data.lime.bike/api/partners/v2/gbfs/vancouver_bc/gbfs.json,https://data.lime.bike/api/partners/v2/gbfs/vancouver_bc/free_bike_status,2026-07-06T18:18:00Z,2026-07-06T18:18:00Z
lime_vancouver,lime_vancouver_5561776d-ec30-4c1c-b8e8-255ee3d15358,5561776d-ec30-4c1c-b8e8-255ee3d15358,49.284998,-123.095206,2,FALSE,FALSE,40395,NA,1783361883,2026-07-06T18:18:03Z,2026-07-06T18:18:03Z,2026-07-06T18:18:03Z,2.2,https://data.lime.bike/api/partners/v2/gbfs/vancouver_bc/gbfs.json,https://data.lime.bike/api/partners/v2/gbfs/vancouver_bc/free_bike_status,2026-07-06T18:18:00Z,2026-07-06T18:18:00Z
lime_vancouver,lime_vancouver_51cc20d8-644f-4013-908e-00ae6244ddee,51cc20d8-644f-4013-908e-00ae6244ddee,49.279515,-123.100148,2,FALSE,FALSE,34166,NA,1783361883,2026-07-06T18:18:03Z,2026-07-06T18:18:03Z,2026-07-06T18:18:03Z,2.2,https://data.lime.bike/api/partners/v2/gbfs/vancouver_bc/gbfs.json,https://data.lime.bike/api/partners/v2/gbfs/vancouver_bc/free_bike_status,2026-07-06T18:18:00Z,2026-07-06T18:18:00Z
lime_vancouver,lime_vancouver_7dbb35ac-cd6f-4580-9c6a-9415d9d5f820,7dbb35ac-cd6f-4580-9c6a-9415d9d5f820,49.271858,-123.164689,2,FALSE,FALSE,19280,NA,1783361883,2026-07-06T18:18:03Z,2026-07-06T18:18:03Z,2026-07-06T18:18:03Z,2.2,https://data.lime.bike/api/partners/v2/gbfs/vancouver_bc/gbfs.json,https://data.lime.bike/api/partners/v2/gbfs/vancouver_bc/free_bike_status,2026-07-06T18:18:00Z,2026-07-06T18:18:00Z
lime_vancouver,lime_vancouver_6ece7ed9-10a9-4b24-a3a7-7c6dc740e561,6ece7ed9-10a9-4b24-a3a7-7c6dc740e561,49.229185,-123.024018,2,FALSE,FALSE,7628,NA,1783361883,2026-07-06T18:18:03Z,2026-07-06T18:18:03Z,2026-07-06T18:18:03Z,2.2,https://data.lime.bike/api/partners/v2/gbfs/vancouver_bc/gbfs.json,https://data.lime.bike/api/partners/v2/gbfs/vancouver_bc/free_bike_status,2026-07-06T18:18:00Z,2026-07-06T18:18:00Z
lime_vancouver,lime_vancouver_85671531-95df-4968-a782-212cce0391b9,85671531-95df-4968-a782-212cce0391b9,49.263828,-123.109144,2,FALSE,FALSE,12601,NA,1783361883,2026-07-06T18:18:03Z,2026-07-06T18:18:03Z,2026-07-06T18:18:03Z,2.2,https://data.lime.bike/api/partners/v2/gbfs/vancouver_bc/gbfs.json,https://data.lime.bike/api/partners/v2/gbfs/vancouver_bc/free_bike_status,2026-07-06T18:18:00Z,2026-07-06T18:18:00Z
lime_vancouver,lime_vancouver_cde04d3a-8526-4aff-a468-68317c0be928,cde04d3a-8526-4aff-a468-68317c0be928,49.283986,-123.089695,2,FALSE,FALSE,6582,NA,1783361883,2026-07-06T18:18:03Z,2026-07-06T18:18:03Z,2026-07-06T18:18:03Z,2.2,https://data.lime.bike/api/partners/v2/gbfs/vancouver_bc/gbfs.json,https://data.lime.bike/api/partners/v2/gbfs/vancouver_bc/free_bike_status,2026-07-06T18:18:00Z,2026-07-06T18:18:00Z
lime_vancouver,lime_vancouver_9fd5204f-1539-4082-a188-de8884b68c5e,9fd5204f-1539-4082-a188-de8884b68c5e,49.23589,-123.049151,2,FALSE,FALSE,11668,NA,1783361883,2026-07-06T18:18:03Z,2026-07-06T18:18:03Z,2026-07-06T18:18:03Z,2.2,https://data.lime.bike/api/partners/v2/gbfs/vancouver_bc/gbfs.json,https://data.lime.bike/api/partners/v2/gbfs/vancouver_bc/free_bike_status,2026-07-06T18:18:00Z,2026-07-06T18:18:00Z
lime_vancouver,lime_vancouver_847c2441-2698-479f-a984-95cd17cf1471,847c2441-2698-479f-a984-95cd17cf1471,49.290702,-123.128255,2,FALSE,FALSE,13551,NA,1783361883,2026-07-06T18:18:03Z,2026-07-06T18:18:03Z,2026-07-06T18:18:03Z,2.2,https://data.lime.bike/api/partners/v2/gbfs/vancouver_bc/gbfs.json,https://data.lime.bike/api/partners/v2/gbfs/vancouver_bc/free_bike_status,2026-07-06T18:18:00Z,2026-07-06T18:18:00Z
lime_vancouver,lime_vancouver_a396194c-0477-421b-8afb-da91c06bf5d6,a396194c-0477-421b-8afb-da91c06bf5d6,49.286563,-123.122327,2,FALSE,FALSE,4796,NA,1783361883,2026-07-06T18:18:03Z,2026-07-06T18:18:03Z,2026-07-06T18:18:03Z,2.2,https://data.lime.bike/api/partners/v2/gbfs/vancouver_bc/gbfs.json,https://data.lime.bike/api/partners/v2/gbfs/vancouver_bc/free_bike_status,2026-07-06T18:18:00Z,2026-07-06T18:18:00Z
lime_vancouver,lime_vancouver_c881c346-f0b4-461e-a74c-62518697f903,c881c346-f0b4-461e-a74c-62518697f903,49.26251,-123.119963,2,FALSE,FALSE,17365,NA,1783361883,2026-07-06T18:18:03Z,2026-07-06T18:18:03Z,2026-07-06T18:18:03Z,2.2,https://data.lime.bike/api/partners/v2/gbfs/vancouver_bc/gbfs.json,https://data.lime.bike/api/partners/v2/gbfs/vancouver_bc/free_bike_status,2026-07-06T18:18:00Z,2026-07-06T18:18:00Z
lime_vancouver,lime_vancouver_42fd370e-09e6-4efe-9388-9fb78b5d3d5d,42fd370e-09e6-4efe-9388-9fb78b5d3d5d,49.286004,-123.122086,2,FALSE,FALSE,36226,NA,1783361883,2026-07-06T18:18:03Z,2026-07-06T18:18:03Z,2026-07-06T18:18:03Z,2.2,https://data.lime.bike/api/partners/v2/gbfs/vancouver_bc/gbfs.json,https://data.lime.bike/api/partners/v2/gbfs/vancouver_bc/free_bike_status,2026-07-06T18:18:00Z,2026-07-06T18:18:00Z
lime_vancouver,lime_vancouver_b8e51681-1df7-4489-9820-6b4162256973,b8e51681-1df7-4489-9820-6b4162256973,49.280844,-123.084774,2,FALSE,FALSE,35711,NA,1783361883,2026-07-06T18:18:03Z,2026-07-06T18:18:03Z,2026-07-06T18:18:03Z,2.2,https://data.lime.bike/api/partners/v2/gbfs/vancouver_bc/gbfs.json,https://data.lime.bike/api/partners/v2/gbfs/vancouver_bc/free_bike_status,2026-07-06T18:18:00Z,2026-07-06T18:18:00Z
lime_vancouver,lime_vancouver_32a29e86-8999-41f9-9586-22bdda43a75b,32a29e86-8999-41f9-9586-22bdda43a75b,49.285555,-123.120222,2,FALSE,FALSE,7049,NA,1783361883,2026-07-06T18:18:03Z,2026-07-06T18:18:03Z,2026-07-06T18:18:03Z,2.2,https://data.lime.bike/api/partners/v2/gbfs/vancouver_bc/gbfs.json,https://data.lime.bike/api/partners/v2/gbfs/vancouver_bc/free_bike_status,2026-07-06T18:18:00Z,2026-07-06T18:18:00Z
lime_vancouver,lime_vancouver_57de2eb1-727a-4586-b08e-d3d81b013bd7,57de2eb1-727a-4586-b08e-d3d81b013bd7,49.273095,-123.069317,2,FALSE,FALSE,40395,NA,1783361883,2026-07-06T18:18:03Z,2026-07-06T18:18:03Z,2026-07-06T18:18:03Z,2.2,https://data.lime.bike/api/partners/v2/gbfs/vancouver_bc/gbfs.json,https://data.lime.bike/api/partners/v2/gbfs/vancouver_bc/free_bike_status,2026-07-06T18:18:00Z,2026-07-06T18:18:00Z
lime_vancouver,lime_vancouver_87b40e17-5fa1-4cf1-87db-78bcb4dbf5e7,87b40e17-5fa1-4cf1-87db-78bcb4dbf5e7,49.269717,-123.135599,2,FALSE,FALSE,9334,NA,1783361883,2026-07-06T18:18:03Z,2026-07-06T18:18:03Z,2026-07-06T18:18:03Z,2.2,https://data.lime.bike/api/partners/v2/gbfs/vancouver_bc/gbfs.json,https://data.lime.bike/api/partners/v2/gbfs/vancouver_bc/free_bike_status,2026-07-06T18:18:00Z,2026-07-06T18:18:00Z
lime_vancouver,lime_vancouver_61070be3-9ae5-4278-acd4-846bb0df8e3c,61070be3-9ae5-4278-acd4-846bb0df8e3c,49.244817,-123.045964,2,FALSE,FALSE,14500,NA,1783361883,2026-07-06T18:18:03Z,2026-07-06T18:18:03Z,2026-07-06T18:18:03Z,2.2,https://data.lime.bike/api/partners/v2/gbfs/vancouver_bc/gbfs.json,https://data.lime.bike/api/partners/v2/gbfs/vancouver_bc/free_bike_status,2026-07-06T18:18:00Z,2026-07-06T18:18:00Z
lime_vancouver,lime_vancouver_5c6b7bf3-7eb4-44a4-b95f-2a64974b6420,5c6b7bf3-7eb4-44a4-b95f-2a64974b6420,49.26366,-123.157618,2,FALSE,FALSE,9334,NA,1783361883,2026-07-06T18:18:03Z,2026-07-06T18:18:03Z,2026-07-06T18:18:03Z,2.2,https://data.lime.bike/api/partners/v2/gbfs/vancouver_bc/gbfs.json,https://data.lime.bike/api/partners/v2/gbfs/vancouver_bc/free_bike_status,2026-07-06T18:18:00Z,2026-07-06T18:18:00Z
lime_vancouver,lime_vancouver_4208a845-6d47-42dd-9d1b-79d325589dbd,4208a845-6d47-42dd-9d1b-79d325589dbd,49.231063,-123.032561,2,FALSE,FALSE,9334,NA,1783361883,2026-07-06T18:18:03Z,2026-07-06T18:18:03Z,2026-07-06T18:18:03Z,2.2,https://data.lime.bike/api/partners/v2/gbfs/vancouver_bc/gbfs.json,https://data.lime.bike/api/partners/v2/gbfs/vancouver_bc/free_bike_status,2026-07-06T18:18:00Z,2026-07-06T18:18:00Z
lime_vancouver,lime_vancouver_4d08570e-f5ce-480b-86a6-45b93ce4de29,4d08570e-f5ce-480b-86a6-45b93ce4de29,49.283142,-123.106698,2,FALSE,FALSE,10268,NA,1783361883,2026-07-06T18:18:03Z,2026-07-06T18:18:03Z,2026-07-06T18:18:03Z,2.2,https://data.lime.bike/api/partners/v2/gbfs/vancouver_bc/gbfs.json,https://data.lime.bike/api/partners/v2/gbfs/vancouver_bc/free_bike_status,2026-07-06T18:18:00Z,2026-07-06T18:18:00Z
lime_vancouver,lime_vancouver_359eedc6-939f-4b36-b931-ac511f5d5a70,359eedc6-939f-4b36-b931-ac511f5d5a70,49.26369,-123.157601,2,FALSE,FALSE,32637,NA,1783361883,2026-07-06T18:18:03Z,2026-07-06T18:18:03Z,2026-07-06T18:18:03Z,2.2,https://data.lime.bike/api/partners/v2/gbfs/vancouver_bc/gbfs.json,https://data.lime.bike/api/partners/v2/gbfs/vancouver_bc/free_bike_status,2026-07-06T18:18:00Z,2026-07-06T18:18:00Z
lime_vancouver,lime_vancouver_09a6862f-4afa-4d55-b9cf-a5f5f1bab51c,09a6862f-4afa-4d55-b9cf-a5f5f1bab51c,49.269834,-123.13569,2,FALSE,FALSE,31624,NA,1783361883,2026-07-06T18:18:03Z,2026-07-06T18:18:03Z,2026-07-06T18:18:03Z,2.2,https://data.lime.bike/api/partners/v2/gbfs/vancouver_bc/gbfs.json,https://data.lime.bike/api/partners/v2/gbfs/vancouver_bc/free_bike_status,2026-07-06T18:18:00Z,2026-07-06T18:18:00Z
lime_vancouver,lime_vancouver_65ee1630-f755-4fe4-812e-02cbcc337750,65ee1630-f755-4fe4-812e-02cbcc337750,49.281805,-123.123751,2,FALSE,FALSE,44514,NA,1783361883,2026-07-06T18:18:03Z,2026-07-06T18:18:03Z,2026-07-06T18:18:03Z,2.2,https://data.lime.bike/api/partners/v2/gbfs/vancouver_bc/gbfs.json,https://data.lime.bike/api/partners/v2/gbfs/vancouver_bc/free_bike_status,2026-07-06T18:18:00Z,2026-07-06T18:18:00Z
lime_vancouver,lime_vancouver_8a8e0e03-208f-4760-87f9-eff587a1086f,8a8e0e03-208f-4760-87f9-eff587a1086f,49.2701,-123.135347,2,FALSE,FALSE,10268,NA,1783361883,2026-07-06T18:18:03Z,2026-07-06T18:18:03Z,2026-07-06T18:18:03Z,2.2,https://data.lime.bike/api/partners/v2/gbfs/vancouver_bc/gbfs.json,https://data.lime.bike/api/partners/v2/gbfs/vancouver_bc/free_bike_status,2026-07-06T18:18:00Z,2026-07-06T18:18:00Z
lime_vancouver,lime_vancouver_f5582983-2e6c-4951-96ba-62f475834e96,f5582983-2e6c-4951-96ba-62f475834e96,49.272333,-123.033969,2,FALSE,FALSE,36741,NA,1783361883,2026-07-06T18:18:03Z,2026-07-06T18:18:03Z,2026-07-06T18:18:03Z,2.2,https://data.lime.bike/api/partners/v2/gbfs/vancouver_bc/gbfs.json,https://data.lime.bike/api/partners/v2/gbfs/vancouver_bc/free_bike_status,2026-07-06T18:18:00Z,2026-07-06T18:18:00Z
lime_vancouver,lime_vancouver_fedb4a96-cd51-4646-9fe9-9fec3dd7bf2a,fedb4a96-cd51-4646-9fe9-9fec3dd7bf2a,49.266231,-123.101669,2,FALSE,FALSE,37272,NA,1783361883,2026-07-06T18:18:03Z,2026-07-06T18:18:03Z,2026-07-06T18:18:03Z,2.2,https://data.lime.bike/api/partners/v2/gbfs/vancouver_bc/gbfs.json,https://data.lime.bike/api/partners/v2/gbfs/vancouver_bc/free_bike_status,2026-07-06T18:18:00Z,2026-07-06T18:18:00Z
lime_vancouver,lime_vancouver_1d4d9624-6305-491b-93d1-2ca4d76a5242,1d4d9624-6305-491b-93d1-2ca4d76a5242,49.275946,-123.14568,2,FALSE,FALSE,15450,NA,1783361883,2026-07-06T18:18:03Z,2026-07-06T18:18:03Z,2026-07-06T18:18:03Z,2.2,https://data.lime.bike/api/partners/v2/gbfs/vancouver_bc/gbfs.json,https://data.lime.bike/api/partners/v2/gbfs/vancouver_bc/free_bike_status,2026-07-06T18:18:00Z,2026-07-06T18:18:00Z
lime_vancouver,lime_vancouver_60c8b537-1da2-496e-9d70-09b7ee2a85e9,60c8b537-1da2-496e-9d70-09b7ee2a85e9,49.262716,-123.155398,2,FALSE,FALSE,45013,NA,1783361883,2026-07-06T18:18:03Z,2026-07-06T18:18:03Z,2026-07-06T18:18:03Z,2.2,https://data.lime.bike/api/partners/v2/gbfs/vancouver_bc/gbfs.json,https://data.lime.bike/api/partners/v2/gbfs/vancouver_bc/free_bike_status,2026-07-06T18:18:00Z,2026-07-06T18:18:00Z
lime_vancouver,lime_vancouver_4f22aa4b-ae3d-411e-972c-494514bd5e6f,4f22aa4b-ae3d-411e-972c-494514bd5e6f,49.274099,-123.028634,2,FALSE,FALSE,36226,NA,1783361883,2026-07-06T18:18:03Z,2026-07-06T18:18:03Z,2026-07-06T18:18:03Z,2.2,https://data.lime.bike/api/partners/v2/gbfs/vancouver_bc/gbfs.json,https://data.lime.bike/api/partners/v2/gbfs/vancouver_bc/free_bike_status,2026-07-06T18:18:00Z,2026-07-06T18:18:00Z
lime_vancouver,lime_vancouver_669f17fa-0ef8-447f-b55c-922e77f18d88,669f17fa-0ef8-447f-b55c-922e77f18d88,49.288757,-123.120445,2,FALSE,FALSE,40910,NA,1783361883,2026-07-06T18:18:03Z,2026-07-06T18:18:03Z,2026-07-06T18:18:03Z,2.2,https://data.lime.bike/api/partners/v2/gbfs/vancouver_bc/gbfs.json,https://data.lime.bike/api/partners/v2/gbfs/vancouver_bc/free_bike_status,2026-07-06T18:18:00Z,2026-07-06T18:18:00Z
lime_vancouver,lime_vancouver_23c95b77-34ca-473b-9412-10282099b7e3,23c95b77-34ca-473b-9412-10282099b7e3,49.27119,-123.135514,2,FALSE,FALSE,23641,NA,1783361883,2026-07-06T18:18:03Z,2026-07-06T18:18:03Z,2026-07-06T18:18:03Z,2.2,https://data.lime.bike/api/partners/v2/gbfs/vancouver_bc/gbfs.json,https://data.lime.bike/api/partners/v2/gbfs/vancouver_bc/free_bike_status,2026-07-06T18:18:00Z,2026-07-06T18:18:00Z
lime_vancouver,lime_vancouver_51e3f5dd-4aba-4e50-9639-7d16dedea933,51e3f5dd-4aba-4e50-9639-7d16dedea933,49.28304,-123.106757,2,FALSE,FALSE,2237,NA,1783361883,2026-07-06T18:18:03Z,2026-07-06T18:18:03Z,2026-07-06T18:18:03Z,2.2,https://data.lime.bike/api/partners/v2/gbfs/vancouver_bc/gbfs.json,https://data.lime.bike/api/partners/v2/gbfs/vancouver_bc/free_bike_status,2026-07-06T18:18:00Z,2026-07-06T18:18:00Z
lime_vancouver,lime_vancouver_68b87c0a-1577-4c81-930e-4ac0b0024edc,68b87c0a-1577-4c81-930e-4ac0b0024edc,49.262598,-123.139036,2,FALSE,FALSE,15916,NA,1783361883,2026-07-06T18:18:03Z,2026-07-06T18:18:03Z,2026-07-06T18:18:03Z,2.2,https://data.lime.bike/api/partners/v2/gbfs/vancouver_bc/gbfs.json,https://data.lime.bike/api/partners/v2/gbfs/vancouver_bc/free_bike_status,2026-07-06T18:18:00Z,2026-07-06T18:18:00Z
lime_vancouver,lime_vancouver_51547642-6ed0-4eb5-b7e8-560982ce3a67,51547642-6ed0-4eb5-b7e8-560982ce3a67,49.277977,-123.115634,2,FALSE,FALSE,19280,NA,1783361883,2026-07-06T18:18:03Z,2026-07-06T18:18:03Z,2026-07-06T18:18:03Z,2.2,https://data.lime.bike/api/partners/v2/gbfs/vancouver_bc/gbfs.json,https://data.lime.bike/api/partners/v2/gbfs/vancouver_bc/free_bike_status,2026-07-06T18:18:00Z,2026-07-06T18:18:00Z
lime_vancouver,lime_vancouver_5e6f859b-658f-44bd-b7ff-6c77df6a4b85,5e6f859b-658f-44bd-b7ff-6c77df6a4b85,49.263691,-123.157585,2,FALSE,FALSE,7500,NA,1783361883,2026-07-06T18:18:03Z,2026-07-06T18:18:03Z,2026-07-06T18:18:03Z,2.2,https://data.lime.bike/api/partners/v2/gbfs/vancouver_bc/gbfs.json,https://data.lime.bike/api/partners/v2/gbfs/vancouver_bc/free_bike_status,2026-07-06T18:18:00Z,2026-07-06T18:18:00Z
lime_vancouver,lime_vancouver_dc42d1b6-9aa9-4dfb-b4b7-0f040dbeba47,dc42d1b6-9aa9-4dfb-b4b7-0f040dbeba47,49.244824,-123.052138,2,FALSE,FALSE,7950,NA,1783361883,2026-07-06T18:18:03Z,2026-07-06T18:18:03Z,2026-07-06T18:18:03Z,2.2,https://data.lime.bike/api/partners/v2/gbfs/vancouver_bc/gbfs.json,https://data.lime.bike/api/partners/v2/gbfs/vancouver_bc/free_bike_status,2026-07-06T18:18:00Z,2026-07-06T18:18:00Z
lime_vancouver,lime_vancouver_b5d1fedd-77f7-4c93-b46b-849f1b869a38,b5d1fedd-77f7-4c93-b46b-849f1b869a38,49.280965,-123.089466,2,FALSE,FALSE,30111,NA,1783361883,2026-07-06T18:18:03Z,2026-07-06T18:18:03Z,2026-07-06T18:18:03Z,2.2,https://data.lime.bike/api/partners/v2/gbfs/vancouver_bc/gbfs.json,https://data.lime.bike/api/partners/v2/gbfs/vancouver_bc/free_bike_status,2026-07-06T18:18:00Z,2026-07-06T18:18:00Z
lime_vancouver,lime_vancouver_5028abea-e624-4f6a-bd60-6bdae9265699,5028abea-e624-4f6a-bd60-6bdae9265699,49.283781,-123.097912,2,FALSE,FALSE,5246,NA,1783361883,2026-07-06T18:18:03Z,2026-07-06T18:18:03Z,2026-07-06T18:18:03Z,2.2,https://data.lime.bike/api/partners/v2/gbfs/vancouver_bc/gbfs.json,https://data.lime.bike/api/partners/v2/gbfs/vancouver_bc/free_bike_status,2026-07-06T18:18:00Z,2026-07-06T18:18:00Z
lime_vancouver,lime_vancouver_c8f8be72-7801-4962-9f11-094271cfe7c1,c8f8be72-7801-4962-9f11-094271cfe7c1,49.266312,-123.104676,2,FALSE,FALSE,4796,NA,1783361883,2026-07-06T18:18:03Z,2026-07-06T18:18:03Z,2026-07-06T18:18:03Z,2.2,https://data.lime.bike/api/partners/v2/gbfs/vancouver_bc/gbfs.json,https://data.lime.bike/api/partners/v2/gbfs/vancouver_bc/free_bike_status,2026-07-06T18:18:00Z,2026-07-06T18:18:00Z
lime_vancouver,lime_vancouver_dfba2116-7d3a-4d6c-905f-d8a24af9d131,dfba2116-7d3a-4d6c-905f-d8a24af9d131,49.23585,-123.055222,2,FALSE,FALSE,6132,NA,1783361883,2026-07-06T18:18:03Z,2026-07-06T18:18:03Z,2026-07-06T18:18:03Z,2.2,https://data.lime.bike/api/partners/v2/gbfs/vancouver_bc/gbfs.json,https://data.lime.bike/api/partners/v2/gbfs/vancouver_bc/free_bike_status,2026-07-06T18:18:00Z,2026-07-06T18:18:00Z
lime_vancouver,lime_vancouver_c42d1287-eb2f-4472-95d4-85b018f8d614,c42d1287-eb2f-4472-95d4-85b018f8d614,49.264996,-123.117129,2,FALSE,FALSE,7049,NA,1783361883,2026-07-06T18:18:03Z,2026-07-06T18:18:03Z,2026-07-06T18:18:03Z,2.2,https://data.lime.bike/api/partners/v2/gbfs/vancouver_bc/gbfs.json,https://data.lime.bike/api/partners/v2/gbfs/vancouver_bc/free_bike_status,2026-07-06T18:18:00Z,2026-07-06T18:18:00Z
lime_vancouver,lime_vancouver_2d62b124-54a4-4887-9271-f1a29c42d095,2d62b124-54a4-4887-9271-f1a29c42d095,49.28702,-123.125698,2,FALSE,FALSE,6132,NA,1783361883,2026-07-06T18:18:03Z,2026-07-06T18:18:03Z,2026-07-06T18:18:03Z,2.2,https://data.lime.bike/api/partners/v2/gbfs/vancouver_bc/gbfs.json,https://data.lime.bike/api/partners/v2/gbfs/vancouver_bc/free_bike_status,2026-07-06T18:18:00Z,2026-07-06T18:18:00Z
lime_vancouver,lime_vancouver_daf993dc-e664-4cb0-a61a-30224a2c0b5c,daf993dc-e664-4cb0-a61a-30224a2c0b5c,49.265602,-123.104157,2,FALSE,FALSE,41425,NA,1783361883,2026-07-06T18:18:03Z,2026-07-06T18:18:03Z,2026-07-06T18:18:03Z,2.2,https://data.lime.bike/api/partners/v2/gbfs/vancouver_bc/gbfs.json,https://data.lime.bike/api/partners/v2/gbfs/vancouver_bc/free_bike_status,2026-07-06T18:18:00Z,2026-07-06T18:18:00Z
lime_vancouver,lime_vancouver_38e1c2fa-4464-429f-8fb3-0dbeaac167f1,38e1c2fa-4464-429f-8fb3-0dbeaac167f1,49.285505,-123.046807,2,FALSE,FALSE,42969,NA,1783361883,2026-07-06T18:18:03Z,2026-07-06T18:18:03Z,2026-07-06T18:18:03Z,2.2,https://data.lime.bike/api/partners/v2/gbfs/vancouver_bc/gbfs.json,https://data.lime.bike/api/partners/v2/gbfs/vancouver_bc/free_bike_status,2026-07-06T18:18:00Z,2026-07-06T18:18:00Z
lime_vancouver,lime_vancouver_1814b3e7-3f6d-42ed-9c62-d508db344afb,1814b3e7-3f6d-42ed-9c62-d508db344afb,49.264951,-123.164939,2,FALSE,FALSE,7500,NA,1783361883,2026-07-06T18:18:03Z,2026-07-06T18:18:03Z,2026-07-06T18:18:03Z,2.2,https://data.lime.bike/api/partners/v2/gbfs/vancouver_bc/gbfs.json,https://data.lime.bike/api/partners/v2/gbfs/vancouver_bc/free_bike_status,2026-07-06T18:18:00Z,2026-07-06T18:18:00Z
lime_vancouver,lime_vancouver_9dc6ee01-cd1d-4222-9357-2c18db514bf8,9dc6ee01-cd1d-4222-9357-2c18db514bf8,49.229206,-123.023985,2,FALSE,FALSE,3975,NA,1783361883,2026-07-06T18:18:03Z,2026-07-06T18:18:03Z,2026-07-06T18:18:03Z,2.2,https://data.lime.bike/api/partners/v2/gbfs/vancouver_bc/gbfs.json,https://data.lime.bike/api/partners/v2/gbfs/vancouver_bc/free_bike_status,2026-07-06T18:18:00Z,2026-07-06T18:18:00Z
lime_vancouver,lime_vancouver_121347a1-84d5-411b-8e8f-8a4e253eb8e1,121347a1-84d5-411b-8e8f-8a4e253eb8e1,49.23589,-123.049098,2,FALSE,FALSE,3058,NA,1783361883,2026-07-06T18:18:03Z,2026-07-06T18:18:03Z,2026-07-06T18:18:03Z,2.2,https://data.lime.bike/api/partners/v2/gbfs/vancouver_bc/gbfs.json,https://data.lime.bike/api/partners/v2/gbfs/vancouver_bc/free_bike_status,2026-07-06T18:18:00Z,2026-07-06T18:18:00Z
lime_vancouver,lime_vancouver_f18899eb-98c2-42cf-b8f8-c7a4ea00b901,f18899eb-98c2-42cf-b8f8-c7a4ea00b901,49.263788,-123.096935,2,FALSE,FALSE,24623,NA,1783361883,2026-07-06T18:18:03Z,2026-07-06T18:18:03Z,2026-07-06T18:18:03Z,2.2,https://data.lime.bike/api/partners/v2/gbfs/vancouver_bc/gbfs.json,https://data.lime.bike/api/partners/v2/gbfs/vancouver_bc/free_bike_status,2026-07-06T18:18:00Z,2026-07-06T18:18:00Z
lime_vancouver,lime_vancouver_983192b8-2b2c-4eca-acba-5c00fa323fc4,983192b8-2b2c-4eca-acba-5c00fa323fc4,49.276624,-123.061988,2,FALSE,FALSE,46558,NA,1783361883,2026-07-06T18:18:03Z,2026-07-06T18:18:03Z,2026-07-06T18:18:03Z,2.2,https://data.lime.bike/api/partners/v2/gbfs/vancouver_bc/gbfs.json,https://data.lime.bike/api/partners/v2/gbfs/vancouver_bc/free_bike_status,2026-07-06T18:18:00Z,2026-07-06T18:18:00Z
lime_vancouver,lime_vancouver_c6aab3fc-fb54-4256-bea0-c15ecbe945bb,c6aab3fc-fb54-4256-bea0-c15ecbe945bb,49.263843,-123.109151,2,FALSE,FALSE,14967,NA,1783361883,2026-07-06T18:18:03Z,2026-07-06T18:18:03Z,2026-07-06T18:18:03Z,2.2,https://data.lime.bike/api/partners/v2/gbfs/vancouver_bc/gbfs.json,https://data.lime.bike/api/partners/v2/gbfs/vancouver_bc/free_bike_status,2026-07-06T18:18:00Z,2026-07-06T18:18:00Z
lime_vancouver,lime_vancouver_1d94f692-4d1d-4f83-9c4b-ebd5c9a09a4d,1d94f692-4d1d-4f83-9c4b-ebd5c9a09a4d,49.288218,-123.11602,2,FALSE,FALSE,7500,NA,1783361883,2026-07-06T18:18:03Z,2026-07-06T18:18:03Z,2026-07-06T18:18:03Z,2.2,https://data.lime.bike/api/partners/v2/gbfs/vancouver_bc/gbfs.json,https://data.lime.bike/api/partners/v2/gbfs/vancouver_bc/free_bike_status,2026-07-06T18:18:00Z,2026-07-06T18:18:00Z
lime_vancouver,lime_vancouver_c2ed3366-0e9b-4843-a78b-a56d0daf4ce9,c2ed3366-0e9b-4843-a78b-a56d0daf4ce9,49.280145,-123.131622,2,FALSE,FALSE,41940,NA,1783361883,2026-07-06T18:18:03Z,2026-07-06T18:18:03Z,2026-07-06T18:18:03Z,2.2,https://data.lime.bike/api/partners/v2/gbfs/vancouver_bc/gbfs.json,https://data.lime.bike/api/partners/v2/gbfs/vancouver_bc/free_bike_status,2026-07-06T18:18:00Z,2026-07-06T18:18:00Z
lime_vancouver,lime_vancouver_d1470c7b-4090-437c-9d0e-421b1e90a941,d1470c7b-4090-437c-9d0e-421b1e90a941,49.263872,-123.109306,2,FALSE,FALSE,39880,NA,1783361883,2026-07-06T18:18:03Z,2026-07-06T18:18:03Z,2026-07-06T18:18:03Z,2.2,https://data.lime.bike/api/partners/v2/gbfs/vancouver_bc/gbfs.json,https://data.lime.bike/api/partners/v2/gbfs/vancouver_bc/free_bike_status,2026-07-06T18:18:00Z,2026-07-06T18:18:00Z
lime_vancouver,lime_vancouver_65a6b98d-e272-48a8-b023-64db3b49420d,65a6b98d-e272-48a8-b023-64db3b49420d,49.273144,-123.069252,2,FALSE,FALSE,23641,NA,1783361883,2026-07-06T18:18:03Z,2026-07-06T18:18:03Z,2026-07-06T18:18:03Z,2.2,https://data.lime.bike/api/partners/v2/gbfs/vancouver_bc/gbfs.json,https://data.lime.bike/api/partners/v2/gbfs/vancouver_bc/free_bike_status,2026-07-06T18:18:00Z,2026-07-06T18:18:00Z
lime_vancouver,lime_vancouver_3a51b235-065b-4159-b4cc-27075aa54dda,3a51b235-065b-4159-b4cc-27075aa54dda,49.269622,-123.132,2,FALSE,FALSE,13084,NA,1783361883,2026-07-06T18:18:03Z,2026-07-06T18:18:03Z,2026-07-06T18:18:03Z,2.2,https://data.lime.bike/api/partners/v2/gbfs/vancouver_bc/gbfs.json,https://data.lime.bike/api/partners/v2/gbfs/vancouver_bc/free_bike_status,2026-07-06T18:18:00Z,2026-07-06T18:18:00Z
lime_vancouver,lime_vancouver_a09e021b-8c3f-4420-ae28-813b39590421,a09e021b-8c3f-4420-ae28-813b39590421,49.26555,-123.143733,2,FALSE,FALSE,11201,NA,1783361883,2026-07-06T18:18:03Z,2026-07-06T18:18:03Z,2026-07-06T18:18:03Z,2.2,https://data.lime.bike/api/partners/v2/gbfs/vancouver_bc/gbfs.json,https://data.lime.bike/api/partners/v2/gbfs/vancouver_bc/free_bike_status,2026-07-06T18:18:00Z,2026-07-06T18:18:00Z
lime_vancouver,lime_vancouver_a21803e2-6576-420c-b381-e4d847ac1405,a21803e2-6576-420c-b381-e4d847ac1405,49.280854,-123.08485400000001,2,FALSE,FALSE,16399,NA,1783361883,2026-07-06T18:18:03Z,2026-07-06T18:18:03Z,2026-07-06T18:18:03Z,2.2,https://data.lime.bike/api/partners/v2/gbfs/vancouver_bc/gbfs.json,https://data.lime.bike/api/partners/v2/gbfs/vancouver_bc/free_bike_status,2026-07-06T18:18:00Z,2026-07-06T18:18:00Z
lime_vancouver,lime_vancouver_54c73685-4a0c-4bc8-be18-47dc2e211521,54c73685-4a0c-4bc8-be18-47dc2e211521,49.283093,-123.115619,2,FALSE,FALSE,13084,NA,1783361883,2026-07-06T18:18:03Z,2026-07-06T18:18:03Z,2026-07-06T18:18:03Z,2.2,https://data.lime.bike/api/partners/v2/gbfs/vancouver_bc/gbfs.json,https://data.lime.bike/api/partners/v2/gbfs/vancouver_bc/free_bike_status,2026-07-06T18:18:00Z,2026-07-06T18:18:00Z
lime_vancouver,lime_vancouver_5e0fa8b0-0659-4cbd-a5ed-2866afd8a82e,5e0fa8b0-0659-4cbd-a5ed-2866afd8a82e,49.283169,-123.106868,2,FALSE,FALSE,7049,NA,1783361883,2026-07-06T18:18:03Z,2026-07-06T18:18:03Z,2026-07-06T18:18:03Z,2.2,https://data.lime.bike/api/partners/v2/gbfs/vancouver_bc/gbfs.json,https://data.lime.bike/api/partners/v2/gbfs/vancouver_bc/free_bike_status,2026-07-06T18:18:00Z,2026-07-06T18:18:00Z
lime_vancouver,lime_vancouver_c2175d20-7fd0-4d0b-ab30-3d620a909480,c2175d20-7fd0-4d0b-ab30-3d620a909480,49.281706,-123.120316,2,FALSE,FALSE,22177,NA,1783361883,2026-07-06T18:18:03Z,2026-07-06T18:18:03Z,2026-07-06T18:18:03Z,2.2,https://data.lime.bike/api/partners/v2/gbfs/vancouver_bc/gbfs.json,https://data.lime.bike/api/partners/v2/gbfs/vancouver_bc/free_bike_status,2026-07-06T18:18:00Z,2026-07-06T18:18:00Z
lime_vancouver,lime_vancouver_bf772169-f854-4407-a818-f07f02991fc2,bf772169-f854-4407-a818-f07f02991fc2,49.283844,-123.119604,2,FALSE,FALSE,31125,NA,1783361883,2026-07-06T18:18:03Z,2026-07-06T18:18:03Z,2026-07-06T18:18:03Z,2.2,https://data.lime.bike/api/partners/v2/gbfs/vancouver_bc/gbfs.json,https://data.lime.bike/api/partners/v2/gbfs/vancouver_bc/free_bike_status,2026-07-06T18:18:00Z,2026-07-06T18:18:00Z
lime_vancouver,lime_vancouver_770325c0-ffb4-4354-a730-1c20a541ed46,770325c0-ffb4-4354-a730-1c20a541ed46,49.26496,-123.164912,2,FALSE,FALSE,7049,NA,1783361883,2026-07-06T18:18:03Z,2026-07-06T18:18:03Z,2026-07-06T18:18:03Z,2.2,https://data.lime.bike/api/partners/v2/gbfs/vancouver_bc/gbfs.json,https://data.lime.bike/api/partners/v2/gbfs/vancouver_bc/free_bike_status,2026-07-06T18:18:00Z,2026-07-06T18:18:00Z
lime_vancouver,lime_vancouver_65f0dbe8-2c6b-4ab1-8d79-06c2e50e72d8,65f0dbe8-2c6b-4ab1-8d79-06c2e50e72d8,49.28361,-123.11066,2,FALSE,FALSE,37272,NA,1783361883,2026-07-06T18:18:03Z,2026-07-06T18:18:03Z,2026-07-06T18:18:03Z,2.2,https://data.lime.bike/api/partners/v2/gbfs/vancouver_bc/gbfs.json,https://data.lime.bike/api/partners/v2/gbfs/vancouver_bc/free_bike_status,2026-07-06T18:18:00Z,2026-07-06T18:18:00Z
lime_vancouver,lime_vancouver_53f7f88c-5fc3-4c82-b068-c8ac4d882ff2,53f7f88c-5fc3-4c82-b068-c8ac4d882ff2,49.288335,-123.116008,2,FALSE,FALSE,36226,NA,1783361883,2026-07-06T18:18:03Z,2026-07-06T18:18:03Z,2026-07-06T18:18:03Z,2.2,https://data.lime.bike/api/partners/v2/gbfs/vancouver_bc/gbfs.json,https://data.lime.bike/api/partners/v2/gbfs/vancouver_bc/free_bike_status,2026-07-06T18:18:00Z,2026-07-06T18:18:00Z
lime_vancouver,lime_vancouver_155b0146-3f34-4b83-89ba-2001d6a04e9a,155b0146-3f34-4b83-89ba-2001d6a04e9a,49.254633,-123.049651,2,FALSE,FALSE,4361,NA,1783361883,2026-07-06T18:18:03Z,2026-07-06T18:18:03Z,2026-07-06T18:18:03Z,2.2,https://data.lime.bike/api/partners/v2/gbfs/vancouver_bc/gbfs.json,https://data.lime.bike/api/partners/v2/gbfs/vancouver_bc/free_bike_status,2026-07-06T18:18:00Z,2026-07-06T18:18:00Z
lime_vancouver,lime_vancouver_43dd2bca-7722-4c90-8c2e-f6dd797a3b49,43dd2bca-7722-4c90-8c2e-f6dd797a3b49,49.265857,-123.0415,2,FALSE,FALSE,6132,NA,1783361883,2026-07-06T18:18:03Z,2026-07-06T18:18:03Z,2026-07-06T18:18:03Z,2.2,https://data.lime.bike/api/partners/v2/gbfs/vancouver_bc/gbfs.json,https://data.lime.bike/api/partners/v2/gbfs/vancouver_bc/free_bike_status,2026-07-06T18:18:00Z,2026-07-06T18:18:00Z
lime_vancouver,lime_vancouver_4361540a-27f6-4820-9f16-713f56dd21e9,4361540a-27f6-4820-9f16-713f56dd21e9,49.276643,-123.062041,2,FALSE,FALSE,38302,NA,1783361883,2026-07-06T18:18:03Z,2026-07-06T18:18:03Z,2026-07-06T18:18:03Z,2.2,https://data.lime.bike/api/partners/v2/gbfs/vancouver_bc/gbfs.json,https://data.lime.bike/api/partners/v2/gbfs/vancouver_bc/free_bike_status,2026-07-06T18:18:00Z,2026-07-06T18:18:00Z
lime_vancouver,lime_vancouver_f7f9f2d7-5c35-4602-bc27-8ffceb5a6ba7,f7f9f2d7-5c35-4602-bc27-8ffceb5a6ba7,49.283259,-123.102371,2,FALSE,FALSE,29097,NA,1783361883,2026-07-06T18:18:03Z,2026-07-06T18:18:03Z,2026-07-06T18:18:03Z,2.2,https://data.lime.bike/api/partners/v2/gbfs/vancouver_bc/gbfs.json,https://data.lime.bike/api/partners/v2/gbfs/vancouver_bc/free_bike_status,2026-07-06T18:18:00Z,2026-07-06T18:18:00Z
lime_vancouver,lime_vancouver_68810812-81a2-45ac-895b-b74ba0808cf7,68810812-81a2-45ac-895b-b74ba0808cf7,49.283784,-123.110499,2,FALSE,FALSE,14500,NA,1783361883,2026-07-06T18:18:03Z,2026-07-06T18:18:03Z,2026-07-06T18:18:03Z,2.2,https://data.lime.bike/api/partners/v2/gbfs/vancouver_bc/gbfs.json,https://data.lime.bike/api/partners/v2/gbfs/vancouver_bc/free_bike_status,2026-07-06T18:18:00Z,2026-07-06T18:18:00Z
lime_vancouver,lime_vancouver_b885e731-0d57-470a-872a-580e0d327b84,b885e731-0d57-470a-872a-580e0d327b84,49.261485,-123.079718,2,FALSE,FALSE,7950,NA,1783361883,2026-07-06T18:18:03Z,2026-07-06T18:18:03Z,2026-07-06T18:18:03Z,2.2,https://data.lime.bike/api/partners/v2/gbfs/vancouver_bc/gbfs.json,https://data.lime.bike/api/partners/v2/gbfs/vancouver_bc/free_bike_status,2026-07-06T18:18:00Z,2026-07-06T18:18:00Z
lime_vancouver,lime_vancouver_bf20e5a8-70a2-4b35-b96a-7d13a9ac5703,bf20e5a8-70a2-4b35-b96a-7d13a9ac5703,49.252378,-123.034159,2,FALSE,FALSE,15450,NA,1783361883,2026-07-06T18:18:03Z,2026-07-06T18:18:03Z,2026-07-06T18:18:03Z,2.2,https://data.lime.bike/api/partners/v2/gbfs/vancouver_bc/gbfs.json,https://data.lime.bike/api/partners/v2/gbfs/vancouver_bc/free_bike_status,2026-07-06T18:18:00Z,2026-07-06T18:18:00Z
lime_vancouver,lime_vancouver_759b409d-137b-4deb-b51b-0dd5811055f4,759b409d-137b-4deb-b51b-0dd5811055f4,49.264644,-123.148385,2,FALSE,FALSE,17365,NA,1783361883,2026-07-06T18:18:03Z,2026-07-06T18:18:03Z,2026-07-06T18:18:03Z,2.2,https://data.lime.bike/api/partners/v2/gbfs/vancouver_bc/gbfs.json,https://data.lime.bike/api/partners/v2/gbfs/vancouver_bc/free_bike_status,2026-07-06T18:18:00Z,2026-07-06T18:18:00Z
lime_vancouver,lime_vancouver_9d44464e-a21e-4696-a49f-63dfc7dde01b,9d44464e-a21e-4696-a49f-63dfc7dde01b,49.283733,-123.119485,2,FALSE,FALSE,15916,NA,1783361883,2026-07-06T18:18:03Z,2026-07-06T18:18:03Z,2026-07-06T18:18:03Z,2.2,https://data.lime.bike/api/partners/v2/gbfs/vancouver_bc/gbfs.json,https://data.lime.bike/api/partners/v2/gbfs/vancouver_bc/free_bike_status,2026-07-06T18:18:00Z,2026-07-06T18:18:00Z
lime_vancouver,lime_vancouver_e188d0b7-2009-4799-ba16-958e2a837a01,e188d0b7-2009-4799-ba16-958e2a837a01,49.280316,-123.132048,2,FALSE,FALSE,44514,NA,1783361883,2026-07-06T18:18:03Z,2026-07-06T18:18:03Z,2026-07-06T18:18:03Z,2.2,https://data.lime.bike/api/partners/v2/gbfs/vancouver_bc/gbfs.json,https://data.lime.bike/api/partners/v2/gbfs/vancouver_bc/free_bike_status,2026-07-06T18:18:00Z,2026-07-06T18:18:00Z
lime_vancouver,lime_vancouver_14435c29-beca-422b-8553-a4eddba0876e,14435c29-beca-422b-8553-a4eddba0876e,49.261494,-123.079726,2,FALSE,FALSE,35711,NA,1783361883,2026-07-06T18:18:03Z,2026-07-06T18:18:03Z,2026-07-06T18:18:03Z,2.2,https://data.lime.bike/api/partners/v2/gbfs/vancouver_bc/gbfs.json,https://data.lime.bike/api/partners/v2/gbfs/vancouver_bc/free_bike_status,2026-07-06T18:18:00Z,2026-07-06T18:18:00Z
lime_vancouver,lime_vancouver_7445fb24-aac9-46f2-bca0-8bb0f4c0124b,7445fb24-aac9-46f2-bca0-8bb0f4c0124b,49.266222,-123.101569,2,FALSE,FALSE,15916,NA,1783361883,2026-07-06T18:18:03Z,2026-07-06T18:18:03Z,2026-07-06T18:18:03Z,2.2,https://data.lime.bike/api/partners/v2/gbfs/vancouver_bc/gbfs.json,https://data.lime.bike/api/partners/v2/gbfs/vancouver_bc/free_bike_status,2026-07-06T18:18:00Z,2026-07-06T18:18:00Z
lime_vancouver,lime_vancouver_d369925b-c592-4371-8605-f8203e0b057a,d369925b-c592-4371-8605-f8203e0b057a,49.251612,-123.072169,2,FALSE,FALSE,18314,NA,1783361883,2026-07-06T18:18:03Z,2026-07-06T18:18:03Z,2026-07-06T18:18:03Z,2.2,https://data.lime.bike/api/partners/v2/gbfs/vancouver_bc/gbfs.json,https://data.lime.bike/api/partners/v2/gbfs/vancouver_bc/free_bike_status,2026-07-06T18:18:00Z,2026-07-06T18:18:00Z
lime_vancouver,lime_vancouver_c55929f1-085e-4395-8cce-f1170bb97718,c55929f1-085e-4395-8cce-f1170bb97718,49.264964,-123.164983,2,FALSE,FALSE,18797,NA,1783361883,2026-07-06T18:18:03Z,2026-07-06T18:18:03Z,2026-07-06T18:18:03Z,2.2,https://data.lime.bike/api/partners/v2/gbfs/vancouver_bc/gbfs.json,https://data.lime.bike/api/partners/v2/gbfs/vancouver_bc/free_bike_status,2026-07-06T18:18:00Z,2026-07-06T18:18:00Z
lime_vancouver,lime_vancouver_602d76d9-643b-4ef1-8908-4de031ef2dcf,602d76d9-643b-4ef1-8908-4de031ef2dcf,49.28316,-123.115682,2,FALSE,FALSE,20246,NA,1783361883,2026-07-06T18:18:03Z,2026-07-06T18:18:03Z,2026-07-06T18:18:03Z,2.2,https://data.lime.bike/api/partners/v2/gbfs/vancouver_bc/gbfs.json,https://data.lime.bike/api/partners/v2/gbfs/vancouver_bc/free_bike_status,2026-07-06T18:18:00Z,2026-07-06T18:18:00Z
lime_vancouver,lime_vancouver_4f1da8f2-1d7f-48c4-951c-187728497514,4f1da8f2-1d7f-48c4-951c-187728497514,49.26597,-123.062193,2,FALSE,FALSE,8417,NA,1783361883,2026-07-06T18:18:03Z,2026-07-06T18:18:03Z,2026-07-06T18:18:03Z,2.2,https://data.lime.bike/api/partners/v2/gbfs/vancouver_bc/gbfs.json,https://data.lime.bike/api/partners/v2/gbfs/vancouver_bc/free_bike_status,2026-07-06T18:18:00Z,2026-07-06T18:18:00Z
lime_vancouver,lime_vancouver_70c3a001-67fa-42ed-8f81-95484d45bced,70c3a001-67fa-42ed-8f81-95484d45bced,49.267263,-123.091036,2,FALSE,FALSE,33651,NA,1783361883,2026-07-06T18:18:03Z,2026-07-06T18:18:03Z,2026-07-06T18:18:03Z,2.2,https://data.lime.bike/api/partners/v2/gbfs/vancouver_bc/gbfs.json,https://data.lime.bike/api/partners/v2/gbfs/vancouver_bc/free_bike_status,2026-07-06T18:18:00Z,2026-07-06T18:18:00Z
lime_vancouver,lime_vancouver_52d05555-7e96-4e80-a984-37decc4a3547,52d05555-7e96-4e80-a984-37decc4a3547,49.238814,-123.026901,2,FALSE,FALSE,17365,NA,1783361883,2026-07-06T18:18:03Z,2026-07-06T18:18:03Z,2026-07-06T18:18:03Z,2.2,https://data.lime.bike/api/partners/v2/gbfs/vancouver_bc/gbfs.json,https://data.lime.bike/api/partners/v2/gbfs/vancouver_bc/free_bike_status,2026-07-06T18:18:00Z,2026-07-06T18:18:00Z
lime_vancouver,lime_vancouver_850e8710-07b8-40c4-affa-ae320405efd9,850e8710-07b8-40c4-affa-ae320405efd9,49.290575,-123.044174,2,FALSE,FALSE,42454,NA,1783361883,2026-07-06T18:18:03Z,2026-07-06T18:18:03Z,2026-07-06T18:18:03Z,2.2,https://data.lime.bike/api/partners/v2/gbfs/vancouver_bc/gbfs.json,https://data.lime.bike/api/partners/v2/gbfs/vancouver_bc/free_bike_status,2026-07-06T18:18:00Z,2026-07-06T18:18:00Z
lime_vancouver,lime_vancouver_234228c6-349e-4978-a307-cb78053bed2c,234228c6-349e-4978-a307-cb78053bed2c,49.238771,-123.026902,2,FALSE,FALSE,43484,NA,1783361883,2026-07-06T18:18:03Z,2026-07-06T18:18:03Z,2026-07-06T18:18:03Z,2.2,https://data.lime.bike/api/partners/v2/gbfs/vancouver_bc/gbfs.json,https://data.lime.bike/api/partners/v2/gbfs/vancouver_bc/free_bike_status,2026-07-06T18:18:00Z,2026-07-06T18:18:00Z
lime_vancouver,lime_vancouver_755b9495-6e5d-4b43-bfe6-85e4ee6866d1,755b9495-6e5d-4b43-bfe6-85e4ee6866d1,49.283764,-123.110479,2,FALSE,FALSE,34166,NA,1783361883,2026-07-06T18:18:03Z,2026-07-06T18:18:03Z,2026-07-06T18:18:03Z,2.2,https://data.lime.bike/api/partners/v2/gbfs/vancouver_bc/gbfs.json,https://data.lime.bike/api/partners/v2/gbfs/vancouver_bc/free_bike_status,2026-07-06T18:18:00Z,2026-07-06T18:18:00Z
lime_vancouver,lime_vancouver_3283a6d5-8e00-414b-ae2e-cb8f33be5a5a,3283a6d5-8e00-414b-ae2e-cb8f33be5a5a,49.244794,-123.045961,2,FALSE,FALSE,19763,NA,1783361883,2026-07-06T18:18:03Z,2026-07-06T18:18:03Z,2026-07-06T18:18:03Z,2.2,https://data.lime.bike/api/partners/v2/gbfs/vancouver_bc/gbfs.json,https://data.lime.bike/api/partners/v2/gbfs/vancouver_bc/free_bike_status,2026-07-06T18:18:00Z,2026-07-06T18:18:00Z
lime_vancouver,lime_vancouver_196c1e18-1301-47e4-9a80-ea7548ece57a,196c1e18-1301-47e4-9a80-ea7548ece57a,49.24877,-123.039332,2,FALSE,FALSE,11668,NA,1783361883,2026-07-06T18:18:03Z,2026-07-06T18:18:03Z,2026-07-06T18:18:03Z,2.2,https://data.lime.bike/api/partners/v2/gbfs/vancouver_bc/gbfs.json,https://data.lime.bike/api/partners/v2/gbfs/vancouver_bc/free_bike_status,2026-07-06T18:18:00Z,2026-07-06T18:18:00Z
lime_vancouver,lime_vancouver_5d94d414-b0f3-4f75-807a-f9e1d2c00f73,5d94d414-b0f3-4f75-807a-f9e1d2c00f73,49.283141,-123.046676,2,FALSE,FALSE,36741,NA,1783361883,2026-07-06T18:18:03Z,2026-07-06T18:18:03Z,2026-07-06T18:18:03Z,2.2,https://data.lime.bike/api/partners/v2/gbfs/vancouver_bc/gbfs.json,https://data.lime.bike/api/partners/v2/gbfs/vancouver_bc/free_bike_status,2026-07-06T18:18:00Z,2026-07-06T18:18:00Z
lime_vancouver,lime_vancouver_39c0ecd9-1964-4416-aa07-da48ae4d710f,39c0ecd9-1964-4416-aa07-da48ae4d710f,49.283581,-123.112672,2,FALSE,FALSE,39348,NA,1783361883,2026-07-06T18:18:03Z,2026-07-06T18:18:03Z,2026-07-06T18:18:03Z,2.2,https://data.lime.bike/api/partners/v2/gbfs/vancouver_bc/gbfs.json,https://data.lime.bike/api/partners/v2/gbfs/vancouver_bc/free_bike_status,2026-07-06T18:18:00Z,2026-07-06T18:18:00Z
lime_vancouver,lime_vancouver_8f59deb4-19ba-4529-a3c2-6f6347e66112,8f59deb4-19ba-4529-a3c2-6f6347e66112,49.283618,-123.112746,2,FALSE,FALSE,3058,NA,1783361883,2026-07-06T18:18:03Z,2026-07-06T18:18:03Z,2026-07-06T18:18:03Z,2.2,https://data.lime.bike/api/partners/v2/gbfs/vancouver_bc/gbfs.json,https://data.lime.bike/api/partners/v2/gbfs/vancouver_bc/free_bike_status,2026-07-06T18:18:00Z,2026-07-06T18:18:00Z
lime_vancouver,lime_vancouver_e839259a-4b64-412d-bee6-470e22f6b5c3,e839259a-4b64-412d-bee6-470e22f6b5c3,49.280805,-123.108926,2,FALSE,FALSE,6582,NA,1783361883,2026-07-06T18:18:03Z,2026-07-06T18:18:03Z,2026-07-06T18:18:03Z,2.2,https://data.lime.bike/api/partners/v2/gbfs/vancouver_bc/gbfs.json,https://data.lime.bike/api/partners/v2/gbfs/vancouver_bc/free_bike_status,2026-07-06T18:18:00Z,2026-07-06T18:18:00Z
lime_vancouver,lime_vancouver_644e38eb-8704-418e-9709-f190cb6ff6e9,644e38eb-8704-418e-9709-f190cb6ff6e9,49.28589,-123.120689,2,FALSE,FALSE,14017,NA,1783361883,2026-07-06T18:18:03Z,2026-07-06T18:18:03Z,2026-07-06T18:18:03Z,2.2,https://data.lime.bike/api/partners/v2/gbfs/vancouver_bc/gbfs.json,https://data.lime.bike/api/partners/v2/gbfs/vancouver_bc/free_bike_status,2026-07-06T18:18:00Z,2026-07-06T18:18:00Z
lime_vancouver,lime_vancouver_83992976-460e-49e4-a3e9-e5edd3c50b31,83992976-460e-49e4-a3e9-e5edd3c50b31,49.28195,-123.120529,2,FALSE,FALSE,24623,NA,1783361883,2026-07-06T18:18:03Z,2026-07-06T18:18:03Z,2026-07-06T18:18:03Z,2.2,https://data.lime.bike/api/partners/v2/gbfs/vancouver_bc/gbfs.json,https://data.lime.bike/api/partners/v2/gbfs/vancouver_bc/free_bike_status,2026-07-06T18:18:00Z,2026-07-06T18:18:00Z
lime_vancouver,lime_vancouver_d6a0fa89-b140-4714-81e5-c0098a836fbc,d6a0fa89-b140-4714-81e5-c0098a836fbc,49.264938,-123.164864,2,FALSE,FALSE,45013,NA,1783361883,2026-07-06T18:18:03Z,2026-07-06T18:18:03Z,2026-07-06T18:18:03Z,2.2,https://data.lime.bike/api/partners/v2/gbfs/vancouver_bc/gbfs.json,https://data.lime.bike/api/partners/v2/gbfs/vancouver_bc/free_bike_status,2026-07-06T18:18:00Z,2026-07-06T18:18:00Z
lime_vancouver,lime_vancouver_ddb5e9e0-4b89-4bc2-a930-10666589999d,ddb5e9e0-4b89-4bc2-a930-10666589999d,49.279489,-123.106337,2,FALSE,FALSE,18797,NA,1783361883,2026-07-06T18:18:03Z,2026-07-06T18:18:03Z,2026-07-06T18:18:03Z,2.2,https://data.lime.bike/api/partners/v2/gbfs/vancouver_bc/gbfs.json,https://data.lime.bike/api/partners/v2/gbfs/vancouver_bc/free_bike_status,2026-07-06T18:18:00Z,2026-07-06T18:18:00Z
lime_vancouver,lime_vancouver_9308978b-ce73-467c-a527-2ca183a9e2eb,9308978b-ce73-467c-a527-2ca183a9e2eb,49.265004,-123.117186,2,FALSE,FALSE,9801,NA,1783361883,2026-07-06T18:18:03Z,2026-07-06T18:18:03Z,2026-07-06T18:18:03Z,2.2,https://data.lime.bike/api/partners/v2/gbfs/vancouver_bc/gbfs.json,https://data.lime.bike/api/partners/v2/gbfs/vancouver_bc/free_bike_status,2026-07-06T18:18:00Z,2026-07-06T18:18:00Z
lime_vancouver,lime_vancouver_1ed25b81-cd91-4f33-b05f-61f2c3d70ca6,1ed25b81-cd91-4f33-b05f-61f2c3d70ca6,49.265016,-123.056795,2,FALSE,FALSE,2639,NA,1783361883,2026-07-06T18:18:03Z,2026-07-06T18:18:03Z,2026-07-06T18:18:03Z,2.2,https://data.lime.bike/api/partners/v2/gbfs/vancouver_bc/gbfs.json,https://data.lime.bike/api/partners/v2/gbfs/vancouver_bc/free_bike_status,2026-07-06T18:18:00Z,2026-07-06T18:18:00Z
lime_vancouver,lime_vancouver_0dc66bcf-ad88-42ae-9d4e-8f8af10fa5d4,0dc66bcf-ad88-42ae-9d4e-8f8af10fa5d4,49.281792,-123.120361,2,FALSE,FALSE,14967,NA,1783361883,2026-07-06T18:18:03Z,2026-07-06T18:18:03Z,2026-07-06T18:18:03Z,2.2,https://data.lime.bike/api/partners/v2/gbfs/vancouver_bc/gbfs.json,https://data.lime.bike/api/partners/v2/gbfs/vancouver_bc/free_bike_status,2026-07-06T18:18:00Z,2026-07-06T18:18:00Z
lime_vancouver,lime_vancouver_77f5f502-1709-47bf-8e9b-ad3f8b6533ac,77f5f502-1709-47bf-8e9b-ad3f8b6533ac,49.285059,-123.095247,2,FALSE,FALSE,33651,NA,1783361883,2026-07-06T18:18:03Z,2026-07-06T18:18:03Z,2026-07-06T18:18:03Z,2.2,https://data.lime.bike/api/partners/v2/gbfs/vancouver_bc/gbfs.json,https://data.lime.bike/api/partners/v2/gbfs/vancouver_bc/free_bike_status,2026-07-06T18:18:00Z,2026-07-06T18:18:00Z
lime_vancouver,lime_vancouver_0fa40b75-9436-4bcd-b2bc-b0098c069b00,0fa40b75-9436-4bcd-b2bc-b0098c069b00,49.262492,-123.119823,2,FALSE,FALSE,38833,NA,1783361883,2026-07-06T18:18:03Z,2026-07-06T18:18:03Z,2026-07-06T18:18:03Z,2.2,https://data.lime.bike/api/partners/v2/gbfs/vancouver_bc/gbfs.json,https://data.lime.bike/api/partners/v2/gbfs/vancouver_bc/free_bike_status,2026-07-06T18:18:00Z,2026-07-06T18:18:00Z
lime_vancouver,lime_vancouver_597f519d-9f84-4edd-a923-c41365a65cdf,597f519d-9f84-4edd-a923-c41365a65cdf,49.261581,-123.087417,2,FALSE,FALSE,47073,NA,1783361883,2026-07-06T18:18:03Z,2026-07-06T18:18:03Z,2026-07-06T18:18:03Z,2.2,https://data.lime.bike/api/partners/v2/gbfs/vancouver_bc/gbfs.json,https://data.lime.bike/api/partners/v2/gbfs/vancouver_bc/free_bike_status,2026-07-06T18:18:00Z,2026-07-06T18:18:00Z
lime_vancouver,lime_vancouver_31c5110a-3bb1-44d2-b6c6-3def4dfe8cf5,31c5110a-3bb1-44d2-b6c6-3def4dfe8cf5,49.281745,-123.120353,2,FALSE,FALSE,41940,NA,1783361883,2026-07-06T18:18:03Z,2026-07-06T18:18:03Z,2026-07-06T18:18:03Z,2.2,https://data.lime.bike/api/partners/v2/gbfs/vancouver_bc/gbfs.json,https://data.lime.bike/api/partners/v2/gbfs/vancouver_bc/free_bike_status,2026-07-06T18:18:00Z,2026-07-06T18:18:00Z
lime_vancouver,lime_vancouver_4e6f3718-0091-4a02-8d61-4fd74f86df74,4e6f3718-0091-4a02-8d61-4fd74f86df74,49.252366,-123.034175,2,FALSE,FALSE,4796,NA,1783361883,2026-07-06T18:18:03Z,2026-07-06T18:18:03Z,2026-07-06T18:18:03Z,2.2,https://data.lime.bike/api/partners/v2/gbfs/vancouver_bc/gbfs.json,https://data.lime.bike/api/partners/v2/gbfs/vancouver_bc/free_bike_status,2026-07-06T18:18:00Z,2026-07-06T18:18:00Z
lime_vancouver,lime_vancouver_e8230205-0cac-41f1-be9e-032e3e712592,e8230205-0cac-41f1-be9e-032e3e712592,49.263801,-123.096941,2,FALSE,FALSE,40395,NA,1783361883,2026-07-06T18:18:03Z,2026-07-06T18:18:03Z,2026-07-06T18:18:03Z,2.2,https://data.lime.bike/api/partners/v2/gbfs/vancouver_bc/gbfs.json,https://data.lime.bike/api/partners/v2/gbfs/vancouver_bc/free_bike_status,2026-07-06T18:18:00Z,2026-07-06T18:18:00Z
lime_vancouver,lime_vancouver_279d43af-b48a-4957-a36f-1e0f50da0e42,279d43af-b48a-4957-a36f-1e0f50da0e42,49.231087,-123.032589,2,FALSE,FALSE,7049,NA,1783361883,2026-07-06T18:18:03Z,2026-07-06T18:18:03Z,2026-07-06T18:18:03Z,2.2,https://data.lime.bike/api/partners/v2/gbfs/vancouver_bc/gbfs.json,https://data.lime.bike/api/partners/v2/gbfs/vancouver_bc/free_bike_status,2026-07-06T18:18:00Z,2026-07-06T18:18:00Z
lime_vancouver,lime_vancouver_20fb948d-7fef-453a-b5a3-324a508a392a,20fb948d-7fef-453a-b5a3-324a508a392a,49.280108,-123.131667,2,FALSE,FALSE,41940,NA,1783361883,2026-07-06T18:18:03Z,2026-07-06T18:18:03Z,2026-07-06T18:18:03Z,2.2,https://data.lime.bike/api/partners/v2/gbfs/vancouver_bc/gbfs.json,https://data.lime.bike/api/partners/v2/gbfs/vancouver_bc/free_bike_status,2026-07-06T18:18:00Z,2026-07-06T18:18:00Z
lime_vancouver,lime_vancouver_9d5562c6-bd7a-4417-be6d-089e6ff671a1,9d5562c6-bd7a-4417-be6d-089e6ff671a1,49.262274,-123.115629,2,FALSE,FALSE,30111,NA,1783361883,2026-07-06T18:18:03Z,2026-07-06T18:18:03Z,2026-07-06T18:18:03Z,2.2,https://data.lime.bike/api/partners/v2/gbfs/vancouver_bc/gbfs.json,https://data.lime.bike/api/partners/v2/gbfs/vancouver_bc/free_bike_status,2026-07-06T18:18:00Z,2026-07-06T18:18:00Z
lime_vancouver,lime_vancouver_fa11b7ad-3211-49ff-98cb-369921f25ae9,fa11b7ad-3211-49ff-98cb-369921f25ae9,49.267541,-123.036152,2,FALSE,FALSE,7049,NA,1783361883,2026-07-06T18:18:03Z,2026-07-06T18:18:03Z,2026-07-06T18:18:03Z,2.2,https://data.lime.bike/api/partners/v2/gbfs/vancouver_bc/gbfs.json,https://data.lime.bike/api/partners/v2/gbfs/vancouver_bc/free_bike_status,2026-07-06T18:18:00Z,2026-07-06T18:18:00Z
lime_vancouver,lime_vancouver_cff53878-9259-4831-a4c4-708abcf865ed,cff53878-9259-4831-a4c4-708abcf865ed,49.271398,-123.067422,2,FALSE,FALSE,10734,NA,1783361883,2026-07-06T18:18:03Z,2026-07-06T18:18:03Z,2026-07-06T18:18:03Z,2.2,https://data.lime.bike/api/partners/v2/gbfs/vancouver_bc/gbfs.json,https://data.lime.bike/api/partners/v2/gbfs/vancouver_bc/free_bike_status,2026-07-06T18:18:00Z,2026-07-06T18:18:00Z
lime_vancouver,lime_vancouver_00421bd4-cac6-4f5f-801d-9294155d6e60,00421bd4-cac6-4f5f-801d-9294155d6e60,49.274005,-123.073182,2,FALSE,FALSE,18314,NA,1783361883,2026-07-06T18:18:03Z,2026-07-06T18:18:03Z,2026-07-06T18:18:03Z,2.2,https://data.lime.bike/api/partners/v2/gbfs/vancouver_bc/gbfs.json,https://data.lime.bike/api/partners/v2/gbfs/vancouver_bc/free_bike_status,2026-07-06T18:18:00Z,2026-07-06T18:18:00Z
lime_vancouver,lime_vancouver_22e09caa-491b-4852-b185-b3e36f9eb9f3,22e09caa-491b-4852-b185-b3e36f9eb9f3,49.232588,-123.051745,2,FALSE,FALSE,32139,NA,1783361883,2026-07-06T18:18:03Z,2026-07-06T18:18:03Z,2026-07-06T18:18:03Z,2.2,https://data.lime.bike/api/partners/v2/gbfs/vancouver_bc/gbfs.json,https://data.lime.bike/api/partners/v2/gbfs/vancouver_bc/free_bike_status,2026-07-06T18:18:00Z,2026-07-06T18:18:00Z
lime_vancouver,lime_vancouver_b9a92bdb-0347-49b8-8ffe-6ea9e134cab4,b9a92bdb-0347-49b8-8ffe-6ea9e134cab4,49.266181,-123.098812,2,FALSE,FALSE,42969,NA,1783361883,2026-07-06T18:18:03Z,2026-07-06T18:18:03Z,2026-07-06T18:18:03Z,2.2,https://data.lime.bike/api/partners/v2/gbfs/vancouver_bc/gbfs.json,https://data.lime.bike/api/partners/v2/gbfs/vancouver_bc/free_bike_status,2026-07-06T18:18:00Z,2026-07-06T18:18:00Z
lime_vancouver,lime_vancouver_c5709363-04ff-45fe-be21-65ddc9fb400d,c5709363-04ff-45fe-be21-65ddc9fb400d,49.268578,-123.104715,2,FALSE,FALSE,40395,NA,1783361883,2026-07-06T18:18:03Z,2026-07-06T18:18:03Z,2026-07-06T18:18:03Z,2.2,https://data.lime.bike/api/partners/v2/gbfs/vancouver_bc/gbfs.json,https://data.lime.bike/api/partners/v2/gbfs/vancouver_bc/free_bike_status,2026-07-06T18:18:00Z,2026-07-06T18:18:00Z
lime_vancouver,lime_vancouver_124643ba-8426-45ca-92a8-35103df3f234,124643ba-8426-45ca-92a8-35103df3f234,49.269764,-123.135567,2,FALSE,FALSE,46043,NA,1783361883,2026-07-06T18:18:03Z,2026-07-06T18:18:03Z,2026-07-06T18:18:03Z,2.2,https://data.lime.bike/api/partners/v2/gbfs/vancouver_bc/gbfs.json,https://data.lime.bike/api/partners/v2/gbfs/vancouver_bc/free_bike_status,2026-07-06T18:18:00Z,2026-07-06T18:18:00Z
lime_vancouver,lime_vancouver_3c0a281e-17f5-4977-922a-21e483f4b88e,3c0a281e-17f5-4977-922a-21e483f4b88e,49.262265,-123.115478,2,FALSE,FALSE,4796,NA,1783361883,2026-07-06T18:18:03Z,2026-07-06T18:18:03Z,2026-07-06T18:18:03Z,2.2,https://data.lime.bike/api/partners/v2/gbfs/vancouver_bc/gbfs.json,https://data.lime.bike/api/partners/v2/gbfs/vancouver_bc/free_bike_status,2026-07-06T18:18:00Z,2026-07-06T18:18:00Z
lime_vancouver,lime_vancouver_db09afa2-6cf3-454b-a269-3bcdd3d5584c,db09afa2-6cf3-454b-a269-3bcdd3d5584c,49.247662,-123.073451,2,FALSE,FALSE,8417,NA,1783361883,2026-07-06T18:18:03Z,2026-07-06T18:18:03Z,2026-07-06T18:18:03Z,2.2,https://data.lime.bike/api/partners/v2/gbfs/vancouver_bc/gbfs.json,https://data.lime.bike/api/partners/v2/gbfs/vancouver_bc/free_bike_status,2026-07-06T18:18:00Z,2026-07-06T18:18:00Z
lime_vancouver,lime_vancouver_79672b58-3b23-471b-acac-c442e1027192,79672b58-3b23-471b-acac-c442e1027192,49.280843,-123.025552,2,FALSE,FALSE,46558,NA,1783361883,2026-07-06T18:18:03Z,2026-07-06T18:18:03Z,2026-07-06T18:18:03Z,2.2,https://data.lime.bike/api/partners/v2/gbfs/vancouver_bc/gbfs.json,https://data.lime.bike/api/partners/v2/gbfs/vancouver_bc/free_bike_status,2026-07-06T18:18:00Z,2026-07-06T18:18:00Z
lime_vancouver,lime_vancouver_7cbf0db5-d238-4b70-9824-e60e53eab9e6,7cbf0db5-d238-4b70-9824-e60e53eab9e6,49.228481,-123.058805,2,FALSE,FALSE,26602,NA,1783361883,2026-07-06T18:18:03Z,2026-07-06T18:18:03Z,2026-07-06T18:18:03Z,2.2,https://data.lime.bike/api/partners/v2/gbfs/vancouver_bc/gbfs.json,https://data.lime.bike/api/partners/v2/gbfs/vancouver_bc/free_bike_status,2026-07-06T18:18:00Z,2026-07-06T18:18:00Z
lime_vancouver,lime_vancouver_1dc68c00-bc9d-4dda-9114-12e16627d1f7,1dc68c00-bc9d-4dda-9114-12e16627d1f7,49.27108,-123.154989,2,FALSE,FALSE,24623,NA,1783361883,2026-07-06T18:18:03Z,2026-07-06T18:18:03Z,2026-07-06T18:18:03Z,2.2,https://data.lime.bike/api/partners/v2/gbfs/vancouver_bc/gbfs.json,https://data.lime.bike/api/partners/v2/gbfs/vancouver_bc/free_bike_status,2026-07-06T18:18:00Z,2026-07-06T18:18:00Z
lime_vancouver,lime_vancouver_6436d352-57dc-4ec1-b51d-1bcf8678ecb8,6436d352-57dc-4ec1-b51d-1bcf8678ecb8,49.285641,-123.120022,2,FALSE,FALSE,31624,NA,1783361883,2026-07-06T18:18:03Z,2026-07-06T18:18:03Z,2026-07-06T18:18:03Z,2.2,https://data.lime.bike/api/partners/v2/gbfs/vancouver_bc/gbfs.json,https://data.lime.bike/api/partners/v2/gbfs/vancouver_bc/free_bike_status,2026-07-06T18:18:00Z,2026-07-06T18:18:00Z
lime_vancouver,lime_vancouver_7cbc0b22-ab2e-430c-8b12-99153171331b,7cbc0b22-ab2e-430c-8b12-99153171331b,49.281924,-123.120612,2,FALSE,FALSE,42454,NA,1783361883,2026-07-06T18:18:03Z,2026-07-06T18:18:03Z,2026-07-06T18:18:03Z,2.2,https://data.lime.bike/api/partners/v2/gbfs/vancouver_bc/gbfs.json,https://data.lime.bike/api/partners/v2/gbfs/vancouver_bc/free_bike_status,2026-07-06T18:18:00Z,2026-07-06T18:18:00Z
lime_vancouver,lime_vancouver_55b58bba-b99e-461e-894a-bce6ba183ab0,55b58bba-b99e-461e-894a-bce6ba183ab0,49.29322,-123.135689,2,FALSE,FALSE,25605,NA,1783361883,2026-07-06T18:18:03Z,2026-07-06T18:18:03Z,2026-07-06T18:18:03Z,2.2,https://data.lime.bike/api/partners/v2/gbfs/vancouver_bc/gbfs.json,https://data.lime.bike/api/partners/v2/gbfs/vancouver_bc/free_bike_status,2026-07-06T18:18:00Z,2026-07-06T18:18:00Z
lime_vancouver,lime_vancouver_07166bc2-1efd-4116-a310-3c3b1f337ee0,07166bc2-1efd-4116-a310-3c3b1f337ee0,49.276631,-123.06201,2,FALSE,FALSE,9334,NA,1783361883,2026-07-06T18:18:03Z,2026-07-06T18:18:03Z,2026-07-06T18:18:03Z,2.2,https://data.lime.bike/api/partners/v2/gbfs/vancouver_bc/gbfs.json,https://data.lime.bike/api/partners/v2/gbfs/vancouver_bc/free_bike_status,2026-07-06T18:18:00Z,2026-07-06T18:18:00Z
lime_vancouver,lime_vancouver_b64facea-b2c7-4318-856b-ae729edc4d4d,b64facea-b2c7-4318-856b-ae729edc4d4d,49.27503,-123.067686,2,FALSE,FALSE,43999,NA,1783361883,2026-07-06T18:18:03Z,2026-07-06T18:18:03Z,2026-07-06T18:18:03Z,2.2,https://data.lime.bike/api/partners/v2/gbfs/vancouver_bc/gbfs.json,https://data.lime.bike/api/partners/v2/gbfs/vancouver_bc/free_bike_status,2026-07-06T18:18:00Z,2026-07-06T18:18:00Z
lime_vancouver,lime_vancouver_a284e6fb-1ec9-4e44-82c0-66188e0c4a9a,a284e6fb-1ec9-4e44-82c0-66188e0c4a9a,49.281788,-123.120424,2,FALSE,FALSE,19763,NA,1783361883,2026-07-06T18:18:03Z,2026-07-06T18:18:03Z,2026-07-06T18:18:03Z,2.2,https://data.lime.bike/api/partners/v2/gbfs/vancouver_bc/gbfs.json,https://data.lime.bike/api/partners/v2/gbfs/vancouver_bc/free_bike_status,2026-07-06T18:18:00Z,2026-07-06T18:18:00Z
lime_vancouver,lime_vancouver_93023dc4-0097-46f8-a023-0e3220659658,93023dc4-0097-46f8-a023-0e3220659658,49.262727,-123.13909,2,FALSE,FALSE,45528,NA,1783361883,2026-07-06T18:18:03Z,2026-07-06T18:18:03Z,2026-07-06T18:18:03Z,2.2,https://data.lime.bike/api/partners/v2/gbfs/vancouver_bc/gbfs.json,https://data.lime.bike/api/partners/v2/gbfs/vancouver_bc/free_bike_status,2026-07-06T18:18:00Z,2026-07-06T18:18:00Z
lime_vancouver,lime_vancouver_933d554d-a96b-422b-ab46-44855d116062,933d554d-a96b-422b-ab46-44855d116062,49.283703,-123.110456,2,FALSE,FALSE,32139,NA,1783361883,2026-07-06T18:18:03Z,2026-07-06T18:18:03Z,2026-07-06T18:18:03Z,2.2,https://data.lime.bike/api/partners/v2/gbfs/vancouver_bc/gbfs.json,https://data.lime.bike/api/partners/v2/gbfs/vancouver_bc/free_bike_status,2026-07-06T18:18:00Z,2026-07-06T18:18:00Z
lime_vancouver,lime_vancouver_e0e52e72-ee92-4960-8c08-9ab651168765,e0e52e72-ee92-4960-8c08-9ab651168765,49.262498,-123.119828,2,FALSE,FALSE,9801,NA,1783361883,2026-07-06T18:18:03Z,2026-07-06T18:18:03Z,2026-07-06T18:18:03Z,2.2,https://data.lime.bike/api/partners/v2/gbfs/vancouver_bc/gbfs.json,https://data.lime.bike/api/partners/v2/gbfs/vancouver_bc/free_bike_status,2026-07-06T18:18:00Z,2026-07-06T18:18:00Z
lime_vancouver,lime_vancouver_2a9c9219-2ff6-4492-b755-dee39d33c1e5,2a9c9219-2ff6-4492-b755-dee39d33c1e5,49.274114,-123.125134,2,FALSE,FALSE,46558,NA,1783361883,2026-07-06T18:18:03Z,2026-07-06T18:18:03Z,2026-07-06T18:18:03Z,2.2,https://data.lime.bike/api/partners/v2/gbfs/vancouver_bc/gbfs.json,https://data.lime.bike/api/partners/v2/gbfs/vancouver_bc/free_bike_status,2026-07-06T18:18:00Z,2026-07-06T18:18:00Z
lime_vancouver,lime_vancouver_97350ef7-ee14-4aa5-8f12-9f69c0143ac7,97350ef7-ee14-4aa5-8f12-9f69c0143ac7,49.235854,-123.055227,2,FALSE,FALSE,7950,NA,1783361883,2026-07-06T18:18:03Z,2026-07-06T18:18:03Z,2026-07-06T18:18:03Z,2.2,https://data.lime.bike/api/partners/v2/gbfs/vancouver_bc/gbfs.json,https://data.lime.bike/api/partners/v2/gbfs/vancouver_bc/free_bike_status,2026-07-06T18:18:00Z,2026-07-06T18:18:00Z
lime_vancouver,lime_vancouver_d10a6afc-5647-401f-b60d-9d3b3c3010ba,d10a6afc-5647-401f-b60d-9d3b3c3010ba,49.229177,-123.024017,2,FALSE,FALSE,16930,NA,1783361883,2026-07-06T18:18:03Z,2026-07-06T18:18:03Z,2026-07-06T18:18:03Z,2.2,https://data.lime.bike/api/partners/v2/gbfs/vancouver_bc/gbfs.json,https://data.lime.bike/api/partners/v2/gbfs/vancouver_bc/free_bike_status,2026-07-06T18:18:00Z,2026-07-06T18:18:00Z
lime_vancouver,lime_vancouver_7b3363d7-2b93-4986-b713-430976dbf5cd,7b3363d7-2b93-4986-b713-430976dbf5cd,49.280244,-123.036547,2,FALSE,FALSE,28598,NA,1783361883,2026-07-06T18:18:03Z,2026-07-06T18:18:03Z,2026-07-06T18:18:03Z,2.2,https://data.lime.bike/api/partners/v2/gbfs/vancouver_bc/gbfs.json,https://data.lime.bike/api/partners/v2/gbfs/vancouver_bc/free_bike_status,2026-07-06T18:18:00Z,2026-07-06T18:18:00Z
lime_vancouver,lime_vancouver_1db878f1-c71b-4594-8f56-631979f6a4e0,1db878f1-c71b-4594-8f56-631979f6a4e0,49.271346,-123.067204,2,FALSE,FALSE,4361,NA,1783361883,2026-07-06T18:18:03Z,2026-07-06T18:18:03Z,2026-07-06T18:18:03Z,2.2,https://data.lime.bike/api/partners/v2/gbfs/vancouver_bc/gbfs.json,https://data.lime.bike/api/partners/v2/gbfs/vancouver_bc/free_bike_status,2026-07-06T18:18:00Z,2026-07-06T18:18:00Z
lime_vancouver,lime_vancouver_1d132b1e-68e5-4ddb-8e55-6147bdc41234,1d132b1e-68e5-4ddb-8e55-6147bdc41234,49.26527,-123.135724,2,FALSE,FALSE,6582,NA,1783361883,2026-07-06T18:18:03Z,2026-07-06T18:18:03Z,2026-07-06T18:18:03Z,2.2,https://data.lime.bike/api/partners/v2/gbfs/vancouver_bc/gbfs.json,https://data.lime.bike/api/partners/v2/gbfs/vancouver_bc/free_bike_status,2026-07-06T18:18:00Z,2026-07-06T18:18:00Z
lime_vancouver,lime_vancouver_2bbe80e5-02ce-456b-87c6-00217b264e3c,2bbe80e5-02ce-456b-87c6-00217b264e3c,49.277686,-123.073063,2,FALSE,FALSE,4361,NA,1783361883,2026-07-06T18:18:03Z,2026-07-06T18:18:03Z,2026-07-06T18:18:03Z,2.2,https://data.lime.bike/api/partners/v2/gbfs/vancouver_bc/gbfs.json,https://data.lime.bike/api/partners/v2/gbfs/vancouver_bc/free_bike_status,2026-07-06T18:18:00Z,2026-07-06T18:18:00Z
lime_vancouver,lime_vancouver_281b2afd-dbd0-4328-93d1-7380023eaa22,281b2afd-dbd0-4328-93d1-7380023eaa22,49.283224,-123.115833,2,FALSE,FALSE,5697,NA,1783361883,2026-07-06T18:18:03Z,2026-07-06T18:18:03Z,2026-07-06T18:18:03Z,2.2,https://data.lime.bike/api/partners/v2/gbfs/vancouver_bc/gbfs.json,https://data.lime.bike/api/partners/v2/gbfs/vancouver_bc/free_bike_status,2026-07-06T18:18:00Z,2026-07-06T18:18:00Z
lime_vancouver,lime_vancouver_0a9917b9-6021-4b72-a720-dced14551389,0a9917b9-6021-4b72-a720-dced14551389,49.262216,-123.111328,2,FALSE,FALSE,9801,NA,1783361883,2026-07-06T18:18:03Z,2026-07-06T18:18:03Z,2026-07-06T18:18:03Z,2.2,https://data.lime.bike/api/partners/v2/gbfs/vancouver_bc/gbfs.json,https://data.lime.bike/api/partners/v2/gbfs/vancouver_bc/free_bike_status,2026-07-06T18:18:00Z,2026-07-06T18:18:00Z
lime_vancouver,lime_vancouver_0e43e875-342a-4c57-835e-d4f69884fc9e,0e43e875-342a-4c57-835e-d4f69884fc9e,49.266248,-123.104797,2,FALSE,FALSE,17832,NA,1783361883,2026-07-06T18:18:03Z,2026-07-06T18:18:03Z,2026-07-06T18:18:03Z,2.2,https://data.lime.bike/api/partners/v2/gbfs/vancouver_bc/gbfs.json,https://data.lime.bike/api/partners/v2/gbfs/vancouver_bc/free_bike_status,2026-07-06T18:18:00Z,2026-07-06T18:18:00Z
lime_vancouver,lime_vancouver_061ca8f4-fc03-4e62-954d-2bbe0f7e6584,061ca8f4-fc03-4e62-954d-2bbe0f7e6584,49.2293,-123.030239,2,FALSE,FALSE,13084,NA,1783361883,2026-07-06T18:18:03Z,2026-07-06T18:18:03Z,2026-07-06T18:18:03Z,2.2,https://data.lime.bike/api/partners/v2/gbfs/vancouver_bc/gbfs.json,https://data.lime.bike/api/partners/v2/gbfs/vancouver_bc/free_bike_status,2026-07-06T18:18:00Z,2026-07-06T18:18:00Z
lime_vancouver,lime_vancouver_4f38842d-6f6f-4182-b784-195023bd367b,4f38842d-6f6f-4182-b784-195023bd367b,49.283447,-123.11264,2,FALSE,FALSE,3927,NA,1783361883,2026-07-06T18:18:03Z,2026-07-06T18:18:03Z,2026-07-06T18:18:03Z,2.2,https://data.lime.bike/api/partners/v2/gbfs/vancouver_bc/gbfs.json,https://data.lime.bike/api/partners/v2/gbfs/vancouver_bc/free_bike_status,2026-07-06T18:18:00Z,2026-07-06T18:18:00Z
lime_vancouver,lime_vancouver_1a90e01b-2823-4749-b32e-4c261f0c0a2e,1a90e01b-2823-4749-b32e-4c261f0c0a2e,49.280923,-123.089464,2,FALSE,FALSE,35196,NA,1783361883,2026-07-06T18:18:03Z,2026-07-06T18:18:03Z,2026-07-06T18:18:03Z,2.2,https://data.lime.bike/api/partners/v2/gbfs/vancouver_bc/gbfs.json,https://data.lime.bike/api/partners/v2/gbfs/vancouver_bc/free_bike_status,2026-07-06T18:18:00Z,2026-07-06T18:18:00Z
lime_vancouver,lime_vancouver_422aa6ef-3c5e-4ac0-b3ce-35e28c51740b,422aa6ef-3c5e-4ac0-b3ce-35e28c51740b,49.247674,-123.073452,2,FALSE,FALSE,18797,NA,1783361883,2026-07-06T18:18:03Z,2026-07-06T18:18:03Z,2026-07-06T18:18:03Z,2.2,https://data.lime.bike/api/partners/v2/gbfs/vancouver_bc/gbfs.json,https://data.lime.bike/api/partners/v2/gbfs/vancouver_bc/free_bike_status,2026-07-06T18:18:00Z,2026-07-06T18:18:00Z
lime_vancouver,lime_vancouver_f469a377-0846-4bae-8e70-bc3e93f3a8c2,f469a377-0846-4bae-8e70-bc3e93f3a8c2,49.264998,-123.117114,2,FALSE,FALSE,35196,NA,1783361883,2026-07-06T18:18:03Z,2026-07-06T18:18:03Z,2026-07-06T18:18:03Z,2.2,https://data.lime.bike/api/partners/v2/gbfs/vancouver_bc/gbfs.json,https://data.lime.bike/api/partners/v2/gbfs/vancouver_bc/free_bike_status,2026-07-06T18:18:00Z,2026-07-06T18:18:00Z
lime_vancouver,lime_vancouver_ae332851-e5b6-4d99-90a4-6e5e3ef7f71e,ae332851-e5b6-4d99-90a4-6e5e3ef7f71e,49.243472,-123.07361,2,FALSE,FALSE,21694,NA,1783361883,2026-07-06T18:18:03Z,2026-07-06T18:18:03Z,2026-07-06T18:18:03Z,2.2,https://data.lime.bike/api/partners/v2/gbfs/vancouver_bc/gbfs.json,https://data.lime.bike/api/partners/v2/gbfs/vancouver_bc/free_bike_status,2026-07-06T18:18:00Z,2026-07-06T18:18:00Z
lime_vancouver,lime_vancouver_b3fc980e-9e0c-44ee-96e9-e65f48bc9036,b3fc980e-9e0c-44ee-96e9-e65f48bc9036,49.2775,-123.056097,2,FALSE,FALSE,32139,NA,1783361883,2026-07-06T18:18:03Z,2026-07-06T18:18:03Z,2026-07-06T18:18:03Z,2.2,https://data.lime.bike/api/partners/v2/gbfs/vancouver_bc/gbfs.json,https://data.lime.bike/api/partners/v2/gbfs/vancouver_bc/free_bike_status,2026-07-06T18:18:00Z,2026-07-06T18:18:00Z
lime_vancouver,lime_vancouver_f18eb693-616f-419d-ad89-0a12c66548b2,f18eb693-616f-419d-ad89-0a12c66548b2,49.256453,-123.034113,2,FALSE,FALSE,38833,NA,1783361883,2026-07-06T18:18:03Z,2026-07-06T18:18:03Z,2026-07-06T18:18:03Z,2.2,https://data.lime.bike/api/partners/v2/gbfs/vancouver_bc/gbfs.json,https://data.lime.bike/api/partners/v2/gbfs/vancouver_bc/free_bike_status,2026-07-06T18:18:00Z,2026-07-06T18:18:00Z
lime_vancouver,lime_vancouver_c688c9cc-610d-4c33-9dd6-0fa1172d9b59,c688c9cc-610d-4c33-9dd6-0fa1172d9b59,49.283713,-123.110656,2,FALSE,FALSE,14500,NA,1783361883,2026-07-06T18:18:03Z,2026-07-06T18:18:03Z,2026-07-06T18:18:03Z,2.2,https://data.lime.bike/api/partners/v2/gbfs/vancouver_bc/gbfs.json,https://data.lime.bike/api/partners/v2/gbfs/vancouver_bc/free_bike_status,2026-07-06T18:18:00Z,2026-07-06T18:18:00Z
lime_vancouver,lime_vancouver_a8436bbe-10de-432d-a7f3-194f3416b437,a8436bbe-10de-432d-a7f3-194f3416b437,49.273166,-123.123436,2,FALSE,FALSE,45528,NA,1783361883,2026-07-06T18:18:03Z,2026-07-06T18:18:03Z,2026-07-06T18:18:03Z,2.2,https://data.lime.bike/api/partners/v2/gbfs/vancouver_bc/gbfs.json,https://data.lime.bike/api/partners/v2/gbfs/vancouver_bc/free_bike_status,2026-07-06T18:18:00Z,2026-07-06T18:18:00Z
lime_vancouver,lime_vancouver_49bfdc55-9862-4c52-bb6b-2a4841a0a56f,49bfdc55-9862-4c52-bb6b-2a4841a0a56f,49.286568,-123.122085,2,FALSE,FALSE,30610,NA,1783361883,2026-07-06T18:18:03Z,2026-07-06T18:18:03Z,2026-07-06T18:18:03Z,2.2,https://data.lime.bike/api/partners/v2/gbfs/vancouver_bc/gbfs.json,https://data.lime.bike/api/partners/v2/gbfs/vancouver_bc/free_bike_status,2026-07-06T18:18:00Z,2026-07-06T18:18:00Z
lime_vancouver,lime_vancouver_99e268bb-fd18-42c2-87f6-43baece95812,99e268bb-fd18-42c2-87f6-43baece95812,49.25428,-123.068404,2,FALSE,FALSE,7049,NA,1783361883,2026-07-06T18:18:03Z,2026-07-06T18:18:03Z,2026-07-06T18:18:03Z,2.2,https://data.lime.bike/api/partners/v2/gbfs/vancouver_bc/gbfs.json,https://data.lime.bike/api/partners/v2/gbfs/vancouver_bc/free_bike_status,2026-07-06T18:18:00Z,2026-07-06T18:18:00Z
lime_vancouver,lime_vancouver_e2c7ad66-4fc3-4c8e-b513-490deb91c7f3,e2c7ad66-4fc3-4c8e-b513-490deb91c7f3,49.272322,-123.033985,2,FALSE,FALSE,45013,NA,1783361883,2026-07-06T18:18:03Z,2026-07-06T18:18:03Z,2026-07-06T18:18:03Z,2.2,https://data.lime.bike/api/partners/v2/gbfs/vancouver_bc/gbfs.json,https://data.lime.bike/api/partners/v2/gbfs/vancouver_bc/free_bike_status,2026-07-06T18:18:00Z,2026-07-06T18:18:00Z
lime_vancouver,lime_vancouver_b1e6bd62-cfc3-45fc-b4df-27318dc7ed50,b1e6bd62-cfc3-45fc-b4df-27318dc7ed50,49.242883,-123.031188,2,FALSE,FALSE,37272,NA,1783361883,2026-07-06T18:18:03Z,2026-07-06T18:18:03Z,2026-07-06T18:18:03Z,2.2,https://data.lime.bike/api/partners/v2/gbfs/vancouver_bc/gbfs.json,https://data.lime.bike/api/partners/v2/gbfs/vancouver_bc/free_bike_status,2026-07-06T18:18:00Z,2026-07-06T18:18:00Z
lime_vancouver,lime_vancouver_b00ea4dc-8dce-479a-a95e-d9a27c5612e8,b00ea4dc-8dce-479a-a95e-d9a27c5612e8,49.229185,-123.023912,2,FALSE,FALSE,28936,NA,1783361883,2026-07-06T18:18:03Z,2026-07-06T18:18:03Z,2026-07-06T18:18:03Z,2.2,https://data.lime.bike/api/partners/v2/gbfs/vancouver_bc/gbfs.json,https://data.lime.bike/api/partners/v2/gbfs/vancouver_bc/free_bike_status,2026-07-06T18:18:00Z,2026-07-06T18:18:00Z
lime_vancouver,lime_vancouver_d9901838-f991-495f-8852-0a73363d6752,d9901838-f991-495f-8852-0a73363d6752,49.293384,-123.135742,2,FALSE,FALSE,9801,NA,1783361883,2026-07-06T18:18:03Z,2026-07-06T18:18:03Z,2026-07-06T18:18:03Z,2.2,https://data.lime.bike/api/partners/v2/gbfs/vancouver_bc/gbfs.json,https://data.lime.bike/api/partners/v2/gbfs/vancouver_bc/free_bike_status,2026-07-06T18:18:00Z,2026-07-06T18:18:00Z
lime_vancouver,lime_vancouver_6a5ced87-8e3a-4673-a365-fec34df5675c,6a5ced87-8e3a-4673-a365-fec34df5675c,49.293274,-123.135636,2,FALSE,FALSE,13084,NA,1783361883,2026-07-06T18:18:03Z,2026-07-06T18:18:03Z,2026-07-06T18:18:03Z,2.2,https://data.lime.bike/api/partners/v2/gbfs/vancouver_bc/gbfs.json,https://data.lime.bike/api/partners/v2/gbfs/vancouver_bc/free_bike_status,2026-07-06T18:18:00Z,2026-07-06T18:18:00Z
lime_vancouver,lime_vancouver_1281fe86-8998-4ae6-bfe6-e4d12f544647,1281fe86-8998-4ae6-bfe6-e4d12f544647,49.279621,-123.102434,2,FALSE,FALSE,11668,NA,1783361883,2026-07-06T18:18:03Z,2026-07-06T18:18:03Z,2026-07-06T18:18:03Z,2.2,https://data.lime.bike/api/partners/v2/gbfs/vancouver_bc/gbfs.json,https://data.lime.bike/api/partners/v2/gbfs/vancouver_bc/free_bike_status,2026-07-06T18:18:00Z,2026-07-06T18:18:00Z
lime_vancouver,lime_vancouver_9fcba05b-0f33-49e4-9cde-81bc394f2726,9fcba05b-0f33-49e4-9cde-81bc394f2726,49.269762,-123.135631,2,FALSE,FALSE,41940,NA,1783361883,2026-07-06T18:18:03Z,2026-07-06T18:18:03Z,2026-07-06T18:18:03Z,2.2,https://data.lime.bike/api/partners/v2/gbfs/vancouver_bc/gbfs.json,https://data.lime.bike/api/partners/v2/gbfs/vancouver_bc/free_bike_status,2026-07-06T18:18:00Z,2026-07-06T18:18:00Z
lime_vancouver,lime_vancouver_5e7b3672-c56d-441e-b334-a747dd679245,5e7b3672-c56d-441e-b334-a747dd679245,49.235423,-123.030923,2,FALSE,FALSE,43484,NA,1783361883,2026-07-06T18:18:03Z,2026-07-06T18:18:03Z,2026-07-06T18:18:03Z,2.2,https://data.lime.bike/api/partners/v2/gbfs/vancouver_bc/gbfs.json,https://data.lime.bike/api/partners/v2/gbfs/vancouver_bc/free_bike_status,2026-07-06T18:18:00Z,2026-07-06T18:18:00Z
lime_vancouver,lime_vancouver_25449704-e592-497f-9d38-6f0e637e6351,25449704-e592-497f-9d38-6f0e637e6351,49.238589,-123.051729,2,FALSE,FALSE,46043,NA,1783361883,2026-07-06T18:18:03Z,2026-07-06T18:18:03Z,2026-07-06T18:18:03Z,2.2,https://data.lime.bike/api/partners/v2/gbfs/vancouver_bc/gbfs.json,https://data.lime.bike/api/partners/v2/gbfs/vancouver_bc/free_bike_status,2026-07-06T18:18:00Z,2026-07-06T18:18:00Z
lime_vancouver,lime_vancouver_52b6c6da-f593-44d9-b822-c1b141119599,52b6c6da-f593-44d9-b822-c1b141119599,49.229197,-123.023975,2,FALSE,FALSE,3975,NA,1783361883,2026-07-06T18:18:03Z,2026-07-06T18:18:03Z,2026-07-06T18:18:03Z,2.2,https://data.lime.bike/api/partners/v2/gbfs/vancouver_bc/gbfs.json,https://data.lime.bike/api/partners/v2/gbfs/vancouver_bc/free_bike_status,2026-07-06T18:18:00Z,2026-07-06T18:18:00Z
lime_vancouver,lime_vancouver_98b7d07a-c2d8-4285-9dbb-4a6dfbec123e,98b7d07a-c2d8-4285-9dbb-4a6dfbec123e,49.266319,-123.104737,2,FALSE,FALSE,12601,NA,1783361883,2026-07-06T18:18:03Z,2026-07-06T18:18:03Z,2026-07-06T18:18:03Z,2.2,https://data.lime.bike/api/partners/v2/gbfs/vancouver_bc/gbfs.json,https://data.lime.bike/api/partners/v2/gbfs/vancouver_bc/free_bike_status,2026-07-06T18:18:00Z,2026-07-06T18:18:00Z
lime_vancouver,lime_vancouver_775c7055-7e2a-4a0e-aee8-83f9480adf0e,775c7055-7e2a-4a0e-aee8-83f9480adf0e,49.272333,-123.033945,2,FALSE,FALSE,5697,NA,1783361883,2026-07-06T18:18:03Z,2026-07-06T18:18:03Z,2026-07-06T18:18:03Z,2.2,https://data.lime.bike/api/partners/v2/gbfs/vancouver_bc/gbfs.json,https://data.lime.bike/api/partners/v2/gbfs/vancouver_bc/free_bike_status,2026-07-06T18:18:00Z,2026-07-06T18:18:00Z
lime_vancouver,lime_vancouver_aef92893-f985-4377-87ec-fe6475e3506b,aef92893-f985-4377-87ec-fe6475e3506b,49.271411,-123.146436,2,FALSE,FALSE,30111,NA,1783361883,2026-07-06T18:18:03Z,2026-07-06T18:18:03Z,2026-07-06T18:18:03Z,2.2,https://data.lime.bike/api/partners/v2/gbfs/vancouver_bc/gbfs.json,https://data.lime.bike/api/partners/v2/gbfs/vancouver_bc/free_bike_status,2026-07-06T18:18:00Z,2026-07-06T18:18:00Z
lime_vancouver,lime_vancouver_5c2cb605-83c7-489e-b55e-18da0692868b,5c2cb605-83c7-489e-b55e-18da0692868b,49.262214,-123.115508,2,FALSE,FALSE,34166,NA,1783361883,2026-07-06T18:18:03Z,2026-07-06T18:18:03Z,2026-07-06T18:18:03Z,2.2,https://data.lime.bike/api/partners/v2/gbfs/vancouver_bc/gbfs.json,https://data.lime.bike/api/partners/v2/gbfs/vancouver_bc/free_bike_status,2026-07-06T18:18:00Z,2026-07-06T18:18:00Z
lime_vancouver,lime_vancouver_1ca0ee67-2cf7-4ba7-b477-e59267d3ac2c,1ca0ee67-2cf7-4ba7-b477-e59267d3ac2c,49.23689,-123.074425,2,FALSE,FALSE,45528,NA,1783361883,2026-07-06T18:18:03Z,2026-07-06T18:18:03Z,2026-07-06T18:18:03Z,2.2,https://data.lime.bike/api/partners/v2/gbfs/vancouver_bc/gbfs.json,https://data.lime.bike/api/partners/v2/gbfs/vancouver_bc/free_bike_status,2026-07-06T18:18:00Z,2026-07-06T18:18:00Z
lime_vancouver,lime_vancouver_9c307d48-448b-449f-bf97-878b87d97275,9c307d48-448b-449f-bf97-878b87d97275,49.244809,-123.052131,2,FALSE,FALSE,10268,NA,1783361883,2026-07-06T18:18:03Z,2026-07-06T18:18:03Z,2026-07-06T18:18:03Z,2.2,https://data.lime.bike/api/partners/v2/gbfs/vancouver_bc/gbfs.json,https://data.lime.bike/api/partners/v2/gbfs/vancouver_bc/free_bike_status,2026-07-06T18:18:00Z,2026-07-06T18:18:00Z
lime_vancouver,lime_vancouver_d2fa93ce-8444-442f-85d8-b570e9b51529,d2fa93ce-8444-442f-85d8-b570e9b51529,49.286299,-123.122335,2,FALSE,FALSE,35196,NA,1783361883,2026-07-06T18:18:03Z,2026-07-06T18:18:03Z,2026-07-06T18:18:03Z,2.2,https://data.lime.bike/api/partners/v2/gbfs/vancouver_bc/gbfs.json,https://data.lime.bike/api/partners/v2/gbfs/vancouver_bc/free_bike_status,2026-07-06T18:18:00Z,2026-07-06T18:18:00Z
lime_vancouver,lime_vancouver_c98f4921-89d6-4f9e-8583-1aa402e63432,c98f4921-89d6-4f9e-8583-1aa402e63432,49.243531,-123.073629,2,FALSE,FALSE,10734,NA,1783361883,2026-07-06T18:18:03Z,2026-07-06T18:18:03Z,2026-07-06T18:18:03Z,2.2,https://data.lime.bike/api/partners/v2/gbfs/vancouver_bc/gbfs.json,https://data.lime.bike/api/partners/v2/gbfs/vancouver_bc/free_bike_status,2026-07-06T18:18:00Z,2026-07-06T18:18:00Z
lime_vancouver,lime_vancouver_e683d7c3-3011-4bb7-8c00-a82c97e64610,e683d7c3-3011-4bb7-8c00-a82c97e64610,49.283605,-123.112703,2,FALSE,FALSE,38833,NA,1783361883,2026-07-06T18:18:03Z,2026-07-06T18:18:03Z,2026-07-06T18:18:03Z,2.2,https://data.lime.bike/api/partners/v2/gbfs/vancouver_bc/gbfs.json,https://data.lime.bike/api/partners/v2/gbfs/vancouver_bc/free_bike_status,2026-07-06T18:18:00Z,2026-07-06T18:18:00Z
lime_vancouver,lime_vancouver_d5929446-55c1-4be4-9bb3-c117b40d2b8d,d5929446-55c1-4be4-9bb3-c117b40d2b8d,49.280207,-123.131648,2,FALSE,FALSE,2639,NA,1783361883,2026-07-06T18:18:03Z,2026-07-06T18:18:03Z,2026-07-06T18:18:03Z,2.2,https://data.lime.bike/api/partners/v2/gbfs/vancouver_bc/gbfs.json,https://data.lime.bike/api/partners/v2/gbfs/vancouver_bc/free_bike_status,2026-07-06T18:18:00Z,2026-07-06T18:18:00Z
lime_vancouver,lime_vancouver_32656d46-b41c-4827-a3f7-ee83b67ce84e,32656d46-b41c-4827-a3f7-ee83b67ce84e,49.264635,-123.148429,2,FALSE,FALSE,20728,NA,1783361883,2026-07-06T18:18:03Z,2026-07-06T18:18:03Z,2026-07-06T18:18:03Z,2.2,https://data.lime.bike/api/partners/v2/gbfs/vancouver_bc/gbfs.json,https://data.lime.bike/api/partners/v2/gbfs/vancouver_bc/free_bike_status,2026-07-06T18:18:00Z,2026-07-06T18:18:00Z
lime_vancouver,lime_vancouver_9d2420fc-d2bd-4fbd-acc1-2b7ebb878ee3,9d2420fc-d2bd-4fbd-acc1-2b7ebb878ee3,49.244528,-123.075958,2,FALSE,FALSE,13084,NA,1783361883,2026-07-06T18:18:03Z,2026-07-06T18:18:03Z,2026-07-06T18:18:03Z,2.2,https://data.lime.bike/api/partners/v2/gbfs/vancouver_bc/gbfs.json,https://data.lime.bike/api/partners/v2/gbfs/vancouver_bc/free_bike_status,2026-07-06T18:18:00Z,2026-07-06T18:18:00Z
lime_vancouver,lime_vancouver_9e3428b6-1933-43e6-a277-68e7bc120187,9e3428b6-1933-43e6-a277-68e7bc120187,49.244789,-123.045965,2,FALSE,FALSE,27600,NA,1783361883,2026-07-06T18:18:03Z,2026-07-06T18:18:03Z,2026-07-06T18:18:03Z,2.2,https://data.lime.bike/api/partners/v2/gbfs/vancouver_bc/gbfs.json,https://data.lime.bike/api/partners/v2/gbfs/vancouver_bc/free_bike_status,2026-07-06T18:18:00Z,2026-07-06T18:18:00Z
lime_vancouver,lime_vancouver_fcbc80e8-57d1-47b6-b1d7-e323f4b089e9,fcbc80e8-57d1-47b6-b1d7-e323f4b089e9,49.265317,-123.089405,2,FALSE,FALSE,14500,NA,1783361883,2026-07-06T18:18:03Z,2026-07-06T18:18:03Z,2026-07-06T18:18:03Z,2.2,https://data.lime.bike/api/partners/v2/gbfs/vancouver_bc/gbfs.json,https://data.lime.bike/api/partners/v2/gbfs/vancouver_bc/free_bike_status,2026-07-06T18:18:00Z,2026-07-06T18:18:00Z
lime_vancouver,lime_vancouver_23356059-6b49-48c1-803e-3ad36548301f,23356059-6b49-48c1-803e-3ad36548301f,49.285517,-123.046795,2,FALSE,FALSE,43484,NA,1783361883,2026-07-06T18:18:03Z,2026-07-06T18:18:03Z,2026-07-06T18:18:03Z,2.2,https://data.lime.bike/api/partners/v2/gbfs/vancouver_bc/gbfs.json,https://data.lime.bike/api/partners/v2/gbfs/vancouver_bc/free_bike_status,2026-07-06T18:18:00Z,2026-07-06T18:18:00Z
lime_vancouver,lime_vancouver_cc266be9-aebd-47dc-9793-462dff4c557d,cc266be9-aebd-47dc-9793-462dff4c557d,49.281628,-123.123693,2,FALSE,FALSE,47073,NA,1783361883,2026-07-06T18:18:03Z,2026-07-06T18:18:03Z,2026-07-06T18:18:03Z,2.2,https://data.lime.bike/api/partners/v2/gbfs/vancouver_bc/gbfs.json,https://data.lime.bike/api/partners/v2/gbfs/vancouver_bc/free_bike_status,2026-07-06T18:18:00Z,2026-07-06T18:18:00Z
lime_vancouver,lime_vancouver_29fe05b7-0bdf-4fec-b767-3c8c961ba8c0,29fe05b7-0bdf-4fec-b767-3c8c961ba8c0,49.288081,-123.115817,2,FALSE,FALSE,19763,NA,1783361883,2026-07-06T18:18:03Z,2026-07-06T18:18:03Z,2026-07-06T18:18:03Z,2.2,https://data.lime.bike/api/partners/v2/gbfs/vancouver_bc/gbfs.json,https://data.lime.bike/api/partners/v2/gbfs/vancouver_bc/free_bike_status,2026-07-06T18:18:00Z,2026-07-06T18:18:00Z
lime_vancouver,lime_vancouver_81ed4670-76c9-4ba0-b70a-e945c25e57a7,81ed4670-76c9-4ba0-b70a-e945c25e57a7,49.227592,-123.066033,2,FALSE,FALSE,15450,NA,1783361883,2026-07-06T18:18:03Z,2026-07-06T18:18:03Z,2026-07-06T18:18:03Z,2.2,https://data.lime.bike/api/partners/v2/gbfs/vancouver_bc/gbfs.json,https://data.lime.bike/api/partners/v2/gbfs/vancouver_bc/free_bike_status,2026-07-06T18:18:00Z,2026-07-06T18:18:00Z
lime_vancouver,lime_vancouver_b5c774a6-feba-44b5-bac5-8425bacb4934,b5c774a6-feba-44b5-bac5-8425bacb4934,49.242907,-123.031164,2,FALSE,FALSE,42969,NA,1783361883,2026-07-06T18:18:03Z,2026-07-06T18:18:03Z,2026-07-06T18:18:03Z,2.2,https://data.lime.bike/api/partners/v2/gbfs/vancouver_bc/gbfs.json,https://data.lime.bike/api/partners/v2/gbfs/vancouver_bc/free_bike_status,2026-07-06T18:18:00Z,2026-07-06T18:18:00Z
lime_vancouver,lime_vancouver_7f1ce820-860f-4a08-a480-830575eaa266,7f1ce820-860f-4a08-a480-830575eaa266,49.263625,-123.157611,2,FALSE,FALSE,6132,NA,1783361883,2026-07-06T18:18:03Z,2026-07-06T18:18:03Z,2026-07-06T18:18:03Z,2.2,https://data.lime.bike/api/partners/v2/gbfs/vancouver_bc/gbfs.json,https://data.lime.bike/api/partners/v2/gbfs/vancouver_bc/free_bike_status,2026-07-06T18:18:00Z,2026-07-06T18:18:00Z
lime_vancouver,lime_vancouver_edfa0e29-6799-4470-aa78-a6e65f321648,edfa0e29-6799-4470-aa78-a6e65f321648,49.26924,-123.150358,2,FALSE,FALSE,31125,NA,1783361883,2026-07-06T18:18:03Z,2026-07-06T18:18:03Z,2026-07-06T18:18:03Z,2.2,https://data.lime.bike/api/partners/v2/gbfs/vancouver_bc/gbfs.json,https://data.lime.bike/api/partners/v2/gbfs/vancouver_bc/free_bike_status,2026-07-06T18:18:00Z,2026-07-06T18:18:00Z
lime_vancouver,lime_vancouver_46cf1c48-b126-4277-bd6f-8e4de6338cba,46cf1c48-b126-4277-bd6f-8e4de6338cba,49.271356,-123.057935,2,FALSE,FALSE,14500,NA,1783361883,2026-07-06T18:18:03Z,2026-07-06T18:18:03Z,2026-07-06T18:18:03Z,2.2,https://data.lime.bike/api/partners/v2/gbfs/vancouver_bc/gbfs.json,https://data.lime.bike/api/partners/v2/gbfs/vancouver_bc/free_bike_status,2026-07-06T18:18:00Z,2026-07-06T18:18:00Z
lime_vancouver,lime_vancouver_56caed3e-c6ba-4deb-8e09-b9f9a89fa4d2,56caed3e-c6ba-4deb-8e09-b9f9a89fa4d2,49.266328,-123.084805,2,FALSE,FALSE,37272,NA,1783361883,2026-07-06T18:18:03Z,2026-07-06T18:18:03Z,2026-07-06T18:18:03Z,2.2,https://data.lime.bike/api/partners/v2/gbfs/vancouver_bc/gbfs.json,https://data.lime.bike/api/partners/v2/gbfs/vancouver_bc/free_bike_status,2026-07-06T18:18:00Z,2026-07-06T18:18:00Z
lime_vancouver,lime_vancouver_3345fdca-d2e1-4546-9997-3c61c8e5bb6e,3345fdca-d2e1-4546-9997-3c61c8e5bb6e,49.266674,-123.109424,2,FALSE,FALSE,14010,NA,1783361883,2026-07-06T18:18:03Z,2026-07-06T18:18:03Z,2026-07-06T18:18:03Z,2.2,https://data.lime.bike/api/partners/v2/gbfs/vancouver_bc/gbfs.json,https://data.lime.bike/api/partners/v2/gbfs/vancouver_bc/free_bike_status,2026-07-06T18:18:00Z,2026-07-06T18:18:00Z
lime_vancouver,lime_vancouver_c08f3b38-be82-4bbf-947a-fb03cb20180b,c08f3b38-be82-4bbf-947a-fb03cb20180b,49.258756,-123.057149,2,FALSE,FALSE,32637,NA,1783361883,2026-07-06T18:18:03Z,2026-07-06T18:18:03Z,2026-07-06T18:18:03Z,2.2,https://data.lime.bike/api/partners/v2/gbfs/vancouver_bc/gbfs.json,https://data.lime.bike/api/partners/v2/gbfs/vancouver_bc/free_bike_status,2026-07-06T18:18:00Z,2026-07-06T18:18:00Z
lime_vancouver,lime_vancouver_8ec6774b-6055-42e3-8430-716c47dcd46f,8ec6774b-6055-42e3-8430-716c47dcd46f,49.286076,-123.122342,2,FALSE,FALSE,41940,NA,1783361883,2026-07-06T18:18:03Z,2026-07-06T18:18:03Z,2026-07-06T18:18:03Z,2.2,https://data.lime.bike/api/partners/v2/gbfs/vancouver_bc/gbfs.json,https://data.lime.bike/api/partners/v2/gbfs/vancouver_bc/free_bike_status,2026-07-06T18:18:00Z,2026-07-06T18:18:00Z
lime_vancouver,lime_vancouver_c7a81eb9-9dbc-4716-94cb-16bd8aea410d,c7a81eb9-9dbc-4716-94cb-16bd8aea410d,49.2817,-123.07417,2,FALSE,FALSE,14967,NA,1783361883,2026-07-06T18:18:03Z,2026-07-06T18:18:03Z,2026-07-06T18:18:03Z,2.2,https://data.lime.bike/api/partners/v2/gbfs/vancouver_bc/gbfs.json,https://data.lime.bike/api/partners/v2/gbfs/vancouver_bc/free_bike_status,2026-07-06T18:18:00Z,2026-07-06T18:18:00Z
lime_vancouver,lime_vancouver_fc6b1335-5dd2-43ea-a6d3-3ad54bbcbd81,fc6b1335-5dd2-43ea-a6d3-3ad54bbcbd81,49.265471,-123.143589,2,FALSE,FALSE,17832,NA,1783361883,2026-07-06T18:18:03Z,2026-07-06T18:18:03Z,2026-07-06T18:18:03Z,2.2,https://data.lime.bike/api/partners/v2/gbfs/vancouver_bc/gbfs.json,https://data.lime.bike/api/partners/v2/gbfs/vancouver_bc/free_bike_status,2026-07-06T18:18:00Z,2026-07-06T18:18:00Z
lime_vancouver,lime_vancouver_911d08eb-665e-4924-addc-265594700bea,911d08eb-665e-4924-addc-265594700bea,49.265035,-123.117492,2,FALSE,FALSE,25122,NA,1783361883,2026-07-06T18:18:03Z,2026-07-06T18:18:03Z,2026-07-06T18:18:03Z,2.2,https://data.lime.bike/api/partners/v2/gbfs/vancouver_bc/gbfs.json,https://data.lime.bike/api/partners/v2/gbfs/vancouver_bc/free_bike_status,2026-07-06T18:18:00Z,2026-07-06T18:18:00Z
lime_vancouver,lime_vancouver_952f9ff3-2ac9-4602-a601-2fcc71e5fe98,952f9ff3-2ac9-4602-a601-2fcc71e5fe98,49.257747,-123.073551,2,FALSE,FALSE,37272,NA,1783361883,2026-07-06T18:18:03Z,2026-07-06T18:18:03Z,2026-07-06T18:18:03Z,2.2,https://data.lime.bike/api/partners/v2/gbfs/vancouver_bc/gbfs.json,https://data.lime.bike/api/partners/v2/gbfs/vancouver_bc/free_bike_status,2026-07-06T18:18:00Z,2026-07-06T18:18:00Z
lime_vancouver,lime_vancouver_68595f64-97ed-4540-9c59-c773c6240dd3,68595f64-97ed-4540-9c59-c773c6240dd3,49.269747,-123.135606,2,FALSE,FALSE,33152,NA,1783361883,2026-07-06T18:18:03Z,2026-07-06T18:18:03Z,2026-07-06T18:18:03Z,2.2,https://data.lime.bike/api/partners/v2/gbfs/vancouver_bc/gbfs.json,https://data.lime.bike/api/partners/v2/gbfs/vancouver_bc/free_bike_status,2026-07-06T18:18:00Z,2026-07-06T18:18:00Z
lime_vancouver,lime_vancouver_d94b5cba-d539-4bce-aefb-900a140997c4,d94b5cba-d539-4bce-aefb-900a140997c4,49.280549,-123.117315,2,FALSE,FALSE,20246,NA,1783361883,2026-07-06T18:18:03Z,2026-07-06T18:18:03Z,2026-07-06T18:18:03Z,2.2,https://data.lime.bike/api/partners/v2/gbfs/vancouver_bc/gbfs.json,https://data.lime.bike/api/partners/v2/gbfs/vancouver_bc/free_bike_status,2026-07-06T18:18:00Z,2026-07-06T18:18:00Z
lime_vancouver,lime_vancouver_d9e47b86-4972-4608-b287-63bc7801a3da,d9e47b86-4972-4608-b287-63bc7801a3da,49.266298,-123.104757,2,FALSE,FALSE,5246,NA,1783361883,2026-07-06T18:18:03Z,2026-07-06T18:18:03Z,2026-07-06T18:18:03Z,2.2,https://data.lime.bike/api/partners/v2/gbfs/vancouver_bc/gbfs.json,https://data.lime.bike/api/partners/v2/gbfs/vancouver_bc/free_bike_status,2026-07-06T18:18:00Z,2026-07-06T18:18:00Z
lime_vancouver,lime_vancouver_6fa9cfff-01a2-4e9f-a336-e0b80a81de57,6fa9cfff-01a2-4e9f-a336-e0b80a81de57,49.267532,-123.036165,2,FALSE,FALSE,42969,NA,1783361883,2026-07-06T18:18:03Z,2026-07-06T18:18:03Z,2026-07-06T18:18:03Z,2.2,https://data.lime.bike/api/partners/v2/gbfs/vancouver_bc/gbfs.json,https://data.lime.bike/api/partners/v2/gbfs/vancouver_bc/free_bike_status,2026-07-06T18:18:00Z,2026-07-06T18:18:00Z
lime_vancouver,lime_vancouver_e97e1ef5-35e0-45dd-a44c-4c49a6eb2152,e97e1ef5-35e0-45dd-a44c-4c49a6eb2152,49.279796,-123.110358,2,FALSE,FALSE,26104,NA,1783361883,2026-07-06T18:18:03Z,2026-07-06T18:18:03Z,2026-07-06T18:18:03Z,2.2,https://data.lime.bike/api/partners/v2/gbfs/vancouver_bc/gbfs.json,https://data.lime.bike/api/partners/v2/gbfs/vancouver_bc/free_bike_status,2026-07-06T18:18:00Z,2026-07-06T18:18:00Z
lime_vancouver,lime_vancouver_c88bcc65-72fd-4b48-a079-27fbfad2e01b,c88bcc65-72fd-4b48-a079-27fbfad2e01b,49.286957,-123.125717,2,FALSE,FALSE,3492,NA,1783361883,2026-07-06T18:18:03Z,2026-07-06T18:18:03Z,2026-07-06T18:18:03Z,2.2,https://data.lime.bike/api/partners/v2/gbfs/vancouver_bc/gbfs.json,https://data.lime.bike/api/partners/v2/gbfs/vancouver_bc/free_bike_status,2026-07-06T18:18:00Z,2026-07-06T18:18:00Z
lime_vancouver,lime_vancouver_938fc8c9-309c-4ea9-aeaa-92a3da01aa44,938fc8c9-309c-4ea9-aeaa-92a3da01aa44,49.286353,-123.12207,2,FALSE,FALSE,23158,NA,1783361883,2026-07-06T18:18:03Z,2026-07-06T18:18:03Z,2026-07-06T18:18:03Z,2.2,https://data.lime.bike/api/partners/v2/gbfs/vancouver_bc/gbfs.json,https://data.lime.bike/api/partners/v2/gbfs/vancouver_bc/free_bike_status,2026-07-06T18:18:00Z,2026-07-06T18:18:00Z
lime_vancouver,lime_vancouver_59517788-d51b-439a-998f-cbc6170803cc,59517788-d51b-439a-998f-cbc6170803cc,49.271025,-123.135489,2,FALSE,FALSE,33152,NA,1783361883,2026-07-06T18:18:03Z,2026-07-06T18:18:03Z,2026-07-06T18:18:03Z,2.2,https://data.lime.bike/api/partners/v2/gbfs/vancouver_bc/gbfs.json,https://data.lime.bike/api/partners/v2/gbfs/vancouver_bc/free_bike_status,2026-07-06T18:18:00Z,2026-07-06T18:18:00Z
lime_vancouver,lime_vancouver_308a8290-8d19-4437-8a2d-2ce3da285281,308a8290-8d19-4437-8a2d-2ce3da285281,49.266696,-123.112325,2,FALSE,FALSE,4796,NA,1783361883,2026-07-06T18:18:03Z,2026-07-06T18:18:03Z,2026-07-06T18:18:03Z,2.2,https://data.lime.bike/api/partners/v2/gbfs/vancouver_bc/gbfs.json,https://data.lime.bike/api/partners/v2/gbfs/vancouver_bc/free_bike_status,2026-07-06T18:18:00Z,2026-07-06T18:18:00Z
lime_vancouver,lime_vancouver_0a23b666-034b-468b-9f1b-2347661656b7,0a23b666-034b-468b-9f1b-2347661656b7,49.283751,-123.0979,2,FALSE,FALSE,18797,NA,1783361883,2026-07-06T18:18:03Z,2026-07-06T18:18:03Z,2026-07-06T18:18:03Z,2.2,https://data.lime.bike/api/partners/v2/gbfs/vancouver_bc/gbfs.json,https://data.lime.bike/api/partners/v2/gbfs/vancouver_bc/free_bike_status,2026-07-06T18:18:00Z,2026-07-06T18:18:00Z
lime_vancouver,lime_vancouver_627f99ee-a051-4c52-be14-b9e115270603,627f99ee-a051-4c52-be14-b9e115270603,49.275955,-123.145678,2,FALSE,FALSE,37272,NA,1783361883,2026-07-06T18:18:03Z,2026-07-06T18:18:03Z,2026-07-06T18:18:03Z,2.2,https://data.lime.bike/api/partners/v2/gbfs/vancouver_bc/gbfs.json,https://data.lime.bike/api/partners/v2/gbfs/vancouver_bc/free_bike_status,2026-07-06T18:18:00Z,2026-07-06T18:18:00Z
lime_vancouver,lime_vancouver_bb704c21-a621-48ec-871b-96ff2b488d6c,bb704c21-a621-48ec-871b-96ff2b488d6c,49.267977,-123.155205,2,FALSE,FALSE,7049,NA,1783361883,2026-07-06T18:18:03Z,2026-07-06T18:18:03Z,2026-07-06T18:18:03Z,2.2,https://data.lime.bike/api/partners/v2/gbfs/vancouver_bc/gbfs.json,https://data.lime.bike/api/partners/v2/gbfs/vancouver_bc/free_bike_status,2026-07-06T18:18:00Z,2026-07-06T18:18:00Z
lime_vancouver,lime_vancouver_751b81fc-1f34-4dc1-9cdd-7d0505ede7b6,751b81fc-1f34-4dc1-9cdd-7d0505ede7b6,49.274108,-123.125217,2,FALSE,FALSE,41940,NA,1783361883,2026-07-06T18:18:03Z,2026-07-06T18:18:03Z,2026-07-06T18:18:03Z,2.2,https://data.lime.bike/api/partners/v2/gbfs/vancouver_bc/gbfs.json,https://data.lime.bike/api/partners/v2/gbfs/vancouver_bc/free_bike_status,2026-07-06T18:18:00Z,2026-07-06T18:18:00Z
lime_vancouver,lime_vancouver_df9a3f86-37c9-45b9-8a44-0c22402b83c4,df9a3f86-37c9-45b9-8a44-0c22402b83c4,49.268081,-123.155237,2,FALSE,FALSE,35196,NA,1783361883,2026-07-06T18:18:03Z,2026-07-06T18:18:03Z,2026-07-06T18:18:03Z,2.2,https://data.lime.bike/api/partners/v2/gbfs/vancouver_bc/gbfs.json,https://data.lime.bike/api/partners/v2/gbfs/vancouver_bc/free_bike_status,2026-07-06T18:18:00Z,2026-07-06T18:18:00Z
lime_vancouver,lime_vancouver_04278f22-5dcc-4367-a561-72c871b66af9,04278f22-5dcc-4367-a561-72c871b66af9,49.264946,-123.16427,2,FALSE,FALSE,39880,NA,1783361883,2026-07-06T18:18:03Z,2026-07-06T18:18:03Z,2026-07-06T18:18:03Z,2.2,https://data.lime.bike/api/partners/v2/gbfs/vancouver_bc/gbfs.json,https://data.lime.bike/api/partners/v2/gbfs/vancouver_bc/free_bike_status,2026-07-06T18:18:00Z,2026-07-06T18:18:00Z
lime_vancouver,lime_vancouver_0d1b2c32-b7c3-467f-9bca-44c9cb9e2944,0d1b2c32-b7c3-467f-9bca-44c9cb9e2944,49.26969,-123.131931,2,FALSE,FALSE,23641,NA,1783361883,2026-07-06T18:18:03Z,2026-07-06T18:18:03Z,2026-07-06T18:18:03Z,2.2,https://data.lime.bike/api/partners/v2/gbfs/vancouver_bc/gbfs.json,https://data.lime.bike/api/partners/v2/gbfs/vancouver_bc/free_bike_status,2026-07-06T18:18:00Z,2026-07-06T18:18:00Z
lime_vancouver,lime_vancouver_9362a208-d362-4376-a57e-046df49c398f,9362a208-d362-4376-a57e-046df49c398f,49.267803,-123.069277,2,FALSE,FALSE,32139,NA,1783361883,2026-07-06T18:18:03Z,2026-07-06T18:18:03Z,2026-07-06T18:18:03Z,2.2,https://data.lime.bike/api/partners/v2/gbfs/vancouver_bc/gbfs.json,https://data.lime.bike/api/partners/v2/gbfs/vancouver_bc/free_bike_status,2026-07-06T18:18:00Z,2026-07-06T18:18:00Z
lime_vancouver,lime_vancouver_181c4064-0287-4a8e-bec1-e018d8e0ce80,181c4064-0287-4a8e-bec1-e018d8e0ce80,49.262695,-123.155326,2,FALSE,FALSE,34166,NA,1783361883,2026-07-06T18:18:03Z,2026-07-06T18:18:03Z,2026-07-06T18:18:03Z,2.2,https://data.lime.bike/api/partners/v2/gbfs/vancouver_bc/gbfs.json,https://data.lime.bike/api/partners/v2/gbfs/vancouver_bc/free_bike_status,2026-07-06T18:18:00Z,2026-07-06T18:18:00Z
lime_vancouver,lime_vancouver_66380254-347d-415e-a171-75e9d41913e6,66380254-347d-415e-a171-75e9d41913e6,49.262267,-123.115648,2,FALSE,FALSE,4796,NA,1783361883,2026-07-06T18:18:03Z,2026-07-06T18:18:03Z,2026-07-06T18:18:03Z,2.2,https://data.lime.bike/api/partners/v2/gbfs/vancouver_bc/gbfs.json,https://data.lime.bike/api/partners/v2/gbfs/vancouver_bc/free_bike_status,2026-07-06T18:18:00Z,2026-07-06T18:18:00Z
lime_vancouver,lime_vancouver_04214a32-891e-46a1-afb7-e261cf001a40,04214a32-891e-46a1-afb7-e261cf001a40,49.26669,-123.115655,2,FALSE,FALSE,8417,NA,1783361883,2026-07-06T18:18:03Z,2026-07-06T18:18:03Z,2026-07-06T18:18:03Z,2.2,https://data.lime.bike/api/partners/v2/gbfs/vancouver_bc/gbfs.json,https://data.lime.bike/api/partners/v2/gbfs/vancouver_bc/free_bike_status,2026-07-06T18:18:00Z,2026-07-06T18:18:00Z
lime_vancouver,lime_vancouver_ba55c4cf-bc46-4b0c-9230-ddc3b32e1c42,ba55c4cf-bc46-4b0c-9230-ddc3b32e1c42,49.23584,-123.055178,2,FALSE,FALSE,10268,NA,1783361883,2026-07-06T18:18:03Z,2026-07-06T18:18:03Z,2026-07-06T18:18:03Z,2.2,https://data.lime.bike/api/partners/v2/gbfs/vancouver_bc/gbfs.json,https://data.lime.bike/api/partners/v2/gbfs/vancouver_bc/free_bike_status,2026-07-06T18:18:00Z,2026-07-06T18:18:00Z
lime_vancouver,lime_vancouver_ea1d3ef3-ad08-4ce3-9894-1545173b68e0,ea1d3ef3-ad08-4ce3-9894-1545173b68e0,49.276461,-123.128256,2,FALSE,FALSE,9334,NA,1783361883,2026-07-06T18:18:03Z,2026-07-06T18:18:03Z,2026-07-06T18:18:03Z,2.2,https://data.lime.bike/api/partners/v2/gbfs/vancouver_bc/gbfs.json,https://data.lime.bike/api/partners/v2/gbfs/vancouver_bc/free_bike_status,2026-07-06T18:18:00Z,2026-07-06T18:18:00Z
lime_vancouver,lime_vancouver_1501efb9-1f02-4841-a2f3-71d71683fd6d,1501efb9-1f02-4841-a2f3-71d71683fd6d,49.286494,-123.122307,2,FALSE,FALSE,39880,NA,1783361883,2026-07-06T18:18:03Z,2026-07-06T18:18:03Z,2026-07-06T18:18:03Z,2.2,https://data.lime.bike/api/partners/v2/gbfs/vancouver_bc/gbfs.json,https://data.lime.bike/api/partners/v2/gbfs/vancouver_bc/free_bike_status,2026-07-06T18:18:00Z,2026-07-06T18:18:00Z
lime_vancouver,lime_vancouver_42a21d8e-b4a9-47ac-a8e4-b2f87945dd11,42a21d8e-b4a9-47ac-a8e4-b2f87945dd11,49.269684,-123.132106,2,FALSE,FALSE,12134,NA,1783361883,2026-07-06T18:18:03Z,2026-07-06T18:18:03Z,2026-07-06T18:18:03Z,2.2,https://data.lime.bike/api/partners/v2/gbfs/vancouver_bc/gbfs.json,https://data.lime.bike/api/partners/v2/gbfs/vancouver_bc/free_bike_status,2026-07-06T18:18:00Z,2026-07-06T18:18:00Z
lime_vancouver,lime_vancouver_ebe18400-ee3f-4cc9-80f9-53143f56c1a1,ebe18400-ee3f-4cc9-80f9-53143f56c1a1,49.235376,-123.030871,2,FALSE,FALSE,5246,NA,1783361883,2026-07-06T18:18:03Z,2026-07-06T18:18:03Z,2026-07-06T18:18:03Z,2.2,https://data.lime.bike/api/partners/v2/gbfs/vancouver_bc/gbfs.json,https://data.lime.bike/api/partners/v2/gbfs/vancouver_bc/free_bike_status,2026-07-06T18:18:00Z,2026-07-06T18:18:00Z
lime_vancouver,lime_vancouver_13211d41-545a-46d7-98f9-90590cc13338,13211d41-545a-46d7-98f9-90590cc13338,49.28361,-123.112708,2,FALSE,FALSE,10734,NA,1783361883,2026-07-06T18:18:03Z,2026-07-06T18:18:03Z,2026-07-06T18:18:03Z,2.2,https://data.lime.bike/api/partners/v2/gbfs/vancouver_bc/gbfs.json,https://data.lime.bike/api/partners/v2/gbfs/vancouver_bc/free_bike_status,2026-07-06T18:18:00Z,2026-07-06T18:18:00Z
lime_vancouver,lime_vancouver_de4d3789-2261-49b2-acd3-0208d0a88b86,de4d3789-2261-49b2-acd3-0208d0a88b86,49.288275,-123.115985,2,FALSE,FALSE,4361,NA,1783361883,2026-07-06T18:18:03Z,2026-07-06T18:18:03Z,2026-07-06T18:18:03Z,2.2,https://data.lime.bike/api/partners/v2/gbfs/vancouver_bc/gbfs.json,https://data.lime.bike/api/partners/v2/gbfs/vancouver_bc/free_bike_status,2026-07-06T18:18:00Z,2026-07-06T18:18:00Z
lime_vancouver,lime_vancouver_4a33ecdc-b078-41c8-a88b-b6ac4cc02f77,4a33ecdc-b078-41c8-a88b-b6ac4cc02f77,49.263777,-123.096933,2,FALSE,FALSE,25122,NA,1783361883,2026-07-06T18:18:03Z,2026-07-06T18:18:03Z,2026-07-06T18:18:03Z,2.2,https://data.lime.bike/api/partners/v2/gbfs/vancouver_bc/gbfs.json,https://data.lime.bike/api/partners/v2/gbfs/vancouver_bc/free_bike_status,2026-07-06T18:18:00Z,2026-07-06T18:18:00Z
lime_vancouver,lime_vancouver_1838ff6b-c363-4b37-96b7-c8c721c916ae,1838ff6b-c363-4b37-96b7-c8c721c916ae,49.281954,-123.120318,2,FALSE,FALSE,19280,NA,1783361883,2026-07-06T18:18:03Z,2026-07-06T18:18:03Z,2026-07-06T18:18:03Z,2.2,https://data.lime.bike/api/partners/v2/gbfs/vancouver_bc/gbfs.json,https://data.lime.bike/api/partners/v2/gbfs/vancouver_bc/free_bike_status,2026-07-06T18:18:00Z,2026-07-06T18:18:00Z
lime_vancouver,lime_vancouver_7f30bb2b-caf7-47a6-90bb-483f2134d087,7f30bb2b-caf7-47a6-90bb-483f2134d087,49.280126,-123.117739,2,FALSE,FALSE,23158,NA,1783361883,2026-07-06T18:18:03Z,2026-07-06T18:18:03Z,2026-07-06T18:18:03Z,2.2,https://data.lime.bike/api/partners/v2/gbfs/vancouver_bc/gbfs.json,https://data.lime.bike/api/partners/v2/gbfs/vancouver_bc/free_bike_status,2026-07-06T18:18:00Z,2026-07-06T18:18:00Z
lime_vancouver,lime_vancouver_90a3daad-b25c-4f60-b641-7107d0badb4d,90a3daad-b25c-4f60-b641-7107d0badb4d,49.285034,-123.095199,2,FALSE,FALSE,35196,NA,1783361883,2026-07-06T18:18:03Z,2026-07-06T18:18:03Z,2026-07-06T18:18:03Z,2.2,https://data.lime.bike/api/partners/v2/gbfs/vancouver_bc/gbfs.json,https://data.lime.bike/api/partners/v2/gbfs/vancouver_bc/free_bike_status,2026-07-06T18:18:00Z,2026-07-06T18:18:00Z
lime_vancouver,lime_vancouver_eec9bea5-e80c-4106-a67a-c73446c91cb4,eec9bea5-e80c-4106-a67a-c73446c91cb4,49.235256,-123.037587,2,FALSE,FALSE,8884,NA,1783361883,2026-07-06T18:18:03Z,2026-07-06T18:18:03Z,2026-07-06T18:18:03Z,2.2,https://data.lime.bike/api/partners/v2/gbfs/vancouver_bc/gbfs.json,https://data.lime.bike/api/partners/v2/gbfs/vancouver_bc/free_bike_status,2026-07-06T18:18:00Z,2026-07-06T18:18:00Z
lime_vancouver,lime_vancouver_9d304e21-920b-4eb8-91e1-4cb815f08c8c,9d304e21-920b-4eb8-91e1-4cb815f08c8c,49.274576,-123.087036,2,FALSE,FALSE,21211,NA,1783361883,2026-07-06T18:18:03Z,2026-07-06T18:18:03Z,2026-07-06T18:18:03Z,2.2,https://data.lime.bike/api/partners/v2/gbfs/vancouver_bc/gbfs.json,https://data.lime.bike/api/partners/v2/gbfs/vancouver_bc/free_bike_status,2026-07-06T18:18:00Z,2026-07-06T18:18:00Z
lime_vancouver,lime_vancouver_320d6a20-d6c3-42d7-ba67-8a86494a8c08,320d6a20-d6c3-42d7-ba67-8a86494a8c08,49.269619,-123.135754,2,FALSE,FALSE,37787,NA,1783361883,2026-07-06T18:18:03Z,2026-07-06T18:18:03Z,2026-07-06T18:18:03Z,2.2,https://data.lime.bike/api/partners/v2/gbfs/vancouver_bc/gbfs.json,https://data.lime.bike/api/partners/v2/gbfs/vancouver_bc/free_bike_status,2026-07-06T18:18:00Z,2026-07-06T18:18:00Z
lime_vancouver,lime_vancouver_aad75478-8910-4ca7-a69f-a837056c85b2,aad75478-8910-4ca7-a69f-a837056c85b2,49.242368,-123.049113,2,FALSE,FALSE,23158,NA,1783361883,2026-07-06T18:18:03Z,2026-07-06T18:18:03Z,2026-07-06T18:18:03Z,2.2,https://data.lime.bike/api/partners/v2/gbfs/vancouver_bc/gbfs.json,https://data.lime.bike/api/partners/v2/gbfs/vancouver_bc/free_bike_status,2026-07-06T18:18:00Z,2026-07-06T18:18:00Z
